-0.396400 0.288322 2.671704 1.000000
-0.053185 0.314565 2.648465 1.000000
-0.239255 0.361259 2.514035 0.000000
-0.209553 0.167269 2.733639 0.000000
-0.379835 -0.051191 2.598659 0.711538
-0.037339 -0.042842 2.582042 0.865385
-0.202863 -0.053753 2.704946 0.000000
-0.449725 0.024028 2.664155 1.000000
0.016634 0.054116 2.655103 1.000000
-0.412749 -0.256589 2.632526 1.000000
0.012838 -0.227046 2.609856 1.000000
-0.390451 -0.317367 2.622670 0.459135
-0.007841 -0.287960 2.597605 0.576923
-0.292138 -0.546809 2.704984 1.000000
-0.092026 -0.546661 2.675933 1.000000
-0.289162 -0.949913 2.761090 1.000000
-0.069764 -0.947020 2.745693 1.000000
-0.295885 -0.971706 2.604871 0.000000
-0.076508 -0.974459 2.590368 0.000000
-0.228388 0.565582 2.555891 1.000000
-0.392930 0.293253 2.672381 1.000000
-0.049342 0.312719 2.648024 1.000000
-0.234865 0.362105 2.513799 0.000000
-0.208273 0.169030 2.734606 0.000000
-0.381677 -0.048343 2.597993 0.240385
-0.039106 -0.042346 2.581926 0.894231
-0.204888 -0.052830 2.704519 0.000000
-0.448675 0.029843 2.668644 1.000000
0.016126 0.051700 2.657475 1.000000
-0.418060 -0.249870 2.627875 1.000000
0.006689 -0.228381 2.609472 1.000000
-0.400043 -0.312825 2.628380 0.560096
-0.013679 -0.290014 2.600827 0.610577
-0.294282 -0.544229 2.705695 1.000000
-0.094900 -0.545206 2.676596 1.000000
-0.290588 -0.948835 2.749626 1.000000
-0.070428 -0.945901 2.743631 1.000000
-0.297451 -0.965922 2.592829 0.000000
-0.077369 -0.972338 2.588140 0.000000
-0.227784 0.564793 2.551341 1.000000
-0.396991 0.295847 2.678999 1.000000
-0.053528 0.304117 2.647532 1.000000
-0.240042 0.362272 2.518286 0.000000
-0.215426 0.164293 2.734940 0.000000
-0.383265 -0.048923 2.603386 0.326923
-0.041530 -0.041698 2.574856 0.769231
-0.202707 -0.052278 2.703435 0.000000
-0.449092 0.031513 2.669756 1.000000
0.014925 0.043516 2.656115 1.000000
-0.417009 -0.249426 2.637072 1.000000
0.004377 -0.236295 2.604938 1.000000
-0.402591 -0.312948 2.630345 0.543269
-0.014286 -0.299063 2.605309 0.846154
-0.292827 -0.545353 2.704641 1.000000
-0.094360 -0.544113 2.676083 1.000000
-0.289697 -0.949835 2.749737 1.000000
-0.072071 -0.944002 2.748481 1.000000
-0.301986 -0.967369 2.593320 0.000000
-0.084249 -0.972701 2.593714 0.000000
-0.227456 0.551312 2.538824 1.000000
-0.394205 0.296049 2.680572 1.000000
-0.051262 0.314284 2.647676 1.000000
-0.239925 0.367353 2.519366 0.000000
-0.208689 0.169645 2.735414 0.000000
-0.386736 -0.045175 2.607201 0.240385
-0.045513 -0.038131 2.573049 0.663462
-0.204557 -0.048629 2.704264 0.000000
-0.447512 0.031710 2.666137 1.000000
0.012738 0.052238 2.660359 1.000000
-0.420112 -0.250862 2.639532 1.000000
0.005878 -0.228020 2.608262 1.000000
-0.406931 -0.314637 2.632654 0.459135
-0.012411 -0.290343 2.599915 0.677885
-0.298211 -0.542250 2.704210 1.000000
-0.095944 -0.540323 2.675464 1.000000
-0.291824 -0.946816 2.748196 1.000000
-0.071252 -0.940376 2.746150 1.000000
-0.306981 -0.964037 2.591996 0.000000
-0.086080 -0.968611 2.591530 0.000000
-0.226741 0.558743 2.543164 1.000000
-0.400537 0.294884 2.675348 1.000000
-0.056470 0.306759 2.652941 1.000000
-0.240126 0.365123 2.519757 0.000000
-0.219235 0.164178 2.734059 0.000000
-0.385784 -0.046631 2.613600 0.230769
-0.045841 -0.038784 2.568588 0.509615
-0.200578 -0.050895 2.704721 0.000000
-0.446631 0.029405 2.661410 1.000000
0.011548 0.045677 2.655770 1.000000
-0.419520 -0.252474 2.630206 1.000000
0.004489 -0.234756 2.606048 1.000000
-0.404711 -0.315205 2.641776 0.526442
-0.010411 -0.298461 2.603239 0.745192
-0.296134 -0.544182 2.703696 1.000000
-0.094004 -0.540556 2.675270 1.000000
-0.290799 -0.948660 2.748617 1.000000
-0.072576 -0.941347 2.742769 1.000000
-0.310707 -0.966207 2.592988 0.000000
-0.092175 -0.968382 2.588465 0.000000
-0.229474 0.548754 2.535254 1.000000
-0.396380 0.294883 2.667800 1.000000
-0.052188 0.308393 2.648452 1.000000
-0.234830 0.359639 2.511013 0.000000
-0.214786 0.168171 2.733901 0.000000
-0.385739 -0.047175 2.608286 0.336538
-0.044441 -0.042148 2.574533 0.653846
-0.203688 -0.052761 2.705491 0.000000
-0.447974 0.029898 2.661994 1.000000
0.012245 0.046382 2.659021 1.000000
-0.419015 -0.251989 2.630480 1.000000
0.002371 -0.234398 2.610471 1.000000
-0.402744 -0.315350 2.633471 0.526442
-0.014735 -0.297600 2.609415 0.745192
-0.296040 -0.545160 2.703781 1.000000
-0.097425 -0.544156 2.675219 1.000000
-0.290610 -0.948842 2.755361 1.000000
-0.069950 -0.943631 2.748120 1.000000
-0.305630 -0.968960 2.599495 0.000000
-0.084858 -0.972838 2.593688 0.000000
-0.228786 0.555250 2.536121 1.000000
-0.399501 0.297049 2.679036 1.000000
-0.056847 0.306399 2.639978 1.000000
-0.246420 0.360823 2.513589 0.000000
-0.216044 0.167651 2.733823 0.000000
-0.387807 -0.048225 2.613199 0.394231
-0.047475 -0.045352 2.570599 0.778846
-0.203335 -0.053099 2.705766 0.000000
-0.449592 0.032040 2.662783 1.000000
0.009876 0.045356 2.660156 1.000000
-0.416807 -0.249590 2.631125 1.000000
0.000744 -0.234833 2.607206 1.000000
-0.401096 -0.313126 2.628979 0.492788
-0.018986 -0.297266 2.606160 0.576923
-0.293922 -0.547355 2.706054 1.000000
-0.095912 -0.545692 2.677268 1.000000
-0.288013 -0.951080 2.757244 1.000000
-0.070319 -0.945922 2.746626 1.000000
-0.307237 -0.971068 2.601824 0.000000
-0.089434 -0.973867 2.592424 0.000000
-0.229102 0.560454 2.544961 1.000000
-0.397830 0.295091 2.669198 1.000000
-0.053908 0.311190 2.647215 1.000000
-0.237948 0.359661 2.510636 0.000000
-0.214740 0.170477 2.735161 0.000000
-0.385124 -0.046918 2.604492 0.317308
-0.043401 -0.045647 2.574951 0.961538
-0.204355 -0.052654 2.704052 0.000000
-0.447549 0.029794 2.664889 1.000000
0.011898 0.049598 2.657777 1.000000
-0.417413 -0.251425 2.629452 1.000000
0.004051 -0.231285 2.609913 1.000000
-0.405394 -0.315723 2.632526 0.408654
-0.012885 -0.294533 2.608827 0.644231
-0.294650 -0.545716 2.704146 1.000000
-0.093247 -0.545847 2.676399 1.000000
-0.290363 -0.950252 2.748655 1.000000
-0.071327 -0.946894 2.742203 1.000000
-0.303874 -0.967597 2.592319 0.000000
-0.084630 -0.973073 2.587083 0.000000
-0.226899 0.555889 2.534152 1.000000
-0.399559 0.297328 2.673397 1.000000
-0.055667 0.309955 2.648818 1.000000
-0.240273 0.365286 2.515652 0.000000
-0.217475 0.168314 2.733420 0.000000
-0.387963 -0.044477 2.608244 0.432692
-0.046953 -0.041001 2.571516 0.759615
-0.205098 -0.051169 2.703838 0.000000
-0.447617 0.031239 2.661039 1.000000
0.010812 0.047776 2.659220 1.000000
-0.420573 -0.251780 2.631807 1.000000
-0.002496 -0.227118 2.582134 1.000000
-0.409304 -0.316256 2.633839 0.526442
-0.014080 -0.291568 2.581659 0.846154
-0.295785 -0.543548 2.700611 1.000000
-0.092415 -0.541468 2.673112 1.000000
-0.287498 -0.946892 2.754411 1.000000
-0.074041 -0.942064 2.742644 1.000000
-0.304140 -0.967985 2.598840 0.000000
-0.089888 -0.969631 2.588004 0.000000
-0.232807 0.550610 2.529757 1.000000
-0.397490 0.294637 2.678431 1.000000
-0.053918 0.311702 2.652119 1.000000
-0.239973 0.369911 2.522238 0.000000
-0.213709 0.165422 2.732560 0.000000
-0.385692 -0.051759 2.603107 0.355769
-0.044198 -0.037887 2.574151 0.692308
-0.204976 -0.051634 2.702929 0.000000
-0.451322 0.028296 2.662601 1.000000
0.013669 0.049319 2.678061 1.000000
-0.417097 -0.255296 2.630903 1.000000
0.000112 -0.195992 2.528934 1.000000
-0.397306 -0.317243 2.623211 0.425481
0.004092 -0.260242 2.540952 0.223558
-0.297823 -0.545838 2.704530 1.000000
-0.097082 -0.543275 2.671803 1.000000
-0.287022 -0.948946 2.759640 1.000000
-0.070976 -0.942998 2.743836 1.000000
-0.299270 -0.970588 2.603736 0.000000
-0.082835 -0.971668 2.589039 0.000000
-0.234953 0.543490 2.526560 1.000000
-0.403560 0.290933 2.673539 1.000000
-0.060496 0.323372 2.656809 1.000000
-0.245357 0.374433 2.522299 0.000000
-0.215765 0.169492 2.731737 0.000000
-0.375203 -0.055509 2.596318 0.480769
-0.033632 -0.029645 2.578728 1.000000
-0.197688 -0.053787 2.701713 0.000000
-0.445993 0.022952 2.666677 1.000000
0.021242 0.065484 2.678578 1.000000
-0.415640 -0.259675 2.630238 1.000000
0.011820 -0.046861 2.415106 0.625000
-0.405357 -0.322949 2.643615 0.610577
0.014673 -0.078264 2.357713 0.122596
-0.298429 -0.543345 2.702802 1.000000
-0.097328 -0.540536 2.665758 1.000000
-0.286871 -0.946545 2.757071 1.000000
-0.072344 -0.939293 2.743331 1.000000
-0.293020 -0.967761 2.600749 0.000000
-0.078000 -0.969763 2.588527 0.000000
-0.235093 0.553782 2.535648 1.000000
-0.408580 0.293059 2.675421 1.000000
-0.065790 0.327788 2.657701 1.000000
-0.251231 0.375731 2.522842 0.000000
-0.219808 0.173768 2.734890 0.000000
-0.374775 -0.048970 2.588145 0.490385
-0.032357 -0.028984 2.588035 1.000000
-0.202807 -0.051351 2.702355 0.000000
-0.447620 0.027701 2.656528 1.000000
0.033070 0.077811 2.651818 1.000000
-0.412934 -0.253019 2.632084 1.000000
0.034754 0.045186 2.369794 0.221154
-0.386067 -0.306738 2.605995 0.644231
0.036097 0.035778 2.305003 0.000000
-0.295505 -0.539041 2.699191 1.000000
-0.098664 -0.538315 2.668987 1.000000
-0.290196 -0.942816 2.750050 1.000000
-0.075171 -0.937414 2.745260 1.000000
-0.288366 -0.962521 2.593421 0.000000
-0.073473 -0.966951 2.590182 0.000000
-0.247265 0.562983 2.544770 1.000000
-0.413026 0.290414 2.684805 1.000000
-0.069866 0.321831 2.668106 1.000000
-0.255039 0.380576 2.537209 0.000000
-0.225650 0.165203 2.735935 0.000000
-0.375535 -0.049366 2.592680 0.548077
-0.033147 -0.031267 2.583085 1.000000
-0.200528 -0.051858 2.702173 0.000000
-0.449088 0.029406 2.656513 1.000000
0.047567 0.109024 2.562517 1.000000
-0.413690 -0.246621 2.627294 1.000000
0.080535 0.186596 2.295697 1.000000
-0.399008 -0.310036 2.620142 0.627404
0.110323 0.189831 2.237469 0.156250
-0.295801 -0.541009 2.698265 1.000000
-0.098723 -0.539244 2.670962 1.000000
-0.290075 -0.944470 2.751517 1.000000
-0.071803 -0.938615 2.744628 1.000000
-0.292866 -0.965164 2.595029 0.000000
-0.074663 -0.967435 2.589432 0.000000
-0.244815 0.552510 2.549629 1.000000
-0.386520 0.302196 2.671046 1.000000
-0.042039 0.320849 2.674173 0.826923
-0.216847 0.382689 2.531024 0.000000
-0.207290 0.171758 2.736348 0.000000
-0.366062 -0.039911 2.579960 0.875000
-0.023607 -0.030306 2.596742 1.000000
-0.200007 -0.049675 2.702243 0.000000
-0.449081 0.046300 2.661668 1.000000
0.086269 0.244725 2.456855 1.000000
-0.417239 -0.228339 2.629574 1.000000
0.103985 0.420745 2.241974 1.000000
-0.402467 -0.291402 2.619925 0.829327
0.118809 0.471910 2.203887 1.000000
-0.294067 -0.533403 2.692362 1.000000
-0.096341 -0.537910 2.665522 1.000000
-0.288070 -0.935542 2.754788 1.000000
-0.075065 -0.936744 2.743802 1.000000
-0.280145 -0.959614 2.598961 0.000000
-0.066546 -0.966668 2.589023 0.000000
-0.242854 0.564623 2.556709 1.000000
-0.381903 0.300885 2.680659 1.000000
-0.044028 0.302640 2.636200 0.682692
-0.230367 0.360858 2.512392 0.000000
-0.200379 0.167671 2.732666 0.000000
-0.362626 -0.040058 2.599290 0.826923
-0.021464 -0.049910 2.565231 1.000000
-0.180834 -0.051549 2.696460 0.000000
-0.452108 0.047740 2.673956 1.000000
0.079449 0.368220 2.413696 1.000000
-0.417315 -0.224146 2.630836 1.000000
0.099627 0.570596 2.224939 1.000000
-0.401743 -0.287281 2.623112 0.627404
0.109485 0.630930 2.201468 1.000000
-0.294357 -0.541867 2.694759 1.000000
-0.096553 -0.548055 2.672457 1.000000
-0.292371 -0.944108 2.756783 1.000000
-0.070108 -0.947688 2.744864 1.000000
-0.309414 -0.968109 2.601676 0.000000
-0.086913 -0.976751 2.590600 0.000000
-0.239663 0.563326 2.552770 1.000000
-0.387253 0.300642 2.687217 1.000000
-0.063326 0.332967 2.601895 1.000000
-0.264174 0.368284 2.499734 0.000000
-0.188214 0.187829 2.719750 0.000000
-0.359175 -0.033597 2.624928 0.682692
-0.028106 -0.046363 2.536163 1.000000
-0.163833 -0.038745 2.691542 0.000000
-0.449326 0.047278 2.676790 1.000000
0.056196 0.463719 2.410131 1.000000
-0.413163 -0.222183 2.631283 1.000000
0.094329 0.669025 2.230177 1.000000
-0.401428 -0.286136 2.623500 0.728365
0.095277 0.733673 2.219790 1.000000
-0.293457 -0.539761 2.692744 1.000000
-0.093749 -0.543012 2.665510 1.000000
-0.292409 -0.942432 2.751943 1.000000
-0.070061 -0.941571 2.744499 1.000000
-0.334723 -0.964663 2.601477 0.000000
-0.111442 -0.973552 2.595538 0.000000
-0.247029 0.591231 2.567508 1.000000
-0.384566 0.299590 2.716651 1.000000
-0.082289 0.349199 2.588946 1.000000
-0.292873 0.376374 2.515230 0.000000
-0.177649 0.196708 2.718170 0.000000
-0.354917 -0.018980 2.640872 0.846154
-0.039961 -0.029760 2.505465 1.000000
-0.152115 -0.026570 2.678767 0.000000
-0.451192 0.052516 2.689358 1.000000
0.004071 0.537599 2.436378 1.000000
-0.410496 -0.211762 2.640957 1.000000
0.061202 0.745985 2.271596 1.000000
-0.401341 -0.275141 2.627263 0.947115
0.072605 0.804157 2.243772 1.000000
-0.293856 -0.525688 2.687098 1.000000
-0.096508 -0.525423 2.652703 1.000000
-0.290268 -0.927708 2.750473 1.000000
-0.071484 -0.921993 2.740767 1.000000
-0.354152 -0.950745 2.607950 0.000000
-0.133278 -0.957193 2.599817 0.000000
-0.242021 0.593014 2.562105 1.000000
-0.394672 0.281627 2.721006 1.000000
-0.098237 0.339849 2.586947 1.000000
-0.309993 0.363251 2.518421 0.038462
-0.185439 0.183665 2.715845 0.000000
-0.356158 -0.028417 2.639084 0.759615
-0.044607 -0.029671 2.495615 1.000000
-0.152367 -0.033937 2.671660 0.000000
-0.451905 0.031955 2.695897 1.000000
-0.018438 0.542061 2.449163 1.000000
-0.403394 -0.227469 2.631081 1.000000
0.015094 0.761743 2.292732 1.000000
-0.395534 -0.292434 2.628632 0.879808
0.005998 0.824085 2.274873 1.000000
-0.291394 -0.530727 2.689276 1.000000
-0.090301 -0.525090 2.651536 1.000000
-0.294915 -0.932972 2.751209 1.000000
-0.076878 -0.921733 2.741780 1.000000
-0.360970 -0.954227 2.609402 0.000000
-0.140735 -0.955815 2.601476 0.000000
-0.233986 0.577246 2.551383 1.000000
-0.402637 0.271953 2.710329 1.000000
-0.102511 0.331712 2.586555 1.000000
-0.311425 0.350507 2.509372 0.000000
-0.191977 0.177087 2.715281 0.000000
-0.355625 -0.040139 2.632133 0.884615
-0.038811 -0.038627 2.500698 1.000000
-0.153185 -0.043378 2.672507 0.000000
-0.452774 0.019659 2.700986 1.000000
-0.023973 0.537342 2.453133 1.000000
-0.402347 -0.238612 2.633009 1.000000
-0.033956 0.767240 2.308513 1.000000
-0.397071 -0.303622 2.627171 0.661058
-0.043867 0.828276 2.286957 1.000000
-0.293515 -0.540321 2.690072 1.000000
-0.091480 -0.535122 2.654877 1.000000
-0.291234 -0.942144 2.754741 1.000000
-0.071617 -0.932286 2.741566 1.000000
-0.352282 -0.965616 2.611051 0.000000
-0.130273 -0.966337 2.599002 0.000000
-0.233626 0.573389 2.553116 1.000000
-0.403577 0.245852 2.737587 1.000000
-0.118706 0.296987 2.581374 1.000000
-0.333260 0.323317 2.527996 0.000000
-0.196928 0.144291 2.718008 0.000000
-0.347182 -0.057777 2.645578 1.000000
-0.047235 -0.053709 2.479252 1.000000
-0.141470 -0.055752 2.662931 0.000000
-0.443794 -0.000286 2.673814 1.000000
-0.047937 0.513369 2.461212 1.000000
-0.397477 -0.264055 2.627286 1.000000
-0.089551 0.735395 2.310026 1.000000
-0.383860 -0.327507 2.618525 0.677885
-0.112155 0.792627 2.287625 1.000000
-0.293767 -0.556792 2.692531 1.000000
-0.089658 -0.545868 2.661622 1.000000
-0.289545 -0.957632 2.762948 1.000000
-0.070475 -0.944189 2.742997 1.000000
-0.367594 -0.982174 2.627927 0.000000
-0.146435 -0.975394 2.608160 0.000000
-0.220563 0.531774 2.543491 1.000000
-0.407187 0.241373 2.738485 1.000000
-0.124200 0.267706 2.576416 1.000000
-0.336402 0.303072 2.523877 0.028846
-0.206782 0.127544 2.721688 0.000000
-0.342920 -0.071310 2.656898 1.000000
-0.045464 -0.075070 2.486150 1.000000
-0.137018 -0.076071 2.671189 0.000000
-0.447405 -0.003100 2.668540 1.000000
-0.040790 0.486744 2.469916 1.000000
-0.384887 -0.262461 2.616410 1.000000
-0.117943 0.687337 2.303470 1.000000
-0.383985 -0.327850 2.612981 0.711538
-0.150742 0.739287 2.280808 1.000000
-0.293333 -0.573274 2.699875 1.000000
-0.083794 -0.563932 2.670086 1.000000
-0.289205 -0.975608 2.761187 1.000000
-0.070911 -0.962487 2.751556 1.000000
-0.369797 -0.996868 2.627107 0.000000
-0.147851 -0.992479 2.617000 0.000000
-0.211671 0.523852 2.559466 1.000000
-0.413402 0.237405 2.723290 1.000000
-0.122407 0.263335 2.576304 1.000000
-0.331692 0.294643 2.511344 0.173077
-0.211076 0.125794 2.720347 0.000000
-0.345447 -0.072493 2.649298 1.000000
-0.039127 -0.082383 2.495288 1.000000
-0.140790 -0.081370 2.674972 0.000000
-0.441828 -0.008414 2.652229 1.000000
-0.046975 0.480349 2.460115 1.000000
-0.385725 -0.270857 2.608878 1.000000
-0.120992 0.676998 2.287623 1.000000
-0.379576 -0.336038 2.607524 0.812500
-0.158581 0.724088 2.261973 1.000000
-0.293858 -0.576531 2.697525 1.000000
-0.083780 -0.570333 2.672007 1.000000
-0.288706 -0.978924 2.758370 1.000000
-0.069596 -0.970778 2.743366 1.000000
-0.361823 -1.000759 2.620161 0.000000
-0.139743 -0.997995 2.604574 0.000000
-0.212801 0.525909 2.567548 1.000000
-0.420102 0.254629 2.713059 1.000000
-0.116666 0.294323 2.587084 1.000000
-0.325127 0.325718 2.511070 0.158654
-0.215888 0.146571 2.717744 0.000000
-0.350201 -0.061934 2.635619 1.000000
-0.033924 -0.064624 2.502914 1.000000
-0.147640 -0.066847 2.675211 0.000000
-0.443895 0.005138 2.654040 1.000000
-0.012339 0.489948 2.456157 1.000000
-0.399506 -0.260124 2.614285 1.000000
-0.057149 0.692002 2.279859 1.000000
-0.385499 -0.323572 2.606138 0.694712
-0.101865 0.729865 2.250617 1.000000
-0.292413 -0.562750 2.695284 1.000000
-0.087350 -0.556781 2.668801 1.000000
-0.291648 -0.965663 2.752814 1.000000
-0.072710 -0.957191 2.740261 1.000000
-0.353768 -0.986295 2.609148 0.000000
-0.132628 -0.984973 2.596865 0.000000
-0.216519 0.545641 2.561539 1.000000
-0.407653 0.306811 2.679765 1.000000
-0.087624 0.332996 2.596552 1.000000
-0.282851 0.374005 2.493262 0.000000
-0.211054 0.189534 2.711337 0.000000
-0.359430 -0.034186 2.612363 1.000000
-0.028111 -0.045035 2.524281 1.000000
-0.164315 -0.041855 2.679396 0.000000
-0.451594 0.054190 2.656247 1.000000
0.030640 0.512918 2.455332 1.000000
-0.416509 -0.213785 2.626590 1.000000
0.074020 0.727292 2.293829 1.000000
-0.402920 -0.277258 2.617942 0.711538
0.062399 0.791702 2.291687 1.000000
-0.292948 -0.538249 2.686284 1.000000
-0.095101 -0.540462 2.659620 1.000000
-0.296530 -0.940443 2.748544 1.000000
-0.071070 -0.938362 2.741761 1.000000
-0.337906 -0.963391 2.597926 0.000000
-0.111994 -0.971556 2.592940 0.000000
-0.235887 0.597237 2.560155 1.000000
-0.402356 0.289223 2.683875 1.000000
-0.083940 0.331695 2.592243 1.000000
-0.285839 0.372282 2.498406 0.000000
-0.201224 0.176865 2.701860 0.000000
-0.360945 -0.034193 2.616457 1.000000
-0.032804 -0.039785 2.516752 1.000000
-0.163490 -0.038702 2.676572 0.000000
-0.455842 0.040819 2.658644 1.000000
0.072938 0.498779 2.479661 1.000000
-0.418193 -0.224911 2.632841 1.000000
0.193459 0.695404 2.339988 1.000000
-0.404451 -0.286901 2.616821 0.610577
0.204597 0.759890 2.342391 1.000000
-0.299101 -0.536905 2.683595 1.000000
-0.097311 -0.538389 2.649132 1.000000
-0.295235 -0.937972 2.752728 1.000000
-0.072012 -0.934219 2.740390 1.000000
-0.342550 -0.964000 2.604376 0.000000
-0.117209 -0.970939 2.593647 0.000000
-0.255331 0.584591 2.558738 1.000000
-0.394205 0.288222 2.687119 1.000000
-0.077527 0.349646 2.588447 1.000000
-0.286534 0.382801 2.501820 0.000000
-0.187546 0.185238 2.696528 0.000000
-0.362084 -0.014454 2.619874 0.817308
-0.038119 -0.032842 2.508709 1.000000
-0.162902 -0.025593 2.673023 0.000000
-0.455675 0.043340 2.661600 1.000000
0.104087 0.493927 2.485509 1.000000
-0.416555 -0.220372 2.634709 1.000000
0.296926 0.633789 2.362832 1.000000
-0.401712 -0.279747 2.611415 0.711538
0.345776 0.673380 2.381118 1.000000
-0.301581 -0.523061 2.675579 1.000000
-0.101908 -0.528856 2.638336 1.000000
-0.295822 -0.922967 2.751019 1.000000
-0.078197 -0.923886 2.733405 1.000000
-0.349452 -0.951238 2.605248 0.000000
-0.129518 -0.961725 2.588979 0.000000
-0.277071 0.587584 2.558322 1.000000
-0.396683 0.299443 2.686465 1.000000
-0.075818 0.343115 2.595745 1.000000
-0.279544 0.388628 2.504261 0.000000
-0.196467 0.184848 2.699997 0.000000
-0.363112 -0.023445 2.613581 1.000000
-0.035321 -0.032310 2.512965 1.000000
-0.165588 -0.031257 2.673127 0.000000
-0.456460 0.054883 2.669182 1.000000
0.082995 0.491699 2.467750 1.000000
-0.419034 -0.206083 2.630501 1.000000
0.252735 0.643186 2.329042 1.000000
-0.402595 -0.264675 2.606314 0.963942
0.304505 0.681844 2.339704 1.000000
-0.296623 -0.527960 2.678517 1.000000
-0.098969 -0.530535 2.641535 1.000000
-0.295992 -0.928525 2.750606 1.000000
-0.079389 -0.925930 2.736029 1.000000
-0.343281 -0.955276 2.602375 0.000000
-0.125086 -0.963192 2.589578 0.000000
-0.261131 0.592875 2.560927 1.000000
-0.385948 0.301143 2.704637 1.000000
-0.073845 0.351718 2.590295 1.000000
-0.284740 0.383435 2.510063 0.000000
-0.180494 0.195582 2.711520 0.000000
-0.358611 -0.018068 2.624610 1.000000
-0.038065 -0.024918 2.502741 1.000000
-0.157614 -0.026177 2.671053 0.000000
-0.452924 0.060661 2.677437 1.000000
0.058740 0.499515 2.436559 1.000000
-0.419476 -0.198233 2.630964 1.000000
0.155302 0.688321 2.277397 1.000000
-0.411244 -0.263156 2.628623 0.862981
0.198737 0.737123 2.281862 1.000000
-0.293029 -0.524299 2.671101 1.000000
-0.095987 -0.522589 2.640683 1.000000
-0.293990 -0.923593 2.749922 1.000000
-0.071381 -0.918652 2.731113 1.000000
-0.351042 -0.951969 2.605477 0.000000
-0.126605 -0.954826 2.587703 0.000000
-0.251131 0.595329 2.556357 1.000000
-0.383763 0.302792 2.705029 1.000000
-0.071653 0.342316 2.590906 1.000000
-0.279960 0.381226 2.510230 0.000000
-0.182016 0.190312 2.711971 0.000000
-0.354076 -0.018102 2.624129 1.000000
-0.033720 -0.031620 2.502316 1.000000
-0.153138 -0.027097 2.670665 0.000000
-0.448174 0.062231 2.674655 1.000000
0.001158 0.501183 2.410903 1.000000
-0.408895 -0.195961 2.630282 1.000000
-0.013101 0.710606 2.249306 1.000000
-0.403685 -0.260976 2.624435 0.896635
-0.026187 0.774172 2.240569 1.000000
-0.290035 -0.527006 2.668273 1.000000
-0.088176 -0.526967 2.641466 1.000000
-0.287610 -0.925915 2.748986 1.000000
-0.069881 -0.923221 2.732553 1.000000
-0.345467 -0.955384 2.605081 0.000000
-0.125588 -0.958753 2.589170 0.000000
-0.247791 0.592666 2.574658 1.000000
-0.389800 0.296466 2.701930 1.000000
-0.076637 0.325026 2.593335 0.951923
-0.280456 0.368923 2.507849 0.000000
-0.191581 0.178293 2.714009 0.000000
-0.348564 -0.023594 2.620775 1.000000
-0.026053 -0.040147 2.505184 1.000000
-0.148788 -0.036771 2.671157 0.000000
-0.446165 0.054030 2.665628 1.000000
-0.016924 0.495193 2.417984 1.000000
-0.404352 -0.205672 2.628910 1.000000
-0.097978 0.691994 2.259109 1.000000
-0.391609 -0.264495 2.603107 1.000000
-0.126782 0.750248 2.251045 1.000000
-0.289062 -0.532380 2.669797 1.000000
-0.084794 -0.533817 2.645072 1.000000
-0.288688 -0.930988 2.752021 1.000000
-0.067558 -0.930556 2.734237 1.000000
-0.343990 -0.960911 2.607207 0.000000
-0.121011 -0.965337 2.589816 0.000000
-0.222149 0.582857 2.556625 1.000000
-0.390268 0.256451 2.682978 1.000000
-0.076496 0.320885 2.593132 1.000000
-0.278845 0.345177 2.497004 0.432692
-0.181478 0.159670 2.704000 0.000000
-0.349762 -0.041240 2.610670 1.000000
-0.021286 -0.041968 2.511917 1.000000
-0.152484 -0.047221 2.671235 0.000000
-0.445090 0.011689 2.657403 1.000000
-0.036439 0.496481 2.416696 1.000000
-0.388299 -0.243460 2.606929 1.000000
-0.152248 0.685632 2.269442 1.000000
-0.371837 -0.304750 2.590781 1.000000
-0.203471 0.726340 2.272154 1.000000
-0.286204 -0.543618 2.670942 1.000000
-0.081731 -0.539613 2.649833 1.000000
-0.289848 -0.941903 2.754634 1.000000
-0.069236 -0.936577 2.738786 1.000000
-0.335954 -0.972549 2.606785 0.000000
-0.113293 -0.971046 2.591153 0.000000
-0.219881 0.569942 2.572323 1.000000
-0.407035 0.254297 2.693013 1.000000
-0.095415 0.307031 2.591359 1.000000
-0.299526 0.336068 2.501626 0.086538
-0.200731 0.151361 2.708661 0.000000
-0.341085 -0.055005 2.617610 1.000000
-0.016112 -0.059659 2.507976 1.000000
-0.141997 -0.063742 2.671556 0.000000
-0.437437 0.007053 2.649325 1.000000
-0.014905 0.494392 2.441772 1.000000
-0.386896 -0.250963 2.602565 1.000000
-0.103163 0.683012 2.274600 1.000000
-0.369973 -0.312740 2.588946 1.000000
-0.150098 0.726911 2.262022 1.000000
-0.286439 -0.556654 2.680041 1.000000
-0.084003 -0.553130 2.661925 1.000000
-0.290813 -0.956227 2.757318 1.000000
-0.070008 -0.952809 2.737492 1.000000
-0.342406 -0.984014 2.610721 0.000000
-0.119788 -0.982323 2.590606 0.000000
-0.217040 0.555115 2.560624 1.000000
-0.402556 0.255468 2.700130 1.000000
-0.093282 0.312853 2.592591 1.000000
-0.299911 0.340850 2.507652 0.201923
-0.194933 0.154499 2.710121 0.000000
-0.345615 -0.050818 2.619333 1.000000
-0.023027 -0.052678 2.502791 1.000000
-0.145337 -0.057037 2.669055 0.000000
-0.440080 0.009990 2.649869 1.000000
-0.001921 0.500272 2.448642 1.000000
-0.389804 -0.248126 2.600678 1.000000
-0.012932 0.705303 2.277142 1.000000
-0.372214 -0.310152 2.589203 1.000000
-0.043134 0.759837 2.257087 1.000000
-0.290379 -0.552031 2.678323 1.000000
-0.084681 -0.546797 2.658787 1.000000
-0.291373 -0.950942 2.759057 1.000000
-0.071726 -0.945875 2.737641 1.000000
-0.346345 -0.980168 2.613976 0.000000
-0.124118 -0.976379 2.591871 0.000000
-0.221684 0.553832 2.552370 1.000000
-0.406574 0.276707 2.676414 1.000000
-0.088325 0.317755 2.594878 1.000000
-0.284217 0.351386 2.491142 0.000000
-0.205122 0.167823 2.707450 0.000000
-0.347321 -0.047266 2.605117 1.000000
-0.015569 -0.046541 2.518000 1.000000
-0.152269 -0.051660 2.672627 0.000000
-0.439275 0.026416 2.650175 1.000000
0.018706 0.506474 2.463223 1.000000
-0.395515 -0.235306 2.612870 1.000000
0.067168 0.708965 2.294541 1.000000
-0.377270 -0.295802 2.595675 1.000000
0.064175 0.771691 2.275973 1.000000
-0.289577 -0.545766 2.681321 1.000000
-0.086596 -0.543850 2.658825 1.000000
-0.292296 -0.946584 2.751935 1.000000
-0.071488 -0.941753 2.743048 1.000000
-0.332980 -0.972783 2.601658 0.000000
-0.110459 -0.974849 2.593682 0.000000
-0.222367 0.569502 2.545522 1.000000
-0.399820 0.305991 2.685650 1.000000
-0.079644 0.330867 2.601698 1.000000
-0.274917 0.380750 2.502117 0.009615
-0.205199 0.183722 2.709627 0.000000
-0.352498 -0.027811 2.613722 1.000000
-0.021858 -0.038287 2.523076 1.000000
-0.156936 -0.037326 2.679202 0.000000
-0.446369 0.057783 2.655543 1.000000
0.039314 0.513761 2.471012 1.000000
-0.409522 -0.206511 2.625467 1.000000
0.131568 0.706921 2.308864 1.000000
-0.399409 -0.268454 2.606783 0.711538
0.141648 0.768779 2.289885 1.000000
-0.290292 -0.533132 2.678032 1.000000
-0.092330 -0.535317 2.653019 1.000000
-0.290894 -0.932679 2.755563 1.000000
-0.068941 -0.933282 2.735036 1.000000
-0.334117 -0.961542 2.606489 0.000000
-0.110896 -0.966364 2.586476 0.000000
-0.220674 0.584756 2.543132 1.000000
-0.390634 0.300581 2.690136 1.000000
-0.071367 0.340807 2.600612 1.000000
-0.272319 0.383413 2.505707 0.038462
-0.190537 0.186516 2.708892 0.000000
-0.353344 -0.022945 2.615012 1.000000
-0.024793 -0.033201 2.517044 1.000000
-0.156340 -0.031529 2.676151 0.000000
-0.441778 0.053830 2.653515 1.000000
0.056452 0.510470 2.460185 1.000000
-0.412493 -0.212287 2.628633 1.000000
0.137446 0.713886 2.304118 1.000000
-0.400945 -0.275808 2.617682 0.862981
0.148323 0.777827 2.295093 1.000000
-0.292697 -0.528129 2.677298 1.000000
-0.090904 -0.529433 2.652170 1.000000
-0.292396 -0.928644 2.749661 1.000000
-0.068636 -0.927579 2.733611 1.000000
-0.339060 -0.955494 2.601249 0.000000
-0.113866 -0.960315 2.585939 0.000000
-0.218282 0.583730 2.539372 1.000000
-0.394187 0.299307 2.691728 1.000000
-0.072321 0.339831 2.608428 1.000000
-0.272243 0.384387 2.510717 0.000000
-0.194832 0.184292 2.712485 0.000000
-0.358528 -0.025592 2.614769 1.000000
-0.028008 -0.030764 2.523236 1.000000
-0.162661 -0.031820 2.679728 0.000000
-0.446134 0.052740 2.655914 1.000000
0.056684 0.501535 2.460152 1.000000
-0.415264 -0.212712 2.627566 1.000000
0.133410 0.701334 2.297627 1.000000
-0.399915 -0.274022 2.610427 0.795673
0.150245 0.762885 2.282919 1.000000
-0.291951 -0.529930 2.677083 1.000000
-0.092632 -0.528773 2.654727 1.000000
-0.292316 -0.930045 2.751631 1.000000
-0.069928 -0.926989 2.735710 1.000000
-0.335331 -0.957830 2.602292 0.000000
-0.111720 -0.959613 2.587003 0.000000
-0.220502 0.580786 2.541003 1.000000
-0.385319 0.315474 2.696083 1.000000
-0.060279 0.333508 2.611918 1.000000
-0.258205 0.389125 2.513624 0.000000
-0.193862 0.188124 2.719048 0.000000
-0.354719 -0.020800 2.617387 0.740385
-0.023919 -0.034125 2.527703 1.000000
-0.159362 -0.030352 2.683470 0.000000
-0.440149 0.070725 2.651264 1.000000
0.070618 0.472120 2.442891 1.000000
-0.414664 -0.195741 2.624349 1.000000
0.127842 0.675127 2.275884 1.000000
-0.403802 -0.259798 2.616163 0.795673
0.138446 0.735082 2.251776 1.000000
-0.291556 -0.528897 2.673641 1.000000
-0.092343 -0.530769 2.655366 1.000000
-0.289838 -0.928467 2.751034 1.000000
-0.072786 -0.930315 2.730395 1.000000
-0.333129 -0.957517 2.602015 0.000000
-0.114716 -0.960386 2.581190 0.000000
-0.225153 0.589473 2.560615 1.000000
-0.383869 0.323397 2.698298 1.000000
-0.051407 0.339271 2.624790 1.000000
-0.249706 0.397756 2.521253 0.000000
-0.194589 0.193865 2.726512 0.000000
-0.356956 -0.016351 2.613064 1.000000
-0.023376 -0.032326 2.534848 1.000000
-0.164116 -0.028151 2.685836 0.000000
-0.443072 0.080129 2.652287 1.000000
0.100768 0.427417 2.440740 1.000000
-0.421602 -0.186950 2.630916 1.000000
0.129713 0.628501 2.264739 1.000000
-0.405258 -0.247815 2.613122 0.862981
0.108360 0.676824 2.226045 1.000000
-0.291707 -0.524982 2.674788 1.000000
-0.092525 -0.528457 2.656760 1.000000
-0.289025 -0.924854 2.750576 1.000000
-0.071171 -0.926904 2.736963 1.000000
-0.327070 -0.953633 2.600081 0.000000
-0.108117 -0.959094 2.586885 0.000000
-0.231082 0.592589 2.561878 1.000000
-0.384848 0.311098 2.691336 1.000000
-0.044983 0.321493 2.632954 1.000000
-0.241128 0.385107 2.521805 0.000000
-0.199609 0.177497 2.726536 0.000000
-0.355924 -0.024872 2.604592 1.000000
-0.018999 -0.041482 2.542509 1.000000
-0.166815 -0.036766 2.686559 0.000000
-0.444716 0.065382 2.657953 1.000000
0.139168 0.344203 2.457889 1.000000
-0.411257 -0.199779 2.624428 1.000000
0.122745 0.536767 2.270263 1.000000
-0.404639 -0.264761 2.619754 0.661058
0.093576 0.569858 2.221865 0.963942
-0.291967 -0.531654 2.680478 1.000000
-0.091189 -0.536888 2.662413 1.000000
-0.288550 -0.931504 2.756355 1.000000
-0.069137 -0.936134 2.738346 1.000000
-0.319370 -0.960626 2.604280 0.000000
-0.099118 -0.966691 2.586386 0.000000
-0.231205 0.581356 2.565338 1.000000
-0.384122 0.309096 2.684665 1.000000
-0.041477 0.317295 2.645273 1.000000
-0.230529 0.387816 2.526279 0.000000
-0.202573 0.171781 2.724491 0.000000
-0.362054 -0.027956 2.590062 0.778846
-0.020640 -0.040663 2.559664 1.000000
-0.181329 -0.038822 2.689272 0.000000
-0.446160 0.061469 2.655993 1.000000
0.138179 0.198181 2.505538 1.000000
-0.420832 -0.207454 2.631229 1.000000
0.121881 0.359313 2.287948 1.000000
-0.404469 -0.269514 2.618229 0.829327
0.099732 0.367417 2.226858 0.997596
-0.292051 -0.531422 2.685503 1.000000
-0.093139 -0.537941 2.665916 1.000000
-0.291234 -0.933630 2.747771 1.000000
-0.071028 -0.938029 2.737261 1.000000
-0.306739 -0.957698 2.592514 0.000000
-0.086391 -0.966435 2.582724 0.000000
-0.238671 0.570109 2.556751 1.000000
-0.392025 0.297251 2.679458 1.000000
-0.048736 0.323958 2.657909 1.000000
-0.234938 0.385746 2.529906 0.000000
-0.205696 0.169263 2.727443 0.000000
-0.362164 -0.034700 2.588152 0.894231
-0.020220 -0.035046 2.561253 1.000000
-0.182199 -0.041351 2.689103 0.000000
-0.448666 0.048965 2.662564 1.000000
0.091275 0.140135 2.549533 1.000000
-0.416008 -0.216672 2.631008 1.000000
0.101143 0.203007 2.287664 0.134615
-0.401588 -0.279998 2.622627 0.627404
0.090143 0.215222 2.224276 1.000000
-0.293760 -0.533082 2.687019 1.000000
-0.090336 -0.535930 2.665973 1.000000
-0.290089 -0.934843 2.752011 1.000000
-0.073543 -0.936032 2.738673 1.000000
-0.303091 -0.960084 2.596710 0.000000
-0.085905 -0.964672 2.583911 0.000000
-0.248171 0.568434 2.562939 1.000000
-0.395724 0.303467 2.690789 1.000000
-0.053551 0.320627 2.650191 1.000000
-0.244760 0.389039 2.533432 0.000000
-0.210789 0.169731 2.727057 0.000000
-0.361569 -0.030368 2.602660 0.903846
-0.021927 -0.035918 2.555107 1.000000
-0.175938 -0.039514 2.692548 0.000000
-0.448987 0.055508 2.662323 1.000000
0.085720 0.112687 2.600237 1.000000
-0.416755 -0.210160 2.630744 1.000000
0.098472 0.078406 2.333257 0.086538
-0.404743 -0.274174 2.623947 0.762019
0.101005 0.048289 2.275165 0.947115
-0.292898 -0.532722 2.686454 1.000000
-0.093447 -0.535632 2.664811 1.000000
-0.288765 -0.933170 2.759075 1.000000
-0.071345 -0.934523 2.742573 1.000000
-0.311771 -0.961270 2.605433 0.000000
-0.093508 -0.965614 2.589385 0.000000
-0.244781 0.566093 2.557034 1.000000
-0.400372 0.301117 2.684148 1.000000
-0.057889 0.317366 2.645863 1.000000
-0.248198 0.379846 2.524403 0.000000
-0.215453 0.169693 2.728130 0.000000
-0.363377 -0.034697 2.599523 0.663462
-0.022763 -0.035816 2.559149 1.000000
-0.179560 -0.038945 2.693415 0.000000
-0.447564 0.047883 2.658728 1.000000
0.049436 0.082332 2.630340 1.000000
-0.417440 -0.221992 2.627735 1.000000
0.092114 -0.078197 2.413293 1.000000
-0.400198 -0.284894 2.621882 0.762019
0.082334 -0.121784 2.365409 1.000000
-0.291452 -0.535636 2.687945 1.000000
-0.093155 -0.537442 2.665676 1.000000
-0.295883 -0.937749 2.750669 1.000000
-0.074841 -0.937098 2.740432 1.000000
-0.314447 -0.961713 2.595732 0.000000
-0.093275 -0.966742 2.586465 0.000000
-0.241156 0.565487 2.552040 1.000000
-0.397440 0.297511 2.691256 1.000000
-0.056615 0.317635 2.641674 1.000000
-0.251504 0.379739 2.527503 0.000000
-0.209901 0.167387 2.727294 0.000000
-0.368431 -0.042433 2.597169 0.836538
-0.027589 -0.031423 2.560363 1.000000
-0.185590 -0.039525 2.692999 0.000000
-0.445091 0.041773 2.655472 1.000000
0.039564 0.073297 2.642867 1.000000
-0.412335 -0.232317 2.629421 1.000000
0.077800 -0.149438 2.482230 1.000000
-0.397170 -0.295253 2.619554 0.694712
0.064303 -0.203587 2.447968 1.000000
-0.293610 -0.538428 2.691840 1.000000
-0.092465 -0.535848 2.668917 1.000000
-0.291579 -0.939993 2.758104 1.000000
-0.069203 -0.935801 2.740652 1.000000
-0.307666 -0.965642 2.603159 0.000000
-0.084989 -0.964422 2.586198 0.000000
-0.236971 0.568263 2.561754 1.000000
-0.390926 0.292369 2.678612 1.000000
-0.048338 0.304388 2.639706 1.000000
-0.238161 0.365142 2.516622 0.000000
-0.207183 0.160554 2.726204 0.000000
-0.369502 -0.053937 2.592020 0.451923
-0.028372 -0.037148 2.560443 1.000000
-0.188307 -0.046296 2.690672 0.000000
-0.443434 0.033261 2.664097 1.000000
0.032602 0.052315 2.643266 1.000000
-0.410187 -0.241390 2.623811 1.000000
0.057674 -0.206063 2.539469 1.000000
-0.398116 -0.305727 2.622015 0.627404
0.041364 -0.265381 2.517028 1.000000
-0.293260 -0.546718 2.694639 1.000000
-0.091497 -0.543264 2.668122 1.000000
-0.289954 -0.949922 2.750005 1.000000
-0.072825 -0.943505 2.739590 1.000000
-0.303007 -0.971430 2.594148 0.000000
-0.085581 -0.971743 2.584786 0.000000
-0.231434 0.559888 2.554607 1.000000
-0.389498 0.296051 2.676846 1.000000
-0.046852 0.296090 2.636610 1.000000
-0.234935 0.363027 2.514062 0.000000
-0.210243 0.158092 2.724139 0.000000
-0.375986 -0.050444 2.592247 0.269231
-0.034831 -0.043149 2.557481 0.875000
-0.193751 -0.047025 2.689207 0.000000
-0.440842 0.033295 2.656175 1.000000
0.020742 0.036431 2.647218 1.000000
-0.411847 -0.247737 2.632267 1.000000
0.021414 -0.245841 2.620515 1.000000
-0.397649 -0.309047 2.614165 0.526442
0.010484 -0.310386 2.618852 1.000000
-0.292745 -0.546273 2.696653 1.000000
-0.089441 -0.544666 2.669922 1.000000
-0.289575 -0.949247 2.753678 1.000000
-0.074135 -0.944797 2.742793 1.000000
-0.304761 -0.971382 2.598102 0.000000
-0.088904 -0.973506 2.588254 0.000000
-0.228924 0.564546 2.564894 1.000000
-0.386590 0.294675 2.684369 1.000000
-0.044725 0.301343 2.638446 1.000000
-0.235945 0.367655 2.520498 0.000000
-0.204302 0.158797 2.725725 0.000000
-0.379181 -0.044473 2.607242 0.163462
-0.041559 -0.045189 2.546746 0.798077
-0.190107 -0.047138 2.690106 0.000000
-0.440627 0.032515 2.659189 1.000000
0.012807 0.039079 2.652222 1.000000
-0.411417 -0.248372 2.630234 1.000000
0.006215 -0.243186 2.622687 1.000000
-0.400344 -0.312908 2.629360 0.560096
-0.006920 -0.307339 2.622902 0.610577
-0.291661 -0.545897 2.691648 1.000000
-0.089845 -0.542391 2.670454 1.000000
-0.289999 -0.947507 2.757649 1.000000
-0.069069 -0.942205 2.743713 1.000000
-0.317494 -0.972829 2.604263 0.000000
-0.096455 -0.971603 2.591036 0.000000
-0.228056 0.566183 2.570429 1.000000
-0.389651 0.293431 2.676001 1.000000
-0.046358 0.311001 2.646567 1.000000
-0.233670 0.368829 2.518334 0.000000
-0.205190 0.164537 2.728558 0.000000
-0.377199 -0.042187 2.602735 0.413462
-0.037341 -0.041195 2.556422 0.961538
-0.191754 -0.047450 2.693317 0.000000
-0.441006 0.030062 2.662190 1.000000
0.014900 0.049423 2.650580 1.000000
-0.408824 -0.248513 2.619194 1.000000
0.012009 -0.233741 2.633328 1.000000
-0.397565 -0.313014 2.620218 0.492788
-0.004594 -0.296691 2.626262 0.677885
-0.289354 -0.542062 2.693521 1.000000
-0.090890 -0.540519 2.669269 1.000000
-0.288074 -0.944833 2.752024 1.000000
-0.075356 -0.940797 2.741275 1.000000
-0.308956 -0.967392 2.597170 0.000000
-0.095992 -0.969284 2.587368 0.000000
-0.228615 0.568840 2.565422 1.000000
-0.391119 0.294364 2.684442 1.000000
-0.048833 0.316870 2.647581 1.000000
-0.239720 0.373909 2.524364 0.000000
-0.203867 0.167239 2.731108 0.000000
-0.377099 -0.043254 2.600401 0.307692
-0.036617 -0.036451 2.559479 0.798077
-0.193050 -0.045347 2.693911 0.000000
-0.441918 0.031311 2.659582 1.000000
0.014622 0.055422 2.651367 1.000000
-0.407788 -0.248630 2.625172 1.000000
0.013788 -0.227715 2.627946 1.000000
-0.398069 -0.313137 2.619457 0.509615
0.000484 -0.291187 2.618861 0.711538
-0.289529 -0.541578 2.691562 1.000000
-0.089705 -0.538056 2.668824 1.000000
-0.289561 -0.942116 2.763803 1.000000
-0.068342 -0.938073 2.740790 1.000000
-0.307336 -0.969958 2.609422 0.000000
-0.086194 -0.966771 2.586576 0.000000
-0.224928 0.565909 2.558321 1.000000
