-0.393171 0.297688 2.697501 1.000000
-0.052115 0.300003 2.645535 1.000000
-0.244716 0.365926 2.529636 0.000000
-0.211521 0.160810 2.738362 0.000000
-0.381802 -0.041286 2.615580 0.259615
-0.043024 -0.044175 2.562005 0.855769
-0.194515 -0.047537 2.702225 0.000000
-0.446225 0.030484 2.683677 1.000000
0.016584 0.036678 2.664090 1.000000
-0.410875 -0.249619 2.626684 1.000000
0.005556 -0.248174 2.622942 1.000000
-0.396421 -0.313249 2.621155 0.492788
-0.008935 -0.311915 2.626852 0.947115
-0.291208 -0.543671 2.699949 1.000000
-0.088578 -0.541661 2.675854 1.000000
-0.293320 -0.947190 2.753026 1.000000
-0.074330 -0.942225 2.746527 1.000000
-0.317739 -0.967406 2.598366 0.000000
-0.098272 -0.970164 2.593000 0.000000
-0.225146 0.554432 2.555982 1.000000
-0.387777 0.295824 2.693574 1.000000
-0.045015 0.303816 2.655159 1.000000
-0.233840 0.369943 2.533313 0.000000
-0.205970 0.160400 2.738387 0.000000
-0.380586 -0.044257 2.608349 0.355769
-0.039759 -0.043235 2.569820 0.846154
-0.197261 -0.049304 2.703157 0.000000
-0.443889 0.029019 2.681622 1.000000
0.018553 0.038496 2.661533 1.000000
-0.411609 -0.251643 2.624853 1.000000
0.005512 -0.246881 2.623773 1.000000
-0.396918 -0.315083 2.631770 0.459135
-0.008934 -0.310753 2.623855 0.947115
-0.291429 -0.544388 2.700732 1.000000
-0.089769 -0.542799 2.677351 1.000000
-0.288853 -0.946747 2.761964 1.000000
-0.068842 -0.944023 2.742395 1.000000
-0.306252 -0.970464 2.606853 0.000000
-0.086294 -0.970018 2.587656 0.000000
-0.227238 0.552788 2.556055 1.000000
-0.390312 0.288987 2.686078 1.000000
-0.046713 0.304018 2.658896 1.000000
-0.232738 0.361910 2.528831 0.000000
-0.207086 0.159361 2.741096 0.000000
-0.379734 -0.045510 2.610273 0.346154
-0.039590 -0.045312 2.566103 0.778846
-0.194874 -0.050799 2.702041 0.000000
-0.441608 0.020762 2.678030 1.000000
0.017433 0.038542 2.665889 1.000000
-0.408244 -0.261114 2.626532 1.000000
0.005934 -0.246393 2.622310 1.000000
-0.393626 -0.324910 2.624390 0.526442
-0.013470 -0.308781 2.626714 0.913462
-0.290481 -0.545317 2.703445 1.000000
-0.090804 -0.544534 2.676592 1.000000
-0.291690 -0.948421 2.759614 1.000000
-0.071327 -0.945113 2.745918 1.000000
-0.311541 -0.969977 2.604482 0.000000
-0.091258 -0.972761 2.591766 0.000000
-0.232120 0.552822 2.558169 1.000000
-0.392882 0.287779 2.695904 1.000000
-0.050970 0.300304 2.651591 1.000000
-0.242754 0.362800 2.532482 0.000000
-0.208432 0.155290 2.738643 0.000000
-0.377514 -0.050540 2.599894 0.355769
-0.035686 -0.048271 2.571651 0.932692
-0.197120 -0.052140 2.700284 0.000000
-0.441037 0.020034 2.671135 1.000000
0.019270 0.036740 2.666426 1.000000
-0.406794 -0.263011 2.627450 1.000000
0.011803 -0.248811 2.626426 1.000000
-0.392644 -0.326947 2.627081 0.492788
-0.008392 -0.310994 2.622724 0.745192
-0.291356 -0.547905 2.705889 1.000000
-0.090177 -0.548247 2.680130 1.000000
-0.287698 -0.951605 2.757485 1.000000
-0.068551 -0.949517 2.744658 1.000000
-0.300472 -0.971668 2.601412 0.000000
-0.081410 -0.975175 2.589413 0.000000
-0.234968 0.549738 2.559253 1.000000
-0.390054 0.293635 2.691279 1.000000
-0.046348 0.298327 2.661797 1.000000
-0.231182 0.369963 2.536983 0.004808
-0.211079 0.154822 2.737110 0.000000
-0.379194 -0.046939 2.608164 0.307692
-0.038586 -0.043982 2.567830 0.826923
-0.195345 -0.050091 2.702038 0.000000
-0.444127 0.026474 2.674004 1.000000
0.019873 0.033410 2.667383 1.000000
-0.407351 -0.255491 2.625902 1.000000
0.003703 -0.249265 2.612576 1.000000
-0.396193 -0.319955 2.623055 0.560096
-0.012592 -0.311404 2.625281 0.947115
-0.293740 -0.545918 2.702107 1.000000
-0.090547 -0.544271 2.677298 1.000000
-0.289840 -0.949305 2.756074 1.000000
-0.067434 -0.945062 2.744242 1.000000
-0.308050 -0.970273 2.600661 0.000000
-0.085612 -0.971918 2.589734 0.000000
-0.230183 0.552813 2.565526 1.000000
-0.388743 0.292411 2.693375 1.000000
-0.045119 0.308364 2.667050 1.000000
-0.231037 0.372516 2.539799 0.000000
-0.205666 0.160150 2.742277 0.000000
-0.377175 -0.042778 2.595730 0.365385
-0.034647 -0.044419 2.577815 0.807692
-0.199922 -0.046250 2.701522 0.000000
-0.444103 0.026273 2.675326 1.000000
0.018945 0.043713 2.675736 1.000000
-0.406313 -0.255113 2.629028 1.000000
0.003043 -0.223255 2.569788 1.000000
-0.393652 -0.319359 2.628443 0.526442
-0.008234 -0.286745 2.581195 0.711538
-0.290443 -0.541640 2.704063 1.000000
-0.089555 -0.544521 2.676809 1.000000
-0.291351 -0.945806 2.752000 1.000000
-0.069877 -0.945664 2.742736 1.000000
-0.299619 -0.964357 2.595437 0.000000
-0.078133 -0.971626 2.587230 0.000000
-0.232502 0.553396 2.562950 1.000000
-0.393260 0.297094 2.691032 1.000000
-0.050031 0.317752 2.662886 1.000000
-0.237412 0.375729 2.534821 0.000000
-0.207939 0.169003 2.742514 0.000000
-0.377228 -0.049518 2.596708 0.509615
-0.035139 -0.029636 2.581560 0.615385
-0.200849 -0.043947 2.703863 0.000000
-0.444736 0.030814 2.673494 1.000000
0.022304 0.056649 2.684238 1.000000
-0.410846 -0.250092 2.625588 1.000000
0.003978 -0.166437 2.504661 1.000000
-0.396256 -0.313919 2.626807 0.459135
0.016853 -0.222191 2.472818 0.307692
-0.292594 -0.542444 2.700145 1.000000
-0.091301 -0.537944 2.673376 1.000000
-0.284891 -0.944873 2.760485 1.000000
-0.070322 -0.938560 2.742052 1.000000
-0.290142 -0.968368 2.604456 0.000000
-0.075398 -0.965479 2.586571 0.000000
-0.233208 0.560581 2.558566 1.000000
-0.398233 0.288038 2.694170 1.000000
-0.055850 0.316978 2.663167 1.000000
-0.245836 0.375515 2.539262 0.000000
-0.209712 0.162149 2.739038 0.000000
-0.369993 -0.055572 2.606318 0.490385
-0.029630 -0.028755 2.573405 1.000000
-0.188369 -0.047168 2.704117 0.000000
-0.440129 0.022785 2.678352 1.000000
0.029270 0.061808 2.665895 1.000000
-0.402155 -0.253632 2.625130 1.000000
-0.003228 -0.026242 2.397804 0.923077
-0.395418 -0.318762 2.626127 0.762019
-0.009900 -0.048486 2.336576 0.000000
-0.292059 -0.545413 2.704340 1.000000
-0.092227 -0.538960 2.673851 1.000000
-0.286911 -0.949306 2.754271 1.000000
-0.070910 -0.939993 2.739937 1.000000
-0.299668 -0.968772 2.598120 0.000000
-0.083815 -0.966244 2.584796 0.000000
-0.231766 0.558906 2.566398 1.000000
-0.397372 0.296036 2.697387 1.000000
-0.055214 0.320116 2.660328 1.000000
-0.246499 0.380374 2.539278 0.000000
-0.209816 0.167912 2.739915 0.000000
-0.367992 -0.046925 2.598157 0.750000
-0.026191 -0.026500 2.578069 1.000000
-0.190091 -0.041107 2.702752 0.000000
-0.441696 0.036317 2.676282 1.000000
0.064797 0.085050 2.646007 1.000000
-0.407520 -0.236661 2.629294 1.000000
-0.025332 0.083465 2.381872 0.500000
-0.397099 -0.301300 2.630504 0.661058
-0.025462 0.125097 2.331324 0.745192
-0.292913 -0.538682 2.701048 1.000000
-0.091586 -0.536005 2.670275 1.000000
-0.289326 -0.942374 2.752706 1.000000
-0.072536 -0.936552 2.739907 1.000000
-0.296803 -0.962456 2.596292 0.000000
-0.079894 -0.963902 2.584594 0.000000
-0.228321 0.562766 2.562989 1.000000
-0.390852 0.299610 2.690723 1.000000
-0.046313 0.287327 2.677798 0.000000
-0.220682 0.376564 2.549322 0.000000
-0.221810 0.148646 2.735852 0.000000
-0.366683 -0.043353 2.599517 0.721154
-0.024467 -0.040004 2.576592 1.000000
-0.187863 -0.045087 2.702681 0.000000
-0.445665 0.041508 2.675076 1.000000
0.043437 0.068129 2.560481 0.415385
-0.409092 -0.231439 2.629709 1.000000
-0.032372 0.227708 2.344418 1.000000
-0.397258 -0.295544 2.623490 0.627404
-0.049608 0.264818 2.293291 0.072115
-0.293599 -0.541193 2.700413 1.000000
-0.090316 -0.543851 2.672114 1.000000
-0.285224 -0.943838 2.759197 1.000000
-0.076117 -0.944595 2.741770 1.000000
-0.296251 -0.966814 2.603392 0.000000
-0.086085 -0.971920 2.586597 0.000000
-0.232066 0.542985 2.565754 1.000000
-0.369330 0.306709 2.670790 1.000000
-0.027273 0.272075 2.699472 0.605769
-0.178757 0.371169 2.550788 0.000000
-0.217145 0.145575 2.736192 0.000000
-0.358805 -0.046232 2.571839 1.000000
-0.017727 -0.053521 2.607360 1.000000
-0.200257 -0.054344 2.703821 0.000000
-0.449817 0.057885 2.692371 1.000000
0.062916 0.164170 2.477932 1.000000
-0.414883 -0.211300 2.636779 1.000000
-0.043548 0.378695 2.338592 1.000000
-0.402659 -0.274164 2.623106 0.778846
-0.015489 0.434744 2.319636 0.728365
-0.290871 -0.542791 2.705549 1.000000
-0.092386 -0.556179 2.675943 1.000000
-0.289928 -0.946578 2.756584 1.000000
-0.072020 -0.956786 2.744853 1.000000
-0.275280 -0.966255 2.600627 0.000000
-0.056417 -0.982648 2.589894 0.000000
-0.227602 0.544850 2.578679 1.000000
-0.374121 0.306802 2.690330 1.000000
-0.029242 0.298852 2.685833 0.673077
-0.201463 0.387923 2.554380 0.000000
-0.204395 0.157212 2.737423 0.000000
-0.358827 -0.035455 2.582592 1.000000
-0.015978 -0.039565 2.591915 1.000000
-0.190621 -0.046142 2.701819 0.000000
-0.449348 0.056417 2.687559 1.000000
0.065765 0.260450 2.445294 1.000000
-0.410061 -0.212519 2.639116 1.000000
-0.034383 0.481441 2.313576 1.000000
-0.402865 -0.277170 2.631587 0.846154
-0.032640 0.546171 2.323336 1.000000
-0.293512 -0.532528 2.699120 1.000000
-0.092368 -0.542558 2.670399 1.000000
-0.285464 -0.934916 2.759686 1.000000
-0.072130 -0.942149 2.745007 1.000000
-0.282949 -0.958362 2.603581 0.000000
-0.068289 -0.970929 2.589824 0.000000
-0.223264 0.553550 2.573177 1.000000
-0.369865 0.306304 2.692097 1.000000
-0.025514 0.297270 2.672963 0.759615
-0.203095 0.383334 2.546742 0.000000
-0.198516 0.157529 2.735772 0.000000
-0.359361 -0.035435 2.588866 1.000000
-0.016561 -0.041048 2.578618 1.000000
-0.184674 -0.046699 2.698319 0.000000
-0.451740 0.058495 2.699205 1.000000
0.034737 0.350759 2.424625 1.000000
-0.412673 -0.207405 2.637821 1.000000
-0.026851 0.585570 2.293982 1.000000
-0.404353 -0.271347 2.626402 0.778846
-0.038296 0.650015 2.296017 1.000000
-0.292604 -0.533603 2.697964 1.000000
-0.093758 -0.543011 2.666274 1.000000
-0.286957 -0.937001 2.751695 1.000000
-0.074847 -0.941321 2.747767 1.000000
-0.293193 -0.957915 2.595335 0.000000
-0.079903 -0.973180 2.593223 0.000000
-0.215255 0.555428 2.570251 1.000000
-0.386636 0.292947 2.721697 1.000000
-0.072754 0.307994 2.612264 1.000000
-0.274916 0.359083 2.526714 0.000000
-0.193229 0.167134 2.734617 0.000000
-0.353186 -0.036566 2.643005 0.894231
-0.030981 -0.058540 2.527462 1.000000
-0.153387 -0.049148 2.693447 0.000000
-0.445954 0.039148 2.695299 1.000000
-0.006464 0.482678 2.428633 1.000000
-0.402313 -0.225592 2.628035 1.000000
-0.036362 0.702748 2.263733 1.000000
-0.394785 -0.290001 2.618919 0.745192
-0.052242 0.766234 2.261391 1.000000
-0.292554 -0.546610 2.696355 1.000000
-0.091977 -0.549935 2.672702 1.000000
-0.292186 -0.948978 2.757587 1.000000
-0.072262 -0.950332 2.743003 1.000000
-0.347435 -0.971277 2.611386 0.000000
-0.127013 -0.978551 2.597639 0.000000
-0.212005 0.571301 2.573568 1.000000
-0.390416 0.272472 2.743587 1.000000
-0.092407 0.322752 2.605541 1.000000
-0.305434 0.361688 2.544358 0.000000
-0.187183 0.163663 2.727506 0.000000
-0.351862 -0.038625 2.651140 0.711538
-0.043471 -0.042249 2.501035 1.000000
-0.147409 -0.043339 2.679412 0.000000
-0.443265 0.020230 2.686738 1.000000
-0.038910 0.519315 2.437757 1.000000
-0.389705 -0.245406 2.621749 1.000000
-0.060694 0.735470 2.263236 1.000000
-0.390699 -0.310806 2.624936 0.829327
-0.072174 0.799519 2.255874 1.000000
-0.294436 -0.542497 2.693640 1.000000
-0.087856 -0.535085 2.666975 1.000000
-0.289690 -0.944758 2.755389 1.000000
-0.070744 -0.934741 2.742021 1.000000
-0.360316 -0.966995 2.615955 0.000000
-0.138433 -0.963857 2.602396 0.000000
-0.213926 0.563288 2.573585 1.000000
-0.412975 0.248766 2.744989 1.000000
-0.121981 0.331877 2.604227 1.000000
-0.339180 0.338993 2.541796 0.057692
-0.197041 0.167172 2.734188 0.000000
-0.354185 -0.048624 2.650943 0.923077
-0.046411 -0.033117 2.500331 1.000000
-0.149705 -0.042863 2.678819 0.000000
-0.440228 -0.007709 2.682229 1.000000
-0.048313 0.526493 2.439428 1.000000
-0.388683 -0.274736 2.614414 1.000000
-0.090208 0.738239 2.260633 1.000000
-0.384237 -0.339394 2.623789 0.812500
-0.100583 0.802332 2.252112 1.000000
-0.292547 -0.546330 2.692089 1.000000
-0.086172 -0.531491 2.665151 1.000000
-0.291317 -0.948529 2.754410 1.000000
-0.069025 -0.931155 2.740143 1.000000
-0.360955 -0.970432 2.614426 0.000000
-0.136862 -0.960251 2.600586 0.000000
-0.209033 0.550507 2.569590 1.000000
-0.408168 0.251820 2.735068 1.000000
-0.107724 0.308620 2.607448 1.000000
-0.318550 0.336635 2.535948 0.206731
-0.200354 0.150812 2.731500 0.000000
-0.351573 -0.056915 2.644187 0.778846
-0.037303 -0.052493 2.506842 1.000000
-0.148392 -0.057707 2.680780 0.000000
-0.438479 -0.004079 2.667903 1.000000
-0.039881 0.512555 2.450214 1.000000
-0.382009 -0.273641 2.611230 1.000000
-0.071099 0.710612 2.253078 1.000000
-0.379511 -0.338973 2.614937 0.778846
-0.104721 0.762173 2.230734 1.000000
-0.294167 -0.556548 2.696601 1.000000
-0.086249 -0.547657 2.670073 1.000000
-0.291791 -0.959181 2.756013 1.000000
-0.071821 -0.947087 2.746861 1.000000
-0.356019 -0.980605 2.613394 0.000000
-0.133159 -0.976684 2.604432 0.000000
-0.210435 0.546407 2.573072 1.000000
-0.408258 0.274395 2.723545 1.000000
-0.100982 0.313598 2.605989 1.000000
-0.307510 0.347094 2.524954 0.000000
-0.204895 0.165006 2.732451 0.000000
-0.353254 -0.050115 2.638820 0.701923
-0.033471 -0.044627 2.514895 1.000000
-0.151811 -0.049075 2.684006 0.000000
-0.441544 0.014352 2.681915 1.000000
0.004949 0.509457 2.461486 1.000000
-0.397129 -0.254866 2.617803 1.000000
0.054231 0.709362 2.271299 1.000000
-0.376119 -0.315160 2.603262 1.000000
0.034663 0.767898 2.249416 1.000000
-0.293787 -0.549474 2.695713 1.000000
-0.090675 -0.543058 2.666796 1.000000
-0.293051 -0.952478 2.752603 1.000000
-0.076141 -0.942189 2.745102 1.000000
-0.350811 -0.973119 2.607130 0.000000
-0.131591 -0.972589 2.600445 0.000000
-0.217903 0.568326 2.579465 1.000000
-0.398224 0.308740 2.717890 1.000000
-0.086844 0.338349 2.603003 1.000000
-0.293196 0.375593 2.519462 0.000000
-0.197861 0.194369 2.731146 0.000000
-0.354406 -0.026206 2.639477 0.653846
-0.033160 -0.033678 2.519500 1.000000
-0.153602 -0.031342 2.687163 0.000000
-0.448487 0.050176 2.691890 1.000000
0.060873 0.510334 2.466408 1.000000
-0.404304 -0.219599 2.633766 1.000000
0.198658 0.692575 2.305434 1.000000
-0.398041 -0.283702 2.621940 0.879808
0.222556 0.753480 2.308196 1.000000
-0.294539 -0.530870 2.694060 1.000000
-0.098434 -0.533011 2.653507 1.000000
-0.293850 -0.933700 2.752169 1.000000
-0.076069 -0.930937 2.735991 1.000000
-0.350440 -0.954838 2.606308 0.000000
-0.130756 -0.963938 2.591613 0.000000
-0.222417 0.596677 2.569881 1.000000
-0.388740 0.296481 2.709450 1.000000
-0.075625 0.351282 2.598748 1.000000
-0.286285 0.379601 2.515884 0.000000
-0.181879 0.193944 2.719284 0.000000
-0.361739 -0.019316 2.633046 0.509615
-0.039887 -0.029082 2.514872 1.000000
-0.161243 -0.025732 2.681857 0.000000
-0.449102 0.045821 2.698570 1.000000
0.089037 0.502046 2.469330 1.000000
-0.407967 -0.217399 2.641398 1.000000
0.268293 0.655177 2.332715 1.000000
-0.399973 -0.277832 2.617478 0.829327
0.321212 0.688953 2.351343 1.000000
-0.294339 -0.524447 2.692707 1.000000
-0.098052 -0.527107 2.648160 1.000000
-0.296853 -0.926782 2.754103 1.000000
-0.074466 -0.921995 2.743849 1.000000
-0.351909 -0.948766 2.607782 0.000000
-0.128009 -0.959985 2.600272 0.000000
-0.230751 0.598313 2.581062 1.000000
-0.381721 0.307610 2.710102 1.000000
-0.064654 0.350194 2.607279 1.000000
-0.271446 0.386313 2.519002 0.000000
-0.179192 0.197359 2.725222 0.000000
-0.360800 -0.016118 2.632922 1.000000
-0.035947 -0.027069 2.523379 1.000000
-0.161720 -0.023758 2.687064 0.000000
-0.450090 0.061663 2.690390 1.000000
0.073686 0.497504 2.450069 1.000000
-0.414478 -0.201848 2.641601 1.000000
0.207715 0.674603 2.295930 1.000000
-0.405091 -0.262754 2.619451 0.896635
0.242463 0.728416 2.309530 1.000000
-0.294615 -0.523261 2.686257 1.000000
-0.095602 -0.525443 2.650504 1.000000
-0.292339 -0.924569 2.754047 1.000000
-0.074768 -0.922349 2.738144 1.000000
-0.344085 -0.949698 2.607026 0.000000
-0.124794 -0.957134 2.592501 0.000000
-0.226812 0.598965 2.575722 1.000000
-0.379437 0.304635 2.710690 1.000000
-0.060702 0.352558 2.611697 1.000000
-0.268016 0.387949 2.522228 0.000000
-0.175915 0.196251 2.725969 0.000000
-0.355963 -0.015589 2.633147 0.769231
-0.030235 -0.027909 2.526382 1.000000
-0.157404 -0.024492 2.688982 0.000000
-0.440796 0.060719 2.670844 1.000000
0.055396 0.492638 2.433521 1.000000
-0.412106 -0.203839 2.632288 1.000000
0.077990 0.698708 2.262275 1.000000
-0.394358 -0.263127 2.610883 0.829327
0.087641 0.762818 2.271492 1.000000
-0.293600 -0.524850 2.675825 1.000000
-0.094534 -0.525765 2.654537 1.000000
-0.291639 -0.924933 2.750517 1.000000
-0.074511 -0.923913 2.736555 1.000000
-0.342814 -0.952584 2.603748 0.000000
-0.123728 -0.956549 2.590141 0.000000
-0.222800 0.599661 2.582856 1.000000
-0.372736 0.294975 2.728800 1.000000
-0.056620 0.326205 2.619649 1.000000
-0.262649 0.384516 2.542421 0.225962
-0.178037 0.170526 2.726242 0.000000
-0.352753 -0.024632 2.636513 1.000000
-0.031242 -0.033374 2.517335 1.000000
-0.152165 -0.032893 2.684667 0.000000
-0.439889 0.060463 2.647550 1.000000
0.005832 0.489113 2.430790 1.000000
-0.407122 -0.208103 2.625133 1.000000
-0.096040 0.681552 2.268638 1.000000
-0.396924 -0.268576 2.602170 1.000000
-0.129032 0.737952 2.272982 1.000000
-0.293173 -0.532599 2.674803 1.000000
-0.091062 -0.529804 2.658359 1.000000
-0.289978 -0.932584 2.749977 1.000000
-0.070894 -0.928405 2.738104 1.000000
-0.346924 -0.960221 2.605346 0.000000
-0.125417 -0.960118 2.593377 0.000000
-0.197341 0.573420 2.575007 1.000000
-0.382451 0.297151 2.733935 1.000000
-0.069743 0.319044 2.617751 1.000000
-0.274702 0.380193 2.543231 0.000000
-0.190530 0.168497 2.729888 0.000000
-0.350100 -0.029527 2.637322 1.000000
-0.030465 -0.036305 2.513077 1.000000
-0.148773 -0.037942 2.682260 0.000000
-0.437866 0.059219 2.649051 1.000000
0.002763 0.493861 2.441486 1.000000
-0.402061 -0.209973 2.620264 1.000000
-0.102233 0.680830 2.272391 1.000000
-0.388506 -0.270563 2.599447 0.980769
-0.143250 0.731877 2.272682 1.000000
-0.291573 -0.536421 2.675866 1.000000
-0.088093 -0.531375 2.661912 1.000000
-0.291368 -0.935909 2.753698 1.000000
-0.068856 -0.930568 2.738878 1.000000
-0.350345 -0.963944 2.609961 0.000000
-0.125470 -0.961095 2.594699 0.000000
-0.202804 0.565216 2.561807 1.000000
-0.391536 0.297208 2.700999 1.000000
-0.069346 0.322203 2.619422 1.000000
-0.265025 0.373933 2.519390 0.000000
-0.197499 0.173984 2.724819 0.000000
-0.346570 -0.032833 2.620635 0.826923
-0.015290 -0.043077 2.532330 1.000000
-0.151439 -0.041397 2.687517 0.000000
-0.439357 0.046237 2.650985 1.000000
0.027710 0.500225 2.456136 1.000000
-0.398860 -0.223752 2.618909 1.000000
-0.031229 0.711636 2.290621 1.000000
-0.392465 -0.286283 2.600545 0.795673
-0.061457 0.769224 2.282996 1.000000
-0.288750 -0.539547 2.676267 1.000000
-0.087357 -0.539870 2.663811 1.000000
-0.291793 -0.939577 2.751205 1.000000
-0.066664 -0.938635 2.742599 1.000000
-0.334370 -0.967256 2.601721 0.000000
-0.107617 -0.970231 2.593438 0.000000
-0.203143 0.582984 2.581027 1.000000
-0.383643 0.308924 2.696176 1.000000
-0.061953 0.342399 2.611720 1.000000
-0.260679 0.387846 2.513078 0.000000
-0.186071 0.191325 2.719364 0.000000
-0.353918 -0.017548 2.616877 0.913462
-0.023832 -0.032512 2.524853 1.000000
-0.158136 -0.027828 2.681578 0.000000
-0.434685 0.059874 2.646901 1.000000
0.088247 0.505201 2.477576 1.000000
-0.412779 -0.212268 2.631886 1.000000
0.158514 0.731104 2.340477 1.000000
-0.402802 -0.275598 2.618546 0.795673
0.155355 0.795608 2.351318 1.000000
-0.291159 -0.525099 2.678037 1.000000
-0.091271 -0.528275 2.654584 1.000000
-0.292914 -0.924620 2.755681 1.000000
-0.071654 -0.926535 2.736156 1.000000
-0.337021 -0.953353 2.606840 0.000000
-0.114664 -0.959045 2.587772 0.000000
-0.220271 0.599058 2.578271 1.000000
-0.386472 0.313203 2.692874 1.000000
-0.064152 0.336980 2.608255 1.000000
-0.261483 0.383652 2.507702 0.000000
-0.191562 0.192108 2.720217 0.000000
-0.352575 -0.018089 2.619977 1.000000
-0.021947 -0.033014 2.529913 1.000000
-0.157185 -0.028465 2.685838 0.000000
-0.445017 0.064066 2.667727 1.000000
0.106290 0.493071 2.495497 1.000000
-0.412814 -0.203238 2.632509 1.000000
0.246369 0.694647 2.379419 1.000000
-0.399020 -0.265675 2.618378 0.930288
0.275158 0.750072 2.399104 0.947115
-0.291777 -0.525411 2.681835 1.000000
-0.091145 -0.531021 2.649425 1.000000
-0.289615 -0.925460 2.756706 1.000000
-0.070834 -0.928234 2.735787 1.000000
-0.333217 -0.953601 2.607604 0.000000
-0.112622 -0.962616 2.587476 0.000000
-0.217498 0.600112 2.572335 1.000000
-0.386109 0.306141 2.686257 1.000000
-0.062266 0.338874 2.607786 1.000000
-0.259510 0.382074 2.504376 0.000000
-0.188847 0.189407 2.715627 0.000000
-0.355209 -0.022076 2.613660 1.000000
-0.022970 -0.033176 2.529143 1.000000
-0.160790 -0.028736 2.682793 0.000000
-0.444873 0.056669 2.673124 1.000000
0.111296 0.492592 2.497747 1.000000
-0.411184 -0.209002 2.631716 1.000000
0.277437 0.669948 2.377860 1.000000
-0.400756 -0.272572 2.619951 0.862981
0.320067 0.714955 2.398961 1.000000
-0.292174 -0.527754 2.680543 1.000000
-0.092064 -0.533071 2.644376 1.000000
-0.291896 -0.928586 2.751131 1.000000
-0.074148 -0.929229 2.735956 1.000000
-0.332375 -0.955079 2.600851 0.000000
-0.112685 -0.965364 2.587182 0.000000
-0.219171 0.598154 2.572452 1.000000
-0.377383 0.310722 2.713253 1.000000
-0.059460 0.340244 2.608029 1.000000
-0.265200 0.388593 2.522924 0.000000
-0.180393 0.190343 2.723537 0.000000
-0.350221 -0.020736 2.632722 0.788462
-0.026910 -0.040229 2.519855 1.000000
-0.150797 -0.032493 2.684823 0.000000
-0.440348 0.067932 2.668630 1.000000
0.097415 0.482985 2.466897 1.000000
-0.414708 -0.197524 2.633448 1.000000
0.229474 0.668168 2.323267 1.000000
-0.395874 -0.258229 2.617688 0.728365
0.254030 0.728104 2.332908 1.000000
-0.290450 -0.531023 2.680527 1.000000
-0.090851 -0.536076 2.649254 1.000000
-0.290550 -0.932323 2.748405 1.000000
-0.069918 -0.932989 2.736839 1.000000
-0.344602 -0.957049 2.602147 0.000000
-0.122388 -0.967707 2.592042 0.000000
-0.215092 0.593474 2.563415 1.000000
-0.375861 0.307601 2.726117 1.000000
-0.060392 0.326118 2.612070 1.000000
-0.266376 0.382187 2.532924 0.000000
-0.183121 0.180186 2.730421 0.000000
-0.348482 -0.023176 2.637296 0.913462
-0.027786 -0.038934 2.516652 1.000000
-0.147788 -0.033688 2.684564 0.000000
-0.436944 0.066933 2.668979 1.000000
0.084383 0.468569 2.458237 1.000000
-0.402300 -0.197031 2.630247 1.000000
0.172473 0.668336 2.301040 1.000000
-0.395796 -0.260422 2.615164 0.963942
0.173659 0.732852 2.289878 1.000000
-0.290470 -0.532767 2.678966 1.000000
-0.088950 -0.534657 2.653316 1.000000
-0.289970 -0.933545 2.749861 1.000000
-0.071098 -0.933346 2.733176 1.000000
-0.347644 -0.959214 2.605156 0.000000
-0.126968 -0.964748 2.588895 0.000000
-0.216028 0.583732 2.573289 1.000000
-0.366358 0.282258 2.718216 1.000000
-0.052463 0.351220 2.610264 1.000000
-0.265971 0.377438 2.529173 0.000000
-0.156841 0.184911 2.723505 0.000000
-0.351340 -0.026195 2.636116 1.000000
-0.029658 -0.033118 2.517283 1.000000
-0.150728 -0.032159 2.684506 0.000000
-0.445264 0.043420 2.673506 1.000000
0.081856 0.484076 2.438287 1.000000
-0.399825 -0.218766 2.629195 1.000000
0.129068 0.691623 2.272561 1.000000
-0.390242 -0.280672 2.610118 0.795673
0.126427 0.756665 2.279688 1.000000
-0.290489 -0.532543 2.681373 1.000000
-0.087266 -0.531019 2.654424 1.000000
-0.291518 -0.933271 2.752544 1.000000
-0.076593 -0.929223 2.737907 1.000000
-0.347629 -0.958936 2.607226 0.000000
-0.130389 -0.961058 2.592935 0.000000
-0.215428 0.586116 2.573597 1.000000
-0.374375 0.311774 2.712469 1.000000
-0.051919 0.333785 2.617942 1.000000
-0.253581 0.392944 2.528909 0.000000
-0.182199 0.183933 2.723742 0.000000
-0.350137 -0.021255 2.627532 1.000000
-0.022748 -0.032525 2.525856 1.000000
-0.152462 -0.029950 2.686450 0.000000
-0.427334 0.067043 2.662290 1.000000
0.065632 0.476097 2.441464 1.000000
-0.414039 -0.200644 2.632671 1.000000
0.105383 0.684010 2.274423 1.000000
-0.400567 -0.263128 2.618441 0.913462
0.104633 0.749481 2.273335 1.000000
-0.289659 -0.528990 2.677407 1.000000
-0.087739 -0.529418 2.658033 1.000000
-0.288059 -0.929452 2.750051 1.000000
-0.072526 -0.928830 2.734766 1.000000
-0.336849 -0.956440 2.602350 0.000000
-0.119480 -0.958990 2.587083 0.000000
-0.223801 0.588524 2.574345 1.000000
-0.369858 0.279874 2.713719 1.000000
-0.050499 0.330313 2.616024 1.000000
-0.258338 0.372288 2.529608 0.000000
-0.167290 0.168991 2.722278 0.000000
-0.350177 -0.030157 2.633417 1.000000
-0.025065 -0.041104 2.524645 1.000000
-0.151207 -0.037251 2.688034 0.000000
-0.434973 0.037447 2.666192 1.000000
0.065910 0.475350 2.440859 1.000000
-0.399133 -0.227208 2.628192 1.000000
0.113643 0.677738 2.269013 1.000000
-0.388817 -0.290560 2.615218 0.896635
0.105811 0.742389 2.262140 1.000000
-0.289444 -0.537930 2.681069 1.000000
-0.085612 -0.536816 2.663908 1.000000
-0.290593 -0.937205 2.759985 1.000000
-0.069808 -0.937078 2.735943 1.000000
-0.342556 -0.965966 2.613708 0.000000
-0.120044 -0.965508 2.588999 0.000000
-0.214504 0.575965 2.578193 1.000000
-0.374707 0.309718 2.714861 1.000000
-0.049686 0.326850 2.622543 1.000000
-0.251034 0.390724 2.533156 0.000000
-0.185041 0.178176 2.726052 0.000000
-0.349659 -0.026431 2.627827 1.000000
-0.021361 -0.034728 2.528828 1.000000
-0.152423 -0.034083 2.688342 0.000000
-0.433005 0.065949 2.670515 1.000000
0.075401 0.453112 2.440335 1.000000
-0.406379 -0.198758 2.632356 1.000000
0.130403 0.646515 2.261997 1.000000
-0.400170 -0.263652 2.626152 0.829327
0.128836 0.710214 2.246891 1.000000
-0.291054 -0.532359 2.681695 1.000000
-0.085668 -0.531856 2.662466 1.000000
-0.288029 -0.932374 2.756717 1.000000
-0.070734 -0.931217 2.739514 1.000000
-0.335728 -0.960464 2.608865 0.000000
-0.116164 -0.961495 2.591379 0.000000
-0.218544 0.584900 2.575859 1.000000
-0.367225 0.312863 2.713716 1.000000
-0.031726 0.330969 2.644869 0.826923
-0.230242 0.399963 2.544828 0.000000
-0.179682 0.179255 2.733170 0.000000
-0.352390 -0.015579 2.619593 1.000000
-0.018135 -0.029101 2.543833 1.000000
-0.160011 -0.026028 2.693780 0.000000
-0.436182 0.070168 2.668764 1.000000
0.091524 0.413185 2.435760 1.000000
-0.410807 -0.196240 2.628671 1.000000
0.148664 0.587164 2.236534 1.000000
-0.399839 -0.259586 2.616211 0.896635
0.165192 0.640363 2.202110 1.000000
-0.288677 -0.524222 2.676943 1.000000
-0.085106 -0.526376 2.662534 1.000000
-0.288121 -0.924313 2.751616 1.000000
-0.072001 -0.925561 2.740822 1.000000
-0.324983 -0.952527 2.600719 0.000000
-0.107365 -0.956290 2.590058 0.000000
-0.215746 0.577223 2.567827 1.000000
-0.364475 0.312675 2.702026 1.000000
-0.023834 0.313929 2.647837 0.942308
-0.216294 0.388634 2.537264 0.000000
-0.184245 0.171552 2.733704 0.000000
-0.352637 -0.024196 2.601504 0.807692
-0.012504 -0.038107 2.559493 1.000000
-0.168587 -0.033679 2.694553 0.000000
-0.436665 0.066968 2.669837 1.000000
0.120785 0.351135 2.437313 1.000000
-0.406193 -0.201403 2.633451 1.000000
0.150961 0.515915 2.222342 1.000000
-0.397727 -0.265413 2.622528 0.661058
0.153243 0.562934 2.176820 0.795673
-0.289294 -0.529892 2.684322 1.000000
-0.088188 -0.536584 2.664586 1.000000
-0.289828 -0.931149 2.752455 1.000000
-0.067909 -0.936529 2.737262 1.000000
-0.310993 -0.957312 2.598208 0.000000
-0.088376 -0.965521 2.583428 0.000000
-0.213258 0.570978 2.567237 1.000000
-0.369633 0.306379 2.694228 1.000000
-0.026945 0.318882 2.656371 1.000000
-0.216235 0.391052 2.538751 0.000000
-0.186946 0.169659 2.730762 0.000000
-0.355012 -0.032252 2.599894 0.961538
-0.014760 -0.031490 2.556569 1.000000
-0.170367 -0.035214 2.692197 0.000000
-0.440027 0.056052 2.673501 1.000000
0.136218 0.193295 2.496201 1.000000
-0.405091 -0.213748 2.630414 1.000000
0.140331 0.335310 2.260226 1.000000
-0.399264 -0.278707 2.624536 0.762019
0.146039 0.378668 2.211485 1.000000
-0.290737 -0.531148 2.690708 1.000000
-0.087736 -0.533579 2.665708 1.000000
-0.285016 -0.932792 2.756270 1.000000
-0.068356 -0.933559 2.738436 1.000000
-0.305958 -0.958292 2.601882 0.000000
-0.088028 -0.962505 2.584489 0.000000
-0.222787 0.572484 2.573717 1.000000
-0.380619 0.304368 2.697667 1.000000
-0.039603 0.322945 2.648800 1.000000
-0.233966 0.386075 2.534295 0.000000
-0.193765 0.173332 2.733957 0.000000
-0.358918 -0.035730 2.596121 1.000000
-0.017531 -0.028400 2.563716 1.000000
-0.177267 -0.037099 2.694220 0.000000
-0.441837 0.049821 2.674920 1.000000
0.105921 0.126803 2.551791 1.000000
-0.403105 -0.221299 2.630302 1.000000
0.124796 0.208490 2.287278 0.923077
-0.398900 -0.286303 2.623591 0.745192
0.131776 0.238259 2.229370 0.728365
-0.291103 -0.531090 2.695736 1.000000
-0.088863 -0.533154 2.664979 1.000000
-0.288681 -0.933587 2.756063 1.000000
-0.066520 -0.932474 2.740437 1.000000
-0.303343 -0.956973 2.600619 0.000000
-0.080587 -0.962431 2.586070 0.000000
-0.224943 0.575293 2.570927 1.000000
-0.385787 0.298830 2.706694 1.000000
-0.047742 0.321864 2.641733 1.000000
-0.248167 0.380910 2.535822 0.000000
-0.195485 0.170938 2.735515 0.000000
-0.356522 -0.038304 2.616593 0.980769
-0.020472 -0.036422 2.547921 1.000000
-0.165480 -0.038903 2.694854 0.000000
-0.437626 0.043413 2.670900 1.000000
0.083047 0.096264 2.607013 1.000000
-0.403522 -0.229743 2.633704 1.000000
0.109302 0.098526 2.330489 0.076923
-0.393682 -0.291998 2.615936 0.778846
0.117161 0.107382 2.266083 0.644231
-0.293140 -0.538117 2.694805 1.000000
-0.088201 -0.538544 2.665891 1.000000
-0.287352 -0.940678 2.754471 1.000000
-0.068344 -0.937958 2.741542 1.000000
-0.320028 -0.963783 2.601752 0.000000
-0.099213 -0.968251 2.589707 0.000000
-0.224281 0.568121 2.563326 1.000000
-0.392812 0.297557 2.702937 1.000000
-0.053609 0.323801 2.645684 1.000000
-0.252068 0.385792 2.537772 0.000000
-0.202658 0.169339 2.731285 0.000000
-0.359614 -0.036536 2.602266 0.759615
-0.019820 -0.029163 2.556063 1.000000
-0.174192 -0.034829 2.693029 0.000000
-0.438187 0.038470 2.668008 1.000000
0.049433 0.079295 2.647585 1.000000
-0.400975 -0.235940 2.625458 1.000000
0.079804 -0.090340 2.426682 1.000000
-0.396426 -0.301259 2.624441 0.762019
0.092742 -0.116765 2.368180 0.408654
-0.292213 -0.533887 2.691186 1.000000
-0.089875 -0.533259 2.666125 1.000000
-0.289227 -0.935456 2.757387 1.000000
-0.067276 -0.932948 2.739523 1.000000
-0.310541 -0.961056 2.603067 0.000000
-0.087599 -0.962336 2.585745 0.000000
-0.228833 0.572661 2.572995 1.000000
-0.384074 0.291879 2.693341 1.000000
-0.043937 0.318147 2.641942 1.000000
-0.240522 0.376563 2.528735 0.000000
-0.194010 0.165233 2.728527 0.000000
-0.361633 -0.040011 2.601076 0.500000
-0.021624 -0.033450 2.556351 1.000000
-0.176575 -0.040519 2.692596 0.000000
-0.432767 0.030410 2.660560 1.000000
0.036941 0.063213 2.658649 1.000000
-0.398328 -0.248537 2.627885 1.000000
0.067582 -0.173088 2.506045 1.000000
-0.394831 -0.313700 2.622431 0.694712
0.080357 -0.223868 2.466721 0.475962
-0.291956 -0.537000 2.693008 1.000000
-0.090740 -0.536979 2.666014 1.000000
-0.289945 -0.940039 2.749623 1.000000
-0.067524 -0.936758 2.738723 1.000000
-0.310281 -0.961916 2.594600 0.000000
-0.087298 -0.965896 2.584825 0.000000
-0.223393 0.563189 2.557859 1.000000
-0.386884 0.294232 2.687027 1.000000
-0.044915 0.312909 2.645397 1.000000
-0.236851 0.372075 2.524842 0.000000
-0.200433 0.165022 2.731103 0.000000
-0.365206 -0.049111 2.593249 0.307692
-0.024129 -0.029121 2.562985 0.673077
-0.184338 -0.042117 2.692548 0.000000
-0.433717 0.030244 2.663035 1.000000
0.031773 0.055304 2.660119 1.000000
-0.399694 -0.249131 2.623314 1.000000
0.040841 -0.216082 2.576133 1.000000
-0.393860 -0.314355 2.623059 0.795673
0.050379 -0.267234 2.536375 0.677885
-0.291460 -0.540273 2.696144 1.000000
-0.088452 -0.537519 2.663419 1.000000
-0.288157 -0.943630 2.750379 1.000000
-0.068177 -0.936487 2.741281 1.000000
-0.300335 -0.964703 2.594391 0.000000
-0.079959 -0.967219 2.586874 0.000000
-0.223071 0.565452 2.561620 1.000000
-0.382303 0.288561 2.684882 1.000000
-0.041648 0.308823 2.634200 1.000000
-0.237008 0.365135 2.517851 0.000000
-0.193926 0.161139 2.725866 0.000000
-0.371601 -0.047652 2.592137 0.278846
-0.030191 -0.041131 2.559800 0.730769
-0.190007 -0.047263 2.690351 0.000000
-0.433571 0.021251 2.663583 1.000000
0.024265 0.044849 2.656792 1.000000
-0.400826 -0.262383 2.623795 1.000000
0.014358 -0.240034 2.613821 1.000000
-0.394026 -0.327493 2.625431 0.627404
0.004309 -0.303904 2.603435 1.000000
-0.290179 -0.543585 2.696010 1.000000
-0.089034 -0.542759 2.670401 1.000000
-0.288628 -0.946674 2.752276 1.000000
-0.069200 -0.942794 2.742705 1.000000
-0.302717 -0.968466 2.596548 0.000000
-0.083279 -0.971438 2.588090 0.000000
-0.221601 0.562103 2.558293 1.000000
-0.380462 0.289989 2.683145 1.000000
-0.038797 0.312491 2.640910 1.000000
-0.231598 0.369799 2.520837 0.000000
-0.192525 0.162738 2.726604 0.000000
-0.372705 -0.047854 2.590582 0.259615
-0.031025 -0.036711 2.562664 0.528846
-0.192428 -0.044726 2.691145 0.000000
-0.435863 0.023981 2.657580 1.000000
0.023425 0.047421 2.659604 1.000000
-0.400410 -0.259842 2.622493 1.000000
0.009414 -0.236779 2.614029 1.000000
-0.392972 -0.324902 2.622239 0.526442
-0.001810 -0.301282 2.612733 0.576923
-0.289213 -0.542044 2.697300 1.000000
-0.083239 -0.539546 2.670151 1.000000
-0.286719 -0.945573 2.750278 1.000000
-0.073426 -0.940253 2.740767 1.000000
-0.298311 -0.966139 2.594178 0.000000
-0.084356 -0.967847 2.585706 0.000000
-0.225449 0.564292 2.560565 1.000000
