-0.377725 0.399122 2.739872 1.000000
0.069504 0.382432 2.642552 1.000000
-0.169771 0.477711 2.604332 0.000000
-0.145163 0.236591 2.758774 0.000000
-0.358836 0.031349 2.673331 0.134615
0.042270 0.018980 2.578253 0.788462
-0.124268 0.022645 2.769620 0.000000
-0.413563 0.120060 2.689423 1.000000
0.089851 0.103185 2.700101 1.000000
-0.407600 -0.190732 2.634501 1.000000
0.126819 -0.209227 2.726107 1.000000
-0.380671 -0.262813 2.588310 0.341346
0.060410 -0.267723 2.711189 0.745192
-0.265239 -0.594978 2.686195 1.000000
-0.021189 -0.591398 2.692493 1.000000
-0.274372 -1.088087 2.747584 1.000000
-0.007605 -1.084909 2.749692 1.000000
-0.327452 -1.114146 2.530363 0.000000
-0.059668 -1.111539 2.532295 0.000000
-0.147222 0.703533 2.547136 1.000000
-0.379947 0.400733 2.737888 1.000000
0.068576 0.388166 2.646054 1.000000
-0.170789 0.482527 2.606150 0.000000
-0.146628 0.239366 2.757432 0.000000
-0.365343 0.027482 2.672210 0.259615
0.039671 0.032293 2.594627 0.586538
-0.135014 0.028769 2.778589 0.000000
-0.417934 0.122838 2.684116 1.000000
0.109240 0.108574 2.687707 1.000000
-0.413740 -0.188391 2.633259 1.000000
0.106432 -0.204936 2.653486 1.000000
-0.417322 -0.277670 2.624848 0.206731
0.037909 -0.262849 2.651225 0.913462
-0.266201 -0.594128 2.681952 1.000000
-0.018537 -0.585042 2.691413 1.000000
-0.270341 -1.085901 2.753722 1.000000
-0.014871 -1.078219 2.752827 1.000000
-0.314101 -1.117430 2.535154 0.000000
-0.054182 -1.105898 2.532895 0.000000
-0.147624 0.709105 2.557096 1.000000
-0.381212 0.395783 2.742221 1.000000
0.067833 0.394857 2.652103 1.000000
-0.173077 0.486210 2.614570 0.000000
-0.145022 0.238120 2.756912 0.000000
-0.366521 0.025042 2.681744 0.240385
0.033849 0.038325 2.583733 0.644231
-0.131161 0.030788 2.776307 0.000000
-0.421119 0.119531 2.682344 1.000000
0.112544 0.114214 2.679189 1.000000
-0.425664 -0.190751 2.626756 1.000000
0.090728 -0.197033 2.634082 1.000000
-0.382625 -0.265891 2.603173 0.593750
0.036422 -0.267573 2.645462 0.795673
-0.264578 -0.594311 2.678473 1.000000
-0.017403 -0.581098 2.686720 1.000000
-0.274371 -1.085389 2.754333 1.000000
-0.018149 -1.074337 2.747734 1.000000
-0.328726 -1.117682 2.538269 0.000000
-0.067290 -1.101235 2.529690 0.000000
-0.151433 0.710274 2.555912 1.000000
-0.384376 0.391948 2.752239 1.000000
0.061510 0.388851 2.647643 1.000000
-0.179834 0.482189 2.618781 0.000000
-0.148956 0.232557 2.757802 0.000000
-0.367334 0.020606 2.674762 0.471154
0.036490 0.035602 2.592419 0.557692
-0.135837 0.026625 2.778410 0.000000
-0.425166 0.121956 2.672647 1.000000
0.109668 0.109263 2.667781 1.000000
-0.412312 -0.188530 2.626940 1.000000
0.086539 -0.200279 2.619775 1.000000
-0.415174 -0.271645 2.593203 0.257212
0.034426 -0.268378 2.646254 0.627404
-0.263074 -0.597845 2.683951 1.000000
-0.019884 -0.585662 2.684654 1.000000
-0.279852 -1.090126 2.750184 1.000000
-0.016578 -1.078822 2.746219 1.000000
-0.325077 -1.118018 2.531419 0.000000
-0.057582 -1.106514 2.526598 0.000000
-0.148982 0.709385 2.562771 1.000000
-0.383872 0.394874 2.764140 1.000000
0.059522 0.390969 2.649464 1.000000
-0.181384 0.487663 2.629303 0.000000
-0.150117 0.233041 2.758868 0.000000
-0.371026 0.019109 2.681089 0.192308
0.029858 0.038589 2.586267 0.596154
-0.136444 0.026230 2.777475 0.000000
-0.423176 0.134270 2.658646 1.000000
0.108950 0.111791 2.663751 1.000000
-0.409869 -0.175581 2.612851 1.000000
0.082508 -0.195846 2.609508 1.000000
-0.366577 -0.241396 2.569856 0.677885
0.034235 -0.265151 2.639855 0.812500
-0.262568 -0.598020 2.686660 1.000000
-0.019284 -0.582729 2.685489 1.000000
-0.277262 -1.090452 2.752265 1.000000
-0.013144 -1.075369 2.750891 1.000000
-0.328912 -1.117874 2.534868 0.000000
-0.060335 -1.104915 2.532759 0.000000
-0.157138 0.703692 2.558544 1.000000
-0.393928 0.390275 2.759940 1.000000
0.049328 0.392397 2.644688 1.000000
-0.194078 0.481540 2.620218 0.000000
-0.155958 0.234635 2.762280 0.000000
-0.368772 0.030192 2.685357 0.105769
0.029914 0.029381 2.579870 0.615385
-0.131639 0.026052 2.775470 0.000000
-0.426572 0.125744 2.664235 1.000000
0.104914 0.115181 2.660909 1.000000
-0.401671 -0.182102 2.615030 1.000000
0.098240 -0.194307 2.616379 1.000000
-0.346996 -0.226492 2.559400 0.778846
0.026875 -0.248712 2.615185 1.000000
-0.262952 -0.594001 2.678243 1.000000
-0.017834 -0.584850 2.683277 1.000000
-0.273610 -1.084303 2.758861 1.000000
-0.013485 -1.077712 2.747126 1.000000
-0.331148 -1.118397 2.543900 0.000000
-0.067620 -1.106256 2.530479 0.000000
-0.157080 0.716004 2.570823 1.000000
-0.392756 0.381058 2.766627 1.000000
0.046761 0.379572 2.637836 1.000000
-0.196145 0.472004 2.622180 0.000000
-0.156792 0.222541 2.759354 0.000000
-0.368167 0.021178 2.698444 0.048077
0.023909 0.014285 2.570742 0.721154
-0.126435 0.013588 2.775109 0.000000
-0.424327 0.117653 2.666438 1.000000
0.096279 0.102098 2.669031 1.000000
-0.387109 -0.185908 2.599065 1.000000
0.118305 -0.190936 2.560778 1.000000
-0.347575 -0.264457 2.616992 0.358173
0.053733 -0.236465 2.518210 0.391827
-0.261560 -0.604959 2.685434 1.000000
-0.013949 -0.595396 2.688767 1.000000
-0.278305 -1.097952 2.746150 1.000000
-0.018008 -1.088188 2.753170 1.000000
-0.347766 -1.121802 2.533341 0.000000
-0.083481 -1.115571 2.539524 0.000000
-0.163295 0.707361 2.586377 1.000000
-0.394516 0.388704 2.765890 1.000000
0.047171 0.383267 2.644866 1.000000
-0.194342 0.478653 2.625777 0.000000
-0.160293 0.227527 2.761324 0.000000
-0.358384 0.031549 2.688747 0.028846
0.036335 0.018636 2.569964 1.000000
-0.118536 0.021865 2.770898 0.000000
-0.423687 0.124065 2.668425 1.000000
0.099884 0.105925 2.671077 1.000000
-0.386668 -0.181862 2.613008 1.000000
0.198188 -0.119635 2.477448 1.000000
-0.392115 -0.264088 2.577461 0.274038
0.173019 -0.158802 2.400723 0.442308
-0.261548 -0.596146 2.677994 1.000000
-0.012065 -0.590296 2.687617 1.000000
-0.277709 -1.087104 2.753546 1.000000
-0.021797 -1.083688 2.746593 1.000000
-0.342837 -1.117785 2.540243 0.000000
-0.083466 -1.108186 2.531470 0.000000
-0.168793 0.709037 2.586061 1.000000
-0.389925 0.391918 2.758187 1.000000
0.056342 0.382446 2.655619 1.000000
-0.182112 0.484133 2.631294 0.000000
-0.159097 0.225879 2.755278 0.000000
-0.363177 0.031789 2.672419 0.192308
0.039275 0.025792 2.582555 1.000000
-0.129810 0.024605 2.771707 0.000000
-0.424256 0.125810 2.669406 1.000000
0.105668 0.104166 2.654664 1.000000
-0.404932 -0.181891 2.620845 1.000000
0.265979 0.030904 2.397090 1.000000
-0.352839 -0.240151 2.576727 0.829327
0.288598 0.002190 2.315124 0.576923
-0.258046 -0.593718 2.675267 1.000000
-0.019105 -0.586748 2.689286 1.000000
-0.273508 -1.084170 2.754176 1.000000
-0.010535 -1.080412 2.746127 1.000000
-0.322687 -1.117555 2.537040 0.000000
-0.058378 -1.106394 2.527684 0.000000
-0.171291 0.714352 2.604194 1.000000
-0.384098 0.397647 2.732449 1.000000
0.068152 0.377083 2.663090 1.000000
-0.167024 0.476605 2.612299 0.000000
-0.155235 0.231465 2.761846 0.000000
-0.367640 0.028100 2.656540 0.105769
0.040697 0.021355 2.599145 1.000000
-0.143007 0.018902 2.774121 0.000000
-0.418123 0.123879 2.680256 1.000000
0.203523 0.149570 2.569585 1.000000
-0.412127 -0.182020 2.629968 1.000000
0.340866 0.278298 2.323201 1.000000
-0.386963 -0.227221 2.556634 0.661058
0.426829 0.271010 2.298472 1.000000
-0.262181 -0.597101 2.676020 1.000000
-0.018451 -0.592096 2.685328 1.000000
-0.275927 -1.087848 2.753395 1.000000
-0.014829 -1.085272 2.746752 1.000000
-0.307888 -1.121681 2.533134 0.000000
-0.043592 -1.113076 2.525210 0.000000
-0.176099 0.719945 2.605322 1.000000
-0.378945 0.395989 2.715729 1.000000
0.073587 0.371614 2.649514 1.000000
-0.162598 0.461164 2.586353 0.000000
-0.148318 0.237511 2.766277 0.000000
-0.367005 0.018742 2.659513 0.211538
0.039226 0.016007 2.588465 1.000000
-0.138445 0.014729 2.769576 0.000000
-0.413718 0.119128 2.689173 1.000000
0.273431 0.239883 2.503653 1.000000
-0.421692 -0.182401 2.619656 1.000000
0.402801 0.438715 2.304794 1.000000
-0.384856 -0.248669 2.571635 0.745192
0.489708 0.437867 2.282417 1.000000
-0.265052 -0.604688 2.681674 1.000000
-0.023809 -0.599209 2.683133 1.000000
-0.277617 -1.096293 2.753618 1.000000
-0.011094 -1.089271 2.764902 1.000000
-0.317088 -1.127398 2.534173 0.000000
-0.047135 -1.126753 2.545865 0.000000
-0.180126 0.727826 2.625341 0.995192
-0.365677 0.392216 2.702650 1.000000
0.085563 0.369163 2.633812 1.000000
-0.151407 0.451248 2.567019 0.000000
-0.132526 0.240399 2.761398 0.000000
-0.364389 0.013504 2.664661 0.250000
0.040302 0.014139 2.585262 1.000000
-0.133584 0.013366 2.770013 0.000000
-0.416820 0.115344 2.704355 1.000000
0.307141 0.368614 2.460088 1.000000
-0.426150 -0.182370 2.615123 1.000000
0.500884 0.552754 2.301221 1.000000
-0.390083 -0.244298 2.561100 0.795673
0.571912 0.602955 2.323339 0.122596
-0.268750 -0.609049 2.677707 1.000000
-0.024349 -0.602840 2.681460 1.000000
-0.279009 -1.099514 2.757378 1.000000
-0.013435 -1.094737 2.751651 1.000000
-0.323820 -1.133975 2.539466 0.000000
-0.054525 -1.126898 2.532656 0.000000
-0.178289 0.731825 2.631351 0.899038
-0.362878 0.376849 2.697181 1.000000
0.083363 0.390319 2.620308 1.000000
-0.157140 0.448269 2.554482 0.000000
-0.116164 0.248927 2.757412 0.000000
-0.357791 0.022012 2.655540 0.451923
0.048120 0.008555 2.583884 1.000000
-0.129148 0.014994 2.765280 0.000000
-0.417942 0.099451 2.706157 1.000000
0.301654 0.462518 2.455388 1.000000
-0.419096 -0.198746 2.612784 1.000000
0.484142 0.658002 2.293755 1.000000
-0.438907 -0.286263 2.611156 0.391827
0.573634 0.659073 2.300423 1.000000
-0.266350 -0.604032 2.681647 1.000000
-0.018457 -0.603016 2.683559 1.000000
-0.270434 -1.096117 2.751250 1.000000
-0.015229 -1.096127 2.745522 1.000000
-0.311441 -1.126785 2.532026 0.000000
-0.053193 -1.124038 2.525384 0.000000
-0.162072 0.721292 2.659912 0.831731
-0.370988 0.367124 2.711544 1.000000
0.068874 0.401053 2.613156 1.000000
-0.175802 0.451070 2.561053 0.000000
-0.116658 0.247719 2.755340 0.000000
-0.356202 0.022154 2.666692 0.250000
0.045793 0.010558 2.575342 1.000000
-0.122472 0.015545 2.765162 0.000000
-0.414546 0.086733 2.710507 1.000000
0.278088 0.502079 2.450241 1.000000
-0.424759 -0.212944 2.619482 1.000000
0.455025 0.705511 2.290539 1.000000
-0.422246 -0.296179 2.586015 0.240385
0.544746 0.703706 2.289410 1.000000
-0.264139 -0.603886 2.680387 1.000000
-0.019011 -0.600530 2.687842 1.000000
-0.275082 -1.095173 2.754721 1.000000
-0.022233 -1.094470 2.742812 1.000000
-0.326448 -1.126845 2.537835 0.000000
-0.070856 -1.118470 2.524315 0.000000
-0.152959 0.713335 2.663754 0.846154
-0.374689 0.366885 2.716003 1.000000
0.061060 0.404611 2.608934 1.000000
-0.183273 0.454599 2.562843 0.000000
-0.118936 0.247869 2.751842 0.000000
-0.357185 0.023315 2.671721 0.048077
0.042722 0.015499 2.571258 1.000000
-0.121259 0.017263 2.764847 0.000000
-0.413668 0.085316 2.716970 1.000000
0.251899 0.531750 2.440953 1.000000
-0.414397 -0.215391 2.626874 1.000000
0.397739 0.758336 2.279919 1.000000
-0.417748 -0.295817 2.587191 0.206731
0.486909 0.764289 2.271693 1.000000
-0.263114 -0.601985 2.677591 1.000000
-0.021548 -0.596578 2.687444 1.000000
-0.276372 -1.093744 2.748345 1.000000
-0.014133 -1.090478 2.742367 1.000000
-0.332292 -1.123322 2.532291 0.000000
-0.068415 -1.115430 2.525313 0.000000
-0.150517 0.715266 2.672099 0.855769
-0.379021 0.367312 2.726959 1.000000
0.051996 0.402034 2.608545 1.000000
-0.191084 0.455683 2.569918 0.000000
-0.123730 0.244863 2.753262 0.000000
-0.358400 0.018734 2.679223 0.115385
0.038610 0.016222 2.567619 1.000000
-0.119909 0.015396 2.765712 0.000000
-0.412055 0.085528 2.712313 1.000000
0.217758 0.553235 2.434278 1.000000
-0.408790 -0.213578 2.617697 1.000000
0.306879 0.808734 2.275517 1.000000
-0.390590 -0.298430 2.594820 0.324519
0.391079 0.836104 2.260834 1.000000
-0.260987 -0.605283 2.678240 1.000000
-0.017359 -0.596226 2.690042 1.000000
-0.278920 -1.096492 2.751731 1.000000
-0.011347 -1.090271 2.743818 1.000000
-0.340335 -1.126345 2.537213 0.000000
-0.070885 -1.114480 2.528062 0.000000
-0.147455 0.712327 2.668928 1.000000
-0.372077 0.385499 2.734434 1.000000
0.055235 0.392994 2.609448 1.000000
-0.181785 0.461354 2.573727 0.000000
-0.124377 0.247708 2.757186 0.000000
-0.352876 0.029236 2.680032 0.000000
0.043428 0.015249 2.566780 1.000000
-0.114155 0.020868 2.765541 0.000000
-0.403524 0.105588 2.703532 1.000000
0.166432 0.571018 2.419089 1.000000
-0.409575 -0.198178 2.628614 1.000000
0.104272 0.844845 2.280963 1.000000
-0.361957 -0.269537 2.602253 0.644231
0.160240 0.913941 2.268813 1.000000
-0.261651 -0.598366 2.673981 1.000000
-0.014642 -0.593850 2.689111 1.000000
-0.272576 -1.089390 2.750041 1.000000
-0.016638 -1.087604 2.745782 1.000000
-0.335616 -1.121102 2.536262 0.000000
-0.077341 -1.112082 2.530382 0.000000
-0.145252 0.718623 2.652568 1.000000
-0.375306 0.381760 2.731186 1.000000
0.053012 0.399082 2.612817 1.000000
-0.184409 0.461968 2.573336 0.000000
-0.124863 0.249729 2.757742 0.000000
-0.352684 0.027229 2.679226 0.000000
0.045320 0.017749 2.571605 1.000000
-0.115162 0.019855 2.768101 0.000000
-0.405133 0.100593 2.699481 1.000000
0.136691 0.585137 2.414498 1.000000
-0.407868 -0.202384 2.616293 1.000000
-0.036543 0.821196 2.300528 1.000000
-0.340151 -0.260100 2.628026 0.475962
-0.043181 0.908194 2.321541 1.000000
-0.257629 -0.599233 2.672611 1.000000
-0.014319 -0.592691 2.692993 1.000000
-0.278031 -1.087668 2.762186 1.000000
-0.014430 -1.087489 2.739722 1.000000
-0.337045 -1.124470 2.548073 0.000000
-0.072329 -1.107931 2.523132 0.000000
-0.143329 0.717832 2.645374 1.000000
-0.357567 0.421191 2.762442 1.000000
0.053486 0.366398 2.610752 1.000000
-0.166648 0.474961 2.593769 0.000000
-0.136011 0.242953 2.760594 0.000000
-0.342884 0.031121 2.692878 0.000000
0.045836 0.009980 2.556757 1.000000
-0.099809 0.017850 2.764351 0.000000
-0.408451 0.151002 2.683526 1.000000
0.083098 0.587371 2.431551 1.000000
-0.396590 -0.159332 2.625774 1.000000
-0.200409 0.709278 2.364131 1.000000
-0.372567 -0.236980 2.587722 1.000000
-0.257575 0.763344 2.407297 1.000000
-0.256934 -0.598654 2.677561 1.000000
-0.014868 -0.595719 2.694515 1.000000
-0.280968 -1.089464 2.751970 1.000000
-0.017656 -1.090248 2.743932 1.000000
-0.355811 -1.117702 2.541536 0.000000
-0.092329 -1.110949 2.532563 0.000000
-0.186537 0.708506 2.606411 0.447115
-0.368153 0.412729 2.758165 1.000000
0.043844 0.365595 2.608956 1.000000
-0.178376 0.467441 2.588508 0.000000
-0.141738 0.240724 2.761292 0.000000
-0.344395 0.030427 2.693388 0.000000
0.042314 0.007421 2.551948 1.000000
-0.100395 0.016578 2.761518 0.000000
-0.407121 0.140412 2.673113 1.000000
0.089992 0.590589 2.435298 1.000000
-0.390396 -0.170873 2.610384 1.000000
-0.206218 0.676238 2.357602 1.000000
-0.360402 -0.243174 2.566483 0.829327
-0.268015 0.712966 2.411329 1.000000
-0.259251 -0.599990 2.674299 1.000000
-0.012701 -0.596396 2.694707 1.000000
-0.275634 -1.090982 2.749579 1.000000
-0.015141 -1.091023 2.743150 1.000000
-0.353581 -1.120446 2.540444 0.000000
-0.092896 -1.111237 2.532849 0.000000
-0.207049 0.701128 2.601398 1.000000
-0.359320 0.417971 2.771816 1.000000
0.044410 0.355956 2.605619 1.000000
-0.175817 0.463774 2.592873 0.000000
-0.137881 0.239606 2.768675 0.000000
-0.337639 0.035487 2.693760 0.000000
0.045821 0.003808 2.545321 1.000000
-0.092691 0.017711 2.757432 0.000000
-0.403456 0.148794 2.677408 1.000000
0.112706 0.579690 2.436516 1.000000
-0.390023 -0.162780 2.611444 1.000000
-0.157562 0.708945 2.327621 1.000000
-0.362307 -0.207859 2.538959 0.644231
-0.226453 0.755025 2.362046 1.000000
-0.257272 -0.597261 2.674972 1.000000
-0.010829 -0.597194 2.691769 1.000000
-0.269521 -1.088963 2.746300 1.000000
-0.017443 -1.091098 2.746753 1.000000
-0.351276 -1.117079 2.538437 0.000000
-0.099509 -1.113207 2.538288 0.000000
-0.163038 0.699240 2.610209 0.971154
-0.366982 0.392164 2.735685 1.000000
0.063026 0.392423 2.616537 1.000000
-0.172810 0.466613 2.579012 0.000000
-0.122697 0.248562 2.759399 0.000000
-0.336731 0.040737 2.677520 0.000000
0.058014 0.004015 2.563911 1.000000
-0.098828 0.018440 2.762813 0.000000
-0.399226 0.109656 2.684652 1.000000
0.179416 0.564043 2.415403 1.000000
-0.383368 -0.194222 2.588816 1.000000
-0.007889 0.786745 2.284642 1.000000
-0.329164 -0.264255 2.574264 1.000000
-0.044727 0.866662 2.302269 1.000000
-0.260160 -0.592906 2.673539 1.000000
-0.013097 -0.598657 2.685645 1.000000
-0.280888 -1.083541 2.750065 1.000000
-0.016874 -1.092328 2.742944 1.000000
-0.344491 -1.114196 2.536299 0.000000
-0.080486 -1.116746 2.528378 0.000000
-0.170510 0.723519 2.635046 1.000000
-0.360313 0.385266 2.703846 1.000000
0.078153 0.390396 2.617663 1.000000
-0.156552 0.454264 2.557173 0.000000
-0.114996 0.251462 2.756526 0.000000
-0.341671 0.038542 2.656906 0.163462
0.061102 0.002436 2.575979 1.000000
-0.111050 0.021852 2.761334 0.000000
-0.404385 0.100001 2.695561 1.000000
0.215950 0.541050 2.413450 1.000000
-0.392486 -0.201368 2.591972 1.000000
0.146274 0.819092 2.273688 1.000000
-0.357580 -0.255505 2.529481 0.391827
0.166617 0.898809 2.309546 1.000000
-0.263693 -0.594155 2.674623 1.000000
-0.014561 -0.601116 2.688159 1.000000
-0.276664 -1.084787 2.752860 1.000000
-0.019048 -1.095520 2.738692 1.000000
-0.323768 -1.118238 2.535275 0.000000
-0.064758 -1.117523 2.519358 0.000000
-0.173911 0.725356 2.628753 1.000000
-0.364779 0.377311 2.710306 1.000000
0.073371 0.394655 2.609566 1.000000
-0.167399 0.455267 2.559456 0.000000
-0.115194 0.247172 2.750684 0.000000
-0.346187 0.031813 2.663839 0.048077
0.054614 0.008622 2.569502 1.000000
-0.111942 0.019831 2.760560 0.000000
-0.407134 0.091879 2.702907 1.000000
0.253372 0.520702 2.422397 1.000000
-0.396346 -0.213333 2.611568 1.000000
0.332296 0.806890 2.306289 1.000000
-0.395658 -0.265104 2.538262 0.324519
0.353873 0.857215 2.235182 0.139423
-0.264144 -0.597122 2.678853 1.000000
-0.018533 -0.598667 2.688478 1.000000
-0.275926 -1.088218 2.754320 1.000000
-0.014205 -1.092420 2.745028 1.000000
-0.329797 -1.120155 2.538081 0.000000
-0.066737 -1.117784 2.527592 0.000000
-0.182597 0.719676 2.632558 1.000000
-0.367123 0.373694 2.712425 1.000000
0.069870 0.397493 2.600294 1.000000
-0.174681 0.454952 2.557006 0.000000
-0.114872 0.246777 2.745906 0.000000
-0.350186 0.027795 2.666560 0.153846
0.048176 0.006977 2.561903 1.000000
-0.113384 0.018657 2.757176 0.000000
-0.410374 0.088056 2.716675 1.000000
0.282098 0.500466 2.433461 1.000000
-0.410317 -0.216799 2.622499 1.000000
0.497259 0.712360 2.330446 1.000000
-0.404010 -0.298611 2.586150 0.358173
0.584326 0.704010 2.350546 1.000000
-0.268779 -0.600206 2.681022 1.000000
-0.016826 -0.600662 2.683056 1.000000
-0.279598 -1.091752 2.753646 1.000000
-0.019208 -1.094236 2.741266 1.000000
-0.339008 -1.122209 2.538649 0.000000
-0.076083 -1.119477 2.524911 0.000000
-0.189941 0.721890 2.626735 1.000000
-0.363108 0.381209 2.714312 1.000000
0.072947 0.394179 2.597757 1.000000
-0.170089 0.459196 2.557937 0.000000
-0.114248 0.246699 2.743202 0.000000
-0.350745 0.027328 2.667844 0.201923
0.047073 0.008787 2.560720 1.000000
-0.113382 0.018495 2.757009 0.000000
-0.413530 0.096534 2.723081 1.000000
0.285481 0.495901 2.430005 1.000000
-0.413702 -0.207752 2.625940 1.000000
0.521435 0.692691 2.342678 1.000000
-0.394300 -0.294121 2.640716 0.425481
0.606623 0.664788 2.338331 0.963942
-0.269828 -0.599941 2.681286 1.000000
-0.021596 -0.599974 2.682817 1.000000
-0.279332 -1.091045 2.757023 1.000000
-0.014838 -1.092263 2.750746 1.000000
-0.340198 -1.122928 2.542639 0.000000
-0.073426 -1.122764 2.535529 0.000000
-0.201730 0.720804 2.626262 1.000000
-0.365114 0.374136 2.706194 1.000000
0.074304 0.399192 2.602096 1.000000
-0.169905 0.457267 2.555281 0.000000
-0.113528 0.246702 2.742580 0.000000
-0.350168 0.027554 2.659991 0.115385
0.050075 0.009112 2.562293 1.000000
-0.114899 0.020609 2.754702 0.000000
-0.412979 0.089677 2.722317 1.000000
0.271992 0.494653 2.414281 1.000000
-0.419822 -0.218051 2.638347 1.000000
0.465543 0.719593 2.297086 1.000000
-0.425393 -0.304974 2.616718 0.038462
0.554487 0.707625 2.297305 1.000000
-0.266199 -0.599734 2.677903 1.000000
-0.017857 -0.599373 2.683373 1.000000
-0.269017 -1.090876 2.753934 1.000000
-0.015373 -1.092685 2.743755 1.000000
-0.325001 -1.123920 2.538399 0.000000
-0.068763 -1.119521 2.526705 0.000000
-0.191662 0.722404 2.627281 1.000000
-0.364783 0.372323 2.713319 1.000000
0.072107 0.396337 2.603279 1.000000
-0.171492 0.455456 2.559958 0.000000
-0.113120 0.243924 2.745549 0.000000
-0.348245 0.029173 2.663906 0.201923
0.050125 0.004659 2.560083 1.000000
-0.111834 0.016018 2.755045 0.000000
-0.411288 0.087184 2.721466 1.000000
0.240272 0.506501 2.395630 1.000000
-0.426712 -0.221328 2.641114 1.000000
0.356937 0.766247 2.251426 1.000000
-0.432331 -0.309661 2.626277 0.156250
0.442757 0.788999 2.264532 1.000000
-0.261805 -0.600267 2.679030 1.000000
-0.010110 -0.600761 2.681109 1.000000
-0.280121 -1.090893 2.756230 1.000000
-0.024269 -1.092502 2.751818 1.000000
-0.338482 -1.122561 2.541120 0.000000
-0.078689 -1.122057 2.535378 0.000000
-0.181920 0.717233 2.610234 1.000000
-0.360585 0.380853 2.704413 1.000000
0.075275 0.383994 2.604791 1.000000
-0.160856 0.450711 2.552690 0.000000
-0.114894 0.244258 2.747271 0.000000
-0.345377 0.029423 2.664244 0.134615
0.053337 0.003944 2.561986 1.000000
-0.109364 0.015598 2.756311 0.000000
-0.404585 0.094735 2.707196 1.000000
0.174887 0.535947 2.379415 1.000000
-0.430795 -0.213336 2.625878 1.000000
0.124991 0.815232 2.232046 1.000000
-0.391052 -0.280024 2.670907 0.358173
0.184291 0.882444 2.236574 1.000000
-0.261487 -0.600569 2.674262 1.000000
-0.009192 -0.600605 2.687108 1.000000
-0.278249 -1.090852 2.753951 1.000000
-0.016776 -1.093967 2.746649 1.000000
-0.336008 -1.123835 2.538876 0.000000
-0.072264 -1.119267 2.529941 0.000000
-0.177186 0.716244 2.628323 1.000000
-0.363314 0.375987 2.715014 1.000000
0.069940 0.393590 2.603841 1.000000
-0.169383 0.457595 2.561642 0.000000
-0.113770 0.242852 2.744371 0.000000
-0.344800 0.029174 2.665942 0.096154
0.053167 0.006223 2.560233 1.000000
-0.107953 0.016176 2.755965 0.000000
-0.402221 0.088899 2.701012 1.000000
0.141334 0.547644 2.368682 1.000000
-0.408861 -0.214470 2.598428 1.000000
-0.025337 0.802949 2.270495 1.000000
-0.410516 -0.303539 2.609314 0.223558
0.002095 0.886931 2.254717 1.000000
-0.261197 -0.599967 2.675681 1.000000
-0.015722 -0.599757 2.687732 1.000000
-0.276602 -1.091634 2.746638 1.000000
-0.016499 -1.093558 2.744026 1.000000
-0.336149 -1.120817 2.531502 0.000000
-0.074877 -1.118094 2.527991 0.000000
-0.155726 0.716904 2.622151 1.000000
-0.344403 0.409657 2.756549 1.000000
0.068315 0.386901 2.588609 1.000000
-0.162921 0.481879 2.584385 0.000000
-0.112227 0.246229 2.740898 0.000000
-0.335308 0.046482 2.683402 0.000000
0.049129 0.017881 2.536880 1.000000
-0.090643 0.029291 2.748311 0.000000
-0.396387 0.133304 2.686221 1.000000
0.084489 0.580813 2.373770 1.000000
-0.397412 -0.178503 2.613817 1.000000
-0.199345 0.715722 2.312908 1.000000
-0.376744 -0.242607 2.554506 0.896635
-0.227289 0.792568 2.349898 1.000000
-0.257332 -0.585131 2.666273 1.000000
-0.015694 -0.584406 2.685944 1.000000
-0.276444 -1.074923 2.748420 1.000000
-0.009924 -1.078283 2.741265 1.000000
-0.357532 -1.106579 2.540805 0.000000
-0.091934 -1.102567 2.533020 0.000000
-0.171660 0.718153 2.504605 0.841346
-0.342498 0.422994 2.770219 1.000000
0.054985 0.366376 2.584462 1.000000
-0.165655 0.476811 2.586855 0.000000
-0.123291 0.243146 2.748728 0.000000
-0.332088 0.041153 2.692442 0.000000
0.044587 0.010031 2.527440 1.000000
-0.084867 0.020041 2.745410 0.000000
-0.394014 0.154715 2.667506 1.000000
0.083354 0.582200 2.390060 1.000000
-0.382454 -0.161469 2.606083 1.000000
-0.218993 0.667971 2.318588 1.000000
-0.342156 -0.236601 2.578054 1.000000
-0.288622 0.698359 2.366367 1.000000
-0.257711 -0.591442 2.662195 1.000000
-0.011523 -0.589432 2.685661 1.000000
-0.275993 -1.079942 2.751872 1.000000
-0.011833 -1.082993 2.744023 1.000000
-0.366337 -1.113898 2.548485 0.000000
-0.103586 -1.107077 2.539860 0.000000
-0.173113 0.732799 2.589024 1.000000
-0.344593 0.410919 2.781121 1.000000
0.053870 0.387170 2.582598 1.000000
-0.175489 0.484805 2.597447 0.000000
-0.116347 0.245257 2.744809 0.000000
-0.332163 0.043497 2.698899 0.000000
0.037671 0.019495 2.517996 1.000000
-0.082657 0.025586 2.741276 0.000000
-0.392516 0.144536 2.665796 1.000000
0.097397 0.596415 2.380414 1.000000
-0.373981 -0.170928 2.590299 1.000000
-0.213504 0.653550 2.305336 1.000000
-0.326635 -0.245742 2.575616 0.846154
-0.268499 0.705891 2.353195 1.000000
-0.260116 -0.586912 2.663182 1.000000
-0.011811 -0.580683 2.685885 1.000000
-0.277163 -1.075244 2.754012 1.000000
-0.013316 -1.074710 2.740140 1.000000
-0.376154 -1.108872 2.554635 0.000000
-0.112765 -1.096459 2.539346 0.000000
-0.167107 0.716226 2.590768 1.000000
-0.367721 0.388321 2.729982 1.000000
0.058583 0.392238 2.597527 1.000000
-0.179080 0.464643 2.567558 0.000000
-0.121702 0.246603 2.745780 0.000000
-0.329097 0.047191 2.668459 0.000000
0.061438 0.008729 2.541643 1.000000
-0.088691 0.022533 2.745703 0.000000
-0.394985 0.102177 2.666593 1.000000
0.153458 0.566158 2.379833 1.000000
-0.364779 -0.207021 2.570955 1.000000
-0.107269 0.726099 2.269821 1.000000
-0.334720 -0.291557 2.568817 0.913462
-0.153390 0.799640 2.292600 1.000000
-0.259330 -0.586561 2.660538 1.000000
-0.013244 -0.590297 2.685771 1.000000
-0.274651 -1.073967 2.756505 1.000000
-0.015628 -1.083730 2.745161 1.000000
-0.346422 -1.113014 2.546731 0.000000
-0.087740 -1.108871 2.533385 0.000000
-0.144125 0.725559 2.595303 1.000000
-0.365320 0.378629 2.703489 1.000000
0.071539 0.393397 2.604285 1.000000
-0.167015 0.456127 2.553619 0.000000
-0.116780 0.246430 2.743620 0.000000
-0.331635 0.039863 2.653970 0.048077
0.067561 -0.000661 2.558686 1.000000
-0.097997 0.016766 2.750144 0.000000
-0.400592 0.090306 2.669866 1.000000
0.193455 0.538261 2.381449 1.000000
-0.368691 -0.214835 2.569118 1.000000
0.020190 0.784152 2.263997 1.000000
-0.335093 -0.297992 2.572341 1.000000
0.002614 0.870948 2.278557 1.000000
-0.263369 -0.593720 2.663787 1.000000
-0.016757 -0.601221 2.686779 1.000000
-0.274767 -1.082337 2.753965 1.000000
-0.013137 -1.094661 2.746047 1.000000
-0.330848 -1.120642 2.539328 0.000000
-0.068673 -1.121080 2.529486 0.000000
-0.104122 0.715445 2.644288 0.802885
-0.359699 0.382918 2.690525 1.000000
0.081658 0.384868 2.608181 1.000000
-0.153632 0.453931 2.548099 0.000000
-0.116725 0.244068 2.740952 0.000000
-0.343725 0.030725 2.644661 0.134615
0.060384 0.002407 2.567375 1.000000
-0.114028 0.014753 2.751217 0.000000
-0.403871 0.095914 2.676754 1.000000
0.219099 0.517070 2.388762 1.000000
-0.394537 -0.209891 2.579474 1.000000
0.210407 0.817716 2.276496 1.000000
-0.386301 -0.294795 2.551583 0.223558
0.143078 0.877057 2.276389 0.997596
-0.265802 -0.599178 2.667876 1.000000
-0.015222 -0.602067 2.686355 1.000000
-0.273797 -1.088783 2.752919 1.000000
-0.012157 -1.096618 2.735536 1.000000
-0.319449 -1.125785 2.535599 0.000000
-0.056330 -1.118734 2.515898 0.000000
-0.117366 0.722712 2.635611 0.812500
-0.358069 0.381923 2.690166 1.000000
0.085600 0.391920 2.602494 1.000000
-0.154650 0.458325 2.546725 0.000000
-0.112519 0.245945 2.735714 0.000000
-0.352431 0.028142 2.643835 0.182692
0.051727 0.007663 2.564360 1.000000
-0.121937 0.015786 2.749143 0.000000
-0.409517 0.096891 2.685802 1.000000
0.280273 0.482188 2.407909 1.000000
-0.418541 -0.207736 2.588573 1.000000
0.421214 0.754484 2.316678 1.000000
-0.417454 -0.292204 2.558268 0.257212
0.455936 0.833309 2.291473 0.004808
-0.269641 -0.599321 2.670111 1.000000
-0.022303 -0.600186 2.679183 1.000000
-0.280626 -1.088916 2.754872 1.000000
-0.012123 -1.093099 2.741975 1.000000
-0.326651 -1.125506 2.537561 0.000000
-0.056566 -1.121890 2.523166 0.000000
-0.123963 0.712294 2.632336 1.000000
-0.357058 0.384231 2.681993 1.000000
0.088755 0.394567 2.599316 1.000000
-0.152062 0.460423 2.540701 0.000000
-0.111881 0.248749 2.730903 0.000000
-0.354342 0.026237 2.643806 0.201923
0.050305 0.011554 2.565552 1.000000
-0.124017 0.017118 2.749809 0.000000
-0.415316 0.100566 2.696775 1.000000
0.307295 0.467444 2.423228 1.000000
-0.425019 -0.207708 2.610686 1.000000
0.536564 0.678912 2.350736 1.000000
-0.418233 -0.269515 2.545970 0.375000
0.557028 0.742807 2.291128 0.072115
-0.270418 -0.598967 2.675537 1.000000
-0.025816 -0.598820 2.678301 1.000000
-0.277745 -1.090343 2.749732 1.000000
-0.014210 -1.091743 2.740758 1.000000
-0.322667 -1.122624 2.531509 0.000000
-0.057546 -1.120516 2.521725 0.000000
-0.118442 0.704491 2.619180 1.000000
-0.357692 0.385891 2.684522 1.000000
0.087925 0.392073 2.597258 1.000000
-0.153519 0.459365 2.540622 0.000000
-0.113108 0.248860 2.732069 0.000000
-0.353577 0.026663 2.640319 0.500000
0.051697 0.009617 2.565880 1.000000
-0.124203 0.018971 2.748476 0.000000
-0.416306 0.103896 2.703847 1.000000
0.310639 0.453814 2.424293 1.000000
-0.435123 -0.204498 2.625329 1.000000
0.564142 0.632743 2.351172 1.000000
-0.447236 -0.290336 2.602102 0.038462
0.648574 0.604642 2.362836 0.644231
-0.272736 -0.598716 2.677415 1.000000
-0.021708 -0.600203 2.675907 1.000000
-0.279471 -1.089435 2.755893 1.000000
-0.016840 -1.093204 2.738634 1.000000
-0.322833 -1.123740 2.537664 0.000000
-0.057581 -1.121546 2.519048 0.000000
-0.126504 0.712313 2.621050 1.000000
-0.356960 0.380841 2.688424 1.000000
0.087681 0.392051 2.599003 1.000000
-0.154220 0.457847 2.544346 0.000000
-0.110914 0.245459 2.733059 0.000000
-0.353569 0.025968 2.647087 0.423077
0.049611 0.009279 2.561962 1.000000
-0.121511 0.015958 2.749158 0.000000
-0.413877 0.098528 2.704035 1.000000
0.295560 0.462187 2.411785 1.000000
-0.437326 -0.210659 2.631226 1.000000
0.525637 0.656538 2.308151 1.000000
-0.435612 -0.294473 2.599184 0.257212
0.608440 0.626408 2.291116 0.644231
-0.269471 -0.600502 2.670721 1.000000
-0.018477 -0.600089 2.673846 1.000000
-0.273781 -1.089919 2.757098 1.000000
-0.019865 -1.089726 2.759061 1.000000
-0.323081 -1.127675 2.540707 0.000000
-0.064350 -1.127443 2.541622 0.000000
-0.121289 0.708649 2.622041 1.000000
-0.354786 0.385385 2.694267 1.000000
0.086368 0.384223 2.599639 1.000000
-0.151847 0.456787 2.547606 0.000000
-0.112067 0.243148 2.735683 0.000000
-0.351647 0.026857 2.649227 0.365385
0.050736 0.007638 2.560927 1.000000
-0.118945 0.013654 2.749452 0.000000
-0.412252 0.101726 2.708619 1.000000
0.261123 0.485348 2.391781 1.000000
-0.431269 -0.208191 2.631174 1.000000
0.440355 0.721392 2.271087 1.000000
-0.417371 -0.290926 2.599298 0.307692
0.528467 0.710588 2.257895 0.846154
-0.264911 -0.600266 2.674717 1.000000
-0.018813 -0.599696 2.680163 1.000000
-0.278173 -1.091698 2.747709 1.000000
-0.010701 -1.091563 2.750943 1.000000
-0.328132 -1.122628 2.530388 0.000000
-0.059300 -1.123657 2.533482 0.000000
-0.126762 0.710552 2.626065 0.947115
-0.355679 0.385035 2.690620 1.000000
0.085254 0.390122 2.601970 1.000000
-0.152292 0.456145 2.544439 0.000000
-0.110697 0.249173 2.739450 0.000000
-0.349778 0.028994 2.658108 0.221154
0.049793 0.007992 2.558206 1.000000
-0.114348 0.014520 2.751557 0.000000
-0.408589 0.100227 2.699316 1.000000
0.224144 0.509281 2.377245 1.000000
-0.422880 -0.210908 2.625679 1.000000
0.320301 0.785668 2.247647 1.000000
-0.415239 -0.292635 2.589391 0.341346
0.374573 0.803902 2.178534 0.425481
-0.261967 -0.599248 2.675185 1.000000
-0.016363 -0.598436 2.680768 1.000000
-0.278822 -1.091352 2.742703 1.000000
-0.018601 -1.091692 2.741615 1.000000
-0.334808 -1.119108 2.526425 0.000000
-0.073078 -1.118191 2.524794 0.000000
-0.137189 0.722225 2.620355 1.000000
-0.368348 0.368963 2.705188 1.000000
0.067411 0.394226 2.598506 1.000000
-0.174461 0.451172 2.552082 0.000000
-0.116090 0.242744 2.741153 0.000000
-0.347982 0.026053 2.659100 0.153846
0.051250 0.001804 2.558578 1.000000
-0.112334 0.012901 2.752194 0.000000
-0.404076 0.081114 2.692464 1.000000
0.185421 0.528875 2.369948 1.000000
-0.410577 -0.227551 2.605937 1.000000
0.145048 0.818228 2.237856 1.000000
-0.412378 -0.313855 2.581386 0.000000
0.214758 0.872883 2.223443 1.000000
-0.262506 -0.603410 2.672914 1.000000
-0.013115 -0.603170 2.684433 1.000000
-0.279827 -1.094792 2.745384 1.000000
-0.014473 -1.097427 2.736558 1.000000
-0.336451 -1.124628 2.529549 0.000000
-0.070003 -1.120157 2.519576 0.000000
-0.137221 0.719642 2.609103 1.000000
-0.365126 0.373569 2.708977 1.000000
0.066491 0.395990 2.595472 1.000000
-0.173183 0.456133 2.553628 0.000000
-0.113558 0.244343 2.738526 0.000000
-0.342860 0.031123 2.663423 0.048077
0.054261 0.004627 2.555386 1.000000
-0.105394 0.019550 2.752000 0.000000
-0.399629 0.086113 2.679357 1.000000
0.132185 0.560541 2.364591 1.000000
-0.398218 -0.220966 2.584513 1.000000
-0.079052 0.788890 2.283779 1.000000
-0.411385 -0.308027 2.567150 0.021635
-0.071430 0.878214 2.287966 1.000000
-0.261574 -0.599107 2.670588 1.000000
-0.012379 -0.599598 2.687644 1.000000
-0.278326 -1.089155 2.751711 1.000000
-0.017217 -1.092953 2.747536 1.000000
-0.339401 -1.122509 2.537612 0.000000
-0.076715 -1.118543 2.531929 0.000000
-0.143786 0.716874 2.592826 1.000000
-0.361583 0.372241 2.717553 1.000000
0.065551 0.377161 2.593364 1.000000
-0.170780 0.445905 2.556434 0.000000
-0.114355 0.233912 2.742101 0.000000
-0.337736 0.025052 2.667913 0.288462
0.056246 -0.007704 2.550508 1.000000
-0.098388 0.010577 2.750817 0.000000
-0.399933 0.085740 2.680377 1.000000
0.109173 0.565212 2.375031 1.000000
-0.384915 -0.221920 2.587083 1.000000
-0.168150 0.717651 2.316395 1.000000
-0.392130 -0.300204 2.543794 0.139423
-0.228494 0.772944 2.353214 1.000000
-0.262414 -0.606560 2.675106 1.000000
-0.007605 -0.608728 2.690227 1.000000
-0.275024 -1.097030 2.754408 1.000000
-0.017884 -1.102243 2.748068 1.000000
-0.341849 -1.129669 2.541922 0.000000
-0.082789 -1.126002 2.533816 0.000000
-0.149889 0.712844 2.585354 1.000000
-0.346763 0.422701 2.748429 1.000000
0.059334 0.360152 2.584105 1.000000
-0.161919 0.468865 2.570964 0.000000
-0.125800 0.243736 2.745919 0.000000
-0.329839 0.042427 2.689419 0.000000
0.046746 0.002442 2.526129 1.000000
-0.082950 0.020191 2.743462 0.000000
-0.395450 0.146086 2.671059 1.000000
0.091964 0.574865 2.389925 1.000000
-0.382507 -0.167436 2.600045 1.000000
-0.223498 0.623014 2.349038 1.000000
-0.341682 -0.244847 2.580164 1.000000
-0.297299 0.649790 2.392522 1.000000
-0.260400 -0.592151 2.668489 1.000000
-0.006074 -0.593729 2.685710 1.000000
-0.277196 -1.080681 2.758297 1.000000
-0.019513 -1.087493 2.740710 1.000000
-0.366066 -1.115119 2.554343 0.000000
-0.110281 -1.107858 2.535703 0.000000
-0.251779 0.706552 2.543260 0.639423
-0.351976 0.422473 2.744519 1.000000
0.060072 0.364990 2.592646 1.000000
-0.162364 0.470955 2.572796 0.000000
-0.128807 0.246304 2.748871 0.000000
-0.332292 0.044926 2.674028 0.000000
0.053410 -0.001336 2.535562 1.000000
-0.089410 0.022617 2.743886 0.000000
-0.399526 0.144828 2.666798 1.000000
0.098924 0.571815 2.389909 1.000000
-0.387820 -0.171219 2.602659 1.000000
-0.215221 0.618929 2.333080 1.000000
-0.351177 -0.235711 2.552138 0.762019
-0.281103 0.645484 2.387933 1.000000
-0.258196 -0.591128 2.670494 1.000000
-0.011482 -0.596482 2.689577 1.000000
-0.277243 -1.080241 2.756603 1.000000
-0.013440 -1.088784 2.757716 1.000000
-0.349195 -1.114506 2.546057 0.000000
-0.092468 -1.117377 2.548867 0.000000
-0.252720 0.705044 2.552476 0.149038
-0.354649 0.410650 2.742080 1.000000
0.063484 0.382080 2.593322 1.000000
-0.168002 0.470329 2.570637 0.000000
-0.118641 0.252298 2.751255 0.000000
-0.330593 0.051067 2.677743 0.000000
0.054827 0.003781 2.538840 1.000000
-0.087952 0.025738 2.747410 0.000000
-0.396287 0.130297 2.665649 1.000000
0.130721 0.572152 2.379957 1.000000
-0.373466 -0.184114 2.590034 1.000000
-0.171801 0.662123 2.305938 1.000000
-0.334442 -0.263236 2.573560 1.000000
-0.237232 0.708608 2.346092 1.000000
-0.257743 -0.585666 2.665732 1.000000
-0.014370 -0.592005 2.688835 1.000000
-0.280381 -1.074752 2.751120 1.000000
-0.012566 -1.085594 2.746931 1.000000
-0.350815 -1.108359 2.539955 0.000000
-0.092637 -1.110477 2.538003 0.000000
-0.220782 0.705664 2.573004 0.432692
-0.354473 0.393983 2.699551 1.000000
0.081409 0.378027 2.606290 1.000000
-0.150151 0.452723 2.549239 0.000000
-0.114928 0.248869 2.748738 0.000000
-0.338564 0.037759 2.657796 0.163462
0.060249 -0.000602 2.560047 1.000000
-0.103912 0.019206 2.752474 0.000000
-0.398559 0.104742 2.679168 1.000000
0.178585 0.539224 2.381364 1.000000
-0.396812 -0.204136 2.581714 1.000000
-0.013415 0.762866 2.247102 1.000000
-0.373619 -0.278653 2.537401 0.257212
-0.046896 0.845060 2.260427 1.000000
-0.264943 -0.595540 2.668086 1.000000
-0.011812 -0.600995 2.689454 1.000000
-0.276359 -1.085143 2.752748 1.000000
-0.013350 -1.095104 2.742959 1.000000
-0.333011 -1.120985 2.537837 0.000000
-0.069291 -1.118408 2.526144 0.000000
-0.190940 0.712227 2.621083 0.788462
-0.356000 0.387431 2.691228 1.000000
0.085180 0.382068 2.610744 1.000000
-0.148656 0.451640 2.547431 0.000000
-0.114714 0.247715 2.747079 0.000000
-0.343933 0.035072 2.646688 0.182692
0.060124 -0.000798 2.572319 1.000000
-0.115089 0.017821 2.754867 0.000000
-0.403874 0.098929 2.681128 1.000000
0.216985 0.514863 2.385754 1.000000
-0.403007 -0.210374 2.587543 1.000000
0.148065 0.796241 2.242563 1.000000
-0.404217 -0.294936 2.557506 0.021635
0.173755 0.877360 2.271094 1.000000
-0.264366 -0.597391 2.669837 1.000000
-0.010560 -0.603054 2.686155 1.000000
-0.276734 -1.086358 2.757972 1.000000
-0.019954 -1.096751 2.742577 1.000000
-0.320460 -1.124460 2.540446 0.000000
-0.061158 -1.121107 2.522599 0.000000
-0.190150 0.723077 2.608251 0.927885
-0.360263 0.381028 2.690343 1.000000
0.082895 0.381413 2.607514 1.000000
-0.154446 0.447536 2.545403 0.000000
-0.116843 0.244840 2.745646 0.000000
-0.346780 0.030222 2.649719 0.201923
0.057182 -0.002279 2.573319 1.000000
-0.117481 0.012053 2.756777 0.000000
-0.408140 0.092883 2.685777 1.000000
0.254507 0.485804 2.395400 1.000000
-0.411477 -0.215097 2.589784 1.000000
0.339880 0.776742 2.285201 1.000000
-0.412378 -0.300665 2.562734 0.000000
0.368714 0.853850 2.249461 0.324519
-0.267982 -0.600671 2.677477 1.000000
-0.019337 -0.606301 2.686794 1.000000
-0.279041 -1.091329 2.755840 1.000000
-0.015512 -1.099144 2.750824 1.000000
-0.323808 -1.125140 2.537817 0.000000
-0.058975 -1.127935 2.531818 0.000000
-0.181990 0.738651 2.592115 0.850962
-0.359580 0.386777 2.681552 1.000000
0.089979 0.382618 2.606169 1.000000
-0.150352 0.451889 2.540926 0.000000
-0.118785 0.247468 2.740457 0.000000
-0.352876 0.029870 2.646608 0.221154
0.051972 0.003282 2.572650 1.000000
-0.123887 0.016596 2.755040 0.000000
-0.411152 0.100519 2.693433 1.000000
0.318628 0.409439 2.427999 1.000000
-0.419943 -0.207261 2.600997 1.000000
0.499563 0.657075 2.331616 1.000000
-0.424475 -0.290938 2.568872 0.139423
0.587872 0.652582 2.346973 1.000000
-0.272027 -0.599118 2.677911 1.000000
-0.015853 -0.602279 2.683626 1.000000
-0.274505 -1.088632 2.763808 1.000000
-0.024263 -1.093180 2.760789 1.000000
-0.318426 -1.126578 2.546294 0.000000
-0.063116 -1.126963 2.541630 0.000000
-0.166765 0.739991 2.588373 0.836538
-0.355225 0.390033 2.688651 1.000000
0.095445 0.378293 2.607890 1.000000
-0.145833 0.456309 2.548814 0.000000
-0.117390 0.242400 2.738632 0.000000
-0.352794 0.031085 2.642618 0.250000
0.052877 0.000994 2.574758 1.000000
-0.125474 0.017392 2.754457 0.000000
-0.412670 0.104844 2.689185 1.000000
0.340289 0.351189 2.453133 1.000000
-0.426236 -0.205406 2.606869 1.000000
0.551957 0.575361 2.362807 1.000000
-0.427194 -0.287880 2.571494 0.038462
0.636589 0.563198 2.390080 1.000000
-0.272370 -0.598363 2.681996 1.000000
-0.022944 -0.604612 2.682479 1.000000
-0.279266 -1.090210 2.753046 1.000000
-0.015789 -1.097251 2.747785 1.000000
-0.319225 -1.121336 2.533693 0.000000
-0.054180 -1.126950 2.527955 0.000000
-0.157071 0.735937 2.583707 1.000000
-0.361336 0.397773 2.687065 1.000000
0.089817 0.371702 2.612603 1.000000
-0.148274 0.455815 2.549125 0.000000
-0.128608 0.244045 2.742422 0.000000
-0.350661 0.033871 2.639443 0.365385
0.055371 -0.003050 2.577371 1.000000
-0.125140 0.017309 2.754489 0.000000
-0.412836 0.112437 2.685135 1.000000
0.337732 0.299148 2.480895 1.000000
-0.430339 -0.201881 2.626575 1.000000
0.564131 0.502493 2.381269 1.000000
-0.433484 -0.286150 2.595860 0.173077
0.648379 0.487407 2.408272 1.000000
-0.274280 -0.597760 2.676768 1.000000
-0.023036 -0.606317 2.684584 1.000000
-0.279169 -1.088365 2.756089 1.000000
-0.017798 -1.098150 2.755867 1.000000
-0.316989 -1.123418 2.536949 0.000000
-0.053357 -1.130406 2.535921 0.000000
-0.154552 0.731241 2.581580 1.000000
-0.364564 0.398322 2.689619 1.000000
0.088131 0.372616 2.625036 1.000000
-0.147994 0.460250 2.559027 0.000000
-0.133911 0.241445 2.744831 0.000000
-0.355530 0.032735 2.636394 0.317308
0.051710 0.000471 2.579884 1.000000
-0.131349 0.019805 2.754484 0.000000
-0.414397 0.113013 2.678867 1.000000
0.311883 0.230718 2.507563 1.000000
-0.429345 -0.199633 2.611988 1.000000
0.541399 0.413413 2.379548 1.000000
-0.436813 -0.282911 2.579380 0.206731
0.629961 0.403075 2.389767 0.862981
-0.273279 -0.597658 2.677803 1.000000
-0.023865 -0.604293 2.684745 1.000000
-0.272795 -1.088352 2.756719 1.000000
-0.017272 -1.097242 2.747729 1.000000
-0.307325 -1.123709 2.537086 0.000000
-0.049580 -1.125904 2.526785 0.000000
-0.153537 0.721813 2.569516 1.000000
-0.369410 0.399625 2.706360 1.000000
0.080417 0.376632 2.623348 1.000000
-0.157755 0.467837 2.570930 0.000000
-0.137344 0.239825 2.744686 0.000000
-0.356705 0.032893 2.647433 0.278846
0.048098 0.008741 2.572396 1.000000
-0.127300 0.021909 2.755240 0.000000
-0.413264 0.115121 2.676300 1.000000
0.251001 0.150178 2.565136 1.000000
-0.429084 -0.196103 2.605233 1.000000
0.459118 0.311237 2.383730 1.000000
-0.424911 -0.270073 2.554583 0.290865
0.537521 0.318493 2.340664 1.000000
-0.270015 -0.596123 2.674239 1.000000
-0.023658 -0.598487 2.682534 1.000000
-0.274527 -1.086650 2.754060 1.000000
-0.012146 -1.091806 2.741798 1.000000
-0.318189 -1.121730 2.536013 0.000000
-0.054375 -1.119153 2.522367 0.000000
-0.156840 0.719709 2.565737 1.000000
-0.378178 0.399845 2.714393 1.000000
0.071081 0.369531 2.630656 1.000000
-0.164474 0.469758 2.583112 0.000000
-0.150506 0.232087 2.744092 0.000000
-0.359731 0.028474 2.654358 0.230769
0.043941 0.013521 2.571268 1.000000
-0.128112 0.020490 2.757598 0.000000
-0.410832 0.116514 2.674279 1.000000
0.192628 0.109687 2.604974 1.000000
-0.426652 -0.188633 2.585962 1.000000
0.394723 0.216594 2.383855 1.000000
-0.397898 -0.269700 2.611567 0.459135
0.448935 0.160264 2.339783 0.913462
-0.269161 -0.598086 2.676257 1.000000
-0.016508 -0.595860 2.680827 1.000000
-0.277218 -1.088444 2.756836 1.000000
-0.017515 -1.087694 2.752287 1.000000
-0.324529 -1.123376 2.539528 0.000000
-0.060826 -1.119372 2.533651 0.000000
-0.149140 0.717203 2.562530 1.000000
-0.382050 0.398465 2.725374 1.000000
0.063881 0.369977 2.624888 1.000000
-0.173673 0.469317 2.586267 0.000000
-0.152777 0.231579 2.746395 0.000000
-0.356508 0.026297 2.656946 0.413462
0.045754 0.013911 2.566891 1.000000
-0.123045 0.021473 2.756150 0.000000
-0.412259 0.120615 2.672413 1.000000
0.138359 0.096741 2.651600 1.000000
-0.415052 -0.178062 2.575104 1.000000
0.316689 -0.015980 2.418841 1.000000
-0.387150 -0.256762 2.608002 0.576923
0.294678 -0.090695 2.374259 0.610577
-0.266011 -0.599321 2.678772 1.000000
-0.020775 -0.597496 2.678091 1.000000
-0.272612 -1.090545 2.754035 1.000000
-0.017318 -1.089694 2.746918 1.000000
-0.323597 -1.123084 2.537187 0.000000
-0.065287 -1.120486 2.529129 0.000000
-0.150657 0.710108 2.554948 1.000000
-0.375575 0.401104 2.745610 1.000000
0.061763 0.368935 2.613455 1.000000
-0.175821 0.473894 2.595304 0.000000
-0.148822 0.229522 2.744134 0.000000
-0.356147 0.025927 2.664006 0.298077
0.042527 0.017626 2.558795 1.000000
-0.119108 0.020958 2.754327 0.000000
-0.416845 0.129289 2.671485 1.000000
0.118750 0.091409 2.641956 1.000000
-0.407469 -0.175402 2.594294 1.000000
0.203882 -0.191808 2.535074 1.000000
-0.377411 -0.223303 2.524606 0.543269
0.145773 -0.258674 2.520700 0.610577
-0.264228 -0.598796 2.677452 1.000000
-0.017247 -0.593339 2.680116 1.000000
-0.278869 -1.089267 2.756399 1.000000
-0.016529 -1.085629 2.748374 1.000000
-0.337482 -1.122103 2.541533 0.000000
-0.072147 -1.115669 2.532305 0.000000
-0.146279 0.707803 2.554340 1.000000
-0.374128 0.399094 2.778613 1.000000
0.048185 0.377108 2.602737 1.000000
-0.190032 0.481594 2.614009 0.000000
-0.148611 0.229173 2.745023 0.000000
-0.356798 0.023261 2.691458 0.000000
0.024495 0.031455 2.534527 1.000000
-0.109861 0.025330 2.749657 0.000000
-0.416782 0.139621 2.666358 1.000000
0.099300 0.100996 2.656548 1.000000
-0.401194 -0.166691 2.591366 1.000000
0.114743 -0.214291 2.649503 1.000000
-0.366605 -0.245366 2.565515 0.475962
0.062709 -0.286700 2.659693 1.000000
-0.263484 -0.597061 2.679444 1.000000
-0.021760 -0.582818 2.676349 1.000000
-0.276213 -1.087844 2.756768 1.000000
-0.014483 -1.074208 2.750456 1.000000
-0.362279 -1.118039 2.550948 0.000000
-0.096665 -1.106652 2.543393 0.000000
-0.149585 0.700074 2.547449 1.000000
-0.372753 0.403260 2.775977 1.000000
0.049597 0.386059 2.599658 1.000000
-0.191808 0.483349 2.606754 0.004808
-0.142008 0.239144 2.749866 0.000000
-0.355332 0.029210 2.688376 0.000000
0.029680 0.020580 2.540828 0.932692
-0.110014 0.021362 2.752618 0.000000
-0.414428 0.143811 2.664193 1.000000
0.077181 0.111956 2.674849 1.000000
-0.395330 -0.166806 2.613165 1.000000
0.088609 -0.199869 2.720513 1.000000
-0.359202 -0.211803 2.544430 0.627404
0.063072 -0.285727 2.726049 0.341346
-0.268223 -0.596118 2.680773 1.000000
-0.017521 -0.587854 2.680227 1.000000
-0.274822 -1.088582 2.747437 1.000000
-0.014413 -1.080798 2.743512 1.000000
-0.356579 -1.115644 2.539436 0.000000
-0.093333 -1.108135 2.534454 0.000000
-0.148547 0.704794 2.537328 1.000000
-0.376813 0.387195 2.757558 1.000000
0.057179 0.388103 2.611222 1.000000
-0.186672 0.479174 2.605315 0.000000
-0.140451 0.229992 2.740847 0.000000
-0.351732 0.032211 2.692190 0.000000
0.033250 0.022036 2.544664 0.865385
-0.106474 0.022671 2.756434 0.000000
-0.413988 0.120953 2.659709 1.000000
0.080133 0.111518 2.680611 1.000000
-0.397219 -0.192569 2.624593 1.000000
0.095654 -0.200863 2.725194 1.000000
-0.340397 -0.242181 2.575968 0.913462
0.059938 -0.282856 2.717722 0.257212
-0.267188 -0.593893 2.677336 1.000000
-0.020642 -0.586973 2.682444 1.000000
-0.279122 -1.085313 2.750634 1.000000
-0.014463 -1.080673 2.739285 1.000000
-0.360822 -1.114317 2.542872 0.000000
-0.094349 -1.105733 2.530307 0.000000
-0.138616 0.705779 2.535119 1.000000
-0.381050 0.398172 2.747551 1.000000
0.058276 0.394760 2.618148 1.000000
-0.185566 0.483896 2.598457 0.000000
-0.143520 0.241843 2.747586 0.000000
-0.358549 0.037313 2.665770 0.173077
0.039639 0.022439 2.559448 0.750000
-0.121329 0.029651 2.755424 0.000000
-0.419446 0.125549 2.669954 1.000000
0.090598 0.119001 2.686933 1.000000
-0.403605 -0.187350 2.629628 1.000000
0.101353 -0.196405 2.700581 1.000000
-0.350545 -0.235505 2.575591 0.509615
0.055556 -0.273492 2.704389 0.980769
-0.264021 -0.589897 2.675726 1.000000
-0.021055 -0.585276 2.688129 1.000000
-0.277538 -1.080654 2.753077 1.000000
-0.016262 -1.078678 2.747629 1.000000
-0.336662 -1.112884 2.538259 0.000000
-0.074159 -1.105278 2.531708 0.000000
-0.134567 0.707405 2.539553 1.000000
-0.373177 0.403634 2.733998 1.000000
0.070258 0.383244 2.621242 1.000000
-0.169281 0.480921 2.591712 0.000000
-0.141647 0.238862 2.744161 0.000000
-0.363411 0.035762 2.677569 0.182692
0.034092 0.020034 2.568836 0.634615
-0.125733 0.025959 2.765790 0.000000
-0.421303 0.130798 2.664273 1.000000
0.100476 0.108466 2.693362 1.000000
-0.419262 -0.181372 2.618629 1.000000
0.100452 -0.205577 2.663120 1.000000
-0.349920 -0.238346 2.618162 0.745192
0.049903 -0.279638 2.666899 0.963942
-0.261670 -0.592580 2.677654 1.000000
-0.013945 -0.586670 2.690775 1.000000
-0.276241 -1.083772 2.752000 1.000000
-0.013302 -1.080468 2.747095 1.000000
-0.335913 -1.114526 2.537117 0.000000
-0.071319 -1.105192 2.530984 0.000000
-0.130300 0.708913 2.537581 1.000000
-0.372881 0.402192 2.740694 1.000000
0.071727 0.386334 2.631899 1.000000
-0.167655 0.484677 2.603324 0.000000
-0.141198 0.237462 2.747482 0.000000
-0.365400 0.031317 2.674576 0.192308
0.036419 0.036841 2.581897 0.576923
-0.131259 0.033267 2.772268 0.000000
-0.424178 0.131043 2.669461 1.000000
0.113031 0.107157 2.671665 1.000000
-0.411083 -0.178680 2.615041 1.000000
0.098511 -0.206941 2.657767 1.000000
-0.386589 -0.245882 2.560835 0.408654
0.041369 -0.275997 2.653243 0.980769
-0.261156 -0.590309 2.680259 1.000000
-0.020053 -0.579813 2.689185 1.000000
-0.278135 -1.081896 2.751409 1.000000
-0.012990 -1.072477 2.754308 1.000000
-0.328967 -1.111591 2.534117 0.000000
-0.060781 -1.101979 2.536301 0.000000
-0.131958 0.706272 2.538098 1.000000
-0.376694 0.404965 2.730041 1.000000
0.070143 0.381998 2.632197 1.000000
-0.167965 0.480059 2.593715 0.000000
-0.146179 0.239623 2.749640 0.000000
-0.364960 0.021663 2.671953 0.288462
0.037930 0.030205 2.584284 0.596154
-0.132119 0.027525 2.772555 0.000000
-0.422996 0.130808 2.667308 1.000000
0.115484 0.103233 2.670606 1.000000
-0.411707 -0.179315 2.614630 1.000000
0.095381 -0.210807 2.663308 1.000000
-0.383810 -0.245387 2.560679 0.543269
0.044881 -0.283681 2.649394 0.930288
-0.261933 -0.598779 2.681245 1.000000
-0.015388 -0.587217 2.690201 1.000000
-0.278466 -1.090410 2.752196 1.000000
-0.016572 -1.080885 2.747638 1.000000
-0.326763 -1.120226 2.534343 0.000000
-0.060728 -1.106293 2.528353 0.000000
-0.134739 0.713238 2.541948 1.000000
-0.372122 0.398035 2.740994 1.000000
0.071066 0.380530 2.626790 1.000000
-0.169505 0.475565 2.597024 0.000000
-0.138991 0.235606 2.752219 0.000000
-0.362571 0.019214 2.680403 0.153846
0.038365 0.018906 2.583817 0.730769
-0.127488 0.021713 2.775793 0.000000
-0.419568 0.128945 2.660572 1.000000
0.116148 0.102890 2.671644 1.000000
-0.394463 -0.177273 2.593187 1.000000
0.103056 -0.211271 2.663140 1.000000
-0.367637 -0.245824 2.541849 0.391827
0.049681 -0.282290 2.650419 1.000000
-0.259798 -0.604142 2.686274 1.000000
-0.016135 -0.596086 2.691353 1.000000
-0.279753 -1.096895 2.747965 1.000000
-0.013090 -1.089761 2.748667 1.000000
-0.332771 -1.121959 2.530613 0.000000
-0.063264 -1.115375 2.530704 0.000000
-0.132348 0.708243 2.546694 1.000000
