-0.259688 0.221483 2.748135 1.000000
-0.186304 0.042584 3.076066 0.000000
-0.112922 0.204139 2.922565 0.000000
-0.354330 -0.009109 2.860252 0.000000
-0.204338 -0.163373 2.575648 1.000000
-0.174061 -0.154628 2.874237 0.000000
-0.390110 -0.187005 2.746135 0.798077
-0.170844 0.429024 2.623925 1.000000
-0.334641 -0.168939 3.095178 0.000000
0.003185 0.234514 2.728256 1.000000
-0.503318 -0.395623 3.090787 0.000000
0.033447 0.166204 2.729024 1.000000
-0.547895 -0.455574 3.089638 0.000000
-0.052256 -0.641180 2.788698 1.000000
-0.311976 -0.662577 2.754672 1.000000
-0.093292 -1.054938 2.820476 0.919231
-0.344051 -1.060943 2.873687 1.000000
0.075075 -1.066946 2.881540 0.000000
-0.179444 -1.093278 2.809820 0.000000
-0.227447 0.405761 3.113589 0.000000
-0.246713 0.233793 2.749623 1.000000
-0.170916 0.035478 3.066071 0.000000
-0.101145 0.209142 2.924576 0.000000
-0.335065 -0.006796 2.845279 0.000000
-0.188857 -0.157129 2.576798 1.000000
-0.161823 -0.167594 2.875643 0.000000
-0.375343 -0.198610 2.743043 0.985577
-0.171520 0.445530 2.623510 1.000000
-0.310358 -0.182834 3.068598 0.000000
-0.004985 0.248919 2.735810 1.000000
-0.469582 -0.415351 3.047606 0.000000
0.040577 0.190144 2.728590 0.644231
-0.511660 -0.476844 3.042066 0.000000
-0.062869 -0.646663 2.794001 1.000000
-0.308923 -0.666593 2.766207 1.000000
-0.090011 -1.061967 2.819988 0.744231
-0.410087 -1.058437 2.866774 1.000000
0.063732 -1.066224 2.912535 0.000000
-0.242056 -1.110850 2.831582 0.000000
-0.213923 0.407300 3.115976 0.000000
-0.248014 0.246602 2.755053 1.000000
-0.164667 0.041359 3.066981 0.000000
-0.094422 0.212877 2.923124 0.187500
-0.341992 0.008688 2.854921 0.000000
-0.196355 -0.155002 2.578732 1.000000
-0.156694 -0.156581 2.876345 0.000000
-0.373624 -0.201317 2.753564 1.000000
-0.182461 0.454276 2.617354 1.000000
-0.310648 -0.172530 3.074207 0.000000
-0.079969 0.231948 2.755416 1.000000
-0.478317 -0.399595 3.060585 0.000000
-0.053171 0.172638 2.792115 0.000000
-0.522629 -0.459646 3.056990 0.000000
-0.051456 -0.640520 2.792714 1.000000
-0.300825 -0.658379 2.768155 1.000000
-0.096093 -1.054325 2.818449 0.800481
-0.403540 -1.048220 2.874748 1.000000
0.062672 -1.066296 2.901338 0.000000
-0.238899 -1.103876 2.829849 0.000000
-0.195679 0.414343 3.120175 0.000000
-0.255557 0.243431 2.755563 1.000000
-0.144692 0.043804 3.061426 0.000000
-0.091435 0.218310 2.913916 0.259615
-0.331891 0.001784 2.859753 0.000000
-0.212530 -0.151911 2.575059 1.000000
-0.156422 -0.142296 2.869862 0.000000
-0.378755 -0.195756 2.761023 0.937500
-0.179636 0.455562 2.630582 1.000000
-0.277080 -0.178406 3.075803 0.000000
-0.112627 0.196571 2.716753 1.000000
-0.431528 -0.415019 3.071636 0.000000
-0.095274 0.127727 2.740033 0.000000
-0.472344 -0.477593 3.070540 0.000000
-0.049963 -0.631040 2.789434 1.000000
-0.299387 -0.648336 2.765445 1.000000
-0.090726 -1.045085 2.817612 0.819231
-0.376730 -1.042527 2.877341 1.000000
0.073668 -1.056426 2.888791 0.000000
-0.215144 -1.091521 2.816431 0.000000
-0.195267 0.409988 3.118901 0.000000
-0.248004 0.242516 2.758256 1.000000
-0.161247 0.044849 3.072830 0.000000
-0.095318 0.216720 2.927361 0.173077
-0.335234 0.003471 2.859529 0.000000
-0.205802 -0.145297 2.571102 1.000000
-0.169688 -0.139213 2.869108 0.000000
-0.384139 -0.191373 2.744908 1.000000
-0.175495 0.454081 2.630336 1.000000
-0.296072 -0.176249 3.079809 0.000000
-0.099785 0.198987 2.720801 1.000000
-0.451851 -0.411726 3.067961 0.000000
-0.079847 0.131272 2.745290 0.000000
-0.493020 -0.474000 3.064834 0.000000
-0.052860 -0.626738 2.786001 1.000000
-0.300273 -0.646612 2.765193 1.000000
-0.089565 -1.040852 2.818433 0.887981
-0.394392 -1.039979 2.866646 1.000000
0.073030 -1.049345 2.894004 0.000000
-0.226977 -1.090486 2.826129 0.163462
-0.193060 0.409629 3.128905 0.000000
-0.249368 0.241137 2.755901 1.000000
-0.177501 0.048974 3.077650 0.000000
-0.106348 0.220278 2.933984 0.129808
-0.337961 0.001693 2.855169 0.000000
-0.181760 -0.142826 2.563385 1.000000
-0.165585 -0.123215 2.862556 0.000000
-0.373531 -0.171455 2.726295 1.000000
-0.177862 0.451042 2.624734 1.000000
-0.305560 -0.176217 3.078561 0.000000
-0.087301 0.212647 2.742850 1.000000
-0.453101 -0.416596 3.061056 0.000000
-0.063181 0.149362 2.774408 0.000000
-0.492092 -0.480164 3.056434 0.000000
-0.060982 -0.627101 2.784985 1.000000
-0.296963 -0.634283 2.763593 1.000000
-0.084874 -1.041408 2.825831 0.834856
-0.374562 -1.032933 2.858173 1.000000
0.082429 -1.044651 2.890789 0.000000
-0.202008 -1.073299 2.829611 0.245192
-0.195936 0.412814 3.133191 0.000000
-0.250452 0.247266 2.754224 1.000000
-0.166024 0.050853 3.071131 0.000000
-0.100294 0.223696 2.926727 0.245192
-0.335402 0.006490 2.854743 0.000000
-0.181937 -0.136727 2.561036 1.000000
-0.151776 -0.128200 2.859644 0.000000
-0.366333 -0.169313 2.731540 0.942308
-0.177869 0.456955 2.623312 1.000000
-0.292694 -0.175110 3.073680 0.000000
-0.082912 0.226468 2.753087 1.000000
-0.439480 -0.416158 3.059305 0.000000
-0.057474 0.165355 2.787738 0.000000
-0.478273 -0.479902 3.055509 0.000000
-0.051184 -0.620842 2.782460 1.000000
-0.297253 -0.633445 2.762461 1.000000
-0.087242 -1.034647 2.819260 0.822356
-0.388896 -1.030026 2.853091 1.000000
0.076020 -1.042273 2.893474 0.000000
-0.218631 -1.076762 2.820751 0.216346
-0.196727 0.412096 3.131528 0.000000
-0.248551 0.242396 2.756680 1.000000
-0.168787 0.052213 3.077331 0.000000
-0.099322 0.220251 2.929055 0.086538
-0.338810 0.006351 2.861762 0.000000
-0.176587 -0.147614 2.563109 1.000000
-0.149073 -0.122213 2.861013 0.288462
-0.362377 -0.171193 2.733584 0.966346
-0.173007 0.453046 2.629033 1.000000
-0.298441 -0.171964 3.084059 0.000000
-0.059161 0.220196 2.737664 1.000000
-0.448354 -0.411341 3.075011 0.000000
-0.027819 0.158616 2.766093 0.000000
-0.487974 -0.474643 3.072623 0.000000
-0.056252 -0.630675 2.787316 1.000000
-0.295526 -0.630979 2.764536 1.000000
-0.086479 -1.045450 2.817929 0.769231
-0.371367 -1.029791 2.859856 1.000000
0.082071 -1.053213 2.879174 0.000000
-0.201226 -1.071502 2.820713 0.283654
-0.196144 0.411734 3.132326 0.000000
-0.309333 0.195259 2.763869 1.000000
-0.094165 0.070041 3.054369 0.000000
-0.117243 0.231228 2.885450 0.014423
-0.298066 -0.042046 2.901589 0.000000
-0.201648 -0.178878 2.560685 1.000000
-0.117183 -0.071152 2.827911 0.057692
-0.352755 -0.074416 2.735011 0.225962
-0.191615 0.396416 2.654098 1.000000
-0.148258 -0.177840 3.106712 0.000000
0.008719 0.213593 2.727714 1.000000
-0.220612 -0.447277 3.151720 0.000000
0.029021 0.142647 2.716005 1.000000
-0.239724 -0.518521 3.163618 0.000000
-0.054306 -0.617609 2.773088 1.000000
-0.300074 -0.589421 2.746725 1.000000
-0.084895 -1.030360 2.823977 0.937981
-0.278254 -0.989140 2.863504 1.000000
0.091083 -1.047236 2.792880 0.000000
-0.272093 -1.039138 2.691218 0.000000
-0.217868 0.397273 3.116071 0.000000
-0.414619 0.112150 2.760339 1.000000
-0.185526 0.115977 3.073461 0.000000
-0.243128 0.225052 2.873881 1.000000
-0.342668 -0.078050 2.950413 0.000000
-0.290054 -0.205838 2.601119 1.000000
-0.176683 -0.103221 2.859509 0.000000
-0.420798 -0.149587 2.810589 0.009615
-0.173088 0.120687 2.664282 1.000000
-0.170674 -0.120772 3.177578 0.000000
0.092980 0.027451 2.695860 1.000000
-0.166685 -0.384126 3.279978 0.000000
0.147447 -0.010767 2.661869 1.000000
-0.165612 -0.453757 3.307052 0.000000
-0.042773 -0.627788 2.776513 1.000000
-0.303236 -0.634004 2.750458 1.000000
-0.089532 -1.039916 2.819566 0.937981
-0.274946 -1.029712 2.878927 1.000000
0.086035 -1.062912 2.790110 0.000000
-0.308153 -1.086326 2.711858 0.100962
-0.292064 0.401695 3.098578 0.000000
-0.441450 -0.007450 2.804611 1.000000
-0.097861 0.109568 2.926370 0.000000
-0.295336 0.174725 2.827209 0.072115
-0.204285 -0.137501 2.870343 0.000000
-0.392216 -0.263769 2.668919 0.326923
-0.166100 -0.129052 2.813390 0.721154
-0.384862 -0.205781 2.915330 0.115385
-0.280412 0.135540 2.659243 1.000000
-0.096998 -0.064224 3.118289 0.000000
0.000120 0.095501 2.664956 1.000000
-0.154393 -0.309605 3.245817 0.000000
0.073698 0.103354 2.654601 1.000000
-0.164202 -0.377399 3.275657 0.000000
-0.040837 -0.653841 2.776142 1.000000
-0.300295 -0.667132 2.768013 1.000000
-0.103814 -1.063483 2.822145 0.784856
-0.279247 -1.065162 2.890561 1.000000
0.063027 -1.095633 2.764259 0.000000
-0.402002 -1.109585 2.767362 0.000000
-0.289098 0.336373 3.068835 0.000000
-0.381310 0.040102 2.819360 1.000000
-0.032748 0.139396 2.901893 1.000000
-0.230539 0.210923 2.813979 0.000000
-0.155692 -0.102606 2.875082 0.000000
-0.384316 -0.215565 2.691421 1.000000
-0.123573 -0.104009 2.789998 0.403846
-0.324791 -0.163173 2.931936 0.230769
-0.395241 0.294743 2.771300 1.000000
0.019386 0.027394 3.129220 0.000000
-0.199476 0.440371 2.627752 1.000000
-0.094786 -0.229439 3.154826 0.000000
-0.146884 0.477340 2.665830 1.000000
-0.131990 -0.284075 3.189660 0.000000
-0.037045 -0.624906 2.766061 1.000000
-0.290466 -0.634993 2.782054 1.000000
-0.097112 -1.033575 2.823249 0.862981
-0.300727 -1.047176 2.844416 1.000000
0.062437 -1.067510 2.748330 0.000000
-0.443622 -1.059941 2.736536 0.000000
-0.277894 0.329068 3.083638 0.000000
-0.416640 0.080042 2.769125 1.000000
-0.093332 0.121733 2.978005 1.000000
-0.246772 0.227235 2.836406 0.504808
-0.234114 -0.097467 2.881621 0.000000
-0.349164 -0.182812 2.637915 0.384615
-0.128292 -0.115721 2.829913 1.000000
-0.367536 -0.172743 2.890297 0.375000
-0.272841 0.294510 2.745150 1.000000
0.028297 -0.016677 3.159477 0.000000
-0.163586 0.519089 2.612297 1.000000
-0.009000 -0.205143 2.952896 0.000000
-0.135519 0.577919 2.575774 0.000000
-0.021662 -0.250675 2.895024 0.000000
-0.036688 -0.611994 2.764409 1.000000
-0.300171 -0.639726 2.773732 1.000000
-0.096018 -1.020968 2.820165 1.000000
-0.286354 -1.050168 2.846088 1.000000
0.078576 -1.050329 2.790587 0.000000
-0.362293 -1.080881 2.686368 0.000000
-0.365582 0.286332 3.111116 0.000000
-0.467946 0.100700 2.824456 1.000000
-0.104836 0.121662 2.959568 0.980769
-0.279988 0.237725 2.855170 0.850962
-0.275294 -0.088119 2.893109 0.000000
-0.388814 -0.215153 2.651314 0.259615
-0.174022 -0.113459 2.834813 0.000000
-0.390316 -0.225337 2.904355 0.000000
-0.260190 0.172774 2.687324 1.000000
0.016396 -0.007518 3.147842 0.000000
-0.179313 0.442278 2.660039 1.000000
-0.006438 -0.207973 2.950810 0.000000
-0.193316 0.512855 2.639903 1.000000
-0.014328 -0.258399 2.896243 0.000000
-0.026696 -0.609022 2.766482 1.000000
-0.293309 -0.649961 2.774257 1.000000
-0.098431 -1.017106 2.813505 1.000000
-0.281986 -1.058349 2.857807 1.000000
0.077415 -1.049769 2.798294 0.000000
-0.400750 -1.088478 2.726629 0.000000
-0.375102 0.292710 3.139441 0.000000
-0.397470 -0.021545 2.836572 1.000000
-0.072632 0.169492 2.912197 0.894231
-0.289472 0.186706 2.832612 0.341346
-0.133575 -0.097778 2.881616 0.000000
-0.384404 -0.239926 2.695965 0.000000
-0.133373 -0.091266 2.766906 0.000000
-0.314484 -0.165359 2.927668 0.033654
-0.260035 0.093777 2.649865 1.000000
0.013281 0.030154 3.112118 0.000000
-0.197640 0.363944 2.703700 1.000000
-0.004982 -0.203966 2.956237 0.000000
-0.193768 0.424702 2.660386 1.000000
-0.007637 -0.261902 2.909131 0.000000
-0.022969 -0.630404 2.760432 1.000000
-0.289067 -0.624240 2.779227 1.000000
-0.109096 -1.034038 2.820024 1.000000
-0.281952 -1.034385 2.854190 1.000000
0.047582 -1.078602 2.744616 0.000000
-0.445674 -1.050355 2.782352 0.000000
-0.377815 0.265850 3.115291 0.000000
-0.268820 -0.118686 2.863252 1.000000
-0.048023 0.173272 2.768513 1.000000
-0.262588 0.102946 2.786519 0.682692
0.000985 -0.091930 2.800243 0.000000
-0.332710 -0.354901 2.815130 0.000000
-0.176285 -0.102050 2.773336 0.000000
-0.228876 -0.211007 2.995819 0.000000
-0.323577 0.091206 2.722089 0.538462
0.049728 0.162924 3.007390 0.000000
-0.198391 0.342535 2.692708 1.000000
0.010258 -0.114830 2.981074 0.009615
-0.188056 0.412068 2.667389 1.000000
-0.002937 -0.186979 2.966826 0.000000
-0.015710 -0.708726 2.742971 1.000000
-0.242833 -0.627889 2.742876 1.000000
-0.120779 -1.100937 2.837947 1.000000
-0.284645 -1.027293 2.855200 1.000000
-0.027598 -1.160170 2.696423 0.000000
-0.460231 -1.019143 2.818820 0.000000
-0.322729 0.225139 3.049182 0.000000
-0.220996 -0.187938 2.714777 1.000000
-0.018023 0.095657 2.626644 1.000000
-0.218849 0.003170 2.599212 0.000000
0.044254 -0.145418 2.727019 0.000000
-0.287570 -0.291524 2.889000 1.000000
-0.042132 -0.210354 2.736289 0.230769
-0.053174 -0.269427 2.982305 0.000000
-0.300427 0.058234 2.717768 1.000000
0.025066 0.160114 2.872972 0.000000
-0.153200 0.293875 2.668511 1.000000
0.011573 -0.100175 2.979847 0.000000
-0.165561 0.366133 2.654065 1.000000
0.009181 -0.167171 3.012838 0.000000
-0.046955 -0.760431 2.768384 1.000000
-0.298642 -0.696190 2.760429 1.000000
-0.134166 -1.155855 2.867997 0.566106
-0.299955 -1.082523 2.917383 1.000000
-0.098464 -1.206192 2.699439 0.000000
-0.473803 -1.098835 2.875776 0.000000
-0.291108 0.127133 2.872739 0.000000
-0.235478 -0.120826 2.957103 1.000000
-0.035514 0.046011 2.695384 1.000000
-0.240800 0.030743 2.785175 0.000000
0.007504 -0.175655 2.843317 0.000000
-0.213289 -0.385486 2.901844 1.000000
-0.063241 -0.401697 2.659806 0.778846
0.030789 -0.432159 2.888210 0.586538
-0.235101 0.085413 2.801205 0.000000
-0.115691 0.280976 2.624642 1.000000
-0.228532 0.348806 2.700634 1.000000
-0.220307 0.440457 2.417470 1.000000
-0.228703 0.398307 2.644667 1.000000
-0.268565 0.477391 2.374001 1.000000
-0.050990 -0.895769 2.796720 1.000000
-0.320126 -0.846350 2.856686 1.000000
-0.050011 -1.307938 2.860000 0.037981
-0.186672 -1.240615 2.831503 0.491106
-0.134318 -1.332182 2.703397 0.000000
-0.343321 -1.297876 2.897854 0.000000
-0.316657 0.234812 2.698013 1.000000
-0.253410 -0.015372 2.960438 0.836538
-0.028769 0.161073 2.704674 1.000000
-0.244715 0.137733 2.782867 0.000000
0.003084 -0.061866 2.862816 0.000000
-0.227889 -0.264904 2.878081 0.576923
-0.056985 -0.267034 2.649725 0.721154
0.018841 -0.296778 2.884892 0.500000
-0.246606 0.081389 2.720890 1.000000
-0.088443 0.355926 2.546292 1.000000
-0.197324 0.357782 2.695287 1.000000
-0.277710 0.490335 2.386989 1.000000
-0.228556 0.413636 2.656718 0.341346
-0.340050 0.524667 2.364236 1.000000
-0.056546 -0.773763 2.792693 1.000000
-0.313310 -0.724028 2.815713 1.000000
-0.064401 -1.190307 2.810544 0.469231
-0.235343 -1.132763 2.843021 1.000000
-0.174159 -1.194322 2.668568 0.000000
-0.407608 -1.162921 2.883463 0.000000
-0.353055 0.319710 2.730282 0.778846
-0.246723 0.086403 2.954191 1.000000
-0.035865 0.267732 2.685527 1.000000
-0.249204 0.239151 2.776119 0.346154
0.005699 0.044318 2.844679 0.000000
-0.239697 -0.166039 2.860356 0.317308
-0.078203 -0.152111 2.625653 0.730769
0.007358 -0.195643 2.855267 0.086538
-0.251709 0.128868 2.699354 1.000000
-0.096482 0.405724 2.476069 1.000000
-0.152414 0.391220 2.726989 1.000000
-0.282060 0.552842 2.323908 1.000000
-0.188302 0.447732 2.693806 0.004808
-0.340842 0.596039 2.307744 1.000000
-0.044893 -0.657281 2.726111 1.000000
-0.312202 -0.626785 2.776193 1.000000
-0.093299 -1.057823 2.831523 0.775481
-0.267683 -1.035241 2.847402 1.000000
-0.108603 -1.101609 2.658119 0.000000
-0.443765 -1.048835 2.879508 0.000000
-0.456700 0.269703 2.681510 1.000000
-0.255695 0.069918 2.956099 0.807692
-0.025299 0.241657 2.698921 1.000000
-0.243186 0.222431 2.778248 0.009615
-0.000161 0.017374 2.859032 0.000000
-0.246227 -0.190334 2.869062 0.692308
-0.071208 -0.163323 2.645459 0.625000
-0.000017 -0.226064 2.875532 0.562500
-0.231835 0.126135 2.704237 1.000000
-0.041847 0.396372 2.492123 1.000000
-0.184759 0.403834 2.679994 1.000000
-0.098873 0.573380 2.279726 1.000000
-0.181100 0.473762 2.653931 1.000000
-0.126106 0.628203 2.236883 1.000000
-0.048667 -0.677251 2.733187 1.000000
-0.321556 -0.635780 2.783280 1.000000
-0.081064 -1.071124 2.866243 0.859856
-0.270081 -1.045749 2.839537 1.000000
-0.097466 -1.127120 2.696491 0.000000
-0.442099 -1.060612 2.888622 0.000000
-0.443532 0.154497 2.681595 1.000000
-0.259259 0.065556 2.942324 1.000000
-0.039404 0.259288 2.688010 1.000000
-0.256320 0.225697 2.770876 0.000000
-0.003110 0.028786 2.839775 0.000000
-0.252935 -0.191242 2.862935 0.807692
-0.084048 -0.172147 2.633867 0.605769
-0.005669 -0.219385 2.865305 0.096154
-0.248823 0.102054 2.686112 1.000000
-0.007261 0.403051 2.475373 1.000000
-0.203102 0.380858 2.688270 1.000000
0.031637 0.579008 2.258230 1.000000
-0.194667 0.450041 2.661341 1.000000
0.035231 0.637290 2.211616 1.000000
-0.053297 -0.680836 2.732791 1.000000
-0.327366 -0.641881 2.788416 1.000000
-0.094658 -1.078322 2.851885 0.756731
-0.271553 -1.051443 2.843485 1.000000
-0.109111 -1.128291 2.680088 0.000000
-0.444268 -1.068837 2.889171 0.000000
-0.475371 0.167212 2.700316 1.000000
-0.259542 0.041806 2.940153 1.000000
-0.059971 0.246257 2.677637 1.000000
-0.270126 0.207685 2.774564 0.000000
-0.011127 0.011125 2.818377 0.000000
-0.248315 -0.199741 2.859869 0.519231
-0.097418 -0.179873 2.618633 0.567308
-0.000429 -0.216105 2.844948 0.149038
-0.266479 0.107271 2.687333 1.000000
0.025488 0.400405 2.485177 1.000000
-0.202137 0.384869 2.683469 1.000000
0.136198 0.548988 2.269058 1.000000
-0.196818 0.453314 2.653978 1.000000
0.163187 0.605518 2.228332 1.000000
-0.058476 -0.693043 2.732320 1.000000
-0.333250 -0.643387 2.796176 1.000000
-0.085080 -1.090925 2.854267 0.719231
-0.273726 -1.052601 2.849929 1.000000
-0.138408 -1.137881 2.689429 0.000000
-0.443892 -1.070214 2.904279 0.000000
-0.474918 0.144136 2.671794 1.000000
-0.267176 0.028156 2.935614 1.000000
-0.068523 0.248146 2.685245 1.000000
-0.279187 0.200538 2.776907 0.000000
-0.016173 0.008547 2.816898 0.000000
-0.249992 -0.207132 2.862378 0.403846
-0.096833 -0.186119 2.622669 0.605769
-0.002044 -0.224346 2.849588 0.105769
-0.272321 0.087663 2.681818 1.000000
0.043417 0.386877 2.495302 1.000000
-0.208789 0.364877 2.684613 1.000000
0.182794 0.524459 2.289418 1.000000
-0.202053 0.434494 2.658332 1.000000
0.224307 0.576177 2.255002 1.000000
-0.065382 -0.701619 2.731698 1.000000
-0.336839 -0.647746 2.800214 1.000000
-0.094708 -1.099418 2.853292 0.606731
-0.278328 -1.058082 2.845932 1.000000
-0.147530 -1.145992 2.688183 0.000000
-0.447307 -1.075724 2.903857 0.000000
-0.492497 0.142125 2.687441 1.000000
-0.272527 0.052092 2.949909 1.000000
-0.071925 0.265087 2.695084 1.000000
-0.284515 0.213020 2.779597 0.000000
-0.015171 0.037437 2.844867 0.000000
-0.266588 -0.194269 2.865028 1.000000
-0.102133 -0.170142 2.633227 0.711538
-0.018270 -0.210862 2.863980 0.173077
-0.289932 0.093678 2.693415 1.000000
0.026553 0.383093 2.485120 1.000000
-0.209003 0.365933 2.687924 1.000000
0.137086 0.541824 2.277382 1.000000
-0.201613 0.432198 2.654206 1.000000
0.176903 0.592884 2.240098 1.000000
-0.064729 -0.682684 2.734225 1.000000
-0.331405 -0.642738 2.799157 1.000000
-0.106292 -1.081705 2.847996 0.784856
-0.278836 -1.053825 2.845335 1.000000
-0.131486 -1.128005 2.676410 0.000000
-0.449412 -1.069615 2.898951 0.000000
-0.513404 0.172603 2.734450 0.677885
-0.274242 0.051583 2.931212 1.000000
-0.079280 0.271946 2.678281 1.000000
-0.290725 0.209874 2.758817 0.000000
-0.014222 0.049118 2.831891 0.000000
-0.262431 -0.195517 2.862764 0.605769
-0.094253 -0.173156 2.633470 0.634615
-0.014103 -0.211692 2.865912 0.057692
-0.276934 0.082121 2.672874 1.000000
0.002476 0.395917 2.464919 1.000000
-0.218638 0.359446 2.687853 1.000000
0.051797 0.576376 2.251817 1.000000
-0.207490 0.426025 2.655828 1.000000
0.075255 0.634712 2.211452 1.000000
-0.057125 -0.683226 2.730944 1.000000
-0.333457 -0.641801 2.794530 1.000000
-0.101749 -1.081429 2.846408 0.716106
-0.276012 -1.051970 2.843011 1.000000
-0.111069 -1.130387 2.673965 0.000000
-0.448203 -1.070508 2.890202 0.000000
-0.519516 0.194161 2.716837 0.557692
-0.254735 0.035613 2.934783 1.000000
-0.044573 0.213500 2.661411 1.000000
-0.254020 0.198690 2.766103 0.000000
-0.015274 -0.022863 2.805478 0.000000
-0.235118 -0.196205 2.859582 0.230769
-0.090100 -0.189024 2.614067 0.557692
0.011489 -0.222485 2.838785 0.129808
-0.257432 0.096338 2.677941 1.000000
-0.060658 0.397269 2.472856 1.000000
-0.209345 0.380197 2.680243 1.000000
-0.142225 0.582837 2.268626 1.000000
-0.196905 0.449621 2.655581 1.000000
-0.164875 0.645832 2.235441 1.000000
-0.048570 -0.692176 2.731745 1.000000
-0.331043 -0.648283 2.794092 1.000000
-0.079447 -1.090731 2.850443 0.728606
-0.269102 -1.057661 2.843717 1.000000
-0.120188 -1.137722 2.682061 0.000000
-0.440672 -1.077703 2.892525 0.000000
-0.481599 0.186008 2.692388 0.370192
-0.245021 0.047478 2.940208 1.000000
-0.026800 0.234200 2.679327 1.000000
-0.240378 0.213150 2.774138 0.033654
0.001308 -0.003686 2.821106 0.000000
-0.248093 -0.200932 2.862781 0.865385
-0.090301 -0.173487 2.626755 0.625000
-0.000419 -0.223464 2.853387 0.326923
-0.238976 0.114400 2.685296 0.861538
-0.096303 0.392923 2.478380 1.000000
-0.185007 0.396843 2.682616 1.000000
-0.264456 0.563851 2.316260 1.000000
-0.225336 0.443414 2.640338 1.000000
-0.307510 0.617469 2.287036 1.000000
-0.052583 -0.689738 2.733303 1.000000
-0.323254 -0.644835 2.792547 1.000000
-0.082178 -1.085572 2.861087 0.897356
-0.267732 -1.055327 2.840532 1.000000
-0.127721 -1.135819 2.694890 0.000000
-0.435911 -1.070973 2.901288 0.000000
-0.415896 0.135436 2.631517 1.000000
-0.255063 0.066247 2.952256 0.778846
-0.032021 0.217557 2.677034 1.000000
-0.245520 0.211768 2.768462 0.000000
-0.008084 -0.001867 2.843431 0.000000
-0.245190 -0.199144 2.869055 1.000000
-0.080629 -0.176196 2.637209 0.538462
0.001937 -0.228430 2.866103 0.355769
-0.239616 0.125430 2.696140 0.707692
-0.123829 0.385509 2.494368 1.000000
-0.226357 0.411834 2.678749 1.000000
-0.335974 0.530614 2.363073 1.000000
-0.223124 0.486403 2.682157 0.000000
-0.397317 0.572547 2.355247 1.000000
-0.045253 -0.686107 2.732571 1.000000
-0.321697 -0.649001 2.785778 1.000000
-0.086458 -1.080467 2.861690 0.794231
-0.269122 -1.059129 2.839817 1.000000
-0.097031 -1.135224 2.691073 0.000000
-0.441845 -1.075191 2.885958 0.000000
-0.446122 0.123912 2.679559 0.995192
-0.263567 0.014026 2.973342 0.000000
-0.066570 -0.059906 2.669408 1.000000
-0.215181 0.079981 2.755371 0.000000
-0.126718 -0.209016 2.883007 0.000000
-0.234313 -0.241187 2.816209 0.000000
-0.116973 -0.348083 2.579220 0.769231
0.009246 -0.279678 2.782512 0.019231
-0.247523 0.096137 2.723969 0.000000
-0.090578 0.203971 2.651136 1.000000
-0.185759 0.368514 2.658221 1.000000
-0.136783 0.418302 2.461752 1.000000
-0.137249 0.414486 2.624816 0.173077
-0.190427 0.438277 2.413732 1.000000
-0.044640 -0.758785 2.766337 1.000000
-0.332452 -0.763294 2.829851 1.000000
-0.123432 -1.151420 2.882607 0.453606
-0.229478 -1.167198 2.841942 1.000000
-0.035294 -1.211819 2.738371 0.000000
-0.401754 -1.210339 2.868015 0.000000
-0.339220 0.257773 2.667874 1.000000
-0.290697 -0.003230 2.980261 0.230769
-0.048623 0.007095 2.696868 1.000000
-0.234410 0.099227 2.776835 0.000000
-0.095892 -0.177784 2.885065 0.000000
-0.214734 -0.259689 2.870987 0.000000
-0.069148 -0.341422 2.639721 1.000000
0.030941 -0.298761 2.863552 0.000000
-0.256979 0.104260 2.743160 0.000000
-0.086400 0.263154 2.640882 1.000000
-0.209746 0.378322 2.674940 1.000000
-0.149370 0.443227 2.423959 1.000000
-0.232907 0.442412 2.644302 1.000000
-0.181375 0.490833 2.376084 1.000000
-0.041703 -0.767293 2.732141 1.000000
-0.352226 -0.755576 2.808991 1.000000
-0.128048 -1.151091 2.870462 0.547356
-0.194897 -1.138454 2.859401 1.000000
-0.034878 -1.221231 2.734007 0.000000
-0.361112 -1.205945 2.865545 0.000000
-0.306322 0.265368 2.644172 1.000000
-0.232268 0.028371 2.961894 1.000000
-0.015286 0.164656 2.670536 1.000000
-0.197115 0.206160 2.812886 1.000000
-0.053561 -0.087281 2.782534 0.000000
-0.259741 -0.214655 2.890970 0.115385
-0.126139 -0.164911 2.643916 0.759615
-0.012763 -0.205507 2.861714 0.235577
-0.242526 0.165382 2.738506 0.000000
-0.062198 0.373734 2.514853 1.000000
-0.034360 0.361436 2.729995 0.000000
-0.173709 0.566221 2.330491 1.000000
-0.018814 0.430749 2.706829 0.000000
-0.210768 0.621732 2.296910 1.000000
-0.050921 -0.686145 2.720207 1.000000
-0.326721 -0.653372 2.788683 1.000000
-0.104249 -1.079755 2.847156 0.725481
-0.268604 -1.061810 2.849424 1.000000
-0.109691 -1.134160 2.676186 0.000000
-0.441286 -1.079590 2.895087 0.000000
-0.393030 0.188120 2.667861 1.000000
-0.248665 0.065497 2.966218 1.000000
-0.030004 0.227119 2.689433 1.000000
-0.240089 0.224453 2.793860 0.038462
-0.011962 -0.006982 2.838940 0.000000
-0.249898 -0.188503 2.864638 0.980769
-0.098455 -0.167443 2.623845 0.625000
-0.003434 -0.218810 2.848056 0.062500
-0.252350 0.128103 2.709612 1.000000
0.009308 0.375669 2.470869 1.000000
-0.191730 0.405839 2.662487 1.000000
0.012343 0.580314 2.263379 1.000000
-0.190639 0.477132 2.640155 1.000000
0.008387 0.646424 2.228790 1.000000
-0.059642 -0.680155 2.742204 1.000000
-0.327997 -0.639865 2.791826 1.000000
-0.068851 -1.074436 2.877654 0.881731
-0.276343 -1.051421 2.834754 1.000000
-0.132494 -1.127636 2.718470 0.000000
-0.444508 -1.066162 2.895775 0.000000
-0.456169 0.223846 2.698013 0.725962
-0.252603 0.070787 2.953582 1.000000
-0.026920 0.240101 2.687229 1.000000
-0.241152 0.230885 2.782453 0.000000
-0.008654 0.005773 2.836353 0.000000
-0.260287 -0.183721 2.871446 0.750000
-0.100512 -0.164388 2.635951 0.644231
-0.012301 -0.203806 2.865305 0.028846
-0.260641 0.137428 2.697641 1.000000
0.083756 0.334580 2.463158 1.000000
-0.166815 0.407779 2.660023 1.000000
0.128903 0.527973 2.249847 1.000000
-0.183314 0.478529 2.642565 1.000000
0.152092 0.589158 2.213774 1.000000
-0.057060 -0.670801 2.733351 1.000000
-0.328445 -0.640200 2.791055 1.000000
-0.096640 -1.068443 2.852528 0.837981
-0.278285 -1.050207 2.848217 1.000000
-0.104522 -1.119206 2.680536 0.000000
-0.452893 -1.066212 2.886636 0.000000
-0.327162 0.420926 2.719163 0.663462
-0.262694 0.074325 2.957330 1.000000
-0.017459 0.227068 2.698344 1.000000
-0.235303 0.231563 2.785360 0.000000
-0.018782 -0.006263 2.850120 0.000000
-0.263365 -0.179744 2.870366 0.519231
-0.092573 -0.166190 2.642318 0.615385
-0.014986 -0.193892 2.877161 0.134615
-0.264685 0.135279 2.700559 1.000000
0.140091 0.257133 2.485838 1.000000
-0.173368 0.404211 2.653484 1.000000
0.215709 0.416627 2.255204 1.000000
-0.189381 0.472562 2.627904 1.000000
0.250244 0.471991 2.218807 0.879808
-0.056751 -0.667356 2.728307 1.000000
-0.331914 -0.636510 2.791473 1.000000
-0.097685 -1.064677 2.848094 0.775481
-0.282033 -1.046930 2.845847 1.000000
-0.073380 -1.118304 2.678525 0.000000
-0.458925 -1.065195 2.870255 0.000000
-0.320583 0.424085 2.725623 0.572115
-0.275783 0.070802 2.962393 0.836538
0.001339 0.194624 2.720700 1.000000
-0.218198 0.226865 2.796935 0.000000
-0.039708 -0.039882 2.864932 0.000000
-0.271419 -0.180214 2.863286 0.490385
-0.084412 -0.172740 2.648038 0.663462
-0.024682 -0.201476 2.887923 0.009615
-0.277251 0.130631 2.706279 1.000000
0.189975 0.140432 2.542627 1.000000
-0.170709 0.391477 2.652216 1.000000
0.300901 0.188217 2.279984 1.000000
-0.185407 0.460716 2.628287 1.000000
0.328728 0.220838 2.218795 0.173077
-0.057325 -0.669947 2.740032 1.000000
-0.335536 -0.640644 2.788562 1.000000
-0.098492 -1.070707 2.847669 0.703606
-0.278996 -1.049902 2.845131 1.000000
-0.065248 -1.119639 2.678197 0.000000
-0.456266 -1.071962 2.862716 0.000000
-0.353779 0.390954 2.715862 0.918269
-0.310330 0.091481 2.947640 0.000000
0.005297 0.164565 2.734139 1.000000
-0.216053 0.226826 2.780783 0.197115
-0.079628 -0.051987 2.887024 0.000000
-0.285138 -0.199229 2.859550 0.144231
-0.060355 -0.184097 2.684613 0.413462
-0.047293 -0.213719 2.931372 0.716346
-0.298584 0.138446 2.689657 0.569231
0.199474 0.081450 2.575284 1.000000
-0.180598 0.393778 2.636093 1.000000
0.328147 0.011203 2.327045 1.000000
-0.187850 0.466094 2.618758 1.000000
0.360544 -0.006752 2.262156 0.000000
-0.046454 -0.680417 2.739162 1.000000
-0.335897 -0.648543 2.790092 1.000000
-0.103492 -1.078484 2.849516 0.662981
-0.276398 -1.057700 2.844308 1.000000
-0.019045 -1.131921 2.700407 0.000000
-0.454059 -1.082971 2.848562 0.000000
-0.383786 0.383609 2.767648 0.519231
-0.301110 0.171992 2.936071 0.096154
0.027336 0.183615 2.729839 1.000000
-0.184937 0.278208 2.762090 0.418269
-0.090028 -0.005263 2.897265 0.000000
-0.289553 -0.179074 2.851967 0.000000
-0.049614 -0.177146 2.697742 1.000000
-0.059716 -0.197995 2.945536 0.000000
-0.455698 0.023419 2.785480 0.630769
0.200397 0.013319 2.627112 1.000000
-0.279508 -0.125033 2.616346 0.759615
0.318917 -0.094336 2.388223 0.990385
-0.230229 -0.162035 2.574095 0.000000
0.350297 -0.122962 2.326754 0.000000
-0.049585 -0.664167 2.743921 1.000000
-0.329024 -0.642723 2.784548 1.000000
-0.107198 -1.065684 2.840639 0.769231
-0.277524 -1.050855 2.852849 1.000000
-0.005068 -1.113942 2.701137 0.000000
-0.453660 -1.076891 2.830081 0.000000
-0.189727 0.497829 2.651525 1.000000
-0.300941 0.260843 2.926423 0.000000
0.040298 0.202567 2.751198 1.000000
-0.164536 0.316748 2.743896 0.394231
-0.104104 0.064938 2.945330 0.000000
-0.294013 -0.132686 2.836668 0.057692
-0.037828 -0.153047 2.712917 1.000000
-0.081206 -0.180794 2.956406 0.000000
-0.437545 0.084454 2.790239 0.646154
0.158288 -0.026144 2.698092 1.000000
-0.460029 -0.184761 2.699061 1.000000
0.290094 -0.219694 2.532771 1.000000
-0.462102 -0.252827 2.668315 0.038462
0.320869 -0.270118 2.487023 0.122596
-0.054475 -0.622203 2.741797 1.000000
-0.328507 -0.616672 2.776849 1.000000
-0.094856 -1.027179 2.832644 0.887981
-0.282457 -1.025463 2.845099 1.000000
0.037713 -1.066103 2.718055 0.000000
-0.455107 -1.051830 2.803664 0.000000
-0.186983 0.520398 2.641807 1.000000
-0.375957 0.254571 2.752486 1.000000
0.011487 0.241497 2.768608 1.000000
-0.176238 0.264454 2.629756 0.000000
-0.192557 0.166432 2.942424 0.000000
-0.319443 -0.133212 2.787621 0.000000
-0.034569 -0.142942 2.798171 0.317308
-0.184685 -0.141967 2.996670 0.000000
-0.471421 0.011298 2.749512 1.000000
0.082472 -0.008324 2.730577 1.000000
-0.383042 -0.255431 2.701323 1.000000
0.224140 -0.240429 2.640919 1.000000
-0.352430 -0.323573 2.699838 1.000000
0.233326 -0.311649 2.620278 0.459135
-0.044235 -0.606166 2.742007 1.000000
-0.320096 -0.610839 2.755367 1.000000
-0.096153 -1.011736 2.823900 1.000000
-0.290902 -1.015478 2.851825 1.000000
0.047366 -1.050427 2.723275 0.000000
-0.426003 -1.052018 2.739429 0.000000
-0.190974 0.560712 2.653744 0.461538
-0.362557 0.241252 2.773132 1.000000
0.025303 0.237871 2.763276 1.000000
-0.171684 0.265732 2.638908 0.000000
-0.164995 0.144527 2.943704 0.000000
-0.317703 -0.144184 2.795891 0.144231
-0.032668 -0.147302 2.785662 0.000000
-0.167826 -0.141447 2.994555 0.000000
-0.473289 0.004204 2.742909 1.000000
0.063491 -0.022212 2.735936 1.000000
-0.386934 -0.264078 2.687151 1.000000
0.144177 -0.298147 2.714363 1.000000
-0.358066 -0.332585 2.694630 1.000000
0.154010 -0.371494 2.704058 0.610577
-0.045859 -0.616808 2.740164 1.000000
-0.317506 -0.615300 2.757453 1.000000
-0.093692 -1.021550 2.828393 0.997356
-0.293453 -1.020923 2.851160 1.000000
0.038209 -1.062159 2.713618 0.000000
-0.432278 -1.054287 2.742373 0.000000
-0.188781 0.538609 2.664082 0.764423
-0.359308 0.226989 2.753501 1.000000
0.026018 0.226438 2.798977 1.000000
-0.152051 0.271900 2.653125 0.000000
-0.185495 0.106534 2.934500 0.000000
-0.313592 -0.161391 2.781309 0.000000
-0.029363 -0.166681 2.804667 0.000000
-0.188243 -0.167419 2.996226 0.000000
-0.431057 -0.030648 2.766563 1.000000
0.038728 -0.035216 2.740422 1.000000
-0.380540 -0.301202 2.668781 1.000000
0.032346 -0.326652 2.768037 1.000000
-0.347567 -0.361120 2.698867 1.000000
0.012702 -0.397226 2.753339 1.000000
-0.044242 -0.637821 2.746746 1.000000
-0.320591 -0.631721 2.756629 1.000000
-0.094723 -1.043178 2.830569 0.891106
-0.292023 -1.035914 2.855124 1.000000
0.046516 -1.082207 2.726894 0.000000
-0.430828 -1.072025 2.747192 0.000000
-0.194489 0.531220 2.664714 0.831731
-0.367282 0.214854 2.769280 1.000000
0.019181 0.226461 2.801777 1.000000
-0.165674 0.276137 2.666098 0.014423
-0.182535 0.087496 2.933990 0.000000
-0.312654 -0.160920 2.780670 0.000000
-0.028422 -0.165731 2.804097 0.000000
-0.187381 -0.169042 2.995563 0.000000
-0.403986 -0.048555 2.741575 1.000000
0.048539 -0.031527 2.735681 1.000000
-0.363742 -0.332767 2.689781 1.000000
0.007201 -0.320041 2.757440 1.000000
-0.329234 -0.399004 2.687644 1.000000
-0.011461 -0.384899 2.725381 0.997596
-0.043242 -0.638106 2.748859 1.000000
-0.314597 -0.634307 2.758081 1.000000
-0.095666 -1.044190 2.827830 0.941106
-0.292568 -1.039659 2.853443 1.000000
0.047552 -1.082369 2.726582 0.000000
-0.429793 -1.073172 2.742690 0.000000
-0.182593 0.529890 2.676210 0.735577
-0.365245 0.207345 2.766785 1.000000
0.020697 0.225908 2.802111 1.000000
-0.163868 0.270515 2.664293 0.000000
-0.179725 0.085491 2.934757 0.000000
-0.312882 -0.163889 2.784838 0.000000
-0.028305 -0.168973 2.803539 0.000000
-0.184193 -0.181016 2.997168 0.000000
-0.400728 -0.057310 2.744460 1.000000
0.056798 -0.035013 2.750619 1.000000
-0.345937 -0.340453 2.696871 1.000000
0.002837 -0.322536 2.739006 1.000000
-0.317068 -0.408983 2.689600 1.000000
-0.021155 -0.387716 2.711463 1.000000
-0.041960 -0.641314 2.747791 1.000000
-0.311255 -0.640535 2.760783 1.000000
-0.097241 -1.047730 2.823017 0.847356
-0.294274 -1.046626 2.854004 1.000000
0.049195 -1.085543 2.726338 0.000000
-0.433900 -1.077379 2.745473 0.000000
-0.175492 0.527261 2.675749 0.706731
-0.360550 0.219601 2.755493 1.000000
0.026786 0.220605 2.778151 1.000000
-0.159621 0.259084 2.640966 0.000000
-0.176236 0.107978 2.931702 0.000000
-0.309917 -0.160921 2.781976 0.000000
-0.025464 -0.166630 2.802313 0.000000
-0.182359 -0.170308 2.995468 0.000000
-0.396031 -0.047373 2.746595 1.000000
0.073486 -0.044941 2.787625 1.000000
-0.349839 -0.333607 2.698212 1.000000
0.011266 -0.329402 2.744962 1.000000
-0.325492 -0.404144 2.694406 1.000000
-0.009474 -0.396049 2.718304 1.000000
-0.041790 -0.638998 2.748584 1.000000
-0.313605 -0.635100 2.764529 1.000000
-0.095675 -1.045241 2.825729 0.841106
-0.293842 -1.041727 2.854821 1.000000
0.047569 -1.083459 2.724532 0.000000
-0.434058 -1.072473 2.747051 0.000000
-0.181306 0.536156 2.674510 0.591346
