-0.337496 0.274509 2.687085 1.000000
-0.003532 0.276377 2.691645 1.000000
-0.169725 0.341424 2.604542 0.000000
-0.170427 0.130893 2.742188 0.000000
-0.335276 -0.050069 2.625062 0.230769
-0.007358 -0.052194 2.617323 0.346154
-0.168652 -0.050342 2.733901 0.000000
-0.376140 -0.005546 2.690811 1.000000
0.028422 -0.002999 2.721065 1.000000
-0.384284 -0.291370 2.610357 1.000000
0.040651 -0.287552 2.636718 1.000000
-0.418610 -0.341789 2.594104 0.072115
0.071287 -0.338951 2.616617 0.021635
-0.279012 -0.571541 2.692055 1.000000
-0.039018 -0.570252 2.685115 1.000000
-0.313399 -0.981524 2.785946 1.000000
0.030381 -0.977349 2.771946 1.000000
-0.317828 -1.015004 2.638130 0.230769
0.027788 -1.009396 2.623769 0.000000
-0.154045 0.522138 2.590159 1.000000
-0.335828 0.274419 2.686719 1.000000
-0.001841 0.273908 2.683879 1.000000
-0.169478 0.337285 2.598326 0.000000
-0.168563 0.131450 2.742899 0.000000
-0.335080 -0.051391 2.634686 0.182692
-0.007873 -0.053931 2.611802 0.346154
-0.163603 -0.051672 2.735708 0.000000
-0.375906 -0.005559 2.693716 1.000000
0.033292 -0.004936 2.716351 1.000000
-0.381927 -0.289483 2.605961 1.000000
0.040762 -0.291491 2.637733 1.000000
-0.416001 -0.342418 2.601338 0.088942
0.070029 -0.345169 2.622030 0.038462
-0.279643 -0.573465 2.693976 1.000000
-0.040487 -0.572332 2.681867 1.000000
-0.311193 -0.985546 2.779288 1.000000
0.029521 -0.979508 2.767836 1.000000
-0.322524 -1.015367 2.631057 0.173077
0.020018 -1.012332 2.620111 0.000000
-0.159785 0.523888 2.589248 0.894231
-0.331567 0.275689 2.693377 1.000000
0.002191 0.280117 2.681449 1.000000
-0.168624 0.341566 2.600922 0.000000
-0.160767 0.134842 2.744010 0.000000
-0.334949 -0.051847 2.628893 0.192308
-0.007268 -0.053522 2.614140 0.365385
-0.166032 -0.051573 2.734140 0.000000
-0.375106 -0.003002 2.696078 1.000000
0.030831 0.001673 2.716378 1.000000
-0.383237 -0.287324 2.612861 1.000000
0.041771 -0.285725 2.644873 1.000000
-0.396714 -0.348149 2.602706 0.189904
0.046918 -0.340102 2.613232 0.173077
-0.280019 -0.573030 2.694480 1.000000
-0.039013 -0.572111 2.681536 1.000000
-0.302871 -0.983229 2.790910 1.000000
0.029838 -0.978516 2.771973 1.000000
-0.310939 -1.017452 2.643418 0.230769
0.024361 -1.012313 2.624264 0.000000
-0.154560 0.529612 2.595177 0.740385
-0.331967 0.274826 2.698576 1.000000
0.001433 0.277151 2.678699 1.000000
-0.170792 0.341502 2.603628 0.000000
-0.161074 0.131733 2.742095 0.000000
-0.331379 -0.051061 2.630873 0.182692
-0.003889 -0.050487 2.612312 0.365385
-0.161254 -0.050906 2.734155 0.000000
-0.374034 -0.004950 2.703803 1.000000
0.038268 -0.003187 2.689886 1.000000
-0.379263 -0.290285 2.620504 1.000000
0.047588 -0.293015 2.624349 1.000000
-0.405686 -0.347096 2.612830 0.055288
0.035220 -0.348329 2.652132 0.576923
-0.281904 -0.571290 2.693387 1.000000
-0.040563 -0.570382 2.680353 1.000000
-0.308070 -0.983311 2.780782 1.000000
0.030131 -0.976245 2.771794 1.000000
-0.317662 -1.014127 2.632632 0.230769
0.022673 -1.010765 2.624339 0.038462
-0.164759 0.525202 2.592675 0.985577
-0.326158 0.275260 2.704675 1.000000
0.006883 0.275775 2.679383 1.000000
-0.166126 0.342121 2.607940 0.000000
-0.155496 0.130581 2.743617 0.000000
-0.324912 -0.052587 2.630111 0.211538
0.002817 -0.048401 2.617033 0.509615
-0.156542 -0.051290 2.736223 0.000000
-0.372198 -0.003678 2.706741 1.000000
0.046049 -0.001839 2.642956 1.000000
-0.369774 -0.287139 2.618026 1.000000
0.082798 -0.281079 2.548610 1.000000
-0.393374 -0.345433 2.612607 0.223558
0.080399 -0.339183 2.573158 0.088942
-0.282551 -0.570782 2.694838 1.000000
-0.043608 -0.570793 2.680651 1.000000
-0.307878 -0.982951 2.781785 1.000000
0.030588 -0.976150 2.771561 1.000000
-0.315125 -1.013785 2.633505 0.269231
0.024830 -1.010310 2.623946 0.076923
-0.165611 0.524659 2.596838 0.807692
-0.330645 0.277576 2.706645 1.000000
0.002103 0.277423 2.677757 1.000000
-0.171627 0.342757 2.607134 0.000000
-0.159662 0.133402 2.746051 0.000000
-0.325433 -0.054506 2.630701 0.201923
0.002254 -0.044824 2.619654 1.000000
-0.157772 -0.050317 2.737854 0.000000
-0.373407 -0.001324 2.705416 1.000000
0.068957 0.021557 2.579379 1.000000
-0.366114 -0.284129 2.616834 1.000000
0.103007 -0.209456 2.396753 1.000000
-0.388462 -0.343163 2.617075 0.206731
0.125549 -0.267661 2.387340 0.072115
-0.281269 -0.571229 2.695755 1.000000
-0.042778 -0.568705 2.682723 1.000000
-0.309149 -0.983931 2.779325 1.000000
0.034911 -0.973629 2.772641 1.000000
-0.314826 -1.013634 2.630746 0.211538
0.030128 -1.007356 2.624892 0.000000
-0.172880 0.531920 2.606904 0.788462
-0.334212 0.280316 2.708770 1.000000
-0.001260 0.297656 2.688823 1.000000
-0.176225 0.354249 2.613839 0.000000
-0.157043 0.145024 2.752141 0.000000
-0.322852 -0.046728 2.629554 0.192308
0.005001 -0.036370 2.629344 1.000000
-0.158820 -0.042584 2.742187 0.000000
-0.369664 0.009626 2.705140 1.000000
0.085885 0.137905 2.485284 1.000000
-0.363791 -0.263291 2.617041 1.000000
0.079717 0.012461 2.227397 0.365385
-0.365842 -0.326224 2.621481 0.475962
0.077425 -0.014968 2.170591 0.000000
-0.280853 -0.564195 2.689005 1.000000
-0.041340 -0.561010 2.685822 1.000000
-0.308081 -0.975838 2.777847 1.000000
0.029750 -0.968339 2.770164 1.000000
-0.309762 -1.007717 2.629621 0.173077
0.030071 -0.999029 2.621678 0.000000
-0.165539 0.539102 2.605127 0.586538
-0.323642 0.289902 2.695438 1.000000
0.010298 0.290025 2.701770 0.000000
-0.155093 0.356252 2.614032 0.000000
-0.157610 0.145221 2.750890 0.000000
-0.317834 -0.041894 2.618610 0.307692
0.009377 -0.035751 2.640749 0.894231
-0.161815 -0.040079 2.742160 0.000000
-0.365670 0.020266 2.699431 1.000000
0.105247 0.209477 2.458907 0.315385
-0.361335 -0.253029 2.612785 1.000000
-0.027580 0.224665 2.205248 1.000000
-0.367604 -0.315426 2.619987 0.560096
-0.054286 0.226941 2.148098 0.000000
-0.277238 -0.559716 2.690228 1.000000
-0.039890 -0.559774 2.688277 1.000000
-0.310481 -0.970004 2.783193 1.000000
0.035332 -0.967148 2.768727 1.000000
-0.301802 -1.004125 2.635712 0.269231
0.045044 -0.994735 2.619949 0.000000
-0.166518 0.541879 2.614865 0.802885
-0.315273 0.297432 2.697512 1.000000
0.017931 0.281177 2.681182 0.375000
-0.149908 0.351785 2.601918 0.000000
-0.152725 0.147137 2.748144 0.000000
-0.321284 -0.047890 2.632255 0.288462
0.006364 -0.036648 2.621502 1.000000
-0.153807 -0.040951 2.739555 0.000000
-0.365548 0.030385 2.696621 1.000000
0.044913 0.301825 2.411575 0.753846
-0.360828 -0.242475 2.612771 1.000000
-0.142928 0.399739 2.220173 1.000000
-0.369163 -0.302417 2.630715 0.576923
-0.182719 0.441322 2.194249 1.000000
-0.278333 -0.564950 2.691759 1.000000
-0.039346 -0.560599 2.688937 1.000000
-0.309808 -0.975207 2.785474 1.000000
0.031996 -0.968313 2.771176 1.000000
-0.316252 -1.008473 2.637684 0.269231
0.027573 -0.999024 2.622759 0.000000
-0.167142 0.552222 2.626464 0.000000
-0.328752 0.292336 2.720531 1.000000
-0.003495 0.305575 2.660947 0.971154
-0.182400 0.365900 2.608247 0.000000
-0.149684 0.153992 2.739759 0.000000
-0.316800 -0.036267 2.653018 0.048077
0.005370 -0.030271 2.591657 1.000000
-0.134631 -0.032714 2.733091 0.000000
-0.360265 0.023238 2.693378 1.000000
0.008994 0.408933 2.409343 1.000000
-0.355863 -0.252173 2.616124 1.000000
-0.241327 0.514709 2.319959 1.000000
-0.356375 -0.314810 2.623921 0.677885
-0.282156 0.553323 2.348708 1.000000
-0.277013 -0.556059 2.686916 1.000000
-0.041185 -0.551016 2.684600 1.000000
-0.308089 -0.965762 2.783152 0.925481
0.029642 -0.958072 2.770466 1.000000
-0.338615 -0.997526 2.638068 0.250000
0.002049 -0.993426 2.625625 0.038462
-0.178892 0.555002 2.631170 0.197115
-0.332466 0.285210 2.725712 1.000000
-0.014418 0.301324 2.651090 1.000000
-0.192557 0.359816 2.606140 0.000000
-0.151253 0.148765 2.736608 0.000000
-0.313675 -0.037544 2.659909 0.067308
0.005024 -0.032736 2.582434 0.817308
-0.127704 -0.034460 2.730725 0.000000
-0.359140 0.015854 2.699401 1.000000
-0.000633 0.452017 2.425129 1.000000
-0.352245 -0.256727 2.614051 1.000000
-0.265475 0.537082 2.359896 1.000000
-0.353395 -0.319138 2.623435 0.677885
-0.297179 0.557223 2.410627 0.997596
-0.278570 -0.557279 2.688754 1.000000
-0.043823 -0.552637 2.684275 1.000000
-0.308119 -0.968086 2.780673 1.000000
0.032248 -0.959005 2.768906 1.000000
-0.346329 -0.997502 2.636920 0.211538
-0.003224 -0.995396 2.626051 0.000000
-0.173967 0.549500 2.614136 0.500000
-0.327782 0.299653 2.761400 1.000000
-0.025912 0.295191 2.641510 1.000000
-0.201311 0.368793 2.624789 0.000000
-0.158546 0.149648 2.740620 0.000000
-0.315064 -0.031046 2.678190 0.000000
-0.008212 -0.026947 2.562345 1.000000
-0.121804 -0.030344 2.725731 0.000000
-0.360319 0.037242 2.702677 1.000000
-0.006034 0.470742 2.436197 1.000000
-0.352877 -0.234405 2.618216 1.000000
-0.261471 0.574108 2.365146 1.000000
-0.358240 -0.297267 2.616196 1.000000
-0.296997 0.584380 2.416302 0.778846
-0.276474 -0.552698 2.686408 1.000000
-0.041273 -0.544605 2.677087 1.000000
-0.306253 -0.964268 2.774764 1.000000
0.038990 -0.945949 2.779870 1.000000
-0.361309 -0.990102 2.635870 0.096154
-0.012095 -0.990869 2.644361 0.269231
-0.177095 0.541063 2.609157 0.879808
-0.318011 0.316446 2.759542 1.000000
-0.027008 0.278995 2.628196 1.000000
-0.193050 0.366289 2.613465 0.000000
-0.163423 0.151183 2.740438 0.000000
-0.315496 -0.029867 2.680413 0.000000
-0.012945 -0.036193 2.553852 1.000000
-0.120765 -0.035434 2.721136 0.000000
-0.362122 0.052556 2.713271 0.984615
0.007566 0.474162 2.442619 1.000000
-0.361459 -0.219765 2.628320 1.000000
-0.171508 0.650790 2.308041 1.000000
-0.373188 -0.281763 2.626525 0.694712
-0.220730 0.681499 2.332913 1.000000
-0.277255 -0.554495 2.689410 0.957692
-0.041212 -0.549425 2.675594 1.000000
-0.308883 -0.967006 2.772587 1.000000
0.037977 -0.949581 2.783708 0.928606
-0.368516 -0.990153 2.635116 0.000000
-0.018206 -0.996569 2.650946 0.326923
-0.174106 0.544356 2.595865 0.927885
-0.325358 0.309169 2.768482 1.000000
-0.038413 0.288033 2.624459 1.000000
-0.209897 0.365737 2.617131 0.000000
-0.162596 0.152922 2.742603 0.000000
-0.316559 -0.022516 2.690421 0.000000
-0.022330 -0.034983 2.545961 1.000000
-0.119991 -0.034021 2.719372 0.000000
-0.366163 0.044892 2.715661 0.969231
0.008804 0.477353 2.434129 1.000000
-0.364946 -0.227863 2.628412 1.000000
-0.072425 0.689599 2.259881 1.000000
-0.380437 -0.288523 2.636468 0.745192
-0.108388 0.741450 2.258257 1.000000
-0.282209 -0.549398 2.687425 1.000000
-0.041336 -0.544422 2.674414 0.992308
-0.309491 -0.962361 2.769895 1.000000
0.030918 -0.951130 2.760735 1.000000
-0.377401 -0.984581 2.636162 0.000000
-0.034923 -0.990581 2.629972 0.000000
-0.174853 0.547861 2.605277 0.855769
-0.325565 0.314785 2.766580 1.000000
-0.036891 0.296082 2.624021 1.000000
-0.209736 0.372149 2.615812 0.000000
-0.161145 0.160068 2.742030 0.000000
-0.322134 -0.022127 2.688787 0.000000
-0.024482 -0.032637 2.551355 1.000000
-0.126193 -0.031388 2.722419 0.000000
-0.366000 0.050675 2.718793 0.969231
0.015551 0.479168 2.430624 1.000000
-0.370339 -0.223087 2.639076 1.000000
0.039311 0.694912 2.245667 1.000000
-0.377522 -0.285380 2.631830 0.694712
0.041733 0.754937 2.226285 1.000000
-0.283637 -0.548420 2.691773 1.000000
-0.045165 -0.544220 2.672185 1.000000
-0.308708 -0.962285 2.770326 1.000000
0.027794 -0.949778 2.763204 0.978606
-0.373371 -0.984069 2.634922 0.000000
-0.034278 -0.990608 2.631030 0.115385
-0.170832 0.556727 2.604084 0.562500
-0.336263 0.291147 2.772799 1.000000
-0.052728 0.294956 2.618755 1.000000
-0.230723 0.359062 2.618893 0.000000
-0.162791 0.148597 2.738726 0.000000
-0.326645 -0.026973 2.695765 0.000000
-0.036135 -0.036160 2.543730 1.000000
-0.129210 -0.034665 2.719641 0.000000
-0.369226 0.028044 2.722375 0.907692
0.022106 0.475441 2.432536 1.000000
-0.377571 -0.245484 2.648037 1.000000
0.106049 0.680354 2.255398 1.000000
-0.372440 -0.307711 2.638765 0.694712
0.133591 0.729323 2.226624 0.913462
-0.286903 -0.553319 2.693112 1.000000
-0.047394 -0.546375 2.672479 1.000000
-0.308619 -0.968003 2.768275 1.000000
0.025264 -0.951890 2.763923 1.000000
-0.379837 -0.988257 2.635957 0.000000
-0.043194 -0.993207 2.635096 0.000000
-0.170519 0.544981 2.601159 0.620192
-0.344052 0.275624 2.763086 1.000000
-0.053725 0.295493 2.620513 1.000000
-0.236211 0.348997 2.613337 0.000000
-0.161279 0.143331 2.737262 0.000000
-0.329154 -0.037100 2.694647 0.000000
-0.037471 -0.045915 2.544853 1.000000
-0.131814 -0.041770 2.720044 0.000000
-0.373176 0.011362 2.721967 0.938462
0.030887 0.467044 2.431345 1.000000
-0.374099 -0.258947 2.639400 1.000000
0.093506 0.672764 2.247924 1.000000
-0.376879 -0.318604 2.659839 0.576923
0.123965 0.722115 2.222999 0.997596
-0.289246 -0.563288 2.692924 1.000000
-0.046779 -0.555947 2.675426 1.000000
-0.309569 -0.977108 2.773075 1.000000
0.026108 -0.962567 2.761634 1.000000
-0.379861 -0.999319 2.640577 0.000000
-0.041620 -1.002213 2.631899 0.000000
-0.169011 0.539635 2.603331 0.663462
-0.341748 0.292143 2.755330 1.000000
-0.045530 0.294151 2.626247 1.000000
-0.223885 0.355861 2.608748 0.000000
-0.164546 0.150762 2.741727 0.000000
-0.334195 -0.033785 2.677507 0.000000
-0.027366 -0.043555 2.561942 1.000000
-0.141043 -0.038711 2.725233 0.000000
-0.375342 0.027598 2.718291 1.000000
0.033049 0.467027 2.435399 1.000000
-0.381529 -0.242184 2.633517 1.000000
0.042668 0.677179 2.246320 1.000000
-0.382958 -0.305288 2.632934 0.576923
0.062836 0.732709 2.224090 1.000000
-0.288362 -0.560047 2.690045 1.000000
-0.046500 -0.555185 2.678151 1.000000
-0.309053 -0.973871 2.770082 1.000000
0.025925 -0.962639 2.760731 1.000000
-0.363690 -0.998091 2.630732 0.000000
-0.026738 -0.999815 2.623491 0.000000
-0.166970 0.550999 2.612447 0.682692
-0.346122 0.280385 2.746725 1.000000
-0.038782 0.296179 2.641575 1.000000
-0.218320 0.356609 2.615216 0.000000
-0.165738 0.142773 2.736788 0.000000
-0.332596 -0.035535 2.677148 0.000000
-0.022796 -0.041001 2.569496 1.000000
-0.140733 -0.040515 2.729810 0.000000
-0.375149 0.013111 2.696542 1.000000
0.021701 0.471754 2.440798 1.000000
-0.375911 -0.264648 2.622995 1.000000
-0.085209 0.677463 2.271052 1.000000
-0.356481 -0.324377 2.616714 0.694712
-0.105316 0.737295 2.270457 1.000000
-0.284869 -0.560816 2.689204 1.000000
-0.045501 -0.553946 2.683494 1.000000
-0.311348 -0.973476 2.773429 1.000000
0.025478 -0.962334 2.762647 1.000000
-0.362005 -0.998928 2.632802 0.019231
-0.023507 -0.997797 2.623603 0.000000
-0.163923 0.542832 2.612919 0.812500
-0.333975 0.318910 2.741495 1.000000
-0.028341 0.287355 2.644563 1.000000
-0.194776 0.369009 2.609012 0.000000
-0.173539 0.158209 2.744596 0.000000
-0.330251 -0.025459 2.671093 0.000000
-0.016376 -0.035352 2.576332 1.000000
-0.140813 -0.033052 2.731637 0.000000
-0.375730 0.050761 2.702790 1.000000
0.021048 0.478206 2.454083 1.000000
-0.371872 -0.226448 2.624782 1.000000
-0.184854 0.635950 2.328918 1.000000
-0.382712 -0.288051 2.616290 0.762019
-0.219173 0.684361 2.350440 1.000000
-0.284573 -0.551459 2.690063 1.000000
-0.045700 -0.548514 2.682379 1.000000
-0.310624 -0.964753 2.771263 1.000000
0.026140 -0.956932 2.760592 0.981731
-0.355690 -0.989923 2.628695 0.000000
-0.017461 -0.991607 2.619571 0.096154
-0.165373 0.552552 2.596000 0.673077
-0.338545 0.316252 2.743539 1.000000
-0.034302 0.288948 2.644780 1.000000
-0.201028 0.368111 2.609981 0.000000
-0.175852 0.157821 2.745681 0.000000
-0.326702 -0.019531 2.666526 0.000000
-0.011448 -0.039683 2.578187 1.000000
-0.138835 -0.032482 2.730930 0.000000
-0.372388 0.049327 2.699287 1.000000
0.013993 0.486484 2.463122 1.000000
-0.373858 -0.225056 2.616942 1.000000
-0.243300 0.560314 2.361051 1.000000
-0.375156 -0.288053 2.613161 0.694712
-0.282029 0.574478 2.408841 1.000000
-0.281016 -0.548731 2.684428 0.984615
-0.045188 -0.550122 2.682640 1.000000
-0.310912 -0.960665 2.771034 1.000000
0.026221 -0.958617 2.760851 1.000000
-0.353053 -0.987696 2.627913 0.019231
-0.015517 -0.993033 2.619205 0.000000
-0.164459 0.553228 2.600050 1.000000
-0.341467 0.302507 2.740948 1.000000
-0.036157 0.287715 2.641846 1.000000
-0.205993 0.361084 2.608081 0.000000
-0.173012 0.150202 2.741166 0.000000
-0.322023 -0.027991 2.661651 0.000000
-0.004684 -0.042761 2.579967 1.000000
-0.135322 -0.036984 2.730000 0.000000
-0.369349 0.036849 2.695343 0.953846
0.006095 0.488803 2.465183 1.000000
-0.365199 -0.235855 2.613685 1.000000
-0.258531 0.542496 2.374945 1.000000
-0.367181 -0.298692 2.619351 0.795673
-0.297951 0.547995 2.423938 0.829327
-0.280456 -0.554490 2.689220 1.000000
-0.043127 -0.555098 2.685372 1.000000
-0.311302 -0.966962 2.772882 1.000000
0.031117 -0.962961 2.764233 1.000000
-0.350698 -0.993232 2.628840 0.057692
-0.007348 -0.997523 2.621698 0.000000
-0.158381 0.549084 2.608328 1.000000
-0.340552 0.313008 2.746173 1.000000
-0.036484 0.291788 2.644726 1.000000
-0.204757 0.369208 2.612610 0.000000
-0.175638 0.156886 2.744299 0.000000
-0.323270 -0.025778 2.671391 0.000000
-0.010754 -0.034967 2.572175 1.000000
-0.132950 -0.032195 2.729242 0.000000
-0.370850 0.048795 2.699611 1.000000
0.006918 0.487852 2.464256 1.000000
-0.364237 -0.224010 2.622193 1.000000
-0.236682 0.585923 2.357013 1.000000
-0.371951 -0.286416 2.616669 0.795673
-0.277974 0.602269 2.401871 1.000000
-0.280266 -0.551555 2.687342 1.000000
-0.042915 -0.548218 2.683209 1.000000
-0.310533 -0.963861 2.772026 1.000000
0.028209 -0.955449 2.767996 1.000000
-0.357673 -0.989527 2.630219 0.038462
-0.017160 -0.992491 2.628139 0.096154
-0.159611 0.541718 2.581433 0.567308
-0.340177 0.305137 2.754015 1.000000
-0.043522 0.281999 2.635616 1.000000
-0.212085 0.360017 2.612527 0.000000
-0.176373 0.148198 2.743400 0.000000
-0.321448 -0.027718 2.676451 0.000000
-0.013661 -0.036817 2.563408 1.000000
-0.128763 -0.034852 2.725758 0.000000
-0.371214 0.042970 2.701891 1.000000
0.015987 0.484376 2.468543 1.000000
-0.363068 -0.228086 2.621962 1.000000
-0.176486 0.642501 2.334838 1.000000
-0.361892 -0.291197 2.621680 0.913462
-0.225474 0.669820 2.363792 1.000000
-0.279476 -0.553494 2.688315 1.000000
-0.042576 -0.549155 2.681040 1.000000
-0.309380 -0.966020 2.772056 1.000000
0.028903 -0.956634 2.764321 1.000000
-0.362764 -0.990526 2.632272 0.076923
-0.022764 -0.993823 2.626706 0.000000
-0.161153 0.541533 2.599636 0.807692
-0.343245 0.299504 2.766458 1.000000
-0.052718 0.291815 2.631142 1.000000
-0.225545 0.363519 2.619874 0.000000
-0.174274 0.149738 2.742100 0.000000
-0.322842 -0.025131 2.681812 0.000000
-0.018124 -0.038804 2.561169 1.000000
-0.129156 -0.035855 2.726314 0.000000
-0.372565 0.035144 2.708901 1.000000
0.028234 0.493246 2.467035 1.000000
-0.368670 -0.238456 2.625999 1.000000
-0.038760 0.707797 2.290331 1.000000
-0.379718 -0.300087 2.633999 0.492788
-0.078042 0.757208 2.290298 1.000000
-0.281364 -0.552532 2.688556 1.000000
-0.042889 -0.548833 2.681879 1.000000
-0.308961 -0.965308 2.771856 1.000000
0.028718 -0.956478 2.764234 0.978606
-0.365822 -0.989450 2.633386 0.000000
-0.026865 -0.993730 2.628171 0.076923
-0.087174 0.527050 2.625443 0.927885
-0.336374 0.311473 2.774139 1.000000
-0.052318 0.297835 2.625667 1.000000
-0.224549 0.372175 2.621665 0.000000
-0.171032 0.158808 2.743652 0.000000
-0.320113 -0.020945 2.691090 0.000000
-0.022832 -0.032349 2.552927 1.000000
-0.124168 -0.031813 2.724218 0.000000
-0.372497 0.049795 2.713492 1.000000
0.036471 0.491134 2.457708 1.000000
-0.368444 -0.224013 2.635424 1.000000
0.066474 0.716911 2.286808 1.000000
-0.375260 -0.286582 2.630607 0.728365
0.059498 0.779645 2.286207 1.000000
-0.282239 -0.547611 2.691723 1.000000
-0.043727 -0.543165 2.675413 1.000000
-0.307838 -0.961620 2.769342 1.000000
0.026540 -0.949270 2.766104 0.959856
-0.372814 -0.982973 2.634018 0.019231
-0.036078 -0.989599 2.634032 0.057692
-0.082315 0.517580 2.649642 0.740385
-0.351843 0.277051 2.778613 1.000000
-0.066576 0.301296 2.628243 1.000000
-0.247989 0.356907 2.629364 0.000000
-0.171488 0.144484 2.740245 0.000000
-0.317303 -0.033840 2.703019 0.009615
-0.030443 -0.036226 2.543957 1.000000
-0.119259 -0.038987 2.722041 0.000000
-0.374592 0.015468 2.715563 0.953846
0.046709 0.480793 2.461312 1.000000
-0.364528 -0.254380 2.628575 1.000000
0.132614 0.690535 2.290681 1.000000
-0.369937 -0.317256 2.627203 0.694712
0.167076 0.743395 2.289016 1.000000
-0.284134 -0.557885 2.694457 1.000000
-0.043642 -0.547126 2.681819 1.000000
-0.309434 -0.972342 2.769749 1.000000
0.025662 -0.956009 2.759894 1.000000
-0.384132 -0.991499 2.639198 0.000000
-0.046170 -0.992699 2.631503 0.000000
-0.130859 0.527450 2.636993 1.000000
-0.351864 0.288359 2.762424 1.000000
-0.056070 0.308935 2.630960 1.000000
-0.238516 0.362081 2.616974 0.000000
-0.167981 0.156439 2.743493 0.000000
-0.327716 -0.032970 2.691004 0.000000
-0.030150 -0.037559 2.553061 1.000000
-0.131528 -0.036102 2.724321 0.000000
-0.374230 0.024281 2.718029 1.000000
0.066868 0.475237 2.459383 1.000000
-0.370502 -0.243816 2.629633 1.000000
0.187522 0.673146 2.298207 1.000000
-0.372959 -0.306495 2.636688 0.610577
0.240364 0.707599 2.295935 1.000000
-0.286485 -0.557944 2.691741 1.000000
-0.046723 -0.549980 2.678667 1.000000
-0.308956 -0.972066 2.769726 1.000000
0.023616 -0.957426 2.763075 1.000000
-0.373834 -0.994020 2.634453 0.000000
-0.038528 -0.995687 2.630167 0.019231
-0.137672 0.545240 2.637331 0.620192
-0.342851 0.306437 2.761003 1.000000
-0.039689 0.317181 2.642641 1.000000
-0.220259 0.377858 2.622049 0.004808
-0.163698 0.167495 2.747823 0.000000
-0.334921 -0.019158 2.676861 0.000000
-0.024782 -0.024792 2.570199 1.000000
-0.143285 -0.026420 2.730086 0.000000
-0.375564 0.046035 2.707010 1.000000
0.074556 0.471903 2.456084 1.000000
-0.385188 -0.227636 2.641760 1.000000
0.186368 0.676122 2.297848 1.000000
-0.380890 -0.288552 2.625782 0.627404
0.241020 0.707433 2.293679 1.000000
-0.287820 -0.544446 2.688109 1.000000
-0.049860 -0.539361 2.674618 1.000000
-0.309556 -0.957826 2.770137 1.000000
0.022485 -0.946549 2.758573 1.000000
-0.359956 -0.983105 2.629385 0.000000
-0.025588 -0.983731 2.619660 0.000000
-0.117318 0.546264 2.657689 0.403846
-0.343022 0.308001 2.747138 1.000000
-0.031617 0.319261 2.652505 1.000000
-0.210301 0.379080 2.617635 0.000000
-0.162892 0.169709 2.748732 0.000000
-0.336544 -0.016278 2.674034 0.000000
-0.023548 -0.022256 2.576092 1.000000
-0.146515 -0.024869 2.732559 0.000000
-0.379691 0.043618 2.704709 1.000000
0.069839 0.478410 2.459059 1.000000
-0.384331 -0.228936 2.625232 1.000000
0.144148 0.696293 2.292840 1.000000
-0.389454 -0.291654 2.620259 0.627404
0.177482 0.749635 2.298130 1.000000
-0.287380 -0.541992 2.684532 1.000000
-0.051023 -0.537141 2.675782 1.000000
-0.313971 -0.954203 2.770898 1.000000
0.020248 -0.944429 2.760166 1.000000
-0.360089 -0.980967 2.628958 0.057692
-0.023909 -0.981226 2.619859 0.000000
-0.104666 0.533611 2.667764 0.269231
-0.348259 0.302360 2.743293 1.000000
-0.033650 0.312652 2.661942 1.000000
-0.209829 0.374118 2.620305 0.000000
-0.169219 0.162844 2.750629 0.000000
-0.337552 -0.020451 2.663079 0.000000
-0.017499 -0.024717 2.591367 1.000000
-0.152946 -0.026770 2.737175 0.000000
-0.382181 0.035506 2.697915 1.000000
0.048880 0.487249 2.469262 1.000000
-0.382323 -0.238013 2.612287 1.000000
0.022703 0.719261 2.303038 1.000000
-0.374016 -0.300572 2.610934 0.980769
0.028643 0.782042 2.300241 1.000000
-0.289157 -0.545209 2.683930 1.000000
-0.051298 -0.541401 2.681359 1.000000
-0.312027 -0.957432 2.771297 1.000000
0.024258 -0.949031 2.760182 1.000000
-0.346715 -0.986191 2.626522 0.019231
-0.008335 -0.982945 2.616038 0.000000
-0.101622 0.522983 2.666848 0.769231
-0.346632 0.312683 2.753110 1.000000
-0.035447 0.307339 2.664719 1.000000
-0.207111 0.380177 2.628946 0.000000
-0.175966 0.162865 2.751731 0.000000
-0.337315 -0.022487 2.672655 0.000000
-0.021113 -0.022029 2.585415 1.000000
-0.149249 -0.027046 2.737618 0.000000
-0.380365 0.047297 2.695448 1.000000
0.033035 0.491396 2.474125 1.000000
-0.377231 -0.228525 2.614341 1.000000
-0.082177 0.709403 2.326256 1.000000
-0.379063 -0.291621 2.614576 0.846154
-0.089994 0.770671 2.339283 1.000000
-0.288989 -0.546126 2.686412 1.000000
-0.048098 -0.538938 2.681463 1.000000
-0.310638 -0.958427 2.773722 1.000000
0.022858 -0.946811 2.763250 1.000000
-0.352319 -0.986531 2.630673 0.057692
-0.016043 -0.982099 2.621012 0.000000
-0.098217 0.520625 2.669722 0.769231
-0.342486 0.313933 2.758455 1.000000
-0.035447 0.299253 2.659886 1.000000
-0.205745 0.375582 2.628304 0.000000
-0.175621 0.159944 2.754255 0.000000
-0.334021 -0.022518 2.675140 0.000000
-0.019215 -0.024964 2.583021 1.000000
-0.145017 -0.028504 2.737200 0.000000
-0.379635 0.051171 2.696939 1.000000
0.020942 0.490035 2.473794 1.000000
-0.372020 -0.222313 2.612924 1.000000
-0.186441 0.649911 2.358288 1.000000
-0.364081 -0.284346 2.604360 1.000000
-0.225009 0.691115 2.386559 1.000000
-0.287236 -0.547051 2.686241 1.000000
-0.047105 -0.540903 2.682020 1.000000
-0.309597 -0.960104 2.769738 1.000000
0.023540 -0.948912 2.763398 1.000000
-0.353539 -0.986568 2.627053 0.076923
-0.017877 -0.984305 2.621898 0.019231
-0.102457 0.533045 2.658516 0.557692
-0.344654 0.305878 2.762379 1.000000
-0.037463 0.294720 2.663081 1.000000
-0.209006 0.368764 2.631677 0.000000
-0.175853 0.154009 2.758372 0.000000
-0.328737 -0.021749 2.676191 0.000000
-0.014101 -0.035447 2.584477 1.000000
-0.140147 -0.034464 2.738494 0.000000
-0.376442 0.042310 2.699428 1.000000
0.008331 0.483821 2.471808 1.000000
-0.370498 -0.231845 2.615936 1.000000
-0.262734 0.532871 2.392530 1.000000
-0.373822 -0.292472 2.598677 0.762019
-0.300270 0.535401 2.443218 0.997596
-0.283562 -0.549631 2.684924 1.000000
-0.044446 -0.548007 2.683793 1.000000
-0.310860 -0.961557 2.772420 1.000000
0.027004 -0.956867 2.760029 1.000000
-0.354495 -0.988955 2.629817 0.096154
-0.015550 -0.990696 2.618484 0.000000
-0.101713 0.526184 2.663654 0.793269
-0.345658 0.294746 2.754422 1.000000
-0.032740 0.297835 2.667265 1.000000
-0.207062 0.367432 2.632168 0.000000
-0.171691 0.148799 2.751411 0.000000
-0.328764 -0.027320 2.673637 0.000000
-0.011590 -0.035888 2.590441 1.000000
-0.141724 -0.036543 2.741020 0.000000
-0.374558 0.026276 2.699827 1.000000
-0.005110 0.482329 2.464557 1.000000
-0.368639 -0.249499 2.612181 1.000000
-0.280723 0.519992 2.384633 1.000000
-0.359020 -0.311770 2.608398 0.778846
-0.314693 0.519596 2.437835 0.728365
-0.281634 -0.553504 2.688879 1.000000
-0.044562 -0.551194 2.683215 1.000000
-0.310515 -0.966083 2.772713 1.000000
0.028024 -0.959473 2.761471 0.997356
-0.350159 -0.992555 2.628776 0.076923
-0.010021 -0.993598 2.618719 0.019231
-0.101047 0.524638 2.648768 0.807692
-0.342450 0.307725 2.762465 1.000000
-0.033100 0.295604 2.665630 1.000000
-0.205061 0.371399 2.633982 0.000000
-0.174731 0.154675 2.758002 0.000000
-0.327602 -0.025654 2.681837 0.000000
-0.014028 -0.030005 2.585674 1.000000
-0.137857 -0.032879 2.741455 0.000000
-0.373995 0.039682 2.707168 1.000000
-0.006840 0.477893 2.460737 1.000000
-0.366836 -0.236386 2.620494 1.000000
-0.255546 0.577332 2.351034 1.000000
-0.360952 -0.298815 2.613241 0.947115
-0.295444 0.583255 2.399588 0.896635
-0.281490 -0.551007 2.688242 0.976923
-0.044018 -0.545855 2.684653 1.000000
-0.309548 -0.963544 2.772565 1.000000
0.024864 -0.954080 2.766454 0.966106
-0.355091 -0.989526 2.630295 0.019231
-0.018514 -0.989628 2.625582 0.096154
-0.101892 0.526165 2.657169 0.855769
-0.339823 0.312700 2.772106 1.000000
-0.037209 0.302127 2.657320 1.000000
-0.210616 0.376997 2.635689 0.000000
-0.171872 0.160512 2.757771 0.000000
-0.327245 -0.022908 2.689003 0.000000
-0.016869 -0.024262 2.582892 1.000000
-0.135615 -0.027022 2.742584 0.000000
-0.372775 0.047248 2.715550 1.000000
-0.007146 0.482696 2.454244 1.000000
-0.362765 -0.225071 2.624725 1.000000
-0.156205 0.667424 2.292490 1.000000
-0.362153 -0.288068 2.620775 0.947115
-0.206810 0.702902 2.305334 1.000000
-0.282418 -0.547271 2.693903 1.000000
-0.045991 -0.541062 2.685948 1.000000
-0.309148 -0.961504 2.769934 1.000000
0.029553 -0.948951 2.763435 1.000000
-0.359330 -0.984195 2.628665 0.038462
-0.018310 -0.984309 2.623975 0.019231
-0.104656 0.528574 2.652501 0.471154
-0.334586 0.330592 2.787621 1.000000
-0.041867 0.305736 2.653999 1.000000
-0.212262 0.387082 2.641732 0.000000
-0.174056 0.171481 2.765534 0.000000
-0.325323 -0.009816 2.702790 0.000000
-0.025121 -0.020776 2.571058 1.000000
-0.130157 -0.021109 2.740105 0.000000
-0.377713 0.067643 2.723009 1.000000
-0.001717 0.488184 2.453308 1.000000
-0.369678 -0.209095 2.643445 1.000000
-0.045449 0.701234 2.264426 1.000000
-0.377118 -0.269514 2.626750 0.677885
-0.075613 0.756420 2.259022 1.000000
-0.284351 -0.537583 2.690122 1.000000
-0.045555 -0.533107 2.682813 1.000000
-0.308702 -0.950930 2.771576 1.000000
0.026398 -0.941467 2.761227 1.000000
-0.370328 -0.974212 2.635010 0.000000
-0.033683 -0.977856 2.626853 0.000000
-0.138219 0.534260 2.659150 0.543269
-0.341060 0.317249 2.783549 1.000000
-0.042186 0.308966 2.658096 1.000000
-0.216898 0.383346 2.643359 0.000000
-0.173144 0.165882 2.761956 0.000000
-0.324293 -0.007414 2.693479 0.000000
-0.016970 -0.026520 2.580419 1.000000
-0.132094 -0.023033 2.742727 0.000000
-0.372925 0.050749 2.724345 1.000000
0.008947 0.487677 2.455634 1.000000
-0.375865 -0.226095 2.642295 1.000000
0.060315 0.700854 2.267751 1.000000
-0.381360 -0.288163 2.632200 0.576923
0.074048 0.762046 2.260570 1.000000
-0.283857 -0.536882 2.692888 1.000000
-0.045384 -0.537403 2.685649 0.996154
-0.308177 -0.950522 2.772855 1.000000
0.025677 -0.946375 2.761648 1.000000
-0.361732 -0.974405 2.633028 0.019231
-0.026953 -0.981143 2.623766 0.000000
-0.142513 0.534883 2.641038 0.764423
-0.354286 0.277627 2.765258 1.000000
-0.048092 0.309347 2.657312 1.000000
-0.231625 0.360489 2.632873 0.000000
-0.167209 0.149410 2.753565 0.000000
-0.328519 -0.028942 2.696160 0.000000
-0.022768 -0.037261 2.577661 1.000000
-0.134952 -0.035018 2.742037 0.000000
-0.376629 0.009035 2.722778 1.000000
0.048555 0.475616 2.463768 1.000000
-0.368937 -0.264085 2.636069 1.000000
0.153725 0.675890 2.287696 1.000000
-0.361556 -0.326775 2.635999 0.610577
0.194699 0.722373 2.275654 1.000000
-0.285335 -0.555518 2.695613 1.000000
-0.044338 -0.550989 2.686267 1.000000
-0.310073 -0.969800 2.772048 1.000000
0.027557 -0.959966 2.761450 1.000000
-0.365975 -0.992137 2.632885 0.057692
-0.026451 -0.994710 2.624095 0.000000
-0.139508 0.539571 2.643963 0.576923
-0.345340 0.294698 2.759463 1.000000
-0.032198 0.316844 2.666081 1.000000
-0.214114 0.372278 2.632187 0.000000
-0.161416 0.161485 2.758914 0.000000
-0.331630 -0.023599 2.687973 0.000000
-0.019135 -0.027004 2.588323 1.000000
-0.141164 -0.027877 2.745542 0.000000
-0.380572 0.027502 2.725248 1.000000
0.079578 0.460876 2.464670 1.000000
-0.371738 -0.244038 2.637759 1.000000
0.183509 0.663403 2.292487 1.000000
-0.374533 -0.307092 2.636829 0.745192
0.226432 0.708847 2.283708 1.000000
-0.285870 -0.548650 2.694468 1.000000
-0.046549 -0.543249 2.688358 1.000000
-0.308732 -0.962877 2.771779 1.000000
0.026792 -0.952687 2.759532 1.000000
-0.356140 -0.986769 2.629751 0.000000
-0.018524 -0.985309 2.618562 0.000000
-0.128567 0.544158 2.654927 0.326923
-0.345933 0.290682 2.742368 1.000000
-0.024213 0.318204 2.677988 1.000000
-0.204876 0.369374 2.626832 0.000000
-0.160254 0.161236 2.760841 0.000000
-0.335330 -0.025287 2.676233 0.000000
-0.015054 -0.026523 2.605405 1.000000
-0.150863 -0.028445 2.750877 0.000000
-0.384402 0.022092 2.711561 1.000000
0.117173 0.441545 2.479578 1.000000
-0.378018 -0.253216 2.631100 1.000000
0.201498 0.645051 2.295774 1.000000
-0.365065 -0.314489 2.623204 0.913462
0.244893 0.689849 2.286053 1.000000
-0.286014 -0.549790 2.691172 1.000000
-0.047355 -0.545640 2.685590 1.000000
-0.309753 -0.963475 2.771081 1.000000
0.026364 -0.953204 2.766464 1.000000
-0.343965 -0.989595 2.625694 0.038462
-0.005075 -0.987526 2.622160 0.019231
-0.119681 0.543071 2.657194 0.302885
-0.346015 0.290997 2.732128 1.000000
-0.019525 0.308381 2.686337 1.000000
-0.196069 0.365967 2.625667 0.000000
-0.166048 0.155262 2.759729 0.000000
-0.339090 -0.032111 2.658873 0.076923
-0.013436 -0.028662 2.619727 1.000000
-0.162798 -0.031322 2.751232 0.000000
-0.385512 0.020665 2.712490 1.000000
0.141927 0.417619 2.493918 1.000000
-0.381261 -0.252122 2.620945 1.000000
0.230979 0.617702 2.307241 1.000000
-0.377598 -0.313992 2.632912 0.610577
0.272184 0.659923 2.284790 1.000000
-0.285708 -0.554667 2.692304 1.000000
-0.047531 -0.549561 2.690120 1.000000
-0.310406 -0.967768 2.774898 1.000000
0.027767 -0.957529 2.767425 1.000000
-0.329800 -0.996135 2.627218 0.096154
0.010690 -0.988615 2.620007 0.000000
-0.115600 0.541852 2.647783 0.350962
-0.345579 0.292662 2.728313 1.000000
-0.015458 0.306456 2.692605 1.000000
-0.191611 0.363648 2.624906 0.000000
-0.167755 0.156356 2.765375 0.000000
-0.338230 -0.032822 2.649518 0.173077
-0.010866 -0.026092 2.629960 1.000000
-0.167798 -0.030769 2.752272 0.000000
-0.387059 0.023416 2.712301 1.000000
0.173596 0.376347 2.508636 1.000000
-0.379123 -0.247275 2.618155 1.000000
0.273097 0.554874 2.307571 1.000000
-0.378480 -0.310345 2.615649 0.459135
0.328760 0.568970 2.281350 0.610577
-0.286931 -0.553535 2.694240 1.000000
-0.047308 -0.549337 2.685503 1.000000
-0.312184 -0.966559 2.777052 1.000000
0.026491 -0.953667 2.781184 1.000000
-0.322490 -0.995692 2.628609 0.173077
0.019107 -0.989817 2.634117 0.230769
-0.110547 0.538023 2.645164 0.451923
-0.345035 0.292035 2.722269 1.000000
-0.011679 0.299034 2.702751 1.000000
-0.184740 0.359620 2.626479 0.000000
-0.172086 0.152210 2.768224 0.000000
-0.337400 -0.039419 2.648180 0.134615
-0.009791 -0.027519 2.636987 1.000000
-0.169733 -0.033807 2.755260 0.000000
-0.389228 0.024704 2.712776 1.000000
0.206529 0.277703 2.543253 1.000000
-0.373628 -0.242999 2.616701 1.000000
0.348197 0.387614 2.321920 1.000000
-0.365540 -0.304455 2.604773 0.745192
0.380526 0.413779 2.274436 0.139423
-0.285046 -0.558780 2.694355 1.000000
-0.047219 -0.552614 2.688921 1.000000
-0.310533 -0.970416 2.783745 1.000000
0.029446 -0.956077 2.785999 0.969231
-0.317180 -1.002168 2.635631 0.250000
0.025674 -0.992214 2.638791 0.307692
-0.172935 0.543014 2.623509 0.509615
-0.350184 0.290080 2.723675 1.000000
-0.016960 0.302865 2.704861 1.000000
-0.190884 0.360637 2.628370 0.000000
-0.174945 0.153150 2.769670 0.000000
-0.336807 -0.040831 2.652202 0.278846
-0.009592 -0.027899 2.633286 1.000000
-0.166681 -0.034663 2.755298 0.000000
-0.389499 0.026111 2.715197 1.000000
0.198376 0.192507 2.591951 1.000000
-0.376593 -0.239307 2.625287 1.000000
0.362437 0.234455 2.368297 0.913462
-0.377597 -0.302107 2.618985 0.509615
0.400406 0.242464 2.318510 0.000000
-0.285970 -0.559651 2.696815 1.000000
-0.049443 -0.553451 2.688471 1.000000
-0.314400 -0.970847 2.787337 1.000000
0.029905 -0.959569 2.771272 1.000000
-0.324550 -1.002703 2.639444 0.269231
0.021972 -0.991305 2.623218 0.000000
-0.174681 0.539991 2.610098 0.557692
-0.352986 0.290308 2.718676 1.000000
-0.019074 0.295944 2.713490 1.000000
-0.188471 0.361299 2.633043 0.000000
-0.182807 0.147260 2.765050 0.000000
-0.333515 -0.036840 2.644765 0.182692
-0.005534 -0.034260 2.640678 1.000000
-0.168114 -0.036329 2.755453 0.000000
-0.389289 0.029372 2.718708 1.000000
0.168446 0.131991 2.627694 1.000000
-0.377598 -0.231094 2.625812 1.000000
0.338747 0.080693 2.415621 1.000000
-0.383441 -0.293811 2.629926 0.593750
0.380737 0.061363 2.372636 0.240385
-0.284339 -0.557901 2.700211 1.000000
-0.047937 -0.557295 2.688692 1.000000
-0.315732 -0.969932 2.785822 1.000000
0.027535 -0.964088 2.771805 1.000000
-0.318871 -1.000541 2.637352 0.230769
0.026107 -0.994693 2.623307 0.115385
-0.171584 0.520825 2.588451 0.750000
-0.351542 0.293455 2.722963 1.000000
-0.018048 0.291002 2.704746 1.000000
-0.188900 0.358960 2.629717 0.000000
-0.183047 0.147216 2.765367 0.000000
-0.332408 -0.037711 2.650237 0.240385
-0.004850 -0.034551 2.633203 1.000000
-0.162768 -0.036817 2.754308 0.000000
-0.385383 0.033211 2.716432 1.000000
0.093444 0.056022 2.669130 1.000000
-0.378536 -0.230654 2.636462 1.000000
0.242269 -0.138589 2.542464 1.000000
-0.378275 -0.293270 2.628484 0.644231
0.270114 -0.192787 2.525980 0.408654
-0.284630 -0.558897 2.698489 1.000000
-0.046021 -0.557058 2.690251 1.000000
-0.313682 -0.970148 2.788562 1.000000
0.025941 -0.963642 2.777401 1.000000
-0.323230 -1.001880 2.640602 0.250000
0.018991 -0.996562 2.629556 0.192308
-0.181427 0.519173 2.582316 0.745192
-0.347883 0.292666 2.711343 1.000000
-0.014419 0.282754 2.695223 1.000000
-0.183549 0.349733 2.615553 0.000000
-0.182494 0.145775 2.762763 0.000000
-0.327676 -0.037548 2.651665 0.201923
-0.000262 -0.044396 2.633001 0.788462
-0.157549 -0.040797 2.754893 0.000000
-0.384905 0.028676 2.713375 1.000000
0.036762 0.021133 2.695546 1.000000
-0.377810 -0.239342 2.632401 1.000000
0.133791 -0.226446 2.607618 1.000000
-0.370727 -0.300418 2.618113 0.593750
0.146073 -0.288089 2.613427 0.324519
-0.282235 -0.562154 2.694127 1.000000
-0.042737 -0.563961 2.691292 1.000000
-0.308913 -0.973812 2.783065 1.000000
0.030083 -0.968312 2.787634 0.947356
-0.319906 -1.005066 2.635104 0.211538
0.022241 -1.004743 2.640660 0.288462
-0.180509 0.520773 2.577613 0.716346
-0.344922 0.300802 2.708499 1.000000
-0.012350 0.278572 2.687103 1.000000
-0.180347 0.349810 2.608743 0.000000
-0.183991 0.149236 2.760490 0.000000
-0.337893 -0.047841 2.649410 0.153846
-0.010348 -0.041250 2.633116 0.346154
-0.168558 -0.042661 2.753853 0.000000
-0.379659 0.032974 2.709734 1.000000
0.026158 0.012673 2.714587 1.000000
-0.378749 -0.240564 2.634325 1.000000
0.044253 -0.263914 2.653902 1.000000
-0.376399 -0.303391 2.628692 0.728365
0.089858 -0.300324 2.629841 0.139423
-0.281357 -0.568689 2.699830 1.000000
-0.039946 -0.563430 2.690803 1.000000
-0.309029 -0.981429 2.783281 1.000000
0.030872 -0.972029 2.769007 1.000000
-0.317365 -1.010895 2.634781 0.250000
0.024967 -1.001497 2.620390 0.000000
-0.170582 0.522622 2.571064 0.836538
-0.340067 0.295978 2.690816 1.000000
-0.006560 0.281547 2.701807 1.000000
-0.167771 0.349422 2.607775 0.000000
-0.181431 0.147811 2.757565 0.000000
-0.336648 -0.043143 2.632909 0.182692
-0.008879 -0.045578 2.645433 0.288462
-0.177051 -0.042115 2.751810 0.000000
-0.381491 0.025491 2.704951 1.000000
0.024013 0.010881 2.731547 1.000000
-0.384816 -0.251839 2.627822 1.000000
0.038368 -0.266461 2.655738 1.000000
-0.377226 -0.314303 2.632826 0.425481
0.028223 -0.328752 2.656909 0.408654
-0.282127 -0.565568 2.699360 1.000000
-0.043633 -0.565894 2.692344 1.000000
-0.312631 -0.978289 2.781913 1.000000
0.030635 -0.973822 2.770849 1.000000
-0.307895 -1.008350 2.633373 0.250000
0.037191 -1.001298 2.621879 0.000000
-0.172858 0.527712 2.578981 0.697115
-0.337339 0.286901 2.686951 1.000000
-0.003709 0.279598 2.700871 1.000000
-0.165512 0.345383 2.606369 0.000000
-0.176096 0.141221 2.752918 0.000000
-0.336932 -0.047101 2.633896 0.278846
-0.008951 -0.045400 2.638433 0.317308
-0.174519 -0.042798 2.748844 0.000000
-0.384746 0.015415 2.702231 1.000000
0.029833 0.007283 2.730964 1.000000
-0.383265 -0.263989 2.624612 1.000000
0.048197 -0.273422 2.660532 1.000000
-0.372131 -0.324127 2.640230 0.593750
0.030022 -0.329242 2.683732 0.341346
-0.283388 -0.568249 2.698371 1.000000
-0.045018 -0.566752 2.691947 1.000000
-0.314246 -0.980157 2.784764 1.000000
0.030427 -0.974019 2.772731 1.000000
-0.313171 -1.011358 2.636388 0.192308
0.033280 -1.003006 2.623930 0.000000
-0.168475 0.523380 2.579364 0.831731
