-0.324722 0.367415 2.703236 1.000000
0.031169 0.353769 2.666915 1.000000
-0.154388 0.409012 2.592301 0.000000
-0.143415 0.202394 2.777450 0.000000
-0.305473 -0.007737 2.657224 1.000000
-0.026455 -0.029916 2.629682 0.692308
-0.152419 -0.001339 2.766584 0.000000
-0.388340 0.110445 2.710952 1.000000
0.075867 0.092730 2.667964 1.000000
-0.397430 -0.172455 2.669915 1.000000
0.037275 -0.188484 2.632913 1.000000
-0.389896 -0.239406 2.680983 0.526442
0.030763 -0.256273 2.628036 0.980769
-0.303289 -0.584678 2.697519 1.000000
-0.052163 -0.594293 2.686697 1.000000
-0.349843 -0.998128 2.793548 1.000000
-0.067359 -1.017502 2.741395 1.000000
-0.372766 -1.033413 2.630516 0.000000
-0.076205 -1.038742 2.574599 0.000000
-0.141988 0.664648 2.576692 1.000000
-0.318364 0.368287 2.699499 1.000000
0.038083 0.354052 2.669384 1.000000
-0.146143 0.408536 2.591007 0.000000
-0.138457 0.204029 2.778649 0.000000
-0.294921 -0.005803 2.653107 1.000000
-0.015706 -0.031278 2.630937 0.817308
-0.143863 -0.000285 2.765254 0.000000
-0.381068 0.110972 2.696847 1.000000
0.083740 0.093248 2.676204 1.000000
-0.393860 -0.172223 2.658799 1.000000
0.049991 -0.188690 2.641814 1.000000
-0.375343 -0.233756 2.635726 0.728365
0.030402 -0.252784 2.628784 1.000000
-0.302112 -0.582278 2.692859 1.000000
-0.050419 -0.595397 2.687259 1.000000
-0.348568 -0.996673 2.784766 1.000000
-0.064192 -1.018569 2.742616 1.000000
-0.369437 -1.030617 2.621174 0.000000
-0.071213 -1.040165 2.575780 0.000000
-0.123554 0.664707 2.573682 1.000000
-0.308805 0.368367 2.691688 1.000000
0.048336 0.350641 2.674356 1.000000
-0.132557 0.405085 2.588542 0.000000
-0.133224 0.204224 2.780234 0.000000
-0.284172 -0.011160 2.647856 1.000000
-0.003846 -0.024331 2.629264 1.000000
-0.134940 0.001193 2.761887 0.000000
-0.373004 0.110609 2.681773 1.000000
0.091837 0.088434 2.678103 1.000000
-0.376535 -0.172874 2.636719 1.000000
0.069502 -0.194309 2.633806 1.000000
-0.359129 -0.238073 2.647097 0.812500
0.052949 -0.260454 2.630282 1.000000
-0.294558 -0.582533 2.683227 1.000000
-0.042351 -0.592917 2.696508 1.000000
-0.343594 -0.993364 2.788788 1.000000
-0.065087 -1.017287 2.738012 1.000000
-0.365148 -1.032503 2.626449 0.000000
-0.071679 -1.033313 2.570531 0.000000
-0.116170 0.664877 2.574061 1.000000
-0.307487 0.368159 2.691431 1.000000
0.049564 0.345911 2.677879 1.000000
-0.129558 0.404471 2.591066 0.000000
-0.135177 0.199949 2.778764 0.000000
-0.281343 -0.011465 2.654335 1.000000
-0.002033 -0.026461 2.624969 1.000000
-0.127775 -0.000613 2.762617 0.000000
-0.372760 0.110843 2.670261 1.000000
0.096310 0.083782 2.673044 1.000000
-0.371099 -0.174137 2.631627 1.000000
0.080311 -0.200231 2.630741 1.000000
-0.355271 -0.240152 2.624334 0.762019
0.074882 -0.267370 2.641901 0.913462
-0.291668 -0.583767 2.677484 1.000000
-0.035632 -0.593829 2.696777 1.000000
-0.341773 -0.995661 2.778291 1.000000
-0.060234 -1.018223 2.736954 1.000000
-0.369261 -1.031989 2.616196 0.000000
-0.072823 -1.033324 2.569731 0.000000
-0.099644 0.657902 2.567466 1.000000
-0.297037 0.372386 2.682470 1.000000
0.059975 0.346675 2.675780 1.000000
-0.117182 0.403098 2.583681 0.000000
-0.127673 0.206487 2.779450 0.000000
-0.272011 -0.010539 2.642674 1.000000
0.008872 -0.023633 2.636770 1.000000
-0.128103 0.001512 2.763385 0.000000
-0.364363 0.114822 2.666332 1.000000
0.104021 0.083643 2.673357 1.000000
-0.367728 -0.170589 2.627797 1.000000
0.110537 -0.200875 2.629048 1.000000
-0.345954 -0.235295 2.628615 0.644231
0.101091 -0.268399 2.632640 1.000000
-0.289690 -0.580825 2.668862 1.000000
-0.033436 -0.592712 2.698277 1.000000
-0.339911 -0.993651 2.765720 1.000000
-0.057346 -1.017584 2.733512 0.981731
-0.355647 -1.030126 2.602098 0.000000
-0.056588 -1.031542 2.565718 0.000000
-0.101479 0.664704 2.566717 1.000000
-0.290162 0.369972 2.688782 1.000000
0.067361 0.352715 2.682170 1.000000
-0.110895 0.407849 2.591421 0.000000
-0.117175 0.205113 2.781026 0.000000
-0.259504 -0.006868 2.638500 1.000000
0.021339 -0.020340 2.631603 1.000000
-0.115144 0.005211 2.758668 0.000000
-0.352082 0.110889 2.668312 1.000000
0.119583 0.090729 2.678526 1.000000
-0.353770 -0.173541 2.619957 1.000000
0.127768 -0.193381 2.628962 1.000000
-0.335388 -0.239296 2.620108 0.812500
0.101416 -0.256363 2.628356 0.879808
-0.288197 -0.574555 2.658110 1.000000
-0.024771 -0.589053 2.700457 1.000000
-0.342691 -0.985941 2.758713 1.000000
-0.059164 -1.013407 2.733169 1.000000
-0.361835 -1.023282 2.595651 0.000000
-0.058494 -1.026402 2.565297 0.000000
-0.103967 0.663770 2.568200 1.000000
-0.283123 0.372229 2.687710 1.000000
0.074021 0.348359 2.681207 1.000000
-0.103208 0.406104 2.590070 0.000000
-0.113178 0.204887 2.781130 0.000000
-0.256094 -0.008479 2.644238 1.000000
0.024520 -0.021788 2.630813 1.000000
-0.109048 0.002149 2.761245 0.000000
-0.349521 0.113818 2.669888 1.000000
0.121178 0.085151 2.680357 1.000000
-0.344538 -0.171320 2.624504 1.000000
0.119693 -0.199572 2.632207 1.000000
-0.340880 -0.239021 2.632547 0.829327
0.107913 -0.266162 2.622799 0.812500
-0.287801 -0.575368 2.652817 1.000000
-0.023109 -0.590901 2.701681 1.000000
-0.341415 -0.983667 2.765717 1.000000
-0.059563 -1.015298 2.731477 1.000000
-0.367153 -1.024866 2.604502 0.000000
-0.063049 -1.026790 2.563531 0.000000
-0.097000 0.665476 2.574863 1.000000
-0.275738 0.371093 2.689856 1.000000
0.081341 0.346582 2.682270 1.000000
-0.095988 0.405553 2.592118 0.000000
-0.105906 0.202523 2.781253 0.000000
-0.252752 -0.008978 2.647201 1.000000
0.027653 -0.021911 2.629663 1.000000
-0.104069 0.000574 2.762214 0.000000
-0.343898 0.113047 2.670603 1.000000
0.126004 0.082775 2.678332 1.000000
-0.340636 -0.172612 2.627072 1.000000
0.115012 -0.202371 2.632749 1.000000
-0.336750 -0.239840 2.638339 0.778846
0.104479 -0.268310 2.618514 0.947115
-0.287087 -0.575016 2.648078 1.000000
-0.018815 -0.591255 2.700838 1.000000
-0.339680 -0.984333 2.757726 1.000000
-0.060867 -1.014925 2.733476 1.000000
-0.368597 -1.023778 2.596611 0.000000
-0.065787 -1.027366 2.565633 0.000000
-0.096870 0.662034 2.570425 1.000000
-0.270886 0.369499 2.689550 1.000000
0.086610 0.352052 2.682080 1.000000
-0.091871 0.406647 2.591448 0.000000
-0.097712 0.205194 2.782429 0.000000
-0.247906 -0.007649 2.655661 1.000000
0.031809 -0.023700 2.631094 1.000000
-0.096249 0.001067 2.766792 0.000000
-0.336810 0.110458 2.673000 1.000000
0.131130 0.088037 2.676110 1.000000
-0.337906 -0.175096 2.627164 1.000000
0.103718 -0.196039 2.629279 1.000000
-0.328279 -0.241041 2.642003 0.728365
0.125934 -0.258155 2.611682 0.543269
-0.285817 -0.573620 2.652502 1.000000
-0.017243 -0.592237 2.703884 1.000000
-0.342512 -0.983317 2.758635 1.000000
-0.058853 -1.015620 2.740553 1.000000
-0.374853 -1.020546 2.597644 0.000000
-0.068424 -1.029191 2.572999 0.000000
-0.085302 0.666102 2.575771 1.000000
-0.264984 0.370139 2.686842 1.000000
0.092669 0.355088 2.682169 1.000000
-0.085497 0.407722 2.589774 0.000000
-0.091395 0.207782 2.782337 0.000000
-0.240859 -0.007936 2.644644 1.000000
0.039912 -0.022569 2.637213 1.000000
-0.096230 0.003386 2.764562 0.000000
-0.329772 0.110422 2.675362 1.000000
0.136737 0.090883 2.676181 1.000000
-0.336437 -0.175552 2.631908 1.000000
0.126890 -0.194669 2.630611 1.000000
-0.318201 -0.239848 2.617942 0.627404
0.124270 -0.262812 2.627239 0.778846
-0.282161 -0.572690 2.663029 1.000000
-0.018299 -0.592034 2.705702 1.000000
-0.344140 -0.983841 2.760202 1.000000
-0.057836 -1.015698 2.741400 1.000000
-0.364958 -1.019293 2.596923 0.000000
-0.058315 -1.029791 2.573617 0.000000
-0.078003 0.665683 2.567884 1.000000
-0.260865 0.370232 2.692039 1.000000
0.096449 0.352848 2.678308 1.000000
-0.083652 0.406668 2.590459 0.000000
-0.085978 0.206720 2.783090 0.000000
-0.237420 -0.008076 2.653088 1.000000
0.043368 -0.019565 2.641786 1.000000
-0.091368 0.002587 2.771330 0.000000
-0.326207 0.110723 2.677341 1.000000
0.144290 0.089144 2.676969 1.000000
-0.335709 -0.175333 2.634300 1.000000
0.157780 -0.197101 2.636319 1.000000
-0.320160 -0.241765 2.631749 0.795673
0.125165 -0.241851 2.596378 0.745192
-0.283166 -0.570517 2.675937 1.000000
-0.019672 -0.591460 2.703098 1.000000
-0.341537 -0.985159 2.759570 1.000000
-0.055073 -1.015123 2.742920 1.000000
-0.363605 -1.015172 2.595368 0.000000
-0.058735 -1.030573 2.575296 0.000000
-0.078889 0.665782 2.570873 1.000000
-0.253089 0.375509 2.691212 1.000000
0.103978 0.352905 2.678729 1.000000
-0.075029 0.409097 2.590133 0.000000
-0.080898 0.209721 2.783281 0.000000
-0.230842 -0.004673 2.658354 1.000000
0.049833 -0.019374 2.648014 1.000000
-0.085209 0.001687 2.777420 0.000000
-0.321038 0.116451 2.678604 1.000000
0.155071 0.089701 2.678087 1.000000
-0.331281 -0.170240 2.639367 1.000000
0.177435 -0.196708 2.641952 1.000000
-0.323024 -0.237288 2.649266 0.711538
0.150604 -0.257542 2.626431 0.846154
-0.285656 -0.565987 2.688567 1.000000
-0.018079 -0.590729 2.707204 1.000000
-0.337140 -0.982993 2.764618 1.000000
-0.055157 -1.014532 2.743891 1.000000
-0.358854 -1.010352 2.599905 0.000000
-0.058706 -1.028741 2.576154 0.000000
-0.069625 0.669830 2.574927 1.000000
-0.251984 0.377012 2.693628 1.000000
0.104777 0.353243 2.675713 1.000000
-0.075399 0.409737 2.589716 0.000000
-0.078911 0.210956 2.783534 0.000000
-0.230247 -0.003928 2.659745 1.000000
0.050227 -0.018683 2.644987 1.000000
-0.082721 0.003186 2.776412 0.000000
-0.320953 0.118324 2.678160 1.000000
0.155674 0.090055 2.683283 1.000000
-0.331763 -0.169059 2.644040 1.000000
0.192334 -0.195698 2.653774 1.000000
-0.324079 -0.235641 2.657053 0.711538
0.160925 -0.249454 2.625750 0.762019
-0.284464 -0.565130 2.692570 1.000000
-0.021489 -0.589986 2.707962 1.000000
-0.338084 -0.981434 2.770959 1.000000
-0.051695 -1.014460 2.743157 1.000000
-0.361938 -1.009304 2.606629 0.000000
-0.059131 -1.027833 2.575479 0.000000
-0.066390 0.669902 2.572791 1.000000
-0.255078 0.374383 2.691716 1.000000
0.101950 0.353266 2.675953 1.000000
-0.078106 0.408593 2.588951 0.000000
-0.081344 0.209438 2.782389 0.000000
-0.230842 -0.002012 2.653090 1.000000
0.049850 -0.019044 2.648237 1.000000
-0.087484 0.003697 2.774918 0.000000
-0.320806 0.114494 2.682976 1.000000
0.155239 0.090780 2.690112 1.000000
-0.331978 -0.171897 2.641116 1.000000
0.186617 -0.196073 2.665063 1.000000
-0.324464 -0.238622 2.653482 0.728365
0.155838 -0.250431 2.637504 0.644231
-0.283958 -0.564506 2.694758 1.000000
-0.021843 -0.589672 2.706181 1.000000
-0.335958 -0.981924 2.768157 1.000000
-0.051582 -1.013896 2.744632 1.000000
-0.352055 -1.009003 2.602756 0.000000
-0.052909 -1.029003 2.576942 0.000000
-0.070324 0.667477 2.569041 1.000000
-0.258278 0.376526 2.686615 1.000000
0.098811 0.352508 2.677981 1.000000
-0.079020 0.409243 2.587385 0.000000
-0.087730 0.210229 2.780798 0.000000
-0.238480 -0.005664 2.648717 1.000000
0.042567 -0.016097 2.651011 1.000000
-0.098424 0.003831 2.774098 0.000000
-0.327081 0.117239 2.688247 1.000000
0.144507 0.088976 2.698695 1.000000
-0.338664 -0.169037 2.645351 1.000000
0.166696 -0.199180 2.678641 1.000000
-0.329687 -0.236241 2.653389 0.627404
0.138227 -0.247547 2.639760 0.711538
-0.286497 -0.566766 2.694928 1.000000
-0.024932 -0.588852 2.705827 1.000000
-0.336794 -0.984074 2.770115 1.000000
-0.051460 -1.013155 2.745732 1.000000
-0.348244 -1.012523 2.604557 0.000000
-0.048238 -1.029118 2.578146 0.000000
-0.077444 0.670961 2.573377 1.000000
-0.265052 0.377596 2.691983 1.000000
0.091906 0.354359 2.677655 1.000000
-0.087350 0.412146 2.590600 0.000000
-0.092851 0.210193 2.781063 0.000000
-0.241079 -0.003561 2.640995 1.000000
0.039771 -0.016329 2.648845 1.000000
-0.103355 0.006839 2.768862 0.000000
-0.331101 0.117872 2.679318 1.000000
0.138002 0.090900 2.698733 1.000000
-0.340926 -0.169239 2.641693 1.000000
0.147830 -0.198343 2.685076 1.000000
-0.335358 -0.234955 2.659355 0.762019
0.126658 -0.262644 2.676205 0.829327
-0.296150 -0.563349 2.689948 1.000000
-0.028085 -0.588050 2.702528 1.000000
-0.331216 -0.981399 2.769531 1.000000
-0.054516 -1.011888 2.747162 1.000000
-0.344209 -1.011740 2.604423 0.000000
-0.047733 -1.029926 2.579894 0.000000
-0.078213 0.670855 2.573271 1.000000
-0.275146 0.371054 2.684419 1.000000
0.082294 0.352381 2.677197 1.000000
-0.096015 0.406317 2.585833 0.000000
-0.102491 0.207465 2.779501 0.000000
-0.250989 -0.009366 2.641312 1.000000
0.030096 -0.014776 2.649281 1.000000
-0.113639 0.004665 2.769233 0.000000
-0.339989 0.110699 2.683205 1.000000
0.123673 0.087917 2.695568 1.000000
-0.351968 -0.175606 2.640267 1.000000
0.128257 -0.201602 2.684825 1.000000
-0.338590 -0.242418 2.635939 0.745192
0.096400 -0.260950 2.673665 0.846154
-0.302030 -0.567425 2.683851 1.000000
-0.025399 -0.588558 2.699242 1.000000
-0.343350 -0.984093 2.767579 1.000000
-0.061404 -1.011884 2.741989 1.000000
-0.356493 -1.015909 2.602760 0.000000
-0.051948 -1.029570 2.574813 0.000000
-0.092617 0.668561 2.572800 1.000000
-0.297968 0.366040 2.687466 1.000000
0.059541 0.349516 2.678613 1.000000
-0.119383 0.404446 2.589063 0.000000
-0.124082 0.201373 2.778353 0.000000
-0.268084 -0.014818 2.634245 1.000000
0.013102 -0.016707 2.639946 1.000000
-0.129877 0.002555 2.760826 0.000000
-0.359795 0.105131 2.677093 1.000000
0.101166 0.084431 2.677617 1.000000
-0.365932 -0.181617 2.635737 1.000000
0.098835 -0.203778 2.647571 1.000000
-0.343208 -0.245821 2.630944 0.762019
0.064881 -0.262822 2.642827 0.795673
-0.307392 -0.574447 2.680531 1.000000
-0.037815 -0.590898 2.694842 1.000000
-0.343702 -0.989728 2.773010 1.000000
-0.057523 -1.015410 2.736439 1.000000
-0.357646 -1.025039 2.608971 0.000000
-0.051024 -1.032117 2.569021 0.000000
-0.108225 0.664134 2.574710 1.000000
-0.312973 0.367123 2.686890 1.000000
0.044680 0.352402 2.681223 1.000000
-0.133634 0.408074 2.590916 0.000000
-0.139187 0.201684 2.776559 0.000000
-0.284495 -0.017148 2.629649 1.000000
-0.003333 -0.015736 2.636559 1.000000
-0.147048 0.002845 2.756671 0.000000
-0.376368 0.106706 2.673677 1.000000
0.087390 0.088098 2.663074 1.000000
-0.375478 -0.179995 2.631462 1.000000
0.088445 -0.193735 2.595624 1.000000
-0.357917 -0.245955 2.629911 0.728365
0.060597 -0.249526 2.623436 0.862981
-0.313730 -0.577861 2.680589 1.000000
-0.049014 -0.590286 2.693903 1.000000
-0.345075 -0.993218 2.774534 1.000000
-0.060392 -1.014711 2.739327 0.944231
-0.356776 -1.029432 2.610516 0.000000
-0.053359 -1.032800 2.572074 0.000000
-0.125209 0.665501 2.575287 1.000000
-0.331421 0.364184 2.693879 1.000000
0.026372 0.359780 2.682535 1.000000
-0.154855 0.411226 2.595584 0.000000
-0.151600 0.202899 2.779107 0.000000
-0.288469 -0.012636 2.630914 1.000000
-0.007397 -0.014303 2.640765 1.000000
-0.152165 0.004299 2.759601 0.000000
-0.384726 0.101785 2.675959 1.000000
0.088920 0.101255 2.646923 1.000000
-0.385965 -0.184022 2.628009 1.000000
0.093504 -0.149668 2.501999 1.000000
-0.368762 -0.249836 2.633854 0.661058
0.072060 -0.205162 2.535498 0.762019
-0.317583 -0.574985 2.683219 1.000000
-0.058539 -0.588685 2.693570 1.000000
-0.350496 -0.990818 2.774480 1.000000
-0.062354 -1.013752 2.733976 0.922356
-0.359094 -1.026215 2.610092 0.000000
-0.054810 -1.029737 2.566531 0.000000
-0.142903 0.666486 2.578530 1.000000
-0.354573 0.364176 2.700196 1.000000
0.002871 0.369387 2.680954 1.000000
-0.181554 0.415507 2.597824 0.000000
-0.168613 0.208212 2.782087 0.000000
-0.305498 -0.009353 2.643792 1.000000
-0.024672 -0.011199 2.628466 1.000000
-0.158219 0.004527 2.760163 0.000000
-0.404071 0.101010 2.682432 1.000000
0.087203 0.135682 2.579503 1.000000
-0.406382 -0.183593 2.627760 1.000000
0.122826 -0.015980 2.335119 1.000000
-0.387726 -0.249018 2.633517 0.745192
0.117469 -0.067496 2.290633 0.762019
-0.325506 -0.573554 2.693986 1.000000
-0.068199 -0.585270 2.688803 1.000000
-0.351098 -0.992607 2.771891 1.000000
-0.058971 -1.009520 2.736303 1.000000
-0.371358 -1.021962 2.607337 0.000000
-0.066820 -1.028403 2.569174 0.000000
-0.165273 0.670776 2.580191 1.000000
-0.368630 0.365400 2.712457 1.000000
-0.012120 0.372578 2.680627 1.000000
-0.199578 0.418954 2.604737 0.000000
-0.179213 0.209215 2.785530 0.000000
-0.316493 -0.008163 2.653396 1.000000
-0.036385 -0.008008 2.628081 1.000000
-0.165250 0.005285 2.764620 0.000000
-0.416304 0.102685 2.688554 1.000000
0.074307 0.188268 2.506204 1.000000
-0.413853 -0.179901 2.625722 1.000000
0.137815 0.108693 2.235200 0.673077
-0.417464 -0.247355 2.635646 0.846154
0.168557 0.097138 2.175342 0.055288
-0.331598 -0.572735 2.700174 1.000000
-0.077426 -0.582974 2.687999 1.000000
-0.349048 -0.992509 2.776424 1.000000
-0.065360 -1.006796 2.738579 1.000000
-0.375476 -1.021164 2.612624 0.000000
-0.078955 -1.027065 2.571982 0.000000
-0.176265 0.669809 2.581469 1.000000
-0.364216 0.367639 2.722928 1.000000
-0.013861 0.354594 2.650506 1.000000
-0.207063 0.402614 2.592046 0.000000
-0.173469 0.210066 2.789246 0.000000
-0.324715 -0.003596 2.683673 1.000000
-0.049107 -0.020258 2.630155 1.000000
-0.162608 -0.003082 2.779314 0.000000
-0.426850 0.107885 2.700221 1.000000
0.043489 0.280587 2.399220 1.000000
-0.420261 -0.173979 2.634090 1.000000
0.146446 0.341388 2.135463 1.000000
-0.477406 -0.209251 2.621767 0.442308
0.179314 0.365183 2.080554 1.000000
-0.340324 -0.576672 2.702023 1.000000
-0.089848 -0.590037 2.690686 1.000000
-0.347567 -0.997460 2.774233 1.000000
-0.069529 -1.013759 2.739434 1.000000
-0.391644 -1.024208 2.613946 0.000000
-0.100837 -1.034148 2.575257 0.000000
-0.185730 0.671601 2.584955 1.000000
-0.376879 0.367577 2.732204 1.000000
-0.031565 0.367512 2.637746 0.634615
-0.230090 0.404865 2.590384 0.000000
-0.175225 0.221012 2.791081 0.000000
-0.339706 -0.002763 2.690591 1.000000
-0.065794 -0.018209 2.628661 1.000000
-0.174708 -0.000353 2.781123 0.000000
-0.438173 0.106734 2.720400 1.000000
0.022299 0.357179 2.375207 1.000000
-0.452887 -0.178635 2.673068 1.000000
0.112753 0.450896 2.116503 1.000000
-0.464870 -0.240615 2.647060 0.391827
0.141156 0.479421 2.061357 1.000000
-0.343920 -0.577765 2.702514 1.000000
-0.094286 -0.587005 2.692429 1.000000
-0.356125 -0.996428 2.785587 1.000000
-0.066713 -1.010722 2.737520 1.000000
-0.403106 -1.026579 2.626735 0.000000
-0.103012 -1.030454 2.574293 0.000000
-0.198253 0.680700 2.591665 1.000000
-0.377273 0.368856 2.752275 1.000000
-0.047642 0.373239 2.617340 0.230769
-0.249259 0.407956 2.593738 0.000000
-0.168056 0.225010 2.786165 0.000000
-0.346308 0.004407 2.711284 1.000000
-0.085636 -0.015798 2.607633 1.000000
-0.169382 0.000667 2.775387 0.000000
-0.438917 0.109864 2.731778 1.000000
-0.010984 0.392587 2.353561 1.000000
-0.462509 -0.175568 2.698311 1.000000
0.052800 0.524009 2.104949 1.000000
-0.462353 -0.243813 2.700379 0.610577
0.083953 0.552866 2.051486 1.000000
-0.341861 -0.574703 2.709046 1.000000
-0.093060 -0.579125 2.695543 1.000000
-0.357442 -0.993641 2.790145 1.000000
-0.065476 -1.002663 2.742273 1.000000
-0.424836 -1.020546 2.638210 0.000000
-0.127769 -1.023821 2.587282 0.000000
-0.197795 0.683729 2.590446 1.000000
-0.395218 0.341050 2.770936 1.000000
-0.078593 0.384853 2.614741 0.250000
-0.283487 0.398825 2.605925 0.000000
-0.170370 0.219139 2.784835 0.000000
-0.339315 -0.000172 2.716700 0.480769
-0.084800 -0.022806 2.599177 1.000000
-0.159457 -0.009261 2.771424 0.000000
-0.442786 0.082745 2.747051 1.000000
-0.073556 0.425444 2.354199 1.000000
-0.460395 -0.200288 2.720613 1.000000
-0.078393 0.587847 2.120280 1.000000
-0.437204 -0.264277 2.715207 0.223558
-0.074723 0.636815 2.072844 1.000000
-0.346092 -0.578327 2.719807 1.000000
-0.093694 -0.584007 2.701481 1.000000
-0.351712 -0.999133 2.792060 1.000000
-0.069057 -1.007699 2.748461 1.000000
-0.428808 -1.023463 2.644363 0.000000
-0.140868 -1.028601 2.597608 0.000000
-0.201806 0.668024 2.584498 1.000000
-0.376252 0.363754 2.785876 1.000000
-0.064367 0.384818 2.615300 0.240385
-0.267741 0.416632 2.617117 0.000000
-0.162532 0.222560 2.785518 0.000000
-0.335011 0.003538 2.724613 0.000000
-0.087873 -0.018818 2.592233 1.000000
-0.152348 -0.007310 2.768688 0.000000
-0.449526 0.111823 2.769339 0.953846
-0.075544 0.416481 2.354563 1.000000
-0.460236 -0.168573 2.726179 1.000000
-0.138225 0.584090 2.134158 1.000000
-0.457406 -0.229672 2.756518 0.560096
-0.168051 0.637314 2.103513 1.000000
-0.347086 -0.574123 2.721575 1.000000
-0.098313 -0.580680 2.698126 1.000000
-0.358645 -0.997305 2.777371 1.000000
-0.071468 -1.004540 2.742295 1.000000
-0.443584 -1.014026 2.632955 0.000000
-0.152480 -1.024905 2.596102 0.000000
-0.198465 0.671032 2.576159 1.000000
-0.368873 0.377652 2.787915 1.000000
-0.056931 0.390337 2.617377 0.057692
-0.259277 0.426414 2.618618 0.000000
-0.158143 0.232038 2.789150 0.000000
-0.334014 0.014061 2.723797 0.000000
-0.086988 -0.006532 2.590921 1.000000
-0.151399 0.001431 2.767595 0.000000
-0.446326 0.128512 2.779153 0.876923
-0.070643 0.422974 2.358739 1.000000
-0.458939 -0.149881 2.736577 1.000000
-0.136137 0.581625 2.135100 1.000000
-0.454999 -0.212622 2.763215 1.000000
-0.159706 0.630518 2.093681 1.000000
-0.344259 -0.563154 2.723580 1.000000
-0.101611 -0.570239 2.689042 1.000000
-0.360626 -0.985103 2.786980 1.000000
-0.074876 -0.992873 2.743772 1.000000
-0.445202 -1.003523 2.642558 0.000000
-0.155117 -1.016864 2.597704 0.000000
-0.193972 0.682127 2.587067 1.000000
-0.372095 0.365603 2.808337 1.000000
-0.079946 0.407723 2.608529 0.192308
-0.283969 0.427007 2.630816 0.000000
-0.151409 0.237726 2.784737 0.000000
-0.327154 0.017749 2.736060 0.000000
-0.093162 -0.001476 2.581207 1.000000
-0.141499 0.002631 2.763066 0.000000
-0.445912 0.118939 2.784028 0.800000
-0.096411 0.441325 2.352633 1.000000
-0.463945 -0.159096 2.764752 1.000000
-0.119063 0.602427 2.125623 1.000000
-0.449604 -0.225321 2.756374 0.694712
-0.127308 0.653450 2.081010 1.000000
-0.348953 -0.557640 2.728609 1.000000
-0.107281 -0.565020 2.690167 1.000000
-0.358194 -0.981426 2.780076 1.000000
-0.081372 -0.987840 2.743836 1.000000
-0.456821 -0.995757 2.644365 0.000000
-0.174892 -1.011096 2.605766 0.000000
-0.192071 0.685623 2.600020 0.740385
-0.391166 0.355659 2.809140 1.000000
-0.094354 0.407713 2.617198 0.298077
-0.300150 0.420093 2.634170 0.000000
-0.165790 0.235173 2.791788 0.000000
-0.328079 0.014485 2.731197 0.096154
-0.089545 -0.006940 2.583739 1.000000
-0.143361 -0.000681 2.763990 0.000000
-0.447236 0.105098 2.794196 0.738462
-0.110047 0.435192 2.361960 1.000000
-0.456582 -0.171157 2.767010 1.000000
-0.114529 0.588604 2.130469 1.000000
-0.458978 -0.233636 2.794436 0.324519
-0.108161 0.634311 2.080152 1.000000
-0.348162 -0.561071 2.733427 1.000000
-0.107018 -0.569959 2.692285 1.000000
-0.358531 -0.984821 2.784983 1.000000
-0.077478 -0.993200 2.740493 1.000000
-0.452734 -0.999402 2.646190 0.000000
-0.167294 -1.015490 2.599828 0.000000
-0.193307 0.678787 2.597696 0.875000
-0.371424 0.370878 2.799589 1.000000
-0.067738 0.402191 2.614605 0.346154
-0.272302 0.428456 2.626643 0.000000
-0.154323 0.235464 2.787660 0.000000
-0.325918 0.014451 2.732152 0.000000
-0.084772 -0.004105 2.588604 1.000000
-0.141689 0.000179 2.767959 0.000000
-0.438594 0.124985 2.776947 0.846154
-0.098180 0.427309 2.361761 1.000000
-0.460134 -0.150530 2.777725 1.000000
-0.137211 0.583765 2.137325 1.000000
-0.429339 -0.192678 2.733716 0.459135
-0.155208 0.633078 2.093668 1.000000
-0.347708 -0.560313 2.727200 1.000000
-0.103672 -0.568142 2.695681 1.000000
-0.354811 -0.983103 2.786591 1.000000
-0.075223 -0.991507 2.743452 1.000000
-0.447734 -1.001103 2.647338 0.000000
-0.162412 -1.013429 2.601088 0.000000
-0.190781 0.689643 2.599437 1.000000
-0.368706 0.372214 2.799101 1.000000
-0.056086 0.403506 2.627481 0.057692
-0.261772 0.430528 2.631127 0.000000
-0.151866 0.235899 2.795844 0.000000
-0.328144 0.019864 2.728314 0.192308
-0.080984 0.000237 2.595541 1.000000
-0.145785 0.004226 2.772207 0.000000
-0.441818 0.129210 2.784081 0.846154
-0.049340 0.403007 2.373364 1.000000
-0.453321 -0.144404 2.764944 1.000000
-0.136240 0.559999 2.165602 1.000000
-0.434411 -0.207968 2.748707 0.795673
-0.173339 0.605651 2.130944 1.000000
-0.342198 -0.556458 2.725919 1.000000
-0.102686 -0.564269 2.692155 1.000000
-0.360265 -0.978370 2.789111 1.000000
-0.075026 -0.986753 2.747570 1.000000
-0.444892 -0.996379 2.644667 0.000000
-0.155311 -1.011156 2.601594 0.000000
-0.189102 0.690404 2.618486 1.000000
-0.371278 0.370387 2.795486 1.000000
-0.051608 0.399075 2.636892 0.144231
-0.256732 0.430067 2.633105 0.000000
-0.157092 0.229918 2.797738 0.000000
-0.333289 0.018718 2.729148 0.403846
-0.081242 0.002643 2.605393 1.000000
-0.152444 0.005464 2.779600 0.000000
-0.438246 0.126666 2.780252 0.830769
-0.041411 0.401729 2.383899 1.000000
-0.454566 -0.145213 2.755971 1.000000
-0.096946 0.561209 2.168827 1.000000
-0.422878 -0.200672 2.731850 0.492788
-0.123148 0.606610 2.125080 1.000000
-0.342385 -0.557018 2.728030 1.000000
-0.100179 -0.563146 2.695501 1.000000
-0.359322 -0.980762 2.777864 1.000000
-0.069918 -0.984648 2.756731 1.000000
-0.438159 -0.995027 2.629771 0.000000
-0.143890 -1.011580 2.607892 0.000000
-0.191267 0.682078 2.611006 1.000000
-0.370593 0.370015 2.790349 1.000000
-0.050074 0.398618 2.633462 0.048077
-0.255183 0.429542 2.628523 0.000000
-0.156380 0.229616 2.793929 0.000000
-0.330268 0.016496 2.723954 0.192308
-0.077668 -0.002479 2.601747 1.000000
-0.149638 0.004642 2.775515 0.000000
-0.435142 0.126298 2.780473 0.815385
-0.050291 0.405726 2.381248 1.000000
-0.449891 -0.143499 2.745303 1.000000
-0.053496 0.577178 2.169497 1.000000
-0.438152 -0.210741 2.743782 0.963942
-0.062336 0.628077 2.124857 1.000000
-0.340234 -0.559853 2.727129 1.000000
-0.097563 -0.567331 2.696407 1.000000
-0.357002 -0.983311 2.779392 1.000000
-0.062032 -0.986066 2.772087 0.997356
-0.435222 -0.998520 2.631066 0.000000
-0.134509 -1.019030 2.623727 0.000000
-0.191661 0.684754 2.608313 1.000000
-0.376273 0.369202 2.785162 1.000000
-0.049070 0.392171 2.643261 0.230769
-0.252544 0.427200 2.629029 0.000000
-0.165219 0.224585 2.797589 0.000000
-0.335748 0.015418 2.726367 0.673077
-0.077912 -0.001057 2.615233 1.000000
-0.157428 0.005140 2.785717 0.000000
-0.427800 0.124348 2.763775 0.861538
-0.052654 0.413811 2.393092 1.000000
-0.443696 -0.142920 2.720608 1.000000
-0.023511 0.575221 2.177115 1.000000
-0.431853 -0.210161 2.720467 0.930288
-0.020725 0.624590 2.130035 1.000000
-0.337722 -0.561665 2.726044 1.000000
-0.091921 -0.566611 2.698642 1.000000
-0.356369 -0.983065 2.792401 1.000000
-0.073879 -0.990177 2.749589 1.000000
-0.427809 -1.003692 2.641335 0.000000
-0.139889 -1.011443 2.596160 0.000000
-0.195068 0.680367 2.610732 1.000000
-0.369265 0.373672 2.782651 1.000000
-0.039855 0.390106 2.643429 0.211538
-0.243346 0.426965 2.626592 0.000000
-0.159937 0.227110 2.800352 0.000000
-0.335798 0.017419 2.725729 0.836538
-0.076848 -0.000256 2.617406 1.000000
-0.158201 0.006051 2.787017 0.000000
-0.430070 0.132064 2.757252 1.000000
-0.024504 0.399562 2.393645 1.000000
-0.442621 -0.135382 2.719085 1.000000
-0.033938 0.563969 2.179115 1.000000
-0.432367 -0.202781 2.722803 1.000000
-0.046152 0.617520 2.138560 1.000000
-0.334149 -0.561080 2.719209 1.000000
-0.086621 -0.564764 2.696607 1.000000
-0.357102 -0.981660 2.789315 1.000000
-0.074885 -0.988954 2.744084 1.000000
-0.426229 -1.003226 2.637307 0.000000
-0.138585 -1.008030 2.589396 0.000000
-0.194855 0.682284 2.602803 1.000000
-0.368373 0.376077 2.776569 1.000000
-0.032717 0.381384 2.652188 0.365385
-0.233998 0.424430 2.626050 0.000000
-0.164733 0.223208 2.804385 0.000000
-0.338093 0.018379 2.718650 1.000000
-0.074859 -0.002562 2.621846 1.000000
-0.163418 0.006247 2.787695 0.000000
-0.424895 0.134417 2.748126 1.000000
0.003495 0.377826 2.405046 0.892308
-0.443995 -0.132164 2.711443 1.000000
-0.023947 0.531668 2.185147 1.000000
-0.437575 -0.199051 2.699338 1.000000
-0.042698 0.578181 2.138817 1.000000
-0.329528 -0.562296 2.711462 1.000000
-0.079457 -0.564422 2.698961 1.000000
-0.351510 -0.982583 2.783603 1.000000
-0.071237 -0.988635 2.746965 1.000000
-0.413311 -1.005934 2.628731 0.000000
-0.127222 -1.007561 2.589302 0.000000
-0.195815 0.676638 2.594999 1.000000
-0.350999 0.390800 2.756446 1.000000
-0.007074 0.374668 2.658365 0.307692
-0.203335 0.426204 2.615051 0.000000
-0.158143 0.229624 2.805853 0.000000
-0.332605 0.018525 2.707254 1.000000
-0.061810 -0.011548 2.637488 1.000000
-0.165495 0.008547 2.793281 0.000000
-0.418390 0.152318 2.732469 1.000000
0.018020 0.355284 2.411415 0.723077
-0.445378 -0.113548 2.702785 1.000000
0.025724 0.487048 2.177165 1.000000
-0.431597 -0.179135 2.689745 0.947115
0.020719 0.532872 2.126799 1.000000
-0.321919 -0.564866 2.708316 1.000000
-0.073958 -0.571945 2.696320 1.000000
-0.355298 -0.984462 2.780104 1.000000
-0.065168 -0.996606 2.740085 1.000000
-0.400463 -1.008319 2.619664 0.000000
-0.103593 -1.014199 2.577100 0.000000
-0.195864 0.678364 2.587113 1.000000
-0.350515 0.383909 2.756819 1.000000
-0.014998 0.371203 2.632598 0.000000
-0.216288 0.410209 2.600800 0.000000
-0.146917 0.236440 2.805942 0.000000
-0.323604 0.018704 2.717916 1.000000
-0.060416 -0.014757 2.624566 1.000000
-0.149553 0.008060 2.788760 0.000000
-0.410229 0.142580 2.724520 1.000000
0.040796 0.312253 2.395405 0.784615
-0.433243 -0.124242 2.684871 1.000000
0.092878 0.417563 2.151494 1.000000
-0.429605 -0.188605 2.662381 1.000000
0.101210 0.458351 2.097378 1.000000
-0.322517 -0.564490 2.708531 1.000000
-0.071728 -0.574048 2.694401 1.000000
-0.354362 -0.982249 2.790948 1.000000
-0.070509 -0.998255 2.743145 1.000000
-0.413938 -1.008347 2.635643 0.000000
-0.122974 -1.016668 2.584216 0.000000
-0.194705 0.686662 2.592179 0.975962
-0.349896 0.373962 2.745703 1.000000
-0.003252 0.362664 2.656967 0.711538
-0.199452 0.407947 2.606915 0.000000
-0.154732 0.219267 2.805639 0.000000
-0.320268 0.008727 2.698284 1.000000
-0.047870 -0.020120 2.634499 1.000000
-0.154678 0.003782 2.787622 0.000000
-0.410159 0.127997 2.725307 1.000000
0.060155 0.258020 2.434312 1.000000
-0.420749 -0.142376 2.679894 1.000000
0.134597 0.287478 2.171888 1.000000
-0.412683 -0.206132 2.656837 1.000000
0.157785 0.303271 2.109643 0.930288
-0.321467 -0.571499 2.715890 1.000000
-0.071421 -0.583021 2.693338 1.000000
-0.352262 -0.989966 2.795046 1.000000
-0.065944 -1.006356 2.748893 1.000000
-0.396256 -1.017042 2.634791 0.000000
-0.099846 -1.028247 2.585425 0.000000
-0.191864 0.675961 2.596046 1.000000
-0.351486 0.367190 2.761126 1.000000
-0.010227 0.381198 2.653840 1.000000
-0.210772 0.420929 2.618430 0.000000
-0.146496 0.217687 2.796342 0.000000
-0.307532 0.013655 2.703222 0.923077
-0.040636 -0.017112 2.620026 1.000000
-0.136210 0.004908 2.780671 0.000000
-0.400299 0.121173 2.724956 1.000000
0.083018 0.183452 2.525709 1.000000
-0.406749 -0.146863 2.670141 1.000000
0.179501 0.042643 2.311810 1.000000
-0.401132 -0.213360 2.655714 0.829327
0.179127 -0.000817 2.259154 0.745192
-0.316409 -0.566463 2.711333 1.000000
-0.066872 -0.579558 2.692072 1.000000
-0.354407 -0.982742 2.798490 1.000000
-0.069258 -1.002885 2.747910 1.000000
-0.409904 -1.010450 2.641957 0.000000
-0.116208 -1.023770 2.587568 0.000000
-0.195269 0.674008 2.591344 1.000000
-0.342023 0.368082 2.748679 1.000000
0.001597 0.367151 2.648239 1.000000
-0.196777 0.412000 2.607169 0.000000
-0.142822 0.213442 2.793596 0.000000
-0.308474 0.006071 2.694983 1.000000
-0.039359 -0.019609 2.617401 1.000000
-0.138662 0.000776 2.775987 0.000000
-0.398789 0.118616 2.734139 0.938462
0.088524 0.138367 2.572289 1.000000
-0.405441 -0.153235 2.682803 1.000000
0.163986 -0.098868 2.451425 1.000000
-0.397733 -0.219379 2.667731 0.677885
0.146128 -0.154751 2.416501 1.000000
-0.311851 -0.572967 2.707889 1.000000
-0.060962 -0.582775 2.694557 1.000000
-0.353958 -0.989272 2.793014 1.000000
-0.067280 -1.006922 2.743433 1.000000
-0.405500 -1.016364 2.635028 0.000000
-0.110970 -1.024894 2.581821 0.000000
-0.183783 0.672120 2.587064 1.000000
-0.334086 0.369078 2.736898 1.000000
0.013259 0.359809 2.650703 1.000000
-0.182109 0.409446 2.601532 0.000000
-0.140708 0.209663 2.789850 0.000000
-0.305492 -0.000670 2.688950 1.000000
-0.032298 -0.021260 2.625369 1.000000
-0.140012 -0.002753 2.778605 0.000000
-0.393336 0.117436 2.732380 0.984615
0.075215 0.109233 2.635605 1.000000
-0.397484 -0.158441 2.689452 1.000000
0.093576 -0.165710 2.590472 1.000000
-0.400245 -0.226564 2.685823 0.560096
0.078354 -0.228102 2.567297 0.778846
-0.309951 -0.577735 2.701516 1.000000
-0.058532 -0.587178 2.695842 1.000000
-0.349644 -0.995620 2.779779 1.000000
-0.063636 -1.012077 2.737842 1.000000
-0.393705 -1.021482 2.619342 0.000000
-0.099243 -1.027841 2.574032 0.000000
-0.174454 0.669225 2.581273 1.000000
