-0.368628 0.317940 2.786578 1.000000
-0.003701 0.322319 2.780724 1.000000
-0.188555 0.369096 2.671256 0.000000
-0.182958 0.183111 2.881053 0.000000
-0.382780 -0.041231 2.763170 0.240385
0.030784 -0.035495 2.745057 0.701923
-0.169660 -0.046360 2.896290 0.000000
-0.430898 0.033980 2.776916 1.000000
0.071994 0.041756 2.793325 1.000000
-0.399924 -0.258312 2.700619 1.000000
0.068467 -0.255717 2.732391 1.000000
-0.392852 -0.321305 2.729790 0.408654
0.042709 -0.320469 2.728800 0.677885
-0.287863 -0.571318 2.798937 1.000000
-0.046505 -0.567767 2.790822 1.000000
-0.290912 -0.989480 2.903304 1.000000
-0.072744 -0.986326 2.890223 1.000000
-0.300598 -1.028482 2.746755 0.000000
-0.071548 -1.023741 2.732992 0.000000
-0.196377 0.606849 2.702597 1.000000
-0.367044 0.315942 2.790025 1.000000
-0.002216 0.320721 2.779910 1.000000
-0.188387 0.367703 2.672787 0.000000
-0.180145 0.180964 2.881825 0.000000
-0.381456 -0.044175 2.769862 0.211538
0.031303 -0.035939 2.738910 0.500000
-0.164272 -0.048271 2.896281 0.000000
-0.430055 0.031737 2.781389 1.000000
0.075675 0.040395 2.792862 1.000000
-0.399323 -0.261961 2.708963 1.000000
0.067439 -0.258196 2.736085 1.000000
-0.403325 -0.330471 2.696334 0.173077
0.048774 -0.323703 2.720936 0.778846
-0.287454 -0.574091 2.794763 1.000000
-0.049465 -0.569014 2.791499 1.000000
-0.291125 -0.990730 2.905036 1.000000
-0.067184 -0.987849 2.891620 1.000000
-0.306179 -1.031780 2.749437 0.000000
-0.072682 -1.025185 2.734463 0.000000
-0.189970 0.607252 2.684203 1.000000
-0.365471 0.314363 2.785344 1.000000
-0.000648 0.320269 2.775667 1.000000
-0.186809 0.361709 2.666264 0.000000
-0.178180 0.184343 2.883296 0.000000
-0.381058 -0.045508 2.763006 0.201923
0.032441 -0.035661 2.745187 0.471154
-0.167997 -0.048323 2.896289 0.000000
-0.428994 0.030349 2.772374 1.000000
0.073919 0.039468 2.797060 1.000000
-0.398514 -0.264880 2.705945 1.000000
0.072036 -0.258004 2.733740 1.000000
-0.399167 -0.333092 2.691256 0.206731
0.054756 -0.322528 2.713562 0.778846
-0.285342 -0.574902 2.793426 1.000000
-0.048607 -0.569795 2.789565 1.000000
-0.292110 -0.990364 2.907912 1.000000
-0.067795 -0.987649 2.893445 1.000000
-0.301960 -1.033072 2.752343 0.000000
-0.067558 -1.026652 2.736597 0.000000
-0.188406 0.604659 2.688122 0.932692
-0.366708 0.315592 2.789162 1.000000
-0.002091 0.319107 2.772819 1.000000
-0.189923 0.364337 2.667863 0.000000
-0.178628 0.182057 2.880661 0.000000
-0.381021 -0.043411 2.776030 0.163462
0.030646 -0.038522 2.732411 0.461538
-0.160097 -0.049074 2.895730 0.000000
-0.432553 0.031947 2.776065 1.000000
0.080614 0.040402 2.793906 1.000000
-0.395871 -0.261597 2.704715 1.000000
0.071669 -0.258501 2.737497 1.000000
-0.395783 -0.331349 2.706658 0.257212
0.058930 -0.323572 2.715760 0.677885
-0.286379 -0.574796 2.793765 1.000000
-0.049424 -0.570228 2.791037 1.000000
-0.293229 -0.991638 2.903114 1.000000
-0.067556 -0.988957 2.891529 1.000000
-0.312702 -1.032051 2.747840 0.000000
-0.077930 -1.026172 2.734590 0.000000
-0.189003 0.606363 2.687342 0.802885
-0.368707 0.313553 2.787365 1.000000
-0.003959 0.318827 2.774886 1.000000
-0.190884 0.362384 2.667629 0.000000
-0.180944 0.181605 2.881771 0.000000
-0.381438 -0.043545 2.765800 0.173077
0.031666 -0.038449 2.739055 0.548077
-0.165583 -0.050165 2.894371 0.000000
-0.430752 0.028661 2.776605 1.000000
0.074570 0.038498 2.794333 1.000000
-0.399895 -0.266761 2.709068 1.000000
0.069991 -0.259532 2.731530 1.000000
-0.404800 -0.334805 2.694403 0.105769
0.062335 -0.325675 2.710659 0.778846
-0.284333 -0.574453 2.793316 1.000000
-0.045538 -0.570228 2.788637 1.000000
-0.292331 -0.990749 2.904646 1.000000
-0.071253 -0.988697 2.888555 1.000000
-0.305066 -1.032147 2.748932 0.000000
-0.073517 -1.026098 2.731333 0.000000
-0.188686 0.605511 2.697237 0.692308
-0.366481 0.313675 2.792607 1.000000
-0.001928 0.315948 2.774696 1.000000
-0.190001 0.365371 2.672089 0.000000
-0.178658 0.176416 2.878980 0.000000
-0.380831 -0.043729 2.768384 0.201923
0.031937 -0.041140 2.736578 0.557692
-0.163460 -0.052342 2.894254 0.000000
-0.430895 0.030116 2.767827 1.000000
0.075816 0.035074 2.790020 1.000000
-0.398740 -0.266418 2.705657 1.000000
0.069352 -0.263257 2.728474 1.000000
-0.411981 -0.334152 2.695371 0.105769
0.053365 -0.329264 2.712454 0.879808
-0.282622 -0.575545 2.793251 1.000000
-0.047783 -0.572186 2.788516 1.000000
-0.293645 -0.992671 2.901163 1.000000
-0.066618 -0.990295 2.891427 1.000000
-0.307853 -1.032643 2.745205 0.000000
-0.071958 -1.028676 2.734516 0.000000
-0.191583 0.604454 2.700662 0.677885
-0.367287 0.315486 2.794935 1.000000
-0.002777 0.317115 2.776106 1.000000
-0.191041 0.365757 2.673476 0.000000
-0.179424 0.178851 2.882204 0.000000
-0.380173 -0.042814 2.765836 0.182692
0.032720 -0.040188 2.735685 0.644231
-0.163308 -0.051005 2.892604 0.000000
-0.429608 0.031079 2.777094 1.000000
0.076457 0.036875 2.792763 1.000000
-0.398684 -0.262993 2.704217 1.000000
0.069056 -0.259921 2.724919 1.000000
-0.406355 -0.331812 2.695609 0.105769
0.052885 -0.327240 2.716221 0.913462
-0.282428 -0.574423 2.793327 1.000000
-0.047091 -0.571367 2.786603 1.000000
-0.292173 -0.995022 2.886939 1.000000
-0.065083 -0.989723 2.888660 1.000000
-0.305499 -1.029721 2.729646 0.000000
-0.069914 -1.027815 2.731662 0.000000
-0.193087 0.603128 2.689430 1.000000
-0.368139 0.314657 2.795268 1.000000
-0.003719 0.318041 2.774983 1.000000
-0.192630 0.365335 2.672914 0.000000
-0.179246 0.179309 2.882321 0.000000
-0.380591 -0.044123 2.771151 0.163462
0.031026 -0.039539 2.727033 0.500000
-0.159519 -0.051731 2.890469 0.000000
-0.433123 0.031039 2.771752 1.000000
0.078387 0.038224 2.788257 1.000000
-0.395406 -0.263937 2.705056 1.000000
0.076319 -0.258512 2.718795 1.000000
-0.407769 -0.331195 2.691177 0.173077
0.097151 -0.324858 2.713025 0.543269
-0.279819 -0.575562 2.791462 1.000000
-0.046119 -0.570453 2.786977 1.000000
-0.293503 -0.992851 2.898437 1.000000
-0.068090 -0.988706 2.888677 1.000000
-0.311788 -1.032166 2.742736 0.000000
-0.077805 -1.026342 2.731795 0.000000
-0.195935 0.605596 2.697059 0.807692
-0.374481 0.312336 2.797101 1.000000
-0.010150 0.318341 2.775855 1.000000
-0.199656 0.365226 2.674703 0.000000
-0.184445 0.177531 2.882491 0.000000
-0.378329 -0.043752 2.766788 0.182692
0.034109 -0.039709 2.731095 0.798077
-0.159753 -0.051820 2.890588 0.000000
-0.428690 0.027240 2.768193 1.000000
0.070884 0.038689 2.792647 1.000000
-0.396201 -0.268366 2.702868 1.000000
0.112422 -0.251858 2.711635 1.000000
-0.398543 -0.336370 2.687408 0.139423
0.124616 -0.318815 2.696237 0.627404
-0.281133 -0.574897 2.791858 1.000000
-0.045052 -0.570611 2.788625 1.000000
-0.294176 -0.990772 2.904280 1.000000
-0.071345 -0.988892 2.889175 1.000000
-0.309861 -1.032292 2.748869 0.000000
-0.077701 -1.026262 2.732058 0.000000
-0.204115 0.606508 2.696688 0.668269
-0.377432 0.320005 2.789981 1.000000
-0.012697 0.317180 2.776373 1.000000
-0.198864 0.368091 2.671054 0.000000
-0.192519 0.181108 2.879941 0.000000
-0.377893 -0.042009 2.758381 0.134615
0.035801 -0.039661 2.742642 0.798077
-0.165584 -0.050658 2.892611 0.000000
-0.425823 0.033469 2.765748 1.000000
0.085613 0.043431 2.797081 1.000000
-0.398212 -0.263545 2.704904 1.000000
0.182663 -0.222551 2.685205 1.000000
-0.399686 -0.332134 2.692156 0.223558
0.211253 -0.283512 2.666888 0.627404
-0.278732 -0.573609 2.791381 1.000000
-0.046775 -0.571150 2.787750 1.000000
-0.295733 -0.989428 2.903481 1.000000
-0.067899 -0.990008 2.887111 1.000000
-0.303519 -1.031152 2.747528 0.000000
-0.067425 -1.027336 2.729857 0.000000
-0.206733 0.609134 2.692973 0.610577
-0.381518 0.317246 2.777982 1.000000
-0.016905 0.322520 2.793953 1.000000
-0.195094 0.371632 2.674877 0.000000
-0.201313 0.180484 2.879962 0.000000
-0.380721 -0.042757 2.750482 0.326923
0.033128 -0.033659 2.743982 0.875000
-0.171369 -0.047002 2.889482 0.000000
-0.427912 0.032323 2.760791 1.000000
0.143071 0.081688 2.787883 1.000000
-0.399292 -0.262196 2.700858 1.000000
0.338879 -0.090454 2.635637 1.000000
-0.380123 -0.323643 2.727801 0.358173
0.391556 -0.129289 2.611427 0.762019
-0.287863 -0.571412 2.790483 1.000000
-0.050784 -0.567732 2.784740 1.000000
-0.293566 -0.986878 2.905010 1.000000
-0.068689 -0.985044 2.890999 1.000000
-0.299331 -1.029729 2.749276 0.000000
-0.064645 -1.025076 2.734463 0.000000
-0.203796 0.603950 2.702617 0.610577
-0.375590 0.320002 2.773503 1.000000
-0.011092 0.318404 2.792570 1.000000
-0.187254 0.368187 2.670789 0.000000
-0.199029 0.182163 2.880295 0.000000
-0.382241 -0.042872 2.741277 0.346154
0.031437 -0.034669 2.755399 0.605769
-0.180035 -0.049668 2.890388 0.000000
-0.429977 0.037914 2.758090 1.000000
0.202833 0.129714 2.755136 1.000000
-0.406348 -0.256190 2.701872 1.000000
0.453856 0.052171 2.609566 1.000000
-0.387617 -0.322587 2.691401 0.425481
0.499150 0.001708 2.593105 0.156250
-0.288894 -0.571053 2.791830 1.000000
-0.052777 -0.568888 2.783831 1.000000
-0.291076 -0.986322 2.907191 1.000000
-0.069783 -0.985660 2.892335 1.000000
-0.289026 -1.029590 2.751479 0.000000
-0.057806 -1.026726 2.736474 0.000000
-0.204944 0.607937 2.707308 0.552885
-0.364412 0.324112 2.768539 1.000000
-0.000438 0.316256 2.794733 1.000000
-0.173291 0.367701 2.668965 0.000000
-0.192459 0.184443 2.880355 0.000000
-0.379256 -0.038442 2.745206 0.326923
0.034716 -0.039906 2.749778 0.596154
-0.173875 -0.048721 2.889705 0.000000
-0.433023 0.046753 2.753865 1.000000
0.253625 0.199225 2.734682 1.000000
-0.411229 -0.245484 2.696105 1.000000
0.519560 0.242507 2.605765 1.000000
-0.393511 -0.312581 2.703403 0.745192
0.583150 0.245765 2.577221 0.206731
-0.289379 -0.569868 2.791058 1.000000
-0.052571 -0.571199 2.783491 1.000000
-0.292373 -0.987880 2.896025 1.000000
-0.070772 -0.987079 2.895175 1.000000
-0.294015 -1.027231 2.739272 0.000000
-0.062509 -1.029280 2.739375 0.000000
-0.206041 0.606797 2.709673 0.764423
-0.353040 0.328146 2.762110 1.000000
0.009040 0.320515 2.794761 1.000000
-0.160165 0.371422 2.665835 0.000000
-0.183100 0.188936 2.877517 0.000000
-0.374441 -0.031311 2.729076 0.528846
0.037896 -0.041638 2.764675 0.653846
-0.180723 -0.044996 2.888617 0.000000
-0.429225 0.053968 2.748859 1.000000
0.280549 0.326699 2.708748 1.000000
-0.415532 -0.237415 2.690865 1.000000
0.489052 0.507908 2.598548 1.000000
-0.398715 -0.304603 2.699354 0.745192
0.535273 0.559734 2.605388 0.644231
-0.285815 -0.565185 2.787282 1.000000
-0.049898 -0.571005 2.780319 1.000000
-0.292134 -0.980239 2.903263 1.000000
-0.075632 -0.986734 2.891082 1.000000
-0.282642 -1.023796 2.747908 0.000000
-0.054593 -1.029205 2.736562 0.000000
-0.199920 0.616057 2.703327 0.605769
-0.353563 0.323648 2.761042 1.000000
0.004093 0.326723 2.791825 1.000000
-0.162338 0.370059 2.662953 0.000000
-0.179381 0.191821 2.878770 0.000000
-0.370402 -0.027265 2.735283 0.932692
0.042632 -0.042889 2.758832 0.692308
-0.172344 -0.044735 2.889021 0.000000
-0.427461 0.048506 2.747915 1.000000
0.260614 0.408474 2.697748 1.000000
-0.411716 -0.241887 2.684052 1.000000
0.414896 0.643488 2.599669 1.000000
-0.396817 -0.308369 2.699128 0.677885
0.446410 0.704615 2.611478 0.930288
-0.281734 -0.563004 2.786839 1.000000
-0.051442 -0.570653 2.781174 1.000000
-0.295227 -0.977972 2.902512 1.000000
-0.068899 -0.987017 2.891164 1.000000
-0.289962 -1.021507 2.746950 0.000000
-0.054501 -1.028697 2.735671 0.000000
-0.198653 0.615329 2.708209 0.389423
-0.360518 0.326029 2.767059 1.000000
-0.006000 0.329261 2.790315 1.000000
-0.171608 0.379381 2.668020 0.000000
-0.183310 0.188332 2.872958 0.000000
-0.367903 -0.025152 2.734951 0.750000
0.045112 -0.037716 2.760573 0.615385
-0.170500 -0.041324 2.889669 0.000000
-0.423988 0.048479 2.745884 1.000000
0.218743 0.466797 2.680382 1.000000
-0.409883 -0.243086 2.685594 1.000000
0.300825 0.740097 2.594280 1.000000
-0.389244 -0.309427 2.692066 0.812500
0.333650 0.796164 2.619738 0.543269
-0.274461 -0.561051 2.779907 1.000000
-0.049655 -0.566661 2.780551 1.000000
-0.294380 -0.974318 2.900631 1.000000
-0.069152 -0.984758 2.883390 1.000000
-0.287760 -1.019894 2.745707 0.000000
-0.054203 -1.023854 2.727279 0.000000
-0.196591 0.615294 2.702817 0.557692
-0.370690 0.324701 2.772098 1.000000
-0.020181 0.329136 2.780467 1.000000
-0.186174 0.375158 2.663699 0.000000
-0.188883 0.190702 2.874899 0.000000
-0.359662 -0.021028 2.742458 1.000000
0.053752 -0.040434 2.752874 0.865385
-0.157027 -0.041218 2.889764 0.000000
-0.419263 0.044228 2.750952 1.000000
0.146755 0.523518 2.654690 1.000000
-0.400976 -0.245404 2.683272 1.000000
0.110246 0.809637 2.579828 1.000000
-0.379996 -0.308752 2.703665 0.509615
0.110085 0.875765 2.602101 1.000000
-0.267628 -0.559513 2.776144 1.000000
-0.046175 -0.566885 2.783493 1.000000
-0.291983 -0.971934 2.898934 1.000000
-0.067554 -0.987661 2.874330 1.000000
-0.291023 -1.018105 2.744047 0.000000
-0.059899 -1.022100 2.716603 0.000000
-0.176249 0.616456 2.724113 0.581731
-0.379708 0.324488 2.779640 1.000000
-0.030130 0.328004 2.780889 1.000000
-0.197338 0.377823 2.669009 0.000000
-0.196155 0.187130 2.874609 0.000000
-0.358838 -0.020829 2.753722 0.980769
0.054792 -0.035370 2.743968 0.980769
-0.148988 -0.037172 2.891066 0.000000
-0.420909 0.044412 2.749034 1.000000
0.106841 0.535720 2.642435 1.000000
-0.395664 -0.245166 2.686762 1.000000
-0.006253 0.800838 2.569685 1.000000
-0.381151 -0.313243 2.691649 0.576923
-0.026246 0.867544 2.574124 1.000000
-0.267827 -0.558668 2.771462 1.000000
-0.042506 -0.563102 2.783625 1.000000
-0.289115 -0.971558 2.893241 1.000000
-0.065627 -0.983743 2.874659 1.000000
-0.295998 -1.016912 2.738263 0.000000
-0.065201 -1.017953 2.716697 0.000000
-0.170764 0.604819 2.709834 0.552885
-0.382061 0.324394 2.784925 1.000000
-0.034679 0.326046 2.776833 1.000000
-0.202469 0.373011 2.667768 0.000000
-0.196662 0.189297 2.879550 0.000000
-0.354595 -0.020795 2.757212 0.894231
0.058587 -0.037963 2.737665 1.000000
-0.141558 -0.036180 2.889673 0.000000
-0.412753 0.042105 2.747735 1.000000
0.068014 0.549896 2.630691 1.000000
-0.393723 -0.251635 2.695341 1.000000
-0.110605 0.779058 2.560189 1.000000
-0.379728 -0.315119 2.669983 0.610577
-0.155993 0.830911 2.571156 1.000000
-0.262592 -0.559654 2.772879 1.000000
-0.040219 -0.564468 2.787331 1.000000
-0.289562 -0.973022 2.891879 1.000000
-0.063491 -0.986347 2.872406 1.000000
-0.299228 -1.017072 2.736674 0.000000
-0.067790 -1.018057 2.713981 0.000000
-0.163084 0.604987 2.712668 0.586538
-0.382721 0.337082 2.798070 1.000000
-0.037577 0.328658 2.773330 1.000000
-0.207622 0.381044 2.672572 0.000000
-0.197042 0.196131 2.883123 0.000000
-0.361079 -0.020326 2.775616 0.788462
0.049790 -0.024677 2.724984 1.000000
-0.138301 -0.029292 2.891620 0.000000
-0.418672 0.055661 2.760569 1.000000
0.027704 0.560422 2.618666 1.000000
-0.393554 -0.236420 2.702923 1.000000
-0.218848 0.721221 2.567475 1.000000
-0.382839 -0.304994 2.695720 0.795673
-0.281565 0.750340 2.576845 1.000000
-0.261918 -0.556238 2.770462 1.000000
-0.039042 -0.554003 2.789189 1.000000
-0.290008 -0.969501 2.889566 1.000000
-0.061405 -0.976498 2.871399 1.000000
-0.309565 -1.012702 2.735054 0.000000
-0.076957 -1.006432 2.713334 0.000000
-0.165232 0.599706 2.719623 1.000000
-0.390047 0.335579 2.811842 1.000000
-0.046164 0.320952 2.773634 1.000000
-0.219188 0.376742 2.679724 0.000000
-0.203807 0.191011 2.889256 0.000000
-0.361404 -0.021850 2.780807 0.634615
0.048098 -0.019900 2.719977 1.000000
-0.135706 -0.029165 2.891143 0.000000
-0.423471 0.054966 2.768085 1.000000
0.024812 0.551506 2.620068 1.000000
-0.393206 -0.235163 2.704511 1.000000
-0.217686 0.718884 2.571985 1.000000
-0.385007 -0.304459 2.704414 0.947115
-0.282201 0.744460 2.579250 1.000000
-0.260790 -0.555872 2.770790 1.000000
-0.038690 -0.550852 2.787481 1.000000
-0.288963 -0.967891 2.894109 1.000000
-0.059926 -0.972616 2.873651 1.000000
-0.311865 -1.012328 2.740410 0.000000
-0.079010 -1.003819 2.716219 0.000000
-0.165687 0.588663 2.714858 1.000000
-0.407605 0.328870 2.827801 1.000000
-0.066031 0.327302 2.764961 1.000000
-0.248591 0.372606 2.682391 0.000000
-0.210129 0.194913 2.895891 0.000000
-0.356894 -0.020001 2.780365 0.596154
0.052361 -0.022525 2.717916 1.000000
-0.130844 -0.029098 2.889846 0.000000
-0.423735 0.050638 2.764614 1.000000
0.056030 0.549941 2.633815 1.000000
-0.396898 -0.241065 2.708030 1.000000
-0.153370 0.749281 2.560140 1.000000
-0.368170 -0.303757 2.718685 0.644231
-0.207211 0.793003 2.567791 1.000000
-0.263217 -0.555038 2.770643 1.000000
-0.039463 -0.552248 2.788147 1.000000
-0.289122 -0.966889 2.895017 1.000000
-0.061677 -0.974047 2.873903 1.000000
-0.313895 -1.011631 2.741697 0.000000
-0.082145 -1.004953 2.716586 0.000000
-0.159872 0.586143 2.715359 1.000000
-0.404827 0.335675 2.826939 1.000000
-0.061378 0.336740 2.766888 1.000000
-0.244996 0.378690 2.682211 0.000000
-0.206555 0.205003 2.898986 0.000000
-0.364786 -0.016381 2.784594 0.634615
0.043254 -0.019051 2.714652 1.000000
-0.136773 -0.025713 2.889904 0.000000
-0.426710 0.054277 2.768145 1.000000
0.092586 0.550753 2.650210 1.000000
-0.402709 -0.239887 2.709069 1.000000
-0.004501 0.820122 2.557403 1.000000
-0.380559 -0.305388 2.718451 0.879808
-0.025691 0.886451 2.561922 1.000000
-0.268081 -0.551727 2.770622 1.000000
-0.046652 -0.548968 2.784128 1.000000
-0.290175 -0.962979 2.897684 1.000000
-0.062882 -0.970210 2.873865 1.000000
-0.317164 -1.008695 2.745027 0.000000
-0.086174 -1.002675 2.717257 0.000000
-0.165452 0.592533 2.714364 1.000000
-0.408708 0.336171 2.820348 1.000000
-0.060907 0.345479 2.772444 1.000000
-0.244763 0.384507 2.682044 0.000000
-0.210330 0.208863 2.897914 0.000000
-0.363713 -0.009917 2.786150 1.000000
0.043555 -0.019844 2.712461 1.000000
-0.134981 -0.024404 2.889298 0.000000
-0.428662 0.053179 2.767355 1.000000
0.127602 0.533135 2.660462 1.000000
-0.409438 -0.242111 2.710627 1.000000
0.121933 0.818545 2.564060 1.000000
-0.397392 -0.310693 2.706106 0.778846
0.120521 0.886947 2.577778 1.000000
-0.270885 -0.547282 2.769417 1.000000
-0.048908 -0.547535 2.782451 1.000000
-0.292103 -0.959796 2.892476 1.000000
-0.064255 -0.968024 2.875807 1.000000
-0.320920 -1.003896 2.739677 0.000000
-0.089292 -1.001760 2.719738 0.000000
-0.172070 0.592327 2.720854 1.000000
-0.393004 0.328341 2.787541 1.000000
-0.041886 0.330942 2.776200 1.000000
-0.214641 0.369990 2.665909 0.000000
-0.206176 0.200454 2.889118 0.000000
-0.370343 -0.019114 2.760303 0.692308
0.043106 -0.026924 2.740421 1.000000
-0.156978 -0.033058 2.892395 0.000000
-0.434572 0.043653 2.766703 1.000000
0.156206 0.514307 2.674484 1.000000
-0.407577 -0.251242 2.711898 1.000000
0.236021 0.789710 2.582407 1.000000
-0.394181 -0.319586 2.716239 0.576923
0.258695 0.854007 2.597267 1.000000
-0.272292 -0.555251 2.774808 1.000000
-0.051047 -0.556678 2.781261 1.000000
-0.295564 -0.967347 2.898890 1.000000
-0.064259 -0.976436 2.878161 1.000000
-0.304893 -1.013385 2.744242 0.000000
-0.067706 -1.012679 2.720690 0.000000
-0.178484 0.593851 2.733413 0.971154
-0.388539 0.327041 2.780045 1.000000
-0.034607 0.332620 2.775612 1.000000
-0.208201 0.373753 2.663261 0.000000
-0.202692 0.197447 2.881256 0.000000
-0.371843 -0.022684 2.765025 0.673077
0.041244 -0.032774 2.739474 1.000000
-0.156735 -0.036671 2.894253 0.000000
-0.435441 0.042461 2.772528 1.000000
0.190782 0.489598 2.687292 1.000000
-0.414108 -0.249320 2.700833 1.000000
0.364720 0.721943 2.606714 1.000000
-0.403403 -0.317666 2.709957 0.627404
0.416672 0.767542 2.616241 1.000000
-0.275573 -0.559104 2.784139 1.000000
-0.049335 -0.561974 2.778259 1.000000
-0.299303 -0.972537 2.903602 1.000000
-0.071110 -0.979193 2.884161 1.000000
-0.310836 -1.016678 2.748549 0.000000
-0.074280 -1.018794 2.727494 0.000000
-0.198691 0.603177 2.730317 1.000000
-0.384230 0.320924 2.776419 1.000000
-0.029604 0.334044 2.776460 1.000000
-0.203498 0.372429 2.662291 0.000000
-0.196937 0.194421 2.878870 0.000000
-0.372079 -0.024992 2.755172 0.730769
0.041751 -0.035029 2.748856 0.634615
-0.163210 -0.038962 2.894262 0.000000
-0.434849 0.037173 2.772693 1.000000
0.200358 0.482577 2.686207 1.000000
-0.420167 -0.254989 2.702045 1.000000
0.398660 0.694282 2.606066 1.000000
-0.385436 -0.313420 2.686273 0.307692
0.460108 0.724241 2.620056 1.000000
-0.278357 -0.560435 2.788930 1.000000
-0.051020 -0.564540 2.780413 1.000000
-0.296664 -0.975973 2.901861 1.000000
-0.070547 -0.982697 2.883001 1.000000
-0.301699 -1.018134 2.745913 0.000000
-0.067237 -1.021345 2.726100 0.000000
-0.191270 0.603078 2.739413 0.927885
-0.382398 0.324798 2.782075 1.000000
-0.027858 0.334385 2.775700 1.000000
-0.203288 0.376086 2.665321 0.000000
-0.194545 0.195027 2.879278 0.000000
-0.371253 -0.024299 2.756571 1.000000
0.042606 -0.033037 2.750186 1.000000
-0.162308 -0.037157 2.895654 0.000000
-0.433321 0.043311 2.763191 1.000000
0.194536 0.484770 2.675150 1.000000
-0.420649 -0.247253 2.692543 1.000000
0.363656 0.713545 2.582204 1.000000
-0.403959 -0.312992 2.708941 0.526442
0.422921 0.750333 2.584031 1.000000
-0.277894 -0.559613 2.787622 1.000000
-0.053666 -0.563454 2.779531 1.000000
-0.298388 -0.973411 2.906416 1.000000
-0.067897 -0.981649 2.882836 1.000000
-0.303571 -1.017749 2.751078 0.000000
-0.065481 -1.020482 2.725964 0.000000
-0.186599 0.603981 2.721335 0.730769
-0.378845 0.326326 2.779632 1.000000
-0.025744 0.334010 2.781276 1.000000
-0.196897 0.377775 2.667426 0.000000
-0.193899 0.194590 2.879725 0.000000
-0.371648 -0.025097 2.754220 1.000000
0.042314 -0.028994 2.750158 0.855769
-0.163333 -0.033738 2.894568 0.000000
-0.434603 0.044615 2.769020 1.000000
0.177542 0.498173 2.661663 1.000000
-0.417835 -0.244319 2.689981 1.000000
0.283702 0.759915 2.560505 1.000000
-0.394804 -0.310132 2.687289 0.543269
0.331464 0.810359 2.567087 1.000000
-0.279060 -0.558859 2.787659 1.000000
-0.049734 -0.560991 2.776353 1.000000
-0.296532 -0.973080 2.905457 1.000000
-0.068710 -0.977101 2.887049 1.000000
-0.301163 -1.017092 2.750009 0.000000
-0.063595 -1.018849 2.730993 0.000000
-0.180619 0.615400 2.717240 0.658654
-0.380054 0.324390 2.785381 1.000000
-0.028062 0.334575 2.778001 1.000000
-0.201339 0.373505 2.667098 0.000000
-0.191670 0.197222 2.884968 0.000000
-0.366728 -0.020763 2.755500 0.932692
0.046979 -0.033836 2.747037 0.942308
-0.157154 -0.033392 2.893655 0.000000
-0.431334 0.042152 2.769649 1.000000
0.158423 0.509827 2.647444 1.000000
-0.417082 -0.247268 2.692231 1.000000
0.174896 0.794744 2.555185 1.000000
-0.405255 -0.315908 2.696447 0.408654
0.200377 0.859351 2.561948 1.000000
-0.278908 -0.557350 2.784918 1.000000
-0.048117 -0.562886 2.778161 1.000000
-0.297001 -0.974762 2.890753 1.000000
-0.071344 -0.979702 2.885335 1.000000
-0.303492 -1.014188 2.734145 0.000000
-0.068240 -1.020106 2.728873 0.000000
-0.182147 0.621489 2.738050 0.567308
-0.381786 0.322796 2.791206 1.000000
-0.031896 0.333000 2.772723 1.000000
-0.206957 0.374936 2.668493 0.000000
-0.190412 0.192993 2.881236 0.000000
-0.364099 -0.021913 2.757719 0.817308
0.049395 -0.036518 2.743373 1.000000
-0.152578 -0.033922 2.892931 0.000000
-0.429177 0.040990 2.774849 1.000000
0.121597 0.529059 2.631553 1.000000
-0.413937 -0.247074 2.696838 1.000000
-0.005784 0.788171 2.554521 1.000000
-0.369713 -0.301025 2.698501 0.492788
-0.040989 0.847903 2.562381 1.000000
-0.275310 -0.558906 2.788556 1.000000
-0.050222 -0.564651 2.786354 1.000000
-0.295977 -0.974107 2.902319 1.000000
-0.066861 -0.984243 2.883442 1.000000
-0.304556 -1.016359 2.746551 0.000000
-0.068668 -1.020608 2.725971 0.000000
-0.175719 0.614399 2.720172 0.644231
-0.383047 0.325933 2.796348 1.000000
-0.034828 0.335437 2.769771 1.000000
-0.211036 0.378269 2.669796 0.000000
-0.189904 0.195298 2.881247 0.000000
-0.365345 -0.017904 2.768230 0.778846
0.047222 -0.034418 2.738039 1.000000
-0.148929 -0.032679 2.895167 0.000000
-0.426360 0.043646 2.774909 1.000000
0.088365 0.543455 2.616234 1.000000
-0.401479 -0.246082 2.705341 1.000000
-0.108675 0.761981 2.563106 1.000000
-0.384858 -0.313648 2.710598 0.711538
-0.160425 0.807695 2.573169 1.000000
-0.277301 -0.555963 2.786426 1.000000
-0.052760 -0.561694 2.786877 1.000000
-0.295124 -0.970487 2.903104 1.000000
-0.066704 -0.982263 2.880086 1.000000
-0.309908 -1.013505 2.748012 0.000000
-0.075269 -1.016915 2.722452 0.000000
-0.169371 0.609935 2.721867 0.769231
-0.393980 0.325840 2.806095 1.000000
-0.046053 0.345812 2.765379 1.000000
-0.228827 0.382626 2.672520 0.000000
-0.193713 0.201605 2.883789 0.000000
-0.366752 -0.014305 2.774806 0.615385
0.044329 -0.027849 2.727635 1.000000
-0.145119 -0.025639 2.892778 0.000000
-0.425308 0.043836 2.781213 1.000000
0.074230 0.541804 2.597315 1.000000
-0.399189 -0.243861 2.710692 1.000000
-0.164455 0.716533 2.566914 1.000000
-0.383010 -0.311267 2.702706 0.509615
-0.218633 0.755288 2.587697 1.000000
-0.276417 -0.552221 2.780768 1.000000
-0.051303 -0.555524 2.786369 1.000000
-0.295457 -0.964227 2.905869 1.000000
-0.063515 -0.976449 2.878204 1.000000
-0.315967 -1.009937 2.752205 0.000000
-0.078580 -1.010334 2.720891 0.000000
-0.144780 0.599219 2.721004 0.951923
-0.393475 0.331935 2.819946 1.000000
-0.047667 0.335577 2.766243 1.000000
-0.230908 0.382687 2.680883 0.000000
-0.196764 0.196912 2.888146 0.000000
-0.372732 -0.012623 2.780954 0.375000
0.037205 -0.022791 2.723998 1.000000
-0.148367 -0.025553 2.893475 0.000000
-0.430211 0.051649 2.786037 1.000000
0.058697 0.537378 2.595881 1.000000
-0.400576 -0.237618 2.724406 1.000000
-0.169473 0.725810 2.567881 1.000000
-0.392663 -0.304821 2.707369 0.677885
-0.225536 0.762124 2.588062 1.000000
-0.275440 -0.549735 2.784157 1.000000
-0.052566 -0.550958 2.783774 1.000000
-0.295017 -0.964264 2.900533 1.000000
-0.063889 -0.971449 2.877691 1.000000
-0.317896 -1.006508 2.746213 0.000000
-0.081931 -1.005997 2.720835 0.000000
-0.126728 0.583973 2.726828 0.605769
-0.391572 0.329093 2.813570 1.000000
-0.045839 0.321803 2.762836 1.000000
-0.226544 0.371955 2.674750 0.000000
-0.199284 0.190292 2.886626 0.000000
-0.376361 -0.019714 2.785707 0.125000
0.031734 -0.034447 2.717609 1.000000
-0.149115 -0.033821 2.892138 0.000000
-0.433980 0.049120 2.791179 1.000000
0.084131 0.522059 2.608920 1.000000
-0.406370 -0.238668 2.725148 1.000000
-0.103205 0.744511 2.550920 1.000000
-0.388952 -0.305595 2.715850 0.576923
-0.151997 0.793796 2.558628 1.000000
-0.273926 -0.558675 2.783369 1.000000
-0.050847 -0.559714 2.788518 1.000000
-0.297472 -0.971774 2.904016 1.000000
-0.066471 -0.981335 2.876567 1.000000
-0.322848 -1.015188 2.750412 0.000000
-0.088729 -1.013270 2.719699 0.000000
-0.164709 0.608037 2.715538 1.000000
-0.386680 0.323487 2.795282 1.000000
-0.036718 0.336802 2.765464 1.000000
-0.216345 0.374004 2.665758 0.000000
-0.191166 0.198195 2.882769 0.000000
-0.381547 -0.025892 2.781186 0.163462
0.028478 -0.029210 2.724052 0.951923
-0.156966 -0.036139 2.893550 0.000000
-0.437108 0.043956 2.794060 1.000000
0.119409 0.519357 2.613871 1.000000
-0.416178 -0.243292 2.723411 1.000000
-0.019128 0.771544 2.542109 1.000000
-0.404727 -0.311906 2.717933 0.543269
-0.049301 0.834383 2.545253 1.000000
-0.274838 -0.561274 2.783750 1.000000
-0.051481 -0.558297 2.786223 1.000000
-0.298554 -0.973902 2.905968 1.000000
-0.070326 -0.979262 2.876746 1.000000
-0.319670 -1.018293 2.752000 0.000000
-0.086784 -1.012359 2.719404 0.000000
-0.160077 0.607649 2.712200 0.826923
-0.382675 0.332289 2.774586 1.000000
-0.029849 0.330361 2.774313 1.000000
-0.200026 0.375261 2.659978 0.000000
-0.200822 0.198689 2.877826 0.000000
-0.379204 -0.018212 2.768081 0.615385
0.033556 -0.037303 2.742378 0.807692
-0.164459 -0.037995 2.897158 0.000000
-0.435115 0.053269 2.783468 1.000000
0.156013 0.490741 2.631435 1.000000
-0.424280 -0.236351 2.720678 1.000000
0.144518 0.772692 2.540271 1.000000
-0.411787 -0.302567 2.738801 0.812500
0.156835 0.841361 2.541662 1.000000
-0.280614 -0.557288 2.788337 1.000000
-0.053161 -0.563331 2.777668 1.000000
-0.298578 -0.972117 2.903901 1.000000
-0.071221 -0.980589 2.884118 1.000000
-0.310142 -1.014915 2.748475 0.000000
-0.073831 -1.020431 2.727503 0.000000
-0.169777 0.614309 2.720285 0.562500
-0.382840 0.330466 2.776366 1.000000
-0.027142 0.332868 2.772276 1.000000
-0.201973 0.377119 2.660380 0.000000
-0.198283 0.197794 2.875938 0.000000
-0.382170 -0.018395 2.755707 0.961538
0.031411 -0.036660 2.751997 0.903846
-0.174556 -0.037754 2.896025 0.000000
-0.442236 0.052390 2.781305 1.000000
0.193367 0.460879 2.646311 1.000000
-0.431757 -0.236019 2.711555 1.000000
0.260101 0.731873 2.545001 1.000000
-0.423942 -0.295182 2.747717 0.560096
0.287676 0.795905 2.547935 1.000000
-0.287384 -0.556556 2.787376 1.000000
-0.055475 -0.563177 2.778031 1.000000
-0.296193 -0.975152 2.889656 1.000000
-0.072142 -0.980412 2.884795 1.000000
-0.300457 -1.013417 2.732683 0.000000
-0.066457 -1.020666 2.728367 0.000000
-0.186746 0.619436 2.698788 0.548077
-0.381255 0.332587 2.772440 1.000000
-0.024011 0.329069 2.772717 1.000000
-0.198247 0.374253 2.657922 0.000000
-0.200146 0.198649 2.876546 0.000000
-0.382899 -0.020256 2.760043 0.798077
0.030399 -0.038561 2.744361 0.923077
-0.171259 -0.038525 2.894365 0.000000
-0.439749 0.052644 2.772388 1.000000
0.220748 0.432078 2.666548 1.000000
-0.431074 -0.237640 2.703048 1.000000
0.367048 0.667076 2.554655 1.000000
-0.420166 -0.306467 2.706634 0.745192
0.409055 0.722694 2.557989 1.000000
-0.288657 -0.558395 2.789790 1.000000
-0.056456 -0.564610 2.781025 1.000000
-0.293554 -0.975373 2.898721 1.000000
-0.070111 -0.983158 2.882969 1.000000
-0.302781 -1.016057 2.742573 0.000000
-0.070193 -1.021403 2.725934 0.000000
-0.182671 0.615504 2.731249 0.403846
-0.367862 0.329450 2.768008 1.000000
-0.004499 0.330332 2.776009 1.000000
-0.182966 0.371311 2.656636 0.000000
-0.187430 0.199617 2.878307 0.000000
-0.380987 -0.020663 2.741099 0.971154
0.031777 -0.040709 2.766004 0.740385
-0.183588 -0.039231 2.895554 0.000000
-0.439967 0.051411 2.766540 1.000000
0.269231 0.345429 2.690276 1.000000
-0.430377 -0.238523 2.690544 1.000000
0.489812 0.514009 2.576900 1.000000
-0.413481 -0.304767 2.704522 0.711538
0.555178 0.535967 2.566210 1.000000
-0.294332 -0.557290 2.796858 1.000000
-0.056620 -0.567336 2.777842 1.000000
-0.292366 -0.975452 2.901251 1.000000
-0.073866 -0.984480 2.884871 1.000000
-0.287146 -1.014556 2.744514 0.000000
-0.057287 -1.025079 2.729309 0.000000
-0.200240 0.619671 2.727018 0.384615
-0.368159 0.328873 2.772310 1.000000
-0.003332 0.319823 2.778981 1.000000
-0.182586 0.367002 2.660725 0.000000
-0.190921 0.192967 2.880449 0.000000
-0.380328 -0.025082 2.737428 0.807692
0.031914 -0.043467 2.770815 0.586538
-0.186059 -0.042490 2.895933 0.000000
-0.439797 0.051260 2.768557 1.000000
0.268939 0.253264 2.718539 1.000000
-0.423564 -0.236885 2.689057 1.000000
0.523269 0.343815 2.589202 1.000000
-0.411698 -0.303521 2.706025 0.644231
0.575920 0.370826 2.552224 0.442308
-0.294555 -0.560800 2.798575 1.000000
-0.056010 -0.570855 2.776363 1.000000
-0.291836 -0.979105 2.902377 1.000000
-0.074153 -0.986513 2.888881 1.000000
-0.283352 -1.017926 2.745713 0.000000
-0.053802 -1.029235 2.734339 0.000000
-0.199633 0.614434 2.717635 0.500000
-0.379343 0.329644 2.779227 1.000000
-0.014604 0.317702 2.772307 1.000000
-0.197802 0.365231 2.660405 0.000000
-0.199227 0.193318 2.881946 0.000000
-0.379732 -0.023985 2.752922 0.884615
0.033690 -0.045201 2.758262 0.807692
-0.175376 -0.044701 2.897756 0.000000
-0.439230 0.050141 2.768385 1.000000
0.227365 0.166949 2.748844 1.000000
-0.418148 -0.236716 2.688035 1.000000
0.488257 0.134886 2.607088 1.000000
-0.400661 -0.303106 2.675560 0.442308
0.543977 0.122226 2.567038 0.274038
-0.292985 -0.561502 2.797038 1.000000
-0.054984 -0.571133 2.778561 1.000000
-0.291088 -0.979211 2.903229 1.000000
-0.074047 -0.987771 2.887237 1.000000
-0.293555 -1.019039 2.746607 0.000000
-0.064606 -1.028899 2.731218 0.000000
-0.208200 0.606134 2.716781 0.543269
-0.383731 0.326394 2.780729 1.000000
-0.018961 0.318383 2.770538 1.000000
-0.203708 0.362298 2.659713 0.000000
-0.201158 0.193532 2.883650 0.000000
-0.384560 -0.028940 2.749763 0.288462
0.029093 -0.042008 2.760556 0.903846
-0.181749 -0.045176 2.897315 0.000000
-0.437953 0.046727 2.771384 1.000000
0.131058 0.076337 2.782751 1.000000
-0.418222 -0.240780 2.697225 1.000000
0.318943 -0.112709 2.650425 1.000000
-0.401132 -0.306359 2.713851 0.677885
0.343895 -0.174276 2.629071 0.812500
-0.288822 -0.564632 2.795272 1.000000
-0.052583 -0.569928 2.780425 1.000000
-0.292365 -0.981252 2.905618 1.000000
-0.073735 -0.986805 2.887794 1.000000
-0.291464 -1.022640 2.749384 0.000000
-0.061037 -1.027596 2.731917 0.000000
-0.209331 0.608034 2.716042 0.495192
-0.384757 0.327639 2.791675 1.000000
-0.020422 0.319450 2.771237 1.000000
-0.208016 0.367496 2.667110 0.000000
-0.199769 0.190981 2.884851 0.000000
-0.384160 -0.028985 2.764694 0.182692
0.029436 -0.039281 2.749570 1.000000
-0.172464 -0.045901 2.899104 0.000000
-0.437173 0.046849 2.780552 1.000000
0.083264 0.053868 2.791961 1.000000
-0.419686 -0.241611 2.706047 1.000000
0.177371 -0.211928 2.694176 1.000000
-0.400179 -0.305652 2.725727 0.677885
0.172810 -0.281354 2.688850 0.543269
-0.287772 -0.564434 2.795029 1.000000
-0.050368 -0.567326 2.781820 1.000000
-0.293389 -0.980572 2.907096 1.000000
-0.071406 -0.985506 2.884013 1.000000
-0.302113 -1.022429 2.751229 0.000000
-0.068994 -1.023985 2.727054 0.000000
-0.202695 0.610431 2.693437 0.538462
-0.383843 0.327076 2.788410 1.000000
-0.019500 0.312718 2.771892 1.000000
-0.205125 0.363887 2.665744 0.000000
-0.202206 0.187348 2.883600 0.000000
-0.392625 -0.037853 2.766277 0.125000
0.021019 -0.036068 2.749203 0.615385
-0.179894 -0.048385 2.899701 0.000000
-0.442227 0.046072 2.785085 1.000000
0.059949 0.037044 2.780562 1.000000
-0.415044 -0.243056 2.711184 1.000000
0.067040 -0.258012 2.728730 1.000000
-0.391497 -0.308637 2.714885 0.492788
0.042543 -0.321526 2.713403 0.879808
-0.287680 -0.570076 2.795524 1.000000
-0.048382 -0.566533 2.786392 1.000000
-0.293751 -0.987044 2.904435 1.000000
-0.071378 -0.986539 2.880345 1.000000
-0.301988 -1.027725 2.748231 0.000000
-0.068742 -1.021955 2.722670 0.000000
-0.180791 0.605663 2.712665 0.735577
