-0.299431 0.374175 2.675401 1.000000
0.057787 0.357647 2.692331 1.000000
-0.114251 0.411225 2.589458 0.000000
-0.132590 0.210888 2.780822 0.000000
-0.272167 -0.014957 2.640407 1.000000
0.008631 -0.012109 2.656085 1.000000
-0.138855 0.006315 2.771560 0.000000
-0.356890 0.113414 2.660361 1.000000
0.102621 0.094360 2.706255 1.000000
-0.356817 -0.173985 2.631820 1.000000
0.091025 -0.189666 2.655189 1.000000
-0.335488 -0.238820 2.630051 0.795673
0.070360 -0.250846 2.633018 0.778846
-0.295721 -0.576821 2.692297 1.000000
-0.025222 -0.586132 2.705962 1.000000
-0.342933 -0.993533 2.772620 1.000000
-0.050160 -1.011429 2.734768 1.000000
-0.344191 -1.025263 2.607266 0.000000
-0.035062 -1.023642 2.567516 0.000000
-0.099178 0.667833 2.566652 1.000000
-0.301930 0.371564 2.682247 1.000000
0.055932 0.362655 2.686700 1.000000
-0.120702 0.411975 2.589652 0.000000
-0.128070 0.212467 2.782612 0.000000
-0.269327 -0.009952 2.639679 1.000000
0.011504 -0.012887 2.654739 1.000000
-0.135333 0.007675 2.770679 0.000000
-0.354158 0.109716 2.662989 1.000000
0.098659 0.098717 2.699895 1.000000
-0.360632 -0.178213 2.637880 1.000000
0.084666 -0.185702 2.650036 1.000000
-0.340871 -0.242915 2.647089 0.745192
0.059264 -0.248582 2.642138 0.846154
-0.297957 -0.573084 2.691613 1.000000
-0.025238 -0.585229 2.705081 1.000000
-0.340273 -0.990648 2.770218 1.000000
-0.054422 -1.010207 2.734601 1.000000
-0.342690 -1.021557 2.604722 0.000000
-0.039269 -1.022863 2.567388 0.000000
-0.097606 0.669527 2.569094 1.000000
-0.298545 0.375249 2.684412 1.000000
0.059091 0.359599 2.680460 1.000000
-0.118885 0.410785 2.586892 0.000000
-0.125310 0.214423 2.783087 0.000000
-0.273470 -0.010660 2.642909 1.000000
0.007589 -0.011936 2.653196 1.000000
-0.137381 0.007347 2.771678 0.000000
-0.356949 0.114266 2.669877 1.000000
0.099517 0.095116 2.692681 1.000000
-0.360264 -0.173579 2.641721 1.000000
0.083446 -0.190082 2.647275 1.000000
-0.356565 -0.236246 2.668568 0.459135
0.056557 -0.252563 2.641382 0.812500
-0.302239 -0.572763 2.696640 1.000000
-0.027677 -0.584886 2.703966 1.000000
-0.342779 -0.991340 2.770665 1.000000
-0.054391 -1.010308 2.729108 1.000000
-0.347342 -1.020222 2.604848 0.000000
-0.042584 -1.020956 2.561485 0.000000
-0.099750 0.670282 2.567975 1.000000
-0.301586 0.372502 2.687223 1.000000
0.056153 0.359319 2.683673 1.000000
-0.122020 0.410405 2.590426 0.000000
-0.127419 0.211694 2.784272 0.000000
-0.272422 -0.009506 2.652290 1.000000
0.008694 -0.014977 2.645589 1.000000
-0.128569 0.005438 2.772742 0.000000
-0.357073 0.110757 2.672984 1.000000
0.099076 0.094840 2.684482 1.000000
-0.366295 -0.177291 2.647119 1.000000
0.093482 -0.192000 2.646837 1.000000
-0.345329 -0.241384 2.657801 0.677885
0.059494 -0.250495 2.637630 0.677885
-0.304633 -0.572609 2.694142 1.000000
-0.029450 -0.586849 2.703573 1.000000
-0.343128 -0.990109 2.775016 1.000000
-0.050536 -1.012242 2.733992 1.000000
-0.360602 -1.020403 2.610312 0.000000
-0.050324 -1.024262 2.566046 0.000000
-0.102774 0.666935 2.565166 1.000000
-0.303100 0.375768 2.693647 1.000000
0.054119 0.355150 2.682088 1.000000
-0.125023 0.409603 2.592681 0.000000
-0.130144 0.211713 2.787372 0.000000
-0.272242 -0.011019 2.648946 1.000000
0.008984 -0.013425 2.651731 1.000000
-0.132704 0.005467 2.774179 0.000000
-0.361000 0.114031 2.693549 1.000000
0.104248 0.091899 2.675401 1.000000
-0.366864 -0.171107 2.643895 1.000000
0.117096 -0.193771 2.630331 1.000000
-0.346331 -0.236155 2.640932 0.661058
0.070285 -0.241644 2.616969 0.862981
-0.307131 -0.571875 2.699740 1.000000
-0.037928 -0.587329 2.705426 1.000000
-0.345409 -0.991150 2.770961 1.000000
-0.050570 -1.013294 2.732323 1.000000
-0.355656 -1.018385 2.605119 0.000000
-0.046615 -1.024019 2.564337 0.000000
-0.105827 0.664595 2.564157 1.000000
-0.308557 0.377028 2.700159 1.000000
0.048128 0.353180 2.680894 1.000000
-0.132313 0.410225 2.595821 0.000000
-0.135262 0.210405 2.788577 0.000000
-0.267744 -0.007689 2.664482 1.000000
0.012864 -0.017095 2.647984 1.000000
-0.119668 0.001892 2.780274 0.000000
-0.362555 0.114542 2.691306 1.000000
0.114131 0.094130 2.660168 1.000000
-0.368159 -0.172604 2.654444 1.000000
0.169813 -0.176794 2.574476 1.000000
-0.349385 -0.238243 2.653654 0.795673
0.129860 -0.229572 2.557746 0.947115
-0.308060 -0.570227 2.707120 1.000000
-0.040939 -0.589953 2.701757 1.000000
-0.340947 -0.989741 2.779616 1.000000
-0.048588 -1.015545 2.735556 1.000000
-0.364613 -1.016325 2.615046 0.000000
-0.057119 -1.028705 2.567913 0.000000
-0.114570 0.667362 2.572623 1.000000
-0.311249 0.369977 2.705195 1.000000
0.045441 0.355569 2.678196 1.000000
-0.138375 0.406111 2.596295 0.000000
-0.131454 0.209781 2.792503 0.000000
-0.270238 -0.008104 2.666712 1.000000
0.009903 -0.019222 2.644376 1.000000
-0.119689 0.001885 2.779233 0.000000
-0.363068 0.107112 2.693484 1.000000
0.130807 0.105483 2.632481 1.000000
-0.375569 -0.179575 2.654371 1.000000
0.233301 -0.133178 2.504375 1.000000
-0.362267 -0.246539 2.655041 0.661058
0.233527 -0.191816 2.469401 0.812500
-0.306115 -0.572112 2.712496 1.000000
-0.043769 -0.590989 2.705777 1.000000
-0.339673 -0.992602 2.778763 1.000000
-0.047176 -1.017160 2.732164 1.000000
-0.364543 -1.016587 2.613971 0.000000
-0.060038 -1.027432 2.564595 0.000000
-0.115347 0.664005 2.571125 1.000000
-0.322624 0.367129 2.718415 1.000000
0.032656 0.359491 2.675034 1.000000
-0.155724 0.405622 2.601310 0.000000
-0.135803 0.211341 2.798667 0.000000
-0.274661 -0.005876 2.676961 1.000000
0.004244 -0.020134 2.643641 1.000000
-0.119763 0.000808 2.783675 0.000000
-0.373012 0.103872 2.707969 1.000000
0.142170 0.145524 2.555965 1.000000
-0.385150 -0.182283 2.664599 1.000000
0.310904 -0.030795 2.399909 1.000000
-0.364390 -0.246096 2.677192 0.795673
0.361255 -0.069494 2.374834 1.000000
-0.312608 -0.570684 2.719922 1.000000
-0.057183 -0.591872 2.704035 1.000000
-0.347834 -0.990421 2.789991 1.000000
-0.053164 -1.018162 2.728329 1.000000
-0.379449 -1.015067 2.626457 0.000000
-0.073462 -1.027863 2.561464 0.000000
-0.133533 0.665237 2.576201 1.000000
-0.327077 0.364945 2.727493 1.000000
0.025925 0.357099 2.668400 1.000000
-0.165661 0.401742 2.602428 0.000000
-0.136522 0.210765 2.801853 0.000000
-0.275888 -0.000854 2.687711 1.000000
0.001134 -0.025120 2.645621 1.000000
-0.117639 -0.000906 2.789609 0.000000
-0.374616 0.101446 2.710844 1.000000
0.135146 0.180815 2.498214 1.000000
-0.387834 -0.186180 2.678773 1.000000
0.303060 0.047864 2.303122 1.000000
-0.369278 -0.251273 2.669816 0.795673
0.357356 0.023114 2.269941 1.000000
-0.316400 -0.569715 2.722575 1.000000
-0.059478 -0.593651 2.703190 1.000000
-0.350540 -0.990880 2.784091 1.000000
-0.058480 -1.020069 2.725461 0.928606
-0.386634 -1.011781 2.620964 0.000000
-0.084102 -1.028808 2.559277 0.000000
-0.142825 0.667172 2.585220 1.000000
-0.330769 0.361102 2.734316 1.000000
0.020560 0.355965 2.665720 1.000000
-0.173152 0.398284 2.604604 0.009615
-0.136834 0.209320 2.804767 0.000000
-0.285037 0.000791 2.698394 1.000000
-0.009853 -0.025790 2.646733 1.000000
-0.123645 -0.004258 2.795104 0.000000
-0.377738 0.097745 2.713845 1.000000
0.093953 0.219294 2.446821 1.000000
-0.401238 -0.189437 2.683494 1.000000
0.218925 0.119079 2.205396 1.000000
-0.364430 -0.242188 2.660600 0.762019
0.259676 0.099624 2.154186 1.000000
-0.315755 -0.572599 2.719511 1.000000
-0.058930 -0.592523 2.707599 1.000000
-0.349775 -0.993650 2.781869 1.000000
-0.057963 -1.019015 2.728405 0.991106
-0.389845 -1.014436 2.619658 0.000000
-0.089322 -1.027146 2.563176 0.000000
-0.151025 0.665498 2.588725 1.000000
-0.334421 0.360201 2.737415 1.000000
0.016897 0.365073 2.668745 1.000000
-0.178021 0.400791 2.607253 0.000000
-0.135932 0.215183 2.809416 0.000000
-0.289660 -0.000475 2.701733 1.000000
-0.014229 -0.026543 2.651139 1.000000
-0.128775 -0.006971 2.799200 0.000000
-0.381359 0.097079 2.713732 1.000000
0.016177 0.275656 2.415760 0.169231
-0.397223 -0.190357 2.680653 1.000000
0.028340 0.188942 2.139539 1.000000
-0.371879 -0.240794 2.642242 0.509615
0.031539 0.169989 2.074025 0.000000
-0.312752 -0.575973 2.715223 1.000000
-0.052986 -0.592513 2.707151 1.000000
-0.349581 -0.995281 2.787012 1.000000
-0.055666 -1.019012 2.727664 1.000000
-0.388500 -1.019598 2.625011 0.000000
-0.085198 -1.026790 2.562082 0.000000
-0.154868 0.675544 2.608920 1.000000
-0.341786 0.363946 2.758182 1.000000
0.001154 0.362897 2.655446 1.000000
-0.198365 0.400633 2.612804 0.000000
-0.139114 0.217011 2.812463 0.000000
-0.292572 0.001298 2.717050 1.000000
-0.023432 -0.023830 2.639373 1.000000
-0.122890 -0.006015 2.798170 0.000000
-0.378190 0.105006 2.709650 1.000000
-0.049861 0.263030 2.414294 0.000000
-0.396513 -0.179988 2.679153 1.000000
-0.113685 0.256648 2.134342 1.000000
-0.367430 -0.235193 2.651438 0.694712
-0.120372 0.188740 2.132031 1.000000
-0.310578 -0.575444 2.717005 1.000000
-0.053808 -0.588871 2.711383 1.000000
-0.350928 -0.995080 2.784877 1.000000
-0.054600 -1.015555 2.727803 1.000000
-0.403961 -1.015614 2.626396 0.000000
-0.101476 -1.021687 2.566201 0.000000
-0.160645 0.676659 2.616197 1.000000
-0.326145 0.363294 2.772263 0.000000
-0.014645 0.348391 2.596452 1.000000
-0.219509 0.381243 2.595184 0.000000
-0.112968 0.223510 2.797324 0.000000
-0.285014 0.005167 2.736885 0.000000
-0.039310 -0.028740 2.604290 1.000000
-0.102038 -0.004052 2.780022 0.000000
-0.381853 0.111280 2.717658 1.000000
-0.108163 0.263709 2.364763 1.000000
-0.400717 -0.171082 2.684779 1.000000
-0.280407 0.251933 2.138140 1.000000
-0.374514 -0.224377 2.651094 0.846154
-0.324945 0.246979 2.086628 1.000000
-0.316271 -0.572237 2.720641 1.000000
-0.050270 -0.586754 2.715886 1.000000
-0.343188 -0.992836 2.789205 1.000000
-0.056171 -1.013630 2.724320 1.000000
-0.429151 -1.010754 2.645541 0.000000
-0.138386 -1.015396 2.577393 0.000000
-0.165177 0.680105 2.614517 1.000000
-0.366214 0.331761 2.773230 0.000000
-0.040832 0.370779 2.629118 0.865385
-0.247167 0.383444 2.611344 0.000000
-0.142029 0.211264 2.802110 0.000000
-0.296150 -0.005053 2.727033 0.461538
-0.036389 -0.031052 2.622392 1.000000
-0.118833 -0.008404 2.790070 0.000000
-0.384420 0.077241 2.718444 1.000000
-0.145733 0.283191 2.406773 1.000000
-0.391029 -0.202853 2.687794 1.000000
-0.349950 0.261351 2.213759 1.000000
-0.358813 -0.253936 2.655946 0.442308
-0.411377 0.268598 2.184849 1.000000
-0.318647 -0.580494 2.729058 1.000000
-0.054384 -0.594023 2.712417 1.000000
-0.339362 -1.002408 2.791418 1.000000
-0.061840 -1.020629 2.729171 1.000000
-0.410232 -1.021329 2.639861 0.000000
-0.124712 -1.025661 2.573056 0.000000
-0.165112 0.664563 2.611333 1.000000
-0.364107 0.348111 2.775381 0.000000
-0.037721 0.381066 2.632028 1.000000
-0.243716 0.398097 2.613956 0.000000
-0.142524 0.222849 2.804061 0.000000
-0.300571 0.005049 2.727445 0.548077
-0.041034 -0.018628 2.621704 1.000000
-0.123073 0.001185 2.789939 0.000000
-0.392917 0.091695 2.737184 1.000000
-0.144649 0.286609 2.413666 1.000000
-0.397016 -0.186644 2.694082 1.000000
-0.345236 0.268420 2.216735 1.000000
-0.381933 -0.253225 2.693041 0.661058
-0.405805 0.269307 2.185235 1.000000
-0.317950 -0.570724 2.733302 1.000000
-0.058977 -0.583057 2.705299 1.000000
-0.347858 -0.993872 2.782085 1.000000
-0.062785 -1.009453 2.727680 0.994231
-0.416775 -1.006650 2.628992 0.000000
-0.125885 -1.017074 2.571762 0.000000
-0.171190 0.673852 2.599466 1.000000
-0.360991 0.351821 2.784367 0.000000
-0.040666 0.380709 2.627136 0.884615
-0.247105 0.399182 2.617522 0.000000
-0.139343 0.225111 2.805080 0.000000
-0.296187 0.010106 2.732688 0.298077
-0.041516 -0.017606 2.616599 1.000000
-0.116513 0.001812 2.788135 0.000000
-0.394659 0.096565 2.743328 1.000000
-0.130396 0.291834 2.399050 1.000000
-0.408814 -0.181639 2.702413 1.000000
-0.304624 0.268998 2.179060 1.000000
-0.390889 -0.246277 2.715149 0.459135
-0.354338 0.262389 2.132731 1.000000
-0.320974 -0.566166 2.733723 1.000000
-0.063822 -0.581001 2.705570 1.000000
-0.346923 -0.989062 2.786772 1.000000
-0.064169 -1.007462 2.727026 1.000000
-0.422976 -1.003157 2.637214 0.000000
-0.134809 -1.015085 2.574375 0.000000
-0.175119 0.676941 2.607935 1.000000
-0.340082 0.361538 2.782116 0.000000
-0.033313 0.358710 2.597594 1.000000
-0.238728 0.387461 2.602936 0.000000
-0.123652 0.225317 2.796735 0.000000
-0.303303 0.004433 2.742883 0.000000
-0.060578 -0.027178 2.604367 1.000000
-0.119374 -0.004774 2.781756 0.000000
-0.405792 0.113091 2.755815 1.000000
-0.070721 0.279060 2.354711 0.861538
-0.421793 -0.163213 2.720753 1.000000
-0.169784 0.266962 2.094194 1.000000
-0.397955 -0.224473 2.702301 0.846154
-0.200076 0.269702 2.033067 1.000000
-0.328548 -0.573370 2.739592 1.000000
-0.074025 -0.587752 2.708386 1.000000
-0.357335 -0.997361 2.781208 1.000000
-0.060208 -1.013770 2.733819 1.000000
-0.445119 -1.005481 2.637757 0.000000
-0.145890 -1.025175 2.589324 0.000000
-0.172477 0.682637 2.620373 1.000000
-0.365278 0.351755 2.810318 1.000000
-0.070467 0.379226 2.609082 0.000000
-0.276496 0.395045 2.627851 0.000000
-0.140948 0.228289 2.803665 0.000000
-0.301021 0.003337 2.747515 0.000000
-0.064673 -0.031924 2.599198 1.000000
-0.115612 -0.006011 2.778530 0.000000
-0.409194 0.104776 2.754743 1.000000
-0.013731 0.176631 2.461598 0.000000
-0.422579 -0.170576 2.723265 1.000000
-0.018706 0.252526 2.194757 1.000000
-0.419864 -0.233204 2.750320 0.677885
-0.019893 0.270408 2.128875 0.000000
-0.333628 -0.574233 2.737193 1.000000
-0.079287 -0.591761 2.707199 1.000000
-0.357877 -0.998151 2.782308 1.000000
-0.060732 -1.017649 2.731795 1.000000
-0.452458 -1.007532 2.643324 0.000000
-0.152891 -1.029771 2.591403 0.000000
-0.184522 0.680190 2.624070 1.000000
-0.380698 0.341688 2.810722 1.000000
-0.072362 0.384667 2.633956 0.836538
-0.279264 0.399332 2.639144 0.000000
-0.155999 0.218714 2.810241 0.000000
-0.306952 0.004077 2.738547 0.115385
-0.060769 -0.027640 2.606298 1.000000
-0.123911 -0.002744 2.781852 0.000000
-0.412906 0.094974 2.751865 1.000000
-0.014873 0.280865 2.407485 0.430769
-0.420703 -0.179418 2.722146 1.000000
0.074814 0.256997 2.147444 1.000000
-0.407606 -0.245664 2.712069 0.610577
0.096157 0.266977 2.083362 1.000000
-0.338266 -0.571616 2.741734 1.000000
-0.080919 -0.589617 2.704388 1.000000
-0.350376 -0.996408 2.783374 1.000000
-0.065000 -1.014913 2.739021 1.000000
-0.437869 -1.007970 2.639982 0.000000
-0.146183 -1.029902 2.592273 0.000000
-0.181489 0.663512 2.604430 1.000000
-0.382679 0.337195 2.798996 1.000000
-0.072119 0.377587 2.625545 1.000000
-0.279170 0.390897 2.627379 0.000000
-0.157164 0.215876 2.805069 0.000000
-0.308832 -0.002802 2.738325 0.038462
-0.060431 -0.033509 2.610046 1.000000
-0.126483 -0.008880 2.784564 0.000000
-0.411626 0.085339 2.753191 1.000000
0.056310 0.279304 2.425012 1.000000
-0.419810 -0.191407 2.725912 1.000000
0.212447 0.235098 2.199032 1.000000
-0.431511 -0.233256 2.778575 0.274038
0.260037 0.237377 2.150129 1.000000
-0.338490 -0.577668 2.753148 1.000000
-0.090222 -0.596814 2.709797 1.000000
-0.353880 -1.003113 2.786150 1.000000
-0.060009 -1.021856 2.737284 1.000000
-0.438352 -1.011337 2.640730 0.000000
-0.139556 -1.037057 2.589665 0.000000
-0.194550 0.665403 2.606572 1.000000
-0.362241 0.366230 2.777352 1.000000
-0.031736 0.374149 2.639993 1.000000
-0.234627 0.412988 2.620576 0.000000
-0.154909 0.217705 2.801133 0.000000
-0.329530 0.002652 2.733160 0.759615
-0.070060 -0.020721 2.627185 1.000000
-0.151951 -0.000626 2.795458 0.000000
-0.423191 0.113932 2.777564 1.000000
0.080049 0.263344 2.433606 1.000000
-0.421917 -0.162143 2.729106 1.000000
0.262706 0.218519 2.225773 1.000000
-0.422234 -0.227493 2.748874 0.879808
0.318018 0.222757 2.185971 1.000000
-0.339507 -0.573308 2.755216 1.000000
-0.095049 -0.586702 2.706678 1.000000
-0.348058 -0.999179 2.785059 1.000000
-0.057291 -1.010878 2.737950 1.000000
-0.417775 -1.008499 2.632079 0.000000
-0.122150 -1.028037 2.583519 0.000000
-0.195642 0.674866 2.599487 1.000000
-0.365981 0.369463 2.771745 1.000000
-0.029958 0.369697 2.648245 1.000000
-0.231055 0.412309 2.620056 0.000000
-0.162807 0.217144 2.805377 0.000000
-0.337119 0.006554 2.727874 1.000000
-0.073634 -0.017875 2.632581 1.000000
-0.162411 -0.000045 2.797586 0.000000
-0.427190 0.115500 2.772323 1.000000
0.075887 0.258497 2.436879 1.000000
-0.436918 -0.164713 2.741107 1.000000
0.257717 0.208087 2.227153 1.000000
-0.436920 -0.222549 2.777392 0.661058
0.313967 0.216388 2.189357 1.000000
-0.338482 -0.571784 2.748836 1.000000
-0.088574 -0.581875 2.701249 1.000000
-0.361089 -0.996918 2.781685 1.000000
-0.061815 -1.005856 2.744297 1.000000
-0.421519 -1.005828 2.624781 0.000000
-0.118281 -1.025402 2.586881 0.000000
-0.193696 0.675104 2.600385 1.000000
-0.357923 0.379718 2.754338 1.000000
-0.014799 0.358743 2.654390 1.000000
-0.211457 0.407881 2.610099 0.000000
-0.164517 0.221397 2.810378 0.000000
-0.330724 0.007757 2.726153 1.000000
-0.065332 -0.022521 2.638109 1.000000
-0.158282 -0.003768 2.800696 0.000000
-0.422963 0.125342 2.751043 1.000000
0.043935 0.259348 2.418553 1.000000
-0.439356 -0.156764 2.727460 1.000000
0.182439 0.215975 2.174946 1.000000
-0.433099 -0.219227 2.754308 0.576923
0.223352 0.211360 2.120481 1.000000
-0.336778 -0.573147 2.729452 1.000000
-0.078137 -0.582910 2.708927 1.000000
-0.353871 -0.994882 2.794077 1.000000
-0.065298 -1.008744 2.737735 1.000000
-0.412539 -1.016461 2.637737 0.000000
-0.118219 -1.021120 2.578373 0.000000
-0.191003 0.680951 2.606652 1.000000
-0.358551 0.373261 2.748171 1.000000
-0.011619 0.356944 2.661360 1.000000
-0.207338 0.401655 2.608963 0.000000
-0.164563 0.219544 2.814138 0.000000
-0.327597 0.003318 2.724777 1.000000
-0.058348 -0.024593 2.648438 1.000000
-0.158492 -0.006749 2.806801 0.000000
-0.417679 0.116356 2.742359 1.000000
0.003754 0.265827 2.414396 0.584615
-0.438563 -0.166462 2.716575 1.000000
0.087171 0.234028 2.143992 1.000000
-0.435074 -0.226240 2.749378 0.593750
0.112667 0.232205 2.080681 1.000000
-0.333315 -0.576806 2.728486 1.000000
-0.074065 -0.587149 2.701377 1.000000
-0.353851 -0.998350 2.793354 1.000000
-0.061064 -1.012488 2.736681 1.000000
-0.405712 -1.020243 2.634668 0.000000
-0.104452 -1.027262 2.574664 0.000000
-0.185658 0.676595 2.602253 1.000000
-0.371801 0.368895 2.778324 1.000000
-0.040043 0.372723 2.643841 1.000000
-0.243269 0.407076 2.619982 0.000000
-0.162572 0.225470 2.813886 0.000000
-0.326548 0.003056 2.735859 0.913462
-0.065685 -0.023435 2.634124 1.000000
-0.150273 -0.005397 2.801293 0.000000
-0.413270 0.113049 2.725163 1.000000
-0.009858 0.153468 2.498860 0.000000
-0.437479 -0.170757 2.702627 1.000000
0.008776 0.221256 2.221918 0.711538
-0.416095 -0.235574 2.700877 0.745192
-0.000167 0.209058 2.155338 0.274038
-0.334513 -0.576426 2.730471 1.000000
-0.070992 -0.584428 2.711132 1.000000
-0.353996 -0.998962 2.788889 1.000000
-0.062732 -1.010485 2.738274 1.000000
-0.420526 -1.017131 2.635286 0.000000
-0.123378 -1.021642 2.581596 0.000000
-0.182193 0.677535 2.606700 1.000000
-0.347503 0.344965 2.774381 0.000000
-0.028808 0.343762 2.611298 1.000000
-0.234125 0.372459 2.602801 0.009615
-0.132497 0.208628 2.802608 0.000000
-0.315137 -0.005342 2.741945 0.240385
-0.063544 -0.040990 2.621397 1.000000
-0.134404 -0.014347 2.793719 0.000000
-0.418542 0.094357 2.729965 1.000000
-0.049902 0.254188 2.363598 0.846154
-0.420105 -0.185453 2.673988 1.000000
-0.156755 0.231777 2.099951 1.000000
-0.427023 -0.244558 2.707459 0.425481
-0.187581 0.227433 2.039185 0.778846
-0.334453 -0.585310 2.737721 1.000000
-0.065928 -0.597792 2.714453 1.000000
-0.348993 -1.009433 2.785024 1.000000
-0.064955 -1.024334 2.734206 1.000000
-0.427419 -1.023290 2.636675 0.000000
-0.138529 -1.031507 2.582926 0.000000
-0.179425 0.665221 2.612187 1.000000
-0.359142 0.330002 2.772945 0.000000
-0.034140 0.341235 2.623239 1.000000
-0.239665 0.364504 2.606856 0.000000
-0.141708 0.198973 2.807095 0.000000
-0.317613 -0.017338 2.736470 0.423077
-0.060363 -0.044148 2.625993 1.000000
-0.138839 -0.019590 2.795299 0.000000
-0.404889 0.079390 2.710615 1.000000
-0.070182 0.251961 2.379281 0.861538
-0.409717 -0.202128 2.679916 1.000000
-0.203715 0.222685 2.131228 1.000000
-0.368329 -0.254612 2.665990 0.509615
-0.240764 0.215521 2.074328 1.000000
-0.330839 -0.594730 2.739395 1.000000
-0.067826 -0.605303 2.717608 1.000000
-0.351404 -1.018516 2.787471 1.000000
-0.061439 -1.031839 2.736469 1.000000
-0.423486 -1.032211 2.635923 0.000000
-0.128680 -1.039662 2.582301 0.000000
-0.169977 0.650412 2.606291 1.000000
-0.352273 0.321261 2.777129 0.000000
-0.030272 0.331251 2.620989 1.000000
-0.235834 0.356816 2.609116 0.000000
-0.135563 0.187589 2.805073 0.000000
-0.310928 -0.025285 2.740043 0.375000
-0.056279 -0.053278 2.623975 1.000000
-0.130920 -0.028284 2.794943 0.000000
-0.408750 0.072985 2.722147 1.000000
-0.077122 0.245471 2.379534 0.830769
-0.402444 -0.204826 2.678406 1.000000
-0.221053 0.218517 2.139348 1.000000
-0.377014 -0.267138 2.666910 0.391827
-0.261520 0.211781 2.084772 1.000000
-0.332884 -0.601426 2.739985 1.000000
-0.063942 -0.614145 2.717854 1.000000
-0.356532 -1.024414 2.793382 1.000000
-0.064266 -1.040811 2.734734 0.962981
-0.432861 -1.039003 2.644013 0.000000
-0.134663 -1.046804 2.581899 0.000000
-0.166073 0.638642 2.603894 1.000000
-0.357126 0.320758 2.764231 0.000000
-0.023704 0.333257 2.634471 1.000000
-0.227716 0.358772 2.606565 0.000000
-0.143054 0.186935 2.807552 0.000000
-0.316126 -0.031821 2.726810 0.903846
-0.052927 -0.054611 2.630327 1.000000
-0.140699 -0.029911 2.794985 0.000000
-0.401615 0.069376 2.726002 1.000000
-0.051858 0.234688 2.397563 0.707692
-0.396897 -0.207011 2.689979 1.000000
-0.168679 0.183259 2.149737 1.000000
-0.363618 -0.259232 2.661221 0.492788
-0.204731 0.174411 2.092434 1.000000
-0.332572 -0.606355 2.738156 1.000000
-0.067037 -0.618247 2.716729 1.000000
-0.350478 -1.029513 2.792426 1.000000
-0.060420 -1.044887 2.732961 1.000000
-0.416197 -1.046494 2.638339 0.000000
-0.118879 -1.051796 2.575212 0.000000
-0.172867 0.641634 2.607307 1.000000
-0.330341 0.387035 2.756551 1.000000
0.003223 0.334228 2.637764 1.000000
-0.190212 0.401367 2.604207 0.000000
-0.149592 0.211495 2.802677 0.000000
-0.319735 -0.006648 2.723005 0.923077
-0.054032 -0.032457 2.634476 1.000000
-0.146678 -0.010915 2.796891 0.000000
-0.407152 0.142040 2.757844 1.000000
-0.019879 0.208744 2.414953 0.876923
-0.411885 -0.129127 2.700149 1.000000
-0.107317 0.133241 2.162889 1.000000
-0.417875 -0.196854 2.693931 0.997596
-0.135769 0.117790 2.102779 1.000000
-0.325752 -0.585316 2.730598 1.000000
-0.066147 -0.594803 2.709036 1.000000
-0.353493 -1.006705 2.793775 1.000000
-0.058702 -1.020814 2.737120 1.000000
-0.411921 -1.026350 2.637089 0.000000
-0.111085 -1.032251 2.577510 0.000000
-0.168115 0.671409 2.595581 1.000000
-0.340713 0.376856 2.762392 1.000000
-0.000317 0.363219 2.652352 1.000000
-0.198261 0.413772 2.616121 0.000000
-0.145321 0.216618 2.804320 0.000000
-0.311656 0.006890 2.717700 1.000000
-0.045024 -0.025311 2.634203 1.000000
-0.139923 0.001401 2.794535 0.000000
-0.401349 0.125715 2.744599 1.000000
-0.005278 0.190354 2.459587 1.000000
-0.410084 -0.151171 2.706252 1.000000
-0.028988 0.064005 2.211220 1.000000
-0.408515 -0.219400 2.708233 0.879808
-0.047151 0.037727 2.150877 1.000000
-0.321736 -0.572862 2.729331 1.000000
-0.063095 -0.586112 2.703759 1.000000
-0.353500 -0.995189 2.783742 1.000000
-0.064518 -1.011859 2.736423 1.000000
-0.408453 -1.011453 2.625420 0.000000
-0.112466 -1.024046 2.575480 0.000000
-0.165333 0.674161 2.596838 1.000000
-0.339394 0.371744 2.747974 1.000000
0.009094 0.360841 2.666724 1.000000
-0.185338 0.411264 2.614724 0.000000
-0.147488 0.211556 2.803868 0.000000
-0.308802 0.003106 2.706063 1.000000
-0.036599 -0.029923 2.643484 1.000000
-0.143608 -0.003393 2.796033 0.000000
-0.396372 0.116565 2.742261 1.000000
0.039595 0.137585 2.533976 1.000000
-0.411350 -0.164706 2.721605 1.000000
0.069402 -0.056586 2.331065 1.000000
-0.414198 -0.219163 2.762689 0.492788
0.061878 -0.098859 2.277980 1.000000
-0.318929 -0.576896 2.724481 1.000000
-0.060492 -0.591108 2.700312 1.000000
-0.351230 -0.998083 2.786826 1.000000
-0.058532 -1.016723 2.734624 1.000000
-0.394402 -1.018669 2.625387 0.000000
-0.093177 -1.030122 2.570398 0.000000
-0.166403 0.673980 2.602541 1.000000
-0.335898 0.373787 2.744467 1.000000
0.013695 0.362083 2.668233 1.000000
-0.179640 0.414529 2.614183 0.000000
-0.145790 0.211546 2.800579 0.000000
-0.298646 0.006518 2.699065 1.000000
-0.025888 -0.028455 2.640060 1.000000
-0.134594 -0.000175 2.791087 0.000000
-0.392209 0.117065 2.742721 1.000000
0.065001 0.114479 2.596540 1.000000
-0.407456 -0.165158 2.716640 1.000000
0.123699 -0.131752 2.468135 1.000000
-0.397307 -0.232525 2.721145 0.610577
0.123507 -0.189104 2.431090 0.762019
-0.316403 -0.572483 2.720682 1.000000
-0.056547 -0.589490 2.701620 1.000000
-0.348358 -0.993054 2.787225 1.000000
-0.060158 -1.015501 2.730450 1.000000
-0.390724 -1.015375 2.625803 0.000000
-0.093671 -1.026359 2.565801 0.000000
-0.164616 0.670300 2.589801 1.000000
-0.331800 0.370677 2.733821 1.000000
0.020169 0.361404 2.669048 1.000000
-0.171828 0.410989 2.607986 0.000000
-0.142011 0.211315 2.798597 0.000000
-0.299061 0.003567 2.692884 1.000000
-0.023884 -0.026385 2.643062 1.000000
-0.138032 0.000508 2.790280 0.000000
-0.383842 0.111982 2.731394 1.000000
0.075018 0.103775 2.653032 1.000000
-0.405937 -0.171778 2.717067 1.000000
0.130166 -0.171568 2.604478 1.000000
-0.389497 -0.236499 2.702839 0.543269
0.128201 -0.236681 2.584030 0.694712
-0.311172 -0.574706 2.715790 1.000000
-0.050916 -0.588994 2.697915 1.000000
-0.349960 -0.992371 2.795668 1.000000
-0.065434 -1.014586 2.729378 1.000000
-0.386921 -1.019910 2.633725 0.000000
-0.090330 -1.026018 2.563246 0.000000
-0.156429 0.670812 2.587977 1.000000
-0.322751 0.369198 2.719436 1.000000
0.032264 0.358693 2.674515 1.000000
-0.155960 0.407464 2.602103 0.000000
-0.137107 0.210722 2.797112 0.000000
-0.283659 0.000821 2.683794 1.000000
-0.006301 -0.031215 2.649911 1.000000
-0.128237 -0.000433 2.789947 0.000000
-0.374724 0.109234 2.720730 1.000000
0.086216 0.104066 2.724898 1.000000
-0.393470 -0.175691 2.699911 1.000000
0.079019 -0.182142 2.724740 1.000000
-0.382191 -0.240820 2.717017 0.661058
0.055980 -0.243762 2.706469 0.879808
-0.307706 -0.575425 2.710012 1.000000
-0.042140 -0.593691 2.701647 1.000000
-0.343886 -0.994057 2.785957 1.000000
-0.060782 -1.018910 2.735859 1.000000
-0.373659 -1.021143 2.622463 0.000000
-0.075686 -1.031711 2.568635 0.000000
-0.147721 0.669450 2.584983 1.000000
-0.319716 0.370613 2.712208 1.000000
0.036967 0.364612 2.682120 1.000000
-0.148637 0.411779 2.602263 0.000000
-0.135596 0.213679 2.796371 0.000000
-0.278097 -0.001483 2.665979 1.000000
0.001930 -0.022233 2.649987 1.000000
-0.129651 0.006814 2.781396 0.000000
-0.368717 0.111396 2.712727 1.000000
0.088172 0.111133 2.734284 1.000000
-0.387816 -0.171957 2.690165 1.000000
0.074875 -0.172461 2.757957 1.000000
-0.371204 -0.235823 2.707682 0.610577
0.077605 -0.240504 2.762894 0.021635
-0.297900 -0.573554 2.708277 1.000000
-0.037215 -0.588926 2.701035 1.000000
-0.342481 -0.990301 2.789905 1.000000
-0.057071 -1.013999 2.736360 1.000000
-0.361172 -1.020538 2.625325 0.000000
-0.061400 -1.027738 2.568602 0.000000
-0.135509 0.673997 2.589183 1.000000
-0.316394 0.373126 2.701818 1.000000
0.041300 0.365608 2.689054 1.000000
-0.140086 0.411581 2.599410 0.000000
-0.137081 0.217502 2.797944 0.000000
-0.272082 -0.003582 2.665219 1.000000
0.008447 -0.019347 2.652693 1.000000
-0.125232 0.007633 2.782416 0.000000
-0.364303 0.114768 2.699755 1.000000
0.091937 0.112041 2.735831 1.000000
-0.376412 -0.167066 2.668949 1.000000
0.090489 -0.171060 2.755267 1.000000
-0.378295 -0.234993 2.662325 0.593750
0.057583 -0.220028 2.720902 0.290865
-0.294159 -0.573455 2.701205 1.000000
-0.036977 -0.588502 2.705501 1.000000
-0.339757 -0.988305 2.791482 1.000000
-0.055145 -1.013907 2.737589 1.000000
-0.358705 -1.021889 2.627582 0.000000
-0.058992 -1.026405 2.569723 0.000000
-0.126138 0.676031 2.587084 1.000000
