-0.372821 0.349298 2.796753 1.000000
0.024106 0.372276 2.649454 1.000000
-0.215811 0.443368 2.624281 0.000000
-0.142743 0.230524 2.787974 0.000000
-0.341688 0.060954 2.712309 0.000000
-0.017954 0.079579 2.594518 0.961538
-0.134413 0.045506 2.774297 0.000000
-0.407761 0.070022 2.717434 1.000000
0.068146 0.083224 2.645404 1.000000
-0.411136 -0.242319 2.654324 1.000000
0.059435 -0.235328 2.644796 1.000000
-0.383910 -0.320117 2.656237 1.000000
0.028591 -0.311461 2.651860 0.711538
-0.289170 -0.520223 2.694402 1.000000
-0.039801 -0.503439 2.683074 1.000000
-0.267708 -0.964756 2.802539 0.556731
-0.174288 -0.938611 2.731056 0.375481
-0.347378 -1.016375 2.606154 0.000000
-0.194713 -0.956165 2.514600 0.000000
-0.185382 0.660402 2.596410 1.000000
-0.371974 0.347697 2.799507 1.000000
0.024560 0.373493 2.651617 1.000000
-0.215244 0.445832 2.629057 0.000000
-0.142239 0.228603 2.786914 0.000000
-0.343760 0.062368 2.711941 0.000000
-0.021944 0.101305 2.593860 0.451923
-0.135558 0.051255 2.771710 0.000000
-0.408631 0.068359 2.722465 1.000000
0.059545 0.083553 2.647101 1.000000
-0.406270 -0.242113 2.652329 1.000000
0.065066 -0.234662 2.642023 1.000000
-0.380981 -0.320413 2.657514 1.000000
0.024175 -0.305716 2.650778 0.694712
-0.285001 -0.510228 2.692691 1.000000
-0.013515 -0.472009 2.713507 1.000000
-0.184135 -0.949076 2.776373 0.712981
-0.172322 -0.888905 2.817153 1.000000
-0.276949 -1.006425 2.587494 0.000000
-0.141359 -0.952033 2.610671 0.000000
-0.189560 0.658591 2.604224 1.000000
-0.375991 0.343768 2.794058 1.000000
0.023385 0.372942 2.654691 1.000000
-0.216627 0.442542 2.626444 0.000000
-0.144777 0.227092 2.787241 0.000000
-0.340698 0.063417 2.701600 0.000000
-0.009732 0.077970 2.605295 0.701923
-0.138238 0.040535 2.775966 0.000000
-0.408873 0.061199 2.726430 1.000000
0.067020 0.084038 2.643274 1.000000
-0.404419 -0.249835 2.657283 1.000000
0.059268 -0.234504 2.639508 1.000000
-0.381388 -0.327111 2.674469 0.829327
0.027864 -0.309364 2.653898 0.762019
-0.288178 -0.516913 2.694247 1.000000
-0.039331 -0.504240 2.677948 1.000000
-0.244928 -0.959745 2.802843 0.612981
-0.185786 -0.898763 2.858685 0.922356
-0.314546 -1.015368 2.603750 0.000000
-0.163865 -0.995824 2.664579 0.000000
-0.188218 0.660403 2.600905 1.000000
-0.375666 0.346788 2.797212 1.000000
0.022053 0.371517 2.652353 1.000000
-0.218174 0.440790 2.625143 0.000000
-0.144730 0.229542 2.790725 0.000000
-0.342500 0.060338 2.710942 0.000000
-0.016531 0.078234 2.599370 0.519231
-0.136521 0.042245 2.776432 0.000000
-0.409113 0.064834 2.725935 1.000000
0.066884 0.082309 2.645543 1.000000
-0.407251 -0.245738 2.653007 1.000000
0.058296 -0.236567 2.640929 1.000000
-0.384315 -0.323374 2.668627 0.795673
0.031484 -0.312936 2.656621 0.829327
-0.288426 -0.520446 2.695937 1.000000
-0.044178 -0.506061 2.676976 1.000000
-0.274549 -0.963982 2.809285 0.519231
-0.196967 -0.892215 2.870120 0.359856
-0.349294 -1.016911 2.611320 0.000000
-0.174809 -0.996235 2.679680 0.000000
-0.189651 0.662424 2.599496 1.000000
-0.373662 0.340099 2.796270 1.000000
0.022969 0.368757 2.649169 1.000000
-0.217827 0.436904 2.624246 0.000000
-0.142092 0.224297 2.787032 0.000000
-0.338982 0.056575 2.714887 0.000000
-0.016738 0.072340 2.592675 0.798077
-0.131032 0.038948 2.773964 0.000000
-0.405878 0.058258 2.723385 1.000000
0.071633 0.080003 2.643059 1.000000
-0.400974 -0.252443 2.650432 1.000000
0.060116 -0.238978 2.642685 1.000000
-0.383846 -0.330531 2.670588 0.728365
0.025275 -0.313682 2.644327 0.677885
-0.289527 -0.525361 2.694497 1.000000
-0.047295 -0.511219 2.680805 1.000000
-0.222985 -0.965048 2.804093 0.716106
-0.115433 -0.924659 2.865708 0.775481
-0.312041 -1.025792 2.614468 0.000000
-0.150891 -1.007630 2.667120 0.000000
-0.189320 0.659911 2.599837 1.000000
-0.376204 0.336838 2.788926 1.000000
0.024614 0.371644 2.655100 1.000000
-0.216431 0.434902 2.621283 0.000000
-0.142311 0.225419 2.788795 0.000000
-0.335399 0.055303 2.708668 0.000000
-0.009490 0.072707 2.596838 0.653846
-0.129343 0.039957 2.774620 0.000000
-0.409579 0.052036 2.724747 1.000000
0.072010 0.081991 2.640948 1.000000
-0.399070 -0.258367 2.646730 1.000000
0.073540 -0.238037 2.629678 1.000000
-0.375790 -0.330405 2.679379 0.846154
0.063721 -0.318137 2.612797 1.000000
-0.290080 -0.525319 2.695799 1.000000
-0.050439 -0.513572 2.680694 1.000000
-0.292710 -0.967802 2.813977 0.706731
-0.082380 -0.935057 2.857029 0.100481
-0.367913 -1.020217 2.616049 0.000000
-0.127449 -1.014511 2.658953 0.000000
-0.187274 0.662834 2.609590 1.000000
-0.374949 0.344156 2.796463 1.000000
0.023820 0.369203 2.654576 1.000000
-0.216283 0.438128 2.625459 0.000000
-0.143820 0.227201 2.791880 0.000000
-0.347059 0.054821 2.697954 0.000000
-0.016080 0.078508 2.603522 0.634615
-0.144570 0.045590 2.775135 0.000000
-0.411040 0.059892 2.722867 1.000000
0.074659 0.078144 2.639562 1.000000
-0.410739 -0.253323 2.646420 1.000000
0.126388 -0.230709 2.562869 1.000000
-0.379461 -0.326581 2.667689 0.846154
0.146075 -0.307725 2.540996 1.000000
-0.290670 -0.524346 2.697015 1.000000
-0.052229 -0.510052 2.682675 1.000000
-0.294400 -0.969768 2.803550 0.584856
-0.081846 -0.933395 2.854916 0.094231
-0.357270 -1.017856 2.600293 0.000000
-0.116244 -1.012501 2.654572 0.000000
-0.188942 0.660970 2.607260 1.000000
-0.374620 0.346766 2.791877 1.000000
0.027656 0.367746 2.659550 1.000000
-0.211152 0.438148 2.624021 0.000000
-0.144319 0.228117 2.793895 0.000000
-0.344727 0.058909 2.700033 0.000000
-0.018101 0.103837 2.598438 1.000000
-0.139644 0.051305 2.770227 0.000000
-0.411659 0.060933 2.720418 1.000000
0.102940 0.083968 2.615044 1.000000
-0.410607 -0.255303 2.651729 1.000000
0.195943 -0.193290 2.476469 1.000000
-0.371732 -0.327564 2.659755 0.980769
0.229022 -0.252413 2.429484 1.000000
-0.284825 -0.510149 2.695247 1.000000
-0.036274 -0.482805 2.688778 1.000000
-0.322914 -0.962290 2.757555 0.781731
-0.148916 -0.926418 2.705603 0.806731
-0.385016 -0.985692 2.549771 0.000000
-0.170040 -0.929287 2.488522 0.000000
-0.191798 0.662275 2.609809 1.000000
-0.373219 0.344223 2.786785 1.000000
0.030136 0.371279 2.658921 1.000000
-0.209880 0.434329 2.618116 0.000000
-0.140036 0.231669 2.795563 0.000000
-0.330554 0.057310 2.709915 0.000000
-0.006021 0.078484 2.594784 1.000000
-0.123793 0.036128 2.771927 0.000000
-0.413738 0.058122 2.719918 1.000000
0.135383 0.103567 2.586669 1.000000
-0.410489 -0.257179 2.648870 1.000000
0.240877 -0.130036 2.389760 1.000000
-0.368009 -0.327707 2.653178 0.997596
0.293198 -0.142084 2.327192 0.778846
-0.293270 -0.518340 2.700308 1.000000
-0.052935 -0.504309 2.690110 1.000000
-0.298193 -0.968027 2.787035 0.769231
-0.212955 -0.933445 2.690572 0.516106
-0.374553 -1.005913 2.586255 0.000000
-0.223708 -0.929670 2.472745 0.000000
-0.187766 0.666090 2.611691 1.000000
-0.369726 0.342200 2.784863 1.000000
0.035921 0.367969 2.664187 1.000000
-0.203268 0.430771 2.618444 0.000000
-0.136810 0.229622 2.798887 0.000000
-0.332580 0.065622 2.695904 0.038462
-0.002177 0.065391 2.596611 1.000000
-0.130462 0.036902 2.769167 0.000000
-0.414102 0.056636 2.720696 1.000000
0.148123 0.144008 2.506433 1.000000
-0.417057 -0.257739 2.648330 1.000000
0.288088 -0.012050 2.261213 1.000000
-0.372086 -0.326781 2.645457 0.762019
0.335836 -0.026754 2.195629 0.812500
-0.293269 -0.517621 2.700252 1.000000
-0.053611 -0.511812 2.691947 1.000000
-0.304649 -0.965600 2.794853 0.822356
-0.221108 -0.938084 2.693029 0.625481
-0.370704 -1.006944 2.591124 0.000000
-0.214691 -0.941159 2.475020 0.000000
-0.190986 0.666622 2.626690 1.000000
-0.366445 0.347058 2.791951 1.000000
0.037546 0.364988 2.664492 1.000000
-0.200861 0.433923 2.623772 0.000000
-0.136025 0.228927 2.800436 0.000000
-0.326734 0.063281 2.692182 0.134615
0.004364 0.079744 2.596639 1.000000
-0.124369 0.039208 2.766430 0.000000
-0.411391 0.064605 2.719873 1.000000
0.130791 0.178090 2.456239 1.000000
-0.428208 -0.251188 2.662331 1.000000
0.269006 0.055356 2.193271 1.000000
-0.386960 -0.322122 2.654302 0.862981
0.311430 0.049122 2.122853 0.930288
-0.296298 -0.510844 2.700315 1.000000
-0.064355 -0.502947 2.688782 1.000000
-0.310576 -0.958811 2.794580 0.691106
-0.022362 -0.953543 2.759236 0.172356
-0.374491 -0.999802 2.590097 0.000000
-0.080766 -0.991311 2.552497 0.000000
-0.189968 0.667891 2.629243 1.000000
-0.353684 0.341964 2.809030 1.000000
0.037292 0.359565 2.645924 1.000000
-0.203266 0.430705 2.628068 0.000000
-0.124374 0.222251 2.794681 0.000000
-0.316104 0.065767 2.713633 0.000000
0.000084 0.067044 2.575615 1.000000
-0.106886 0.034377 2.761449 0.000000
-0.409773 0.066834 2.729676 1.000000
0.093053 0.218900 2.396438 1.000000
-0.420160 -0.244747 2.667032 1.000000
0.183949 0.122110 2.107501 1.000000
-0.403354 -0.325301 2.672129 0.812500
0.194565 0.143607 2.028617 0.896635
-0.308576 -0.513793 2.697219 1.000000
-0.062394 -0.508693 2.691111 1.000000
-0.236658 -0.950917 2.813472 1.000000
-0.032244 -0.961238 2.754818 0.128606
-0.345570 -1.016021 2.636051 0.000000
-0.118382 -0.994789 2.557250 0.000000
-0.189385 0.664843 2.643471 1.000000
-0.334497 0.348171 2.789386 1.000000
0.065217 0.358671 2.648337 0.000000
-0.172980 0.432640 2.616107 0.000000
-0.106377 0.225365 2.789422 0.000000
-0.312651 0.073038 2.695896 0.211538
0.010230 0.051817 2.576218 1.000000
-0.107925 0.036401 2.757452 0.000000
-0.408778 0.070989 2.736030 1.000000
0.044028 0.249669 2.378403 0.553846
-0.421702 -0.241273 2.676821 1.000000
0.102196 0.128367 2.090162 0.826923
-0.391383 -0.313706 2.651689 0.879808
0.071171 0.170957 2.026751 0.593750
-0.296909 -0.515032 2.700494 1.000000
-0.060535 -0.520076 2.687052 1.000000
-0.301978 -0.960052 2.808640 0.619231
-0.048856 -0.972553 2.756999 0.166106
-0.384932 -1.006797 2.612395 0.000000
-0.126110 -1.005662 2.555718 0.000000
-0.190934 0.667948 2.634659 1.000000
-0.347546 0.344166 2.838344 0.971154
0.014968 0.373615 2.620416 1.000000
-0.229511 0.431016 2.633960 0.000000
-0.115818 0.236041 2.796736 0.000000
-0.319923 0.056825 2.739629 0.000000
-0.030992 0.075874 2.552064 1.000000
-0.103982 0.041937 2.753471 0.000000
-0.408797 0.075890 2.739708 1.000000
0.030893 0.110566 2.493909 0.323077
-0.418934 -0.238145 2.687117 1.000000
0.016601 0.178956 2.183095 0.471154
-0.398993 -0.311835 2.655980 0.879808
0.000686 0.167789 2.102974 1.000000
-0.296400 -0.523285 2.696852 1.000000
-0.056960 -0.504685 2.683455 1.000000
-0.310877 -0.969514 2.798997 0.631731
-0.067195 -0.957237 2.753140 0.462981
-0.432373 -1.006182 2.621591 0.000000
-0.179708 -0.983188 2.568083 0.000000
-0.198224 0.669637 2.661101 0.966346
-0.335137 0.332031 2.867822 0.000000
-0.001845 0.407452 2.616816 1.000000
-0.247022 0.443030 2.660065 0.000000
-0.101824 0.247003 2.793960 0.000000
-0.309842 0.057723 2.749503 0.000000
-0.037936 0.088445 2.539389 1.000000
-0.093470 0.043615 2.744206 0.000000
-0.405626 0.081589 2.737169 0.800000
-0.007396 0.243853 2.376058 0.353846
-0.411507 -0.232744 2.694454 1.000000
-0.146363 0.213481 2.092456 1.000000
-0.398916 -0.309697 2.667676 1.000000
-0.187507 0.214600 2.021019 1.000000
-0.295390 -0.517003 2.696192 1.000000
-0.053798 -0.492390 2.674661 1.000000
-0.319025 -0.960944 2.806291 0.762981
-0.068823 -0.944281 2.747686 0.250481
-0.454281 -0.995318 2.638653 0.000000
-0.195748 -0.968459 2.571947 0.000000
-0.197856 0.670546 2.659140 0.860577
-0.319852 0.304893 2.888197 0.000000
-0.013764 0.404312 2.612151 1.000000
-0.253473 0.433386 2.682452 0.000000
-0.094849 0.228876 2.784683 0.000000
-0.297910 0.050755 2.759320 0.000000
-0.049073 0.090128 2.523620 1.000000
-0.082978 0.040568 2.732038 0.000000
-0.404185 0.062795 2.751698 0.661539
-0.065906 0.266182 2.362038 1.000000
-0.413867 -0.247268 2.688843 1.000000
-0.259073 0.213721 2.116848 1.000000
-0.403011 -0.323854 2.660310 0.762019
-0.306480 0.217276 2.049488 1.000000
-0.297474 -0.520081 2.696815 1.000000
-0.052250 -0.490194 2.671075 1.000000
-0.288377 -0.966644 2.798121 0.825481
-0.113322 -0.936759 2.752396 0.647356
-0.442697 -1.003731 2.648494 0.000000
-0.253037 -0.948085 2.585273 0.000000
-0.190677 0.659657 2.646454 1.000000
-0.297109 0.310108 2.896454 0.000000
-0.008504 0.404407 2.600496 1.000000
-0.240347 0.442399 2.690237 0.000000
-0.084818 0.227116 2.773309 0.000000
-0.288137 0.053944 2.766844 0.000000
-0.055707 0.096375 2.515446 1.000000
-0.075622 0.043286 2.724799 0.000000
-0.397235 0.074816 2.760060 0.430769
-0.107774 0.259501 2.369978 1.000000
-0.422428 -0.232983 2.693908 1.000000
-0.341843 0.210927 2.163573 1.000000
-0.398506 -0.311741 2.698639 1.000000
-0.403418 0.220155 2.109529 1.000000
-0.297207 -0.515190 2.697048 1.000000
-0.050922 -0.483953 2.662560 1.000000
-0.279858 -0.962052 2.795930 1.000000
-0.083291 -0.934721 2.736885 1.000000
-0.444463 -0.999037 2.657669 0.000000
-0.239059 -0.948608 2.584826 0.000000
-0.186484 0.660566 2.640700 1.000000
-0.298275 0.308124 2.894509 0.000000
-0.010136 0.393783 2.595487 1.000000
-0.242723 0.432365 2.683024 0.000000
-0.084535 0.222912 2.775453 0.000000
-0.295857 0.044648 2.764846 0.000000
-0.063953 0.103296 2.516237 1.000000
-0.083112 0.040155 2.722852 0.000000
-0.389595 0.068759 2.760808 0.353846
-0.156630 0.258009 2.386642 1.000000
-0.415725 -0.240717 2.708625 1.000000
-0.430664 0.207739 2.239812 1.000000
-0.395113 -0.319188 2.723282 0.644231
-0.510594 0.214371 2.220716 1.000000
-0.298533 -0.516988 2.706200 1.000000
-0.046701 -0.477812 2.658818 1.000000
-0.259650 -0.966225 2.786440 0.716106
-0.093766 -0.927471 2.731996 0.859856
-0.425749 -1.004892 2.650446 0.000000
-0.247332 -0.936564 2.577357 0.000000
-0.180536 0.655246 2.628380 1.000000
-0.285531 0.327476 2.904756 0.336538
-0.014739 0.388216 2.584198 1.000000
-0.244131 0.429512 2.678653 0.000000
-0.074873 0.235887 2.784946 0.000000
-0.283760 0.060719 2.774190 0.000000
-0.079425 0.114039 2.501374 1.000000
-0.076549 0.055817 2.710289 0.000000
-0.388196 0.081293 2.794206 0.000000
-0.180178 0.251085 2.391700 1.000000
-0.426158 -0.229812 2.766230 0.000000
-0.470255 0.209290 2.277873 1.000000
-0.423468 -0.309882 2.785697 0.000000
-0.551161 0.216768 2.263883 1.000000
-0.316300 -0.500671 2.711592 1.000000
-0.063690 -0.468395 2.652979 1.000000
-0.247841 -0.953525 2.711034 1.000000
-0.132760 -0.913672 2.734961 0.556731
-0.438903 -0.982284 2.609808 0.000000
-0.305505 -0.911394 2.601797 0.000000
-0.174408 0.667562 2.643150 1.000000
-0.271017 0.303650 2.910624 0.086538
-0.038494 0.355192 2.559835 1.000000
-0.259743 0.389302 2.674436 0.000000
-0.067255 0.216248 2.776601 0.000000
-0.283665 0.024779 2.780318 0.000000
-0.092319 0.077407 2.498109 1.000000
-0.078638 0.033733 2.710122 0.158654
-0.368551 0.043022 2.833635 0.000000
-0.226954 0.235764 2.379221 1.000000
-0.395072 -0.270515 2.832389 0.000000
-0.527574 0.204574 2.298481 1.000000
-0.387808 -0.349214 2.855863 0.000000
-0.599010 0.209385 2.339360 0.728365
-0.298760 -0.543244 2.704411 1.000000
-0.052034 -0.505119 2.662359 1.000000
-0.278044 -0.992348 2.791821 0.631731
-0.156472 -0.942770 2.747904 0.487981
-0.462613 -1.022702 2.679610 0.000000
-0.329824 -0.927099 2.616442 0.000000
-0.171517 0.655373 2.642429 1.000000
-0.266080 0.287927 2.911443 0.009615
-0.034429 0.341276 2.560349 1.000000
-0.257476 0.368379 2.673323 0.000000
-0.058089 0.206373 2.780261 0.000000
-0.266364 0.025543 2.779204 0.000000
-0.076152 0.037102 2.491610 1.000000
-0.065337 -0.005647 2.703976 0.519231
-0.353329 0.021454 2.842546 0.000000
-0.232679 0.238675 2.380346 1.000000
-0.371501 -0.292630 2.848145 0.000000
-0.533111 0.212838 2.298289 1.000000
-0.362875 -0.370915 2.872526 0.000000
-0.607699 0.215869 2.333287 0.694712
-0.299793 -0.553073 2.707911 1.000000
-0.049276 -0.524135 2.672961 1.000000
-0.271663 -1.000005 2.803959 0.631731
-0.106354 -0.963678 2.788324 0.375481
-0.455370 -1.035651 2.691890 0.000000
-0.274116 -0.978280 2.649684 0.000000
-0.169985 0.644386 2.643478 1.000000
-0.257879 0.278728 2.902957 0.432692
-0.019158 0.344278 2.558731 1.000000
-0.243135 0.371738 2.669763 0.000000
-0.050212 0.198355 2.770539 0.000000
-0.257876 0.044645 2.772908 0.000000
-0.063540 0.014069 2.489494 1.000000
-0.058901 -0.008822 2.705129 0.576923
-0.353095 0.018963 2.820355 0.000000
-0.218454 0.242425 2.379891 1.000000
-0.385436 -0.293779 2.807843 0.000000
-0.514638 0.215512 2.284873 1.000000
-0.381331 -0.373864 2.826997 0.000000
-0.595812 0.225031 2.295709 0.745192
-0.304633 -0.546092 2.700276 1.000000
-0.053730 -0.536980 2.675000 1.000000
-0.252978 -0.988101 2.808555 0.666106
-0.064720 -0.966566 2.833427 0.666106
-0.431864 -1.037124 2.693773 0.000000
-0.234675 -1.010026 2.703792 0.000000
-0.168081 0.640647 2.638663 1.000000
-0.293729 0.284567 2.868373 0.730769
-0.010153 0.341498 2.558342 1.000000
-0.246793 0.372712 2.637558 0.110577
-0.070862 0.200127 2.766785 0.086538
-0.287220 0.019488 2.766127 0.000000
-0.054938 0.017265 2.511048 1.000000
-0.076029 -0.008469 2.725377 0.115385
-0.381914 0.023770 2.781335 0.000000
-0.192984 0.251478 2.355924 1.000000
-0.422264 -0.288035 2.768715 0.000000
-0.471267 0.219143 2.216291 1.000000
-0.424012 -0.368181 2.787976 0.000000
-0.547823 0.235498 2.190424 0.947115
-0.297416 -0.566584 2.706256 1.000000
-0.051706 -0.548220 2.685026 1.000000
-0.299641 -1.017330 2.787418 0.328606
-0.052318 -0.977700 2.844119 0.116106
-0.463326 -1.042096 2.645387 0.000000
-0.200988 -1.032957 2.694377 0.000000
-0.165013 0.650683 2.638733 1.000000
-0.303550 0.309501 2.880088 0.000000
-0.022658 0.359999 2.566518 1.000000
-0.257684 0.396032 2.648448 0.000000
-0.083591 0.220454 2.776123 0.000000
-0.291102 0.065765 2.761911 0.000000
-0.063884 0.033796 2.504278 1.000000
-0.079764 0.039963 2.720504 0.000000
-0.394237 0.058713 2.764579 0.384615
-0.164772 0.259779 2.335183 1.000000
-0.414139 -0.254715 2.723634 1.000000
-0.423562 0.231186 2.157186 1.000000
-0.395141 -0.334457 2.732442 0.644231
-0.488713 0.242993 2.108060 1.000000
-0.334353 -0.523781 2.644943 1.000000
-0.058672 -0.530879 2.676728 1.000000
-0.158898 -0.913597 2.809329 1.000000
-0.065954 -0.959262 2.838590 0.434856
-0.306103 -1.027722 2.695817 0.000000
-0.217857 -1.012325 2.691321 0.000000
-0.172638 0.662664 2.637006 1.000000
-0.298939 0.292510 2.891277 0.000000
-0.018565 0.384934 2.586936 0.894231
-0.251757 0.414363 2.676397 0.000000
-0.082680 0.214890 2.771582 0.000000
-0.288390 0.041647 2.766991 0.000000
-0.062462 0.055738 2.506639 1.000000
-0.076206 0.036881 2.722276 0.000000
-0.401473 0.050674 2.759905 0.569231
-0.113227 0.276496 2.332064 1.000000
-0.418838 -0.263581 2.701736 1.000000
-0.338481 0.240261 2.109122 1.000000
-0.391318 -0.341244 2.698813 0.459135
-0.395288 0.249493 2.050086 1.000000
-0.302111 -0.540203 2.685052 1.000000
-0.051401 -0.521736 2.675468 1.000000
-0.074323 -0.861631 2.918634 1.000000
-0.083892 -0.954983 2.820402 0.553606
-0.205283 -1.014927 2.835398 0.000000
-0.236415 -0.994045 2.669440 0.000000
-0.173355 0.655441 2.641910 1.000000
-0.307736 0.309286 2.879407 0.000000
-0.024280 0.394162 2.575722 0.692308
-0.258861 0.424378 2.661203 0.000000
-0.089268 0.229748 2.765101 0.000000
-0.284178 0.049298 2.768898 0.000000
-0.054049 0.071769 2.512849 1.000000
-0.071498 0.041971 2.726979 0.000000
-0.411005 0.059689 2.762232 0.692308
-0.057915 0.291785 2.302572 0.892308
-0.404755 -0.254428 2.697025 1.000000
-0.218177 0.255148 2.028025 1.000000
-0.414290 -0.336291 2.694800 0.526442
-0.254211 0.266316 1.954716 0.913462
-0.304161 -0.528060 2.689991 1.000000
-0.051774 -0.506159 2.681529 1.000000
-0.171374 -0.903791 2.915730 1.000000
-0.119926 -0.936024 2.824132 0.441106
-0.316858 -1.022131 2.804336 0.000000
-0.267359 -0.965098 2.666029 0.000000
-0.186467 0.672722 2.648315 1.000000
-0.306049 0.308066 2.869611 0.000000
-0.021664 0.403747 2.570034 0.000000
-0.261279 0.413602 2.645768 0.000000
-0.076056 0.245683 2.767967 0.000000
-0.278309 0.054013 2.761313 0.000000
-0.041434 0.066906 2.510816 1.000000
-0.065550 0.034540 2.723924 0.000000
-0.407926 0.063373 2.743748 0.923077
0.006314 0.285188 2.303889 0.800000
-0.419208 -0.251554 2.689493 1.000000
-0.113794 0.257077 2.009727 1.000000
-0.406909 -0.327825 2.660704 0.560096
-0.134660 0.269647 1.930961 0.610577
-0.294766 -0.526217 2.692225 1.000000
-0.049587 -0.505687 2.681239 1.000000
-0.340859 -0.929728 2.903927 0.969231
-0.172125 -0.920418 2.832059 0.466106
-0.484662 -0.992744 2.752506 0.000000
-0.293574 -0.949566 2.653233 0.000000
-0.194828 0.677410 2.660284 0.865385
-0.316641 0.355139 2.838881 1.000000
0.008645 0.385629 2.568631 0.000000
-0.235309 0.428257 2.612415 0.000000
-0.085210 0.258491 2.773929 0.000000
-0.293584 0.052831 2.757719 0.000000
-0.039931 0.078625 2.525297 1.000000
-0.078126 0.041443 2.735542 0.000000
-0.403789 0.093733 2.740753 1.000000
0.094404 0.295796 2.304525 0.000000
-0.429353 -0.221784 2.703255 1.000000
-0.012300 0.237486 2.010633 1.000000
-0.411677 -0.299496 2.682142 0.896635
-0.040613 0.222245 1.934715 0.000000
-0.297504 -0.523467 2.695045 1.000000
-0.051613 -0.499895 2.682508 1.000000
-0.284105 -0.958679 2.837084 0.456731
-0.140846 -0.925029 2.827636 0.647356
-0.433615 -1.012097 2.687512 0.000000
-0.264457 -0.959308 2.651217 0.000000
-0.194674 0.696812 2.666468 0.418269
-0.324350 0.354837 2.789022 1.000000
0.048192 0.383321 2.588580 0.000000
-0.198893 0.430014 2.584433 0.000000
-0.086246 0.254732 2.768889 0.000000
-0.300883 0.075837 2.719561 0.000000
0.002370 0.063810 2.555494 1.000000
-0.089173 0.040467 2.750734 0.000000
-0.416298 0.081529 2.741459 1.000000
0.074294 0.302744 2.309418 0.246154
-0.430391 -0.232939 2.692956 1.000000
0.157533 0.240427 2.008981 1.000000
-0.418076 -0.301889 2.649463 0.711538
0.158098 0.263846 1.929933 0.829327
-0.294753 -0.510220 2.695359 1.000000
-0.052306 -0.506293 2.689510 1.000000
-0.297034 -0.955461 2.802687 0.966106
-0.211896 -0.906869 2.843893 0.622356
-0.407169 -0.999049 2.619524 0.000000
-0.254255 -0.968915 2.639114 0.000000
-0.179646 0.697184 2.653852 0.490385
-0.336174 0.356497 2.775562 1.000000
0.062816 0.361619 2.632188 0.961538
-0.175864 0.432852 2.597466 0.000000
-0.107502 0.234828 2.780632 0.000000
-0.313901 0.074040 2.698801 0.000000
0.008808 0.050926 2.579011 1.000000
-0.109429 0.035787 2.760215 0.000000
-0.420770 0.078793 2.734380 1.000000
0.113139 0.293132 2.352013 1.000000
-0.428865 -0.236045 2.680385 1.000000
0.227777 0.248083 2.057675 1.000000
-0.418453 -0.305259 2.636814 0.694712
0.257834 0.257936 1.981538 0.846154
-0.296385 -0.515777 2.695375 1.000000
-0.054145 -0.518079 2.694961 1.000000
-0.282582 -0.960754 2.802934 0.734856
-0.158272 -0.937122 2.847687 0.000000
-0.367609 -1.010437 2.608305 0.000000
-0.204112 -0.999999 2.643913 0.000000
-0.179807 0.680322 2.653546 0.884615
-0.336531 0.358254 2.757285 1.000000
0.072742 0.352584 2.646654 1.000000
-0.160326 0.430320 2.592949 0.000000
-0.112403 0.230393 2.780484 0.000000
-0.320009 0.079280 2.686661 0.250000
0.008205 0.076432 2.580396 1.000000
-0.116556 0.049793 2.755807 0.000000
-0.416251 0.076153 2.724286 1.000000
0.148427 0.276112 2.372346 1.000000
-0.427436 -0.240091 2.667541 1.000000
0.295641 0.238271 2.089489 1.000000
-0.413461 -0.315179 2.636495 0.829327
0.340041 0.240308 2.020049 0.694712
-0.291165 -0.503322 2.693439 1.000000
-0.040277 -0.486152 2.728998 1.000000
-0.259319 -0.948038 2.798213 0.822356
-0.159792 -0.903962 2.873620 1.000000
-0.337200 -1.000028 2.601210 0.000000
-0.188054 -0.967446 2.666860 0.000000
-0.175628 0.674425 2.651921 1.000000
-0.355753 0.353742 2.760737 1.000000
0.052156 0.348516 2.645158 1.000000
-0.181899 0.424585 2.593394 0.000000
-0.130786 0.227145 2.782713 0.000000
-0.315293 0.073047 2.687920 0.000000
0.013864 0.045200 2.588397 1.000000
-0.114556 0.039954 2.763110 0.000000
-0.416793 0.068534 2.716744 1.000000
0.187615 0.244415 2.405013 1.000000
-0.424153 -0.244389 2.643563 1.000000
0.354146 0.197171 2.134479 1.000000
-0.405224 -0.324385 2.637260 0.812500
0.401145 0.205955 2.067313 0.644231
-0.297372 -0.519430 2.692814 1.000000
-0.056087 -0.525869 2.698015 1.000000
-0.266790 -0.960951 2.810663 0.503606
-0.111768 -0.940298 2.884865 0.053606
-0.343872 -1.018540 2.614907 0.000000
-0.155056 -1.023307 2.687852 0.000000
-0.177182 0.673988 2.643283 1.000000
-0.361039 0.356635 2.758998 1.000000
0.048216 0.345454 2.648720 1.000000
-0.184266 0.423618 2.593129 0.000000
-0.137851 0.227722 2.785243 0.000000
-0.317926 0.070354 2.680223 0.567308
0.018170 0.047857 2.605671 1.000000
-0.122572 0.043832 2.770653 0.000000
-0.418993 0.072769 2.711706 1.000000
0.200228 0.217050 2.433175 1.000000
-0.417831 -0.239903 2.644028 1.000000
0.372635 0.155134 2.171174 1.000000
-0.410192 -0.313994 2.608680 0.745192
0.419895 0.156056 2.103624 0.543269
-0.296189 -0.521045 2.692980 1.000000
-0.052692 -0.528574 2.695605 1.000000
-0.292851 -0.963551 2.811054 0.812981
-0.111803 -0.941880 2.883882 0.100481
-0.351296 -1.018141 2.608119 0.000000
-0.136236 -1.028831 2.685335 0.000000
-0.182087 0.673720 2.624702 1.000000
-0.369892 0.347572 2.765403 1.000000
0.041481 0.355629 2.663015 1.000000
-0.191736 0.433415 2.610034 0.000000
-0.144209 0.221758 2.784331 0.000000
-0.328342 0.065810 2.682672 0.480769
0.005836 0.066291 2.596940 1.000000
-0.129046 0.043190 2.765216 0.000000
-0.418406 0.065606 2.704894 1.000000
0.191841 0.185858 2.478643 1.000000
-0.427799 -0.245137 2.634764 1.000000
0.356487 0.111364 2.216356 1.000000
-0.401757 -0.321517 2.617873 0.778846
0.399708 0.095010 2.148078 0.677885
-0.295583 -0.517157 2.695372 1.000000
-0.054481 -0.512239 2.699228 1.000000
-0.292555 -0.963260 2.799040 0.781731
-0.147638 -0.958313 2.653359 0.497356
-0.353926 -1.011034 2.595251 0.000000
-0.177515 -0.930046 2.439147 0.000000
-0.186766 0.667695 2.616959 1.000000
-0.375406 0.354434 2.766593 1.000000
0.035137 0.362607 2.660937 1.000000
-0.198873 0.438190 2.608263 0.000000
-0.148939 0.230143 2.786195 0.000000
-0.338455 0.066974 2.681827 0.250000
-0.005220 0.068746 2.592517 1.000000
-0.138081 0.048316 2.762735 0.000000
-0.417177 0.073627 2.698525 1.000000
0.167534 0.136501 2.532459 1.000000
-0.416333 -0.236915 2.629344 1.000000
0.319810 -0.000080 2.288949 1.000000
-0.402083 -0.307116 2.588526 0.947115
0.353623 -0.028213 2.219216 0.425481
-0.293224 -0.518077 2.692846 1.000000
-0.051495 -0.509879 2.696131 1.000000
-0.286717 -0.961071 2.808944 0.691106
-0.164592 -0.952621 2.665273 0.419231
-0.349180 -1.014910 2.607008 0.000000
-0.184939 -0.932354 2.449047 0.000000
-0.187174 0.671165 2.607877 1.000000
-0.377255 0.354317 2.772714 1.000000
0.030754 0.368703 2.658267 1.000000
-0.205209 0.442192 2.611698 0.000000
-0.148994 0.232466 2.785743 0.000000
-0.331896 0.077163 2.696123 0.000000
-0.003237 0.073265 2.591277 1.000000
-0.129016 0.044815 2.765673 0.000000
-0.415009 0.073898 2.701764 1.000000
0.143532 0.113429 2.573694 1.000000
-0.418035 -0.235465 2.628652 1.000000
0.277436 -0.084699 2.364391 1.000000
-0.393391 -0.313673 2.637232 0.947115
0.310548 -0.125677 2.300973 0.593750
-0.297558 -0.507611 2.688915 1.000000
-0.052101 -0.500258 2.694409 1.000000
-0.237621 -0.950382 2.789539 0.703606
-0.218870 -0.925985 2.667776 0.234856
-0.318628 -1.005629 2.594695 0.000000
-0.206085 -0.917381 2.450196 0.000000
-0.189358 0.667763 2.616815 1.000000
-0.375050 0.353340 2.783917 1.000000
0.028710 0.368138 2.655328 1.000000
-0.207748 0.446576 2.620929 0.000000
-0.148170 0.228262 2.782875 0.000000
-0.339095 0.067837 2.700708 0.000000
-0.013436 0.081813 2.587679 1.000000
-0.133250 0.042296 2.764107 0.000000
-0.413003 0.075969 2.698844 1.000000
0.115287 0.096396 2.590311 1.000000
-0.419479 -0.235710 2.631823 1.000000
0.235994 -0.167062 2.457489 1.000000
-0.385383 -0.310729 2.629174 0.846154
0.259189 -0.224104 2.402665 0.980769
-0.296837 -0.510877 2.691224 1.000000
-0.045470 -0.495047 2.688202 1.000000
-0.250957 -0.952476 2.803692 0.991106
-0.235972 -0.911387 2.676608 0.787981
-0.332393 -1.010322 2.609783 0.000000
-0.187162 -0.927818 2.464650 0.000000
-0.191534 0.661926 2.609261 1.000000
-0.373750 0.352311 2.797480 1.000000
0.022087 0.362236 2.645854 1.000000
-0.214214 0.446291 2.627292 0.000000
-0.150077 0.222742 2.780097 0.000000
-0.348326 0.056487 2.701789 0.000000
-0.026252 0.086319 2.581773 0.846154
-0.140159 0.042457 2.761064 0.000000
-0.418013 0.073708 2.710818 1.000000
0.074693 0.073833 2.612520 1.000000
-0.416883 -0.239803 2.639125 1.000000
0.134765 -0.238246 2.563654 1.000000
-0.384889 -0.314997 2.628189 1.000000
0.145138 -0.319382 2.553320 1.000000
-0.292667 -0.518873 2.690608 1.000000
-0.040425 -0.494678 2.682332 1.000000
-0.266206 -0.959326 2.813348 0.506731
-0.272132 -0.889550 2.694664 0.794231
-0.346711 -1.018219 2.619366 0.000000
-0.154409 -0.963873 2.526748 0.000000
-0.188576 0.661717 2.605104 1.000000
-0.373990 0.347677 2.785076 1.000000
0.026716 0.359166 2.646950 1.000000
-0.209928 0.439176 2.617865 0.000000
-0.148087 0.220979 2.779119 0.000000
-0.353310 0.056282 2.691431 0.000000
-0.025622 0.080337 2.586232 0.567308
-0.148340 0.041297 2.760760 0.000000
-0.415697 0.065104 2.707773 1.000000
0.054532 0.064800 2.636477 1.000000
-0.415873 -0.251029 2.644110 1.000000
0.068052 -0.256937 2.620280 1.000000
-0.374594 -0.322151 2.638187 0.862981
0.068339 -0.339375 2.619153 1.000000
-0.291772 -0.521268 2.691369 1.000000
-0.031404 -0.498212 2.681808 1.000000
-0.275750 -0.961462 2.816813 0.572356
-0.273799 -0.886514 2.697004 0.959856
-0.345284 -1.020460 2.618665 0.000000
-0.128820 -0.982179 2.565065 0.000000
-0.190532 0.658269 2.596775 1.000000
-0.377547 0.346871 2.790667 1.000000
0.021426 0.365919 2.648420 1.000000
-0.216478 0.443552 2.623462 0.000000
-0.150209 0.223098 2.779812 0.000000
-0.351941 0.058138 2.693566 0.000000
-0.024707 0.078889 2.586271 0.567308
-0.146682 0.042429 2.761875 0.000000
-0.414580 0.065970 2.709710 1.000000
0.057460 0.073653 2.638909 1.000000
-0.419640 -0.249069 2.647674 1.000000
0.048181 -0.247250 2.633213 1.000000
-0.377934 -0.319975 2.642162 0.913462
0.008795 -0.318393 2.646809 0.576923
-0.289445 -0.521158 2.691813 1.000000
-0.034549 -0.500503 2.679310 1.000000
-0.306777 -0.962023 2.814701 0.641106
-0.308965 -0.866708 2.698109 0.850481
-0.374746 -1.015191 2.614372 0.000000
-0.149494 -0.990452 2.615435 0.000000
-0.186054 0.656816 2.593589 1.000000
-0.377645 0.344003 2.795565 1.000000
0.019274 0.370241 2.648789 1.000000
-0.219814 0.445451 2.628096 0.000000
-0.149027 0.223152 2.779784 0.000000
-0.349337 0.064613 2.700871 0.000000
-0.024610 0.077017 2.585012 0.855769
-0.142837 0.043293 2.763699 0.000000
-0.413947 0.065926 2.711341 1.000000
0.061777 0.080782 2.637445 1.000000
-0.427928 -0.246839 2.649629 1.000000
0.051160 -0.238078 2.632691 1.000000
-0.382827 -0.315401 2.641715 0.862981
0.011512 -0.309987 2.640073 0.543269
-0.291553 -0.517490 2.692880 1.000000
-0.028734 -0.498139 2.678579 1.000000
-0.325711 -0.955347 2.822799 0.369231
-0.321667 -0.848568 2.712547 0.950481
-0.397936 -1.008696 2.624013 0.000000
-0.161174 -0.987573 2.662568 0.000000
-0.188184 0.655392 2.595474 1.000000
