-0.377942 0.211744 2.754645 1.000000
0.008980 0.233546 2.773615 1.000000
-0.180735 0.264888 2.639177 0.000000
-0.185883 0.106363 2.926369 0.000000
-0.323489 -0.161875 2.783178 0.000000
-0.038337 -0.161266 2.790070 0.000000
-0.185812 -0.172226 2.990243 0.000000
-0.411902 -0.057210 2.742892 1.000000
0.036153 -0.032650 2.728854 1.000000
-0.352548 -0.341581 2.686136 1.000000
0.000549 -0.326271 2.718864 1.000000
-0.316923 -0.407044 2.680828 1.000000
-0.022428 -0.395949 2.704730 1.000000
-0.045974 -0.635830 2.748004 1.000000
-0.313877 -0.638203 2.763807 1.000000
-0.096226 -1.042242 2.826699 0.878606
-0.290833 -1.044468 2.854947 1.000000
0.048534 -1.079392 2.727277 0.000000
-0.433355 -1.075989 2.750475 0.000000
-0.198222 0.533657 2.645312 0.802885
-0.373702 0.219147 2.735459 1.000000
0.012481 0.234560 2.769645 1.000000
-0.170731 0.261101 2.625504 0.000000
-0.191338 0.121020 2.921457 0.000000
-0.320226 -0.156622 2.778496 0.000000
-0.035569 -0.156657 2.796659 0.000000
-0.190879 -0.163245 2.991014 0.000000
-0.407540 -0.049978 2.742518 1.000000
0.035516 -0.033130 2.732010 1.000000
-0.349336 -0.336038 2.693645 1.000000
0.005524 -0.327448 2.724144 1.000000
-0.313344 -0.401311 2.688485 1.000000
-0.014570 -0.398520 2.712848 1.000000
-0.046535 -0.631894 2.748003 1.000000
-0.309207 -0.633408 2.759465 1.000000
-0.092258 -1.038449 2.828696 0.787981
-0.290026 -1.039328 2.853005 1.000000
0.050198 -1.074903 2.725751 0.000000
-0.425415 -1.071831 2.739720 0.000000
-0.206227 0.535552 2.639654 0.735577
-0.376467 0.215162 2.735729 1.000000
0.009832 0.233532 2.767027 1.000000
-0.174736 0.259888 2.624591 0.000000
-0.191813 0.116818 2.919337 0.000000
-0.319394 -0.157630 2.778840 0.000000
-0.034814 -0.156160 2.798124 0.000000
-0.190852 -0.163446 2.991869 0.000000
-0.406675 -0.054802 2.746851 1.000000
0.037482 -0.034541 2.731341 1.000000
-0.342973 -0.337981 2.685968 1.000000
0.015984 -0.330163 2.722223 1.000000
-0.306572 -0.402992 2.680386 1.000000
-0.008507 -0.400728 2.724059 1.000000
-0.043755 -0.631694 2.748724 1.000000
-0.309327 -0.632754 2.761901 1.000000
-0.093164 -1.038736 2.824650 0.806731
-0.288818 -1.039908 2.849618 1.000000
0.050346 -1.075090 2.723144 0.000000
-0.426474 -1.070754 2.738624 0.000000
-0.207267 0.549022 2.651686 0.524038
-0.376958 0.217131 2.752225 1.000000
0.009167 0.229535 2.788243 1.000000
-0.173999 0.271184 2.647661 0.000000
-0.194516 0.099774 2.926648 0.000000
-0.319780 -0.159726 2.776583 0.000000
-0.035492 -0.159382 2.799809 0.000000
-0.194217 -0.168405 2.991285 0.000000
-0.411365 -0.052905 2.749483 1.000000
0.045905 -0.036627 2.744583 1.000000
-0.341769 -0.334629 2.686437 1.000000
0.029924 -0.330304 2.703707 1.000000
-0.307183 -0.400849 2.685320 1.000000
-0.005611 -0.395798 2.709227 1.000000
-0.042622 -0.633594 2.749827 1.000000
-0.310876 -0.636087 2.765425 1.000000
-0.094792 -1.039762 2.828532 0.869231
-0.287009 -1.043254 2.852226 1.000000
0.051701 -1.077315 2.731838 0.000000
-0.426326 -1.074605 2.743470 0.000000
-0.207483 0.532018 2.663858 0.471154
-0.384330 0.208462 2.766766 1.000000
0.000876 0.217513 2.812352 1.000000
-0.179331 0.273276 2.672840 0.000000
-0.205326 0.073895 2.932083 0.000000
-0.319061 -0.165636 2.776780 0.000000
-0.035398 -0.166110 2.806685 0.201923
-0.198588 -0.179683 2.994097 0.000000
-0.414777 -0.060764 2.742877 1.000000
0.072859 -0.032760 2.733906 1.000000
-0.337610 -0.340972 2.683213 1.000000
0.203514 -0.253783 2.585250 1.000000
-0.306279 -0.408801 2.683742 1.000000
0.239773 -0.311830 2.555274 0.223558
-0.037814 -0.637240 2.747206 1.000000
-0.314273 -0.640466 2.762323 1.000000
-0.099692 -1.040988 2.831155 0.816106
-0.289883 -1.047189 2.851040 1.000000
0.049911 -1.082635 2.741128 0.000000
-0.430431 -1.078965 2.744003 0.000000
-0.200029 0.524163 2.653957 0.841346
-0.389815 0.208045 2.772551 1.000000
-0.004310 0.230887 2.810077 1.000000
-0.189098 0.278488 2.673565 0.000000
-0.202997 0.082017 2.935943 0.000000
-0.324064 -0.165140 2.775118 0.000000
-0.041150 -0.162455 2.811340 0.230769
-0.208346 -0.176115 2.995180 0.000000
-0.416127 -0.060396 2.747644 1.000000
0.096619 0.000435 2.709721 1.000000
-0.337092 -0.338090 2.684812 1.000000
0.268663 -0.158589 2.529686 1.000000
-0.304515 -0.405246 2.681435 1.000000
0.301029 -0.210443 2.486718 0.644231
-0.037795 -0.632943 2.745801 1.000000
-0.315993 -0.638755 2.762669 1.000000
-0.101457 -1.037788 2.822854 0.944231
-0.293732 -1.044535 2.856134 1.000000
0.049076 -1.078388 2.733906 0.000000
-0.431510 -1.077485 2.745898 0.000000
-0.190519 0.537166 2.670698 0.538462
-0.395991 0.204820 2.782042 1.000000
-0.010076 0.235479 2.808004 1.000000
-0.199271 0.274540 2.674859 0.024038
-0.202670 0.088514 2.945079 0.000000
-0.314428 -0.158364 2.784253 0.000000
-0.029878 -0.164652 2.802986 0.519231
-0.185843 -0.176398 2.996571 0.000000
-0.410608 -0.062482 2.745525 1.000000
0.136623 0.056403 2.668709 1.000000
-0.342860 -0.342621 2.683926 1.000000
0.320056 -0.055930 2.467243 1.000000
-0.317444 -0.412555 2.690702 1.000000
0.371073 -0.084031 2.420444 0.947115
-0.041294 -0.634365 2.744544 1.000000
-0.317714 -0.633914 2.764023 1.000000
-0.100280 -1.038550 2.828473 0.909856
-0.294380 -1.040624 2.853082 1.000000
0.046428 -1.079666 2.733572 0.000000
-0.438065 -1.071440 2.750003 0.000000
-0.191472 0.527586 2.693117 0.625000
-0.389321 0.204920 2.779918 1.000000
-0.004007 0.242631 2.805516 1.000000
-0.194447 0.281617 2.674137 0.144231
-0.193089 0.087973 2.938969 0.000000
-0.312097 -0.152394 2.784202 0.000000
-0.027530 -0.161446 2.801488 0.576923
-0.182562 -0.169754 2.995998 0.000000
-0.407243 -0.061786 2.755730 1.000000
0.138026 0.128367 2.608528 1.000000
-0.346749 -0.341651 2.694600 1.000000
0.345892 0.086647 2.406620 1.000000
-0.326685 -0.413607 2.696130 1.000000
0.406857 0.090582 2.363603 1.000000
-0.045259 -0.631711 2.744582 1.000000
-0.317717 -0.629547 2.768228 1.000000
-0.099758 -1.037611 2.823094 0.891106
-0.294689 -1.037257 2.852674 1.000000
0.045179 -1.076149 2.724462 0.000000
-0.438785 -1.066709 2.749770 0.000000
-0.185667 0.527717 2.705847 0.629808
-0.367573 0.200363 2.820126 1.000000
0.012453 0.245340 2.756087 0.711538
-0.203425 0.269605 2.667454 0.000000
-0.137370 0.101084 2.941084 0.000000
-0.309773 -0.154773 2.815208 0.000000
-0.028240 -0.157980 2.769508 0.144231
-0.136423 -0.163290 2.993577 0.000000
-0.403526 -0.060267 2.759657 1.000000
0.145907 0.164863 2.535662 1.000000
-0.350210 -0.342728 2.695687 1.000000
0.358128 0.165065 2.331514 1.000000
-0.327052 -0.413755 2.694447 1.000000
0.422446 0.168435 2.293638 1.000000
-0.051833 -0.634575 2.738386 1.000000
-0.315852 -0.626622 2.771055 1.000000
-0.094195 -1.039387 2.829060 0.844231
-0.294173 -1.034199 2.856494 1.000000
0.027871 -1.080187 2.703937 0.000000
-0.447476 -1.061097 2.767080 0.000000
-0.182895 0.537248 2.701324 0.543269
-0.343127 0.212895 2.829975 1.000000
0.024247 0.221253 2.705436 0.384615
-0.201599 0.240754 2.644930 0.000000
-0.100639 0.125442 2.935010 0.000000
-0.295625 -0.163322 2.828989 0.000000
-0.022772 -0.168339 2.746009 0.721154
-0.099839 -0.164842 2.982624 0.000000
-0.404235 -0.042880 2.772634 1.000000
0.128083 0.189919 2.459110 1.000000
-0.361707 -0.326912 2.711648 1.000000
0.312132 0.241409 2.236234 1.000000
-0.341798 -0.398507 2.703867 1.000000
0.383567 0.225242 2.221461 1.000000
-0.050044 -0.645857 2.733111 1.000000
-0.308690 -0.634739 2.779803 1.000000
-0.093469 -1.048791 2.831335 0.828606
-0.289769 -1.044850 2.852876 1.000000
0.012615 -1.093774 2.693701 0.000000
-0.449262 -1.066373 2.773384 0.000000
-0.186568 0.537995 2.696788 0.706731
-0.285942 0.209868 2.925516 1.000000
-0.004157 0.217549 2.658904 1.000000
-0.230201 0.261757 2.703596 0.000000
-0.035681 0.089879 2.904235 0.000000
-0.264652 -0.178963 2.887652 0.000000
-0.060911 -0.172677 2.688129 0.913462
-0.020046 -0.178903 2.933546 0.000000
-0.398516 0.008173 2.788349 0.753846
0.049723 0.210589 2.395816 0.492308
-0.379053 -0.273571 2.710136 1.000000
0.118754 0.323941 2.134551 1.000000
-0.364745 -0.346611 2.703581 0.307692
0.168086 0.340393 2.080902 0.509615
-0.044004 -0.660108 2.732563 1.000000
-0.313550 -0.643785 2.784875 1.000000
-0.093871 -1.060388 2.838292 0.687981
-0.276791 -1.054183 2.848996 1.000000
-0.023347 -1.110699 2.681081 0.000000
-0.451979 -1.075043 2.815917 0.000000
-0.192424 0.538398 2.696894 0.697115
-0.235390 0.119737 2.936089 1.000000
0.012692 0.233449 2.660284 0.000000
-0.206650 0.248649 2.742173 0.000000
0.011136 0.026568 2.846505 0.043269
-0.255335 -0.179014 2.879919 0.201923
-0.075239 -0.162167 2.659372 0.605769
-0.007281 -0.171376 2.898610 0.668269
-0.418324 -0.014890 2.794659 0.276923
-0.004182 0.237620 2.393287 0.507692
-0.369754 -0.269194 2.659904 1.000000
-0.059633 0.348860 2.129209 1.000000
-0.359002 -0.329220 2.703077 0.795673
-0.069950 0.380315 2.062225 0.072115
-0.040998 -0.663018 2.732735 1.000000
-0.307663 -0.637800 2.784933 1.000000
-0.094158 -1.060011 2.848749 0.722356
-0.268330 -1.047468 2.852120 1.000000
-0.052176 -1.114120 2.682828 0.000000
-0.446667 -1.065993 2.843565 0.000000
-0.176860 0.510548 2.679923 1.000000
-0.305219 0.281326 2.897744 0.000000
-0.007796 0.242003 2.658830 0.942308
-0.233368 0.288913 2.674524 0.120192
-0.053272 0.164939 2.919129 0.000000
-0.274753 -0.143734 2.860631 0.000000
-0.057934 -0.131686 2.675688 1.000000
-0.033831 -0.145235 2.923021 0.000000
-0.388424 0.051264 2.791816 0.984615
-0.055439 0.245050 2.396548 0.830769
-0.369102 -0.230266 2.721540 1.000000
-0.198991 0.342748 2.163274 1.000000
-0.363691 -0.303467 2.707580 0.240385
-0.234170 0.378927 2.108173 1.000000
-0.033846 -0.623057 2.734156 1.000000
-0.299572 -0.612316 2.774475 1.000000
-0.089308 -1.023583 2.836095 0.837981
-0.266829 -1.021353 2.848676 1.000000
-0.006225 -1.073537 2.685025 0.000000
-0.442403 -1.041150 2.817019 0.000000
-0.189834 0.581495 2.691704 0.500000
-0.336463 0.259113 2.869057 0.000000
-0.009984 0.247560 2.668879 1.000000
-0.239299 0.268176 2.655691 0.000000
-0.077499 0.173753 2.925026 0.000000
-0.285504 -0.142002 2.842234 0.000000
-0.046904 -0.124915 2.686871 1.000000
-0.054714 -0.137941 2.935281 0.000000
-0.402160 0.011460 2.797216 1.000000
-0.111899 0.253565 2.423146 1.000000
-0.359626 -0.263717 2.715206 1.000000
-0.336785 0.338673 2.260545 1.000000
-0.373483 -0.337053 2.711670 0.240385
-0.407850 0.340861 2.237577 1.000000
-0.021453 -0.610774 2.719583 1.000000
-0.297470 -0.605348 2.769943 1.000000
-0.094633 -1.004746 2.834993 1.000000
-0.269210 -1.014348 2.846166 1.000000
0.014373 -1.063111 2.704873 0.000000
-0.443216 -1.033745 2.806592 0.000000
-0.189643 0.556673 2.717448 0.620192
-0.330494 0.282437 2.851024 0.000000
-0.003514 0.237266 2.663335 1.000000
-0.227812 0.269945 2.640434 0.000000
-0.078651 0.186311 2.920420 0.000000
-0.281730 -0.132302 2.841124 0.000000
-0.041446 -0.126631 2.687531 1.000000
-0.051760 -0.128353 2.936184 0.000000
-0.393930 0.031372 2.787254 1.000000
-0.126505 0.261425 2.427937 1.000000
-0.377220 -0.250444 2.717020 1.000000
-0.367416 0.344127 2.287389 1.000000
-0.359994 -0.322359 2.706335 0.274038
-0.440485 0.334227 2.275326 1.000000
-0.031173 -0.608658 2.719666 1.000000
-0.295178 -0.603430 2.772125 1.000000
-0.092856 -1.005462 2.832052 1.000000
-0.271025 -1.013167 2.845755 1.000000
0.007759 -1.060241 2.693863 0.000000
-0.441767 -1.032555 2.793873 0.000000
-0.214259 0.551059 2.721922 0.466346
-0.340900 0.259477 2.858363 0.000000
-0.007225 0.256943 2.672514 1.000000
-0.235128 0.273123 2.649380 0.000000
-0.082800 0.178628 2.924159 0.000000
-0.285561 -0.134286 2.837929 0.000000
-0.040706 -0.123300 2.692037 0.836538
-0.058908 -0.124340 2.940242 0.000000
-0.394097 0.009413 2.785630 1.000000
-0.108660 0.267612 2.427060 1.000000
-0.365819 -0.268185 2.706822 1.000000
-0.339888 0.356829 2.276581 1.000000
-0.355955 -0.342247 2.706487 0.307692
-0.413255 0.355474 2.262506 1.000000
-0.033854 -0.609881 2.719868 1.000000
-0.293261 -0.601809 2.768934 1.000000
-0.088247 -1.006718 2.835844 1.000000
-0.276612 -1.011211 2.846405 1.000000
0.006394 -1.061312 2.693426 0.000000
-0.445755 -1.028954 2.788994 0.000000
-0.227019 0.546858 2.720024 0.427885
-0.349903 0.240696 2.821688 0.000000
0.011829 0.241603 2.697450 0.336538
-0.208986 0.257669 2.634867 0.000000
-0.107090 0.159391 2.930831 0.000000
-0.296650 -0.148575 2.817599 0.000000
-0.020947 -0.146755 2.744495 0.711538
-0.106642 -0.138056 2.977988 0.000000
-0.393529 -0.016669 2.777542 1.000000
-0.047577 0.265002 2.440523 1.000000
-0.352567 -0.293013 2.704349 1.000000
-0.194232 0.366406 2.213346 1.000000
-0.338680 -0.366356 2.701102 1.000000
-0.240997 0.391780 2.160889 1.000000
-0.039582 -0.624530 2.727226 1.000000
-0.295460 -0.619258 2.771867 1.000000
-0.095321 -1.023997 2.833096 1.000000
-0.282510 -1.028540 2.850666 1.000000
0.013989 -1.074527 2.699985 0.000000
-0.435270 -1.050999 2.759124 0.000000
-0.241158 0.537727 2.717320 0.355769
-0.267625 0.236469 2.935753 1.000000
-0.011773 0.217230 2.648398 0.894231
-0.226782 0.281052 2.709055 0.153846
-0.031174 0.095172 2.895663 0.000000
-0.261098 -0.152346 2.888014 0.000000
-0.072455 -0.145884 2.674164 0.951923
-0.013891 -0.145946 2.916049 0.000000
-0.389556 0.047872 2.792676 0.753846
-0.004690 0.261713 2.385953 0.676923
-0.380244 -0.233433 2.720878 1.000000
-0.075663 0.389973 2.135183 1.000000
-0.377041 -0.306599 2.706074 0.139423
-0.092515 0.421033 2.069350 0.000000
-0.046094 -0.631766 2.720361 1.000000
-0.309590 -0.621062 2.774665 1.000000
-0.090269 -1.030972 2.832485 0.887981
-0.281318 -1.030766 2.846999 1.000000
-0.028995 -1.082845 2.671939 0.000000
-0.455425 -1.049725 2.807661 0.000000
-0.214045 0.517685 2.699965 0.312500
-0.205994 0.152946 2.940677 1.000000
0.012776 0.220748 2.627489 1.000000
-0.189492 0.267719 2.736710 0.000000
0.012566 0.024895 2.825284 0.000000
-0.258072 -0.163637 2.887482 0.548077
-0.102323 -0.146823 2.649115 0.567308
-0.009517 -0.153536 2.879941 0.413462
-0.385251 0.007154 2.810030 0.153846
0.047780 0.263372 2.367847 0.707692
-0.398900 -0.261800 2.703653 1.000000
0.081517 0.404887 2.117501 1.000000
-0.370694 -0.330319 2.713255 0.475962
0.090047 0.442309 2.053396 0.000000
-0.048439 -0.642781 2.717124 1.000000
-0.318060 -0.625746 2.783473 1.000000
-0.097112 -1.037022 2.843985 0.847356
-0.279237 -1.035219 2.852131 1.000000
-0.053984 -1.095198 2.679742 0.000000
-0.457793 -1.052959 2.847293 0.000000
-0.193869 0.517920 2.687404 1.000000
-0.237576 0.103313 2.951797 1.000000
-0.020240 0.215635 2.650644 1.000000
-0.227430 0.236309 2.758776 0.000000
-0.007308 0.004000 2.830989 0.000000
-0.237248 -0.173828 2.878806 0.000000
-0.089186 -0.181612 2.635133 0.778846
0.009298 -0.203689 2.862623 0.024038
-0.421349 -0.010459 2.798394 0.523077
0.110082 0.258346 2.424688 1.000000
-0.402724 -0.263726 2.660192 1.000000
0.266446 0.350857 2.200802 1.000000
-0.375654 -0.323873 2.695294 0.593750
0.315334 0.360711 2.145164 0.913462
-0.061725 -0.671997 2.726161 1.000000
-0.332120 -0.641954 2.802052 1.000000
-0.096262 -1.066813 2.855839 0.775481
-0.279657 -1.053269 2.846285 1.000000
-0.072163 -1.124218 2.687482 0.000000
-0.456296 -1.073111 2.871286 0.000000
-0.174504 0.489715 2.669320 1.000000
-0.236352 0.088419 2.949816 1.000000
-0.022078 0.227525 2.657788 1.000000
-0.230014 0.234398 2.766247 0.000000
-0.002866 0.004698 2.823499 0.000000
-0.236737 -0.178185 2.876404 0.000000
-0.092632 -0.187913 2.630439 0.798077
0.009869 -0.205207 2.856565 0.110577
-0.433425 -0.015304 2.806107 0.353846
0.125717 0.257339 2.441487 1.000000
-0.420523 -0.256353 2.646983 1.000000
0.309338 0.332999 2.233447 1.000000
-0.385209 -0.306992 2.689069 0.475962
0.378830 0.347602 2.210204 1.000000
-0.064836 -0.678926 2.728425 1.000000
-0.334625 -0.645745 2.802918 1.000000
-0.101526 -1.075899 2.850717 0.837981
-0.277274 -1.056299 2.848145 1.000000
-0.088127 -1.129728 2.680003 0.000000
-0.453567 -1.078081 2.873964 0.000000
-0.183760 0.490615 2.682802 1.000000
-0.248026 0.096500 2.948949 1.000000
-0.029347 0.229545 2.657363 0.961538
-0.240397 0.234994 2.759716 0.000000
-0.008869 0.014286 2.832649 0.000000
-0.239632 -0.176745 2.874391 0.000000
-0.086586 -0.182631 2.633764 0.759615
0.007417 -0.204650 2.863147 0.000000
-0.455815 -0.004903 2.819371 0.538462
0.118769 0.257544 2.441761 1.000000
-0.408945 -0.241499 2.659944 1.000000
0.302967 0.335293 2.235903 1.000000
-0.385885 -0.297788 2.703330 0.543269
0.371678 0.347769 2.209336 1.000000
-0.064158 -0.675515 2.724112 1.000000
-0.333306 -0.641300 2.801062 1.000000
-0.100598 -1.072238 2.847286 0.872356
-0.276881 -1.052256 2.843720 1.000000
-0.081017 -1.126783 2.677399 0.000000
-0.452926 -1.073537 2.871566 0.000000
-0.193687 0.493201 2.677107 1.000000
-0.234550 0.076898 2.951256 1.000000
-0.037913 0.218733 2.648335 0.894231
-0.239878 0.222896 2.767669 0.000000
-0.007007 -0.003774 2.812701 0.000000
-0.238263 -0.186527 2.880365 0.000000
-0.103827 -0.178563 2.628924 0.846154
0.007969 -0.205584 2.849627 0.096154
-0.454886 -0.021716 2.841821 0.000000
0.078724 0.256838 2.416515 1.000000
-0.442106 -0.245444 2.659136 0.000000
0.196625 0.362912 2.178374 1.000000
-0.414597 -0.308138 2.689058 0.000000
0.253920 0.380420 2.133726 1.000000
-0.057601 -0.679964 2.727321 1.000000
-0.329827 -0.646322 2.799982 1.000000
-0.096999 -1.078178 2.844634 0.672356
-0.278151 -1.057653 2.844993 1.000000
-0.111508 -1.127415 2.672630 0.000000
-0.452749 -1.075466 2.882658 0.000000
-0.193895 0.481512 2.686185 1.000000
-0.231224 0.091025 2.962235 1.000000
-0.033512 0.223097 2.655623 0.567308
-0.234408 0.234108 2.776319 0.000000
-0.006757 0.002603 2.823395 0.000000
-0.232989 -0.174842 2.879099 0.000000
-0.099758 -0.171002 2.626920 0.836538
0.012510 -0.200236 2.847101 0.110577
-0.455199 -0.007849 2.860706 0.000000
0.031385 0.250427 2.403436 0.569231
-0.460348 -0.229979 2.675712 0.000000
0.064893 0.371806 2.147073 1.000000
-0.433391 -0.295181 2.700304 0.000000
0.096154 0.424159 2.103892 1.000000
-0.053110 -0.669857 2.731569 1.000000
-0.322966 -0.641375 2.795294 1.000000
-0.098573 -1.069239 2.842546 0.841106
-0.276403 -1.052781 2.844948 1.000000
-0.115697 -1.115265 2.669895 0.000000
-0.452153 -1.068709 2.877788 0.000000
-0.198407 0.485907 2.682180 1.000000
-0.231614 0.096517 2.962251 1.000000
-0.033823 0.224441 2.653936 0.384615
-0.235817 0.234904 2.772833 0.000000
-0.004571 0.008644 2.827305 0.000000
-0.231883 -0.171806 2.875905 0.000000
-0.095546 -0.164649 2.625464 0.817308
0.014032 -0.196449 2.846642 0.009615
-0.453253 -0.012774 2.866437 0.000000
-0.016915 0.259942 2.395489 0.615385
-0.464123 -0.234995 2.681801 0.000000
-0.068615 0.376531 2.140430 1.000000
-0.435750 -0.301065 2.702107 0.000000
-0.039068 0.400077 2.075969 0.375000
-0.047536 -0.665413 2.731702 1.000000
-0.314500 -0.637853 2.794547 1.000000
-0.096735 -1.066331 2.835306 0.819231
-0.271482 -1.049687 2.843858 1.000000
-0.120195 -1.108152 2.662329 0.000000
-0.446598 -1.063560 2.880765 0.000000
-0.204800 0.484608 2.671941 1.000000
-0.294044 0.306600 2.869603 0.000000
-0.019609 0.251573 2.613144 0.903846
-0.240042 0.301393 2.641339 0.000000
-0.042102 0.188508 2.877374 0.000000
-0.273279 -0.124729 2.860040 0.807692
-0.075621 -0.103293 2.655513 0.567308
-0.027581 -0.118773 2.899215 0.115385
-0.396520 0.071668 2.805026 0.630769
-0.099660 0.286254 2.367287 1.000000
-0.385471 -0.204811 2.723962 1.000000
-0.274714 0.380085 2.163488 1.000000
-0.376274 -0.276994 2.707001 0.139423
-0.321704 0.414070 2.116376 0.661058
-0.045292 -0.606121 2.726156 1.000000
-0.300000 -0.587554 2.776453 1.000000
-0.090909 -1.006329 2.834051 1.000000
-0.270035 -0.999170 2.836146 1.000000
-0.043946 -1.056396 2.668196 0.000000
-0.448748 -1.013460 2.827317 0.000000
-0.195426 0.561356 2.671123 1.000000
-0.340967 0.285936 2.859002 0.000000
-0.027263 0.261779 2.644795 1.000000
-0.254763 0.283459 2.640804 0.000000
-0.079983 0.201340 2.906029 0.000000
-0.292197 -0.118112 2.838054 0.000000
-0.062421 -0.108339 2.669333 0.971154
-0.056655 -0.111264 2.918123 0.000000
-0.413980 0.041921 2.790849 1.000000
-0.119637 0.271899 2.401373 1.000000
-0.383952 -0.234839 2.718569 1.000000
-0.331176 0.364543 2.235685 1.000000
-0.370893 -0.306842 2.703480 0.408654
-0.402155 0.381781 2.219955 1.000000
-0.038160 -0.591181 2.710512 1.000000
-0.299568 -0.590549 2.772346 1.000000
-0.089265 -0.985345 2.836655 1.000000
-0.273109 -1.000791 2.842282 1.000000
0.007003 -1.042702 2.696431 0.000000
-0.446955 -1.018964 2.801449 0.000000
-0.169177 0.548367 2.683382 0.956731
-0.366553 0.248169 2.841722 0.000000
-0.019681 0.265172 2.679242 0.961538
-0.247253 0.272149 2.641123 0.000000
-0.110286 0.176647 2.923533 0.000000
-0.307323 -0.138402 2.823275 0.000000
-0.043239 -0.122121 2.716720 0.778846
-0.098952 -0.130518 2.959133 0.000000
-0.405061 -0.006138 2.780895 1.000000
-0.108404 0.262413 2.432967 1.000000
-0.362834 -0.280742 2.703874 1.000000
-0.328990 0.354030 2.276459 1.000000
-0.341625 -0.352356 2.705909 0.644231
-0.399691 0.367767 2.256576 1.000000
-0.038807 -0.608509 2.722748 1.000000
-0.298876 -0.604924 2.774014 1.000000
-0.096095 -1.007221 2.830619 1.000000
-0.278534 -1.015568 2.843635 1.000000
0.014298 -1.058748 2.698791 0.000000
-0.445836 -1.034410 2.781383 0.000000
-0.163203 0.542212 2.687376 1.000000
-0.377808 0.223158 2.818665 0.000000
-0.013769 0.250819 2.701259 0.682692
-0.235012 0.255083 2.635258 0.000000
-0.132293 0.153567 2.929842 0.000000
-0.304351 -0.148164 2.824387 0.000000
-0.030929 -0.151162 2.743202 0.865385
-0.109551 -0.141067 2.979115 0.000000
-0.404599 -0.035577 2.778738 1.000000
-0.079953 0.260236 2.448730 1.000000
-0.356591 -0.310112 2.709933 1.000000
-0.262126 0.357138 2.252202 1.000000
-0.336156 -0.381702 2.703608 1.000000
-0.322673 0.379389 2.214499 1.000000
-0.041926 -0.622008 2.730921 1.000000
-0.302304 -0.624570 2.776258 1.000000
-0.093768 -1.023896 2.829346 0.941106
-0.280076 -1.033759 2.853457 1.000000
0.021233 -1.070497 2.699641 0.000000
-0.432622 -1.059234 2.762348 0.000000
-0.167635 0.535575 2.683526 0.995192
-0.295123 0.190902 2.926436 1.000000
-0.018880 0.211863 2.658346 0.548077
-0.243698 0.248892 2.704985 0.000000
-0.041903 0.078474 2.899593 0.000000
-0.264136 -0.172844 2.885600 0.000000
-0.062425 -0.170972 2.683936 1.000000
-0.019098 -0.169616 2.929006 0.000000
-0.401806 -0.009996 2.795757 0.953846
-0.047882 0.262402 2.404264 0.800000
-0.376319 -0.282195 2.711212 1.000000
-0.186758 0.374218 2.182748 1.000000
-0.354289 -0.353016 2.702174 0.358173
-0.224850 0.406944 2.127425 1.000000
-0.043945 -0.653104 2.726171 1.000000
-0.317097 -0.638725 2.778708 1.000000
-0.098986 -1.051713 2.835582 0.884856
-0.278578 -1.046539 2.856762 1.000000
-0.024865 -1.104424 2.680830 0.000000
-0.451591 -1.070771 2.815538 0.000000
-0.171809 0.519079 2.686423 1.000000
-0.265037 0.216395 2.944947 1.000000
-0.016574 0.184590 2.653523 1.000000
-0.222964 0.266205 2.719565 0.057692
-0.043953 0.054734 2.895267 0.000000
-0.276903 -0.177623 2.888582 0.000000
-0.088520 -0.155665 2.675536 0.817308
-0.029636 -0.174328 2.916622 0.000000
-0.397221 0.036886 2.805941 0.615385
-0.007602 0.249027 2.400377 0.400000
-0.397307 -0.236444 2.719813 1.000000
-0.048627 0.359544 2.140774 1.000000
-0.402730 -0.308463 2.700669 0.004808
-0.037580 0.373728 2.068252 0.257212
-0.045790 -0.650277 2.725957 1.000000
-0.316859 -0.638721 2.787193 1.000000
-0.098909 -1.048157 2.838913 0.831731
-0.281599 -1.048786 2.854222 1.000000
-0.030186 -1.101870 2.682030 0.000000
-0.459798 -1.066192 2.841479 0.000000
-0.174808 0.521086 2.678412 1.000000
-0.222770 0.121092 2.943163 1.000000
-0.007080 0.220163 2.636231 1.000000
-0.212474 0.248084 2.746148 0.000000
0.004027 0.013754 2.822653 0.000000
-0.246476 -0.164909 2.884505 0.750000
-0.096962 -0.159029 2.641667 0.673077
0.001356 -0.181702 2.869170 0.100962
-0.384772 -0.012946 2.786086 0.000000
0.077327 0.235397 2.389902 1.000000
-0.357394 -0.268475 2.659900 0.000000
0.175662 0.345436 2.146636 1.000000
-0.313631 -0.327365 2.645779 0.000000
0.224376 0.347200 2.090010 0.661058
-0.055228 -0.654893 2.726510 1.000000
-0.324694 -0.631724 2.792949 1.000000
-0.098564 -1.049547 2.854022 0.784856
-0.279392 -1.042438 2.849080 1.000000
-0.071785 -1.106772 2.686009 0.000000
-0.457361 -1.059947 2.864596 0.000000
-0.170516 0.508147 2.675797 1.000000
-0.234786 0.091004 2.951478 1.000000
-0.014980 0.226561 2.661903 0.759615
-0.223524 0.237821 2.768816 0.000000
-0.002407 0.002405 2.826454 0.000000
-0.250280 -0.170378 2.874585 0.375000
-0.102270 -0.174889 2.630798 0.769231
-0.002491 -0.187085 2.858468 0.000000
-0.395499 -0.036506 2.787780 0.169231
0.123952 0.196882 2.443529 1.000000
-0.358980 -0.279631 2.641068 0.884615
0.245871 0.279038 2.200328 1.000000
-0.299298 -0.322830 2.653500 0.812500
0.284875 0.283371 2.136747 0.711538
-0.053545 -0.663362 2.731588 1.000000
-0.328089 -0.642388 2.798132 1.000000
-0.098772 -1.060424 2.850689 0.819231
-0.282183 -1.053473 2.850955 1.000000
-0.068592 -1.114407 2.682180 0.000000
-0.460024 -1.071188 2.867651 0.000000
-0.177140 0.487934 2.674495 1.000000
-0.228446 0.090470 2.959348 1.000000
0.011332 0.212692 2.679862 1.000000
-0.199490 0.238412 2.779563 0.000000
0.000922 -0.013934 2.841148 0.000000
-0.252165 -0.175667 2.870928 0.000000
-0.092930 -0.174877 2.634278 0.740385
-0.004684 -0.201388 2.865466 0.000000
-0.394640 -0.024353 2.791779 0.000000
0.170847 0.140216 2.490752 1.000000
-0.377203 -0.261506 2.632337 0.000000
0.282868 0.212639 2.243186 1.000000
-0.321463 -0.310816 2.638979 0.000000
0.311956 0.201967 2.175196 0.442308
-0.051912 -0.668040 2.737148 1.000000
-0.329053 -0.642762 2.795228 1.000000
-0.098707 -1.066410 2.851167 0.747356
-0.281228 -1.053274 2.850741 1.000000
-0.077276 -1.117771 2.680512 0.000000
-0.458201 -1.070575 2.875262 0.000000
-0.170272 0.482136 2.684051 1.000000
-0.242034 0.080106 2.965724 1.000000
0.003516 0.217362 2.698497 1.000000
-0.209401 0.237645 2.794948 0.000000
-0.010110 -0.017737 2.846901 0.000000
-0.240868 -0.169187 2.868674 0.000000
-0.082601 -0.176059 2.631475 0.701923
0.004647 -0.209411 2.862156 0.115385
-0.407816 -0.029357 2.794205 0.000000
0.181802 0.047436 2.622438 1.000000
-0.395947 -0.247370 2.609011 0.000000
0.268811 0.015629 2.356951 1.000000
-0.340863 -0.297532 2.603339 0.000000
0.296477 -0.010781 2.292766 0.391827
-0.049499 -0.666165 2.743375 1.000000
-0.328433 -0.639381 2.793598 1.000000
-0.100245 -1.068243 2.841599 0.784856
-0.276052 -1.050019 2.843813 1.000000
-0.091839 -1.111794 2.667665 0.000000
-0.452336 -1.069089 2.871755 0.000000
-0.177627 0.473898 2.685608 1.000000
-0.242096 0.061837 2.979661 1.000000
-0.005237 0.212305 2.711705 1.000000
-0.213408 0.229909 2.818489 0.004808
-0.017520 -0.031975 2.844585 0.000000
-0.233083 -0.179996 2.868450 0.000000
-0.088722 -0.183824 2.622473 0.894231
0.011614 -0.220175 2.847305 0.096154
-0.398047 0.006589 2.776231 0.476923
0.164485 0.019370 2.691520 1.000000
-0.431382 -0.225635 2.612595 1.000000
0.247736 -0.137035 2.473203 1.000000
-0.408114 -0.281432 2.656503 0.425481
0.274241 -0.188987 2.426502 0.324519
-0.048184 -0.677859 2.745037 1.000000
-0.323203 -0.650102 2.793029 1.000000
-0.090037 -1.079733 2.848162 0.741106
-0.276320 -1.061171 2.845119 1.000000
-0.121563 -1.120568 2.676235 0.000000
-0.451580 -1.076654 2.880677 0.000000
-0.185169 0.456044 2.693977 1.000000
-0.302502 0.143690 2.964496 0.000000
0.010893 0.224232 2.750393 1.000000
-0.214110 0.276023 2.792093 0.312500
-0.063447 0.010777 2.912846 0.014423
-0.275323 -0.173100 2.845027 0.000000
-0.052826 -0.167612 2.666633 0.490385
-0.037950 -0.206314 2.912029 0.451923
-0.408499 0.013693 2.763246 0.138462
0.113419 -0.010760 2.724004 1.000000
-0.412443 -0.241783 2.635230 0.769231
0.210732 -0.244636 2.602027 1.000000
-0.444519 -0.304211 2.660853 0.055288
0.245884 -0.284013 2.549146 0.105769
-0.046174 -0.662310 2.749234 1.000000
-0.323840 -0.633970 2.784194 1.000000
-0.095434 -1.065485 2.843639 0.706731
-0.277490 -1.044328 2.842045 1.000000
-0.029129 -1.111153 2.683207 0.000000
-0.455591 -1.062634 2.854895 0.000000
-0.186762 0.485823 2.656160 1.000000
-0.317774 0.237903 2.931134 0.000000
0.014905 0.237289 2.731464 1.000000
-0.208116 0.309973 2.736638 0.798077
-0.085967 0.084111 2.940850 0.000000
-0.282542 -0.139502 2.841165 0.000000
-0.048987 -0.141630 2.677436 1.000000
-0.051894 -0.185907 2.922323 0.000000
-0.395105 0.036586 2.772537 0.630769
0.071432 -0.019899 2.757415 1.000000
-0.426658 -0.236857 2.675040 1.000000
0.105695 -0.305778 2.737157 1.000000
-0.434088 -0.307206 2.650990 0.000000
0.094610 -0.378164 2.722320 0.610577
-0.042799 -0.624318 2.741264 1.000000
-0.317042 -0.614331 2.774947 1.000000
-0.089278 -1.028080 2.834565 0.887981
-0.281196 -1.024774 2.839297 1.000000
0.017915 -1.072097 2.697479 0.000000
-0.459812 -1.041378 2.832889 0.000000
-0.193831 0.526663 2.633798 1.000000
-0.309839 0.243367 2.926906 0.000000
0.025973 0.224077 2.733511 1.000000
-0.193457 0.307132 2.733420 0.658654
-0.085697 0.079133 2.943277 0.000000
-0.296029 -0.147047 2.834325 0.000000
-0.048977 -0.144500 2.691784 0.317308
-0.072342 -0.186808 2.935919 0.000000
-0.392473 0.038824 2.770651 0.584615
0.065601 -0.034194 2.792320 1.000000
-0.418223 -0.241381 2.682420 1.000000
0.025405 -0.322547 2.767947 1.000000
-0.423183 -0.313129 2.662166 0.000000
0.018767 -0.387614 2.804070 0.189904
-0.040202 -0.626329 2.742026 1.000000
-0.313664 -0.622318 2.772990 1.000000
-0.090226 -1.030839 2.830107 0.903606
-0.282288 -1.032576 2.840759 1.000000
0.032519 -1.073018 2.706111 0.000000
-0.459922 -1.049396 2.821176 0.000000
-0.192384 0.514077 2.638280 1.000000
-0.311105 0.239918 2.918586 0.000000
0.032441 0.224956 2.738875 1.000000
-0.187510 0.306188 2.730489 0.855769
-0.086408 0.077420 2.942809 0.000000
-0.300229 -0.154017 2.826280 0.000000
-0.046400 -0.146629 2.696374 0.298077
-0.081210 -0.189324 2.939074 0.000000
-0.382939 0.029664 2.762227 0.661539
0.068054 -0.033813 2.805855 1.000000
-0.397986 -0.257191 2.689270 1.000000
0.012820 -0.319403 2.762099 1.000000
-0.393423 -0.326590 2.661965 0.004808
0.008277 -0.381198 2.720345 0.408654
-0.041706 -0.633301 2.742441 1.000000
-0.314097 -0.624313 2.771513 1.000000
-0.088313 -1.037331 2.834512 0.862981
-0.284157 -1.034292 2.841583 1.000000
0.031008 -1.080061 2.707402 0.000000
-0.461927 -1.050496 2.822730 0.000000
-0.186557 0.506060 2.626023 1.000000
-0.352451 0.226326 2.759065 1.000000
0.034652 0.214276 2.782516 1.000000
-0.150056 0.260305 2.645358 0.000000
-0.172347 0.106867 2.934488 0.000000
-0.335949 -0.157087 2.777787 0.000000
-0.051747 -0.137712 2.792387 0.000000
-0.202330 -0.175111 2.986974 0.000000
-0.408881 -0.040504 2.732157 1.000000
0.057094 -0.057336 2.778008 1.000000
-0.332859 -0.323280 2.671904 1.000000
0.012027 -0.347507 2.731331 1.000000
-0.306220 -0.393086 2.671720 1.000000
-0.007364 -0.418609 2.719038 1.000000
-0.043029 -0.623455 2.753571 1.000000
-0.302869 -0.629564 2.764040 1.000000
-0.093249 -1.031078 2.825752 0.800481
-0.288408 -1.038169 2.846028 1.000000
0.058287 -1.065647 2.735964 0.000000
-0.437723 -1.062822 2.749500 0.000000
-0.173770 0.524322 2.653090 1.000000
