0.066042 0.366173 2.576109 1.000000
-0.378097 0.392239 2.684855 1.000000
-0.125891 0.417610 2.744359 0.000000
-0.192817 0.271632 2.506013 0.375000
0.058390 0.026412 2.596260 0.432692
-0.343911 -0.009466 2.679597 0.153846
-0.171714 -0.002591 2.493397 0.548077
0.075916 0.103481 2.705668 1.000000
-0.411020 0.101201 2.675702 1.000000
0.088928 -0.218879 2.731413 1.000000
-0.383855 -0.211977 2.598854 1.000000
0.055570 -0.290207 2.688357 0.459135
-0.388527 -0.297040 2.570626 0.105769
-0.017201 -0.601581 2.696329 1.000000
-0.265610 -0.618347 2.683329 1.000000
-0.015221 -1.096933 2.731230 1.000000
-0.274600 -1.108922 2.759822 1.000000
0.024486 -1.081201 2.952266 0.000000
-0.229211 -1.075762 2.977817 0.000000
-0.143083 0.718369 2.515759 0.759615
0.065304 0.361775 2.575464 1.000000
-0.379843 0.384646 2.680750 1.000000
-0.128335 0.413151 2.741766 0.000000
-0.192103 0.263924 2.504570 0.384615
0.058820 0.024601 2.599540 0.451923
-0.343650 -0.015036 2.680324 0.192308
-0.170338 -0.006621 2.495224 0.519231
0.077314 0.099698 2.704626 1.000000
-0.411383 0.094035 2.674006 1.000000
0.095795 -0.222384 2.719023 1.000000
-0.381840 -0.219256 2.601599 1.000000
0.055358 -0.297859 2.692140 0.526442
-0.391655 -0.307624 2.589392 0.189904
-0.016339 -0.605208 2.694194 1.000000
-0.264153 -0.622839 2.682205 1.000000
-0.014970 -1.099778 2.739299 1.000000
-0.268867 -1.114504 2.752054 1.000000
0.020510 -1.079490 2.960682 0.000000
-0.225275 -1.083848 2.970781 0.000000
-0.132019 0.726297 2.528254 0.625000
0.073036 0.345072 2.563429 1.000000
-0.375374 0.360322 2.655406 1.000000
-0.126988 0.406466 2.718391 0.000000
-0.178152 0.228721 2.498423 0.322115
0.058775 0.016802 2.602987 0.384615
-0.344359 -0.025178 2.679144 0.298077
-0.168799 -0.017339 2.496150 0.509615
0.077255 0.089166 2.705476 1.000000
-0.412577 0.071059 2.680174 1.000000
0.096329 -0.233409 2.696764 1.000000
-0.377603 -0.234624 2.581101 1.000000
0.072716 -0.310279 2.736611 0.358173
-0.389884 -0.323354 2.575563 0.072115
-0.017314 -0.613365 2.700554 1.000000
-0.265485 -0.631861 2.686267 1.000000
-0.014104 -1.108519 2.739300 1.000000
-0.276245 -1.124384 2.749473 1.000000
0.016163 -1.090921 2.961686 0.000000
-0.235235 -1.097089 2.969142 0.000000
-0.145941 0.734456 2.577202 0.572115
0.083278 0.323826 2.680174 1.000000
-0.350955 0.367800 2.541349 1.000000
-0.161293 0.405799 2.715637 0.000000
-0.113295 0.215878 2.505344 0.350962
0.063765 -0.014506 2.707675 0.192308
-0.328846 -0.003957 2.581879 0.480769
-0.087999 -0.023555 2.504560 0.543269
0.124801 0.034568 2.702507 1.000000
-0.396703 0.119355 2.689895 1.000000
0.091229 -0.287337 2.703689 1.000000
-0.373212 -0.194038 2.612610 1.000000
0.086596 -0.376930 2.706153 0.000000
-0.318775 -0.264319 2.624925 0.408654
-0.014469 -0.632926 2.694846 1.000000
-0.269331 -0.623606 2.693550 1.000000
-0.016049 -1.128096 2.733891 1.000000
-0.271392 -1.118472 2.736261 1.000000
-0.084075 -1.111011 2.947811 0.000000
-0.342291 -1.099806 2.949114 0.000000
-0.151788 0.733809 2.580359 0.562500
0.081962 0.314760 2.663989 1.000000
-0.359639 0.375791 2.558975 1.000000
-0.156215 0.404446 2.718943 0.000000
-0.130856 0.216450 2.503046 0.317308
0.059638 -0.017371 2.688243 0.269231
-0.340838 -0.004299 2.590636 0.432692
-0.106438 -0.029244 2.496808 0.538462
0.119946 0.027758 2.701258 1.000000
-0.392272 0.118089 2.692092 1.000000
0.088152 -0.292982 2.696270 1.000000
-0.390534 -0.192685 2.606555 1.000000
0.084829 -0.382666 2.696249 0.000000
-0.365558 -0.251696 2.543720 0.627404
-0.012202 -0.633580 2.691442 1.000000
-0.264184 -0.626854 2.691187 1.000000
-0.015776 -1.128132 2.737855 1.000000
-0.275875 -1.120510 2.745182 1.000000
-0.067533 -1.107289 2.955956 0.000000
-0.328824 -1.095480 2.962556 0.000000
-0.138502 0.733991 2.588695 0.639423
0.060171 0.353269 2.551650 1.000000
-0.381455 0.325295 2.669753 1.000000
-0.135763 0.397094 2.717424 0.000000
-0.181353 0.211308 2.502943 0.298077
0.053449 0.008336 2.589885 0.461538
-0.345594 -0.032458 2.685692 0.230769
-0.178757 -0.028659 2.494589 0.514423
0.082488 0.103023 2.698603 1.000000
-0.419934 0.037172 2.684427 1.000000
0.102148 -0.217258 2.679909 1.000000
-0.384719 -0.262053 2.572474 1.000000
0.053351 -0.292283 2.673237 0.896635
-0.415982 -0.345728 2.563784 0.038462
-0.008036 -0.620522 2.694945 1.000000
-0.263595 -0.639684 2.693141 1.000000
-0.023372 -1.115384 2.735714 1.000000
-0.280912 -1.133539 2.744058 1.000000
0.024117 -1.098778 2.955146 0.000000
-0.229092 -1.112870 2.962160 0.000000
-0.129563 0.725445 2.581320 0.519231
0.064218 0.353229 2.559647 1.000000
-0.382210 0.338462 2.660882 1.000000
-0.136204 0.401035 2.718826 0.000000
-0.179943 0.220420 2.499596 0.331731
0.056261 0.003219 2.592066 0.442308
-0.346214 -0.032988 2.674420 0.259615
-0.173017 -0.031201 2.489030 0.490385
0.080138 0.095603 2.691916 1.000000
-0.410270 0.050788 2.684791 1.000000
0.106786 -0.221882 2.659023 1.000000
-0.383370 -0.249357 2.576291 1.000000
0.061483 -0.298210 2.672291 0.963942
-0.384523 -0.334837 2.548971 0.004808
-0.015679 -0.624377 2.698250 1.000000
-0.266661 -0.641368 2.689583 1.000000
-0.016454 -1.119088 2.743732 1.000000
-0.269129 -1.134783 2.747406 1.000000
0.021886 -1.098838 2.964642 0.000000
-0.225898 -1.109281 2.966864 0.000000
-0.138104 0.730579 2.570396 0.543269
0.069727 0.356415 2.567658 1.000000
-0.378780 0.348659 2.660099 1.000000
-0.132496 0.402760 2.724979 0.000000
-0.176357 0.232193 2.497866 0.355769
0.058365 0.002147 2.599698 0.625000
-0.346923 -0.028514 2.669560 0.250000
-0.168203 -0.027670 2.489482 0.519231
0.085784 0.091634 2.684515 1.000000
-0.410795 0.061739 2.685990 1.000000
0.115197 -0.224642 2.644839 1.000000
-0.381623 -0.239912 2.582930 1.000000
0.069226 -0.301610 2.640716 0.879808
-0.382779 -0.324948 2.554261 0.004808
-0.006948 -0.623704 2.697547 1.000000
-0.266119 -0.638688 2.693291 1.000000
-0.013408 -1.117414 2.752646 1.000000
-0.275409 -1.132782 2.744401 1.000000
0.025411 -1.093321 2.973086 0.000000
-0.239157 -1.110595 2.965477 0.000000
-0.150108 0.727604 2.554895 0.620192
0.088888 0.359956 2.662212 1.000000
-0.355668 0.317200 2.560696 1.000000
-0.163085 0.394628 2.717885 0.000000
-0.097084 0.212549 2.505545 0.283654
0.069791 -0.006953 2.684543 1.000000
-0.333824 -0.020632 2.600958 0.490385
-0.101770 -0.024615 2.498466 0.538462
0.121843 0.072172 2.669870 1.000000
-0.401671 0.064403 2.694630 1.000000
0.184682 -0.217931 2.550325 1.000000
-0.356190 -0.249336 2.651097 1.000000
0.132362 -0.289704 2.563195 0.223558
-0.410304 -0.299585 2.600097 0.173077
-0.018026 -0.633747 2.691693 1.000000
-0.268865 -0.633083 2.693190 1.000000
-0.010611 -1.128392 2.737702 1.000000
-0.269880 -1.126351 2.752606 1.000000
-0.056585 -1.108664 2.957198 0.000000
-0.320235 -1.100008 2.970440 0.000000
-0.143605 0.718915 2.561177 0.740385
0.096888 0.371237 2.706213 1.000000
-0.340182 0.366525 2.569422 1.000000
-0.157042 0.409128 2.749524 0.000000
-0.082340 0.259183 2.516001 0.302885
0.054213 0.002926 2.699560 1.000000
-0.340282 0.005037 2.579358 0.480769
-0.100067 -0.004707 2.498291 0.591346
0.150555 0.092218 2.646606 1.000000
-0.399792 0.106047 2.682913 1.000000
0.282629 -0.160493 2.500034 1.000000
-0.377239 -0.208695 2.626206 1.000000
0.275241 -0.137150 2.413692 1.000000
-0.416225 -0.287434 2.607915 0.088942
-0.010468 -0.617498 2.680544 1.000000
-0.267195 -0.613311 2.685476 1.000000
-0.012845 -1.107778 2.761092 1.000000
-0.271317 -1.107159 2.739928 1.000000
-0.078749 -1.072569 2.973456 0.000000
-0.338340 -1.083053 2.953488 0.000000
-0.150512 0.695583 2.519033 1.000000
0.094195 0.376455 2.705826 1.000000
-0.345678 0.374371 2.578267 1.000000
-0.158828 0.412517 2.755534 0.000000
-0.088825 0.269168 2.516479 0.350962
0.050636 0.006976 2.691409 1.000000
-0.347015 0.015696 2.582427 0.423077
-0.109372 0.002422 2.494567 0.591346
0.177852 0.108559 2.629573 1.000000
-0.398243 0.107151 2.680299 1.000000
0.371806 -0.097703 2.477947 1.000000
-0.391330 -0.208485 2.621334 1.000000
0.359594 -0.069111 2.393758 0.728365
-0.413059 -0.288654 2.587347 0.173077
-0.019206 -0.611433 2.681358 1.000000
-0.262100 -0.606706 2.677100 1.000000
-0.008180 -1.101411 2.763100 1.000000
-0.275277 -1.096782 2.757931 1.000000
-0.068740 -1.067058 2.977188 0.000000
-0.333780 -1.059874 2.972166 0.000000
-0.135660 0.697316 2.520624 1.000000
-0.369431 0.373705 2.635314 1.000000
0.081406 0.368027 2.715800 1.000000
-0.126440 0.451087 2.582784 0.000000
-0.159739 0.222037 2.753150 0.000000
-0.351693 0.011208 2.586096 0.509615
0.056408 0.012137 2.645528 1.000000
-0.168947 0.014562 2.762058 0.000000
-0.419252 0.093685 2.679309 1.000000
0.208340 0.131294 2.612492 1.000000
-0.401099 -0.209478 2.585620 1.000000
0.479211 0.115481 2.446987 1.000000
-0.388718 -0.286022 2.540429 0.257212
0.555446 0.108740 2.400112 0.000000
-0.265838 -0.606960 2.679093 1.000000
-0.019202 -0.607819 2.682131 1.000000
-0.273057 -1.099662 2.743070 1.000000
-0.014691 -1.100709 2.744894 1.000000
-0.241472 -1.128819 2.522087 0.000000
0.020561 -1.128478 2.524287 0.000000
-0.110773 0.678693 2.544128 1.000000
-0.372948 0.361598 2.641281 1.000000
0.083852 0.353037 2.673278 1.000000
-0.135996 0.423505 2.552891 0.000000
-0.154023 0.221065 2.756091 0.000000
-0.354279 -0.006414 2.595002 0.557692
0.056285 0.000226 2.633373 1.000000
-0.162796 -0.000168 2.761330 0.000000
-0.414508 0.081866 2.679341 1.000000
0.260638 0.146882 2.585690 1.000000
-0.397319 -0.213728 2.571487 1.000000
0.548142 0.178071 2.460507 1.000000
-0.400917 -0.290317 2.524844 0.139423
0.630334 0.198983 2.431155 0.021635
-0.271396 -0.622071 2.683776 1.000000
-0.021208 -0.620929 2.685047 1.000000
-0.276067 -1.114020 2.753597 1.000000
-0.007667 -1.113546 2.748740 1.000000
-0.256112 -1.145716 2.531609 0.000000
0.015043 -1.141651 2.526534 0.000000
-0.119606 0.643185 2.476554 1.000000
-0.376512 0.362797 2.661474 1.000000
0.081257 0.362862 2.646919 1.000000
-0.151003 0.427090 2.548319 0.129808
-0.144376 0.228402 2.755867 0.000000
-0.358592 -0.007307 2.625016 0.490385
0.053368 -0.002934 2.606347 0.971154
-0.145959 -0.001603 2.763307 0.000000
-0.414896 0.082765 2.682043 1.000000
0.284534 0.183616 2.564078 1.000000
-0.397363 -0.210299 2.573627 1.000000
0.579401 0.225476 2.467911 1.000000
-0.401765 -0.295543 2.545907 0.139423
0.622482 0.171760 2.410353 0.560096
-0.267557 -0.625863 2.683661 1.000000
-0.023339 -0.622018 2.686342 1.000000
-0.271685 -1.116654 2.761299 1.000000
-0.011776 -1.114181 2.753882 1.000000
-0.283461 -1.151684 2.539228 0.000000
-0.020354 -1.144964 2.531037 0.000000
-0.120989 0.639034 2.444724 1.000000
-0.372611 0.367404 2.672096 1.000000
0.083312 0.365022 2.628596 1.000000
-0.154586 0.427049 2.542870 0.096154
-0.135263 0.235113 2.755905 0.000000
-0.359339 -0.002648 2.647596 0.355769
0.048665 -0.002786 2.587502 1.000000
-0.133802 0.000778 2.763747 0.000000
-0.419031 0.089848 2.678607 1.000000
0.286677 0.222694 2.495859 1.000000
-0.398132 -0.206589 2.587396 1.000000
0.576522 0.270318 2.394113 1.000000
-0.414053 -0.290478 2.559765 0.206731
0.636108 0.225083 2.344538 0.829327
-0.265495 -0.624234 2.680145 1.000000
-0.017882 -0.618398 2.687980 1.000000
-0.276641 -1.114993 2.757376 1.000000
-0.016951 -1.111572 2.748909 1.000000
-0.310943 -1.148821 2.537467 0.000000
-0.047564 -1.138975 2.527565 0.000000
-0.131682 0.640057 2.437358 1.000000
-0.367592 0.377619 2.683169 1.000000
0.086958 0.366094 2.628256 1.000000
-0.151467 0.435581 2.550045 0.019231
-0.131384 0.237968 2.757752 0.000000
-0.356911 0.006462 2.654413 0.375000
0.049239 0.006088 2.582853 1.000000
-0.128187 0.007160 2.764205 0.000000
-0.407831 0.099683 2.681856 1.000000
0.261815 0.244400 2.445270 1.000000
-0.408772 -0.201203 2.606678 1.000000
0.520294 0.322201 2.292562 1.000000
-0.347059 -0.259054 2.576691 0.728365
0.585238 0.264723 2.269476 0.930288
-0.262941 -0.615600 2.678816 1.000000
-0.020096 -0.609681 2.686404 1.000000
-0.278587 -1.107310 2.748939 1.000000
-0.017390 -1.103568 2.741248 1.000000
-0.318723 -1.137332 2.529464 0.000000
-0.054957 -1.128270 2.520659 0.000000
-0.131952 0.642458 2.452899 1.000000
-0.364602 0.380141 2.685992 1.000000
0.088282 0.359439 2.620941 1.000000
-0.150860 0.429959 2.545906 0.100962
-0.128828 0.239418 2.759928 0.000000
-0.351624 0.011376 2.654968 0.182692
0.054047 -0.001050 2.581788 1.000000
-0.122547 0.005153 2.763847 0.000000
-0.408095 0.103356 2.685889 1.000000
0.211188 0.253972 2.392310 1.000000
-0.398200 -0.198441 2.618373 1.000000
0.421438 0.365384 2.194525 1.000000
-0.406389 -0.276606 2.575042 0.274038
0.480219 0.317893 2.146111 0.963942
-0.261256 -0.614562 2.676321 1.000000
-0.015410 -0.612268 2.688686 1.000000
-0.277975 -1.103719 2.762304 1.000000
-0.017785 -1.105049 2.752782 1.000000
-0.319712 -1.140633 2.544184 0.000000
-0.056418 -1.133472 2.532825 0.000000
-0.125696 0.638745 2.446800 0.153846
-0.337997 0.389180 2.669946 1.000000
0.118298 0.352986 2.654170 0.000000
-0.107787 0.441508 2.560141 0.009615
-0.117717 0.231101 2.755660 0.000000
-0.348431 0.019395 2.625564 0.211538
0.062744 -0.008388 2.610004 1.000000
-0.137025 0.008922 2.765448 0.000000
-0.402812 0.117026 2.699574 1.000000
0.071034 0.272674 2.388722 0.600000
-0.404604 -0.186789 2.634633 1.000000
0.220727 0.321061 2.120815 1.000000
-0.371982 -0.248361 2.578072 0.762019
0.204310 0.384464 2.059456 1.000000
-0.258542 -0.610490 2.673806 1.000000
-0.008004 -0.615419 2.691061 1.000000
-0.274214 -1.101591 2.748173 1.000000
-0.014573 -1.108836 2.749822 1.000000
-0.284785 -1.134930 2.525781 0.000000
-0.021303 -1.135358 2.526366 0.000000
-0.133512 0.657670 2.481629 0.250000
-0.345359 0.350715 2.629316 1.000000
0.106539 0.325934 2.699589 0.000000
-0.100210 0.412642 2.567194 0.000000
-0.140610 0.194703 2.750135 0.000000
-0.335881 0.000926 2.592076 0.567308
0.072928 -0.025472 2.639587 0.826923
-0.148006 -0.004264 2.762503 0.000000
-0.400050 0.087343 2.709738 1.000000
0.046976 0.214793 2.448743 0.000000
-0.389566 -0.208587 2.617837 1.000000
0.069616 0.358024 2.174695 1.000000
-0.376933 -0.284859 2.572259 0.274038
0.015356 0.382984 2.107709 1.000000
-0.259352 -0.624920 2.685014 1.000000
-0.012059 -0.635177 2.696264 1.000000
-0.276086 -1.116834 2.753582 1.000000
-0.015026 -1.130199 2.739922 1.000000
-0.252811 -1.148524 2.531917 0.000000
0.011503 -1.149997 2.517244 0.000000
-0.142709 0.615828 2.468290 1.000000
-0.347867 0.365031 2.636823 1.000000
0.104595 0.309933 2.681607 0.000000
-0.103136 0.407941 2.558995 0.000000
-0.147625 0.197782 2.749915 0.000000
-0.338841 -0.021594 2.594259 0.432692
0.071021 -0.037018 2.637310 0.846154
-0.148943 -0.019285 2.762494 0.000000
-0.396789 0.097210 2.696717 1.000000
0.047288 0.293904 2.409270 1.000000
-0.395215 -0.200822 2.619615 1.000000
-0.116883 0.406066 2.174243 1.000000
-0.327452 -0.258309 2.607049 0.442308
-0.172303 0.444085 2.114766 1.000000
-0.260914 -0.643698 2.689461 1.000000
-0.006448 -0.649095 2.701450 1.000000
-0.279046 -1.136431 2.751518 1.000000
-0.014435 -1.145766 2.716292 1.000000
-0.257154 -1.165222 2.529317 0.000000
0.010685 -1.152852 2.492685 0.000000
-0.147948 0.627651 2.472697 1.000000
-0.345791 0.374232 2.635310 0.000000
0.093788 0.262569 2.699068 0.000000
-0.092121 0.405073 2.585391 0.000000
-0.172803 0.167025 2.724748 0.000000
-0.329849 -0.019927 2.571362 0.548077
0.073766 -0.054933 2.648488 1.000000
-0.154364 -0.022217 2.754582 0.000000
-0.403152 0.105032 2.684562 1.000000
0.031873 0.305304 2.429763 1.000000
-0.389377 -0.191918 2.601001 1.000000
-0.217309 0.406932 2.278333 1.000000
-0.353344 -0.259787 2.647367 0.543269
-0.304070 0.428715 2.271093 1.000000
-0.253378 -0.645330 2.694845 1.000000
-0.001067 -0.659866 2.698242 1.000000
-0.277228 -1.138227 2.753632 1.000000
-0.017855 -1.156401 2.710238 1.000000
-0.231387 -1.166516 2.535046 0.000000
0.028100 -1.163276 2.489961 0.000000
-0.117422 0.628751 2.506596 1.000000
-0.338916 0.382488 2.630966 0.000000
0.109276 0.310092 2.691355 0.000000
-0.089790 0.422426 2.566674 0.000000
-0.148931 0.201947 2.741283 0.000000
-0.330324 -0.013510 2.579695 0.509615
0.077035 -0.034005 2.640670 0.682692
-0.147920 -0.012680 2.756041 0.000000
-0.397213 0.115692 2.687706 1.000000
0.048159 0.319513 2.419373 1.000000
-0.382023 -0.182107 2.610473 1.000000
-0.227846 0.395701 2.305812 1.000000
-0.395219 -0.268382 2.589573 0.189904
-0.315707 0.406819 2.320344 1.000000
-0.257048 -0.635094 2.692467 1.000000
-0.007684 -0.645392 2.696299 1.000000
-0.276816 -1.128499 2.748466 1.000000
-0.015451 -1.142297 2.697094 1.000000
-0.245452 -1.154880 2.527103 0.000000
0.018972 -1.143191 2.474618 0.000000
-0.088043 0.715927 2.591446 1.000000
-0.338522 0.390218 2.622837 0.000000
0.110303 0.327456 2.689022 0.000000
-0.089640 0.430114 2.557584 0.000000
-0.146650 0.218558 2.743571 0.000000
-0.330226 -0.004938 2.575322 0.586538
0.076755 -0.027132 2.638194 0.807692
-0.148545 -0.003361 2.752407 0.000000
-0.392397 0.128917 2.695086 1.000000
0.069018 0.317766 2.415888 1.000000
-0.391766 -0.165355 2.613973 1.000000
-0.202202 0.390141 2.295984 1.000000
-0.339021 -0.227684 2.576723 0.812500
-0.291136 0.395688 2.306682 1.000000
-0.260541 -0.627421 2.684690 1.000000
-0.008842 -0.638699 2.686740 1.000000
-0.275039 -1.117367 2.766673 1.000000
-0.008639 -1.135371 2.703945 1.000000
-0.244083 -1.155059 2.546895 0.000000
0.026108 -1.143057 2.481651 0.000000
-0.118229 0.728219 2.582520 0.990385
-0.327133 0.405096 2.632252 0.000000
0.121115 0.345723 2.705139 0.000000
-0.077590 0.448943 2.572271 0.000000
-0.135556 0.233027 2.752874 0.000000
-0.328000 0.011913 2.573606 0.615385
0.077166 -0.012692 2.646503 1.000000
-0.151102 0.007336 2.755419 0.000000
-0.393923 0.144733 2.685135 1.000000
0.123701 0.294985 2.435945 1.000000
-0.387795 -0.150404 2.618953 1.000000
-0.088394 0.372025 2.234440 1.000000
-0.365014 -0.225954 2.576201 0.762019
-0.171086 0.381537 2.200885 1.000000
-0.262565 -0.611783 2.679250 1.000000
-0.012875 -0.625000 2.681510 1.000000
-0.277275 -1.104717 2.740747 1.000000
-0.011176 -1.118142 2.743083 1.000000
-0.240347 -1.133295 2.520518 0.000000
0.029937 -1.145426 2.523432 0.000000
-0.129756 0.727200 2.583350 0.923077
-0.310386 0.414649 2.634955 1.000000
0.134154 0.344561 2.720018 0.000000
-0.058300 0.455617 2.584298 0.000000
-0.125895 0.235307 2.756028 0.000000
-0.332541 0.022800 2.567480 0.798077
0.070971 0.005598 2.650912 1.000000
-0.160525 0.018541 2.753926 0.000000
-0.405326 0.159452 2.680611 1.000000
0.157402 0.260301 2.458133 0.676923
-0.397370 -0.141521 2.632539 1.000000
0.037440 0.357587 2.195257 1.000000
-0.375934 -0.211870 2.581099 1.000000
-0.021612 0.370415 2.128905 1.000000
-0.264417 -0.599779 2.668775 1.000000
-0.017705 -0.609456 2.680424 1.000000
-0.271687 -1.091169 2.742721 1.000000
-0.012707 -1.102102 2.745697 1.000000
-0.229487 -1.124687 2.524142 0.000000
0.034159 -1.130556 2.527350 0.000000
-0.136896 0.701538 2.574967 1.000000
-0.330880 0.392952 2.621480 1.000000
0.108755 0.350698 2.742724 0.000000
-0.079362 0.455362 2.596268 0.000000
-0.144030 0.220621 2.748949 0.000000
-0.327785 0.020320 2.552267 0.721154
0.067181 0.003006 2.669661 1.000000
-0.172289 0.014620 2.752662 0.000000
-0.405732 0.133137 2.690240 1.000000
0.136796 0.237458 2.489298 1.000000
-0.405600 -0.169882 2.634537 1.000000
0.235497 0.317544 2.208642 1.000000
-0.369981 -0.226193 2.574414 1.000000
0.194336 0.343080 2.133090 0.257212
-0.266858 -0.600763 2.670278 1.000000
-0.025370 -0.613251 2.679185 1.000000
-0.268375 -1.091210 2.750576 1.000000
-0.011307 -1.106114 2.741445 1.000000
-0.208627 -1.126460 2.536406 0.000000
0.053459 -1.131315 2.527315 0.000000
-0.154834 0.684405 2.584359 1.000000
-0.373853 0.369812 2.668718 1.000000
0.080254 0.347692 2.613386 1.000000
-0.156791 0.420768 2.534258 0.000000
-0.140511 0.226580 2.745499 0.000000
-0.357744 0.003489 2.635869 0.355769
0.051179 -0.011404 2.584501 1.000000
-0.134833 -0.003240 2.756845 0.000000
-0.407437 0.092984 2.678352 1.000000
0.275514 0.179452 2.506507 1.000000
-0.406231 -0.205672 2.602522 1.000000
0.416424 0.359898 2.300277 1.000000
-0.394337 -0.283666 2.559746 0.257212
0.477983 0.336186 2.239428 1.000000
-0.267841 -0.622534 2.672057 1.000000
-0.021090 -0.621742 2.686594 1.000000
-0.277680 -1.112629 2.753916 1.000000
-0.017617 -1.113536 2.758132 1.000000
-0.307973 -1.148788 2.533788 0.000000
-0.044886 -1.145892 2.537019 0.000000
-0.101889 0.642890 2.483249 1.000000
-0.372248 0.367536 2.658453 1.000000
0.082725 0.339054 2.614267 1.000000
-0.151118 0.416649 2.530074 0.000000
-0.143107 0.219881 2.739394 0.000000
-0.358538 0.004886 2.643584 0.490385
0.048072 -0.016432 2.578069 1.000000
-0.131677 -0.004952 2.756753 0.000000
-0.414167 0.092194 2.679888 1.000000
0.315172 0.196802 2.552927 1.000000
-0.407792 -0.207873 2.608609 1.000000
0.568063 0.321697 2.427991 1.000000
-0.408774 -0.288781 2.569784 0.257212
0.637136 0.288024 2.381629 0.728365
-0.274034 -0.622536 2.678910 1.000000
-0.023972 -0.624817 2.683522 1.000000
-0.275844 -1.112994 2.759160 1.000000
-0.013880 -1.115838 2.759611 1.000000
-0.314654 -1.148662 2.540292 0.000000
-0.049655 -1.150591 2.540081 0.000000
-0.089409 0.616742 2.434134 1.000000
-0.369326 0.373530 2.662677 1.000000
0.084685 0.345002 2.609541 1.000000
-0.150382 0.425461 2.531686 0.000000
-0.139242 0.223137 2.735495 0.000000
-0.364945 0.003196 2.631481 0.288462
0.044600 -0.011798 2.585356 1.000000
-0.143455 0.000776 2.755199 0.000000
-0.414290 0.097293 2.678852 1.000000
0.312284 0.181518 2.601651 1.000000
-0.416132 -0.201502 2.597837 1.000000
0.596878 0.288348 2.543011 1.000000
-0.372290 -0.277696 2.615912 0.307692
0.674450 0.243291 2.545643 1.000000
-0.279753 -0.620803 2.686800 1.000000
-0.028709 -0.623231 2.681453 1.000000
-0.273233 -1.113144 2.754267 1.000000
-0.016883 -1.115210 2.750815 1.000000
-0.301271 -1.143834 2.533013 0.000000
-0.041700 -1.147032 2.529336 0.000000
-0.085288 0.625330 2.436378 0.312500
-0.367746 0.373134 2.666520 1.000000
0.084870 0.338192 2.605846 1.000000
-0.149920 0.424301 2.533383 0.000000
-0.139210 0.217314 2.732478 0.000000
-0.360349 0.005523 2.650622 0.288462
0.042905 -0.015193 2.566741 1.000000
-0.128309 0.002124 2.753169 0.000000
-0.416151 0.095925 2.681714 1.000000
0.313246 0.173698 2.620162 1.000000
-0.408194 -0.208101 2.615679 1.000000
0.609651 0.260058 2.580898 1.000000
-0.408282 -0.275555 2.556480 0.105769
0.681208 0.207195 2.592707 1.000000
-0.280767 -0.620455 2.690340 1.000000
-0.030600 -0.624291 2.680362 1.000000
-0.277501 -1.113366 2.753781 1.000000
-0.015734 -1.116505 2.747451 1.000000
-0.326395 -1.141736 2.535869 0.000000
-0.062287 -1.147631 2.529402 0.000000
-0.089256 0.622744 2.434591 1.000000
-0.372965 0.369952 2.661574 1.000000
0.080752 0.337857 2.607961 1.000000
-0.154018 0.418345 2.529242 0.000000
-0.143598 0.219484 2.736468 0.000000
-0.362445 0.000852 2.645487 0.317308
0.043113 -0.013792 2.572090 1.000000
-0.133133 0.000324 2.754046 0.000000
-0.417033 0.092454 2.682026 1.000000
0.311922 0.178227 2.586883 1.000000
-0.408060 -0.212085 2.619045 1.000000
0.596911 0.263924 2.496174 1.000000
-0.413368 -0.298710 2.596189 0.122596
0.673138 0.226473 2.525180 0.963942
-0.279946 -0.623267 2.689317 1.000000
-0.028611 -0.624544 2.683120 1.000000
-0.273306 -1.115890 2.754706 1.000000
-0.013463 -1.116972 2.748564 1.000000
-0.316433 -1.145535 2.535748 0.000000
-0.053831 -1.147369 2.529184 0.000000
-0.096719 0.612358 2.419083 1.000000
-0.369661 0.372606 2.674348 1.000000
0.082895 0.347459 2.608588 1.000000
-0.154874 0.425942 2.537186 0.000000
-0.136473 0.224141 2.740987 0.000000
-0.365478 0.001743 2.639915 0.144231
0.042776 -0.008569 2.582459 1.000000
-0.140639 0.001563 2.757462 0.000000
-0.416210 0.095477 2.684305 1.000000
0.287164 0.176827 2.517895 1.000000
-0.410656 -0.207934 2.618447 1.000000
0.544425 0.307379 2.403006 1.000000
-0.396920 -0.273870 2.559133 0.324519
0.612601 0.261802 2.366549 1.000000
-0.273951 -0.621833 2.686229 1.000000
-0.028332 -0.620577 2.687754 1.000000
-0.276677 -1.114211 2.753726 1.000000
-0.014599 -1.114073 2.744951 1.000000
-0.309707 -1.144275 2.533076 0.000000
-0.046126 -1.140602 2.523628 0.000000
-0.090786 0.623844 2.435358 1.000000
-0.365967 0.388138 2.687762 1.000000
0.085021 0.359347 2.613295 1.000000
-0.153856 0.437185 2.544950 0.048077
-0.132055 0.240246 2.753125 0.000000
-0.358555 0.008001 2.661510 0.250000
0.043558 -0.003433 2.570664 1.000000
-0.124857 0.004993 2.760230 0.000000
-0.407497 0.111728 2.687383 1.000000
0.188218 0.193567 2.413307 1.000000
-0.411704 -0.189658 2.620823 1.000000
0.365371 0.305054 2.186440 1.000000
-0.378458 -0.266017 2.587381 0.375000
0.362840 0.389775 2.156939 1.000000
-0.262384 -0.617953 2.678923 1.000000
-0.018404 -0.612945 2.692957 1.000000
-0.279073 -1.109378 2.751196 1.000000
-0.018291 -1.106502 2.751276 1.000000
-0.329662 -1.139614 2.533922 0.000000
-0.066918 -1.132307 2.532985 0.000000
-0.082289 0.624576 2.432861 1.000000
-0.339099 0.389901 2.647641 1.000000
0.117980 0.361713 2.654581 0.000000
-0.105050 0.438929 2.544640 0.052885
-0.120335 0.242614 2.753981 0.000000
-0.351518 0.010785 2.629478 0.480769
0.060071 -0.002644 2.607269 0.846154
-0.137614 0.008630 2.765898 0.000000
-0.402525 0.120908 2.693944 1.000000
0.090447 0.233208 2.407089 0.953846
-0.400966 -0.180495 2.623815 1.000000
0.168403 0.353756 2.132944 1.000000
-0.385417 -0.254499 2.575483 0.492788
0.191749 0.390279 2.054360 0.000000
-0.259219 -0.614769 2.676668 1.000000
-0.016713 -0.614623 2.697316 1.000000
-0.278865 -1.106225 2.747987 1.000000
-0.017656 -1.108978 2.748438 1.000000
-0.292541 -1.137960 2.525530 0.000000
-0.029180 -1.132083 2.524798 0.000000
-0.078911 0.638419 2.439080 1.000000
-0.328221 0.401301 2.641763 1.000000
0.126673 0.352355 2.662730 0.000000
-0.089387 0.436375 2.544194 0.322115
-0.119603 0.247404 2.758609 0.000000
-0.343887 0.013356 2.612328 0.471154
0.067851 -0.003538 2.628630 0.884615
-0.143587 0.011566 2.768041 0.000000
-0.393759 0.131761 2.688087 1.000000
0.075240 0.258185 2.402769 0.861538
-0.401717 -0.173790 2.633007 1.000000
-0.039596 0.375312 2.139040 1.000000
-0.374841 -0.240150 2.578892 0.728365
-0.092914 0.406659 2.074009 1.000000
-0.255073 -0.612405 2.678647 1.000000
-0.011605 -0.616183 2.694559 1.000000
-0.275137 -1.103630 2.751426 1.000000
-0.013817 -1.109823 2.752143 1.000000
-0.268154 -1.136888 2.528881 0.000000
-0.003337 -1.135925 2.528782 0.000000
-0.100705 0.664129 2.458657 1.000000
-0.401857 0.356362 2.697210 0.000000
0.047298 0.411856 2.626893 0.528846
-0.201431 0.451202 2.560730 0.000000
-0.145744 0.247535 2.755705 0.000000
-0.340610 0.018603 2.654486 0.230769
0.066532 0.019961 2.588814 1.000000
-0.113536 0.024965 2.767476 0.000000
-0.396116 0.076950 2.686690 1.000000
0.003580 0.290970 2.378518 1.000000
-0.376768 -0.223744 2.618893 1.000000
-0.253880 0.382390 2.234490 1.000000
-0.371989 -0.311056 2.598693 0.000000
-0.342194 0.398324 2.235560 1.000000
-0.243701 -0.603714 2.670755 1.000000
-0.000367 -0.595488 2.697382 1.000000
-0.279073 -1.092073 2.755940 1.000000
-0.012199 -1.090267 2.742724 1.000000
-0.315344 -1.127700 2.536631 0.000000
-0.045194 -1.109807 2.520889 0.000000
-0.089034 0.701522 2.614506 1.000000
-0.399421 0.380980 2.710600 0.000000
0.048576 0.402695 2.617913 0.769231
-0.199567 0.459717 2.563458 0.000000
-0.149382 0.254062 2.757841 0.000000
-0.336526 0.027657 2.666587 0.144231
0.065411 0.022842 2.574379 1.000000
-0.102480 0.028053 2.764524 0.000000
-0.394990 0.102491 2.698674 1.000000
-0.006133 0.281079 2.373097 1.000000
-0.383155 -0.195685 2.622955 1.000000
-0.284970 0.380782 2.288887 1.000000
-0.320612 -0.254546 2.596914 0.576923
-0.371569 0.383845 2.312244 1.000000
-0.243423 -0.596894 2.668430 1.000000
-0.001797 -0.590601 2.690906 1.000000
-0.278552 -1.084986 2.755238 1.000000
-0.009295 -1.082460 2.761773 1.000000
-0.329097 -1.119868 2.538652 0.000000
-0.056983 -1.113123 2.543904 0.000000
-0.079629 0.701863 2.635011 0.221154
-0.419736 0.410874 2.680767 0.000000
0.035327 0.415224 2.629173 0.701923
-0.204983 0.473039 2.547319 0.572115
-0.178921 0.282784 2.761143 0.000000
-0.335576 0.038679 2.640691 0.211538
0.074679 0.032559 2.599068 1.000000
-0.115515 0.036498 2.766938 0.000000
-0.402587 0.134323 2.705838 1.000000
0.003983 0.291369 2.382029 1.000000
-0.380781 -0.162590 2.629913 1.000000
-0.276767 0.380281 2.294441 1.000000
-0.349087 -0.231765 2.582324 0.795673
-0.361855 0.374422 2.322369 1.000000
-0.244520 -0.585591 2.667196 1.000000
-0.000112 -0.582793 2.686323 1.000000
-0.278807 -1.073826 2.753538 1.000000
-0.013658 -1.075886 2.746989 1.000000
-0.302824 -1.111169 2.532835 0.000000
-0.033367 -1.102737 2.524341 0.000000
-0.061234 0.696816 2.614370 0.254808
-0.348156 0.353156 2.762986 1.000000
0.085228 0.391941 2.620023 0.759615
-0.166303 0.458322 2.609163 0.942308
-0.097341 0.219517 2.753431 0.000000
-0.324932 0.032717 2.688372 0.182692
0.064158 0.033993 2.551674 1.000000
-0.081389 0.031133 2.759466 0.000000
-0.392987 0.084527 2.703411 1.000000
0.057479 0.272460 2.369673 1.000000
-0.377958 -0.207849 2.608147 1.000000
-0.196750 0.379426 2.232885 1.000000
-0.328620 -0.281728 2.620876 0.795673
-0.285821 0.379747 2.243873 1.000000
-0.249465 -0.589343 2.663789 1.000000
-0.007104 -0.581930 2.680315 1.000000
-0.267679 -1.078311 2.750870 1.000000
-0.014074 -1.074887 2.743166 1.000000
-0.344603 -1.112627 2.542096 0.000000
-0.086435 -1.100841 2.531573 0.000000
-0.057070 0.660521 2.579707 1.000000
-0.323722 0.394427 2.655368 1.000000
0.133217 0.366164 2.642225 0.000000
-0.094984 0.436080 2.538167 1.000000
-0.099821 0.254362 2.760770 0.000000
-0.335093 0.014787 2.621418 0.288462
0.076922 -0.001247 2.613312 0.846154
-0.126148 0.007534 2.765151 0.000000
-0.386364 0.128140 2.706861 1.000000
0.111662 0.250856 2.389789 1.000000
-0.383318 -0.170425 2.633742 1.000000
-0.076675 0.375700 2.181366 1.000000
-0.359852 -0.254757 2.613943 0.526442
-0.158022 0.379254 2.143626 1.000000
-0.255647 -0.610827 2.670396 1.000000
-0.004275 -0.613649 2.690752 1.000000
-0.276507 -1.100059 2.755380 1.000000
-0.015642 -1.106728 2.751980 1.000000
-0.284031 -1.138255 2.533647 0.000000
-0.018204 -1.134410 2.528578 0.000000
-0.136005 0.745201 2.589432 0.673077
-0.311346 0.404659 2.647520 1.000000
0.143207 0.357765 2.678274 0.000000
-0.070140 0.448711 2.559937 0.245192
-0.104702 0.244100 2.758776 0.000000
-0.337774 0.023571 2.602208 0.615385
0.073483 0.006574 2.627852 1.000000
-0.141280 0.016638 2.762557 0.000000
-0.391125 0.141827 2.700059 1.000000
0.139125 0.215167 2.437745 0.738462
-0.397113 -0.161706 2.643424 1.000000
0.103144 0.345758 2.160206 1.000000
-0.360540 -0.235069 2.606890 1.000000
0.049580 0.365539 2.090967 1.000000
-0.260197 -0.601512 2.669003 1.000000
-0.016539 -0.607708 2.683669 1.000000
-0.270688 -1.084471 2.785819 1.000000
-0.009897 -1.100017 2.751438 1.000000
-0.262654 -1.137528 2.567183 0.000000
0.004628 -1.130461 2.528855 0.000000
-0.145889 0.713059 2.581691 1.000000
-0.330744 0.389137 2.628061 1.000000
0.123162 0.369461 2.685908 0.817308
-0.087923 0.450107 2.556559 0.000000
-0.121536 0.238799 2.748434 0.000000
-0.338145 0.008200 2.588286 0.673077
0.071070 0.003693 2.639288 1.000000
-0.151730 0.012533 2.760333 0.000000
-0.400416 0.127484 2.709399 1.000000
0.163173 0.200998 2.462409 1.000000
-0.400969 -0.174955 2.631859 1.000000
0.372774 0.282062 2.245664 1.000000
-0.390030 -0.242583 2.573883 0.560096
0.354743 0.331403 2.172899 1.000000
-0.268938 -0.610159 2.681091 1.000000
-0.022795 -0.616030 2.679041 1.000000
-0.274876 -1.101466 2.755845 1.000000
-0.012823 -1.103986 2.772877 1.000000
-0.249909 -1.135416 2.534699 0.000000
0.017083 -1.145533 2.553649 0.000000
-0.197427 0.696018 2.579282 0.605769
-0.369495 0.364585 2.699376 1.000000
0.076821 0.364997 2.596588 1.000000
-0.169724 0.432217 2.546702 0.000000
-0.124308 0.227357 2.743086 0.000000
-0.353791 0.013304 2.667153 0.230769
0.045263 0.010596 2.563100 1.000000
-0.116961 0.013172 2.758154 0.000000
-0.405188 0.084169 2.691545 1.000000
0.255023 0.160103 2.517652 1.000000
-0.402367 -0.220943 2.625031 1.000000
0.461875 0.305616 2.334447 1.000000
-0.401747 -0.308506 2.605366 0.000000
0.531482 0.279206 2.284329 1.000000
-0.268290 -0.609672 2.673854 1.000000
-0.022797 -0.603928 2.681157 1.000000
-0.280502 -1.099195 2.758847 1.000000
-0.016441 -1.095681 2.752883 1.000000
-0.339444 -1.134934 2.544534 0.000000
-0.071641 -1.127880 2.537019 0.000000
-0.160535 0.660300 2.502337 1.000000
-0.363631 0.365897 2.680758 1.000000
0.085610 0.352975 2.592557 1.000000
-0.158076 0.420579 2.530596 0.000000
-0.122310 0.228063 2.740966 0.000000
-0.355967 0.007609 2.667125 0.259615
0.042689 -0.005965 2.562397 1.000000
-0.119006 0.003374 2.757685 0.000000
-0.406212 0.086318 2.691926 1.000000
0.304184 0.179440 2.545517 1.000000
-0.412489 -0.216560 2.615018 1.000000
0.571430 0.279709 2.418180 1.000000
-0.386654 -0.298329 2.588547 0.274038
0.652017 0.241071 2.426373 1.000000
-0.272394 -0.617732 2.687504 1.000000
-0.023748 -0.616580 2.682353 1.000000
-0.280371 -1.108881 2.763100 1.000000
-0.017198 -1.108296 2.754322 1.000000
-0.339725 -1.140975 2.548325 0.000000
-0.073596 -1.140594 2.538782 0.000000
-0.156622 0.633070 2.439917 1.000000
-0.359783 0.367394 2.672172 1.000000
0.090918 0.355013 2.591677 1.000000
-0.151439 0.424749 2.526930 0.038462
-0.119954 0.227492 2.733559 0.000000
-0.359617 0.007107 2.648615 0.221154
0.046198 -0.013538 2.578138 1.000000
-0.131120 0.003302 2.758816 0.000000
-0.406736 0.090077 2.705369 1.000000
0.310006 0.177104 2.568011 1.000000
-0.411204 -0.209086 2.614242 1.000000
0.598761 0.260507 2.481483 1.000000
-0.412556 -0.294879 2.587932 0.000000
0.672862 0.211066 2.492387 1.000000
-0.275990 -0.617928 2.702656 1.000000
-0.025089 -0.623223 2.680967 1.000000
-0.274628 -1.112027 2.756235 1.000000
-0.011188 -1.115488 2.747964 1.000000
-0.315397 -1.136007 2.536134 0.000000
-0.049836 -1.146468 2.528356 0.000000
-0.107607 0.627448 2.422057 1.000000
-0.358142 0.357796 2.673660 1.000000
0.091577 0.347510 2.587572 1.000000
-0.152036 0.414991 2.525197 0.033654
-0.116632 0.220102 2.733432 0.000000
-0.354602 0.002342 2.648687 0.250000
0.050501 -0.016015 2.573629 1.000000
-0.124822 0.000807 2.756245 0.000000
-0.407425 0.081328 2.708639 1.000000
0.314859 0.182809 2.531846 1.000000
-0.402348 -0.215705 2.611601 1.000000
0.595074 0.283012 2.436401 1.000000
-0.410197 -0.301927 2.587969 0.038462
0.666911 0.229644 2.429634 1.000000
-0.277403 -0.621755 2.698987 1.000000
-0.025351 -0.626567 2.681596 1.000000
-0.277329 -1.116626 2.744924 1.000000
-0.018060 -1.119597 2.743848 1.000000
-0.320766 -1.137049 2.524975 0.000000
-0.059256 -1.147921 2.524344 0.000000
-0.102958 0.601763 2.401144 1.000000
-0.356798 0.367619 2.678275 1.000000
0.091956 0.359290 2.587090 1.000000
-0.152662 0.425553 2.527397 0.033654
-0.113987 0.231131 2.735487 0.000000
-0.351284 0.003377 2.664467 0.163462
0.047183 -0.018758 2.560483 1.000000
-0.114496 -0.002891 2.755362 0.000000
-0.405110 0.092636 2.719433 1.000000
0.293055 0.201354 2.467678 1.000000
-0.401353 -0.201760 2.617222 1.000000
0.555558 0.309237 2.338900 1.000000
-0.407320 -0.287161 2.590289 0.156250
0.631515 0.262896 2.327178 1.000000
-0.273601 -0.623115 2.697042 1.000000
-0.022302 -0.626878 2.681177 1.000000
-0.275190 -1.118428 2.737912 1.000000
-0.015067 -1.119423 2.747164 1.000000
-0.334170 -1.136106 2.521371 0.000000
-0.072270 -1.149161 2.531468 0.000000
-0.109395 0.624197 2.411206 1.000000
-0.348183 0.367501 2.692813 1.000000
0.094739 0.361617 2.576413 1.000000
-0.153282 0.426138 2.530433 0.024038
-0.101656 0.232736 2.736655 0.000000
-0.347753 0.011246 2.672166 0.115385
0.048015 -0.011862 2.558534 1.000000
-0.109008 0.000982 2.757402 0.000000
-0.398391 0.091499 2.719737 1.000000
0.203752 0.209176 2.365935 1.000000
-0.403508 -0.204913 2.625006 1.000000
0.348372 0.384181 2.153054 1.000000
-0.340038 -0.268056 2.618767 0.425481
0.418251 0.357251 2.103596 1.000000
-0.264969 -0.617217 2.688891 1.000000
-0.021457 -0.619070 2.684335 1.000000
-0.276719 -1.110916 2.744846 1.000000
-0.017140 -1.112348 2.744883 1.000000
-0.340387 -1.133737 2.530121 0.000000
-0.079941 -1.139228 2.530372 0.000000
-0.092853 0.622341 2.415035 0.370192
-0.324293 0.372031 2.656652 1.000000
0.131332 0.353460 2.613925 0.000000
-0.104002 0.424602 2.528199 0.129808
-0.092043 0.230705 2.739996 0.000000
-0.345735 0.015087 2.642620 0.144231
0.061254 -0.015972 2.583674 0.980769
-0.120713 0.004246 2.759313 0.000000
-0.395522 0.109420 2.732701 1.000000
0.093794 0.231988 2.361620 1.000000
-0.399374 -0.185870 2.632018 1.000000
0.197355 0.349919 2.091964 1.000000
-0.367976 -0.269926 2.630266 0.341346
0.237382 0.377851 2.016651 0.156250
-0.257408 -0.615126 2.685431 1.000000
-0.013058 -0.622066 2.683293 1.000000
-0.280486 -1.106913 2.753408 1.000000
-0.023020 -1.115327 2.743317 1.000000
-0.314524 -1.135815 2.532756 0.000000
-0.054461 -1.141629 2.521955 0.000000
-0.112625 0.614808 2.402263 0.427885
-0.320652 0.375793 2.640690 1.000000
0.134487 0.327827 2.658330 0.000000
-0.082233 0.415987 2.544085 0.000000
-0.111104 0.217863 2.750265 0.000000
-0.341352 0.006868 2.614442 0.355769
0.070049 -0.021123 2.607768 0.903846
-0.132790 -0.000276 2.758735 0.000000
-0.392709 0.121428 2.741626 1.000000
0.089722 0.243903 2.391806 1.000000
-0.392374 -0.171921 2.633871 1.000000
0.004386 0.357909 2.113624 1.000000
-0.380495 -0.256468 2.661531 0.492788
-0.034934 0.388263 2.038878 1.000000
-0.259612 -0.620018 2.689563 1.000000
-0.010483 -0.629226 2.687438 1.000000
-0.267866 -1.113278 2.749849 1.000000
-0.008917 -1.122757 2.746028 1.000000
-0.274018 -1.140477 2.526458 0.000000
-0.012516 -1.149304 2.522503 0.000000
-0.091859 0.631280 2.439562 1.000000
-0.338187 0.358027 2.670536 0.000000
0.111383 0.287790 2.618404 0.567308
-0.114574 0.391821 2.541511 0.000000
-0.123778 0.184973 2.740825 0.000000
-0.340952 -0.021514 2.636531 0.192308
0.068370 -0.044230 2.591605 1.000000
-0.119810 -0.026116 2.760808 0.000000
-0.385812 0.087194 2.738502 1.000000
0.017391 0.281526 2.351263 1.000000
-0.388343 -0.207556 2.633759 1.000000
-0.228602 0.386290 2.188883 1.000000
-0.395169 -0.293624 2.609264 0.206731
-0.315382 0.407663 2.180707 1.000000
-0.258588 -0.647672 2.693366 1.000000
-0.003231 -0.651385 2.697124 1.000000
-0.282380 -1.141474 2.744373 1.000000
-0.024069 -1.146577 2.733974 1.000000
-0.308128 -1.163225 2.521785 0.000000
-0.046688 -1.162253 2.510537 0.000000
-0.107818 0.585687 2.438326 0.980769
-0.334129 0.368919 2.660194 0.000000
0.116989 0.302085 2.617889 0.211538
-0.108819 0.400564 2.533601 0.000000
-0.118993 0.201090 2.740250 0.000000
-0.341255 -0.026654 2.631695 0.278846
0.068870 -0.048131 2.594076 1.000000
-0.122188 -0.027081 2.759676 0.000000
-0.383456 0.102234 2.737990 1.000000
-0.001883 0.281704 2.362819 1.000000
-0.387502 -0.192431 2.636791 1.000000
-0.283908 0.387798 2.283508 1.000000
-0.346622 -0.260100 2.594317 0.492788
-0.370908 0.391707 2.305191 1.000000
-0.257741 -0.651319 2.700449 1.000000
0.000557 -0.655853 2.694694 1.000000
-0.278442 -1.145579 2.748263 1.000000
-0.022473 -1.151282 2.726760 1.000000
-0.300126 -1.166256 2.525141 0.000000
-0.040103 -1.164961 2.502743 0.000000
-0.097929 0.614925 2.440509 0.163462
-0.355553 0.373092 2.749166 0.000000
0.068516 0.342697 2.578857 1.000000
-0.177383 0.427497 2.567266 0.000000
-0.116900 0.218600 2.755151 0.000000
-0.331906 0.009157 2.680525 0.019231
0.057273 -0.009317 2.545333 1.000000
-0.088690 0.003035 2.752485 0.000000
-0.380138 0.091404 2.729472 1.000000
-0.017631 0.268805 2.319128 1.000000
-0.385890 -0.203569 2.624891 1.000000
-0.309252 0.379010 2.347271 1.000000
-0.355223 -0.272460 2.673553 0.391827
-0.383344 0.378772 2.397914 1.000000
-0.257056 -0.617948 2.682717 1.000000
-0.009169 -0.617480 2.682388 1.000000
-0.278609 -1.109932 2.749767 1.000000
-0.019551 -1.110596 2.743517 1.000000
-0.354256 -1.135307 2.539256 0.000000
-0.092516 -1.135283 2.531980 0.000000
-0.059042 0.571325 2.433417 1.000000
-0.314846 0.416853 2.687225 1.000000
0.106801 0.284892 2.570303 0.615385
-0.116113 0.407571 2.519264 0.000000
-0.110857 0.226600 2.742466 0.000000
-0.342482 -0.018189 2.674488 0.000000
0.052597 -0.053369 2.561557 1.000000
-0.104032 -0.032172 2.760020 0.000000
-0.392249 0.144636 2.733556 1.000000
-0.037271 0.290368 2.322406 1.000000
-0.397233 -0.159766 2.646317 1.000000
-0.332485 0.361974 2.411946 1.000000
-0.368819 -0.237644 2.611934 0.980769
-0.386289 0.304406 2.454904 0.593750
-0.256848 -0.650210 2.695571 1.000000
-0.003174 -0.653400 2.695278 1.000000
-0.285767 -1.144253 2.741326 1.000000
-0.024186 -1.148694 2.730647 1.000000
-0.348442 -1.160552 2.525716 0.000000
-0.085503 -1.161534 2.514414 0.000000
-0.092023 0.625538 2.431719 1.000000
-0.329666 0.332725 2.781053 0.000000
0.089807 0.301523 2.599855 0.000000
-0.142475 0.417235 2.621023 0.000000
-0.113666 0.154131 2.733021 0.000000
-0.327723 -0.010590 2.698752 0.000000
0.050031 -0.036969 2.535398 1.000000
-0.080676 -0.031068 2.752770 0.000000
-0.403478 0.061279 2.709150 1.000000
0.037272 0.251900 2.318646 1.000000
-0.369954 -0.243038 2.613876 1.000000
-0.267445 0.335798 2.372672 1.000000
-0.342741 -0.306425 2.556465 0.189904
-0.338798 0.295288 2.409034 0.997596
-0.261168 -0.640529 2.681590 1.000000
-0.010423 -0.638811 2.690238 1.000000
-0.285912 -1.132326 2.748906 1.000000
-0.016024 -1.132872 2.743914 1.000000
-0.376765 -1.155766 2.544266 0.000000
-0.106050 -1.154149 2.538673 0.000000
-0.158532 0.561548 2.469463 1.000000
-0.321697 0.367902 2.648797 1.000000
0.129499 0.304519 2.602222 1.000000
-0.100725 0.386438 2.512343 0.000000
-0.100671 0.216509 2.744121 0.000000
-0.341448 -0.004439 2.631416 0.230769
0.067293 -0.041040 2.590549 0.913462
-0.122084 -0.019450 2.758001 0.000000
-0.398097 0.098747 2.728649 1.000000
0.059828 0.224913 2.331175 1.000000
-0.394651 -0.204711 2.623069 1.000000
-0.248913 0.309372 2.303054 1.000000
-0.412820 -0.291569 2.609656 0.189904
-0.310674 0.262148 2.347885 0.677885
-0.265509 -0.634567 2.687602 1.000000
-0.012015 -0.644068 2.693455 1.000000
-0.269475 -1.127403 2.751678 1.000000
-0.023981 -1.140480 2.714434 1.000000
-0.295300 -1.156032 2.529879 0.000000
-0.047543 -1.149366 2.490721 0.000000
-0.100104 0.592695 2.404111 0.985577
-0.363782 0.372672 2.703252 1.000000
0.081982 0.349940 2.600580 1.000000
-0.160813 0.429449 2.550373 0.000000
-0.125910 0.223293 2.747550 0.000000
-0.348944 0.003440 2.658471 0.173077
0.053664 -0.014046 2.570834 1.000000
-0.116101 -0.002794 2.759044 0.000000
-0.401180 0.085888 2.701766 1.000000
0.173162 0.155848 2.406516 1.000000
-0.397623 -0.220380 2.611223 1.000000
-0.072646 0.262205 2.232510 1.000000
-0.397160 -0.308488 2.594158 0.004808
-0.131778 0.206879 2.193820 1.000000
-0.262386 -0.623599 2.680473 1.000000
-0.015239 -0.621683 2.695605 1.000000
-0.281156 -1.114939 2.752867 1.000000
-0.018646 -1.116476 2.742261 1.000000
-0.330674 -1.145099 2.535336 0.000000
-0.066610 -1.136798 2.523246 0.000000
-0.094307 0.639118 2.456915 1.000000
-0.350655 0.389443 2.680498 1.000000
0.095916 0.318844 2.607324 1.000000
-0.135122 0.416053 2.536869 0.072115
-0.130809 0.222852 2.749593 0.000000
-0.357475 -0.005533 2.652854 0.278846
0.049370 -0.012815 2.585748 1.000000
-0.129957 -0.006768 2.765121 0.000000
-0.406493 0.107607 2.691981 1.000000
0.199201 0.135546 2.411325 0.853846
-0.403754 -0.200740 2.616152 1.000000
-0.005101 0.180342 2.172392 1.000000
-0.407495 -0.284280 2.583574 0.240385
-0.062301 0.191612 2.104160 0.000000
-0.263636 -0.629895 2.678721 1.000000
-0.013470 -0.624753 2.693803 1.000000
-0.278028 -1.120580 2.756376 1.000000
-0.016624 -1.118911 2.746780 1.000000
-0.316148 -1.154170 2.537060 0.000000
-0.051461 -1.142399 2.525610 0.000000
-0.084503 0.623447 2.445607 0.129808
-0.340131 0.399401 2.653795 1.000000
0.104324 0.291598 2.629252 1.000000
-0.109819 0.403668 2.532427 0.028846
-0.142578 0.219025 2.750213 0.000000
-0.355254 -0.008167 2.627603 0.461538
0.055994 -0.025701 2.602186 1.000000
-0.140241 -0.010351 2.762266 0.000000
-0.407198 0.121382 2.682803 1.000000
0.217253 0.135042 2.416245 0.892308
-0.404935 -0.188973 2.616077 1.000000
0.049576 0.093124 2.149966 1.000000
-0.386945 -0.252738 2.555540 0.375000
0.003013 0.080687 2.074259 0.000000
-0.263928 -0.633800 2.685753 1.000000
-0.013247 -0.634857 2.697647 1.000000
-0.278956 -1.125873 2.753917 1.000000
-0.015388 -1.129426 2.746689 1.000000
-0.294420 -1.156227 2.531384 0.000000
-0.028436 -1.151547 2.523034 0.000000
-0.092742 0.625595 2.441148 1.000000
-0.366673 0.385085 2.672237 1.000000
0.087149 0.336716 2.633894 1.000000
-0.141423 0.427918 2.548870 0.000000
-0.146000 0.224264 2.751604 0.000000
-0.358459 0.005807 2.634405 0.423077
0.052462 -0.004387 2.600954 1.000000
-0.140912 0.004685 2.764948 0.000000
-0.407829 0.105723 2.670352 1.000000
0.177471 0.070298 2.609322 1.000000
-0.403796 -0.199329 2.605742 1.000000
0.183061 0.021664 2.301342 1.000000
-0.394147 -0.240481 2.526573 0.391827
0.150884 -0.052866 2.263076 0.963942
-0.259718 -0.618823 2.681026 1.000000
-0.013087 -0.616936 2.689407 1.000000
-0.281595 -1.108124 2.765370 1.000000
-0.017060 -1.110268 2.749542 1.000000
-0.301040 -1.145379 2.544202 0.000000
-0.032700 -1.137319 2.526596 0.000000
-0.092723 0.639801 2.465559 1.000000
-0.371015 0.394147 2.680077 1.000000
0.083082 0.347480 2.642891 1.000000
-0.144777 0.443108 2.560867 0.000000
-0.151032 0.229291 2.752805 0.000000
-0.354983 0.010844 2.633313 0.480769
0.056135 -0.001208 2.603052 0.971154
-0.138416 0.010473 2.765481 0.000000
-0.404759 0.115802 2.666004 1.000000
0.168812 0.080219 2.637026 1.000000
-0.400204 -0.184841 2.590444 1.000000
0.147320 -0.148871 2.429247 1.000000
-0.394957 -0.266113 2.552738 0.257212
0.140748 -0.215090 2.369028 0.000000
-0.259891 -0.614711 2.674886 1.000000
-0.013873 -0.613582 2.691659 1.000000
-0.279793 -1.105541 2.750376 1.000000
-0.013485 -1.106422 2.755826 1.000000
-0.297794 -1.138940 2.528471 0.000000
-0.028168 -1.135437 2.533062 0.000000
-0.084885 0.666352 2.496097 1.000000
-0.372931 0.395563 2.685826 1.000000
0.080779 0.348676 2.644437 1.000000
-0.146973 0.449119 2.568069 0.000000
-0.153419 0.226448 2.749653 0.000000
-0.350165 0.016263 2.635640 0.423077
0.060700 0.000659 2.603617 1.000000
-0.133128 0.011698 2.766954 0.000000
-0.406457 0.118658 2.656062 1.000000
0.142377 0.076714 2.674906 1.000000
-0.393119 -0.183970 2.591251 1.000000
0.129130 -0.206987 2.551209 1.000000
-0.352584 -0.263569 2.582566 0.846154
0.097793 -0.290425 2.540699 0.105769
-0.262589 -0.610317 2.672111 1.000000
-0.013155 -0.610938 2.691743 1.000000
-0.270232 -1.098710 2.763884 1.000000
-0.021728 -1.104590 2.748687 1.000000
-0.291073 -1.139791 2.543522 0.000000
-0.037351 -1.130057 2.525553 0.000000
-0.076344 0.675824 2.534860 1.000000
