-0.383537 0.347381 2.789927 1.000000
0.014012 0.373656 2.644874 1.000000
-0.226392 0.442506 2.618158 0.000000
-0.152342 0.230689 2.782740 0.000000
-0.348001 0.058159 2.704584 0.000000
-0.021556 0.079502 2.595024 0.548077
-0.142256 0.048696 2.772581 0.000000
-0.417750 0.067567 2.720557 1.000000
0.060335 0.087069 2.644278 1.000000
-0.428458 -0.242652 2.659386 1.000000
0.051265 -0.229104 2.637550 1.000000
-0.389130 -0.312099 2.638704 0.728365
0.027649 -0.308044 2.634706 1.000000
-0.311535 -0.522290 2.666954 1.000000
-0.032515 -0.500292 2.701570 1.000000
0.085583 -0.743954 2.612858 0.500481
-0.371543 -0.795047 2.790695 1.000000
-0.019886 -0.934738 2.620365 0.000000
-0.231296 -0.961305 2.774340 0.000000
-0.186942 0.664892 2.606856 1.000000
-0.382609 0.353925 2.788326 1.000000
0.016763 0.371038 2.646958 1.000000
-0.221889 0.444699 2.617513 0.000000
-0.153837 0.232413 2.784068 0.000000
-0.351663 0.058641 2.702404 0.000000
-0.024747 0.080998 2.594465 0.576923
-0.146266 0.052068 2.771779 0.000000
-0.416615 0.072981 2.720629 1.000000
0.056583 0.082816 2.650280 1.000000
-0.422269 -0.238305 2.660423 1.000000
0.051945 -0.233930 2.635904 1.000000
-0.389283 -0.313838 2.658391 0.745192
0.019261 -0.309558 2.632827 1.000000
-0.309122 -0.521784 2.680445 1.000000
-0.047511 -0.501878 2.702001 1.000000
0.089736 -0.713742 2.562850 0.594231
-0.385614 -0.802417 2.773599 1.000000
0.002093 -0.911784 2.588858 0.000000
-0.244280 -0.966936 2.750434 0.000000
-0.189517 0.665130 2.601081 1.000000
-0.384110 0.355078 2.791933 1.000000
0.013233 0.371170 2.644841 1.000000
-0.225719 0.445052 2.618540 0.000000
-0.155578 0.233245 2.784839 0.000000
-0.349399 0.057932 2.709925 0.000000
-0.026173 0.082727 2.591879 0.576923
-0.141844 0.049544 2.772331 0.000000
-0.417400 0.074649 2.720949 1.000000
0.059095 0.083676 2.650382 1.000000
-0.426524 -0.237044 2.662116 1.000000
0.050198 -0.233252 2.637177 1.000000
-0.384521 -0.306592 2.648106 0.896635
0.020161 -0.310004 2.635081 1.000000
-0.305875 -0.521095 2.688883 1.000000
-0.053410 -0.502577 2.692033 1.000000
0.078632 -0.720098 2.539499 0.206731
-0.357735 -0.834274 2.776454 1.000000
-0.009569 -0.916556 2.574187 0.000000
-0.219257 -0.981979 2.695303 0.000000
-0.189528 0.664455 2.601626 1.000000
-0.383852 0.355222 2.786372 1.000000
0.017774 0.371333 2.651417 1.000000
-0.220250 0.445306 2.617946 0.000000
-0.155243 0.233331 2.786105 0.000000
-0.350940 0.064352 2.703176 0.000000
-0.021992 0.082015 2.600676 0.673077
-0.146828 0.050914 2.775297 0.000000
-0.417108 0.073570 2.719378 1.000000
0.058654 0.082805 2.653184 1.000000
-0.426168 -0.238138 2.659268 1.000000
0.054299 -0.234490 2.640470 1.000000
-0.391518 -0.312740 2.653666 0.980769
0.027645 -0.312500 2.641643 0.913462
-0.305019 -0.516565 2.692136 1.000000
-0.040923 -0.501726 2.680953 1.000000
0.071504 -0.716739 2.525028 0.256731
-0.361058 -0.813391 2.781662 1.000000
-0.014842 -0.912920 2.565476 0.000000
-0.222472 -0.973070 2.728041 0.000000
-0.192527 0.661891 2.591718 1.000000
-0.381035 0.354996 2.792403 1.000000
0.020221 0.371033 2.656344 1.000000
-0.217121 0.448535 2.626178 0.000000
-0.153750 0.230751 2.787397 0.000000
-0.350457 0.068392 2.706813 0.000000
-0.023978 0.088210 2.597071 0.913462
-0.144725 0.053761 2.773925 0.000000
-0.418000 0.074474 2.718892 1.000000
0.057412 0.081091 2.652686 1.000000
-0.424272 -0.238134 2.657772 1.000000
0.054921 -0.237252 2.640435 1.000000
-0.386011 -0.310018 2.644880 1.000000
0.023683 -0.313506 2.643070 0.896635
-0.315934 -0.508067 2.709153 1.000000
-0.037372 -0.494389 2.679225 1.000000
-0.070761 -0.827361 2.490737 1.000000
-0.207850 -0.906421 2.783776 1.000000
-0.216171 -0.979049 2.549261 0.000000
-0.178912 -0.970767 2.577377 0.000000
-0.186530 0.661368 2.605773 1.000000
-0.380605 0.352372 2.793885 1.000000
0.021031 0.372421 2.659489 1.000000
-0.216594 0.449175 2.629637 0.000000
-0.152681 0.229351 2.787844 0.000000
-0.351234 0.075636 2.709532 0.000000
-0.025659 0.088628 2.596143 0.826923
-0.145081 0.057919 2.774579 0.000000
-0.417995 0.072438 2.718852 1.000000
0.059085 0.082717 2.655647 1.000000
-0.418159 -0.238376 2.649503 1.000000
0.061934 -0.235354 2.640259 1.000000
-0.385443 -0.310508 2.626611 0.913462
0.034581 -0.313097 2.642527 0.459135
-0.300740 -0.506702 2.700428 1.000000
-0.006420 -0.485608 2.670208 1.000000
-0.167627 -0.879439 2.469968 0.084856
-0.334421 -0.799291 2.731709 1.000000
-0.376276 -0.930616 2.432222 0.000000
-0.185490 -0.957954 2.716739 0.000000
-0.183799 0.659687 2.604469 1.000000
-0.383829 0.350667 2.793326 1.000000
0.017509 0.372228 2.658277 1.000000
-0.220942 0.445780 2.626986 0.000000
-0.154596 0.230007 2.789704 0.000000
-0.349998 0.066466 2.709059 0.000000
-0.024616 0.081444 2.595360 0.865385
-0.143675 0.050231 2.773952 0.000000
-0.417271 0.070394 2.716737 1.000000
0.062274 0.083220 2.655561 1.000000
-0.417234 -0.241390 2.650570 1.000000
0.051720 -0.234803 2.637195 1.000000
-0.375016 -0.309441 2.630974 0.980769
0.029273 -0.313682 2.645658 0.963942
-0.295975 -0.515403 2.701788 1.000000
-0.038618 -0.500268 2.677224 1.000000
-0.159832 -0.899047 2.491918 0.075481
-0.386231 -0.784400 2.767767 1.000000
-0.361633 -0.928287 2.414460 0.000000
-0.251824 -0.955075 2.748191 0.000000
-0.183642 0.659172 2.598508 1.000000
-0.382460 0.354542 2.798701 1.000000
0.018172 0.372726 2.661082 1.000000
-0.219408 0.450227 2.632851 0.000000
-0.155027 0.230692 2.791269 0.000000
-0.351623 0.065054 2.709814 0.000000
-0.025729 0.085871 2.598529 0.721154
-0.145540 0.049662 2.775668 0.000000
-0.417202 0.074768 2.720229 1.000000
0.057889 0.082890 2.653594 1.000000
-0.421382 -0.236952 2.652994 1.000000
0.059048 -0.235771 2.640868 1.000000
-0.381413 -0.308789 2.646722 1.000000
0.030227 -0.310843 2.622676 1.000000
-0.297657 -0.513892 2.704703 1.000000
-0.030769 -0.495295 2.678498 1.000000
-0.208577 -0.906336 2.486032 0.441106
-0.306720 -0.849310 2.769539 1.000000
-0.397854 -0.889616 2.378920 0.000000
-0.166854 -0.983917 2.670056 0.000000
-0.187016 0.657931 2.603819 1.000000
-0.381930 0.352929 2.799230 1.000000
0.019582 0.367618 2.663774 1.000000
-0.217239 0.446840 2.633986 0.014423
-0.155413 0.227324 2.793444 0.000000
-0.359615 0.062996 2.699854 0.000000
-0.030030 0.088028 2.600998 0.634615
-0.156036 0.052791 2.773986 0.000000
-0.420939 0.072709 2.717253 1.000000
0.048137 0.074477 2.659552 1.000000
-0.418855 -0.241972 2.653872 1.000000
0.074085 -0.243683 2.625684 1.000000
-0.380592 -0.314254 2.643448 1.000000
0.086038 -0.316959 2.589835 1.000000
-0.298020 -0.514994 2.704410 1.000000
-0.038568 -0.496128 2.679364 1.000000
-0.205147 -0.916826 2.505237 0.106731
-0.302507 -0.858188 2.774302 0.706731
-0.369728 -0.885618 2.365531 0.000000
-0.172384 -0.984759 2.653362 0.000000
-0.186441 0.656306 2.600794 1.000000
-0.382433 0.359581 2.801220 1.000000
0.018470 0.364422 2.663275 1.000000
-0.216365 0.449999 2.635406 0.000000
-0.159342 0.228096 2.793344 0.000000
-0.354460 0.074601 2.713362 0.000000
-0.029514 0.095594 2.599366 0.634615
-0.147870 0.056060 2.776772 0.000000
-0.420783 0.076764 2.722774 1.000000
0.064448 0.072025 2.662550 1.000000
-0.424333 -0.237732 2.651154 1.000000
0.139594 -0.228736 2.573416 1.000000
-0.393213 -0.313782 2.644423 0.745192
0.167368 -0.291100 2.527191 0.980769
-0.331600 -0.498484 2.714234 1.000000
-0.053552 -0.487500 2.682024 1.000000
-0.138574 -0.897350 2.598426 1.000000
-0.178904 -0.925453 2.729435 0.703606
-0.328666 -0.965370 2.515862 0.000000
-0.203343 -0.941856 2.513305 0.000000
-0.185354 0.662157 2.605887 1.000000
-0.383706 0.351284 2.793995 1.000000
0.019726 0.369412 2.664807 1.000000
-0.218099 0.442517 2.628167 0.000000
-0.154619 0.230320 2.796629 0.000000
-0.358097 0.065592 2.695491 0.000000
-0.025198 0.082465 2.606504 0.759615
-0.157133 0.048562 2.775287 0.000000
-0.422635 0.067429 2.724289 1.000000
0.091808 0.084177 2.644974 1.000000
-0.422275 -0.244623 2.647569 1.000000
0.220445 -0.167343 2.491831 1.000000
-0.394779 -0.319087 2.669852 0.846154
0.270145 -0.155979 2.427037 0.728365
-0.298960 -0.514792 2.698975 1.000000
-0.057064 -0.500767 2.689024 1.000000
-0.327040 -0.957451 2.813120 0.597356
-0.097647 -0.954288 2.738376 0.397356
-0.383978 -1.006633 2.608382 0.000000
-0.142081 -0.973457 2.525687 0.000000
-0.191161 0.662788 2.605629 1.000000
-0.381674 0.353625 2.800875 1.000000
0.020883 0.371132 2.668900 1.000000
-0.216717 0.446374 2.635241 0.000000
-0.153391 0.231127 2.799848 0.000000
-0.351323 0.064224 2.704713 0.000000
-0.023817 0.082547 2.597808 1.000000
-0.146251 0.048521 2.773581 0.000000
-0.421666 0.071650 2.724622 1.000000
0.114671 0.099711 2.602133 1.000000
-0.425179 -0.239841 2.645918 1.000000
0.271986 -0.106987 2.413024 1.000000
-0.395327 -0.314312 2.664901 0.879808
0.340039 -0.097713 2.367415 1.000000
-0.300340 -0.515783 2.698770 1.000000
-0.060316 -0.501071 2.691206 1.000000
-0.314936 -0.967727 2.771559 0.844231
-0.165753 -0.945103 2.729713 0.456731
-0.383780 -0.998468 2.566879 0.000000
-0.202368 -0.955037 2.514913 0.000000
-0.189889 0.664324 2.621036 1.000000
-0.381298 0.347347 2.790670 1.000000
0.024213 0.374835 2.669917 1.000000
-0.214926 0.439006 2.625845 0.000000
-0.148574 0.234073 2.802018 0.000000
-0.350903 0.068078 2.688420 0.000000
-0.015107 0.077833 2.609868 0.817308
-0.152905 0.048516 2.774780 0.000000
-0.422772 0.063092 2.725637 1.000000
0.123379 0.116423 2.569219 1.000000
-0.424383 -0.248837 2.649962 1.000000
0.278423 -0.050806 2.343333 1.000000
-0.389467 -0.317241 2.679948 0.795673
0.339327 -0.038822 2.289071 0.997596
-0.300855 -0.513263 2.701780 1.000000
-0.059399 -0.504492 2.693554 1.000000
-0.296176 -0.964922 2.777585 0.666106
-0.218191 -0.932642 2.728729 0.456731
-0.348965 -1.000485 2.568954 0.000000
-0.205517 -0.955136 2.512137 0.000000
-0.190498 0.667395 2.619360 1.000000
-0.377728 0.347826 2.797678 1.000000
0.026711 0.371932 2.672681 1.000000
-0.212435 0.437439 2.630658 0.000000
-0.145652 0.233075 2.807328 0.000000
-0.344871 0.066067 2.705397 0.000000
-0.018363 0.077832 2.594585 1.000000
-0.139339 0.046493 2.771861 0.000000
-0.419359 0.064503 2.731201 1.000000
0.090032 0.141848 2.500995 1.000000
-0.425042 -0.246891 2.656081 1.000000
0.197563 0.018675 2.225484 1.000000
-0.395944 -0.321423 2.675971 0.728365
0.245988 0.031944 2.160090 1.000000
-0.296070 -0.515835 2.700066 1.000000
-0.054603 -0.502842 2.692290 1.000000
-0.292859 -0.963518 2.796678 0.766106
-0.213758 -0.930853 2.727505 0.572356
-0.366378 -1.007342 2.596046 0.000000
-0.218002 -0.947168 2.510033 0.000000
-0.187234 0.664720 2.622037 1.000000
-0.375754 0.346054 2.808312 1.000000
0.023652 0.369395 2.667933 1.000000
-0.216575 0.436592 2.635937 0.000000
-0.144126 0.230001 2.807717 0.000000
-0.337644 0.082849 2.708891 0.000000
-0.013802 0.082209 2.589933 0.846154
-0.131495 0.054280 2.769967 0.000000
-0.405881 0.070124 2.714296 1.000000
0.062985 0.169565 2.457209 1.000000
-0.435602 -0.245418 2.674939 1.000000
0.087483 0.047185 2.163232 1.000000
-0.400139 -0.317614 2.656841 0.694712
0.106846 0.070931 2.086691 0.829327
-0.303899 -0.502320 2.691523 1.000000
-0.052941 -0.493397 2.691563 1.000000
-0.270691 -0.948775 2.788165 0.906731
-0.183169 -0.931181 2.725470 0.587981
-0.355204 -0.997303 2.593021 0.000000
-0.215509 -0.938259 2.509872 0.000000
-0.187929 0.665730 2.632176 1.000000
-0.377685 0.347757 2.822146 1.000000
0.014831 0.375472 2.664224 1.000000
-0.227670 0.438186 2.641685 0.038462
-0.144342 0.235544 2.813236 0.000000
-0.345489 0.063027 2.723720 0.000000
-0.029785 0.084620 2.586279 0.913462
-0.134713 0.047281 2.772397 0.000000
-0.416920 0.072650 2.734265 1.000000
0.026372 0.192536 2.437624 1.000000
-0.429663 -0.240566 2.683089 1.000000
-0.012020 0.055851 2.153496 1.000000
-0.400721 -0.309298 2.647937 0.762019
-0.035487 0.049679 2.074701 0.072115
-0.296095 -0.516903 2.697807 1.000000
-0.051231 -0.496518 2.691672 1.000000
-0.289790 -0.961967 2.805706 0.709856
-0.196269 -0.929688 2.724720 0.684856
-0.379730 -1.009990 2.612876 0.000000
-0.223143 -0.937194 2.508387 0.000000
-0.187290 0.665592 2.642256 1.000000
-0.376686 0.336220 2.824033 0.000000
0.001907 0.382602 2.638851 1.000000
-0.245834 0.424557 2.628272 0.048077
-0.135917 0.242041 2.807277 0.000000
-0.322981 0.060619 2.737952 0.000000
-0.012513 0.072757 2.587995 1.000000
-0.111329 0.033927 2.777128 0.000000
-0.413735 0.058615 2.749037 0.938462
-0.036376 0.220168 2.401762 1.000000
-0.412766 -0.249013 2.676935 1.000000
-0.217875 0.138082 2.156497 1.000000
-0.401071 -0.330423 2.682681 0.593750
-0.262125 0.153709 2.088711 0.846154
-0.291840 -0.520473 2.697893 1.000000
-0.051523 -0.506812 2.690111 1.000000
-0.284550 -0.965923 2.804123 0.681731
-0.189477 -0.940578 2.740908 0.534856
-0.384087 -1.012487 2.615701 0.000000
-0.239502 -0.949509 2.528785 0.000000
-0.186007 0.675712 2.631094 0.879808
-0.380950 0.294743 2.848826 0.000000
-0.023262 0.390521 2.642278 1.000000
-0.274085 0.406816 2.650666 0.000000
-0.133754 0.227347 2.810462 0.000000
-0.317571 0.041475 2.743966 0.000000
-0.021260 0.064561 2.568775 1.000000
-0.102306 0.027445 2.766507 0.000000
-0.411032 0.026087 2.745649 0.892308
-0.075674 0.219116 2.415122 1.000000
-0.412839 -0.282789 2.682175 1.000000
-0.316830 0.151413 2.223558 1.000000
-0.412096 -0.360398 2.654359 0.105769
-0.372009 0.180468 2.169628 0.846154
-0.300145 -0.535636 2.704085 1.000000
-0.055594 -0.517726 2.695671 1.000000
-0.290551 -0.981083 2.810145 0.597356
-0.249463 -0.929886 2.743657 0.491106
-0.408321 -1.026006 2.632127 0.000000
-0.273563 -0.943738 2.527311 0.000000
-0.192773 0.651169 2.617757 1.000000
-0.376996 0.277407 2.852844 0.000000
-0.034637 0.394132 2.631617 1.000000
-0.285174 0.399227 2.652903 0.000000
-0.129439 0.221908 2.800353 0.000000
-0.308088 0.029627 2.743024 0.000000
-0.021905 0.061140 2.552942 1.000000
-0.091681 0.020289 2.754204 0.000000
-0.412729 0.009958 2.749796 0.753846
-0.118508 0.218700 2.418043 1.000000
-0.415021 -0.301066 2.701452 1.000000
-0.399615 0.168947 2.285446 1.000000
-0.435742 -0.372330 2.665542 0.038462
-0.475915 0.191581 2.263921 1.000000
-0.304001 -0.540977 2.715374 1.000000
-0.046047 -0.521027 2.690339 1.000000
-0.272501 -0.989280 2.803668 0.681731
-0.229251 -0.932897 2.771356 0.706731
-0.404862 -1.031690 2.635560 0.000000
-0.273020 -0.955231 2.558838 0.000000
-0.190840 0.642183 2.609359 1.000000
-0.350306 0.279658 2.868004 0.548077
-0.032225 0.396319 2.613072 1.000000
-0.279342 0.401103 2.659525 0.000000
-0.109216 0.224387 2.790925 0.000000
-0.298567 0.029000 2.750950 0.000000
-0.033013 0.058997 2.532761 1.000000
-0.082086 0.020572 2.740509 0.000000
-0.406738 0.019504 2.757722 0.584615
-0.158431 0.214026 2.429039 1.000000
-0.413004 -0.291474 2.714598 1.000000
-0.464434 0.175682 2.369899 1.000000
-0.414046 -0.373757 2.709518 0.000000
-0.539898 0.205384 2.384745 0.846154
-0.303644 -0.541731 2.721116 1.000000
-0.061327 -0.523208 2.684875 1.000000
-0.307896 -0.997435 2.766718 0.953606
-0.082118 -0.971901 2.774354 0.425481
-0.453184 -1.012292 2.604703 0.000000
-0.220437 -0.998698 2.607836 0.000000
-0.188583 0.650854 2.619967 1.000000
-0.336555 0.282297 2.874790 0.240385
-0.027147 0.394703 2.607568 1.000000
-0.272839 0.398633 2.661122 0.000000
-0.097309 0.227017 2.792172 0.000000
-0.291774 0.034222 2.753000 0.000000
-0.032868 0.056753 2.526098 1.000000
-0.076028 0.020373 2.735520 0.000000
-0.410014 0.020486 2.780698 0.415385
-0.170902 0.214990 2.434849 1.000000
-0.413201 -0.288518 2.727447 1.000000
-0.480765 0.174323 2.409137 1.000000
-0.438124 -0.365229 2.710371 0.156250
-0.552719 0.202484 2.437894 0.812500
-0.303516 -0.538880 2.719001 1.000000
-0.059158 -0.522600 2.681546 1.000000
-0.279530 -0.992803 2.775062 0.572356
-0.139944 -0.962444 2.780417 0.428606
-0.433713 -1.019713 2.623134 0.000000
-0.271771 -0.977155 2.607259 0.000000
-0.187897 0.652618 2.622616 1.000000
-0.329467 0.286088 2.878487 0.365385
-0.026406 0.395497 2.602878 1.000000
-0.270570 0.401347 2.662861 0.000000
-0.092877 0.228852 2.789777 0.000000
-0.292301 0.033359 2.754987 0.000000
-0.039433 0.059613 2.521763 1.000000
-0.076740 0.024736 2.732560 0.000000
-0.411386 0.024270 2.792901 0.369231
-0.177023 0.221084 2.431183 1.000000
-0.410222 -0.281787 2.726506 1.000000
-0.486750 0.175803 2.421239 1.000000
-0.418531 -0.362143 2.710032 0.240385
-0.561528 0.207905 2.434476 0.711538
-0.305605 -0.539008 2.718097 1.000000
-0.058794 -0.521601 2.678599 1.000000
-0.225701 -0.987561 2.764778 0.412981
-0.109766 -0.966734 2.773588 0.809856
-0.392778 -1.031193 2.631510 0.000000
-0.252704 -0.985302 2.609874 0.000000
-0.185538 0.651932 2.613845 1.000000
-0.321947 0.287200 2.881192 0.038462
-0.019971 0.390572 2.602085 1.000000
-0.262656 0.404220 2.666625 0.000000
-0.089229 0.223020 2.787152 0.000000
-0.291798 0.030581 2.757945 0.000000
-0.042409 0.067372 2.522411 1.000000
-0.076329 0.028953 2.733165 0.000000
-0.411877 0.028693 2.795201 0.353846
-0.165150 0.220623 2.422229 1.000000
-0.408581 -0.277437 2.731750 1.000000
-0.467563 0.175725 2.356787 1.000000
-0.421538 -0.351169 2.697209 0.324519
-0.541256 0.203256 2.381461 0.846154
-0.306741 -0.538038 2.715746 1.000000
-0.064428 -0.518108 2.677688 1.000000
-0.225102 -0.983318 2.785211 0.906731
-0.079821 -0.968953 2.756844 0.681731
-0.392929 -1.034315 2.655550 0.000000
-0.236596 -0.989970 2.606650 0.000000
-0.179023 0.649109 2.618936 1.000000
-0.324038 0.286638 2.885013 0.307692
-0.021416 0.394274 2.608227 1.000000
-0.263815 0.408863 2.673631 0.009615
-0.092230 0.222466 2.788746 0.000000
-0.290079 0.032314 2.759070 0.000000
-0.040695 0.065989 2.523065 1.000000
-0.074742 0.026901 2.733675 0.000000
-0.413206 0.029080 2.796361 0.400000
-0.143914 0.225489 2.411625 1.000000
-0.413989 -0.277064 2.734431 1.000000
-0.436285 0.177844 2.312584 1.000000
-0.408922 -0.352270 2.701028 0.189904
-0.515307 0.199832 2.304248 1.000000
-0.307015 -0.537335 2.713987 1.000000
-0.058268 -0.517239 2.678321 1.000000
-0.177486 -0.971735 2.779433 0.587981
-0.100214 -0.968705 2.742993 0.256731
-0.350617 -1.040458 2.665937 0.000000
-0.250876 -0.977269 2.585494 0.000000
-0.183021 0.648751 2.620620 1.000000
-0.333731 0.291759 2.880818 0.384615
-0.020270 0.391818 2.613411 1.000000
-0.264149 0.412245 2.671320 0.000000
-0.100665 0.221975 2.791765 0.000000
-0.294025 0.041919 2.757721 0.000000
-0.036687 0.077129 2.530647 1.000000
-0.078383 0.029401 2.738077 0.000000
-0.410118 0.032796 2.785408 0.446154
-0.126122 0.233815 2.399331 1.000000
-0.410634 -0.272188 2.719293 1.000000
-0.397847 0.183959 2.254186 1.000000
-0.401352 -0.350631 2.742916 0.375000
-0.475017 0.197624 2.228583 1.000000
-0.324894 -0.523307 2.707054 1.000000
-0.061802 -0.503596 2.682345 1.000000
-0.125640 -0.930111 2.774672 1.000000
-0.068869 -0.960999 2.704630 0.709856
-0.301785 -1.029887 2.693455 0.000000
-0.217656 -0.966466 2.545222 0.000000
-0.183986 0.651859 2.625415 1.000000
-0.313208 0.312396 2.898138 0.000000
-0.009787 0.405677 2.617050 1.000000
-0.246134 0.443467 2.694252 0.000000
-0.094493 0.229309 2.786871 0.000000
-0.287968 0.046610 2.772572 0.000000
-0.049638 0.103558 2.529713 1.000000
-0.074211 0.041679 2.736137 0.000000
-0.411543 0.079103 2.765047 0.630769
-0.068451 0.249939 2.384430 1.000000
-0.426451 -0.224245 2.694938 1.000000
-0.280577 0.189202 2.164267 1.000000
-0.410260 -0.301129 2.719920 1.000000
-0.339378 0.198117 2.107167 1.000000
-0.302457 -0.515662 2.694247 1.000000
-0.052619 -0.478850 2.679866 1.000000
-0.254706 -0.912771 2.917380 1.000000
-0.043159 -0.934479 2.725438 0.528606
-0.401104 -1.005002 2.784566 0.000000
-0.208034 -0.952077 2.583716 0.000000
-0.182165 0.647573 2.611053 1.000000
-0.323589 0.309652 2.894843 0.000000
-0.014995 0.408177 2.621277 1.000000
-0.253885 0.441615 2.692420 0.000000
-0.100606 0.230532 2.789304 0.000000
-0.291835 0.054228 2.766728 0.000000
-0.042134 0.092400 2.531745 1.000000
-0.077167 0.039870 2.739248 0.000000
-0.412015 0.080569 2.748567 0.692308
-0.027022 0.260991 2.376559 0.923077
-0.422247 -0.222834 2.678810 1.000000
-0.188747 0.195671 2.118484 1.000000
-0.409684 -0.301605 2.699662 1.000000
-0.234517 0.199460 2.050014 1.000000
-0.293118 -0.516768 2.695907 1.000000
-0.053311 -0.485835 2.683585 1.000000
-0.341741 -0.906332 2.931787 0.581731
-0.069980 -0.940604 2.735273 0.434856
-0.470384 -0.985543 2.774449 0.000000
-0.218543 -0.953253 2.576064 0.000000
-0.180263 0.644496 2.603757 1.000000
-0.332901 0.311914 2.883708 0.000000
-0.017614 0.413940 2.619208 1.000000
-0.259102 0.443868 2.682737 0.000000
-0.105508 0.235859 2.785586 0.000000
-0.289126 0.059309 2.764362 0.000000
-0.033723 0.088884 2.534320 1.000000
-0.074230 0.040444 2.741821 0.000000
-0.418937 0.074991 2.749324 0.753846
0.018643 0.277799 2.370724 0.353846
-0.419438 -0.228256 2.679008 1.000000
-0.089582 0.190099 2.092336 1.000000
-0.408675 -0.309494 2.688057 1.000000
-0.122333 0.201116 2.017480 0.812500
-0.294680 -0.514244 2.692520 1.000000
-0.049175 -0.486938 2.687490 1.000000
-0.305366 -0.926950 2.890821 0.731731
-0.067450 -0.941532 2.740171 0.025481
-0.443408 -0.997177 2.737227 0.000000
-0.210154 -0.954849 2.575742 0.000000
-0.184779 0.644239 2.590362 1.000000
-0.345987 0.349309 2.813589 0.923077
0.022069 0.393785 2.607839 0.000000
-0.225139 0.439773 2.612442 0.000000
-0.108176 0.251806 2.781039 0.000000
-0.315491 0.074106 2.730848 0.000000
-0.013122 0.087932 2.565297 0.903846
-0.102156 0.046609 2.758712 0.000000
-0.412527 0.081851 2.732095 1.000000
0.027715 0.280123 2.343924 0.092308
-0.425219 -0.226647 2.679465 1.000000
0.062038 0.181586 2.048603 0.615385
-0.410264 -0.303458 2.653509 0.862981
0.057492 0.214271 1.973049 0.947115
-0.289831 -0.504924 2.695332 1.000000
-0.052266 -0.487902 2.688542 1.000000
-0.315079 -0.958136 2.756373 1.000000
-0.119026 -0.935844 2.756765 0.381731
-0.421284 -0.977743 2.566861 0.000000
-0.208208 -0.952761 2.558425 0.000000
-0.184071 0.660255 2.651098 0.302885
-0.350972 0.358366 2.786315 1.000000
0.050701 0.363476 2.650636 1.000000
-0.186358 0.439122 2.614185 0.000000
-0.123992 0.233555 2.791074 0.000000
-0.325573 0.075639 2.700848 0.000000
-0.001576 0.071788 2.582373 1.000000
-0.119914 0.043841 2.761981 0.000000
-0.403290 0.084047 2.709458 1.000000
0.078631 0.261192 2.381094 0.984615
-0.434059 -0.226973 2.665221 1.000000
0.167168 0.187669 2.087168 1.000000
-0.407607 -0.303205 2.648297 0.947115
0.181401 0.207378 2.008387 1.000000
-0.292745 -0.508384 2.698228 1.000000
-0.054537 -0.501217 2.695951 1.000000
-0.297741 -0.965900 2.718666 0.784856
-0.117486 -0.950244 2.760571 0.037981
-0.375000 -0.974162 2.514850 0.000000
-0.180517 -0.971306 2.552817 0.000000
-0.197543 0.661186 2.642253 0.437500
-0.342452 0.361888 2.754972 1.000000
0.071830 0.351670 2.665294 0.894231
-0.156938 0.434310 2.601390 0.000000
-0.121820 0.229898 2.786914 0.000000
-0.327026 0.074283 2.677518 0.278846
0.007346 0.072184 2.592570 1.000000
-0.128249 0.047397 2.760033 0.000000
-0.410904 0.081635 2.716136 1.000000
0.120237 0.251162 2.396425 1.000000
-0.424222 -0.228293 2.649782 1.000000
0.247173 0.206287 2.109181 1.000000
-0.404481 -0.308339 2.650325 1.000000
0.284176 0.211280 2.035674 1.000000
-0.292113 -0.507932 2.697923 1.000000
-0.051550 -0.503138 2.698667 1.000000
-0.309454 -0.958869 2.776148 0.941106
-0.197727 -0.936855 2.715591 0.594231
-0.365568 -0.992799 2.568113 0.000000
-0.203276 -0.943489 2.497637 0.000000
-0.185922 0.673127 2.626460 1.000000
-0.359434 0.358126 2.760091 1.000000
0.051906 0.347968 2.657758 1.000000
-0.179520 0.426287 2.598125 0.000000
-0.136680 0.229234 2.789886 0.000000
-0.328832 0.072446 2.679870 0.519231
0.005351 0.080493 2.594534 1.000000
-0.129162 0.054944 2.762753 0.000000
-0.416222 0.077154 2.713192 1.000000
0.171026 0.235861 2.417732 1.000000
-0.419274 -0.230665 2.639441 1.000000
0.339638 0.186119 2.154490 1.000000
-0.400399 -0.310848 2.636008 0.980769
0.392703 0.202815 2.093640 1.000000
-0.291321 -0.507905 2.698613 1.000000
-0.045373 -0.499882 2.696905 1.000000
-0.293029 -0.959393 2.775554 0.897356
-0.123218 -0.950495 2.722448 0.537981
-0.350995 -0.994506 2.568225 0.000000
-0.159711 -0.956376 2.507477 0.000000
-0.190073 0.670899 2.630079 1.000000
-0.367007 0.357954 2.764902 1.000000
0.045986 0.351236 2.669152 1.000000
-0.183693 0.435813 2.611338 0.000000
-0.145886 0.225152 2.789185 0.000000
-0.330488 0.075478 2.672433 0.500000
0.006116 0.097485 2.600057 1.000000
-0.133456 0.059777 2.761741 0.000000
-0.413452 0.077046 2.705572 1.000000
0.188259 0.223133 2.450212 1.000000
-0.425896 -0.231912 2.635938 1.000000
0.369222 0.174121 2.194657 1.000000
-0.405766 -0.311854 2.637083 0.795673
0.426164 0.184811 2.136000 1.000000
-0.312088 -0.493990 2.697947 1.000000
-0.066850 -0.484884 2.706044 1.000000
-0.241879 -0.944528 2.740961 1.000000
-0.001670 -0.935902 2.751856 0.328606
-0.314595 -0.975272 2.537625 0.000000
-0.049801 -0.964275 2.541008 0.000000
-0.184037 0.667427 2.623904 1.000000
-0.369044 0.359729 2.764037 1.000000
0.043443 0.350606 2.666327 1.000000
-0.186434 0.434303 2.608023 0.000000
-0.147952 0.227162 2.789817 0.000000
-0.329798 0.069167 2.673449 0.336538
0.008691 0.063937 2.606940 1.000000
-0.135816 0.046113 2.767701 0.000000
-0.416955 0.076945 2.707091 1.000000
0.201791 0.194230 2.476649 1.000000
-0.420548 -0.232890 2.632674 1.000000
0.386572 0.132741 2.224412 1.000000
-0.397780 -0.311390 2.621867 0.963942
0.418356 0.148239 2.149934 0.560096
-0.296726 -0.515679 2.695542 1.000000
-0.056706 -0.513765 2.705242 1.000000
-0.270011 -0.964486 2.782849 0.656731
-0.009065 -0.966769 2.753005 0.184856
-0.322781 -1.007922 2.575708 0.000000
-0.053430 -0.993771 2.541153 0.000000
-0.179667 0.667813 2.626302 1.000000
-0.371061 0.356858 2.759681 1.000000
0.042125 0.358010 2.664538 1.000000
-0.189679 0.434135 2.603549 0.000000
-0.146436 0.231118 2.788889 0.000000
-0.333979 0.068275 2.681260 0.336538
0.001190 0.062510 2.599692 1.000000
-0.135926 0.046648 2.766999 0.000000
-0.412571 0.076841 2.697224 1.000000
0.188399 0.141697 2.538660 1.000000
-0.419645 -0.232149 2.631835 1.000000
0.348849 0.017138 2.296706 1.000000
-0.389811 -0.308177 2.643108 1.000000
0.375467 0.000582 2.220451 0.492788
-0.291650 -0.519293 2.693510 1.000000
-0.049734 -0.514798 2.699476 1.000000
-0.289575 -0.963687 2.804297 0.694231
-0.042640 -0.969569 2.753305 0.397356
-0.347382 -1.014818 2.600281 0.000000
-0.093811 -0.995280 2.542832 0.000000
-0.178195 0.669424 2.615757 1.000000
-0.374091 0.348563 2.760655 1.000000
0.039208 0.365706 2.667561 1.000000
-0.194722 0.435816 2.607483 0.000000
-0.145587 0.229488 2.787626 0.000000
-0.335379 0.065791 2.677393 0.365385
0.000123 0.067519 2.597016 1.000000
-0.137185 0.049051 2.763897 0.000000
-0.411259 0.068490 2.695523 1.000000
0.165523 0.118905 2.582717 1.000000
-0.417216 -0.241127 2.632753 1.000000
0.288638 -0.087275 2.377362 1.000000
-0.387271 -0.310482 2.599728 0.930288
0.328103 -0.101249 2.306336 0.762019
-0.289725 -0.519225 2.694350 1.000000
-0.043280 -0.511077 2.699478 1.000000
-0.286946 -0.962208 2.810636 0.769231
-0.071772 -0.965343 2.750416 0.147356
-0.343721 -1.016015 2.607019 0.000000
-0.116261 -0.986381 2.537915 0.000000
-0.177464 0.658187 2.622367 0.447115
-0.378550 0.351778 2.773984 1.000000
0.030090 0.369532 2.662297 1.000000
-0.206276 0.440261 2.613546 0.000000
-0.149156 0.232372 2.789491 0.000000
-0.335372 0.065267 2.687688 0.009615
-0.004241 0.072365 2.591110 1.000000
-0.132971 0.051472 2.764419 0.000000
-0.412041 0.071791 2.702627 1.000000
0.128197 0.101464 2.606434 1.000000
-0.413502 -0.238197 2.636400 1.000000
0.233383 -0.171969 2.485390 1.000000
-0.376713 -0.311743 2.642321 1.000000
0.249891 -0.216778 2.418181 0.829327
-0.286147 -0.519376 2.692678 1.000000
-0.045018 -0.508672 2.694319 1.000000
-0.317682 -0.961633 2.807474 0.569231
-0.110722 -0.958531 2.749764 0.294231
-0.380760 -1.009869 2.604316 0.000000
-0.156323 -0.978050 2.537354 0.000000
-0.196502 0.664931 2.617501 1.000000
-0.377903 0.348993 2.788350 1.000000
0.024465 0.370205 2.656344 1.000000
-0.213540 0.444640 2.623777 0.000000
-0.148997 0.227689 2.785651 0.000000
-0.342537 0.055878 2.696177 0.000000
-0.014057 0.083982 2.594507 0.855769
-0.138262 0.048174 2.768677 0.000000
-0.412062 0.070104 2.702051 1.000000
0.074249 0.081329 2.634757 1.000000
-0.407446 -0.243861 2.638737 1.000000
0.120691 -0.232870 2.593211 1.000000
-0.371062 -0.313739 2.614434 1.000000
0.121206 -0.312931 2.573532 0.913462
-0.283757 -0.521507 2.695635 1.000000
-0.038181 -0.501837 2.687541 1.000000
-0.320903 -0.975039 2.747529 0.912981
-0.135874 -0.945713 2.744058 0.694231
-0.383787 -0.993692 2.539500 0.000000
-0.167369 -0.966140 2.529188 0.000000
-0.193474 0.661999 2.604924 1.000000
