-0.384357 0.322624 2.797320 1.000000
-0.020945 0.324488 2.763357 1.000000
-0.213571 0.366005 2.665818 0.000000
-0.192202 0.192334 2.884949 0.000000
-0.404231 -0.036498 2.787304 0.134615
0.006998 -0.032325 2.739667 0.375000
-0.182153 -0.045506 2.904639 0.000000
-0.453244 0.048797 2.806120 1.000000
0.059678 0.055677 2.795685 1.000000
-0.430528 -0.235833 2.732269 1.000000
0.036651 -0.236083 2.759221 1.000000
-0.415886 -0.303206 2.721519 0.543269
0.014375 -0.297669 2.735138 0.408654
-0.305797 -0.567913 2.805474 1.000000
-0.071342 -0.564792 2.784683 1.000000
-0.296558 -0.986354 2.908350 1.000000
-0.074761 -0.984324 2.883387 1.000000
-0.317839 -1.025048 2.752875 0.000000
-0.087096 -1.021136 2.726494 0.000000
-0.195149 0.608892 2.691112 0.836538
-0.381610 0.323608 2.785684 1.000000
-0.017339 0.319148 2.763066 1.000000
-0.206278 0.358088 2.657575 0.000000
-0.194100 0.195520 2.885742 0.000000
-0.405574 -0.039998 2.788315 0.201923
0.005236 -0.032638 2.737555 0.355769
-0.182560 -0.045838 2.904065 0.000000
-0.455521 0.052237 2.798478 1.000000
0.052873 0.048244 2.793889 1.000000
-0.431269 -0.234420 2.738149 1.000000
0.036892 -0.239552 2.736289 1.000000
-0.415148 -0.298253 2.715028 0.425481
0.019032 -0.302961 2.713280 0.543269
-0.303493 -0.570841 2.804826 1.000000
-0.068553 -0.565650 2.785525 1.000000
-0.298864 -0.992561 2.893665 1.000000
-0.075677 -0.986212 2.879535 1.000000
-0.320284 -1.025809 2.736954 0.000000
-0.088713 -1.021146 2.722270 0.000000
-0.186641 0.611977 2.702087 0.740385
-0.385119 0.324118 2.788689 1.000000
-0.020839 0.324444 2.765772 1.000000
-0.210322 0.362828 2.661057 0.000000
-0.195990 0.196678 2.886501 0.000000
-0.404790 -0.041025 2.780055 0.182692
0.007624 -0.032650 2.744840 0.451923
-0.186286 -0.046698 2.904116 0.000000
-0.454254 0.050243 2.801805 1.000000
0.050707 0.051001 2.774086 1.000000
-0.429307 -0.233730 2.725056 1.000000
0.037224 -0.240344 2.728371 1.000000
-0.423479 -0.303222 2.722612 0.391827
0.022725 -0.305708 2.708716 0.593750
-0.304048 -0.570691 2.808464 1.000000
-0.067945 -0.566300 2.786184 1.000000
-0.296693 -0.992130 2.898443 1.000000
-0.075806 -0.986447 2.881971 1.000000
-0.312304 -1.025980 2.741176 0.000000
-0.082743 -1.022217 2.724507 0.000000
-0.197251 0.615723 2.708910 0.663462
-0.386350 0.322393 2.795291 1.000000
-0.022595 0.324544 2.765246 1.000000
-0.214253 0.363286 2.664705 0.000000
-0.194818 0.194676 2.887930 0.000000
-0.402117 -0.036017 2.784413 0.153846
0.009390 -0.032661 2.739169 0.355769
-0.180743 -0.043809 2.903158 0.000000
-0.450017 0.045595 2.797092 1.000000
0.051507 0.050584 2.753892 1.000000
-0.422816 -0.238065 2.715063 1.000000
0.037164 -0.241459 2.704527 1.000000
-0.417008 -0.307476 2.719239 0.526442
0.022547 -0.298877 2.667668 0.391827
-0.304388 -0.567911 2.802299 1.000000
-0.067039 -0.564847 2.783506 1.000000
-0.293696 -0.988322 2.896647 1.000000
-0.075056 -0.984212 2.882651 1.000000
-0.314136 -1.023924 2.740323 0.000000
-0.085611 -1.021127 2.725652 0.000000
-0.193874 0.610320 2.699029 0.663462
-0.386763 0.320320 2.788113 1.000000
-0.022368 0.320020 2.767104 1.000000
-0.211299 0.355310 2.660323 0.000000
-0.198154 0.195811 2.890592 0.000000
-0.398177 -0.036331 2.786307 0.259615
0.012516 -0.040127 2.734221 0.423077
-0.174978 -0.045035 2.901520 0.000000
-0.448349 0.040725 2.802376 1.000000
0.053651 0.048040 2.717939 1.000000
-0.418809 -0.242116 2.709155 1.000000
0.054226 -0.207624 2.562383 1.000000
-0.410856 -0.310773 2.718744 0.492788
0.058178 -0.265539 2.523663 0.997596
-0.303456 -0.570353 2.804804 1.000000
-0.068245 -0.570302 2.785797 1.000000
-0.296311 -0.989178 2.906272 1.000000
-0.077731 -0.989774 2.884360 1.000000
-0.319612 -1.027212 2.750923 0.000000
-0.091784 -1.026303 2.727545 0.000000
-0.199656 0.617757 2.704140 0.629808
-0.387414 0.321633 2.798562 1.000000
-0.023424 0.320870 2.771437 1.000000
-0.214033 0.358154 2.668380 0.000000
-0.197412 0.195204 2.895993 0.000000
-0.397515 -0.033551 2.785317 0.192308
0.014190 -0.040877 2.742399 0.596154
-0.177053 -0.045441 2.905411 0.000000
-0.448617 0.042671 2.800693 1.000000
0.057560 0.067183 2.668216 1.000000
-0.416877 -0.239399 2.709383 1.000000
0.060810 -0.115953 2.432930 1.000000
-0.408116 -0.308111 2.717815 0.526442
0.061757 -0.159064 2.378070 0.000000
-0.300801 -0.568749 2.805355 1.000000
-0.066765 -0.570022 2.788127 1.000000
-0.296871 -0.986859 2.909900 1.000000
-0.076874 -0.990536 2.882080 1.000000
-0.316365 -1.025952 2.754290 0.000000
-0.087562 -1.025456 2.724634 0.000000
-0.198918 0.618138 2.696285 0.596154
-0.390014 0.318850 2.805326 1.000000
-0.026156 0.324929 2.777124 1.000000
-0.217685 0.363857 2.676410 0.000000
-0.197747 0.191122 2.896413 0.000000
-0.399197 -0.034535 2.789634 0.192308
0.012087 -0.038118 2.742428 0.759615
-0.177405 -0.044925 2.907394 0.000000
-0.448327 0.041208 2.801063 1.000000
0.053323 0.112322 2.606876 1.000000
-0.424205 -0.243864 2.724267 1.000000
0.057617 0.022895 2.324511 0.538462
-0.409530 -0.311901 2.719295 0.560096
0.064121 -0.011792 2.264314 0.105769
-0.299587 -0.569055 2.804118 1.000000
-0.067121 -0.568495 2.786858 1.000000
-0.297811 -0.986579 2.911040 1.000000
-0.074102 -0.988714 2.882405 1.000000
-0.318468 -1.026428 2.755772 0.000000
-0.086159 -1.024258 2.725199 0.000000
-0.204729 0.611818 2.707059 0.658654
-0.379123 0.326787 2.809601 1.000000
-0.016408 0.324869 2.768867 0.000000
-0.210110 0.373775 2.677052 0.000000
-0.187464 0.189690 2.887377 0.000000
-0.397656 -0.030360 2.793061 0.182692
0.013021 -0.039241 2.741468 0.673077
-0.174794 -0.044370 2.908402 0.000000
-0.443432 0.050238 2.806374 1.000000
-0.030429 0.196118 2.516177 0.000000
-0.428318 -0.236903 2.734260 1.000000
0.029737 0.208834 2.226182 1.000000
-0.411599 -0.300418 2.710694 0.492788
0.054048 0.246549 2.172744 1.000000
-0.298322 -0.566637 2.803633 1.000000
-0.066716 -0.567522 2.790825 1.000000
-0.296900 -0.983027 2.914894 1.000000
-0.072139 -0.988605 2.882588 1.000000
-0.319174 -1.024423 2.760256 0.000000
-0.086852 -1.022695 2.725286 0.000000
-0.203558 0.615919 2.730786 0.620192
-0.370577 0.326590 2.813496 1.000000
-0.010386 0.322314 2.754600 0.000000
-0.208636 0.365737 2.670021 0.000000
-0.174809 0.194305 2.889346 0.000000
-0.394261 -0.029784 2.810035 0.163462
0.010942 -0.041416 2.725945 1.000000
-0.162961 -0.043616 2.907383 0.000000
-0.444926 0.052824 2.807732 1.000000
-0.022125 0.251748 2.480025 0.000000
-0.418622 -0.235344 2.744335 1.000000
-0.033363 0.282382 2.185599 1.000000
-0.406243 -0.302862 2.731801 0.425481
-0.018398 0.321114 2.129519 0.862981
-0.293909 -0.567690 2.802866 1.000000
-0.059888 -0.567394 2.792093 1.000000
-0.298588 -0.985266 2.909493 1.000000
-0.075815 -0.987954 2.885027 1.000000
-0.331845 -1.024049 2.756155 0.000000
-0.101384 -1.021465 2.728996 0.000000
-0.193167 0.624268 2.722792 0.461538
-0.368425 0.325620 2.810671 1.000000
-0.012476 0.319758 2.730103 0.000000
-0.215847 0.357678 2.655640 0.264423
-0.167380 0.198486 2.881351 0.000000
-0.391587 -0.031595 2.819177 0.125000
0.009908 -0.045502 2.719156 1.000000
-0.156631 -0.045073 2.907389 0.000000
-0.441135 0.052203 2.805670 1.000000
-0.006065 0.233431 2.460705 0.430769
-0.415565 -0.238613 2.760458 1.000000
-0.125145 0.305303 2.200078 1.000000
-0.394149 -0.294272 2.724229 0.509615
-0.130345 0.341245 2.140495 1.000000
-0.292146 -0.570490 2.803094 1.000000
-0.060114 -0.570249 2.796395 1.000000
-0.298355 -0.989418 2.904197 1.000000
-0.073524 -0.991795 2.885165 1.000000
-0.337268 -1.025675 2.751574 0.000000
-0.106718 -1.023378 2.730170 0.000000
-0.181885 0.625464 2.729378 0.394231
-0.370519 0.336076 2.803710 0.000000
-0.015688 0.318927 2.719887 0.596154
-0.219185 0.356311 2.645498 0.000000
-0.171006 0.209467 2.879489 0.000000
-0.394329 -0.033228 2.812973 0.134615
0.009735 -0.037679 2.722928 1.000000
-0.161361 -0.040298 2.907011 0.000000
-0.449136 0.065932 2.818120 1.000000
-0.032221 0.243563 2.448938 0.800000
-0.418919 -0.221713 2.764697 1.000000
-0.233618 0.302984 2.242988 1.000000
-0.412040 -0.285583 2.737449 0.408654
-0.289675 0.339668 2.223469 1.000000
-0.289342 -0.569580 2.796909 1.000000
-0.061172 -0.565959 2.795566 1.000000
-0.298644 -0.986290 2.906583 1.000000
-0.071993 -0.987728 2.883626 1.000000
-0.332853 -1.025780 2.753635 0.000000
-0.101262 -1.019495 2.727880 0.000000
-0.181780 0.629746 2.743168 0.211538
-0.371830 0.328320 2.790072 0.000000
-0.010642 0.322844 2.737745 0.413462
-0.207798 0.356337 2.646368 0.000000
-0.176143 0.205519 2.880650 0.000000
-0.393171 -0.037466 2.801716 0.182692
0.014526 -0.037099 2.729748 0.798077
-0.164555 -0.042431 2.906012 0.000000
-0.442144 0.058304 2.815850 1.000000
-0.025716 0.240747 2.470256 0.892308
-0.422727 -0.227473 2.756386 1.000000
-0.229748 0.297757 2.268508 1.000000
-0.405115 -0.293089 2.740466 0.408654
-0.288132 0.334463 2.257874 1.000000
-0.291103 -0.571525 2.804164 1.000000
-0.062169 -0.568221 2.789698 1.000000
-0.297150 -0.990318 2.905837 1.000000
-0.070003 -0.988726 2.883904 1.000000
-0.326084 -1.027438 2.751216 0.000000
-0.091920 -1.023344 2.727559 0.000000
-0.191617 0.637869 2.734436 0.370192
-0.367842 0.335040 2.797510 0.000000
-0.005937 0.323711 2.751456 0.519231
-0.200553 0.365715 2.658170 0.000000
-0.176633 0.203909 2.885948 0.000000
-0.391508 -0.032438 2.797021 0.163462
0.017754 -0.035490 2.734636 0.769231
-0.165470 -0.040707 2.906593 0.000000
-0.439335 0.065319 2.814246 1.000000
-0.010434 0.244293 2.483475 0.661539
-0.421523 -0.219993 2.755500 1.000000
-0.192812 0.303996 2.263601 1.000000
-0.405833 -0.286723 2.742459 0.610577
-0.243682 0.340614 2.232934 1.000000
-0.289642 -0.567451 2.801982 1.000000
-0.061153 -0.565728 2.789621 1.000000
-0.297355 -0.985974 2.904647 1.000000
-0.074975 -0.986166 2.883438 1.000000
-0.322650 -1.023565 2.749503 0.000000
-0.092771 -1.020594 2.726528 0.000000
-0.195285 0.623843 2.737955 0.283654
-0.362306 0.326618 2.813462 1.000000
-0.004538 0.320273 2.741442 0.000000
-0.205881 0.360205 2.662646 0.000000
-0.163577 0.197548 2.887122 0.000000
-0.392978 -0.034858 2.820765 0.230769
0.007004 -0.039869 2.714060 1.000000
-0.156417 -0.046131 2.904905 0.000000
-0.442199 0.058378 2.805345 1.000000
0.003587 0.251674 2.470095 0.000000
-0.415126 -0.226356 2.744950 1.000000
-0.084445 0.325708 2.201350 1.000000
-0.398713 -0.290731 2.723604 0.711538
-0.114358 0.369936 2.156426 1.000000
-0.292592 -0.571018 2.801341 1.000000
-0.061715 -0.567921 2.786301 1.000000
-0.299166 -0.989348 2.904869 1.000000
-0.077025 -0.987491 2.883707 1.000000
-0.340392 -1.026281 2.753017 0.000000
-0.110793 -1.022065 2.729477 0.000000
-0.194383 0.617289 2.749175 0.485577
-0.362664 0.331054 2.815512 1.000000
-0.002820 0.324616 2.754716 0.000000
-0.201207 0.369781 2.671379 0.000000
-0.167408 0.197088 2.889717 0.000000
-0.394551 -0.031177 2.804368 0.230769
0.013517 -0.035635 2.734683 1.000000
-0.166712 -0.044479 2.909630 0.000000
-0.439682 0.060144 2.804223 1.000000
0.002391 0.277482 2.476863 0.000000
-0.416721 -0.226666 2.742483 1.000000
0.025749 0.310712 2.185402 1.000000
-0.401730 -0.292353 2.724328 0.745192
0.052275 0.340910 2.128362 0.947115
-0.294026 -0.566841 2.796771 1.000000
-0.066841 -0.565831 2.783499 1.000000
-0.298967 -0.983433 2.907170 1.000000
-0.074134 -0.984202 2.886815 1.000000
-0.327056 -1.023894 2.753233 0.000000
-0.094164 -1.022323 2.731032 0.000000
-0.199850 0.624093 2.736089 0.408654
-0.369208 0.322707 2.816549 1.000000
-0.008515 0.326359 2.760765 0.000000
-0.206755 0.369230 2.675883 0.000000
-0.171873 0.191279 2.889783 0.000000
-0.393266 -0.031410 2.796346 0.144231
0.015391 -0.036951 2.730284 1.000000
-0.166387 -0.044544 2.903681 0.000000
-0.439426 0.049761 2.810014 1.000000
0.015195 0.287914 2.482497 0.015385
-0.424078 -0.237379 2.747259 1.000000
0.108587 0.285999 2.203397 1.000000
-0.404646 -0.301234 2.726911 0.425481
0.150132 0.304694 2.150542 1.000000
-0.298953 -0.566260 2.803738 1.000000
-0.068514 -0.566966 2.781065 1.000000
-0.298615 -0.984223 2.908944 1.000000
-0.073192 -0.984589 2.887507 1.000000
-0.326688 -1.023096 2.754596 0.000000
-0.092554 -1.024016 2.731965 0.000000
-0.208654 0.618753 2.741730 0.432692
-0.368356 0.324566 2.817924 1.000000
-0.004925 0.324567 2.784117 0.759615
-0.196649 0.382541 2.693434 0.000000
-0.178680 0.180048 2.886591 0.000000
-0.394573 -0.031340 2.779527 0.067308
0.018195 -0.035044 2.747822 1.000000
-0.177393 -0.043514 2.905432 0.000000
-0.436730 0.051120 2.808846 1.000000
0.039279 0.270255 2.510939 0.446154
-0.423011 -0.236785 2.748784 1.000000
0.145770 0.255853 2.236827 0.865385
-0.403895 -0.302267 2.734098 0.509615
0.187515 0.259649 2.181041 1.000000
-0.300627 -0.564994 2.802746 1.000000
-0.070226 -0.566457 2.782578 1.000000
-0.297508 -0.982929 2.908016 1.000000
-0.074274 -0.985210 2.884511 1.000000
-0.313148 -1.022331 2.752050 0.000000
-0.081181 -1.023339 2.727600 0.000000
-0.213103 0.613540 2.732212 0.514423
-0.370426 0.324960 2.818206 1.000000
-0.007201 0.320892 2.782483 0.538462
-0.198763 0.380643 2.692614 0.000000
-0.181970 0.178618 2.886367 0.000000
-0.392174 -0.030670 2.787003 0.096154
0.018676 -0.036519 2.736361 1.000000
-0.169508 -0.044197 2.902780 0.000000
-0.436585 0.050510 2.810402 1.000000
0.030667 0.275172 2.506374 0.400000
-0.423199 -0.237780 2.750025 1.000000
0.130690 0.258885 2.229487 0.817308
-0.400789 -0.299857 2.727368 0.509615
0.168476 0.262348 2.170927 1.000000
-0.298463 -0.565011 2.804635 1.000000
-0.070346 -0.566842 2.782327 1.000000
-0.295569 -0.986893 2.892776 1.000000
-0.074388 -0.985487 2.884704 1.000000
-0.317722 -1.019780 2.736090 0.000000
-0.088979 -1.023590 2.728313 0.000000
-0.221635 0.615660 2.728875 0.653846
-0.370739 0.326496 2.821030 1.000000
-0.010970 0.325642 2.759464 0.000000
-0.209895 0.372439 2.678339 0.000000
-0.174202 0.191319 2.889427 0.000000
-0.389988 -0.030890 2.803319 0.067308
0.016626 -0.036543 2.725670 1.000000
-0.160168 -0.044616 2.904124 0.000000
-0.436993 0.052119 2.812023 1.000000
0.028152 0.290460 2.482002 0.000000
-0.419758 -0.234067 2.743253 1.000000
0.076416 0.279277 2.191358 0.750000
-0.399549 -0.290508 2.707544 0.560096
0.108004 0.290656 2.130188 1.000000
-0.296625 -0.566452 2.796178 1.000000
-0.070000 -0.566824 2.779115 1.000000
-0.298062 -0.983804 2.903774 1.000000
-0.074379 -0.984261 2.886297 1.000000
-0.330336 -1.023236 2.750391 0.000000
-0.098498 -1.023769 2.731442 0.000000
-0.202430 0.627415 2.726024 0.413462
-0.368781 0.321960 2.820171 1.000000
-0.011679 0.325858 2.744755 0.000000
-0.214671 0.362712 2.668740 0.000000
-0.166328 0.196070 2.889034 0.000000
-0.389165 -0.034082 2.805398 0.144231
0.016759 -0.036951 2.724076 1.000000
-0.158364 -0.046659 2.904090 0.000000
-0.440231 0.048690 2.804570 1.000000
0.009048 0.237130 2.476944 0.353846
-0.412303 -0.237851 2.738699 1.000000
-0.070206 0.290030 2.197400 1.000000
-0.394268 -0.304332 2.727560 0.610577
-0.078959 0.318540 2.134315 1.000000
-0.291406 -0.569023 2.796931 1.000000
-0.062185 -0.566491 2.787603 1.000000
-0.298811 -0.985497 2.907639 1.000000
-0.074408 -0.986612 2.883049 1.000000
-0.331316 -1.025630 2.754488 0.000000
-0.100107 -1.021251 2.727286 0.000000
-0.220725 0.622260 2.740175 0.288462
-0.371801 0.325927 2.812917 0.000000
-0.015302 0.324399 2.734615 0.480769
-0.218639 0.359875 2.658867 0.000000
-0.169685 0.201216 2.884848 0.000000
-0.390157 -0.037395 2.808083 0.182692
0.013363 -0.038017 2.715523 1.000000
-0.156596 -0.046125 2.900498 0.000000
-0.443621 0.052287 2.806465 1.000000
-0.015714 0.250585 2.461430 0.569231
-0.417671 -0.234551 2.740629 1.000000
-0.167969 0.291727 2.211611 1.000000
-0.395297 -0.285045 2.697981 0.560096
-0.202951 0.329202 2.164272 1.000000
-0.290593 -0.571887 2.797816 1.000000
-0.060219 -0.567124 2.791224 1.000000
-0.298304 -0.991224 2.897106 1.000000
-0.072645 -0.988153 2.882556 1.000000
-0.334836 -1.026864 2.743751 0.000000
-0.103049 -1.020947 2.727241 0.000000
-0.216562 0.621127 2.739059 0.278846
-0.374824 0.320168 2.797653 0.000000
-0.015069 0.321365 2.736007 0.576923
-0.215115 0.351008 2.649720 0.000000
-0.174593 0.201203 2.883286 0.000000
-0.388124 -0.043279 2.794379 0.125000
0.019746 -0.036475 2.723730 1.000000
-0.159800 -0.044378 2.899423 0.000000
-0.439323 0.046193 2.814341 1.000000
-0.042036 0.252082 2.464027 0.815385
-0.412558 -0.237572 2.740763 1.000000
-0.233444 0.294421 2.244429 1.000000
-0.391192 -0.302896 2.728709 0.576923
-0.290671 0.320876 2.214524 1.000000
-0.289292 -0.575072 2.798575 1.000000
-0.062509 -0.568908 2.795496 1.000000
-0.299477 -0.993055 2.903204 1.000000
-0.071107 -0.990540 2.884457 1.000000
-0.328173 -1.031020 2.748744 0.000000
-0.094353 -1.023106 2.727863 0.000000
-0.205847 0.625745 2.754842 0.250000
-0.369390 0.320617 2.786420 0.000000
-0.006060 0.320227 2.751555 0.500000
-0.198906 0.355680 2.652077 0.000000
-0.177060 0.195949 2.881522 0.000000
-0.387181 -0.044796 2.781903 0.153846
0.024341 -0.039811 2.736946 0.759615
-0.165896 -0.046532 2.901056 0.000000
-0.434758 0.051688 2.815650 1.000000
-0.032181 0.244310 2.485089 0.707692
-0.412880 -0.227700 2.738962 1.000000
-0.230997 0.290388 2.278287 1.000000
-0.398690 -0.295917 2.735202 0.526442
-0.289352 0.319814 2.253837 1.000000
-0.287923 -0.576769 2.799085 1.000000
-0.061075 -0.572595 2.795176 1.000000
-0.294524 -0.993055 2.910546 1.000000
-0.070447 -0.994174 2.884310 1.000000
-0.314018 -1.034264 2.755483 0.000000
-0.083609 -1.027216 2.726647 0.000000
-0.213247 0.617599 2.742954 0.394231
-0.370898 0.325119 2.796882 0.000000
-0.009105 0.323354 2.748638 0.278846
-0.205136 0.364133 2.657802 0.000000
-0.176343 0.195371 2.879899 0.000000
-0.387060 -0.039058 2.798154 0.086538
0.019960 -0.037814 2.722463 1.000000
-0.157491 -0.043848 2.900344 0.000000
-0.439799 0.055278 2.810824 1.000000
-0.017357 0.242305 2.481956 0.676923
-0.411920 -0.226010 2.741172 1.000000
-0.193810 0.299087 2.257476 1.000000
-0.399554 -0.291388 2.720152 0.728365
-0.241661 0.334273 2.220851 1.000000
-0.291299 -0.572550 2.798676 1.000000
-0.061124 -0.568386 2.794991 1.000000
-0.296866 -0.989488 2.907728 1.000000
-0.073460 -0.990338 2.881970 1.000000
-0.328031 -1.029229 2.754197 0.000000
-0.098479 -1.021873 2.725438 0.000000
-0.206937 0.622368 2.740727 0.413462
-0.369378 0.317539 2.799127 1.000000
-0.008358 0.322305 2.745585 0.000000
-0.206581 0.354235 2.655973 0.250000
-0.170543 0.196369 2.884919 0.000000
-0.386952 -0.039800 2.798518 0.048077
0.020273 -0.039589 2.723929 1.000000
-0.157695 -0.047745 2.901209 0.000000
-0.433946 0.045964 2.807634 1.000000
0.003949 0.235732 2.480353 0.400000
-0.412066 -0.236664 2.739413 1.000000
-0.121792 0.305895 2.226822 1.000000
-0.394630 -0.302407 2.723825 0.677885
-0.148617 0.341051 2.172845 1.000000
-0.291754 -0.573343 2.800301 1.000000
-0.060595 -0.570006 2.791665 1.000000
-0.298000 -0.990921 2.906841 1.000000
-0.070684 -0.991109 2.882943 1.000000
-0.328725 -1.029718 2.752979 0.000000
-0.094903 -1.024406 2.726650 0.000000
-0.201985 0.617627 2.744139 0.346154
-0.369187 0.324312 2.804066 1.000000
-0.006953 0.322500 2.759257 0.000000
-0.201988 0.365775 2.667437 0.000000
-0.175798 0.192258 2.886166 0.000000
-0.389714 -0.034491 2.797710 0.144231
0.018262 -0.040153 2.727572 1.000000
-0.161738 -0.046071 2.902878 0.000000
-0.435347 0.052757 2.804696 1.000000
0.013232 0.247654 2.490723 0.000000
-0.417372 -0.230872 2.738524 1.000000
0.035204 0.240389 2.199841 1.000000
-0.402034 -0.296838 2.721722 0.644231
0.058296 0.273753 2.143073 1.000000
-0.292542 -0.570048 2.799011 1.000000
-0.061277 -0.568891 2.789912 1.000000
-0.299912 -0.987422 2.906273 1.000000
-0.074674 -0.989263 2.884089 1.000000
-0.328585 -1.026538 2.752096 0.000000
-0.096174 -1.023630 2.727630 0.000000
-0.212325 0.618604 2.738141 0.379808
-0.369371 0.324608 2.793103 1.000000
-0.004611 0.320439 2.780528 0.605769
-0.190341 0.370146 2.673868 0.000000
-0.185128 0.186675 2.885877 0.000000
-0.393291 -0.034790 2.774551 0.182692
0.019583 -0.038456 2.744255 0.711538
-0.176524 -0.045693 2.901281 0.000000
-0.440311 0.054136 2.805840 1.000000
0.034304 0.206234 2.527956 1.000000
-0.421959 -0.230027 2.740168 1.000000
0.126478 0.174798 2.252431 0.576923
-0.411575 -0.297676 2.726571 0.492788
0.161991 0.180341 2.192621 1.000000
-0.294678 -0.568542 2.801466 1.000000
-0.064352 -0.568894 2.787148 1.000000
-0.296010 -0.986021 2.908566 1.000000
-0.072843 -0.988215 2.886439 1.000000
-0.310216 -1.025986 2.752606 0.000000
-0.078954 -1.025312 2.729248 0.000000
-0.218733 0.616303 2.726015 0.379808
-0.390646 0.314886 2.806697 1.000000
-0.028473 0.328058 2.763314 1.000000
-0.224763 0.363849 2.670948 0.000000
-0.192349 0.190376 2.888877 0.000000
-0.392608 -0.032193 2.791481 0.048077
0.016166 -0.037523 2.726121 0.913462
-0.165871 -0.043708 2.899302 0.000000
-0.439993 0.039506 2.802772 1.000000
0.062546 0.162464 2.556967 1.000000
-0.421062 -0.244629 2.737684 1.000000
0.165139 0.082052 2.295555 1.000000
-0.402876 -0.302178 2.702661 0.509615
0.208117 0.075183 2.241013 1.000000
-0.296288 -0.567257 2.798743 1.000000
-0.064688 -0.566430 2.787407 1.000000
-0.293737 -0.984395 2.907140 1.000000
-0.075345 -0.986794 2.881969 1.000000
-0.321508 -1.024599 2.753078 0.000000
-0.095431 -1.021505 2.725399 0.000000
-0.209550 0.612055 2.744613 0.331731
-0.385060 0.323178 2.807191 1.000000
-0.023146 0.331869 2.760633 1.000000
-0.219679 0.373965 2.671499 0.000000
-0.188100 0.192736 2.883148 0.000000
-0.397524 -0.032058 2.784295 0.000000
0.013587 -0.033433 2.735489 1.000000
-0.175247 -0.043390 2.901050 0.000000
-0.444182 0.049192 2.797528 1.000000
0.082386 0.102340 2.638828 1.000000
-0.423957 -0.234216 2.726784 1.000000
0.167095 -0.065561 2.414401 1.000000
-0.405984 -0.299865 2.711411 0.627404
0.197393 -0.104714 2.365226 0.812500
-0.294186 -0.565939 2.797422 1.000000
-0.064863 -0.563791 2.785000 1.000000
-0.298313 -0.982974 2.906169 1.000000
-0.073772 -0.983352 2.883237 1.000000
-0.318656 -1.023244 2.750968 0.000000
-0.086401 -1.019832 2.726290 0.000000
-0.206499 0.619280 2.718299 0.322115
-0.382954 0.318416 2.805244 1.000000
-0.021483 0.329006 2.755728 1.000000
-0.219004 0.368247 2.667478 0.000000
-0.184453 0.190637 2.881715 0.000000
-0.398553 -0.036514 2.784336 0.019231
0.012092 -0.033247 2.731833 1.000000
-0.175120 -0.045717 2.899056 0.000000
-0.445760 0.043479 2.797297 1.000000
0.081017 0.072703 2.697419 1.000000
-0.423114 -0.241285 2.725493 1.000000
0.142711 -0.162396 2.531041 1.000000
-0.405179 -0.308716 2.724764 0.593750
0.142026 -0.213813 2.483873 0.762019
-0.294801 -0.568932 2.796503 1.000000
-0.066818 -0.564745 2.786245 1.000000
-0.297838 -0.985286 2.907862 1.000000
-0.073431 -0.984676 2.883072 1.000000
-0.319576 -1.026520 2.753105 0.000000
-0.088199 -1.020618 2.726187 0.000000
-0.204391 0.618101 2.706853 0.466346
-0.380845 0.318642 2.801711 1.000000
-0.019397 0.327514 2.751691 1.000000
-0.216870 0.367049 2.663466 0.000000
-0.182758 0.190501 2.878649 0.000000
-0.392699 -0.034785 2.782492 0.019231
0.017890 -0.037606 2.729531 0.567308
-0.169290 -0.046692 2.897008 0.000000
-0.440999 0.041361 2.796398 1.000000
0.060953 0.055857 2.735037 1.000000
-0.419821 -0.246118 2.727962 1.000000
0.078385 -0.225808 2.644828 1.000000
-0.402357 -0.313676 2.728189 0.677885
0.055908 -0.288456 2.623874 1.000000
-0.295642 -0.568563 2.797548 1.000000
-0.062198 -0.567080 2.786205 1.000000
-0.295060 -0.987988 2.896761 1.000000
-0.073644 -0.986570 2.884478 1.000000
-0.317859 -1.024851 2.741056 0.000000
-0.088358 -1.022902 2.727679 0.000000
-0.197989 0.613241 2.715062 0.456731
-0.374549 0.324616 2.786340 1.000000
-0.010417 0.330879 2.761984 1.000000
-0.200869 0.372380 2.660260 0.000000
-0.183355 0.194561 2.876385 0.000000
-0.402383 -0.033298 2.770500 0.153846
0.010751 -0.034236 2.743757 0.423077
-0.186649 -0.043179 2.899064 0.000000
-0.451149 0.053016 2.798870 1.000000
0.059256 0.057368 2.773338 1.000000
-0.428188 -0.230777 2.722030 1.000000
0.035495 -0.235508 2.748256 1.000000
-0.410295 -0.295067 2.701641 0.391827
0.049100 -0.303589 2.741265 0.156250
-0.294717 -0.566601 2.798184 1.000000
-0.065202 -0.564609 2.786341 1.000000
-0.294918 -0.986145 2.896896 1.000000
-0.077452 -0.985698 2.877417 1.000000
-0.306638 -1.023059 2.739980 0.000000
-0.081376 -1.019746 2.719468 0.000000
-0.194669 0.616582 2.699052 0.591346
