-0.433907 0.228943 2.508995 1.000000
-0.075167 0.241486 2.481637 1.000000
-0.263192 0.283360 2.403902 0.000000
-0.243308 0.102958 2.581928 0.000000
-0.446797 -0.116273 2.475277 1.000000
-0.021235 -0.104902 2.459978 1.000000
-0.230094 -0.096109 2.587487 0.000000
-0.498633 -0.036551 2.497010 1.000000
0.017110 -0.015794 2.492212 1.000000
-0.455727 -0.311552 2.416921 1.000000
0.017154 -0.287724 2.392538 1.000000
-0.474383 -0.363965 2.376606 0.307692
0.017288 -0.349099 2.361658 0.492788
-0.348721 -0.613753 2.528526 1.000000
-0.115339 -0.610297 2.511724 1.000000
-0.360894 -0.997822 2.624227 1.000000
-0.137001 -0.983048 2.643645 1.000000
-0.368623 -1.037987 2.462056 0.000000
-0.134051 -1.038992 2.486057 0.250000
-0.261933 0.525383 2.380276 1.000000
-0.435279 0.226382 2.511565 1.000000
-0.076986 0.241641 2.480048 1.000000
-0.266214 0.281496 2.404193 0.000000
-0.242847 0.102410 2.583123 0.000000
-0.445467 -0.117798 2.471564 1.000000
-0.019722 -0.104875 2.465095 1.000000
-0.231184 -0.097711 2.588345 0.000000
-0.494398 -0.040104 2.497503 1.000000
0.017548 -0.014478 2.493235 1.000000
-0.455640 -0.315557 2.417637 1.000000
0.020016 -0.285455 2.391643 1.000000
-0.477458 -0.376780 2.395361 0.105769
0.011008 -0.343173 2.355478 0.560096
-0.347925 -0.614194 2.531616 1.000000
-0.116100 -0.611230 2.510275 1.000000
-0.354407 -0.998239 2.627967 1.000000
-0.136178 -0.983955 2.642520 1.000000
-0.358854 -1.038853 2.465785 0.000000
-0.130615 -1.040115 2.485079 0.245192
-0.266326 0.522274 2.375178 1.000000
-0.435765 0.221933 2.517285 1.000000
-0.078551 0.241377 2.477036 1.000000
-0.270021 0.280184 2.406447 0.000000
-0.240337 0.099110 2.582415 0.000000
-0.446529 -0.122289 2.474195 0.951923
-0.021238 -0.104318 2.457719 0.875000
-0.229868 -0.098500 2.585774 0.000000
-0.500906 -0.042865 2.499747 1.000000
0.017110 -0.013920 2.495515 1.000000
-0.448827 -0.315946 2.419578 1.000000
0.015481 -0.282501 2.387932 1.000000
-0.468226 -0.378501 2.398818 0.139423
0.021028 -0.339189 2.349512 0.644231
-0.349785 -0.616864 2.532535 1.000000
-0.119302 -0.611903 2.509882 1.000000
-0.358463 -1.001478 2.626410 1.000000
-0.135096 -0.984321 2.643567 1.000000
-0.366459 -1.040920 2.464075 0.000000
-0.134297 -1.040857 2.486165 0.211538
-0.267846 0.516693 2.367876 1.000000
-0.434030 0.227538 2.516333 1.000000
-0.076215 0.242114 2.479516 1.000000
-0.266444 0.284051 2.407381 0.000000
-0.240986 0.101568 2.582554 0.000000
-0.448425 -0.120972 2.478134 0.913462
-0.023268 -0.103587 2.457973 0.913462
-0.230737 -0.098223 2.587919 0.000000
-0.499362 -0.037467 2.502091 1.000000
0.015607 -0.015008 2.491999 1.000000
-0.459171 -0.311646 2.418688 1.000000
0.014598 -0.283762 2.384689 1.000000
-0.466409 -0.376321 2.396662 0.223558
0.013291 -0.343683 2.351100 0.442308
-0.350301 -0.616511 2.530000 1.000000
-0.116988 -0.611001 2.508486 1.000000
-0.355359 -1.000940 2.624895 1.000000
-0.134388 -0.981866 2.646225 1.000000
-0.365243 -1.040829 2.462773 0.000000
-0.133286 -1.040140 2.489459 0.192308
-0.266011 0.520984 2.372833 1.000000
-0.438203 0.224298 2.511351 1.000000
-0.080219 0.241016 2.477180 1.000000
-0.270165 0.279671 2.402509 0.000000
-0.244703 0.101523 2.582089 0.000000
-0.446397 -0.109151 2.495055 1.000000
-0.022831 -0.112699 2.449817 0.894231
-0.221753 -0.097774 2.591822 0.000000
-0.500661 -0.040443 2.500424 1.000000
0.018878 -0.012309 2.487858 1.000000
-0.445080 -0.313738 2.427596 1.000000
0.011350 -0.281756 2.385754 1.000000
-0.489652 -0.347882 2.387999 0.391827
0.027513 -0.344212 2.362123 0.375000
-0.348194 -0.612321 2.530016 1.000000
-0.117705 -0.613910 2.507684 1.000000
-0.363064 -0.997783 2.619534 1.000000
-0.136685 -0.984394 2.646239 1.000000
-0.382345 -1.034659 2.457543 0.000000
-0.144079 -1.042590 2.489615 0.298077
-0.265159 0.523982 2.376435 1.000000
-0.436951 0.221592 2.519359 1.000000
-0.080825 0.245251 2.472298 1.000000
-0.274055 0.281315 2.405134 0.000000
-0.238818 0.101538 2.581407 0.000000
-0.448345 -0.115167 2.496408 1.000000
-0.025861 -0.116117 2.441881 0.865385
-0.221711 -0.101887 2.588163 0.000000
-0.498274 -0.043516 2.505376 1.000000
0.017712 -0.007948 2.492767 1.000000
-0.456902 -0.317294 2.424365 1.000000
0.011743 -0.275393 2.384757 1.000000
-0.474272 -0.383211 2.415787 0.358173
0.014789 -0.341965 2.368043 0.526442
-0.349873 -0.617496 2.529336 1.000000
-0.119041 -0.616977 2.512870 1.000000
-0.359659 -1.002346 2.622128 1.000000
-0.136420 -0.989861 2.645048 1.000000
-0.382790 -1.040616 2.460966 0.000000
-0.148830 -1.045072 2.487662 0.269231
-0.266424 0.522708 2.378399 1.000000
-0.435264 0.221733 2.516687 1.000000
-0.078245 0.240393 2.474391 1.000000
-0.270038 0.278805 2.404470 0.000000
-0.239638 0.099255 2.581871 0.000000
-0.449801 -0.115489 2.480487 1.000000
-0.024440 -0.110950 2.457795 0.990385
-0.230867 -0.099889 2.589035 0.000000
-0.495341 -0.043859 2.507708 1.000000
0.014706 -0.015451 2.485938 1.000000
-0.468422 -0.319552 2.427163 1.000000
0.009016 -0.282422 2.376793 1.000000
-0.478401 -0.380132 2.396325 0.156250
0.004548 -0.350881 2.373074 0.661058
-0.351269 -0.615024 2.532260 1.000000
-0.120156 -0.614518 2.510352 1.000000
-0.358985 -0.996021 2.639953 1.000000
-0.135274 -0.986115 2.646379 1.000000
-0.370261 -1.041198 2.479315 0.230769
-0.135729 -1.043591 2.489316 0.235577
-0.266680 0.520154 2.375068 1.000000
-0.439235 0.222050 2.514151 1.000000
-0.081660 0.240790 2.476881 1.000000
-0.272460 0.279187 2.404284 0.000000
-0.244520 0.099588 2.582040 0.000000
-0.452200 -0.115151 2.487132 1.000000
-0.027619 -0.110075 2.452900 1.000000
-0.230419 -0.099296 2.589699 0.000000
-0.497106 -0.044262 2.507094 1.000000
0.012938 -0.014778 2.484419 1.000000
-0.474441 -0.319773 2.424020 1.000000
0.006386 -0.281275 2.373704 1.000000
-0.464632 -0.383253 2.399638 0.257212
0.006973 -0.347429 2.355164 0.661058
-0.348765 -0.614988 2.534163 1.000000
-0.121044 -0.613394 2.511705 1.000000
-0.360545 -1.000844 2.622439 1.000000
-0.135130 -0.986835 2.642697 1.000000
-0.374871 -1.037590 2.459906 0.000000
-0.140097 -1.042003 2.484886 0.230769
-0.269504 0.520355 2.373193 1.000000
-0.437719 0.219978 2.510322 1.000000
-0.079702 0.239646 2.478117 1.000000
-0.269552 0.277334 2.402713 0.000000
-0.243651 0.098226 2.581270 0.000000
-0.447290 -0.115610 2.492401 1.000000
-0.022783 -0.119309 2.457089 1.000000
-0.224969 -0.105517 2.594526 0.000000
-0.494733 -0.046459 2.504711 1.000000
0.017068 -0.015120 2.478838 1.000000
-0.463891 -0.320873 2.420979 1.000000
0.008417 -0.280863 2.366717 1.000000
-0.482255 -0.381113 2.393513 0.206731
0.025643 -0.347218 2.362168 0.459135
-0.351498 -0.618081 2.535398 1.000000
-0.121035 -0.620522 2.513403 1.000000
-0.359878 -1.001223 2.635138 1.000000
-0.135219 -0.994734 2.642168 1.000000
-0.376182 -1.042823 2.473966 0.115385
-0.141504 -1.048901 2.484057 0.399038
-0.267648 0.519979 2.375403 1.000000
-0.436741 0.219967 2.504621 1.000000
-0.078207 0.240855 2.479779 1.000000
-0.266557 0.276238 2.399644 0.000000
-0.243689 0.100476 2.581903 0.000000
-0.449603 -0.122511 2.481585 0.942308
-0.024494 -0.116091 2.454978 1.000000
-0.229825 -0.102665 2.587707 0.000000
-0.505814 -0.043677 2.514286 1.000000
0.014818 -0.015444 2.485240 1.000000
-0.454134 -0.310593 2.417001 1.000000
0.008349 -0.282265 2.375040 1.000000
-0.478302 -0.374277 2.408014 0.442308
-0.014762 -0.343723 2.395268 0.408654
-0.354222 -0.621071 2.533953 1.000000
-0.124747 -0.620022 2.513765 1.000000
-0.359661 -1.007445 2.620563 1.000000
-0.119332 -0.996827 2.635441 1.000000
-0.372120 -1.043759 2.457778 0.000000
-0.125600 -1.048266 2.476421 0.211538
-0.267754 0.522128 2.375624 1.000000
-0.438625 0.220866 2.516650 1.000000
-0.081574 0.239625 2.474661 1.000000
-0.273318 0.278125 2.404649 0.000000
-0.243037 0.098307 2.581799 0.000000
-0.451206 -0.119125 2.493283 1.000000
-0.028205 -0.110138 2.443723 0.923077
-0.226109 -0.098599 2.587455 0.000000
-0.501417 -0.043651 2.503580 1.000000
0.014767 -0.014723 2.485053 1.000000
-0.465610 -0.316918 2.419333 1.000000
0.004968 -0.283490 2.381501 1.000000
-0.472464 -0.381579 2.397144 0.173077
0.007299 -0.344688 2.350360 0.610577
-0.352030 -0.617667 2.534425 1.000000
-0.121230 -0.614618 2.507613 1.000000
-0.360368 -1.004253 2.619851 1.000000
-0.127772 -0.993468 2.622705 1.000000
-0.381196 -1.039631 2.457718 0.000000
-0.140704 -1.041733 2.463094 0.019231
-0.271435 0.519315 2.374940 1.000000
-0.440041 0.219007 2.512388 1.000000
-0.082225 0.240225 2.478962 1.000000
-0.272489 0.276701 2.404005 0.000000
-0.245178 0.098470 2.583229 0.000000
-0.449494 -0.119931 2.478162 1.000000
-0.024016 -0.107132 2.461676 1.000000
-0.232528 -0.099576 2.589831 0.000000
-0.506465 -0.045377 2.507422 1.000000
0.015100 -0.014360 2.486045 1.000000
-0.447433 -0.313058 2.416865 1.000000
0.004623 -0.284656 2.385205 1.000000
-0.499296 -0.355828 2.402678 0.375000
0.012948 -0.343774 2.351202 0.661058
-0.353132 -0.616783 2.531287 1.000000
-0.119928 -0.613562 2.508228 1.000000
-0.360623 -1.002782 2.619403 1.000000
-0.135597 -0.986194 2.641326 1.000000
-0.368859 -1.039807 2.456511 0.000000
-0.133959 -1.042511 2.483851 0.245192
-0.274272 0.520121 2.380066 1.000000
-0.437771 0.216874 2.517344 1.000000
-0.080837 0.240780 2.477016 1.000000
-0.272788 0.276613 2.406163 0.000000
-0.240752 0.097051 2.583264 0.000000
-0.451441 -0.122260 2.477327 0.855769
-0.026167 -0.105803 2.458921 1.000000
-0.234214 -0.098715 2.587856 0.000000
-0.504960 -0.047590 2.504941 1.000000
0.013188 -0.015392 2.489055 1.000000
-0.456647 -0.318034 2.414545 1.000000
0.006564 -0.284239 2.382647 1.000000
-0.488668 -0.377460 2.427335 0.307692
0.010035 -0.351192 2.367624 0.526442
-0.353157 -0.617907 2.531610 1.000000
-0.121319 -0.613091 2.508124 1.000000
-0.357285 -1.002774 2.624755 1.000000
-0.134048 -0.985352 2.642569 1.000000
-0.366423 -1.041965 2.462418 0.019231
-0.133388 -1.042184 2.485272 0.259615
-0.276257 0.514932 2.368959 1.000000
-0.438838 0.218428 2.517439 1.000000
-0.082129 0.243674 2.475948 1.000000
-0.274433 0.277820 2.405219 0.000000
-0.241062 0.100272 2.584095 0.000000
-0.448774 -0.117700 2.496699 0.951923
-0.025452 -0.109651 2.449783 1.000000
-0.224134 -0.100508 2.592613 0.000000
-0.501335 -0.047130 2.506807 1.000000
0.014581 -0.011314 2.488923 1.000000
-0.452323 -0.317514 2.417040 1.000000
0.010978 -0.283745 2.392301 1.000000
-0.470359 -0.381435 2.399456 0.021635
0.003125 -0.347809 2.368751 0.711538
-0.351175 -0.617070 2.532556 1.000000
-0.120344 -0.614164 2.510607 1.000000
-0.360073 -1.002917 2.621206 1.000000
-0.135264 -0.987149 2.642802 1.000000
-0.380265 -1.039651 2.459295 0.000000
-0.144999 -1.042580 2.485306 0.254808
-0.281062 0.522185 2.382893 1.000000
-0.437260 0.217583 2.518689 1.000000
-0.080841 0.244161 2.475569 1.000000
-0.273590 0.277423 2.405636 0.000000
-0.238724 0.100325 2.584674 0.000000
-0.450942 -0.119225 2.489131 0.932692
-0.026887 -0.106127 2.450752 0.836538
-0.228538 -0.098450 2.589447 0.000000
-0.503673 -0.046493 2.506119 1.000000
0.014393 -0.010441 2.495895 1.000000
-0.452031 -0.318958 2.426119 1.000000
0.015120 -0.278206 2.388169 1.000000
-0.473745 -0.381268 2.406977 0.088942
0.003964 -0.345824 2.383292 0.694712
-0.349407 -0.616456 2.534884 1.000000
-0.119167 -0.611759 2.511255 1.000000
-0.362698 -1.001504 2.626413 1.000000
-0.123814 -0.988526 2.633078 1.000000
-0.378686 -1.039483 2.464319 0.000000
-0.132113 -1.039825 2.474107 0.134615
-0.285707 0.521129 2.381771 1.000000
-0.439862 0.219354 2.526535 1.000000
-0.084850 0.247318 2.473768 1.000000
-0.279555 0.281235 2.409823 0.000000
-0.239347 0.101522 2.585095 0.000000
-0.449382 -0.116407 2.495681 1.000000
-0.026492 -0.107239 2.445220 0.942308
-0.224013 -0.098052 2.589648 0.000000
-0.501156 -0.044681 2.503595 1.000000
0.014374 -0.005512 2.488912 1.000000
-0.455316 -0.317403 2.423092 1.000000
0.009833 -0.274824 2.386883 1.000000
-0.471489 -0.380815 2.402168 0.038462
-0.004381 -0.342031 2.385643 0.610577
-0.352585 -0.615109 2.532955 1.000000
-0.121510 -0.611582 2.512230 1.000000
-0.358749 -0.997573 2.635422 1.000000
-0.132168 -0.986204 2.640140 1.000000
-0.380930 -1.040139 2.475208 0.038462
-0.144551 -1.039782 2.482189 0.230769
-0.288733 0.519250 2.378700 1.000000
-0.437295 0.216628 2.527893 1.000000
-0.082034 0.244207 2.476619 1.000000
-0.276432 0.279232 2.412337 0.000000
-0.237278 0.097731 2.585998 0.000000
-0.453143 -0.116926 2.497854 0.980769
-0.030664 -0.108292 2.443961 0.855769
-0.226974 -0.099443 2.590051 0.000000
-0.506093 -0.044707 2.507131 1.000000
0.013457 -0.008775 2.495097 1.000000
-0.457292 -0.315562 2.425813 1.000000
0.011648 -0.275482 2.389167 1.000000
-0.473556 -0.379297 2.405971 0.156250
0.013854 -0.341054 2.368773 0.627404
-0.351577 -0.616105 2.534247 1.000000
-0.119225 -0.612045 2.511668 1.000000
-0.361492 -1.003631 2.615129 1.000000
-0.135939 -0.983816 2.647029 1.000000
-0.383551 -1.036962 2.452725 0.000000
-0.146722 -1.040489 2.490043 0.322115
-0.290668 0.514359 2.379450 1.000000
-0.437584 0.213819 2.523390 1.000000
-0.082344 0.247933 2.476056 1.000000
-0.276585 0.277705 2.408728 0.000000
-0.235902 0.100214 2.586140 0.000000
-0.450903 -0.116871 2.501017 0.875000
-0.028665 -0.108711 2.445194 0.990385
-0.224307 -0.099312 2.592144 0.000000
-0.505117 -0.048539 2.513516 1.000000
0.014045 -0.005110 2.489041 1.000000
-0.452359 -0.316081 2.423914 1.000000
0.006198 -0.273669 2.388022 1.000000
-0.476527 -0.377740 2.405626 0.122596
0.003740 -0.340661 2.372972 0.947115
-0.349626 -0.616540 2.533502 1.000000
-0.118493 -0.612365 2.514108 1.000000
-0.361818 -1.001221 2.626710 1.000000
-0.127768 -0.990173 2.632388 1.000000
-0.384907 -1.039538 2.465554 0.000000
-0.142286 -1.039629 2.473279 0.110577
-0.288065 0.517561 2.379434 1.000000
-0.438615 0.210366 2.523474 1.000000
-0.083600 0.249424 2.478320 1.000000
-0.277857 0.277331 2.410240 0.000000
-0.235825 0.098771 2.586261 0.000000
-0.452678 -0.121447 2.495706 0.788462
-0.030212 -0.105452 2.443420 0.894231
-0.227309 -0.097945 2.588522 0.000000
-0.508202 -0.051013 2.507032 1.000000
0.013828 -0.002853 2.495502 1.000000
-0.451142 -0.319354 2.423000 1.000000
0.009325 -0.269703 2.390169 1.000000
-0.470167 -0.383372 2.406874 0.139423
0.020319 -0.337117 2.382757 0.560096
-0.351492 -0.618164 2.533630 1.000000
-0.119105 -0.611117 2.513983 1.000000
-0.359578 -1.004478 2.620305 1.000000
-0.136621 -0.985653 2.641387 1.000000
-0.381287 -1.040350 2.458396 0.000000
-0.147905 -1.038919 2.483248 0.211538
-0.288687 0.517763 2.384216 1.000000
-0.438372 0.217293 2.523603 1.000000
-0.082432 0.244829 2.477252 1.000000
-0.275897 0.277535 2.409052 0.000000
-0.238928 0.100606 2.587834 0.000000
-0.452116 -0.124529 2.496843 0.730769
-0.028739 -0.104617 2.454149 0.990385
-0.228966 -0.101877 2.595073 0.000000
-0.508965 -0.042590 2.497714 1.000000
0.010875 -0.008644 2.492692 1.000000
-0.449908 -0.312680 2.422740 1.000000
0.013412 -0.275447 2.388449 1.000000
-0.491449 -0.361235 2.397500 0.290865
0.019861 -0.332148 2.350189 0.610577
-0.350742 -0.620602 2.531704 1.000000
-0.118647 -0.612278 2.514001 1.000000
-0.364019 -1.006618 2.619061 1.000000
-0.125705 -0.991229 2.628730 1.000000
-0.381852 -1.042740 2.456735 0.000000
-0.135561 -1.039439 2.468883 0.105769
-0.282612 0.517377 2.376399 1.000000
-0.438354 0.220024 2.521980 1.000000
-0.081807 0.243059 2.477899 1.000000
-0.274404 0.278449 2.408594 0.000000
-0.240841 0.100593 2.587128 0.000000
-0.449408 -0.122162 2.497629 1.000000
-0.025784 -0.110859 2.454246 1.000000
-0.225674 -0.104356 2.595526 0.000000
-0.504331 -0.041900 2.501733 1.000000
0.012921 -0.010202 2.493786 1.000000
-0.455792 -0.315419 2.430438 1.000000
0.013045 -0.272512 2.377832 1.000000
-0.460530 -0.367798 2.386229 0.324519
0.015547 -0.341101 2.374722 0.846154
-0.351107 -0.620446 2.535330 1.000000
-0.120200 -0.616271 2.514139 1.000000
-0.350293 -1.004949 2.630054 1.000000
-0.129802 -0.991374 2.640715 1.000000
-0.369836 -1.044721 2.468781 0.000000
-0.139386 -1.044541 2.482430 0.230769
-0.277661 0.518014 2.375255 1.000000
-0.439349 0.222210 2.515191 1.000000
-0.081777 0.239640 2.477262 1.000000
-0.272583 0.275414 2.403352 0.000000
-0.244622 0.102258 2.587386 0.000000
-0.448838 -0.123665 2.493578 0.778846
-0.025350 -0.108041 2.450208 1.000000
-0.225394 -0.101603 2.591273 0.000000
-0.498794 -0.042952 2.509368 1.000000
0.012621 -0.014743 2.493297 1.000000
-0.463379 -0.316180 2.426193 1.000000
0.026275 -0.273309 2.367667 1.000000
-0.472945 -0.380332 2.403534 0.088942
0.031920 -0.341770 2.366353 0.829327
-0.350550 -0.619917 2.537348 1.000000
-0.117493 -0.614422 2.512203 1.000000
-0.356277 -1.006453 2.623218 1.000000
-0.136723 -0.987852 2.642573 1.000000
-0.374742 -1.042241 2.460888 0.000000
-0.144429 -1.042566 2.484714 0.250000
-0.269288 0.519727 2.375650 1.000000
-0.441347 0.221480 2.505726 1.000000
-0.082380 0.239267 2.485074 1.000000
-0.269397 0.273045 2.401210 0.000000
-0.250154 0.103518 2.589687 0.000000
-0.446915 -0.123186 2.488393 1.000000
-0.022078 -0.105231 2.462734 1.000000
-0.227839 -0.100496 2.595393 0.000000
-0.496188 -0.046899 2.506186 1.000000
0.012136 -0.017825 2.487568 1.000000
-0.459661 -0.322144 2.422348 1.000000
0.060787 -0.264359 2.342736 1.000000
-0.468550 -0.390145 2.418197 0.223558
0.064258 -0.331008 2.326416 1.000000
-0.354440 -0.618153 2.537746 1.000000
-0.119821 -0.613445 2.510159 1.000000
-0.358135 -1.003841 2.627451 1.000000
-0.136075 -0.985646 2.644391 1.000000
-0.370687 -1.041509 2.464982 0.000000
-0.138119 -1.042303 2.487043 0.269231
-0.264479 0.523765 2.380087 1.000000
-0.439798 0.225631 2.510881 1.000000
-0.080649 0.240044 2.490772 1.000000
-0.267243 0.277777 2.407657 0.000000
-0.249928 0.103695 2.592127 0.000000
-0.451626 -0.120690 2.488775 1.000000
-0.026452 -0.105087 2.467538 1.000000
-0.233488 -0.100753 2.598212 0.000000
-0.499752 -0.042551 2.511169 1.000000
0.008416 -0.018890 2.467610 1.000000
-0.475030 -0.316112 2.415176 1.000000
0.083192 -0.247289 2.303585 1.000000
-0.475903 -0.377673 2.384681 0.240385
0.112755 -0.304141 2.278801 0.896635
-0.356661 -0.617112 2.535060 1.000000
-0.118099 -0.612358 2.511968 1.000000
-0.357566 -1.004900 2.615285 1.000000
-0.128405 -0.990572 2.628861 1.000000
-0.368030 -1.038693 2.451819 0.000000
-0.129395 -1.039933 2.469064 0.158654
-0.267629 0.520130 2.376831 1.000000
-0.441997 0.225404 2.520784 1.000000
-0.083689 0.242924 2.490645 1.000000
-0.272866 0.280650 2.413584 0.000000
-0.248996 0.103548 2.594412 0.000000
-0.450799 -0.115550 2.485616 1.000000
-0.025058 -0.107770 2.473319 1.000000
-0.234649 -0.101031 2.599749 0.000000
-0.497267 -0.043871 2.508590 1.000000
-0.005445 -0.014051 2.431031 1.000000
-0.484633 -0.317726 2.409975 1.000000
0.106436 -0.209893 2.246613 1.000000
-0.478388 -0.378689 2.378911 0.021635
0.147174 -0.261051 2.225549 1.000000
-0.357123 -0.614460 2.533251 1.000000
-0.124036 -0.613431 2.511216 1.000000
-0.357701 -1.001430 2.617334 1.000000
-0.126466 -0.991574 2.628765 1.000000
-0.365193 -1.036896 2.454060 0.000000
-0.126125 -1.041223 2.469054 0.120192
-0.267048 0.518826 2.377720 1.000000
-0.444636 0.222485 2.535143 1.000000
-0.089421 0.243147 2.480412 1.000000
-0.283814 0.277210 2.415599 0.000000
-0.245649 0.104283 2.598009 0.000000
-0.456007 -0.114279 2.511440 1.000000
-0.033563 -0.107409 2.457022 1.000000
-0.229535 -0.102003 2.603733 0.000000
-0.502467 -0.044979 2.517276 1.000000
-0.028331 0.003815 2.361297 1.000000
-0.490246 -0.316456 2.415009 1.000000
0.113100 -0.133813 2.148310 1.000000
-0.494373 -0.382142 2.395293 0.122596
0.176373 -0.148188 2.125720 1.000000
-0.358302 -0.615722 2.524111 1.000000
-0.123702 -0.611973 2.510636 1.000000
-0.356689 -0.997310 2.629958 1.000000
-0.133448 -0.985589 2.641527 1.000000
-0.381512 -1.041617 2.470606 0.000000
-0.145102 -1.040482 2.483972 0.211538
-0.267210 0.516690 2.377361 1.000000
-0.441490 0.227061 2.547575 1.000000
-0.089241 0.240934 2.474584 1.000000
-0.285930 0.280346 2.420646 0.000000
-0.242222 0.103476 2.597960 0.000000
-0.457895 -0.111048 2.518964 1.000000
-0.036967 -0.111642 2.453495 1.000000
-0.228895 -0.103506 2.605336 0.000000
-0.503878 -0.038687 2.526887 1.000000
-0.054418 0.016642 2.321538 1.000000
-0.494020 -0.308813 2.422228 1.000000
0.062752 -0.072534 2.071864 1.000000
-0.490707 -0.371944 2.395323 0.206731
0.130902 -0.078594 2.065599 1.000000
-0.359765 -0.615131 2.523466 1.000000
-0.129347 -0.614041 2.510904 1.000000
-0.355050 -0.996714 2.629240 1.000000
-0.133159 -0.988084 2.640878 1.000000
-0.383869 -1.041053 2.470570 0.000000
-0.150175 -1.042541 2.483660 0.245192
-0.267021 0.512762 2.372284 1.000000
-0.445128 0.224254 2.556686 1.000000
-0.096368 0.240468 2.468915 1.000000
-0.295520 0.277166 2.422644 0.000000
-0.242678 0.103369 2.600509 0.000000
-0.461328 -0.112374 2.537603 0.923077
-0.047041 -0.111178 2.438446 1.000000
-0.226107 -0.106558 2.605395 0.000000
-0.509029 -0.042401 2.539566 1.000000
-0.087032 0.030892 2.291512 1.000000
-0.505458 -0.316564 2.442383 1.000000
-0.017015 -0.015905 2.013069 1.000000
-0.496896 -0.373716 2.405225 0.189904
0.046217 -0.005644 1.988231 1.000000
-0.360067 -0.616605 2.521148 1.000000
-0.130264 -0.612607 2.512888 1.000000
-0.356475 -0.995330 2.636779 1.000000
-0.132834 -0.987896 2.639249 1.000000
-0.395955 -1.043131 2.481444 0.072115
-0.162385 -1.040244 2.483176 0.192308
-0.263490 0.512271 2.374225 1.000000
-0.443482 0.226413 2.571782 1.000000
-0.101636 0.238419 2.459542 1.000000
-0.302693 0.280801 2.429059 0.000000
-0.241259 0.099927 2.596820 0.000000
-0.464992 -0.118220 2.560894 0.625000
-0.060590 -0.110550 2.427224 1.000000
-0.224929 -0.111997 2.608742 0.000000
-0.513101 -0.036629 2.562840 1.000000
-0.091596 0.022375 2.294188 1.000000
-0.505577 -0.310913 2.474488 1.000000
-0.228416 0.016406 2.040536 0.865385
-0.501672 -0.363680 2.430661 0.290865
-0.260286 0.012803 1.979777 0.000000
-0.360577 -0.620932 2.520925 1.000000
-0.129155 -0.612718 2.508430 1.000000
-0.363024 -1.005572 2.615063 1.000000
-0.131371 -0.985776 2.641240 1.000000
-0.413838 -1.043148 2.460213 0.000000
-0.170413 -1.040114 2.487957 0.206731
-0.263868 0.507362 2.369169 1.000000
-0.443085 0.222941 2.583581 1.000000
-0.108981 0.234370 2.450000 1.000000
-0.311838 0.274924 2.431195 0.000000
-0.238811 0.098191 2.598724 0.000000
-0.463698 -0.120275 2.561791 0.615385
-0.061831 -0.112608 2.420682 1.000000
-0.222785 -0.114403 2.605205 0.000000
-0.511085 -0.041849 2.571592 0.830769
-0.127964 0.029263 2.269855 1.000000
-0.502114 -0.318339 2.485434 1.000000
-0.321399 0.055404 2.055729 1.000000
-0.502428 -0.385610 2.499398 0.274038
-0.382734 0.046530 2.026070 1.000000
-0.358702 -0.623033 2.520902 1.000000
-0.127451 -0.614305 2.505277 1.000000
-0.363876 -1.007969 2.613713 1.000000
-0.129693 -0.988166 2.635808 1.000000
-0.417102 -1.044456 2.459413 0.000000
-0.171709 -1.041304 2.482891 0.197115
-0.264991 0.502263 2.366230 1.000000
-0.442017 0.227444 2.582547 1.000000
-0.108541 0.233969 2.447079 1.000000
-0.310735 0.278351 2.429829 0.028846
-0.239958 0.098889 2.595412 0.000000
-0.463035 -0.121615 2.565176 0.557692
-0.063181 -0.111392 2.418616 1.000000
-0.221550 -0.115963 2.605315 0.000000
-0.508600 -0.036642 2.579432 0.861538
-0.118970 0.030609 2.266191 1.000000
-0.509939 -0.312064 2.493936 1.000000
-0.350527 0.072920 2.099578 1.000000
-0.501889 -0.371729 2.527036 0.408654
-0.413150 0.069517 2.127636 1.000000
-0.357996 -0.623602 2.516181 1.000000
-0.128031 -0.613590 2.504958 1.000000
-0.357700 -1.002472 2.631391 1.000000
-0.124391 -0.988085 2.633627 1.000000
-0.411053 -1.048627 2.479747 0.000000
-0.169611 -1.040799 2.481479 0.230769
-0.265347 0.506969 2.370137 1.000000
-0.443219 0.229591 2.581353 1.000000
-0.111382 0.232542 2.441798 1.000000
-0.313782 0.276443 2.425788 0.000000
-0.240975 0.101431 2.595209 0.000000
-0.463052 -0.120449 2.568483 0.625000
-0.068232 -0.111920 2.408759 1.000000
-0.220351 -0.115681 2.600602 0.000000
-0.510908 -0.032999 2.577790 1.000000
-0.085429 0.036760 2.255937 1.000000
-0.518003 -0.312330 2.511613 1.000000
-0.309834 0.075873 2.081101 1.000000
-0.503217 -0.376866 2.493259 0.324519
-0.372492 0.074500 2.109252 1.000000
-0.359035 -0.622963 2.515232 1.000000
-0.128113 -0.612361 2.504774 1.000000
-0.355288 -1.004575 2.620942 1.000000
-0.130372 -0.986357 2.634919 1.000000
-0.414210 -1.046898 2.470245 0.000000
-0.179858 -1.038596 2.483940 0.211538
-0.269286 0.504211 2.360932 1.000000
-0.442279 0.226175 2.569478 1.000000
-0.105648 0.228886 2.441914 1.000000
-0.307686 0.270601 2.417621 0.000000
-0.239638 0.100176 2.593571 0.000000
-0.462208 -0.121713 2.566890 0.759615
-0.066390 -0.113134 2.409658 1.000000
-0.219697 -0.117837 2.600532 0.000000
-0.508209 -0.036530 2.575466 1.000000
-0.051289 0.050100 2.245758 1.000000
-0.516023 -0.313960 2.502965 1.000000
-0.239173 0.066577 2.029625 1.000000
-0.520328 -0.380052 2.484697 0.021635
-0.306393 0.056021 2.039140 1.000000
-0.360215 -0.624125 2.513610 1.000000
-0.129669 -0.613968 2.504045 1.000000
-0.353783 -1.005749 2.619142 1.000000
-0.119018 -0.990177 2.627207 1.000000
-0.412480 -1.048409 2.468453 0.000000
-0.170595 -1.040994 2.476442 0.240385
-0.268686 0.508303 2.367526 1.000000
-0.439390 0.228177 2.567701 1.000000
-0.096652 0.237639 2.457970 1.000000
-0.297159 0.281511 2.426013 0.000000
-0.238301 0.100196 2.594221 0.000000
-0.467001 -0.120660 2.545534 0.903846
-0.058534 -0.110980 2.425004 1.000000
-0.228580 -0.115870 2.601125 0.000000
-0.506647 -0.033473 2.573252 1.000000
-0.040659 0.081174 2.244902 1.000000
-0.517081 -0.308458 2.494946 1.000000
-0.120259 0.056915 1.971163 1.000000
-0.518905 -0.376181 2.483518 0.088942
-0.180655 0.058144 1.938433 1.000000
-0.359779 -0.622709 2.515430 1.000000
-0.128445 -0.613599 2.501020 1.000000
-0.359136 -1.006707 2.612185 1.000000
-0.131007 -0.985908 2.635910 1.000000
-0.405370 -1.046051 2.456342 0.000000
-0.164734 -1.041504 2.481818 0.254808
-0.270273 0.505632 2.364196 1.000000
-0.437836 0.224255 2.550071 1.000000
-0.092822 0.234626 2.447807 1.000000
-0.293504 0.270627 2.408059 0.000000
-0.234346 0.104018 2.590748 0.000000
-0.465221 -0.121803 2.546705 1.000000
-0.057411 -0.113261 2.423884 1.000000
-0.226458 -0.118830 2.600943 0.000000
-0.505780 -0.036001 2.563001 1.000000
-0.027759 0.052752 2.260176 1.000000
-0.514781 -0.307451 2.476207 1.000000
0.065315 0.072575 1.991395 0.846154
-0.526403 -0.371970 2.496768 0.240385
0.103287 0.052732 1.937684 0.795673
-0.364224 -0.624006 2.510594 1.000000
-0.131804 -0.616498 2.494819 1.000000
-0.358161 -0.999926 2.634946 1.000000
-0.131714 -0.986784 2.635192 1.000000
-0.405011 -1.051030 2.482742 0.000000
-0.165972 -1.044820 2.482121 0.240385
-0.271170 0.510718 2.356570 1.000000
-0.438458 0.225520 2.548064 1.000000
-0.093854 0.232013 2.444113 1.000000
-0.294408 0.269367 2.404969 0.000000
-0.235809 0.103922 2.588892 0.000000
-0.466659 -0.122636 2.555523 0.759615
-0.067368 -0.113572 2.407362 1.000000
-0.224986 -0.118353 2.594690 0.000000
-0.508752 -0.033031 2.565819 1.000000
-0.008742 0.049261 2.266736 1.000000
-0.517666 -0.298575 2.464607 1.000000
0.165570 0.060455 2.042399 1.000000
-0.520447 -0.360118 2.495024 0.206731
0.220536 0.052928 2.001871 1.000000
-0.364784 -0.624862 2.511827 1.000000
-0.132790 -0.615099 2.496401 1.000000
-0.355129 -1.003255 2.628194 1.000000
-0.132953 -0.985383 2.636779 1.000000
-0.410842 -1.050906 2.477867 0.000000
-0.176708 -1.042589 2.485831 0.201923
-0.266040 0.512611 2.357879 1.000000
-0.437801 0.227577 2.536984 1.000000
-0.089352 0.229154 2.446536 1.000000
-0.287719 0.268953 2.399460 0.000000
-0.238516 0.103521 2.586128 0.000000
-0.468236 -0.122211 2.539254 1.000000
-0.060627 -0.114849 2.415690 1.000000
-0.229408 -0.117420 2.593073 0.000000
-0.504817 -0.030981 2.563780 1.000000
0.002099 0.042813 2.276314 1.000000
-0.519825 -0.297840 2.467086 1.000000
0.208175 0.054400 2.080899 1.000000
-0.512753 -0.358703 2.498169 0.324519
0.274442 0.049341 2.063478 1.000000
-0.361462 -0.624841 2.514221 1.000000
-0.132985 -0.616986 2.494860 1.000000
-0.359361 -1.006923 2.618264 1.000000
-0.133987 -0.986030 2.638462 1.000000
-0.406628 -1.049317 2.463535 0.000000
-0.168336 -1.045306 2.485888 0.254808
-0.265346 0.513667 2.356972 1.000000
-0.438292 0.228826 2.521605 1.000000
-0.084229 0.237465 2.457070 1.000000
-0.279252 0.275076 2.396238 0.000000
-0.241093 0.106959 2.583091 0.000000
-0.469467 -0.115767 2.511070 1.000000
-0.049651 -0.113964 2.438831 1.000000
-0.239082 -0.113539 2.593989 0.000000
-0.504975 -0.029969 2.543097 1.000000
0.001345 0.031184 2.308718 1.000000
-0.509321 -0.304499 2.470964 1.000000
0.196210 0.028951 2.102292 1.000000
-0.511200 -0.370905 2.453440 0.000000
0.262134 0.026615 2.083083 1.000000
-0.362172 -0.619475 2.511981 1.000000
-0.131608 -0.615321 2.501224 1.000000
-0.360442 -0.998722 2.625931 1.000000
-0.131960 -0.987181 2.637370 1.000000
-0.389475 -1.046240 2.468224 0.000000
-0.149730 -1.044341 2.481199 0.187500
-0.264690 0.516821 2.351374 1.000000
-0.436979 0.227474 2.516733 1.000000
-0.081730 0.238048 2.459408 1.000000
-0.275620 0.275979 2.395242 0.000000
-0.240664 0.105292 2.580385 0.000000
-0.463560 -0.112867 2.517995 1.000000
-0.047362 -0.113643 2.427190 1.000000
-0.229714 -0.110263 2.590574 0.000000
-0.503862 -0.030497 2.533064 1.000000
-0.010365 0.011253 2.337916 1.000000
-0.508864 -0.305104 2.466065 1.000000
0.160973 -0.008875 2.113950 1.000000
-0.512934 -0.373321 2.458969 0.105769
0.223221 -0.004327 2.085230 1.000000
-0.359136 -0.617427 2.512595 1.000000
-0.127852 -0.613216 2.504578 1.000000
-0.360177 -0.994494 2.633573 1.000000
-0.132576 -0.986583 2.636453 1.000000
-0.395666 -1.044336 2.477917 0.076923
-0.158131 -1.041342 2.480502 0.211538
-0.262959 0.517425 2.351992 1.000000
-0.434117 0.226302 2.509875 1.000000
-0.078336 0.240117 2.456685 1.000000
-0.271844 0.274876 2.389635 0.000000
-0.237225 0.107327 2.577684 0.000000
-0.456331 -0.108539 2.512546 1.000000
-0.037848 -0.116418 2.433316 1.000000
-0.224578 -0.109935 2.591582 0.000000
-0.498251 -0.031312 2.520706 1.000000
-0.011988 -0.006289 2.382674 1.000000
-0.501924 -0.301485 2.442360 1.000000
0.111540 -0.076244 2.139791 1.000000
-0.508741 -0.369507 2.435507 0.173077
0.165094 -0.067318 2.097688 1.000000
-0.359450 -0.614407 2.517237 1.000000
-0.127661 -0.614680 2.506308 1.000000
-0.362472 -0.998202 2.614749 1.000000
-0.128885 -0.988902 2.635816 1.000000
-0.395373 -1.038339 2.455755 0.000000
-0.152383 -1.042989 2.479307 0.187500
-0.261626 0.519833 2.349153 1.000000
-0.438655 0.223703 2.516740 1.000000
-0.084538 0.241167 2.454322 1.000000
-0.279905 0.278845 2.394644 0.000000
-0.239789 0.101892 2.572724 0.000000
-0.454374 -0.109683 2.503705 0.846154
-0.034236 -0.113553 2.433448 1.000000
-0.224353 -0.106276 2.587592 0.000000
-0.497505 -0.036740 2.523468 1.000000
0.000639 -0.011581 2.440080 1.000000
-0.492590 -0.298332 2.416113 1.000000
0.040196 -0.209545 2.242028 1.000000
-0.486696 -0.365294 2.430316 0.560096
0.084829 -0.220498 2.190956 0.290865
-0.357648 -0.613821 2.518913 1.000000
-0.126909 -0.613818 2.501834 1.000000
-0.357689 -0.994947 2.626426 1.000000
-0.120199 -0.988583 2.629591 1.000000
-0.387761 -1.039612 2.468081 0.000000
-0.141406 -1.042453 2.472681 0.115385
-0.264262 0.517082 2.352493 1.000000
-0.436538 0.224314 2.522344 1.000000
-0.084043 0.240252 2.450976 1.000000
-0.280727 0.278194 2.395974 0.000000
-0.236708 0.102206 2.574087 0.000000
-0.455451 -0.113522 2.509287 0.576923
-0.036477 -0.110398 2.432361 1.000000
-0.224224 -0.105752 2.589484 0.000000
-0.503050 -0.034896 2.521084 1.000000
0.007517 -0.010082 2.474746 1.000000
-0.484648 -0.294245 2.408444 1.000000
0.014949 -0.271198 2.364967 1.000000
-0.494667 -0.362178 2.410685 0.442308
0.043300 -0.317805 2.323201 0.728365
-0.356993 -0.616027 2.517840 1.000000
-0.126557 -0.612840 2.501545 1.000000
-0.357497 -0.995598 2.630721 1.000000
-0.130021 -0.984188 2.639039 1.000000
-0.389838 -1.042333 2.473424 0.000000
-0.151033 -1.041628 2.483374 0.221154
-0.269738 0.512278 2.345327 1.000000
-0.433178 0.223980 2.525022 1.000000
-0.080364 0.236790 2.454608 1.000000
-0.276423 0.278487 2.400097 0.000000
-0.235073 0.098172 2.574482 0.000000
-0.459658 -0.124009 2.505457 0.701923
-0.040548 -0.118936 2.429375 1.000000
-0.228695 -0.112415 2.585953 0.000000
-0.508333 -0.035005 2.513222 1.000000
0.005336 -0.018297 2.475751 1.000000
-0.482892 -0.305399 2.424199 1.000000
0.017674 -0.303535 2.462628 1.000000
-0.499001 -0.365327 2.394711 0.122596
0.037343 -0.367727 2.477218 0.980769
-0.355311 -0.625947 2.519073 1.000000
-0.124882 -0.621304 2.501963 1.000000
-0.360142 -1.008303 2.622014 1.000000
-0.131761 -0.992396 2.640019 1.000000
-0.390955 -1.050675 2.463181 0.000000
-0.150982 -1.050013 2.484188 0.283654
-0.267315 0.503091 2.337307 1.000000
-0.430097 0.226575 2.518023 1.000000
-0.075508 0.238360 2.456968 1.000000
-0.270076 0.278011 2.395971 0.000000
-0.233188 0.102711 2.576367 0.000000
-0.457427 -0.119497 2.491920 0.432692
-0.034602 -0.112934 2.440509 1.000000
-0.231678 -0.104659 2.585598 0.000000
-0.503342 -0.035147 2.521189 1.000000
0.010752 -0.016219 2.497242 1.000000
-0.479803 -0.308341 2.433833 1.000000
0.019033 -0.303811 2.503730 1.000000
-0.495424 -0.374886 2.426893 0.206731
0.047578 -0.362110 2.526242 0.442308
-0.353556 -0.619982 2.523787 1.000000
-0.126762 -0.616442 2.505854 1.000000
-0.360458 -1.004015 2.620157 1.000000
-0.132449 -0.989275 2.639192 1.000000
-0.381927 -1.044023 2.459188 0.000000
-0.144592 -1.045283 2.482068 0.322115
-0.260140 0.512158 2.346676 1.000000
-0.430869 0.226499 2.521104 1.000000
-0.076199 0.237224 2.460324 1.000000
-0.270529 0.278744 2.399815 0.000000
-0.234645 0.100799 2.577808 0.000000
-0.459566 -0.125411 2.510250 0.461538
-0.039742 -0.116071 2.438643 1.000000
-0.229635 -0.110591 2.593138 0.000000
-0.512889 -0.033997 2.509325 1.000000
0.004732 -0.012878 2.535314 1.000000
-0.465909 -0.307747 2.427913 1.000000
0.028465 -0.298555 2.495324 1.000000
-0.509951 -0.360474 2.428655 0.324519
0.036399 -0.365749 2.483387 0.694712
-0.353413 -0.626104 2.525386 1.000000
-0.124651 -0.620251 2.506162 1.000000
-0.357813 -1.010333 2.621120 1.000000
-0.134683 -0.992385 2.641185 1.000000
-0.386852 -1.049841 2.461219 0.000000
-0.151930 -1.048715 2.484654 0.350962
-0.254567 0.510883 2.350047 1.000000
-0.429886 0.228261 2.508640 1.000000
-0.072296 0.235653 2.467713 1.000000
-0.262666 0.275894 2.394983 0.000000
-0.237883 0.103755 2.580422 0.000000
-0.455693 -0.116695 2.502222 1.000000
-0.033561 -0.118592 2.445057 1.000000
-0.228424 -0.108291 2.592977 0.000000
-0.499799 -0.036959 2.512379 1.000000
0.013625 -0.021923 2.506644 1.000000
-0.492323 -0.320817 2.451351 1.000000
0.037107 -0.308771 2.467626 1.000000
-0.495618 -0.387155 2.433778 0.072115
0.042523 -0.377141 2.471708 0.627404
-0.352048 -0.620570 2.523201 1.000000
-0.123639 -0.619568 2.509244 1.000000
-0.357304 -0.999709 2.637403 1.000000
-0.130901 -0.993795 2.638539 1.000000
-0.381172 -1.047149 2.478808 0.057692
-0.144758 -1.047984 2.480918 0.288462
-0.247670 0.509302 2.342676 1.000000
