-0.356862 0.369871 2.690668 1.000000
0.000668 0.356460 2.703190 1.000000
-0.173060 0.409807 2.603075 0.000000
-0.187290 0.206747 2.791901 0.000000
-0.317308 -0.013656 2.651405 1.000000
-0.036119 -0.019412 2.652462 1.000000
-0.176861 -0.000969 2.776064 0.000000
-0.408790 0.106833 2.678336 1.000000
0.046909 0.092102 2.706973 1.000000
-0.398716 -0.179595 2.635099 1.000000
0.045089 -0.188217 2.633286 1.000000
-0.396252 -0.247543 2.641306 0.526442
0.028770 -0.252330 2.616409 0.846154
-0.311687 -0.584723 2.711808 1.000000
-0.049733 -0.587907 2.705296 1.000000
-0.344858 -1.003991 2.785586 1.000000
-0.058653 -1.014202 2.728151 1.000000
-0.349141 -1.032834 2.619755 0.000000
-0.052178 -1.023344 2.560149 0.000000
-0.160846 0.662252 2.574712 1.000000
-0.348509 0.369691 2.687391 1.000000
0.008317 0.352617 2.710805 1.000000
-0.161735 0.406923 2.605052 0.000000
-0.183832 0.205672 2.795054 0.000000
-0.308193 -0.011887 2.644284 1.000000
-0.027615 -0.018811 2.662449 1.000000
-0.175550 -0.000052 2.777294 0.000000
-0.401311 0.106585 2.682379 1.000000
0.055735 0.088445 2.712292 1.000000
-0.395533 -0.178793 2.631997 1.000000
0.049236 -0.190574 2.634073 1.000000
-0.373937 -0.242649 2.642841 0.610577
0.047392 -0.258474 2.640988 1.000000
-0.306135 -0.583636 2.702481 1.000000
-0.038708 -0.586259 2.709018 1.000000
-0.345073 -0.999206 2.792563 1.000000
-0.057460 -1.012412 2.728279 1.000000
-0.341295 -1.035205 2.628125 0.000000
-0.037916 -1.020821 2.561254 0.000000
-0.153777 0.658065 2.571448 1.000000
-0.338443 0.372505 2.685298 1.000000
0.017691 0.353384 2.716393 1.000000
-0.149727 0.408724 2.607036 0.000000
-0.177063 0.207482 2.796366 0.000000
-0.295586 -0.013208 2.647263 1.000000
-0.014757 -0.020426 2.660854 1.000000
-0.160733 -0.000001 2.777900 0.000000
-0.390936 0.109615 2.672202 1.000000
0.066997 0.089553 2.716181 1.000000
-0.385252 -0.177952 2.636355 1.000000
0.061419 -0.189316 2.637357 1.000000
-0.377993 -0.245258 2.645235 0.644231
0.068059 -0.257120 2.632869 0.947115
-0.298359 -0.584436 2.696633 1.000000
-0.031643 -0.588726 2.708370 1.000000
-0.338405 -1.000583 2.783504 1.000000
-0.055144 -1.014367 2.733000 1.000000
-0.338499 -1.034981 2.618680 0.000000
-0.038252 -1.024974 2.565811 0.000000
-0.135870 0.661332 2.577350 1.000000
-0.319276 0.367293 2.686600 1.000000
0.035919 0.352341 2.728755 1.000000
-0.128686 0.407483 2.615110 0.000000
-0.159233 0.202386 2.799755 0.000000
-0.279013 -0.017659 2.640115 1.000000
0.000139 -0.016975 2.674394 1.000000
-0.154588 -0.000603 2.780306 0.000000
-0.370813 0.104951 2.662971 1.000000
0.089001 0.089244 2.729270 1.000000
-0.374354 -0.183059 2.630563 1.000000
0.097207 -0.185878 2.638423 1.000000
-0.343541 -0.243915 2.627604 0.677885
0.100389 -0.252588 2.624237 0.762019
-0.286406 -0.585812 2.677424 1.000000
-0.018301 -0.588645 2.713243 1.000000
-0.338862 -0.999067 2.771223 1.000000
-0.049751 -1.013948 2.734614 1.000000
-0.329664 -1.037390 2.607525 0.000000
-0.019247 -1.024508 2.569362 0.000000
-0.120337 0.655068 2.578838 1.000000
-0.313100 0.371980 2.683711 1.000000
0.041303 0.351387 2.729960 1.000000
-0.121068 0.406960 2.613350 0.000000
-0.157356 0.206763 2.802284 0.000000
-0.255632 -0.011999 2.642945 1.000000
0.023610 -0.013885 2.676445 1.000000
-0.130663 0.003984 2.782777 0.000000
-0.358452 0.109170 2.653506 1.000000
0.106205 0.090971 2.733018 1.000000
-0.345340 -0.178962 2.624864 1.000000
0.156496 -0.173466 2.625517 1.000000
-0.326996 -0.244596 2.620703 0.896635
0.140789 -0.235591 2.601951 0.627404
-0.282368 -0.576425 2.661608 1.000000
-0.014565 -0.587305 2.715376 1.000000
-0.331244 -0.990483 2.753783 1.000000
-0.047194 -1.012502 2.737102 1.000000
-0.329024 -1.027317 2.589501 0.000000
-0.020573 -1.023023 2.571178 0.000000
-0.101280 0.654479 2.575466 1.000000
-0.305705 0.375379 2.679560 1.000000
0.046392 0.352572 2.740151 1.000000
-0.110797 0.410908 2.617926 0.000000
-0.155558 0.207407 2.801434 0.000000
-0.241794 -0.008996 2.640667 1.000000
0.035691 -0.012298 2.686411 1.000000
-0.123045 0.005454 2.785980 0.000000
-0.349340 0.112009 2.651806 1.000000
0.128980 0.097670 2.755735 1.000000
-0.338733 -0.174539 2.609491 1.000000
0.227013 -0.136428 2.615735 1.000000
-0.316745 -0.233865 2.635152 0.795673
0.196052 -0.197260 2.614172 0.677885
-0.281495 -0.569485 2.637507 1.000000
-0.015596 -0.586722 2.719473 1.000000
-0.323379 -0.979222 2.750161 1.000000
-0.041453 -1.012672 2.734519 1.000000
-0.326681 -1.023536 2.587755 0.000000
-0.010361 -1.020399 2.569220 0.000000
-0.090896 0.650969 2.570189 1.000000
-0.301401 0.376602 2.674912 1.000000
0.046138 0.359361 2.759076 1.000000
-0.103515 0.417106 2.627470 0.000000
-0.156493 0.209137 2.803633 0.000000
-0.226649 -0.005353 2.635556 0.750000
0.047505 -0.011857 2.697997 1.000000
-0.116676 0.009075 2.787621 0.000000
-0.338792 0.112658 2.644368 1.000000
0.166251 0.120335 2.779976 1.000000
-0.325509 -0.172692 2.595749 1.000000
0.364737 -0.005316 2.610329 1.000000
-0.292076 -0.231864 2.602280 0.879808
0.395066 -0.036724 2.557838 0.274038
-0.272967 -0.561663 2.607167 1.000000
-0.009513 -0.585678 2.719298 1.000000
-0.319012 -0.966004 2.736464 1.000000
-0.040915 -1.011094 2.738389 1.000000
-0.324014 -1.016748 2.575995 0.000000
0.000646 -1.021469 2.575554 0.000000
-0.077029 0.644446 2.565849 1.000000
-0.297048 0.378192 2.664433 1.000000
0.042349 0.360581 2.776965 1.000000
-0.096210 0.421096 2.634875 0.000000
-0.162109 0.208051 2.800285 0.000000
-0.216398 -0.000905 2.628932 0.576923
0.052760 -0.005719 2.710370 1.000000
-0.117560 0.011324 2.788642 0.000000
-0.331711 0.114228 2.634515 1.000000
0.198438 0.143133 2.788211 1.000000
-0.317312 -0.170396 2.584654 1.000000
0.444758 0.147931 2.636529 1.000000
-0.286612 -0.230809 2.592977 0.930288
0.482498 0.162905 2.581637 0.358173
-0.265741 -0.554841 2.592294 1.000000
-0.012682 -0.581372 2.720224 1.000000
-0.315922 -0.959514 2.718984 1.000000
-0.036527 -1.007438 2.735358 1.000000
-0.313962 -1.010038 2.558380 0.000000
0.014362 -1.015979 2.575085 0.000000
-0.068502 0.637430 2.562043 1.000000
-0.295294 0.379709 2.657580 1.000000
0.040292 0.360439 2.780768 1.000000
-0.093809 0.424238 2.635864 0.000000
-0.164051 0.206482 2.793153 0.000000
-0.213726 0.000801 2.623584 0.461538
0.053582 -0.005880 2.710778 1.000000
-0.118495 0.007937 2.785775 0.000000
-0.328126 0.116104 2.623029 1.000000
0.248719 0.192995 2.797494 1.000000
-0.312801 -0.168857 2.575598 1.000000
0.477528 0.325259 2.679852 1.000000
-0.281546 -0.229507 2.573097 1.000000
0.495271 0.365466 2.627600 0.644231
-0.263819 -0.554928 2.587439 1.000000
-0.013533 -0.581206 2.723196 1.000000
-0.329260 -0.968128 2.672952 1.000000
-0.035891 -1.007483 2.734007 1.000000
-0.310235 -1.004916 2.509751 0.000000
0.017987 -1.014351 2.574633 0.000000
-0.074646 0.633787 2.553826 1.000000
-0.290502 0.375005 2.638386 1.000000
0.036590 0.367026 2.783684 1.000000
-0.089685 0.426542 2.630183 0.000000
-0.162655 0.206054 2.782340 0.000000
-0.210135 0.001036 2.600099 0.586538
0.044424 -0.008293 2.719322 0.730769
-0.135621 0.003414 2.772922 0.000000
-0.322217 0.111000 2.604773 1.000000
0.292182 0.291741 2.812662 1.000000
-0.311978 -0.175364 2.563949 1.000000
0.432600 0.533169 2.736698 1.000000
-0.280928 -0.235962 2.568979 1.000000
0.452360 0.598501 2.738411 0.644231
-0.272233 -0.555495 2.579036 1.000000
-0.016435 -0.582221 2.726846 1.000000
-0.341617 -0.976513 2.595127 1.000000
-0.049675 -1.006436 2.762417 1.000000
-0.284520 -0.991948 2.437483 0.000000
0.024384 -1.024825 2.612326 0.000000
-0.083101 0.634785 2.543754 1.000000
-0.285831 0.383075 2.626784 1.000000
0.037547 0.362099 2.775663 1.000000
-0.083476 0.428725 2.622454 0.000000
-0.165107 0.207176 2.768549 0.000000
-0.205602 0.004591 2.606519 0.750000
0.053059 -0.005260 2.716515 1.000000
-0.124911 0.006950 2.776546 0.000000
-0.329018 0.120809 2.593576 1.000000
0.302413 0.372147 2.814351 1.000000
-0.315562 -0.165884 2.557453 1.000000
0.385150 0.646841 2.777256 1.000000
-0.285076 -0.225418 2.571156 0.963942
0.384493 0.714888 2.771712 0.290865
-0.282672 -0.545484 2.577101 1.000000
-0.019375 -0.579774 2.723487 1.000000
-0.350519 -0.966826 2.563072 1.000000
-0.037985 -1.005478 2.751032 1.000000
-0.296354 -0.970241 2.403684 0.000000
0.028522 -1.018360 2.596886 0.000000
-0.083621 0.641504 2.540488 1.000000
-0.289821 0.380103 2.610606 1.000000
0.026737 0.368051 2.769259 1.000000
-0.088704 0.431064 2.612925 0.000000
-0.169344 0.207746 2.756860 0.000000
-0.199469 0.012215 2.604256 0.980769
0.057841 0.000923 2.717240 1.000000
-0.120774 0.013565 2.775228 0.000000
-0.333222 0.119315 2.585781 1.000000
0.285701 0.412598 2.807512 1.000000
-0.313768 -0.163837 2.544832 1.000000
0.303001 0.697652 2.781511 1.000000
-0.284079 -0.224647 2.553909 1.000000
0.271276 0.758020 2.778243 0.408654
-0.294243 -0.532561 2.579510 1.000000
-0.020967 -0.573991 2.711658 1.000000
-0.363463 -0.952511 2.545167 1.000000
-0.034745 -0.999751 2.741116 1.000000
-0.304090 -0.949415 2.387638 0.000000
0.033089 -1.012572 2.587544 0.000000
-0.092629 0.644337 2.531275 1.000000
-0.299069 0.382469 2.597691 1.000000
0.017722 0.383301 2.761514 1.000000
-0.101073 0.444162 2.604192 0.000000
-0.171245 0.213002 2.741058 0.000000
-0.212093 0.012492 2.587544 1.000000
0.042888 0.018044 2.706099 1.000000
-0.137394 0.020240 2.760130 0.000000
-0.347748 0.125108 2.578135 1.000000
0.275393 0.419343 2.725547 1.000000
-0.346281 -0.152698 2.520899 1.000000
0.193058 0.690463 2.738544 1.000000
-0.312286 -0.210279 2.534697 1.000000
0.175883 0.750463 2.766232 0.677885
-0.297774 -0.526694 2.559906 1.000000
-0.027813 -0.562470 2.693758 1.000000
-0.363722 -0.948148 2.541031 1.000000
-0.032482 -0.986896 2.740341 1.000000
-0.305801 -0.950131 2.382944 0.000000
0.038442 -1.004327 2.588630 0.000000
-0.120896 0.640625 2.503519 1.000000
-0.305789 0.379504 2.593222 1.000000
0.013376 0.382143 2.748836 1.000000
-0.108068 0.442379 2.595083 0.024038
-0.173603 0.210736 2.733423 0.000000
-0.223373 0.009217 2.578458 1.000000
0.032135 0.024376 2.695023 1.000000
-0.147761 0.022219 2.750329 0.000000
-0.352867 0.123170 2.575155 1.000000
0.259557 0.441634 2.684759 1.000000
-0.349585 -0.154153 2.523425 1.000000
0.159306 0.702562 2.722988 1.000000
-0.317060 -0.213001 2.535280 1.000000
0.140111 0.752556 2.765341 0.425481
-0.298359 -0.529392 2.553438 1.000000
-0.029761 -0.558742 2.684838 1.000000
-0.358426 -0.952106 2.547657 1.000000
-0.031461 -0.982356 2.738477 1.000000
-0.304776 -0.957549 2.388151 0.000000
0.036958 -1.001953 2.585883 0.000000
-0.135817 0.643282 2.500530 1.000000
-0.356530 0.367817 2.602606 1.000000
-0.010284 0.383471 2.681754 1.000000
-0.163832 0.425909 2.552173 0.000000
-0.195192 0.215773 2.730921 0.000000
-0.259104 -0.001890 2.579938 1.000000
0.015548 0.014486 2.638248 1.000000
-0.148325 0.018344 2.730752 0.000000
-0.380919 0.109469 2.584963 1.000000
0.164513 0.425353 2.493758 1.000000
-0.354880 -0.162398 2.519346 1.000000
0.122677 0.700430 2.532198 1.000000
-0.330223 -0.225494 2.510831 1.000000
0.095497 0.755814 2.561447 0.795673
-0.311549 -0.544786 2.542134 1.000000
-0.039193 -0.567094 2.667352 1.000000
-0.353844 -0.969685 2.543392 1.000000
-0.036345 -0.989791 2.727751 1.000000
-0.341656 -0.971395 2.375467 0.000000
0.000128 -1.012802 2.564992 0.000000
-0.195827 0.646140 2.478584 1.000000
-0.380987 0.358007 2.629676 1.000000
-0.026618 0.392035 2.591885 0.451923
-0.217891 0.415267 2.514910 0.000000
-0.178466 0.225734 2.713943 0.000000
-0.289116 -0.008372 2.595601 0.221154
-0.009170 -0.001662 2.569402 1.000000
-0.138238 0.018146 2.704956 0.000000
-0.395319 0.102947 2.591228 1.000000
0.015742 0.334096 2.343716 1.000000
-0.369038 -0.169346 2.536469 1.000000
0.024842 0.572871 2.199715 1.000000
-0.360543 -0.231428 2.509354 0.879808
0.027266 0.641072 2.201779 1.000000
-0.326464 -0.554645 2.535295 1.000000
-0.051290 -0.575279 2.659343 1.000000
-0.361991 -0.980013 2.546664 1.000000
-0.043311 -0.996506 2.728864 1.000000
-0.399900 -0.981231 2.382616 0.038462
-0.056979 -1.024086 2.563327 0.000000
-0.243154 0.643291 2.448060 1.000000
-0.395855 0.342730 2.652032 1.000000
-0.066564 0.375096 2.515343 0.000000
-0.272377 0.382307 2.490053 0.000000
-0.170861 0.229419 2.698407 0.000000
-0.301548 -0.005601 2.635514 0.000000
-0.038388 -0.019642 2.537273 1.000000
-0.125833 0.006148 2.701937 0.000000
-0.405232 0.090638 2.599794 1.000000
-0.036824 0.256266 2.288710 0.453846
-0.392626 -0.182357 2.547697 1.000000
-0.092329 0.271921 2.016546 1.000000
-0.363044 -0.239533 2.524950 1.000000
-0.107448 0.279645 1.950415 0.000000
-0.335017 -0.559243 2.533085 1.000000
-0.061378 -0.584707 2.653789 1.000000
-0.366850 -0.985028 2.537875 1.000000
-0.046592 -1.004848 2.728569 0.922356
-0.435657 -0.981612 2.384239 0.000000
-0.104469 -1.034527 2.573264 0.000000
-0.280051 0.634509 2.430128 1.000000
-0.411290 0.324238 2.671291 1.000000
-0.117714 0.362911 2.470091 1.000000
-0.324548 0.358692 2.485983 0.000000
-0.175235 0.225027 2.678157 0.000000
-0.307311 -0.009571 2.637504 0.000000
-0.065636 -0.039743 2.496846 1.000000
-0.122492 -0.000202 2.671860 0.000000
-0.423842 0.073668 2.618928 1.000000
-0.132929 0.190082 2.281455 1.000000
-0.403593 -0.194609 2.553960 1.000000
-0.169042 0.003033 2.080678 1.000000
-0.366232 -0.243336 2.524103 0.963942
-0.180835 -0.044109 2.032717 1.000000
-0.339888 -0.568237 2.533466 1.000000
-0.072058 -0.596155 2.638787 1.000000
-0.364930 -0.994500 2.531927 1.000000
-0.055198 -1.013129 2.729218 0.825481
-0.451575 -0.988889 2.387666 0.000000
-0.139035 -1.047307 2.587255 0.000000
-0.305482 0.617898 2.411290 1.000000
-0.419982 0.297251 2.665818 1.000000
-0.160462 0.340290 2.422998 1.000000
-0.362411 0.326954 2.468704 0.000000
-0.180323 0.209872 2.642563 0.000000
-0.313161 -0.037555 2.628978 1.000000
-0.091662 -0.068435 2.458431 1.000000
-0.125459 -0.028024 2.639126 0.014423
-0.441174 0.045806 2.632416 1.000000
-0.191687 0.111029 2.316914 1.000000
-0.412884 -0.222511 2.579834 1.000000
-0.221861 -0.108195 2.153852 1.000000
-0.376654 -0.275081 2.555639 0.509615
-0.238613 -0.153934 2.106009 1.000000
-0.351211 -0.600883 2.543750 1.000000
-0.092207 -0.620216 2.636140 1.000000
-0.374643 -1.026969 2.528567 1.000000
-0.064308 -1.034133 2.737249 0.881731
-0.479192 -1.016531 2.396996 0.000000
-0.167233 -1.072260 2.609566 0.000000
-0.325614 0.573796 2.348669 1.000000
-0.427537 0.285497 2.645658 1.000000
-0.173146 0.339712 2.399671 1.000000
-0.373730 0.317416 2.447829 0.000000
-0.184499 0.208907 2.619609 0.000000
-0.318014 -0.045575 2.627833 1.000000
-0.094802 -0.080056 2.460235 1.000000
-0.130350 -0.038296 2.640286 0.000000
-0.450712 0.031236 2.643158 1.000000
-0.179741 0.099043 2.314657 1.000000
-0.411780 -0.237383 2.594606 1.000000
-0.230462 -0.116126 2.149859 1.000000
-0.388573 -0.284163 2.550623 0.391827
-0.245219 -0.158387 2.098305 1.000000
-0.353960 -0.612090 2.551541 1.000000
-0.103347 -0.631978 2.634977 1.000000
-0.375558 -1.038222 2.534999 1.000000
-0.068648 -1.045085 2.737287 0.891106
-0.478392 -1.027851 2.402079 0.000000
-0.170326 -1.085334 2.609256 0.000000
-0.336900 0.565745 2.325421 1.000000
-0.435910 0.282383 2.629756 1.000000
-0.175078 0.344450 2.392525 1.000000
-0.376415 0.316072 2.433858 0.000000
-0.189927 0.213183 2.611980 0.000000
-0.332530 -0.046971 2.612876 1.000000
-0.101203 -0.083380 2.457107 1.000000
-0.145735 -0.038690 2.634436 0.000000
-0.460854 0.030155 2.649452 1.000000
-0.182857 0.109849 2.294894 1.000000
-0.435455 -0.239640 2.605429 1.000000
-0.226087 -0.105435 2.130103 1.000000
-0.408810 -0.300959 2.591585 0.223558
-0.242809 -0.147125 2.078684 1.000000
-0.357898 -0.616823 2.550189 1.000000
-0.109890 -0.631985 2.638205 1.000000
-0.375186 -1.043116 2.532731 1.000000
-0.064578 -1.044346 2.739371 0.912981
-0.471095 -1.033573 2.394671 0.000000
-0.160039 -1.087198 2.607459 0.000000
-0.342105 0.565150 2.312355 1.000000
-0.452581 0.281079 2.608591 1.000000
-0.169410 0.337764 2.397013 1.000000
-0.374203 0.312829 2.419120 0.000000
-0.207195 0.207850 2.614515 0.000000
-0.346944 -0.052471 2.602421 1.000000
-0.104724 -0.076673 2.461548 1.000000
-0.162388 -0.038375 2.636574 0.000000
-0.475479 0.026273 2.642459 1.000000
-0.167361 0.111517 2.272892 1.000000
-0.442114 -0.244526 2.585690 1.000000
-0.202436 -0.096503 2.090780 1.000000
-0.431216 -0.311257 2.595165 0.257212
-0.222294 -0.139746 2.041817 1.000000
-0.358823 -0.620978 2.539042 1.000000
-0.104520 -0.626425 2.642567 1.000000
-0.371426 -1.047772 2.534941 1.000000
-0.065124 -1.041763 2.733517 0.919231
-0.459796 -1.043786 2.391676 0.000000
-0.150786 -1.080477 2.593826 0.000000
-0.339137 0.568789 2.310791 1.000000
-0.445466 0.304830 2.604875 1.000000
-0.147935 0.345429 2.409962 1.000000
-0.354928 0.336157 2.420832 0.000000
-0.207169 0.212197 2.620563 0.000000
-0.350295 -0.047620 2.610778 0.115385
-0.105545 -0.064936 2.473304 1.000000
-0.166405 -0.035018 2.648879 0.000000
-0.479937 0.048115 2.627776 1.000000
-0.144747 0.120518 2.279502 1.000000
-0.446560 -0.224102 2.567464 1.000000
-0.182879 -0.086748 2.093920 1.000000
-0.425140 -0.277062 2.530074 0.694712
-0.201846 -0.134842 2.049323 1.000000
-0.358646 -0.614877 2.532075 1.000000
-0.103239 -0.619126 2.640708 1.000000
-0.369127 -1.041748 2.532067 1.000000
-0.063280 -1.035171 2.728111 0.869231
-0.455665 -1.039621 2.387648 0.000000
-0.145870 -1.072891 2.586315 0.000000
-0.315102 0.581663 2.311420 1.000000
-0.440120 0.313710 2.595123 1.000000
-0.128190 0.343645 2.422012 1.000000
-0.335642 0.343129 2.418292 0.000000
-0.207612 0.210792 2.626106 0.000000
-0.355689 -0.044919 2.603651 0.000000
-0.103782 -0.060290 2.479520 1.000000
-0.174194 -0.031608 2.651698 0.000000
-0.473424 0.054222 2.596256 1.000000
-0.105482 0.112594 2.301412 1.000000
-0.456891 -0.225579 2.560759 1.000000
-0.154366 -0.097274 2.118690 1.000000
-0.448307 -0.284666 2.593874 0.375000
-0.178384 -0.147173 2.078754 1.000000
-0.358554 -0.612360 2.527171 1.000000
-0.095180 -0.613106 2.644086 1.000000
-0.371829 -1.039102 2.533850 1.000000
-0.068697 -1.030980 2.727806 0.925481
-0.450523 -1.038984 2.384997 0.000000
-0.142953 -1.065176 2.580610 0.000000
-0.299006 0.592038 2.321074 1.000000
-0.431550 0.322940 2.591349 1.000000
-0.100938 0.346891 2.456123 1.000000
-0.306398 0.358945 2.429822 0.000000
-0.209563 0.204435 2.639205 0.000000
-0.369283 -0.046197 2.597600 0.096154
-0.106893 -0.049933 2.496411 0.625000
-0.193439 -0.027367 2.662021 0.000000
-0.462290 0.061495 2.580800 1.000000
-0.053600 0.104053 2.365582 1.000000
-0.459978 -0.219626 2.537065 1.000000
-0.095679 -0.124509 2.201460 1.000000
-0.419101 -0.272040 2.521465 0.862981
-0.128273 -0.178015 2.174325 1.000000
-0.355502 -0.612517 2.526419 1.000000
-0.088428 -0.604949 2.649804 1.000000
-0.368491 -1.039119 2.539524 1.000000
-0.057181 -1.019934 2.745410 0.875481
-0.434481 -1.041867 2.384643 0.000000
-0.114875 -1.059559 2.592271 0.000000
-0.266846 0.606392 2.348142 1.000000
-0.410540 0.336572 2.590788 1.000000
-0.067883 0.344091 2.487379 1.000000
-0.268947 0.369031 2.442639 0.000000
-0.201148 0.203883 2.655290 0.000000
-0.368123 -0.038893 2.584511 0.278846
-0.099408 -0.047628 2.501944 0.721154
-0.196960 -0.020439 2.660595 0.000000
-0.448589 0.075581 2.572315 1.000000
-0.032380 0.092840 2.413099 1.000000
-0.442114 -0.206860 2.530958 1.000000
-0.046027 -0.156961 2.275481 1.000000
-0.408073 -0.261925 2.509262 0.475962
-0.086564 -0.204598 2.248113 1.000000
-0.350554 -0.607767 2.527013 1.000000
-0.077356 -0.599216 2.650365 1.000000
-0.375013 -1.033900 2.538911 1.000000
-0.070830 -1.018811 2.729275 1.000000
-0.428357 -1.035297 2.379216 0.000000
-0.116075 -1.049465 2.570017 0.000000
-0.234101 0.621217 2.377017 1.000000
-0.393709 0.343589 2.591376 1.000000
-0.043290 0.345122 2.518106 1.000000
-0.239122 0.375751 2.456769 0.000000
-0.193650 0.204657 2.670663 0.000000
-0.358549 -0.033095 2.585836 0.182692
-0.085760 -0.045984 2.518592 0.461538
-0.191715 -0.020609 2.672071 0.000000
-0.436547 0.082850 2.569287 1.000000
-0.006458 0.086786 2.471049 1.000000
-0.433767 -0.197333 2.510257 1.000000
-0.000437 -0.178925 2.364483 1.000000
-0.417868 -0.262892 2.499731 0.694712
-0.030952 -0.238600 2.351472 1.000000
-0.345492 -0.603844 2.528821 1.000000
-0.069837 -0.598527 2.652105 1.000000
-0.375437 -1.029602 2.541602 1.000000
-0.062607 -1.015205 2.745145 0.950481
-0.419586 -1.031374 2.379128 0.000000
-0.097278 -1.051684 2.584467 0.000000
-0.202661 0.633275 2.407783 1.000000
-0.367641 0.351949 2.600455 1.000000
-0.012276 0.341737 2.558318 1.000000
-0.200312 0.385992 2.482590 0.024038
-0.181543 0.198321 2.686352 0.000000
-0.324522 -0.018123 2.581173 0.192308
-0.046854 -0.050829 2.550642 0.846154
-0.170080 -0.016634 2.688743 0.000000
-0.409604 0.091672 2.564820 1.000000
0.035131 0.080167 2.547901 1.000000
-0.408418 -0.187878 2.498564 1.000000
0.033595 -0.201421 2.490935 1.000000
-0.393762 -0.254554 2.497524 0.610577
0.007738 -0.264577 2.493022 1.000000
-0.337493 -0.591648 2.534178 1.000000
-0.058494 -0.602064 2.659578 1.000000
-0.381685 -1.016352 2.535812 1.000000
-0.061276 -1.024311 2.723051 0.987981
-0.403646 -1.014709 2.368883 0.000000
-0.077433 -1.049121 2.557300 0.000000
-0.166903 0.637545 2.439565 1.000000
-0.348382 0.351783 2.604798 1.000000
0.009139 0.340583 2.590057 1.000000
-0.172238 0.388799 2.501581 0.000000
-0.170189 0.193918 2.699341 0.000000
-0.314555 -0.024902 2.577231 0.067308
-0.034366 -0.046040 2.565027 0.721154
-0.167542 -0.014901 2.694335 0.000000
-0.396521 0.092757 2.564769 1.000000
0.052309 0.077901 2.577847 1.000000
-0.388250 -0.187894 2.501642 1.000000
0.029065 -0.208012 2.554796 1.000000
-0.374173 -0.254622 2.504937 0.560096
0.032881 -0.276076 2.551003 1.000000
-0.329824 -0.593103 2.535785 1.000000
-0.048207 -0.603722 2.660186 1.000000
-0.383447 -1.016718 2.537751 1.000000
-0.063820 -1.026074 2.721052 0.909856
-0.396574 -1.015835 2.369891 0.000000
-0.064698 -1.050058 2.554397 0.000000
-0.148068 0.638457 2.461106 1.000000
-0.336623 0.350763 2.617976 1.000000
0.020926 0.335032 2.609312 1.000000
-0.158328 0.384938 2.517509 0.000000
-0.162027 0.191297 2.716459 0.000000
-0.300196 -0.028635 2.577777 0.317308
-0.019314 -0.042021 2.572526 0.865385
-0.156476 -0.014910 2.698533 0.000000
-0.381204 0.092935 2.565577 1.000000
0.064702 0.071811 2.606706 1.000000
-0.371633 -0.189481 2.509061 1.000000
0.046575 -0.214787 2.582671 1.000000
-0.351552 -0.254211 2.500791 0.375000
0.048040 -0.282877 2.587489 1.000000
-0.324365 -0.592578 2.542305 1.000000
-0.039317 -0.604322 2.663114 1.000000
-0.381141 -1.015783 2.540479 1.000000
-0.061235 -1.027110 2.718783 0.950481
-0.391842 -1.013622 2.372458 0.000000
-0.057675 -1.049267 2.551911 0.000000
-0.127820 0.640524 2.488481 1.000000
-0.308820 0.352805 2.636477 1.000000
0.048744 0.336120 2.630642 1.000000
-0.129803 0.383554 2.536187 0.000000
-0.135211 0.196076 2.740917 0.000000
-0.277617 -0.027521 2.607430 0.000000
0.003031 -0.038492 2.592673 1.000000
-0.130192 -0.018155 2.724066 0.000000
-0.350766 0.095207 2.578889 1.000000
0.089886 0.072303 2.642512 1.000000
-0.341459 -0.190438 2.538553 1.000000
0.076987 -0.215471 2.624444 1.000000
-0.323611 -0.253881 2.520722 0.526442
0.076501 -0.278582 2.598398 0.980769
-0.311111 -0.587924 2.555949 1.000000
-0.018541 -0.603640 2.676558 1.000000
-0.374474 -1.010023 2.543839 1.000000
-0.054762 -1.026844 2.720325 0.950481
-0.391440 -1.002674 2.376483 0.000000
-0.055063 -1.044140 2.552841 0.000000
-0.101657 0.642596 2.506586 1.000000
-0.293140 0.354354 2.661394 1.000000
0.064180 0.340220 2.644453 1.000000
-0.117383 0.389155 2.556756 0.000000
-0.115580 0.195852 2.756060 0.000000
-0.263760 -0.027554 2.622678 0.028846
0.017206 -0.035179 2.612611 0.990385
-0.118451 -0.017608 2.741894 0.000000
-0.336329 0.097088 2.602262 1.000000
0.102901 0.075714 2.653671 1.000000
-0.321323 -0.186395 2.548851 1.000000
0.091450 -0.211917 2.629636 1.000000
-0.317281 -0.254551 2.549184 0.644231
0.084485 -0.279789 2.632186 0.980769
-0.307614 -0.583673 2.570926 1.000000
-0.018677 -0.604551 2.687874 1.000000
-0.363860 -1.006546 2.552399 1.000000
-0.053614 -1.028583 2.724013 0.903606
-0.380675 -0.996982 2.385139 0.000000
-0.053734 -1.042871 2.556246 0.000000
-0.103361 0.643900 2.521999 1.000000
-0.278793 0.363054 2.673561 1.000000
0.078407 0.343153 2.660263 1.000000
-0.101154 0.398926 2.572526 0.000000
-0.105253 0.197610 2.763697 0.000000
-0.250253 -0.021827 2.623933 0.115385
0.030644 -0.033922 2.631148 1.000000
-0.112479 -0.015728 2.752023 0.000000
-0.334534 0.105341 2.627540 1.000000
0.118588 0.078535 2.658369 1.000000
-0.312345 -0.175537 2.563007 1.000000
0.097355 -0.208953 2.637181 1.000000
-0.324559 -0.242270 2.570697 0.644231
0.104005 -0.275991 2.626081 0.879808
-0.297785 -0.579196 2.573920 1.000000
-0.021461 -0.603740 2.696811 1.000000
-0.349621 -1.002645 2.592182 1.000000
-0.052519 -1.028700 2.724610 1.000000
-0.362422 -1.008314 2.424390 0.000000
-0.044860 -1.040237 2.556805 0.000000
-0.086830 0.652432 2.543387 1.000000
-0.269033 0.368304 2.685605 1.000000
0.087595 0.339389 2.673584 1.000000
-0.090329 0.398187 2.584499 0.000000
-0.099844 0.200069 2.778793 0.000000
-0.246700 -0.018863 2.640554 0.500000
0.033905 -0.033716 2.628647 1.000000
-0.100392 -0.012402 2.758784 0.000000
-0.335714 0.110685 2.655032 1.000000
0.126879 0.074539 2.665853 1.000000
-0.316108 -0.169615 2.586314 1.000000
0.107172 -0.213369 2.645978 1.000000
-0.347496 -0.230179 2.583423 0.408654
0.098591 -0.279253 2.630255 0.812500
-0.281800 -0.580013 2.584825 1.000000
-0.021631 -0.602875 2.700969 1.000000
-0.324046 -0.996772 2.667627 1.000000
-0.052909 -1.027479 2.733555 1.000000
-0.353663 -1.026179 2.504507 0.000000
-0.057342 -1.040034 2.565707 0.000000
-0.070573 0.654350 2.558185 1.000000
-0.267800 0.364437 2.685177 1.000000
0.089006 0.335327 2.682805 1.000000
-0.086435 0.393944 2.588811 0.000000
-0.101259 0.196399 2.783355 0.000000
-0.250133 -0.022923 2.632457 0.798077
0.030938 -0.032960 2.632805 1.000000
-0.109119 -0.010277 2.756479 0.000000
-0.334511 0.106498 2.656529 1.000000
0.127829 0.070407 2.672121 1.000000
-0.322664 -0.178152 2.605807 1.000000
0.108488 -0.217198 2.646666 1.000000
-0.328635 -0.242374 2.583412 0.391827
0.096462 -0.282225 2.629683 0.778846
-0.275968 -0.587804 2.610869 1.000000
-0.017720 -0.602555 2.705622 1.000000
-0.319130 -0.999049 2.717377 1.000000
-0.052401 -1.027449 2.729939 1.000000
-0.340900 -1.038764 2.555207 0.000000
-0.048012 -1.037424 2.561917 0.000000
-0.068946 0.652404 2.566740 1.000000
-0.269392 0.367430 2.681501 1.000000
0.087039 0.337357 2.696226 1.000000
-0.083505 0.396958 2.594182 0.000000
-0.108210 0.198411 2.786692 0.000000
-0.250267 -0.019786 2.638486 1.000000
0.030680 -0.029405 2.647289 1.000000
-0.113209 -0.010620 2.767160 0.000000
-0.334847 0.109098 2.652715 1.000000
0.128266 0.073201 2.676984 1.000000
-0.330795 -0.178364 2.618952 1.000000
0.113654 -0.214973 2.653892 1.000000
-0.309578 -0.242613 2.609812 0.677885
0.089311 -0.276350 2.636516 0.846154
-0.273015 -0.588061 2.639728 1.000000
-0.013221 -0.600019 2.705778 1.000000
-0.317313 -0.987567 2.783819 1.000000
-0.052876 -1.024322 2.732680 1.000000
-0.335622 -1.042554 2.625732 0.000000
-0.041428 -1.036017 2.565102 0.000000
-0.065104 0.660039 2.584517 1.000000
-0.273073 0.370886 2.683414 1.000000
0.083223 0.340058 2.699759 1.000000
-0.086703 0.400421 2.597133 0.000000
-0.112735 0.201112 2.788678 0.000000
-0.251770 -0.021071 2.634369 1.000000
0.029104 -0.026039 2.648047 1.000000
-0.117008 -0.004391 2.764704 0.000000
-0.337707 0.113059 2.648096 1.000000
0.124037 0.075313 2.687758 1.000000
-0.339471 -0.175755 2.627262 1.000000
0.114955 -0.212225 2.654738 1.000000
-0.320714 -0.237943 2.648297 0.661058
0.096144 -0.276458 2.641251 0.593750
-0.271408 -0.587449 2.683111 1.000000
-0.015830 -0.597554 2.710661 1.000000
-0.317884 -0.984362 2.833540 1.000000
-0.054159 -1.022133 2.735010 1.000000
-0.329268 -1.042730 2.676017 0.000000
-0.040185 -1.032997 2.567568 0.000000
-0.069213 0.663892 2.589193 1.000000
-0.282200 0.369285 2.683218 1.000000
0.074073 0.342570 2.706026 1.000000
-0.094659 0.400749 2.600219 0.000000
-0.121855 0.201599 2.791767 0.000000
-0.256757 -0.024518 2.642346 1.000000
0.023958 -0.021793 2.659470 1.000000
-0.124112 -0.004372 2.774351 0.000000
-0.343075 0.110075 2.651119 1.000000
0.118007 0.078565 2.688789 1.000000
-0.341070 -0.178307 2.624402 1.000000
0.108334 -0.208742 2.653534 1.000000
-0.324491 -0.236496 2.656037 0.829327
0.099639 -0.275142 2.640227 0.627404
-0.268913 -0.589149 2.699325 1.000000
-0.022276 -0.597157 2.709473 1.000000
-0.314143 -0.990437 2.838074 1.000000
-0.050935 -1.022402 2.735435 1.000000
-0.320075 -1.044826 2.678836 0.000000
-0.036363 -1.033603 2.568066 0.000000
-0.077843 0.666310 2.597314 1.000000
-0.291814 0.373352 2.688532 1.000000
0.064581 0.341056 2.698711 1.000000
-0.107001 0.400090 2.598089 0.000000
-0.130281 0.205039 2.794314 0.000000
-0.261896 -0.023238 2.649212 0.855769
0.019274 -0.021604 2.655744 1.000000
-0.124293 -0.003367 2.776085 0.000000
-0.352125 0.115010 2.648916 1.000000
0.111602 0.077494 2.682229 1.000000
-0.335700 -0.173380 2.627280 1.000000
0.106946 -0.209856 2.645971 1.000000
-0.332330 -0.235519 2.655368 0.475962
0.076017 -0.270723 2.645445 0.778846
-0.275160 -0.587113 2.712092 1.000000
-0.023229 -0.596478 2.705954 1.000000
-0.312197 -0.991434 2.844312 1.000000
-0.054015 -1.021353 2.735334 1.000000
-0.323431 -1.042721 2.684332 0.000000
-0.044899 -1.033608 2.567653 0.000000
-0.083584 0.670466 2.603439 1.000000
-0.301778 0.375154 2.693164 1.000000
0.055103 0.347603 2.699546 1.000000
-0.118331 0.404064 2.600635 0.000000
-0.136889 0.209306 2.797653 0.000000
-0.271600 -0.018727 2.656071 1.000000
0.009622 -0.017307 2.659760 1.000000
-0.132698 -0.001787 2.781949 0.000000
-0.358126 0.116187 2.651529 1.000000
0.099359 0.084083 2.675666 1.000000
-0.353236 -0.172176 2.623999 1.000000
0.101004 -0.201537 2.627145 1.000000
-0.326034 -0.233894 2.634610 0.627404
0.065705 -0.259807 2.622652 0.610577
-0.282846 -0.583363 2.717697 1.000000
-0.034467 -0.592579 2.711104 1.000000
-0.312454 -0.991603 2.839322 1.000000
-0.052243 -1.018535 2.735086 1.000000
-0.324112 -1.038785 2.678113 0.000000
-0.047032 -1.028212 2.567070 0.000000
-0.102957 0.676178 2.608514 1.000000
