-0.346852 0.272970 2.657643 1.000000
-0.013167 0.276195 2.671783 1.000000
-0.176682 0.331013 2.573315 0.000000
-0.181563 0.136588 2.732831 0.000000
-0.328849 -0.058536 2.615536 0.221154
-0.000836 -0.059417 2.614253 0.278846
-0.164398 -0.057711 2.727630 0.000000
-0.374186 -0.007537 2.659336 1.000000
0.031729 0.000818 2.711608 1.000000
-0.367760 -0.292137 2.577845 1.000000
0.045987 -0.282667 2.627276 1.000000
-0.348597 -0.350447 2.563106 0.257212
0.057742 -0.328518 2.669038 0.240385
-0.272944 -0.580713 2.676857 1.000000
-0.029861 -0.577567 2.679912 1.000000
-0.311747 -0.989269 2.775144 1.000000
0.034545 -0.984958 2.769179 1.000000
-0.313346 -1.024588 2.627699 0.057692
0.035355 -1.017289 2.621043 0.000000
-0.161251 0.530955 2.582535 0.735577
-0.347785 0.277411 2.659295 1.000000
-0.013864 0.279038 2.666334 1.000000
-0.179151 0.333501 2.570670 0.000000
-0.181629 0.141093 2.732667 0.000000
-0.331386 -0.057152 2.624894 0.221154
-0.003826 -0.056240 2.607618 0.355769
-0.161677 -0.054101 2.728813 0.000000
-0.376212 -0.000857 2.652886 1.000000
0.032349 0.007125 2.713343 1.000000
-0.364681 -0.286591 2.584839 1.000000
0.045295 -0.273174 2.625754 1.000000
-0.354024 -0.348520 2.578862 0.290865
0.063632 -0.330699 2.644171 0.206731
-0.275973 -0.579173 2.679070 1.000000
-0.031467 -0.574155 2.682817 1.000000
-0.313552 -0.989289 2.771139 1.000000
0.032325 -0.982211 2.769446 1.000000
-0.322366 -1.021676 2.623276 0.019231
0.025712 -1.014658 2.621481 0.000000
-0.159152 0.532571 2.580052 0.730769
-0.350420 0.279284 2.657247 1.000000
-0.016728 0.283281 2.671006 1.000000
-0.180487 0.337886 2.572827 0.000000
-0.184718 0.143161 2.731996 0.000000
-0.332495 -0.055813 2.618555 0.221154
-0.004556 -0.051898 2.612617 0.326923
-0.166518 -0.051103 2.728278 0.000000
-0.376339 0.002571 2.654453 1.000000
0.028822 0.011663 2.708404 1.000000
-0.368865 -0.281696 2.588092 1.000000
0.045250 -0.267019 2.622769 1.000000
-0.357692 -0.343455 2.594833 0.307692
0.059115 -0.321842 2.650819 0.257212
-0.274951 -0.576900 2.677622 1.000000
-0.031495 -0.571160 2.681059 1.000000
-0.312721 -0.987066 2.769390 1.000000
0.034521 -0.978149 2.770984 1.000000
-0.316091 -1.019868 2.621394 0.000000
0.033543 -1.011012 2.622967 0.000000
-0.158399 0.530428 2.568321 0.793269
-0.350823 0.278685 2.655685 1.000000
-0.017224 0.282581 2.671579 1.000000
-0.180311 0.336644 2.571991 0.000000
-0.185691 0.142954 2.732384 0.000000
-0.330698 -0.056737 2.599093 0.336538
-0.003340 -0.049364 2.618523 0.211538
-0.173750 -0.050713 2.721326 0.000000
-0.375511 0.003069 2.656945 1.000000
0.025256 0.011944 2.710637 1.000000
-0.370358 -0.278379 2.584263 1.000000
0.047166 -0.267616 2.633899 1.000000
-0.376557 -0.340349 2.594550 0.274038
0.054601 -0.326783 2.654599 0.257212
-0.273322 -0.575044 2.677488 1.000000
-0.034129 -0.570758 2.675875 1.000000
-0.314027 -0.984435 2.771438 1.000000
0.031482 -0.976969 2.769532 1.000000
-0.305310 -1.019116 2.624090 0.096154
0.042184 -1.009306 2.621783 0.000000
-0.156005 0.527343 2.568916 0.913462
-0.351545 0.280098 2.656556 1.000000
-0.018142 0.278312 2.676434 1.000000
-0.179197 0.338619 2.577124 0.000000
-0.189374 0.139036 2.729877 0.000000
-0.328311 -0.058378 2.599340 0.278846
-0.000943 -0.045599 2.615511 0.307692
-0.170272 -0.049850 2.720007 0.000000
-0.375162 0.003462 2.655205 1.000000
0.027162 0.005652 2.702724 1.000000
-0.365461 -0.278812 2.582303 1.000000
0.057420 -0.277073 2.637618 1.000000
-0.369181 -0.338714 2.601859 0.341346
0.049245 -0.321256 2.681952 0.341346
-0.276698 -0.574392 2.677485 1.000000
-0.035527 -0.569316 2.672207 1.000000
-0.313025 -0.983894 2.772734 1.000000
0.033318 -0.973920 2.770389 1.000000
-0.305848 -1.018810 2.625358 0.019231
0.042426 -1.008146 2.622959 0.038462
-0.161466 0.524700 2.568525 0.774038
-0.356150 0.279308 2.653901 1.000000
-0.023748 0.274378 2.686165 1.000000
-0.180532 0.338340 2.582406 0.000000
-0.197848 0.135233 2.729777 0.000000
-0.322165 -0.059004 2.589825 0.288462
0.003833 -0.043872 2.622853 0.913462
-0.170583 -0.050277 2.718497 0.000000
-0.376100 0.002545 2.651966 1.000000
0.050618 0.007052 2.688603 1.000000
-0.358388 -0.279026 2.578514 1.000000
0.112781 -0.267342 2.612218 1.000000
-0.367004 -0.340848 2.569119 0.459135
0.095828 -0.324798 2.632115 0.375000
-0.280288 -0.573081 2.673394 1.000000
-0.036027 -0.568882 2.674809 1.000000
-0.313167 -0.981906 2.772720 1.000000
0.030468 -0.974409 2.770780 1.000000
-0.298855 -1.018628 2.626307 0.057692
0.046797 -1.006584 2.623510 0.076923
-0.153892 0.520345 2.567711 0.750000
-0.358921 0.289244 2.646842 1.000000
-0.028071 0.274459 2.690150 1.000000
-0.179324 0.342561 2.580960 0.000000
-0.207659 0.140870 2.728569 0.000000
-0.321882 -0.052428 2.586869 0.365385
0.002907 -0.043766 2.631947 1.000000
-0.174947 -0.049559 2.721077 0.000000
-0.379688 0.015606 2.648162 1.000000
0.119964 0.046573 2.651886 1.000000
-0.361020 -0.261916 2.572267 1.000000
0.215363 -0.133296 2.447746 1.000000
-0.362055 -0.325015 2.570855 0.745192
0.234346 -0.173740 2.403154 0.004808
-0.282185 -0.568739 2.669412 1.000000
-0.042236 -0.567892 2.675712 1.000000
-0.314566 -0.975842 2.775727 1.000000
0.033778 -0.973070 2.765915 1.000000
-0.295925 -1.015250 2.630504 0.173077
0.054197 -1.002059 2.618495 0.000000
-0.159653 0.521889 2.557789 0.754808
-0.355655 0.287690 2.639682 1.000000
-0.028043 0.283026 2.704528 1.000000
-0.174100 0.348501 2.586976 0.000000
-0.204980 0.142640 2.728178 0.000000
-0.324435 -0.048908 2.574358 0.423077
-0.003958 -0.041653 2.643901 1.000000
-0.188089 -0.045977 2.719310 0.000000
-0.383328 0.017407 2.643315 1.000000
0.148623 0.091885 2.626515 1.000000
-0.370949 -0.254922 2.558588 1.000000
0.251095 0.035351 2.366133 0.673077
-0.377227 -0.308890 2.526454 0.509615
0.267769 0.012738 2.309608 0.038462
-0.281354 -0.565922 2.666057 1.000000
-0.044279 -0.565669 2.675331 1.000000
-0.315988 -0.972890 2.772176 1.000000
0.036980 -0.969320 2.767781 1.000000
-0.285855 -1.012781 2.629029 0.134615
0.068346 -0.996411 2.621930 0.000000
-0.160468 0.527226 2.565376 0.836538
-0.351282 0.292222 2.642999 1.000000
-0.022225 0.284816 2.699767 1.000000
-0.170706 0.352768 2.586745 0.000000
-0.199360 0.145092 2.725742 0.000000
-0.328348 -0.048719 2.574629 1.000000
-0.008460 -0.039651 2.646630 0.942308
-0.193122 -0.045597 2.720621 0.000000
-0.393586 0.026831 2.640443 1.000000
0.175504 0.119904 2.622721 1.000000
-0.408247 -0.225616 2.514821 1.000000
0.254012 0.227234 2.373639 0.942308
-0.394664 -0.281428 2.488648 0.677885
0.268544 0.203635 2.316925 0.257212
-0.286101 -0.564641 2.669253 1.000000
-0.043264 -0.563445 2.678616 1.000000
-0.321084 -0.969654 2.782497 1.000000
0.037281 -0.969406 2.761029 1.000000
-0.290083 -1.012099 2.640273 0.250000
0.070410 -0.992502 2.614881 0.000000
-0.154768 0.532902 2.571244 0.730769
-0.337693 0.297413 2.643947 1.000000
-0.007434 0.285598 2.692375 1.000000
-0.157830 0.355899 2.583394 0.000000
-0.185630 0.148024 2.722267 0.000000
-0.334152 -0.045264 2.581759 1.000000
-0.010379 -0.034175 2.633165 0.836538
-0.189934 -0.040030 2.718812 0.000000
-0.406349 0.038211 2.637717 1.000000
0.214908 0.194126 2.573483 1.000000
-0.431341 -0.202938 2.494096 1.000000
0.205626 0.447863 2.451271 1.000000
-0.422766 -0.257854 2.464175 0.593750
0.198568 0.508225 2.434207 0.341346
-0.283857 -0.561073 2.672690 1.000000
-0.043926 -0.558098 2.673143 1.000000
-0.320915 -0.966538 2.783638 1.000000
0.022178 -0.963868 2.768352 1.000000
-0.298360 -1.008025 2.639554 0.211538
0.047197 -0.994155 2.621904 0.000000
-0.136251 0.533348 2.567415 0.625000
-0.328769 0.299526 2.642305 1.000000
0.001213 0.286289 2.692231 1.000000
-0.148318 0.356331 2.581901 0.000000
-0.177910 0.150073 2.722801 0.000000
-0.335434 -0.043464 2.575791 1.000000
-0.012704 -0.033756 2.633638 0.798077
-0.193968 -0.038336 2.715688 0.000000
-0.399321 0.040994 2.635483 1.000000
0.211793 0.221264 2.539619 1.000000
-0.431423 -0.215264 2.523132 1.000000
0.168822 0.497607 2.506312 1.000000
-0.417265 -0.264382 2.486099 0.644231
0.158845 0.552234 2.536326 0.324519
-0.288849 -0.558791 2.672155 1.000000
-0.046712 -0.557326 2.672216 1.000000
-0.317957 -0.964146 2.785841 1.000000
0.029686 -0.961483 2.766577 1.000000
-0.293003 -1.006191 2.642315 0.307692
0.056917 -0.990496 2.620266 0.000000
-0.134242 0.535999 2.581741 0.495192
-0.326746 0.299648 2.645749 1.000000
0.003482 0.283018 2.692964 0.903846
-0.146296 0.355926 2.584848 0.000000
-0.176504 0.147786 2.722819 0.000000
-0.333433 -0.042130 2.577144 0.750000
-0.009966 -0.036356 2.631277 0.913462
-0.190329 -0.038051 2.715397 0.000000
-0.386641 0.042355 2.642952 1.000000
0.176253 0.222105 2.502609 1.000000
-0.415773 -0.209094 2.529094 1.000000
0.141071 0.497419 2.500779 1.000000
-0.406838 -0.270252 2.516273 0.711538
0.140188 0.551190 2.533830 0.274038
-0.285502 -0.558231 2.675932 1.000000
-0.045943 -0.558655 2.673535 1.000000
-0.320533 -0.964420 2.784870 1.000000
0.030558 -0.963180 2.766221 1.000000
-0.296880 -1.005115 2.640736 0.230769
0.055882 -0.992001 2.619531 0.000000
-0.126903 0.536709 2.581629 0.509615
-0.322987 0.299498 2.652695 1.000000
0.007729 0.273996 2.691844 0.548077
-0.142644 0.351877 2.588111 0.000000
-0.174899 0.143030 2.724542 0.000000
-0.325738 -0.038458 2.587896 0.394231
-0.000823 -0.049642 2.631478 1.000000
-0.178251 -0.043510 2.721431 0.000000
-0.372288 0.037014 2.649549 1.000000
0.075597 0.157770 2.461141 1.000000
-0.379872 -0.232011 2.570107 1.000000
0.108702 0.408639 2.339850 1.000000
-0.380889 -0.294606 2.562021 0.745192
0.113166 0.471544 2.337106 0.139423
-0.282713 -0.561144 2.670777 1.000000
-0.041546 -0.566526 2.680928 1.000000
-0.318413 -0.966035 2.784236 1.000000
0.034067 -0.971820 2.770945 1.000000
-0.301596 -1.008068 2.639528 0.269231
0.053780 -1.000902 2.623446 0.038462
-0.138186 0.537053 2.580399 0.634615
-0.323298 0.300603 2.652881 1.000000
0.007433 0.274384 2.691427 0.000000
-0.142940 0.350028 2.586052 0.000000
-0.175782 0.145480 2.728712 0.000000
-0.320557 -0.043511 2.589134 0.365385
0.004283 -0.047286 2.634514 1.000000
-0.173749 -0.046567 2.723475 0.000000
-0.367839 0.033658 2.649239 1.000000
0.019055 0.087192 2.496284 0.261538
-0.368472 -0.241727 2.578367 1.000000
0.043343 0.160517 2.222617 0.528846
-0.369691 -0.304001 2.588612 0.526442
0.048715 0.175494 2.161532 0.000000
-0.280785 -0.563570 2.672145 1.000000
-0.041477 -0.566984 2.683574 1.000000
-0.318396 -0.968490 2.784877 1.000000
0.037198 -0.973109 2.766982 1.000000
-0.300512 -1.010413 2.640264 0.250000
0.057169 -0.999624 2.619036 0.000000
-0.137410 0.540871 2.584748 0.629808
-0.334510 0.298657 2.666667 1.000000
-0.001349 0.283110 2.684502 0.951923
-0.160332 0.356218 2.590598 0.000000
-0.177507 0.146849 2.728945 0.000000
-0.320805 -0.042632 2.606164 0.355769
0.006511 -0.038807 2.627245 0.394231
-0.164373 -0.042421 2.729203 0.000000
-0.366605 0.028189 2.652846 1.000000
0.006410 0.136642 2.454588 1.000000
-0.361822 -0.247134 2.573682 1.000000
-0.034030 -0.025727 2.222006 1.000000
-0.361204 -0.309507 2.583362 0.610577
-0.047828 -0.069921 2.179100 1.000000
-0.281869 -0.561773 2.671485 1.000000
-0.040150 -0.561231 2.680064 1.000000
-0.318512 -0.967323 2.782259 1.000000
0.032088 -0.967433 2.768755 1.000000
-0.311874 -1.007794 2.636285 0.269231
0.041740 -0.998071 2.620572 0.038462
-0.145418 0.541255 2.583996 0.701923
-0.337032 0.300673 2.689881 1.000000
-0.004986 0.286386 2.656754 1.000000
-0.176871 0.357338 2.587044 0.000000
-0.171508 0.150457 2.730020 0.000000
-0.325111 -0.048784 2.628942 0.221154
0.001390 -0.031756 2.602450 0.673077
-0.152783 -0.039499 2.728070 0.000000
-0.369889 0.031378 2.661970 1.000000
0.008712 0.086651 2.471561 1.000000
-0.351819 -0.242059 2.578278 1.000000
-0.063863 -0.061935 2.237566 1.000000
-0.352065 -0.304792 2.585276 0.947115
-0.089925 -0.098223 2.192974 0.644231
-0.282978 -0.564373 2.679825 1.000000
-0.044226 -0.556765 2.677874 1.000000
-0.314275 -0.973117 2.779988 1.000000
0.028643 -0.962291 2.769101 1.000000
-0.328391 -1.008028 2.633113 0.192308
0.017440 -0.997392 2.622021 0.000000
-0.149365 0.544791 2.600284 0.538462
-0.338565 0.301376 2.685607 1.000000
-0.006269 0.283528 2.657032 1.000000
-0.176581 0.354850 2.583922 0.000000
-0.174968 0.150365 2.730393 0.000000
-0.328955 -0.045151 2.628218 0.134615
-0.001914 -0.033490 2.605788 0.807692
-0.157665 -0.040904 2.729467 0.000000
-0.372900 0.033425 2.671494 1.000000
0.052876 0.099555 2.467741 1.000000
-0.364718 -0.239087 2.591242 1.000000
-0.056802 0.033422 2.214033 0.942308
-0.369279 -0.301743 2.585076 0.644231
-0.099751 0.028672 2.168019 0.442308
-0.285755 -0.562527 2.679639 1.000000
-0.047144 -0.557335 2.675840 1.000000
-0.309879 -0.971412 2.781203 1.000000
0.030902 -0.961720 2.767849 1.000000
-0.322519 -1.007134 2.634389 0.230769
0.021065 -0.997091 2.620736 0.000000
-0.150961 0.539980 2.592720 0.615385
-0.331153 0.298093 2.669232 1.000000
0.002631 0.286329 2.671587 0.000000
-0.161482 0.353362 2.582081 0.000000
-0.169670 0.150889 2.731106 0.000000
-0.332368 -0.046405 2.609803 0.259615
-0.004500 -0.037356 2.613762 1.000000
-0.169806 -0.041521 2.724517 0.000000
-0.374297 0.028347 2.668994 1.000000
0.109283 0.131376 2.473499 0.553846
-0.373668 -0.248917 2.594874 1.000000
-0.032692 0.192070 2.231572 1.000000
-0.377379 -0.311385 2.603151 0.509615
-0.062299 0.203535 2.177014 0.000000
-0.287461 -0.563301 2.680549 1.000000
-0.049219 -0.560510 2.677053 1.000000
-0.315833 -0.971034 2.785588 1.000000
0.030054 -0.964257 2.770796 1.000000
-0.315736 -1.008866 2.638758 0.230769
0.031941 -0.998196 2.623030 0.000000
-0.129324 0.536644 2.569731 0.682692
-0.326408 0.300968 2.661223 1.000000
0.005926 0.283673 2.689707 0.423077
-0.149582 0.357450 2.590650 0.000000
-0.172295 0.148442 2.728745 0.000000
-0.329919 -0.036885 2.589612 0.355769
-0.004616 -0.040998 2.631519 0.903846
-0.181672 -0.038912 2.722384 0.000000
-0.376266 0.033156 2.660376 1.000000
0.110583 0.227475 2.444557 1.000000
-0.381872 -0.244811 2.592447 1.000000
0.025488 0.460250 2.301426 1.000000
-0.378871 -0.307655 2.597563 0.745192
0.000028 0.506653 2.267030 0.088942
-0.293647 -0.555021 2.681858 1.000000
-0.053872 -0.562115 2.672816 1.000000
-0.317611 -0.963157 2.786427 1.000000
0.028631 -0.964798 2.768331 1.000000
-0.301040 -1.001476 2.640662 0.250000
0.046497 -0.996073 2.621046 0.000000
-0.149084 0.532042 2.564018 0.625000
-0.333089 0.296133 2.674987 1.000000
0.000013 0.281675 2.655235 0.682692
-0.169178 0.349382 2.576316 0.000000
-0.168972 0.148079 2.727139 0.000000
-0.341572 -0.046666 2.617216 0.230769
-0.013984 -0.039750 2.601951 0.903846
-0.172525 -0.043483 2.722204 0.000000
-0.377088 0.027687 2.655530 1.000000
0.144432 0.236247 2.428393 1.000000
-0.386036 -0.254891 2.608979 1.000000
0.068445 0.511394 2.403544 1.000000
-0.385029 -0.317995 2.610145 0.341346
0.063893 0.566638 2.373348 0.324519
-0.295517 -0.564202 2.683061 1.000000
-0.053803 -0.561145 2.674314 1.000000
-0.318380 -0.973344 2.783879 0.909856
0.028313 -0.964154 2.768787 1.000000
-0.326996 -1.009109 2.636785 0.192308
0.021779 -0.999988 2.621602 0.000000
-0.143008 0.533224 2.558668 0.750000
-0.331589 0.297944 2.674318 1.000000
0.001147 0.279750 2.651705 0.692308
-0.167789 0.350889 2.575300 0.000000
-0.168927 0.147005 2.722610 0.000000
-0.341015 -0.047465 2.617761 0.201923
-0.013550 -0.040968 2.599889 0.769231
-0.171165 -0.042914 2.721395 0.000000
-0.377261 0.031925 2.658783 1.000000
0.123130 0.216780 2.418791 1.000000
-0.384856 -0.246357 2.602376 1.000000
0.088467 0.498151 2.436368 1.000000
-0.392126 -0.306494 2.620128 0.610577
0.081489 0.560406 2.428611 0.274038
-0.294570 -0.565646 2.680691 1.000000
-0.048530 -0.561401 2.675744 1.000000
-0.317232 -0.975230 2.779747 1.000000
0.023253 -0.966892 2.767981 1.000000
-0.327165 -1.010276 2.632563 0.173077
0.016303 -1.001657 2.620559 0.000000
-0.135421 0.538233 2.568253 0.615385
-0.324956 0.301182 2.659708 1.000000
0.007150 0.277503 2.686187 0.221154
-0.147528 0.352406 2.586677 0.000000
-0.173559 0.146921 2.729395 0.000000
-0.328225 -0.042732 2.593723 0.375000
-0.002036 -0.044645 2.628245 0.971154
-0.176996 -0.043695 2.723101 0.000000
-0.373761 0.037385 2.653412 1.000000
0.037457 0.159483 2.447099 1.000000
-0.376097 -0.237180 2.589439 1.000000
0.059182 0.405018 2.310261 1.000000
-0.374169 -0.300152 2.585525 0.644231
0.074022 0.457920 2.341336 0.475962
-0.287779 -0.562381 2.673940 1.000000
-0.045201 -0.565099 2.677318 1.000000
-0.313122 -0.968542 2.785632 1.000000
0.030212 -0.970404 2.767454 1.000000
-0.300486 -1.009338 2.640146 0.250000
0.045924 -1.000352 2.619649 0.000000
-0.143714 0.534727 2.572064 0.697115
-0.320020 0.299904 2.658044 1.000000
0.013241 0.282636 2.672002 0.000000
-0.146636 0.348078 2.574049 0.000000
-0.163358 0.153119 2.732105 0.000000
-0.327553 -0.046907 2.606709 0.346154
-0.000025 -0.039283 2.622897 1.000000
-0.169339 -0.043728 2.727408 0.000000
-0.371598 0.035828 2.652060 1.000000
0.023170 0.123045 2.455520 0.230769
-0.368049 -0.238071 2.581944 1.000000
-0.019708 0.199060 2.186573 0.855769
-0.354196 -0.298256 2.568889 0.846154
-0.029299 0.215888 2.126495 0.139423
-0.281957 -0.565746 2.670513 1.000000
-0.043056 -0.562444 2.677933 1.000000
-0.318938 -0.970115 2.785415 1.000000
0.030821 -0.967700 2.769553 1.000000
-0.314024 -1.011952 2.639759 0.250000
0.038644 -0.999732 2.621557 0.000000
-0.145798 0.548711 2.598754 0.475962
-0.336493 0.296552 2.668433 1.000000
-0.003087 0.281137 2.681024 0.903846
-0.163636 0.349856 2.586475 0.000000
-0.178607 0.147662 2.735351 0.000000
-0.322798 -0.046731 2.605126 0.307692
0.004311 -0.038874 2.628206 1.000000
-0.167164 -0.043420 2.729129 0.000000
-0.369535 0.029719 2.650779 1.000000
-0.013386 0.158529 2.441306 0.800000
-0.357326 -0.240209 2.566347 1.000000
-0.074962 0.038940 2.192216 0.903846
-0.352639 -0.301631 2.552564 0.947115
-0.087573 0.013314 2.135925 0.980769
-0.282784 -0.565609 2.664991 1.000000
-0.041178 -0.562399 2.681088 1.000000
-0.317772 -0.970824 2.777512 1.000000
0.029798 -0.969827 2.765046 1.000000
-0.310680 -1.011916 2.631734 0.269231
0.040601 -0.998544 2.616558 0.000000
-0.141202 0.545821 2.601309 0.687500
-0.339078 0.296196 2.689959 1.000000
-0.007529 0.283899 2.651489 1.000000
-0.181142 0.352104 2.583336 0.000000
-0.171667 0.148114 2.730200 0.000000
-0.325948 -0.049279 2.632537 0.125000
0.000141 -0.036168 2.599536 0.788462
-0.151502 -0.043971 2.728195 0.000000
-0.374600 0.029158 2.661823 1.000000
-0.022184 0.097683 2.455348 1.000000
-0.350047 -0.241071 2.576090 1.000000
-0.118330 -0.046273 2.229495 1.000000
-0.360116 -0.303276 2.579776 0.812500
-0.144753 -0.076961 2.181073 0.947115
-0.282218 -0.567454 2.671063 1.000000
-0.042263 -0.559673 2.676001 1.000000
-0.307443 -0.976196 2.772932 1.000000
0.029137 -0.964690 2.770587 1.000000
-0.325383 -1.011562 2.626585 0.153846
0.015284 -1.001340 2.624112 0.000000
-0.136980 0.541216 2.598778 0.543269
-0.340102 0.295423 2.690279 1.000000
-0.008222 0.284726 2.654269 1.000000
-0.181648 0.352121 2.584848 0.000000
-0.172287 0.148132 2.731719 0.000000
-0.325194 -0.047647 2.633465 0.192308
0.000982 -0.039660 2.599689 0.817308
-0.150457 -0.045222 2.728706 0.000000
-0.372527 0.026542 2.659881 1.000000
-0.008480 0.083085 2.470929 1.000000
-0.350564 -0.244421 2.570004 1.000000
-0.119705 -0.043377 2.239374 1.000000
-0.357247 -0.307172 2.568516 0.745192
-0.157543 -0.071935 2.197694 0.644231
-0.281870 -0.567387 2.671885 1.000000
-0.041517 -0.561806 2.675421 1.000000
-0.294765 -0.975834 2.777192 1.000000
0.030176 -0.966657 2.770501 1.000000
-0.314094 -1.012807 2.631419 0.134615
0.015748 -1.003582 2.624151 0.076923
-0.148891 0.543569 2.596017 0.543269
-0.339566 0.294224 2.687861 1.000000
-0.007167 0.286466 2.656134 1.000000
-0.180452 0.350313 2.583100 0.000000
-0.170665 0.149811 2.734671 0.000000
-0.326962 -0.047438 2.631745 0.144231
-0.000468 -0.036920 2.601983 0.875000
-0.153397 -0.044865 2.729102 0.000000
-0.371416 0.024665 2.662345 1.000000
0.019164 0.075207 2.485829 1.000000
-0.358164 -0.248448 2.577049 1.000000
-0.098557 -0.037942 2.250498 1.000000
-0.349333 -0.309598 2.564117 0.778846
-0.148647 -0.060283 2.219252 0.576923
-0.282840 -0.566465 2.670568 1.000000
-0.044007 -0.559911 2.675634 1.000000
-0.306655 -0.972391 2.783443 1.000000
0.030899 -0.963739 2.772566 1.000000
-0.323633 -1.011831 2.638026 0.250000
0.018180 -1.001231 2.626201 0.153846
-0.144709 0.539123 2.589617 0.716346
-0.339121 0.292554 2.681532 1.000000
-0.005557 0.281324 2.668694 1.000000
-0.173607 0.349304 2.587603 0.000000
-0.174856 0.144787 2.734032 0.000000
-0.325729 -0.049478 2.620184 0.211538
0.001990 -0.039176 2.610732 0.673077
-0.158542 -0.046814 2.728125 0.000000
-0.373639 0.022562 2.654589 1.000000
0.036287 0.057461 2.517209 1.000000
-0.355892 -0.251837 2.571114 1.000000
-0.059908 -0.050403 2.268835 1.000000
-0.338925 -0.311810 2.561122 0.913462
-0.089636 -0.076014 2.219390 0.038462
-0.283991 -0.567376 2.672563 1.000000
-0.044380 -0.562923 2.675252 1.000000
-0.308886 -0.973628 2.784023 1.000000
0.024021 -0.968477 2.769755 1.000000
-0.316483 -1.013263 2.637867 0.269231
0.020470 -1.003446 2.622260 0.057692
-0.143604 0.533769 2.578497 0.653846
-0.339856 0.294298 2.668869 1.000000
-0.006333 0.280708 2.680432 1.000000
-0.167551 0.348299 2.586207 0.000000
-0.180959 0.146447 2.735696 0.000000
-0.327088 -0.049963 2.610013 0.250000
0.000408 -0.038731 2.624671 0.807692
-0.168308 -0.046445 2.729956 0.000000
-0.375635 0.023755 2.655302 1.000000
0.058195 0.037279 2.574429 1.000000
-0.360904 -0.249736 2.569320 1.000000
-0.001492 -0.075451 2.317259 0.961538
-0.350701 -0.310528 2.555728 0.947115
-0.033092 -0.099182 2.268038 0.240385
-0.282265 -0.567422 2.673568 1.000000
-0.043872 -0.563394 2.676806 1.000000
-0.313576 -0.973732 2.783188 1.000000
0.030453 -0.968355 2.769359 1.000000
-0.309204 -1.013525 2.636943 0.250000
0.037540 -1.000864 2.621430 0.000000
-0.154783 0.535123 2.582269 0.711538
-0.340612 0.291361 2.662946 1.000000
-0.007656 0.287766 2.689089 1.000000
-0.166606 0.351741 2.588688 0.000000
-0.180288 0.147486 2.734851 0.000000
-0.325988 -0.048273 2.604166 0.326923
0.000629 -0.035504 2.631603 0.826923
-0.172012 -0.044547 2.730209 0.000000
-0.375942 0.019923 2.653459 1.000000
0.064519 0.030213 2.630147 1.000000
-0.360080 -0.254845 2.569473 1.000000
0.044122 -0.122032 2.386819 1.000000
-0.346198 -0.315536 2.559063 0.778846
0.029509 -0.170235 2.348774 0.459135
-0.284044 -0.564472 2.674297 1.000000
-0.044234 -0.561411 2.673954 1.000000
-0.316458 -0.970371 2.785107 1.000000
0.032295 -0.965006 2.770586 1.000000
-0.306271 -1.010970 2.639374 0.250000
0.044829 -0.997939 2.623112 0.019231
-0.158770 0.533584 2.577102 0.596154
-0.344241 0.290971 2.659999 1.000000
-0.011582 0.282862 2.688783 1.000000
-0.168820 0.348223 2.586596 0.000000
-0.186551 0.145456 2.734385 0.000000
-0.323430 -0.050577 2.592941 0.403846
0.001604 -0.038622 2.635423 0.980769
-0.175453 -0.046519 2.725967 0.000000
-0.377837 0.017527 2.654773 1.000000
0.055682 0.016159 2.705281 1.000000
-0.359635 -0.258312 2.568811 1.000000
0.093366 -0.196335 2.512318 1.000000
-0.361819 -0.320006 2.555640 0.677885
0.106764 -0.254369 2.491412 0.240385
-0.283405 -0.565264 2.678170 1.000000
-0.044544 -0.564500 2.673741 1.000000
-0.318634 -0.972029 2.784873 1.000000
0.030073 -0.968259 2.771183 1.000000
-0.300612 -1.011687 2.639640 0.250000
0.049252 -1.000187 2.624204 0.038462
-0.161982 0.529504 2.564280 0.807692
-0.347387 0.289674 2.664259 1.000000
-0.014151 0.285132 2.686369 1.000000
-0.174101 0.348921 2.587450 0.000000
-0.186676 0.145777 2.735250 0.000000
-0.324870 -0.051795 2.595987 0.336538
0.000759 -0.036531 2.632420 1.000000
-0.174511 -0.045859 2.726243 0.000000
-0.378391 0.016417 2.657384 1.000000
0.044738 0.020093 2.730686 1.000000
-0.358990 -0.257968 2.568676 1.000000
0.105011 -0.241540 2.623691 1.000000
-0.350634 -0.319185 2.555750 0.711538
0.116595 -0.303389 2.628691 0.257212
-0.283179 -0.565926 2.677811 1.000000
-0.045458 -0.563115 2.674679 1.000000
-0.318760 -0.973822 2.779980 1.000000
0.030913 -0.967253 2.769142 1.000000
-0.303012 -1.011755 2.634024 0.230769
0.047359 -0.998606 2.621708 0.057692
-0.163564 0.526304 2.559611 0.908654
-0.346583 0.290958 2.666808 1.000000
-0.014276 0.267143 2.690489 1.000000
-0.169734 0.343268 2.593145 0.000000
-0.194584 0.135878 2.733297 0.000000
-0.325883 -0.054730 2.597556 0.336538
0.000273 -0.039827 2.629106 0.250000
-0.173600 -0.048594 2.725548 0.000000
-0.377355 0.015522 2.657512 1.000000
0.034382 -0.002044 2.735981 1.000000
-0.361242 -0.264286 2.577967 1.000000
0.093692 -0.283575 2.690132 1.000000
-0.356703 -0.324169 2.558526 0.509615
0.096401 -0.332990 2.729315 0.324519
-0.283293 -0.569355 2.676476 1.000000
-0.043521 -0.565968 2.673749 1.000000
-0.315695 -0.976270 2.783502 1.000000
0.033627 -0.969403 2.770560 1.000000
-0.302721 -1.015662 2.637659 0.230769
0.048124 -1.001994 2.623190 0.038462
-0.165716 0.516475 2.562079 1.000000
-0.349383 0.285590 2.665629 1.000000
-0.016773 0.266905 2.689669 1.000000
-0.173293 0.337788 2.590093 0.000000
-0.195312 0.134753 2.736935 0.000000
-0.326463 -0.059136 2.600940 0.355769
-0.000110 -0.044634 2.630574 0.173077
-0.173439 -0.052867 2.728038 0.000000
-0.378229 0.007801 2.660614 1.000000
0.022840 -0.006141 2.733265 1.000000
-0.360188 -0.271133 2.571215 1.000000
0.056989 -0.297066 2.715417 1.000000
-0.350521 -0.332138 2.584231 0.442308
0.054257 -0.346368 2.754741 0.408654
-0.282193 -0.574314 2.678077 1.000000
-0.039676 -0.569740 2.679891 1.000000
-0.316994 -0.982315 2.780097 1.000000
0.031592 -0.975780 2.770092 1.000000
-0.304502 -1.019973 2.633755 0.230769
0.046068 -1.006086 2.622233 0.019231
-0.164775 0.516271 2.564067 0.875000
