-0.387613 0.295802 2.668606 1.000000
-0.045696 0.295114 2.622592 1.000000
-0.235945 0.358136 2.501318 0.000000
-0.207329 0.159547 2.716921 0.000000
-0.376700 -0.048128 2.579523 0.365385
-0.035104 -0.047804 2.548516 0.701923
-0.195520 -0.053839 2.678335 0.000000
-0.439270 0.026194 2.646259 1.000000
0.021561 0.028536 2.638980 1.000000
-0.402643 -0.259537 2.606384 1.000000
0.013896 -0.260165 2.604815 1.000000
-0.395521 -0.323307 2.619457 0.425481
-0.007150 -0.321395 2.595009 0.778846
-0.289121 -0.545307 2.685821 1.000000
-0.089076 -0.544341 2.666857 1.000000
-0.287696 -0.945587 2.759459 1.000000
-0.071811 -0.943733 2.743255 1.000000
-0.301630 -0.974088 2.604804 0.000000
-0.085769 -0.973861 2.588912 0.000000
-0.219655 0.547355 2.522294 1.000000
-0.383277 0.299170 2.667127 1.000000
-0.041141 0.298353 2.622777 1.000000
-0.230803 0.360954 2.500370 0.000000
-0.203223 0.163091 2.716774 0.000000
-0.377036 -0.047739 2.582553 0.288462
-0.035599 -0.043810 2.550081 0.692308
-0.195373 -0.053286 2.680483 0.000000
-0.435350 0.029617 2.639606 1.000000
0.021365 0.029873 2.634573 1.000000
-0.404861 -0.258684 2.610798 1.000000
0.010729 -0.258565 2.594979 1.000000
-0.390528 -0.321405 2.598595 0.459135
-0.006032 -0.320348 2.581191 0.879808
-0.287019 -0.543870 2.687146 1.000000
-0.088656 -0.541773 2.666271 1.000000
-0.288241 -0.945617 2.752315 1.000000
-0.074647 -0.940584 2.746290 1.000000
-0.302266 -0.970755 2.597086 0.000000
-0.088518 -0.971990 2.592194 0.000000
-0.217000 0.555581 2.529824 1.000000
-0.387371 0.296539 2.668451 1.000000
-0.046123 0.290463 2.618072 1.000000
-0.237253 0.351819 2.497330 0.000000
-0.207987 0.159806 2.718724 0.000000
-0.376634 -0.048695 2.582791 0.240385
-0.035648 -0.049355 2.545679 0.615385
-0.193729 -0.054391 2.678372 0.000000
-0.438476 0.025576 2.645058 1.000000
0.018914 0.021957 2.634034 1.000000
-0.403311 -0.262806 2.613747 1.000000
0.010627 -0.268105 2.599743 1.000000
-0.391296 -0.327179 2.613495 0.492788
-0.007233 -0.330705 2.606850 0.711538
-0.287410 -0.547182 2.684200 1.000000
-0.088363 -0.544430 2.670019 1.000000
-0.287064 -0.947682 2.756650 1.000000
-0.073778 -0.945471 2.737859 1.000000
-0.303800 -0.975641 2.602174 0.000000
-0.090698 -0.972249 2.583195 0.000000
-0.217583 0.554306 2.533017 1.000000
-0.387266 0.287458 2.667893 1.000000
-0.045976 0.289199 2.617466 1.000000
-0.238441 0.346856 2.497023 0.009615
-0.204881 0.154512 2.717518 0.000000
-0.377527 -0.055589 2.584493 0.163462
-0.036776 -0.052743 2.545382 0.740385
-0.194016 -0.059313 2.679004 0.000000
-0.436520 0.015829 2.646305 1.000000
0.022209 0.021348 2.634243 1.000000
-0.401676 -0.273342 2.620765 1.000000
0.007323 -0.267894 2.594197 1.000000
-0.386736 -0.337098 2.620274 0.375000
-0.008489 -0.330905 2.602432 0.745192
-0.287729 -0.552967 2.685467 1.000000
-0.087866 -0.549342 2.668393 1.000000
-0.288103 -0.953260 2.759048 1.000000
-0.074625 -0.949227 2.742993 1.000000
-0.305295 -0.981617 2.604695 0.000000
-0.091694 -0.978556 2.588808 0.000000
-0.218287 0.547217 2.529684 1.000000
-0.387350 0.289606 2.661808 1.000000
-0.044984 0.288049 2.619284 1.000000
-0.234332 0.341997 2.492355 0.000000
-0.206827 0.157834 2.720539 0.000000
-0.378154 -0.053255 2.591908 0.144231
-0.039481 -0.052979 2.537599 1.000000
-0.190629 -0.057478 2.678157 0.000000
-0.437556 0.017588 2.650210 1.000000
0.019858 0.019747 2.640694 1.000000
-0.403659 -0.268907 2.602991 1.000000
0.009057 -0.268802 2.595078 1.000000
-0.396951 -0.328221 2.629918 0.526442
-0.006637 -0.331354 2.606446 0.879808
-0.288222 -0.552660 2.684266 1.000000
-0.086387 -0.547769 2.667677 1.000000
-0.287086 -0.952686 2.759277 1.000000
-0.075171 -0.948398 2.738527 1.000000
-0.311493 -0.981500 2.605985 0.000000
-0.099250 -0.976223 2.585000 0.000000
-0.211633 0.554795 2.538279 1.000000
-0.383610 0.287491 2.659323 1.000000
-0.040503 0.286883 2.623237 1.000000
-0.227535 0.341487 2.493194 0.000000
-0.203967 0.155586 2.720408 0.000000
-0.375383 -0.053502 2.587159 0.173077
-0.035606 -0.057282 2.540403 0.711538
-0.189861 -0.058197 2.677614 0.000000
-0.434681 0.014957 2.649613 1.000000
0.023547 0.017285 2.637102 1.000000
-0.402470 -0.273219 2.607885 1.000000
0.007974 -0.269657 2.580128 1.000000
-0.387853 -0.336027 2.619277 0.408654
-0.011209 -0.328267 2.602152 0.846154
-0.288362 -0.552769 2.687819 1.000000
-0.088491 -0.550720 2.671994 1.000000
-0.290154 -0.953941 2.756428 1.000000
-0.072315 -0.951749 2.739547 1.000000
-0.311519 -0.980217 2.602228 0.000000
-0.094107 -0.978576 2.585502 0.000000
-0.215991 0.552364 2.538748 1.000000
-0.381917 0.294303 2.667956 1.000000
-0.039150 0.287693 2.629332 1.000000
-0.225504 0.355666 2.504729 0.000000
-0.205296 0.154133 2.718544 0.000000
-0.372116 -0.051898 2.579723 0.230769
-0.030474 -0.050340 2.549267 0.846154
-0.191078 -0.054563 2.678924 0.000000
-0.434263 0.022807 2.642817 1.000000
0.025469 0.017963 2.641659 1.000000
-0.400391 -0.266417 2.609004 1.000000
0.022609 -0.267823 2.576396 1.000000
-0.384995 -0.329961 2.612669 0.425481
-0.010860 -0.316913 2.603932 0.812500
-0.288100 -0.549190 2.685356 1.000000
-0.085497 -0.547536 2.668653 1.000000
-0.289419 -0.950947 2.750465 1.000000
-0.071157 -0.948509 2.736945 1.000000
-0.302930 -0.976067 2.595188 0.000000
-0.084788 -0.975391 2.581974 0.000000
-0.214231 0.557932 2.552390 1.000000
-0.386403 0.297933 2.662603 1.000000
-0.042054 0.295664 2.641541 1.000000
-0.222724 0.358858 2.506491 0.000000
-0.210692 0.161196 2.724495 0.000000
-0.364460 -0.061832 2.577104 0.807692
-0.022860 -0.036626 2.559130 1.000000
-0.187260 -0.054205 2.682767 0.000000
-0.434777 0.027298 2.638510 1.000000
0.032272 0.030427 2.658553 1.000000
-0.398595 -0.258780 2.596463 1.000000
0.085317 -0.200568 2.489010 1.000000
-0.383585 -0.320735 2.611447 0.509615
0.095235 -0.253493 2.451744 0.021635
-0.288572 -0.550655 2.685295 1.000000
-0.086957 -0.543540 2.668074 1.000000
-0.285169 -0.952001 2.752813 1.000000
-0.074148 -0.944206 2.738443 1.000000
-0.290958 -0.978223 2.597239 0.000000
-0.079729 -0.971672 2.583076 0.000000
-0.204218 0.556854 2.542538 1.000000
-0.389808 0.297817 2.635264 1.000000
-0.047305 0.302105 2.676481 1.000000
-0.202234 0.367122 2.513252 0.000000
-0.224938 0.161894 2.723268 0.000000
-0.356751 -0.059072 2.551332 1.000000
-0.017191 -0.038227 2.595078 1.000000
-0.201200 -0.055759 2.687035 0.000000
-0.434044 0.027116 2.636613 1.000000
0.041666 0.042668 2.680236 1.000000
-0.398892 -0.258466 2.603575 1.000000
0.113592 -0.102014 2.439864 1.000000
-0.386246 -0.322156 2.612058 0.846154
0.130428 -0.137035 2.387154 0.000000
-0.288420 -0.545839 2.688164 1.000000
-0.086527 -0.547945 2.668374 1.000000
-0.287185 -0.948016 2.750629 1.000000
-0.076010 -0.948734 2.738424 1.000000
-0.265197 -0.971944 2.596135 0.000000
-0.054302 -0.975104 2.584288 0.000000
-0.206577 0.558949 2.545834 1.000000
-0.385314 0.295097 2.629806 1.000000
-0.044172 0.295718 2.681253 1.000000
-0.193643 0.365122 2.514774 0.000000
-0.224219 0.156145 2.720040 0.000000
-0.355075 -0.059148 2.546322 1.000000
-0.017075 -0.040348 2.601560 1.000000
-0.204161 -0.057333 2.687191 0.000000
-0.436254 0.028013 2.633042 1.000000
0.046003 0.039728 2.697881 1.000000
-0.396190 -0.253490 2.593202 1.000000
0.124915 0.031167 2.421952 0.576923
-0.383782 -0.317116 2.583924 0.879808
0.142599 0.015272 2.360937 0.139423
-0.289425 -0.546628 2.685626 1.000000
-0.089320 -0.549650 2.671207 1.000000
-0.288226 -0.948539 2.749774 1.000000
-0.073781 -0.950596 2.739396 1.000000
-0.261435 -0.972983 2.596121 0.000000
-0.047284 -0.975692 2.585797 0.000000
-0.202819 0.549282 2.538335 1.000000
-0.384537 0.299157 2.626309 1.000000
-0.045142 0.305989 2.687865 1.000000
-0.190752 0.371846 2.516593 0.000000
-0.223840 0.163534 2.722146 0.000000
-0.349174 -0.049989 2.536243 1.000000
-0.015561 -0.040440 2.615361 1.000000
-0.208577 -0.053929 2.687370 0.000000
-0.437821 0.038067 2.624642 1.000000
0.060294 0.061471 2.698065 1.000000
-0.393302 -0.237203 2.587026 1.000000
0.148006 0.186398 2.461694 1.000000
-0.384879 -0.302039 2.590719 0.980769
0.147695 0.227987 2.411114 0.459135
-0.288451 -0.540404 2.681151 1.000000
-0.084913 -0.547849 2.671283 1.000000
-0.293490 -0.940870 2.753614 1.000000
-0.076647 -0.949025 2.739394 1.000000
-0.257064 -0.968666 2.602535 0.000000
-0.039639 -0.973973 2.587960 0.000000
-0.193716 0.548618 2.528618 1.000000
-0.383195 0.302402 2.617338 1.000000
-0.046874 0.293939 2.693766 1.000000
-0.181830 0.367894 2.517156 0.000000
-0.232808 0.158936 2.718348 0.000000
-0.350269 -0.053897 2.534420 0.913462
-0.017529 -0.038369 2.616226 0.913462
-0.210881 -0.054780 2.686711 0.000000
-0.437088 0.044729 2.609603 1.000000
0.102861 0.078022 2.675909 1.000000
-0.401658 -0.230147 2.586818 1.000000
0.140746 0.291419 2.501675 1.000000
-0.391027 -0.294252 2.594930 1.000000
0.133093 0.343999 2.463400 0.930288
-0.289258 -0.541873 2.682117 1.000000
-0.084258 -0.547404 2.672133 1.000000
-0.290664 -0.942388 2.754466 1.000000
-0.080542 -0.948765 2.739545 1.000000
-0.252440 -0.969747 2.603751 0.000000
-0.041601 -0.973757 2.588602 0.000000
-0.191571 0.547342 2.532406 1.000000
-0.381616 0.305591 2.627411 1.000000
-0.043414 0.298035 2.695139 1.000000
-0.183424 0.376010 2.524286 0.000000
-0.227474 0.160577 2.720216 0.000000
-0.354452 -0.051981 2.540073 1.000000
-0.019578 -0.036349 2.612630 0.865385
-0.210897 -0.052832 2.688444 0.000000
-0.438772 0.051096 2.613209 1.000000
0.147393 0.126911 2.644690 1.000000
-0.400552 -0.221694 2.598964 1.000000
0.125521 0.379704 2.536544 1.000000
-0.391301 -0.285617 2.588170 0.947115
0.107357 0.430530 2.499463 1.000000
-0.290953 -0.541130 2.681473 1.000000
-0.085510 -0.544903 2.673360 1.000000
-0.291967 -0.942221 2.750568 1.000000
-0.082409 -0.946138 2.741550 1.000000
-0.257819 -0.968472 2.598682 0.000000
-0.047582 -0.971676 2.589697 0.000000
-0.191843 0.542779 2.527115 1.000000
-0.375958 0.310410 2.628996 1.000000
-0.034926 0.293387 2.678316 1.000000
-0.181634 0.369962 2.512525 0.000000
-0.221758 0.163529 2.718719 0.000000
-0.349186 -0.046750 2.543749 1.000000
-0.012297 -0.046943 2.608205 1.000000
-0.202334 -0.049814 2.688827 0.000000
-0.439092 0.055793 2.623904 1.000000
0.189019 0.199957 2.578509 1.000000
-0.401921 -0.217091 2.593803 1.000000
0.078206 0.453354 2.562255 1.000000
-0.392256 -0.281593 2.587945 0.947115
0.055687 0.513629 2.574418 1.000000
-0.288892 -0.542387 2.680730 1.000000
-0.086567 -0.550921 2.674332 1.000000
-0.289165 -0.941502 2.760458 1.000000
-0.079200 -0.952356 2.741000 1.000000
-0.260992 -0.971951 2.608131 0.000000
-0.049660 -0.977236 2.587922 0.000000
-0.192832 0.548314 2.524002 1.000000
-0.372931 0.314464 2.636680 1.000000
-0.029214 0.288739 2.651557 1.000000
-0.190067 0.364849 2.499218 0.000000
-0.214305 0.165703 2.714843 0.000000
-0.349790 -0.042341 2.562457 1.000000
-0.007476 -0.051592 2.582061 1.000000
-0.185309 -0.051002 2.686930 0.000000
-0.433788 0.056857 2.631166 1.000000
0.195964 0.246694 2.518806 1.000000
-0.406506 -0.219789 2.601595 1.000000
0.049585 0.480669 2.563309 1.000000
-0.397558 -0.284575 2.604898 0.846154
0.018688 0.537503 2.573480 1.000000
-0.287715 -0.541396 2.683213 1.000000
-0.086356 -0.550805 2.671292 1.000000
-0.284897 -0.942486 2.752265 1.000000
-0.079301 -0.951446 2.742606 1.000000
-0.278004 -0.969200 2.596819 0.000000
-0.071262 -0.978940 2.587351 0.000000
-0.196797 0.556191 2.524803 1.000000
-0.369260 0.304659 2.649748 1.000000
-0.026929 0.286891 2.615396 1.000000
-0.210138 0.347596 2.483284 0.000000
-0.196386 0.165628 2.714453 0.000000
-0.349645 -0.050451 2.572019 1.000000
-0.006979 -0.058669 2.559311 1.000000
-0.174065 -0.055100 2.680521 0.000000
-0.436548 0.048360 2.640087 1.000000
0.181248 0.282010 2.451236 1.000000
-0.404152 -0.229052 2.620486 1.000000
0.023336 0.498398 2.532665 1.000000
-0.395819 -0.293998 2.621359 0.913462
-0.000688 0.546543 2.569990 0.778846
-0.289079 -0.548720 2.686220 1.000000
-0.085376 -0.554331 2.676768 1.000000
-0.284620 -0.949167 2.758826 1.000000
-0.074863 -0.956068 2.741161 1.000000
-0.292506 -0.977382 2.603693 0.000000
-0.081871 -0.981208 2.585458 0.000000
-0.198878 0.560951 2.526935 1.000000
-0.370591 0.302337 2.665673 1.000000
-0.029592 0.286016 2.615889 0.817308
-0.217478 0.363055 2.499109 0.000000
-0.197068 0.155419 2.706983 0.000000
-0.350543 -0.048139 2.594789 0.807692
-0.012150 -0.054075 2.539075 1.000000
-0.162600 -0.045376 2.680184 0.000000
-0.431656 0.044924 2.658399 1.000000
0.068997 0.291822 2.370348 1.000000
-0.398059 -0.230769 2.627434 1.000000
-0.014118 0.543012 2.460290 1.000000
-0.389404 -0.295267 2.620138 0.745192
-0.038730 0.569034 2.515111 0.677885
-0.287717 -0.547493 2.692251 1.000000
-0.083454 -0.549379 2.675489 1.000000
-0.286661 -0.949454 2.756089 1.000000
-0.073338 -0.951413 2.738058 1.000000
-0.313525 -0.973925 2.602453 0.000000
-0.099346 -0.975998 2.584293 0.000000
-0.206916 0.545194 2.518108 1.000000
-0.367013 0.304127 2.676365 1.000000
-0.029323 0.275696 2.611700 0.192308
-0.218968 0.361248 2.504047 0.000000
-0.197591 0.150280 2.708439 0.000000
-0.353616 -0.049850 2.595017 0.634615
-0.015770 -0.046781 2.535861 1.000000
-0.164942 -0.042779 2.678530 0.000000
-0.429973 0.046117 2.677821 1.000000
0.011091 0.285686 2.349398 1.000000
-0.396394 -0.230171 2.643481 1.000000
-0.041778 0.560974 2.357331 1.000000
-0.390173 -0.294026 2.630366 0.778846
-0.038416 0.596592 2.412179 0.627404
-0.283689 -0.544992 2.698457 1.000000
-0.082969 -0.545509 2.669669 1.000000
-0.282926 -0.947997 2.755338 1.000000
-0.072380 -0.946336 2.739489 1.000000
-0.310014 -0.969784 2.601338 0.000000
-0.098746 -0.973724 2.586260 0.000000
-0.205371 0.533363 2.510880 1.000000
-0.342648 0.330835 2.698488 1.000000
-0.018515 0.273522 2.595153 0.307692
-0.210978 0.376565 2.510218 0.000000
-0.184953 0.162354 2.710661 0.000000
-0.356412 -0.039052 2.615711 0.423077
-0.026538 -0.042957 2.521812 1.000000
-0.159995 -0.033315 2.679035 0.000000
-0.436466 0.082909 2.702009 1.000000
-0.031894 0.288784 2.330825 1.000000
-0.403317 -0.190267 2.650682 1.000000
-0.077884 0.521173 2.181698 1.000000
-0.392465 -0.250896 2.628444 0.677885
-0.068234 0.585644 2.187909 0.846154
-0.281669 -0.540159 2.695982 1.000000
-0.081243 -0.539751 2.662394 1.000000
-0.285239 -0.943614 2.749460 1.000000
-0.067191 -0.939496 2.737598 1.000000
-0.328479 -0.963190 2.598890 0.000000
-0.109784 -0.969047 2.588477 0.000000
-0.203483 0.541695 2.511231 1.000000
-0.342687 0.282994 2.704767 0.000000
-0.067260 0.277147 2.508306 0.000000
-0.293973 0.290189 2.475750 0.000000
-0.137895 0.176150 2.697956 0.000000
-0.334922 -0.045850 2.660501 1.000000
-0.049335 -0.072732 2.472441 1.000000
-0.128744 -0.056344 2.662305 0.000000
-0.435321 0.034094 2.720095 0.969231
-0.074426 0.299609 2.243330 0.000000
-0.390158 -0.233962 2.649334 1.000000
-0.105692 0.300647 1.964185 0.673077
-0.383587 -0.298246 2.638720 0.644231
-0.116655 0.301470 1.899630 0.105769
-0.282035 -0.555944 2.700617 1.000000
-0.076293 -0.552970 2.667711 1.000000
-0.288982 -0.959198 2.755272 1.000000
-0.068536 -0.952652 2.744154 1.000000
-0.377298 -0.975279 2.625402 0.000000
-0.155596 -0.979020 2.615121 0.000000
-0.203309 0.563837 2.527205 1.000000
-0.355133 0.270563 2.679217 0.000000
-0.052541 0.271792 2.519314 0.000000
-0.276487 0.283338 2.458932 0.000000
-0.149925 0.165893 2.697531 0.000000
-0.340906 -0.064375 2.644908 0.971154
-0.035327 -0.078014 2.489717 1.000000
-0.135923 -0.064510 2.669496 0.000000
-0.429104 0.019934 2.724439 0.969231
-0.040883 0.255025 2.254901 0.261538
-0.388519 -0.246501 2.648417 1.000000
-0.134631 0.266096 1.991267 0.980769
-0.372620 -0.308625 2.635145 0.627404
-0.170174 0.271931 1.936578 0.711538
-0.280384 -0.566757 2.711071 1.000000
-0.079212 -0.567392 2.664383 1.000000
-0.287316 -0.971544 2.752892 1.000000
-0.072188 -0.966946 2.741557 1.000000
-0.359923 -0.984720 2.613325 0.000000
-0.142966 -0.994908 2.603234 0.000000
-0.209286 0.561830 2.545516 1.000000
-0.298957 0.231944 2.746843 0.000000
-0.045626 0.250071 2.513526 0.000000
-0.274555 0.298279 2.523509 0.000000
-0.115055 0.107987 2.681906 0.000000
-0.326489 -0.091044 2.691509 0.778846
-0.075598 -0.099564 2.457779 1.000000
-0.122706 -0.088816 2.658497 0.000000
-0.439176 0.010833 2.712117 1.000000
-0.052360 0.265400 2.249940 0.230769
-0.385909 -0.253084 2.639416 1.000000
-0.132584 0.267980 1.982860 0.980769
-0.378728 -0.317076 2.627515 0.610577
-0.172393 0.280481 1.932389 0.475962
-0.292614 -0.592961 2.718765 1.000000
-0.078223 -0.582628 2.670111 1.000000
-0.284373 -0.998538 2.751755 1.000000
-0.072041 -0.981387 2.751364 1.000000
-0.396529 -1.009808 2.641217 0.000000
-0.179380 -1.006097 2.638261 0.000000
-0.207040 0.523610 2.582131 1.000000
-0.271966 0.227003 2.756109 0.000000
-0.050316 0.247955 2.493032 0.000000
-0.274086 0.302451 2.534351 0.086538
-0.102378 0.100659 2.662949 0.000000
-0.310741 -0.098039 2.710318 1.000000
-0.088360 -0.103473 2.449231 1.000000
-0.112093 -0.095375 2.654155 0.000000
-0.447268 0.034200 2.717138 0.753846
-0.056159 0.280536 2.231639 0.523077
-0.394194 -0.229316 2.645420 1.000000
-0.141488 0.329673 1.971436 1.000000
-0.388491 -0.294517 2.643285 0.846154
-0.162045 0.341349 1.910368 0.000000
-0.298927 -0.599006 2.716396 1.000000
-0.081557 -0.585900 2.672527 1.000000
-0.284886 -1.004092 2.753243 1.000000
-0.072728 -0.985802 2.747694 1.000000
-0.411244 -1.017001 2.659480 0.000000
-0.197540 -1.006315 2.653218 0.000000
-0.207693 0.518748 2.588220 1.000000
-0.352147 0.302877 2.692770 1.000000
-0.045616 0.269752 2.550828 0.451923
-0.257441 0.324929 2.479655 0.000000
-0.168443 0.163680 2.709478 0.000000
-0.352308 -0.068977 2.638464 0.903846
-0.042557 -0.078544 2.491456 1.000000
-0.148071 -0.068432 2.668619 0.000000
-0.434706 0.055489 2.707314 1.000000
-0.047524 0.294949 2.290847 0.815385
-0.403908 -0.210652 2.641814 1.000000
-0.117292 0.370166 2.034831 1.000000
-0.399833 -0.275559 2.634157 0.829327
-0.139066 0.394060 1.977881 0.930288
-0.292474 -0.569798 2.707180 1.000000
-0.081136 -0.569954 2.657308 1.000000
-0.283083 -0.971373 2.772747 1.000000
-0.076821 -0.962617 2.764295 1.000000
-0.352889 -0.995779 2.633262 0.000000
-0.141946 -1.001090 2.625720 0.000000
-0.205660 0.572355 2.563755 1.000000
-0.341316 0.309311 2.692385 1.000000
-0.022912 0.279354 2.569359 0.326923
-0.230685 0.346312 2.489246 0.000000
-0.162363 0.164215 2.710410 0.000000
-0.358674 -0.044741 2.622845 1.000000
-0.036581 -0.063882 2.506489 1.000000
-0.158331 -0.048768 2.672534 0.000000
-0.441004 0.064614 2.692168 1.000000
-0.024454 0.300979 2.306025 0.938462
-0.405495 -0.206934 2.638886 1.000000
-0.110929 0.423629 2.070828 1.000000
-0.398711 -0.270662 2.625434 0.862981
-0.138195 0.460830 2.024343 1.000000
-0.290413 -0.549931 2.698555 1.000000
-0.088137 -0.555542 2.654254 1.000000
-0.290316 -0.952758 2.756690 1.000000
-0.074960 -0.953003 2.740860 1.000000
-0.345444 -0.973902 2.610272 0.000000
-0.128903 -0.986297 2.596270 0.000000
-0.198539 0.570976 2.552341 1.000000
-0.346016 0.329463 2.693819 1.000000
-0.024778 0.280760 2.583804 0.519231
-0.225098 0.359981 2.495523 0.000000
-0.176837 0.174034 2.718761 0.000000
-0.354741 -0.035713 2.618443 0.538462
-0.031231 -0.062501 2.507658 1.000000
-0.155317 -0.042417 2.671432 0.000000
-0.430977 0.079237 2.673958 1.000000
-0.009385 0.289861 2.319406 1.000000
-0.411640 -0.197631 2.638362 1.000000
-0.103705 0.433486 2.098560 1.000000
-0.405711 -0.262209 2.629261 0.829327
-0.136086 0.473570 2.058150 0.930288
-0.289303 -0.544487 2.690000 1.000000
-0.087868 -0.551810 2.655516 1.000000
-0.291787 -0.946197 2.755359 1.000000
-0.072119 -0.949844 2.739004 1.000000
-0.344883 -0.969754 2.608558 0.000000
-0.124753 -0.982391 2.593764 0.000000
-0.194565 0.577192 2.549329 1.000000
-0.324359 0.333310 2.707509 1.000000
-0.004142 0.276699 2.592265 0.346154
-0.201703 0.373716 2.512070 0.000000
-0.163649 0.167656 2.719029 0.000000
-0.357869 -0.025820 2.624403 0.990385
-0.034524 -0.056810 2.514235 1.000000
-0.158945 -0.039090 2.678027 0.000000
-0.437082 0.093000 2.675589 1.000000
0.008345 0.279912 2.325230 0.984615
-0.410093 -0.184922 2.634128 1.000000
-0.096910 0.426691 2.108284 1.000000
-0.405246 -0.249592 2.625042 0.896635
-0.133263 0.472191 2.078342 0.661058
-0.288242 -0.538915 2.682257 1.000000
-0.086648 -0.545139 2.655973 1.000000
-0.293388 -0.940315 2.749345 1.000000
-0.075134 -0.942629 2.742683 1.000000
-0.346090 -0.964190 2.602453 0.000000
-0.127475 -0.975819 2.597482 0.000000
-0.198383 0.566237 2.550662 1.000000
-0.324051 0.338571 2.702227 1.000000
0.001392 0.276132 2.606242 0.000000
-0.188037 0.380414 2.516154 0.000000
-0.168699 0.168383 2.719648 0.000000
-0.358887 -0.025975 2.611396 0.932692
-0.028671 -0.049877 2.521756 1.000000
-0.163560 -0.036271 2.677456 0.000000
-0.425554 0.095125 2.652941 1.000000
0.021200 0.255780 2.339425 1.000000
-0.418245 -0.187541 2.635075 1.000000
-0.089484 0.399768 2.121965 1.000000
-0.407896 -0.250439 2.620076 0.644231
-0.122966 0.441810 2.084552 0.206731
-0.287099 -0.536094 2.679389 1.000000
-0.084445 -0.540914 2.655817 1.000000
-0.290216 -0.937302 2.747739 1.000000
-0.073094 -0.938606 2.741613 1.000000
-0.333161 -0.962491 2.597919 0.000000
-0.115423 -0.971834 2.593192 0.000000
-0.196575 0.563855 2.549032 1.000000
-0.354680 0.318931 2.681673 1.000000
-0.016067 0.272005 2.635156 0.000000
-0.193684 0.372532 2.520177 0.000000
-0.196845 0.154012 2.717610 0.000000
-0.354348 -0.040289 2.585521 1.000000
-0.013657 -0.049872 2.546959 1.000000
-0.171122 -0.046680 2.680440 0.000000
-0.435074 0.060179 2.664433 1.000000
0.055499 0.188681 2.386866 0.676923
-0.407986 -0.222466 2.624911 1.000000
-0.062540 0.283204 2.143317 1.000000
-0.397493 -0.286994 2.621135 0.728365
-0.110152 0.317940 2.114771 0.576923
-0.288219 -0.540884 2.686385 1.000000
-0.086924 -0.547616 2.660350 1.000000
-0.289742 -0.942386 2.753044 1.000000
-0.073706 -0.946336 2.740952 1.000000
-0.308651 -0.967987 2.598410 0.000000
-0.092051 -0.977990 2.587375 0.000000
-0.206631 0.546974 2.542329 1.000000
-0.369051 0.301485 2.680675 1.000000
-0.027296 0.268621 2.646782 0.000000
-0.204360 0.362927 2.525834 0.000000
-0.206137 0.142738 2.721421 0.000000
-0.353738 -0.054431 2.578003 0.980769
-0.011728 -0.050790 2.552224 1.000000
-0.174068 -0.055261 2.679691 0.000000
-0.439783 0.037534 2.669575 1.000000
0.084253 0.151958 2.426003 0.861538
-0.398013 -0.243516 2.618006 1.000000
-0.042173 0.168638 2.166906 1.000000
-0.391590 -0.308249 2.625528 0.795673
-0.081616 0.199543 2.124746 0.576923
-0.289241 -0.548102 2.690722 1.000000
-0.083366 -0.551979 2.663697 1.000000
-0.287552 -0.950116 2.754215 1.000000
-0.076120 -0.951092 2.743102 1.000000
-0.299548 -0.974723 2.598731 0.000000
-0.087185 -0.982016 2.588681 0.000000
-0.216590 0.542175 2.556713 1.000000
-0.383530 0.287153 2.687664 1.000000
-0.049391 0.307960 2.604339 1.000000
-0.255701 0.350448 2.501849 0.000000
-0.189276 0.166898 2.722388 0.000000
-0.362221 -0.055213 2.608546 0.451923
-0.029789 -0.041818 2.525126 1.000000
-0.167955 -0.050633 2.678276 0.000000
-0.435750 0.021520 2.659184 1.000000
0.078161 0.084359 2.515839 1.000000
-0.398266 -0.260221 2.616387 1.000000
0.009273 -0.022734 2.258156 1.000000
-0.391063 -0.324956 2.623147 0.627404
-0.025031 -0.068165 2.225792 0.778846
-0.290802 -0.549746 2.690553 1.000000
-0.088675 -0.542245 2.665452 1.000000
-0.290661 -0.951663 2.754680 1.000000
-0.072727 -0.942030 2.740064 1.000000
-0.327887 -0.975849 2.603175 0.000000
-0.108903 -0.971617 2.589264 0.000000
-0.219823 0.559389 2.535979 1.000000
-0.383180 0.287478 2.682504 1.000000
-0.046735 0.309008 2.609250 1.000000
-0.249921 0.353758 2.501609 0.000000
-0.190218 0.166197 2.720691 0.000000
-0.364551 -0.054096 2.600895 0.663462
-0.029601 -0.039948 2.528387 1.000000
-0.172703 -0.048462 2.676953 0.000000
-0.437361 0.021956 2.658369 1.000000
0.054417 0.060894 2.562051 1.000000
-0.394410 -0.258585 2.613888 1.000000
0.025105 -0.137922 2.356771 1.000000
-0.393630 -0.322670 2.627335 0.627404
0.005213 -0.194795 2.331120 0.627404
-0.289599 -0.547499 2.691095 1.000000
-0.090044 -0.541553 2.662673 1.000000
-0.291265 -0.949182 2.756651 1.000000
-0.075560 -0.940421 2.742323 1.000000
-0.322934 -0.973966 2.603984 0.000000
-0.106574 -0.971817 2.590742 0.000000
-0.223683 0.562618 2.541235 1.000000
-0.382987 0.286807 2.676912 1.000000
-0.044597 0.295688 2.610293 1.000000
-0.243853 0.347070 2.498352 0.000000
-0.195348 0.158873 2.719644 0.000000
-0.372174 -0.056768 2.586201 0.278846
-0.032672 -0.044976 2.538780 0.836538
-0.186510 -0.051274 2.676319 0.000000
-0.436013 0.019451 2.653682 1.000000
0.031354 0.033769 2.588822 1.000000
-0.402516 -0.265866 2.623635 1.000000
0.036734 -0.235653 2.484834 1.000000
-0.394021 -0.330761 2.625823 0.526442
0.017766 -0.294725 2.505786 0.778846
-0.289369 -0.549795 2.691251 1.000000
-0.089125 -0.546077 2.663557 1.000000
-0.289183 -0.952351 2.751232 1.000000
-0.076825 -0.945411 2.741214 1.000000
-0.309329 -0.975437 2.596359 0.000000
-0.096668 -0.975897 2.587586 0.000000
-0.216434 0.555855 2.539511 1.000000
-0.376089 0.291818 2.668284 1.000000
-0.035536 0.298704 2.613500 1.000000
-0.230288 0.355346 2.496295 0.000000
-0.191356 0.160668 2.713840 0.000000
-0.377755 -0.047648 2.584891 0.230769
-0.037249 -0.047796 2.543607 0.903846
-0.193677 -0.051293 2.678294 0.000000
-0.437514 0.023893 2.652199 1.000000
0.019986 0.029085 2.619720 1.000000
-0.406388 -0.263937 2.625477 1.000000
0.003264 -0.260123 2.595053 1.000000
-0.393033 -0.327812 2.620017 0.459135
-0.008392 -0.323201 2.608225 0.846154
-0.288794 -0.545521 2.687845 1.000000
-0.087565 -0.544724 2.662989 1.000000
-0.289594 -0.947333 2.752617 1.000000
-0.074459 -0.943931 2.741158 1.000000
-0.308115 -0.972249 2.597825 0.000000
-0.092597 -0.974641 2.587365 0.000000
-0.212145 0.555124 2.530588 1.000000
-0.380275 0.291946 2.663244 1.000000
-0.038895 0.287407 2.613602 1.000000
-0.230213 0.345343 2.491477 0.000000
-0.200037 0.157358 2.716181 0.000000
-0.375384 -0.052657 2.582623 0.221154
-0.034140 -0.054144 2.547995 1.000000
-0.193184 -0.057575 2.679584 0.000000
-0.438224 0.022576 2.652384 1.000000
0.024457 0.020036 2.636731 1.000000
-0.404066 -0.264308 2.616259 1.000000
0.007639 -0.269449 2.610465 1.000000
-0.391116 -0.328022 2.624072 0.593750
-0.001736 -0.331409 2.629474 0.913462
-0.288162 -0.550559 2.688412 1.000000
-0.085030 -0.549699 2.668688 1.000000
-0.290394 -0.953110 2.748383 1.000000
-0.072950 -0.950100 2.740677 1.000000
-0.306034 -0.976174 2.592987 0.000000
-0.088438 -0.978355 2.586125 0.000000
-0.213790 0.547112 2.521772 1.000000
-0.379499 0.297365 2.664533 1.000000
-0.037373 0.298936 2.620121 1.000000
-0.227800 0.353562 2.495113 0.000000
-0.197726 0.165960 2.720150 0.000000
-0.375074 -0.048987 2.580418 0.269231
-0.033163 -0.047730 2.553131 0.750000
-0.194967 -0.051780 2.681294 0.000000
-0.432382 0.027708 2.644371 1.000000
0.022429 0.030491 2.636827 1.000000
-0.405714 -0.260685 2.616767 1.000000
0.012094 -0.258734 2.607072 1.000000
-0.390914 -0.324454 2.615134 0.492788
-0.000495 -0.322424 2.615638 0.812500
-0.288967 -0.547174 2.684412 1.000000
-0.089526 -0.545234 2.670551 1.000000
-0.287837 -0.949108 2.748420 1.000000
-0.073254 -0.945579 2.742022 1.000000
-0.300076 -0.973896 2.592985 0.000000
-0.085541 -0.973725 2.587163 0.000000
-0.207822 0.559364 2.531740 1.000000
