-0.374897 0.404638 2.723381 1.000000
0.075073 0.361614 2.649627 1.000000
-0.155282 0.472954 2.601340 0.000000
-0.154394 0.227100 2.750176 0.000000
-0.358028 0.032777 2.661494 0.288462
0.046566 0.009251 2.585147 0.644231
-0.128504 0.017888 2.768575 0.000000
-0.416818 0.139295 2.638776 1.000000
0.099002 0.093006 2.730863 1.000000
-0.391371 -0.167063 2.591505 1.000000
0.108348 -0.212163 2.671515 1.000000
-0.337844 -0.237496 2.576390 0.661058
0.040561 -0.270965 2.670260 0.644231
-0.253543 -0.598111 2.667829 1.000000
-0.009866 -0.596194 2.692142 1.000000
-0.274756 -1.086496 2.757489 1.000000
-0.009757 -1.090241 2.746238 1.000000
-0.314451 -1.124840 2.539234 0.000000
-0.050811 -1.114342 2.526204 0.000000
-0.074656 0.691501 2.570376 1.000000
-0.378140 0.402962 2.718133 1.000000
0.073374 0.361196 2.653676 1.000000
-0.156531 0.470702 2.599420 0.000000
-0.157353 0.226921 2.751626 0.000000
-0.359232 0.031498 2.659015 0.298077
0.047667 0.011251 2.594966 0.711538
-0.132948 0.018386 2.773003 0.000000
-0.418217 0.134527 2.642478 1.000000
0.117053 0.089939 2.716114 1.000000
-0.389542 -0.170806 2.589887 1.000000
0.110165 -0.215327 2.656265 1.000000
-0.345010 -0.245394 2.567348 0.896635
0.043916 -0.273900 2.640944 0.778846
-0.252756 -0.598414 2.669570 1.000000
-0.013441 -0.596438 2.694946 1.000000
-0.278746 -1.087165 2.755917 1.000000
-0.015177 -1.089600 2.756565 1.000000
-0.312364 -1.124157 2.536412 0.000000
-0.048673 -1.117085 2.535649 0.000000
-0.078666 0.691841 2.574656 1.000000
-0.380976 0.399032 2.724833 1.000000
0.069446 0.359751 2.651752 1.000000
-0.161912 0.468552 2.602482 0.000000
-0.158823 0.223791 2.753078 0.000000
-0.363541 0.030627 2.660290 0.201923
0.043035 0.007155 2.595298 0.673077
-0.137104 0.015739 2.773753 0.000000
-0.420951 0.132754 2.642485 1.000000
0.115993 0.086508 2.701295 1.000000
-0.389331 -0.171307 2.585588 1.000000
0.097267 -0.218226 2.642334 1.000000
-0.341835 -0.246158 2.571596 0.475962
0.036006 -0.283809 2.642996 0.762019
-0.255074 -0.600576 2.664168 1.000000
-0.010809 -0.598140 2.696470 1.000000
-0.276047 -1.088159 2.758142 1.000000
-0.015668 -1.093038 2.741870 1.000000
-0.306788 -1.129090 2.538914 0.000000
-0.049738 -1.113034 2.520238 0.000000
-0.078993 0.690263 2.581753 1.000000
-0.378699 0.397555 2.717390 1.000000
0.073467 0.361280 2.654192 1.000000
-0.158198 0.465232 2.596597 0.000000
-0.155043 0.226314 2.756301 0.000000
-0.363560 0.027435 2.663045 0.269231
0.042259 0.007988 2.592252 0.509615
-0.135420 0.014189 2.773254 0.000000
-0.420853 0.128369 2.646424 1.000000
0.115876 0.084467 2.683354 1.000000
-0.398256 -0.176806 2.591309 1.000000
0.087852 -0.221288 2.634276 1.000000
-0.345285 -0.245135 2.567236 0.610577
0.035838 -0.293287 2.647120 0.745192
-0.252854 -0.602369 2.670614 1.000000
-0.008257 -0.598670 2.692451 1.000000
-0.279907 -1.091501 2.754445 1.000000
-0.010936 -1.092081 2.752008 1.000000
-0.315934 -1.127102 2.535091 0.000000
-0.046975 -1.118518 2.531364 0.000000
-0.080221 0.686607 2.575999 1.000000
-0.382101 0.389433 2.725151 1.000000
0.068260 0.356937 2.648451 1.000000
-0.165710 0.459693 2.598540 0.000000
-0.156217 0.219490 2.756049 0.000000
-0.364103 0.021334 2.659710 0.307692
0.042015 0.010483 2.588791 0.538462
-0.135645 0.014828 2.769866 0.000000
-0.425039 0.119317 2.660811 1.000000
0.115470 0.081688 2.679353 1.000000
-0.404341 -0.185290 2.605447 1.000000
0.090855 -0.224458 2.635216 1.000000
-0.341100 -0.240159 2.573129 0.778846
0.034077 -0.293153 2.645779 0.644231
-0.254618 -0.605574 2.672859 1.000000
-0.012140 -0.599689 2.691652 1.000000
-0.280567 -1.094730 2.756890 1.000000
-0.013343 -1.093093 2.751321 1.000000
-0.318718 -1.130327 2.537895 0.000000
-0.049509 -1.119683 2.530717 0.000000
-0.080563 0.679730 2.579560 1.000000
-0.380583 0.389489 2.727399 1.000000
0.068867 0.356326 2.645796 1.000000
-0.166052 0.457072 2.596247 0.000000
-0.153774 0.221061 2.759785 0.000000
-0.364296 0.012435 2.664350 0.240385
0.040540 0.003914 2.586155 0.557692
-0.133861 0.007395 2.770388 0.000000
-0.421656 0.118848 2.667994 1.000000
0.113857 0.081131 2.672361 1.000000
-0.408475 -0.183130 2.602235 1.000000
0.093349 -0.224049 2.626169 1.000000
-0.341300 -0.236651 2.576210 0.762019
0.039178 -0.291861 2.649004 0.762019
-0.254854 -0.613908 2.672700 1.000000
-0.010880 -0.606436 2.693402 1.000000
-0.277301 -1.103431 2.755596 1.000000
-0.015121 -1.099118 2.758632 0.916106
-0.319468 -1.138473 2.537250 0.000000
-0.054308 -1.127884 2.538818 0.000000
-0.078357 0.674068 2.576804 1.000000
-0.385371 0.379582 2.729961 1.000000
0.063456 0.352676 2.642815 1.000000
-0.173859 0.448308 2.594567 0.000000
-0.155194 0.215813 2.762480 0.000000
-0.359771 0.007852 2.667560 0.192308
0.043276 -0.003863 2.580986 0.663462
-0.127193 0.002432 2.768791 0.000000
-0.417590 0.106415 2.675710 1.000000
0.116291 0.078027 2.662253 1.000000
-0.405263 -0.198587 2.623931 1.000000
0.091500 -0.222432 2.591764 1.000000
-0.352795 -0.241423 2.565053 0.762019
0.040513 -0.285600 2.630034 0.896635
-0.256945 -0.619220 2.674711 1.000000
-0.012258 -0.613502 2.693662 1.000000
-0.276913 -1.108446 2.759961 1.000000
-0.021120 -1.107673 2.745864 1.000000
-0.324284 -1.144350 2.542825 0.000000
-0.065877 -1.130057 2.526372 0.000000
-0.075761 0.650440 2.540477 0.466346
-0.382031 0.385562 2.749160 1.000000
0.063215 0.357733 2.645500 1.000000
-0.174094 0.459076 2.610777 0.000000
-0.153403 0.217186 2.764588 0.000000
-0.364831 0.015952 2.672512 0.211538
0.037096 0.016132 2.580132 0.692308
-0.130756 0.015344 2.770381 0.000000
-0.422828 0.116366 2.680686 1.000000
0.105756 0.080374 2.654559 1.000000
-0.406819 -0.190197 2.637237 1.000000
0.104439 -0.208128 2.541026 1.000000
-0.358411 -0.230414 2.573255 0.745192
0.037712 -0.265795 2.557655 0.711538
-0.254997 -0.607872 2.672998 1.000000
-0.012386 -0.597335 2.690173 1.000000
-0.271928 -1.097646 2.755724 1.000000
-0.012730 -1.090523 2.751608 1.000000
-0.321860 -1.132527 2.538996 0.000000
-0.059709 -1.117706 2.533124 0.000000
-0.137476 0.680726 2.575765 1.000000
-0.380543 0.394139 2.762327 1.000000
0.061367 0.360790 2.646707 1.000000
-0.174312 0.468652 2.621940 0.000000
-0.155536 0.220294 2.765338 0.000000
-0.361165 0.022783 2.679841 0.105769
0.038291 0.017934 2.577416 0.701923
-0.124754 0.018042 2.771803 0.000000
-0.423269 0.128749 2.678326 1.000000
0.098750 0.082331 2.627314 1.000000
-0.405182 -0.179313 2.639622 1.000000
0.117356 -0.176346 2.455654 1.000000
-0.356070 -0.221467 2.577450 0.980769
0.045745 -0.229187 2.444073 0.778846
-0.256918 -0.602646 2.673418 1.000000
-0.013504 -0.593903 2.691616 1.000000
-0.275884 -1.092049 2.757875 1.000000
-0.013824 -1.087456 2.750046 1.000000
-0.331386 -1.127062 2.542527 0.000000
-0.067219 -1.113134 2.532858 0.000000
-0.133430 0.688151 2.579890 1.000000
-0.384963 0.393808 2.717155 1.000000
0.065698 0.348491 2.649218 1.000000
-0.166857 0.446428 2.585044 0.000000
-0.160971 0.226949 2.770493 0.000000
-0.361964 0.011467 2.659019 0.211538
0.046455 0.007788 2.601927 0.759615
-0.137300 0.008646 2.776865 0.000000
-0.416141 0.116851 2.683041 1.000000
0.100789 0.075739 2.592506 1.000000
-0.404677 -0.189012 2.633364 1.000000
0.119961 0.029415 2.286502 1.000000
-0.356873 -0.233148 2.571547 0.610577
0.076815 -0.032739 2.238236 1.000000
-0.254756 -0.613053 2.677544 1.000000
-0.010127 -0.605414 2.698545 1.000000
-0.274680 -1.103984 2.752366 1.000000
-0.015978 -1.100109 2.745990 1.000000
-0.306100 -1.136324 2.531803 0.000000
-0.044109 -1.121103 2.523618 0.000000
-0.114717 0.680189 2.574570 1.000000
-0.380231 0.393851 2.708539 1.000000
0.071250 0.343535 2.650257 1.000000
-0.159164 0.442175 2.579752 0.000000
-0.158766 0.226171 2.769327 0.000000
-0.360685 0.009454 2.656365 0.105769
0.048681 0.000290 2.607234 1.000000
-0.138378 0.005325 2.778562 0.000000
-0.413758 0.119351 2.677667 1.000000
0.148377 0.113451 2.514092 1.000000
-0.408317 -0.184676 2.633330 1.000000
0.143501 0.166880 2.211521 0.365385
-0.355141 -0.235713 2.582124 0.980769
0.080780 0.145013 2.151169 1.000000
-0.254396 -0.616832 2.676002 1.000000
-0.011387 -0.611411 2.702578 1.000000
-0.269902 -1.108686 2.745631 1.000000
-0.013320 -1.107093 2.738703 1.000000
-0.297333 -1.139158 2.524271 0.000000
-0.038619 -1.123255 2.515589 0.000000
-0.122148 0.675379 2.535315 1.000000
-0.346354 0.393382 2.653753 1.000000
0.108701 0.367082 2.698449 0.000000
-0.104801 0.445105 2.571480 0.000000
-0.136402 0.245338 2.775664 0.000000
-0.352320 0.020314 2.629764 0.365385
0.059497 0.002126 2.642188 1.000000
-0.150860 0.011424 2.783726 0.000000
-0.407139 0.122416 2.682718 1.000000
0.098468 0.173873 2.497148 0.738462
-0.401432 -0.181822 2.632923 1.000000
0.124730 0.307357 2.220445 1.000000
-0.374267 -0.226686 2.560097 0.778846
0.079648 0.332632 2.147075 1.000000
-0.254496 -0.607713 2.678229 1.000000
-0.011156 -0.610121 2.698202 1.000000
-0.275279 -1.098979 2.750579 1.000000
-0.018123 -1.105123 2.742171 1.000000
-0.270043 -1.131988 2.527948 0.000000
-0.008526 -1.125157 2.518145 0.000000
-0.170788 0.677098 2.558797 1.000000
-0.317848 0.413993 2.646604 1.000000
0.133596 0.351213 2.682719 0.711538
-0.074949 0.441274 2.556894 0.000000
-0.118074 0.254205 2.770769 0.000000
-0.346982 0.020231 2.617775 0.615385
0.063851 0.002562 2.649119 1.000000
-0.152655 0.014959 2.780805 0.000000
-0.404189 0.148817 2.681355 1.000000
0.162090 0.320303 2.404846 1.000000
-0.403828 -0.158062 2.635023 1.000000
0.094125 0.565634 2.227320 1.000000
-0.370873 -0.231637 2.595587 0.795673
0.034710 0.632544 2.220447 1.000000
-0.262276 -0.606408 2.678865 1.000000
-0.022518 -0.611958 2.696269 1.000000
-0.272876 -1.098465 2.747974 1.000000
-0.019094 -1.105964 2.750636 1.000000
-0.258326 -1.130018 2.525546 0.000000
-0.000937 -1.130386 2.527578 0.000000
-0.176671 0.682480 2.593751 1.000000
-0.334793 0.407794 2.646617 1.000000
0.112438 0.352031 2.656939 1.000000
-0.097572 0.440077 2.544266 0.000000
-0.126292 0.249138 2.757137 0.000000
-0.344047 0.020253 2.632475 0.394231
0.067454 -0.006991 2.630559 1.000000
-0.137343 0.010639 2.779277 0.000000
-0.401014 0.135538 2.681984 1.000000
0.155683 0.429356 2.388779 1.000000
-0.402864 -0.171061 2.624850 1.000000
0.065890 0.707840 2.280823 1.000000
-0.353298 -0.243037 2.604429 0.593750
0.003386 0.758250 2.320902 1.000000
-0.261126 -0.609034 2.685440 1.000000
-0.019013 -0.617412 2.696047 1.000000
-0.274590 -1.101079 2.754131 1.000000
-0.013353 -1.110731 2.756152 1.000000
-0.278329 -1.132101 2.531185 0.000000
-0.014279 -1.137969 2.532683 0.000000
-0.173465 0.683533 2.582889 1.000000
-0.355240 0.394756 2.655614 1.000000
0.093235 0.364776 2.646881 1.000000
-0.124208 0.448186 2.548090 0.000000
-0.134182 0.241026 2.747044 0.000000
-0.338199 0.027806 2.636389 0.384615
0.072325 -0.008387 2.620906 1.000000
-0.126871 0.015379 2.776231 0.000000
-0.399987 0.116450 2.687357 1.000000
0.148139 0.471999 2.390067 1.000000
-0.391537 -0.186665 2.608735 1.000000
0.045387 0.765907 2.355548 1.000000
-0.357166 -0.256428 2.653524 0.375000
-0.003637 0.806324 2.418931 0.694712
-0.260446 -0.603919 2.684530 1.000000
-0.018726 -0.616147 2.690875 1.000000
-0.269019 -1.091302 2.781450 1.000000
-0.016419 -1.108916 2.755547 1.000000
-0.281791 -1.134923 2.560961 0.000000
-0.024985 -1.138229 2.532503 0.000000
-0.150606 0.681334 2.530680 1.000000
-0.368780 0.402507 2.706333 1.000000
0.064713 0.365947 2.603678 1.000000
-0.164206 0.455490 2.554235 0.000000
-0.136888 0.242637 2.745400 0.000000
-0.340895 0.022827 2.657646 0.230769
0.064806 -0.004772 2.588915 1.000000
-0.112865 0.016960 2.768721 0.000000
-0.400906 0.119853 2.684532 1.000000
0.138985 0.507147 2.367147 1.000000
-0.386598 -0.188301 2.620428 1.000000
0.017252 0.787157 2.444920 1.000000
-0.352430 -0.271249 2.617883 0.408654
-0.017727 0.866747 2.467198 0.000000
-0.263249 -0.606524 2.686254 1.000000
-0.014393 -0.613441 2.687651 1.000000
-0.276257 -1.100496 2.739470 1.000000
-0.015492 -1.106349 2.751282 1.000000
-0.316092 -1.123191 2.519063 0.000000
-0.052857 -1.134690 2.531096 0.000000
-0.100812 0.685702 2.538766 1.000000
-0.367543 0.396700 2.704767 1.000000
0.065184 0.353930 2.595447 1.000000
-0.165515 0.442919 2.547159 0.000000
-0.135722 0.237164 2.745588 0.000000
-0.342233 0.024776 2.675716 0.067308
0.056235 -0.011599 2.575819 1.000000
-0.106584 0.012376 2.768912 0.000000
-0.405287 0.113164 2.693156 1.000000
0.129604 0.472439 2.342944 1.000000
-0.386639 -0.192456 2.614454 1.000000
0.023922 0.759539 2.422629 1.000000
-0.341811 -0.264892 2.642700 0.576923
-0.013244 0.822755 2.474368 0.240385
-0.258168 -0.608746 2.680490 1.000000
-0.012663 -0.615242 2.691769 1.000000
-0.281115 -1.100833 2.746308 1.000000
-0.014432 -1.109077 2.747744 1.000000
-0.333280 -1.127475 2.528937 0.000000
-0.070046 -1.133449 2.530962 0.000000
-0.113857 0.678590 2.540678 1.000000
-0.341210 0.403766 2.678916 1.000000
0.104252 0.357054 2.595461 0.567308
-0.129470 0.448204 2.534060 0.000000
-0.113474 0.242786 2.734421 0.000000
-0.337424 0.025942 2.667022 0.201923
0.063066 -0.009861 2.575340 1.000000
-0.103340 0.019207 2.764639 0.000000
-0.402125 0.124249 2.703626 1.000000
0.102046 0.373533 2.308799 1.000000
-0.382698 -0.183417 2.629341 1.000000
0.048805 0.683706 2.347684 1.000000
-0.381196 -0.272728 2.620642 0.324519
-0.008360 0.748503 2.371932 0.879808
-0.261458 -0.606198 2.680047 1.000000
-0.013642 -0.614004 2.694112 1.000000
-0.274827 -1.098608 2.746090 1.000000
-0.015026 -1.108606 2.742857 1.000000
-0.327707 -1.126286 2.529021 0.000000
-0.066872 -1.129948 2.524825 0.000000
-0.136747 0.694273 2.553536 1.000000
-0.310514 0.421913 2.660797 1.000000
0.132816 0.330540 2.590983 0.317308
-0.095971 0.427632 2.513384 0.000000
-0.095038 0.256021 2.743917 0.000000
-0.348798 0.020442 2.661346 0.211538
0.056917 -0.003936 2.591487 1.000000
-0.120297 0.018995 2.771596 0.000000
-0.399041 0.151630 2.711807 1.000000
0.064236 0.220389 2.332805 1.000000
-0.398402 -0.161533 2.650551 1.000000
0.032626 0.465995 2.131554 1.000000
-0.366100 -0.244831 2.642041 0.829327
0.032812 0.542578 2.084763 0.156250
-0.255938 -0.609145 2.683871 1.000000
-0.011614 -0.611837 2.696532 1.000000
-0.278618 -1.100627 2.754159 1.000000
-0.016356 -1.106796 2.741272 1.000000
-0.318098 -1.130218 2.534507 0.000000
-0.054134 -1.126416 2.520208 0.000000
-0.169843 0.691262 2.529427 1.000000
-0.360837 0.402519 2.733838 1.000000
0.057986 0.352307 2.555427 1.000000
-0.188140 0.436161 2.541911 0.000000
-0.122129 0.248802 2.749603 0.000000
-0.338983 0.021214 2.712131 0.000000
0.040369 -0.004267 2.552376 1.000000
-0.091667 0.013865 2.768263 0.000000
-0.404253 0.117862 2.722519 1.000000
0.070320 0.181212 2.323874 1.000000
-0.382676 -0.188218 2.638110 1.000000
-0.029992 0.005270 2.078399 1.000000
-0.365376 -0.263698 2.683474 0.560096
-0.057601 -0.044409 2.008943 0.000000
-0.252824 -0.609887 2.680228 1.000000
-0.001098 -0.606766 2.700775 1.000000
-0.281082 -1.100795 2.752477 1.000000
-0.023805 -1.101732 2.739526 1.000000
-0.367110 -1.126231 2.545998 0.000000
-0.109293 -1.114086 2.531631 0.000000
-0.167147 0.669944 2.494943 1.000000
-0.370529 0.399844 2.773615 1.000000
0.021166 0.368831 2.538290 1.000000
-0.227518 0.442746 2.560309 0.000000
-0.126170 0.255799 2.753639 0.000000
-0.338952 0.011624 2.748449 0.000000
0.010310 0.006724 2.529198 1.000000
-0.085734 0.015108 2.763879 0.000000
-0.404857 0.118158 2.726923 1.000000
0.048181 0.116519 2.402961 1.000000
-0.397523 -0.194470 2.671486 1.000000
-0.008886 -0.124229 2.203845 1.000000
-0.337431 -0.247248 2.630768 0.677885
-0.017080 -0.210964 2.182294 0.105769
-0.256303 -0.613080 2.677369 1.000000
-0.007818 -0.600534 2.696610 1.000000
-0.281492 -1.105242 2.741792 1.000000
-0.014926 -1.094133 2.754215 1.000000
-0.399142 -1.124222 2.550797 0.000000
-0.131318 -1.114816 2.562626 0.000000
-0.168501 0.693882 2.491713 1.000000
-0.370755 0.400491 2.795090 1.000000
0.006280 0.385054 2.535532 1.000000
-0.239159 0.460532 2.578596 0.067308
-0.130986 0.255068 2.747949 0.000000
-0.344572 0.012402 2.747531 0.000000
0.003246 0.016660 2.525984 0.942308
-0.091557 0.025355 2.761157 0.000000
-0.411847 0.122105 2.734408 1.000000
0.046759 0.108116 2.468179 1.000000
-0.385441 -0.192234 2.694942 1.000000
0.022497 -0.129101 2.257933 1.000000
-0.376208 -0.279320 2.675317 0.206731
-0.056372 -0.160957 2.229311 0.913462
-0.262099 -0.608999 2.694180 1.000000
-0.018698 -0.593927 2.698748 1.000000
-0.282791 -1.103859 2.735337 1.000000
-0.013091 -1.089240 2.739275 1.000000
-0.404207 -1.114524 2.546060 0.000000
-0.131926 -1.106168 2.548821 0.000000
-0.166684 0.676829 2.453543 1.000000
-0.374712 0.401774 2.795433 1.000000
0.000153 0.384720 2.532849 1.000000
-0.245017 0.460232 2.577364 0.014423
-0.135153 0.256280 2.747453 0.000000
-0.343874 0.022492 2.759180 0.000000
-0.009537 0.018274 2.517768 1.000000
-0.090361 0.032457 2.757843 0.000000
-0.414897 0.123275 2.735394 1.000000
0.058448 0.109640 2.471908 1.000000
-0.394066 -0.192626 2.708390 1.000000
0.021436 -0.115758 2.251040 1.000000
-0.352577 -0.271078 2.721748 0.341346
-0.059469 -0.147600 2.228797 0.576923
-0.271994 -0.600943 2.696637 1.000000
-0.020026 -0.588206 2.698707 1.000000
-0.272991 -1.096326 2.736676 1.000000
-0.013867 -1.084161 2.730328 1.000000
-0.405881 -1.110700 2.555528 0.000000
-0.144777 -1.097433 2.547660 0.000000
-0.163803 0.671479 2.440437 1.000000
-0.364240 0.401637 2.811393 1.000000
0.004724 0.386943 2.540444 1.000000
-0.235105 0.471481 2.596363 0.000000
-0.133958 0.248075 2.746216 0.000000
-0.343468 0.026286 2.760706 0.000000
-0.017334 0.017939 2.508425 1.000000
-0.090060 0.033960 2.750962 0.000000
-0.414218 0.131892 2.727121 1.000000
0.072743 0.115480 2.476858 1.000000
-0.395724 -0.183713 2.704839 1.000000
-0.011948 -0.092117 2.252858 1.000000
-0.354393 -0.261403 2.722457 0.391827
-0.039488 -0.158954 2.199672 0.139423
-0.269758 -0.598759 2.692727 1.000000
-0.017152 -0.585050 2.696206 1.000000
-0.274426 -1.092007 2.753500 1.000000
-0.012391 -1.080318 2.737389 1.000000
-0.411685 -1.112547 2.576245 0.000000
-0.148939 -1.096453 2.559131 0.000000
-0.159463 0.663592 2.443598 1.000000
-0.380236 0.407426 2.821383 0.923077
-0.007977 0.400849 2.554655 1.000000
-0.248770 0.483140 2.609780 0.192308
-0.148627 0.256337 2.755137 0.000000
-0.344050 0.034748 2.762104 0.000000
-0.028234 0.034089 2.496889 1.000000
-0.091141 0.039924 2.742609 0.000000
-0.421464 0.143702 2.720328 1.000000
0.081306 0.132177 2.518509 1.000000
-0.400824 -0.169945 2.696915 1.000000
0.046215 -0.088920 2.296624 1.000000
-0.369325 -0.234080 2.642611 0.728365
-0.028197 -0.098011 2.247283 0.812500
-0.264320 -0.588859 2.671649 1.000000
-0.018679 -0.569338 2.687646 1.000000
-0.269822 -1.080861 2.741741 1.000000
-0.018591 -1.062824 2.746643 1.000000
-0.411498 -1.103983 2.568320 0.000000
-0.159580 -1.083682 2.572377 0.000000
-0.160441 0.669624 2.451929 1.000000
-0.380556 0.399889 2.832426 0.730769
-0.008393 0.403700 2.565510 1.000000
-0.247578 0.486805 2.626139 0.076923
-0.151872 0.249055 2.756187 0.000000
-0.348054 0.031188 2.757385 0.000000
-0.027220 0.040523 2.498431 1.000000
-0.094843 0.037944 2.742952 0.000000
-0.424355 0.152392 2.698225 1.000000
0.085167 0.135042 2.549618 1.000000
-0.399015 -0.160525 2.677055 1.000000
0.058195 -0.102018 2.344477 1.000000
-0.368212 -0.229293 2.628304 0.829327
-0.019386 -0.128788 2.308159 0.778846
-0.261544 -0.589883 2.668587 1.000000
-0.019188 -0.566450 2.682074 1.000000
-0.277739 -1.080428 2.746767 1.000000
-0.016761 -1.059911 2.741224 1.000000
-0.415145 -1.104062 2.570012 0.000000
-0.153287 -1.081877 2.563574 0.000000
-0.165596 0.663907 2.464404 1.000000
-0.376245 0.398816 2.749799 1.000000
0.050035 0.375647 2.583932 1.000000
-0.195526 0.461528 2.573165 0.000000
-0.137984 0.243614 2.751489 0.000000
-0.361917 0.010186 2.695578 0.000000
0.023263 0.042133 2.551722 0.817308
-0.117428 0.023560 2.762033 0.000000
-0.426196 0.122718 2.697591 1.000000
0.084345 0.092447 2.575440 1.000000
-0.409819 -0.187683 2.645455 1.000000
0.040184 -0.155104 2.385432 1.000000
-0.353497 -0.243037 2.602816 0.543269
0.027526 -0.225613 2.331371 0.000000
-0.260501 -0.603256 2.671574 1.000000
-0.022240 -0.582052 2.672802 1.000000
-0.276386 -1.093901 2.749185 1.000000
-0.015616 -1.073886 2.743966 1.000000
-0.355200 -1.124357 2.540517 0.000000
-0.088990 -1.105331 2.533469 0.000000
-0.162905 0.690571 2.490687 1.000000
-0.388610 0.379225 2.753569 1.000000
0.038728 0.371763 2.588978 1.000000
-0.208416 0.453281 2.580832 0.000000
-0.147373 0.228736 2.749504 0.000000
-0.357672 0.008659 2.695654 0.000000
0.025250 0.017231 2.542761 1.000000
-0.111407 0.013366 2.756489 0.000000
-0.421781 0.109750 2.669696 1.000000
0.107117 0.097087 2.614030 1.000000
-0.385220 -0.197069 2.614866 1.000000
0.077295 -0.196076 2.506106 1.000000
-0.331746 -0.251443 2.567555 0.896635
0.071432 -0.284642 2.492834 0.173077
-0.265559 -0.612032 2.673048 1.000000
-0.023085 -0.598898 2.676887 1.000000
-0.280140 -1.102382 2.752756 1.000000
-0.011849 -1.090492 2.749121 1.000000
-0.364109 -1.133461 2.546202 0.000000
-0.092211 -1.122861 2.541334 0.000000
-0.165199 0.671858 2.516455 1.000000
-0.390654 0.380838 2.754142 1.000000
0.039761 0.379347 2.597603 1.000000
-0.207339 0.460770 2.587414 0.000000
-0.149095 0.230875 2.749749 0.000000
-0.362841 0.010321 2.682728 0.000000
0.029042 0.012646 2.554273 1.000000
-0.120852 0.010328 2.758958 0.000000
-0.421092 0.114303 2.661283 1.000000
0.109788 0.109517 2.651255 1.000000
-0.393833 -0.192813 2.604524 1.000000
0.102951 -0.193515 2.571196 1.000000
-0.330653 -0.247806 2.572299 0.963942
0.050453 -0.256888 2.607004 0.846154
-0.265300 -0.612627 2.667799 1.000000
-0.020844 -0.602118 2.674660 1.000000
-0.270107 -1.103206 2.747282 1.000000
-0.015751 -1.092865 2.753086 1.000000
-0.340998 -1.136702 2.536252 0.000000
-0.082128 -1.127483 2.540772 0.000000
-0.160325 0.677424 2.529008 1.000000
