-0.324389 0.331316 2.782529 1.000000
-0.037149 0.335813 2.750999 1.000000
-0.193498 0.370474 2.656068 0.000000
-0.168793 0.193792 2.855930 0.000000
-0.348065 -0.032753 2.751477 0.298077
-0.015598 -0.032137 2.704904 0.461538
-0.166722 -0.021372 2.836199 0.000000
-0.403075 0.063440 2.778275 1.000000
0.028379 0.064666 2.763348 1.000000
-0.403369 -0.221899 2.729952 1.000000
0.043400 -0.224346 2.763380 1.000000
-0.396365 -0.272755 2.715029 0.509615
0.036072 -0.276680 2.755285 0.442308
-0.286096 -0.522209 2.809158 1.000000
-0.062434 -0.521790 2.782323 1.000000
-0.333639 -0.907126 2.839148 1.000000
-0.062219 -0.907134 2.835525 1.000000
-0.347862 -0.913842 2.730405 0.000000
-0.075781 -0.922054 2.727516 0.000000
-0.178248 0.590758 2.676745 1.000000
-0.327611 0.326087 2.788429 1.000000
-0.040899 0.335128 2.753278 1.000000
-0.198949 0.368617 2.660775 0.000000
-0.169113 0.189992 2.858196 0.000000
-0.347010 -0.037296 2.740797 0.403846
-0.012385 -0.030128 2.714757 0.384615
-0.171471 -0.022693 2.836532 0.000000
-0.396450 0.055266 2.781883 1.000000
0.027961 0.064251 2.756416 1.000000
-0.400886 -0.229076 2.726625 1.000000
0.042620 -0.224129 2.733042 1.000000
-0.393863 -0.282035 2.728677 0.543269
0.039963 -0.276172 2.721103 0.509615
-0.285780 -0.523818 2.809708 1.000000
-0.060220 -0.522608 2.779227 1.000000
-0.330990 -0.908815 2.842186 1.000000
-0.065820 -0.906608 2.841150 1.000000
-0.338174 -0.917193 2.732867 0.000000
-0.071400 -0.923998 2.732803 0.000000
-0.180502 0.588474 2.682736 1.000000
-0.331901 0.327092 2.785658 1.000000
-0.044561 0.333158 2.755332 1.000000
-0.200684 0.367897 2.660059 0.000000
-0.175973 0.189669 2.858544 0.000000
-0.349943 -0.037352 2.747931 0.230769
-0.016048 -0.030979 2.713629 0.432692
-0.172039 -0.023816 2.839360 0.000000
-0.406122 0.057535 2.776458 1.000000
0.027742 0.062946 2.751828 1.000000
-0.402310 -0.228669 2.730255 1.000000
0.054447 -0.213548 2.668764 1.000000
-0.392809 -0.280706 2.722507 0.492788
0.052973 -0.256283 2.636674 0.509615
-0.285430 -0.524987 2.810765 1.000000
-0.062919 -0.522904 2.782989 1.000000
-0.330945 -0.910077 2.841668 1.000000
-0.064035 -0.907462 2.841597 1.000000
-0.340905 -0.917660 2.732508 0.000000
-0.072907 -0.923937 2.733327 0.000000
-0.177139 0.588152 2.683378 1.000000
-0.338065 0.314740 2.763575 1.000000
-0.051079 0.346279 2.776433 1.000000
-0.193408 0.365587 2.657994 0.000000
-0.183592 0.192871 2.862553 0.000000
-0.338487 -0.037710 2.724980 0.759615
-0.003224 -0.030218 2.740663 1.000000
-0.176168 -0.024612 2.841913 0.000000
-0.398740 0.042627 2.770206 1.000000
0.073832 0.112280 2.690334 1.000000
-0.396468 -0.241969 2.719780 1.000000
0.126164 -0.031528 2.445133 0.894231
-0.381548 -0.292304 2.729872 0.408654
0.131950 -0.055867 2.397887 0.105769
-0.286670 -0.523506 2.804703 1.000000
-0.058968 -0.524107 2.787411 1.000000
-0.326953 -0.908339 2.844723 1.000000
-0.061720 -0.909384 2.841029 1.000000
-0.320881 -0.920315 2.735672 0.000000
-0.054534 -0.924547 2.732443 0.000000
-0.188338 0.589849 2.686379 1.000000
-0.334671 0.311714 2.761300 1.000000
-0.051074 0.357109 2.793449 1.000000
-0.186833 0.374653 2.667274 0.000000
-0.180162 0.193366 2.864410 0.000000
-0.335360 -0.034922 2.715077 0.990385
-0.001804 -0.024953 2.751747 0.826923
-0.180800 -0.020270 2.841920 0.000000
-0.399419 0.041651 2.763760 1.000000
0.086790 0.141224 2.686121 1.000000
-0.396647 -0.241806 2.713749 1.000000
0.133203 0.155350 2.402390 0.701923
-0.380958 -0.292612 2.708205 0.375000
0.142295 0.154363 2.349717 0.000000
-0.286012 -0.519273 2.804086 1.000000
-0.058707 -0.520212 2.786045 1.000000
-0.326338 -0.904649 2.838433 1.000000
-0.060598 -0.905220 2.841597 1.000000
-0.313045 -0.915711 2.729927 0.000000
-0.046412 -0.920848 2.733768 0.000000
-0.188161 0.591638 2.688944 1.000000
-0.337826 0.324294 2.757994 1.000000
-0.052785 0.353905 2.795354 1.000000
-0.185372 0.381175 2.667546 0.000000
-0.191465 0.195852 2.860912 0.000000
-0.335798 -0.035618 2.709160 0.721154
-0.002997 -0.021674 2.751025 0.432692
-0.183376 -0.020539 2.838516 0.000000
-0.390081 0.053170 2.749503 1.000000
0.094854 0.180406 2.639111 1.000000
-0.401771 -0.230735 2.714344 1.000000
0.136401 0.348157 2.410839 1.000000
-0.383653 -0.280171 2.705076 0.509615
0.134088 0.395214 2.385572 0.459135
-0.284866 -0.518205 2.803350 1.000000
-0.060324 -0.518454 2.781844 1.000000
-0.318401 -0.904177 2.838307 1.000000
-0.061719 -0.902748 2.842148 1.000000
-0.303172 -0.915304 2.730062 0.000000
-0.045769 -0.919658 2.734760 0.000000
-0.191455 0.596511 2.689116 1.000000
-0.337844 0.312662 2.760882 1.000000
-0.049579 0.327977 2.774652 1.000000
-0.190673 0.361810 2.658007 0.000000
-0.190128 0.177087 2.852040 0.000000
-0.337256 -0.042947 2.707144 0.884615
-0.003960 -0.034123 2.746374 1.000000
-0.183612 -0.029651 2.835243 0.000000
-0.395458 0.043967 2.743915 1.000000
0.149154 0.289925 2.587939 1.000000
-0.398372 -0.238956 2.706810 1.000000
0.096817 0.563069 2.524035 1.000000
-0.380761 -0.289417 2.708089 0.576923
0.090369 0.613366 2.507100 0.240385
-0.285498 -0.527064 2.802021 1.000000
-0.058178 -0.528712 2.781207 1.000000
-0.328689 -0.911942 2.838413 1.000000
-0.062643 -0.912321 2.845591 1.000000
-0.314457 -0.923780 2.730109 0.000000
-0.046979 -0.930499 2.738369 0.000000
-0.188659 0.583642 2.697751 1.000000
-0.335869 0.307231 2.768117 1.000000
-0.049208 0.311568 2.759132 1.000000
-0.195516 0.348798 2.653090 0.000000
-0.186595 0.167673 2.850286 0.000000
-0.335997 -0.046557 2.712207 0.990385
-0.000432 -0.047904 2.722093 1.000000
-0.171376 -0.035366 2.826080 0.000000
-0.402392 0.043669 2.750030 1.000000
0.155015 0.345843 2.582113 1.000000
-0.397499 -0.234445 2.701513 1.000000
0.066083 0.613383 2.597557 1.000000
-0.388437 -0.286416 2.692851 0.442308
0.051140 0.639371 2.641823 0.324519
-0.290673 -0.531789 2.805425 1.000000
-0.058997 -0.538327 2.778765 1.000000
-0.326278 -0.917576 2.840379 1.000000
-0.059695 -0.922191 2.841766 1.000000
-0.322182 -0.927858 2.731063 0.000000
-0.054673 -0.939976 2.733456 0.000000
-0.186691 0.575194 2.701133 1.000000
-0.340034 0.300697 2.774111 1.000000
-0.056439 0.311371 2.743224 1.000000
-0.209920 0.344387 2.648334 0.000000
-0.181699 0.165287 2.845562 0.000000
-0.336547 -0.047103 2.742663 0.682692
-0.004206 -0.057772 2.696415 1.000000
-0.154987 -0.040801 2.827448 0.000000
-0.404140 0.038370 2.754387 1.000000
0.152503 0.362203 2.578684 1.000000
-0.400386 -0.238482 2.708636 1.000000
0.038027 0.606973 2.654430 1.000000
-0.393513 -0.289042 2.692680 0.425481
0.031898 0.648078 2.688059 0.240385
-0.292488 -0.537604 2.804399 1.000000
-0.058943 -0.544049 2.778757 1.000000
-0.332644 -0.922603 2.842924 1.000000
-0.058246 -0.927612 2.843568 1.000000
-0.347646 -0.931891 2.734475 0.000000
-0.072208 -0.945794 2.736111 0.000000
-0.185083 0.575376 2.710011 1.000000
-0.335325 0.304911 2.794687 1.000000
-0.057962 0.322570 2.725780 1.000000
-0.224336 0.354453 2.653672 0.000000
-0.166290 0.171307 2.840380 0.000000
-0.327554 -0.037416 2.759464 0.105769
-0.002364 -0.053708 2.677680 1.000000
-0.137870 -0.035837 2.824346 0.000000
-0.395552 0.043839 2.776223 1.000000
0.141683 0.371503 2.552938 1.000000
-0.395870 -0.229460 2.723431 1.000000
0.002364 0.575130 2.681801 1.000000
-0.380925 -0.280469 2.717707 0.913462
-0.002602 0.615427 2.716580 0.072115
-0.288858 -0.528992 2.811872 1.000000
-0.062729 -0.538903 2.771789 1.000000
-0.333399 -0.914504 2.838666 1.000000
-0.065203 -0.922370 2.837120 1.000000
-0.359776 -0.918863 2.732093 0.000000
-0.091427 -0.940125 2.731908 0.000000
-0.184852 0.578199 2.691895 1.000000
-0.324014 0.309730 2.787383 1.000000
-0.049125 0.336372 2.706648 1.000000
-0.220635 0.361323 2.641407 0.000000
-0.148619 0.182752 2.827681 0.000000
-0.322045 -0.028928 2.762225 0.221154
-0.000791 -0.052231 2.667587 1.000000
-0.129897 -0.030415 2.819403 0.000000
-0.397361 0.055632 2.793245 1.000000
0.125314 0.370514 2.510726 1.000000
-0.397105 -0.214741 2.747734 1.000000
-0.007777 0.565474 2.650191 1.000000
-0.385929 -0.261936 2.725243 0.475962
-0.032988 0.604559 2.676552 0.000000
-0.285591 -0.520932 2.820460 1.000000
-0.061862 -0.533916 2.775244 1.000000
-0.329399 -0.907126 2.836473 1.000000
-0.064121 -0.918173 2.835765 1.000000
-0.359958 -0.908036 2.730938 0.000000
-0.095450 -0.934378 2.731706 0.000000
-0.185081 0.588761 2.681661 1.000000
-0.321794 0.311777 2.777049 1.000000
-0.051163 0.316124 2.682361 0.730769
-0.223682 0.338396 2.621089 0.000000
-0.148969 0.184935 2.827583 0.000000
-0.322402 -0.036255 2.777706 0.000000
-0.005221 -0.060610 2.670439 1.000000
-0.128117 -0.037558 2.827147 0.000000
-0.386315 0.065897 2.804281 1.000000
0.060206 0.329699 2.452635 1.000000
-0.389779 -0.197490 2.775510 1.000000
0.018747 0.591411 2.452428 1.000000
-0.382453 -0.241004 2.745328 0.442308
0.044466 0.628623 2.480921 0.442308
-0.280284 -0.529593 2.831214 1.000000
-0.058743 -0.540631 2.786561 1.000000
-0.329887 -0.915366 2.837480 1.000000
-0.066048 -0.926163 2.837871 1.000000
-0.364091 -0.912663 2.733099 0.000000
-0.101483 -0.939224 2.734689 0.000000
-0.182263 0.582123 2.675163 1.000000
-0.316194 0.327373 2.781559 1.000000
-0.049397 0.318068 2.675171 0.384615
-0.224281 0.342691 2.620390 0.000000
-0.145186 0.197829 2.831412 0.000000
-0.320450 -0.025464 2.789291 0.009615
-0.009015 -0.056685 2.667896 1.000000
-0.124131 -0.029356 2.829741 0.000000
-0.373457 0.077908 2.812968 1.000000
-0.004241 0.308681 2.421457 0.523077
-0.390089 -0.187366 2.784933 1.000000
0.048004 0.454435 2.203605 1.000000
-0.391611 -0.240461 2.778870 0.492788
0.045051 0.486668 2.161056 0.812500
-0.276540 -0.522937 2.827701 1.000000
-0.055674 -0.533081 2.793389 1.000000
-0.328404 -0.908342 2.837431 1.000000
-0.064319 -0.918963 2.841774 1.000000
-0.367591 -0.905659 2.734817 0.000000
-0.104796 -0.930778 2.740312 0.000000
-0.187113 0.588724 2.661411 1.000000
-0.305982 0.319657 2.777295 1.000000
-0.040070 0.327204 2.664359 0.903846
-0.218872 0.339295 2.613942 0.000000
-0.125541 0.202531 2.824553 0.000000
-0.315973 -0.024733 2.794591 0.019231
-0.005344 -0.055161 2.670949 1.000000
-0.119221 -0.024521 2.833078 0.000000
-0.372974 0.070627 2.824751 1.000000
-0.007519 0.252640 2.415087 0.323077
-0.376497 -0.198423 2.786567 1.000000
0.009581 0.115726 2.180949 0.326923
-0.382835 -0.251216 2.792113 0.391827
0.010991 0.081713 2.139727 1.000000
-0.276404 -0.520857 2.834168 1.000000
-0.052497 -0.532311 2.795529 1.000000
-0.327843 -0.906425 2.837645 1.000000
-0.064046 -0.918128 2.843826 1.000000
-0.367665 -0.902035 2.735334 0.000000
-0.104973 -0.929587 2.742504 0.000000
-0.187947 0.589920 2.657579 1.000000
-0.303503 0.304502 2.783671 1.000000
-0.049978 0.322512 2.646116 1.000000
-0.233086 0.327333 2.612854 0.000000
-0.114852 0.194790 2.813416 0.000000
-0.313421 -0.037324 2.810845 0.000000
-0.014688 -0.060724 2.659470 0.663462
-0.114106 -0.028525 2.830559 0.000000
-0.371173 0.058495 2.859240 0.923077
-0.017190 0.092336 2.516680 1.000000
-0.370159 -0.213455 2.813344 1.000000
-0.024988 -0.134019 2.359305 1.000000
-0.370955 -0.266838 2.816126 0.492788
-0.043663 -0.170754 2.325248 0.745192
-0.274482 -0.528125 2.858494 1.000000
-0.060808 -0.540833 2.789344 1.000000
-0.325285 -0.913432 2.841814 1.000000
-0.065016 -0.925928 2.844159 1.000000
-0.373857 -0.902786 2.743835 0.000000
-0.114780 -0.939200 2.747103 0.000000
-0.183268 0.580248 2.645352 1.000000
-0.310082 0.302626 2.758494 1.000000
-0.042915 0.326203 2.650850 1.000000
-0.220891 0.322847 2.596339 0.000000
-0.122515 0.201329 2.813887 0.000000
-0.314735 -0.038975 2.789059 0.000000
0.000517 -0.059242 2.675444 0.557692
-0.119500 -0.024258 2.832175 0.000000
-0.371486 0.059411 2.855299 0.815385
-0.027503 0.078364 2.547730 1.000000
-0.370477 -0.217535 2.824302 1.000000
-0.047565 -0.155967 2.398241 1.000000
-0.361736 -0.266519 2.804750 0.173077
-0.063470 -0.200061 2.372534 0.745192
-0.276004 -0.524800 2.864524 1.000000
-0.066605 -0.542320 2.783318 1.000000
-0.322875 -0.910193 2.840104 1.000000
-0.065122 -0.926539 2.844104 1.000000
-0.359026 -0.899258 2.736924 0.000000
-0.102384 -0.942831 2.742033 0.000000
-0.177152 0.578406 2.626218 1.000000
-0.301888 0.318379 2.756608 1.000000
-0.030638 0.334008 2.658119 1.000000
-0.206731 0.338688 2.597892 0.000000
-0.120193 0.208760 2.815611 0.000000
-0.317346 -0.028953 2.781107 0.000000
0.000507 -0.053480 2.675888 0.548077
-0.123143 -0.016653 2.829338 0.000000
-0.370072 0.073290 2.850376 0.861538
-0.022725 0.082033 2.558338 1.000000
-0.377458 -0.207349 2.837999 1.000000
-0.050168 -0.144807 2.394764 1.000000
-0.386315 -0.258723 2.849848 0.156250
-0.065557 -0.183373 2.361090 0.711538
-0.278793 -0.515878 2.860601 1.000000
-0.067825 -0.535207 2.781945 1.000000
-0.325689 -0.901575 2.841644 1.000000
-0.064581 -0.918359 2.849068 1.000000
-0.359192 -0.892378 2.737406 0.000000
-0.099099 -0.936642 2.746371 0.000000
-0.167631 0.588403 2.628229 1.000000
-0.293009 0.325098 2.796001 1.000000
-0.028802 0.347612 2.681071 1.000000
-0.208229 0.368522 2.636049 0.024038
-0.113038 0.200824 2.822027 0.000000
-0.309912 -0.012565 2.780742 0.000000
-0.002728 -0.049798 2.650531 0.894231
-0.112251 -0.012454 2.814246 0.000000
-0.371775 0.064423 2.819603 1.000000
0.006549 0.103540 2.563208 1.000000
-0.390284 -0.218253 2.816613 1.000000
-0.040534 -0.079125 2.351846 0.884615
-0.397495 -0.269665 2.829378 0.206731
-0.053473 -0.111877 2.311622 0.947115
-0.287908 -0.504546 2.839428 1.000000
-0.070269 -0.527068 2.773523 1.000000
-0.326632 -0.891611 2.840932 1.000000
-0.064705 -0.909900 2.842297 1.000000
-0.370141 -0.887650 2.740116 0.000000
-0.108562 -0.928330 2.743255 0.000000
-0.155609 0.590276 2.639329 1.000000
-0.302827 0.332360 2.774886 1.000000
-0.026123 0.352822 2.694036 1.000000
-0.198344 0.371858 2.625952 0.000000
-0.127604 0.209498 2.826966 0.000000
-0.324555 -0.010221 2.759248 0.009615
-0.002259 -0.036330 2.668991 1.000000
-0.132938 -0.006569 2.818087 0.000000
-0.379277 0.071578 2.808714 1.000000
0.020132 0.112696 2.570762 1.000000
-0.398747 -0.211519 2.802466 1.000000
-0.016682 -0.036234 2.331960 0.750000
-0.386316 -0.262262 2.791123 0.257212
-0.031239 -0.058921 2.285792 0.475962
-0.288511 -0.502085 2.822392 1.000000
-0.072649 -0.518285 2.771448 1.000000
-0.329827 -0.888524 2.839098 1.000000
-0.066404 -0.902561 2.831565 1.000000
-0.359274 -0.889951 2.733252 0.000000
-0.096649 -0.919367 2.727281 0.000000
-0.160628 0.601424 2.647388 1.000000
-0.303080 0.326262 2.784779 1.000000
-0.022686 0.353508 2.720301 1.000000
-0.191294 0.380186 2.646020 0.000000
-0.130643 0.197907 2.832748 0.000000
-0.328984 -0.015689 2.752619 0.432692
-0.002612 -0.034732 2.676319 0.788462
-0.140315 -0.012701 2.820350 0.000000
-0.381803 0.063618 2.795277 1.000000
0.040410 0.121971 2.587262 1.000000
-0.407198 -0.219437 2.784707 1.000000
0.019205 -0.018146 2.340698 0.519231
-0.395348 -0.270290 2.773233 0.257212
0.002274 -0.037119 2.293672 0.509615
-0.291955 -0.506553 2.814364 1.000000
-0.072791 -0.519950 2.767299 1.000000
-0.330722 -0.892990 2.836372 1.000000
-0.069241 -0.903049 2.834707 1.000000
-0.355506 -0.896596 2.729389 0.000000
-0.094150 -0.921817 2.729351 0.000000
-0.157339 0.592630 2.653126 1.000000
-0.313354 0.319529 2.774177 1.000000
-0.028663 0.349725 2.734676 1.000000
-0.190394 0.375917 2.646273 0.000000
-0.144615 0.192001 2.835617 0.000000
-0.329198 -0.015250 2.735661 0.278846
0.002304 -0.037867 2.687720 1.000000
-0.147170 -0.016854 2.819661 0.000000
-0.389074 0.054201 2.776378 1.000000
0.056413 0.112688 2.621927 1.000000
-0.404271 -0.228367 2.735006 1.000000
0.064387 -0.045389 2.383734 0.653846
-0.417957 -0.274260 2.758768 0.173077
0.063484 -0.078492 2.341764 0.745192
-0.289588 -0.507980 2.803372 1.000000
-0.072421 -0.522284 2.768854 1.000000
-0.328361 -0.893366 2.839359 1.000000
-0.063140 -0.906179 2.830985 1.000000
-0.344312 -0.901882 2.730982 0.000000
-0.079345 -0.923922 2.723770 0.000000
-0.159991 0.592055 2.667125 1.000000
-0.315518 0.320190 2.772475 1.000000
-0.029910 0.345057 2.735996 1.000000
-0.190160 0.373800 2.645709 0.000000
-0.149806 0.189889 2.836287 0.000000
-0.329610 -0.024429 2.734369 0.509615
0.002933 -0.038430 2.690523 1.000000
-0.148691 -0.022623 2.820726 0.000000
-0.390770 0.053870 2.765351 1.000000
0.063083 0.094854 2.662572 1.000000
-0.406281 -0.228690 2.717947 1.000000
0.100783 -0.087329 2.444133 1.000000
-0.392592 -0.280272 2.714785 0.610577
0.108824 -0.124335 2.406396 0.610577
-0.288549 -0.514142 2.805709 1.000000
-0.071979 -0.525263 2.772546 1.000000
-0.330403 -0.899381 2.839769 1.000000
-0.068053 -0.908435 2.839514 1.000000
-0.344367 -0.907473 2.731086 0.000000
-0.082433 -0.927332 2.732235 0.000000
-0.175242 0.592322 2.672068 1.000000
-0.316580 0.313576 2.750060 1.000000
-0.029141 0.341993 2.740435 1.000000
-0.180178 0.364072 2.633858 0.000000
-0.156130 0.189034 2.835241 0.000000
-0.330734 -0.028820 2.714955 0.923077
0.004528 -0.042562 2.704297 1.000000
-0.159186 -0.024665 2.818620 0.000000
-0.396775 0.048056 2.760852 1.000000
0.067007 0.088314 2.681686 1.000000
-0.407946 -0.233205 2.701401 1.000000
0.120405 -0.089226 2.461697 1.000000
-0.392174 -0.284198 2.698384 0.509615
0.135855 -0.115339 2.417680 0.627404
-0.291711 -0.516302 2.806073 1.000000
-0.071601 -0.529574 2.775246 1.000000
-0.329041 -0.902165 2.838289 1.000000
-0.063782 -0.912627 2.842550 1.000000
-0.332187 -0.911000 2.728815 0.000000
-0.067304 -0.931701 2.734401 0.000000
-0.175891 0.592832 2.679015 1.000000
-0.322709 0.320002 2.746680 1.000000
-0.035842 0.352856 2.758885 1.000000
-0.178758 0.373307 2.641348 0.000000
-0.167192 0.197381 2.843061 0.000000
-0.326515 -0.022926 2.710974 0.980769
0.008706 -0.033788 2.725543 1.000000
-0.163364 -0.019566 2.827435 0.000000
-0.393057 0.054208 2.732945 1.000000
0.080614 0.115175 2.683194 1.000000
-0.409926 -0.228009 2.694518 1.000000
0.143811 0.081365 2.407023 0.692308
-0.396524 -0.279735 2.696209 0.324519
0.160594 0.092848 2.357580 0.240385
-0.291585 -0.510576 2.800762 1.000000
-0.068845 -0.523362 2.775659 1.000000
-0.326471 -0.895874 2.841377 1.000000
-0.065855 -0.906328 2.843843 1.000000
-0.321728 -0.907806 2.732255 0.000000
-0.060553 -0.925525 2.735788 0.000000
-0.177506 0.597294 2.672812 1.000000
-0.324177 0.320300 2.743699 1.000000
-0.037934 0.351812 2.768049 1.000000
-0.175976 0.375302 2.645366 0.000000
-0.172994 0.195069 2.843555 0.000000
-0.337878 -0.032981 2.704995 1.000000
-0.003334 -0.031169 2.732929 1.000000
-0.179742 -0.021799 2.827717 0.000000
-0.396147 0.056782 2.726601 1.000000
0.078304 0.130641 2.656308 1.000000
-0.414730 -0.223394 2.686238 1.000000
0.137215 0.303853 2.439513 1.000000
-0.400368 -0.274406 2.693282 0.341346
0.136945 0.352453 2.417240 0.526442
-0.293007 -0.517507 2.801836 1.000000
-0.068170 -0.523728 2.779292 1.000000
-0.325412 -0.903612 2.836391 1.000000
-0.066638 -0.907682 2.841726 1.000000
-0.315360 -0.914202 2.727491 0.000000
-0.056116 -0.925195 2.733767 0.000000
-0.175643 0.591516 2.662454 1.000000
-0.327259 0.312737 2.742818 1.000000
-0.039951 0.337864 2.761364 1.000000
-0.179842 0.364018 2.641345 0.000000
-0.176976 0.184488 2.840172 0.000000
-0.342510 -0.040021 2.707125 1.000000
-0.007477 -0.039885 2.728477 1.000000
-0.181924 -0.027335 2.826472 0.000000
-0.402148 0.051197 2.727425 1.000000
0.119244 0.181884 2.604598 1.000000
-0.410452 -0.228158 2.686800 1.000000
0.102215 0.453803 2.530242 1.000000
-0.410458 -0.279265 2.702492 0.375000
0.098075 0.504969 2.545176 0.728365
-0.297139 -0.525103 2.802508 1.000000
-0.071881 -0.531179 2.782272 1.000000
-0.320375 -0.911437 2.841588 1.000000
-0.064574 -0.914721 2.846796 1.000000
-0.313038 -0.922907 2.732559 0.000000
-0.056472 -0.932750 2.738714 0.000000
-0.174525 0.585720 2.672016 1.000000
-0.329779 0.321169 2.758960 1.000000
-0.041430 0.316611 2.740110 1.000000
-0.192265 0.356536 2.638556 0.000000
-0.182007 0.178525 2.838503 0.000000
-0.345005 -0.038556 2.731909 0.576923
-0.010739 -0.049695 2.702831 1.000000
-0.168016 -0.031416 2.825804 0.000000
-0.399979 0.064121 2.733998 1.000000
0.132898 0.265987 2.543459 1.000000
-0.405053 -0.211044 2.699372 1.000000
0.058159 0.514716 2.640869 1.000000
-0.399769 -0.262204 2.684783 0.644231
0.049607 0.550858 2.679322 0.105769
-0.297154 -0.528122 2.808279 1.000000
-0.071785 -0.536233 2.780585 1.000000
-0.332739 -0.914025 2.841949 1.000000
-0.062862 -0.919491 2.846576 1.000000
-0.341955 -0.922698 2.732805 0.000000
-0.071806 -0.938276 2.738689 0.000000
-0.177278 0.582016 2.676957 1.000000
-0.331551 0.315635 2.765902 1.000000
-0.045501 0.321943 2.725203 1.000000
-0.205101 0.352027 2.634204 0.000000
-0.172263 0.182051 2.838660 0.000000
-0.344901 -0.034443 2.746070 0.701923
-0.012613 -0.052722 2.701868 1.000000
-0.163755 -0.031943 2.831932 0.000000
-0.408056 0.061441 2.754197 1.000000
0.112926 0.253880 2.523032 1.000000
-0.406854 -0.209976 2.707549 1.000000
0.034276 0.504726 2.605098 1.000000
-0.400072 -0.262401 2.699566 0.913462
0.019762 0.553976 2.619992 0.000000
-0.294137 -0.528024 2.809267 1.000000
-0.071236 -0.537129 2.781966 1.000000
-0.335500 -0.913569 2.840333 1.000000
-0.064088 -0.921055 2.844183 1.000000
-0.349881 -0.920784 2.731642 0.000000
-0.078172 -0.938742 2.736660 0.000000
-0.182547 0.585023 2.682373 1.000000
-0.337203 0.318023 2.775126 1.000000
-0.052441 0.321507 2.725942 0.942308
-0.214379 0.352936 2.639651 0.000000
-0.177105 0.183065 2.843431 0.000000
-0.346162 -0.034611 2.748526 0.173077
-0.014871 -0.049277 2.696237 1.000000
-0.162985 -0.028930 2.829806 0.000000
-0.406365 0.063101 2.764364 1.000000
0.075009 0.249996 2.505653 1.000000
-0.401290 -0.205853 2.712316 1.000000
0.043984 0.517011 2.452630 1.000000
-0.395624 -0.257992 2.701951 1.000000
0.062890 0.567017 2.452307 0.627404
-0.293135 -0.527484 2.807837 1.000000
-0.069916 -0.533279 2.787793 1.000000
-0.334744 -0.913016 2.838731 1.000000
-0.066727 -0.917329 2.849570 1.000000
-0.351629 -0.919877 2.730378 0.000000
-0.083401 -0.934712 2.742368 0.000000
-0.189370 0.584044 2.680637 1.000000
-0.335211 0.308684 2.783684 1.000000
-0.055537 0.308946 2.710861 0.000000
-0.224290 0.333906 2.636312 0.000000
-0.169046 0.179169 2.847917 0.000000
-0.340204 -0.041042 2.762458 0.192308
-0.011951 -0.054285 2.693335 1.000000
-0.153161 -0.035616 2.834416 0.000000
-0.405888 0.050050 2.776089 1.000000
0.016524 0.270327 2.455401 0.046154
-0.398093 -0.222681 2.722795 1.000000
0.051567 0.238464 2.181466 0.076923
-0.383260 -0.273603 2.716084 1.000000
0.048437 0.209806 2.136443 1.000000
-0.290779 -0.534516 2.806411 1.000000
-0.066299 -0.537611 2.797450 1.000000
-0.332068 -0.920293 2.834559 1.000000
-0.065513 -0.923589 2.845838 1.000000
-0.354531 -0.925727 2.727142 0.000000
-0.088181 -0.937008 2.739168 0.000000
-0.192206 0.576941 2.695140 1.000000
-0.340444 0.324655 2.813171 1.000000
-0.066268 0.327913 2.721859 0.875000
-0.238837 0.364463 2.662342 0.000000
-0.173936 0.185486 2.850828 0.000000
-0.339598 -0.036008 2.782257 0.144231
-0.021164 -0.046168 2.676429 1.000000
-0.145673 -0.028902 2.832608 0.000000
-0.405106 0.065538 2.790023 1.000000
0.018392 0.206643 2.498287 0.800000
-0.398490 -0.207339 2.738200 1.000000
0.040738 0.035995 2.280178 1.000000
-0.405963 -0.259868 2.744757 0.711538
0.038946 -0.005845 2.246946 0.913462
-0.289713 -0.529413 2.808418 1.000000
-0.067385 -0.529899 2.792160 1.000000
-0.333216 -0.914888 2.837359 1.000000
-0.066403 -0.915322 2.844781 1.000000
-0.367717 -0.918821 2.733115 0.000000
-0.100693 -0.929528 2.741365 0.000000
-0.189398 0.586815 2.687048 1.000000
-0.329622 0.320604 2.807652 1.000000
-0.056097 0.352284 2.719893 1.000000
-0.230754 0.374935 2.659560 0.000000
-0.151340 0.196057 2.842502 0.000000
-0.342153 -0.023564 2.776253 0.067308
-0.022977 -0.039382 2.673396 0.750000
-0.148597 -0.018574 2.828248 0.000000
-0.403237 0.060424 2.803134 1.000000
0.008150 0.129525 2.580668 1.000000
-0.404743 -0.214333 2.747759 1.000000
0.023414 -0.082891 2.398441 1.000000
-0.395965 -0.265537 2.735141 0.795673
0.018899 -0.126513 2.367865 0.879808
-0.292196 -0.517632 2.812896 1.000000
-0.072895 -0.522917 2.781011 1.000000
-0.332581 -0.903668 2.838701 1.000000
-0.066284 -0.906821 2.843422 1.000000
-0.366050 -0.907159 2.734106 0.000000
-0.099758 -0.924175 2.740219 0.000000
-0.196397 0.596439 2.681658 1.000000
-0.320276 0.320600 2.809147 1.000000
-0.050387 0.347784 2.709438 1.000000
-0.227102 0.374087 2.657109 0.033654
-0.143000 0.192527 2.835251 0.000000
-0.341969 -0.026277 2.776428 0.000000
-0.027434 -0.034433 2.659362 0.586538
-0.146408 -0.019287 2.820011 0.000000
-0.397958 0.058716 2.803547 1.000000
0.012896 0.085284 2.667750 1.000000
-0.407360 -0.222801 2.774418 1.000000
0.004546 -0.193084 2.616465 1.000000
-0.411691 -0.273563 2.790620 0.324519
0.002002 -0.245977 2.609123 0.677885
-0.289209 -0.516164 2.823964 1.000000
-0.077928 -0.520398 2.772117 1.000000
-0.333562 -0.902205 2.842021 1.000000
-0.068863 -0.904703 2.831687 1.000000
-0.370732 -0.902771 2.738626 0.000000
-0.106858 -0.921369 2.729946 0.000000
-0.194689 0.594428 2.678095 1.000000
-0.319691 0.320257 2.802593 1.000000
-0.048530 0.358054 2.710053 1.000000
-0.224700 0.378349 2.653395 0.000000
-0.138575 0.198500 2.832304 0.000000
-0.342511 -0.021075 2.775952 0.000000
-0.025222 -0.031643 2.666779 0.701923
-0.148064 -0.019222 2.824728 0.000000
-0.397350 0.057978 2.802342 1.000000
0.032302 0.096735 2.710059 1.000000
-0.408179 -0.224787 2.785011 1.000000
0.033366 -0.186363 2.725157 1.000000
-0.406550 -0.278209 2.786225 0.375000
0.036847 -0.238642 2.714529 0.223558
-0.292702 -0.512029 2.822382 1.000000
-0.073951 -0.517676 2.769266 1.000000
-0.333346 -0.898407 2.841914 1.000000
-0.067774 -0.901344 2.833157 1.000000
-0.368223 -0.900004 2.737734 0.000000
-0.102865 -0.918997 2.730544 0.000000
-0.193071 0.591944 2.657278 1.000000
-0.312116 0.327198 2.795341 1.000000
-0.035952 0.350134 2.713316 1.000000
-0.208466 0.379633 2.649858 0.000000
-0.139062 0.196029 2.832189 0.000000
-0.340791 -0.023877 2.769419 0.000000
-0.019364 -0.032035 2.672873 0.692308
-0.148452 -0.022061 2.825940 0.000000
-0.390060 0.063618 2.799844 1.000000
0.037787 0.086915 2.742446 1.000000
-0.404088 -0.220531 2.784320 1.000000
0.043882 -0.197934 2.743906 1.000000
-0.423252 -0.268844 2.796836 0.173077
0.036163 -0.250769 2.741266 0.475962
-0.293973 -0.513730 2.818748 1.000000
-0.068653 -0.518100 2.775051 1.000000
-0.333644 -0.900087 2.840546 1.000000
-0.061783 -0.902570 2.833844 1.000000
-0.364392 -0.902879 2.735098 0.000000
-0.092928 -0.919041 2.729771 0.000000
-0.184468 0.589042 2.650479 1.000000
