-0.328981 0.239507 2.866496 0.000000
-0.003751 0.246229 2.655016 1.000000
-0.228905 0.311157 2.666749 0.817308
-0.091625 0.094169 2.870971 0.000000
-0.296954 -0.150799 2.748475 0.000000
-0.057365 -0.120281 2.596735 0.644231
-0.066557 -0.176468 2.839009 0.000000
-0.383195 0.065358 2.682373 0.523077
0.074791 0.012294 2.734222 1.000000
-0.401423 -0.180665 2.544294 1.000000
0.038161 -0.265619 2.697512 1.000000
-0.362139 -0.237344 2.515538 0.274038
0.036139 -0.337205 2.676204 0.459135
-0.028269 -0.621330 2.695232 1.000000
-0.344884 -0.588201 2.616952 1.000000
-0.083436 -1.019489 2.806204 1.000000
-0.338902 -1.004617 2.595711 1.000000
-0.012445 -1.072806 2.650199 0.000000
-0.517620 -1.006336 2.579071 0.000000
-0.112945 0.469299 2.520677 1.000000
-0.307587 0.238167 2.869889 0.000000
0.024024 0.251951 2.668921 1.000000
-0.202847 0.311609 2.673208 0.884615
-0.067166 0.098451 2.882469 0.000000
-0.295614 -0.151521 2.761708 0.000000
-0.051939 -0.118366 2.617200 0.644231
-0.067763 -0.174918 2.859046 0.000000
-0.345919 0.049560 2.691006 0.492308
0.086266 0.010076 2.750549 1.000000
-0.363879 -0.204735 2.559989 1.000000
0.047106 -0.272269 2.720514 1.000000
-0.375591 -0.260951 2.512185 0.189904
0.040224 -0.345067 2.705163 0.711538
-0.029212 -0.623642 2.716601 1.000000
-0.336783 -0.588622 2.638962 1.000000
-0.079604 -1.027615 2.806909 1.000000
-0.334253 -1.005541 2.631108 1.000000
-0.024789 -1.071389 2.641683 0.000000
-0.513009 -1.006318 2.614797 0.000000
-0.087787 0.467348 2.540403 1.000000
-0.276661 0.245264 2.861762 0.000000
0.081045 0.231745 2.712071 1.000000
-0.137623 0.312396 2.685101 1.000000
-0.054379 0.083316 2.904711 0.000000
-0.271216 -0.140174 2.780683 0.000000
-0.011211 -0.142608 2.663421 0.182692
-0.060261 -0.190949 2.902576 0.000000
-0.315087 0.043836 2.690717 0.892308
0.103689 -0.023113 2.788495 1.000000
-0.301454 -0.237768 2.617489 1.000000
0.053068 -0.305399 2.737491 1.000000
-0.290720 -0.308955 2.597495 1.000000
0.042293 -0.378444 2.748935 0.576923
-0.028012 -0.629690 2.728050 1.000000
-0.325142 -0.595754 2.673636 1.000000
-0.081489 -1.035345 2.808508 1.000000
-0.326901 -1.012347 2.691956 1.000000
0.034652 -1.076542 2.677993 0.000000
-0.502072 -1.013330 2.652785 0.000000
-0.073086 0.493686 2.561738 1.000000
-0.311607 0.240390 2.707066 1.000000
0.059674 0.201070 2.812652 1.000000
-0.087869 0.277783 2.647141 0.024038
-0.179269 0.085924 2.897085 0.000000
-0.289718 -0.138850 2.725473 0.000000
-0.012720 -0.156524 2.791192 0.000000
-0.199503 -0.174231 2.954706 0.000000
-0.327866 -0.015892 2.626780 1.000000
0.097206 -0.063730 2.783268 1.000000
-0.287302 -0.305464 2.601432 1.000000
0.032217 -0.340941 2.712063 1.000000
-0.292137 -0.374734 2.629016 1.000000
-0.006679 -0.398764 2.685114 1.000000
-0.027326 -0.624528 2.738457 1.000000
-0.318328 -0.602335 2.676017 1.000000
-0.082790 -1.031661 2.809559 1.000000
-0.305912 -1.008485 2.769703 1.000000
0.083199 -1.064717 2.749765 0.000000
-0.441357 -1.038876 2.655900 0.000000
-0.114134 0.528102 2.616176 0.644231
-0.280619 0.262219 2.693452 1.000000
0.047955 0.218962 2.895223 0.317308
-0.047515 0.288856 2.692620 1.000000
-0.209807 0.116863 2.920032 0.000000
-0.253446 -0.145645 2.677143 0.000000
-0.018648 -0.169363 2.837352 0.000000
-0.251755 -0.173807 2.924412 0.000000
-0.343230 0.002150 2.674368 1.000000
0.094155 -0.029873 2.806529 0.938462
-0.287971 -0.278276 2.612020 1.000000
0.059280 -0.314773 2.749998 1.000000
-0.303292 -0.341578 2.648636 0.526442
0.027068 -0.378409 2.727738 0.341346
-0.014920 -0.634101 2.762352 1.000000
-0.294411 -0.630623 2.711260 1.000000
-0.084298 -1.043016 2.805530 1.000000
-0.277553 -1.027013 2.839633 1.000000
0.091654 -1.074586 2.789262 0.000000
-0.381011 -1.076171 2.701430 0.000000
-0.079416 0.528022 2.608793 0.798077
-0.290007 0.259515 2.695400 1.000000
0.025030 0.258701 2.921884 0.000000
-0.062504 0.314573 2.711494 1.000000
-0.219512 0.125935 2.929211 0.000000
-0.243714 -0.131770 2.665168 0.134615
-0.013689 -0.148317 2.833019 0.000000
-0.249298 -0.154014 2.912982 0.000000
-0.345232 -0.002938 2.681210 1.000000
0.084420 0.018891 2.816543 0.676923
-0.285407 -0.283613 2.622259 1.000000
0.073535 -0.271192 2.776971 1.000000
-0.303009 -0.341463 2.666148 0.391827
0.065702 -0.335128 2.739110 0.442308
-0.016661 -0.622625 2.764689 1.000000
-0.280487 -0.619290 2.728652 1.000000
-0.079743 -1.032006 2.812825 1.000000
-0.268727 -1.019881 2.843880 1.000000
0.096174 -1.061479 2.792700 0.000000
-0.360071 -1.065067 2.696115 0.000000
-0.080463 0.526704 2.616412 0.706731
-0.299207 0.263332 2.701468 1.000000
0.014375 0.258453 2.929911 0.000000
-0.072137 0.319243 2.720464 1.000000
-0.229430 0.124161 2.932214 0.000000
-0.244427 -0.125783 2.662432 0.307692
-0.020258 -0.138629 2.838337 0.000000
-0.258441 -0.147255 2.909982 0.000000
-0.350493 0.000580 2.693465 1.000000
0.084263 0.027978 2.812738 0.661539
-0.287928 -0.276855 2.626592 1.000000
0.078318 -0.263555 2.794565 1.000000
-0.306534 -0.334488 2.670352 0.459135
0.072831 -0.327338 2.756039 0.240385
-0.020571 -0.616771 2.765984 1.000000
-0.277979 -0.612927 2.726195 1.000000
-0.079393 -1.026295 2.818129 1.000000
-0.268316 -1.011563 2.848201 1.000000
0.096499 -1.054387 2.795921 0.000000
-0.354428 -1.059560 2.698197 0.000000
-0.075700 0.518779 2.612103 0.875000
-0.313983 0.249301 2.734679 1.000000
0.070101 0.218782 2.780424 1.000000
-0.104115 0.269947 2.631834 0.000000
-0.150230 0.126151 2.923094 0.000000
-0.262046 -0.135652 2.769136 0.000000
0.019940 -0.159388 2.804912 0.000000
-0.147436 -0.156418 2.989071 0.000000
-0.335922 -0.015360 2.695966 1.000000
0.110743 -0.045382 2.804730 1.000000
-0.273550 -0.294235 2.632383 1.000000
0.052442 -0.328267 2.756967 1.000000
-0.278631 -0.354672 2.676020 1.000000
0.024342 -0.387576 2.721253 0.812500
-0.021934 -0.630150 2.753136 1.000000
-0.289286 -0.607347 2.724057 1.000000
-0.080654 -1.036953 2.823508 1.000000
-0.270890 -1.009704 2.832033 1.000000
0.066906 -1.074684 2.728519 0.000000
-0.402993 -1.046801 2.716305 0.000000
-0.042030 0.534438 2.635342 0.620192
-0.317149 0.251983 2.739021 1.000000
0.065853 0.214439 2.788458 1.000000
-0.105729 0.272716 2.639424 0.000000
-0.157557 0.120686 2.925495 0.000000
-0.273755 -0.144826 2.761049 0.000000
0.006384 -0.162085 2.811875 0.000000
-0.170609 -0.162714 2.986835 0.000000
-0.341727 -0.012180 2.698385 1.000000
0.096985 -0.051595 2.805602 1.000000
-0.280533 -0.292154 2.638479 1.000000
0.043868 -0.333682 2.747947 1.000000
-0.291401 -0.354000 2.678970 1.000000
0.013892 -0.393703 2.715059 1.000000
-0.020842 -0.632784 2.754034 1.000000
-0.293228 -0.616993 2.728274 1.000000
-0.081316 -1.039870 2.821210 1.000000
-0.272614 -1.020193 2.832650 1.000000
0.071440 -1.076870 2.734510 0.000000
-0.403194 -1.057272 2.715202 0.000000
-0.034998 0.532247 2.643136 0.663462
-0.334716 0.249019 2.751590 1.000000
0.044330 0.220668 2.829468 1.000000
-0.117176 0.292202 2.675044 0.004808
-0.184367 0.099501 2.931925 0.000000
-0.282739 -0.146551 2.760773 0.000000
-0.002275 -0.159924 2.810976 0.000000
-0.178917 -0.164719 2.986226 0.000000
-0.337513 -0.008285 2.676586 1.000000
0.092084 -0.041396 2.799796 1.000000
-0.281328 -0.292562 2.637694 1.000000
0.042007 -0.323883 2.743436 1.000000
-0.292940 -0.351374 2.682293 1.000000
0.016772 -0.388430 2.715518 1.000000
-0.023189 -0.631266 2.753213 1.000000
-0.294250 -0.620573 2.730541 1.000000
-0.080537 -1.039386 2.816759 1.000000
-0.277099 -1.027762 2.818813 1.000000
0.073590 -1.074298 2.731633 0.000000
-0.407536 -1.059110 2.699550 0.000000
-0.021035 0.513891 2.647823 0.769231
-0.330896 0.234738 2.735448 1.000000
0.014643 0.191886 2.906651 1.000000
-0.102071 0.285709 2.726032 0.384615
-0.229740 0.060232 2.927271 0.000000
-0.264540 -0.139835 2.718420 0.000000
-0.016384 -0.158658 2.857790 0.000000
-0.240962 -0.165955 2.964794 0.000000
-0.358926 -0.025356 2.679490 1.000000
0.091364 -0.044403 2.807415 1.000000
-0.269275 -0.298764 2.630810 1.000000
0.052686 -0.330231 2.763084 1.000000
-0.273422 -0.359561 2.674043 1.000000
0.036303 -0.394867 2.729373 0.812500
-0.016434 -0.626908 2.754975 1.000000
-0.284926 -0.622517 2.724474 1.000000
-0.081175 -1.034515 2.814590 1.000000
-0.270039 -1.025593 2.830292 1.000000
0.086092 -1.069150 2.759430 0.000000
-0.374174 -1.066304 2.689869 0.000000
-0.026246 0.477835 2.662683 1.000000
-0.316874 0.239008 2.723670 1.000000
-0.000952 0.208964 2.946906 0.000000
-0.092274 0.300951 2.751339 0.817308
-0.238618 0.065473 2.926751 0.000000
-0.257058 -0.151104 2.679224 0.125000
-0.028851 -0.157054 2.850238 0.028846
-0.264793 -0.178464 2.926469 0.000000
-0.365034 -0.018705 2.683756 1.000000
0.077155 -0.014855 2.828022 0.615385
-0.268944 -0.284963 2.624095 1.000000
0.068200 -0.300980 2.786329 1.000000
-0.258298 -0.355578 2.602121 0.105769
0.051419 -0.362237 2.746976 0.644231
-0.012214 -0.635104 2.766270 1.000000
-0.282444 -0.630539 2.721290 1.000000
-0.088015 -1.042969 2.808567 1.000000
-0.274159 -1.033034 2.830002 1.000000
0.086652 -1.077754 2.786168 0.000000
-0.374699 -1.073733 2.686979 0.000000
-0.040238 0.488619 2.646629 1.000000
-0.336643 0.210097 2.727517 1.000000
-0.054092 0.097242 2.968293 1.000000
-0.120084 0.253819 2.806500 0.000000
-0.282130 -0.025199 2.865883 0.000000
-0.256223 -0.172154 2.655238 0.317308
-0.072128 -0.169478 2.873094 0.000000
-0.317917 -0.202174 2.894467 0.000000
-0.366097 -0.039673 2.650274 1.000000
0.090360 -0.062066 2.816220 0.353846
-0.256162 -0.302857 2.618427 1.000000
0.022749 -0.299422 2.669121 0.538462
-0.254552 -0.372675 2.644988 0.072115
0.037744 -0.355846 2.715748 0.105769
-0.005103 -0.644104 2.773067 1.000000
-0.277858 -0.656496 2.717362 1.000000
-0.088089 -1.051226 2.808478 1.000000
-0.272703 -1.057085 2.833083 1.000000
0.087811 -1.086970 2.809752 0.000000
-0.331844 -1.104822 2.670468 0.000000
-0.067555 0.435941 2.659632 1.000000
-0.324304 0.212023 2.713891 1.000000
-0.049857 0.097710 2.963201 1.000000
-0.105653 0.247331 2.791305 0.014423
-0.284768 -0.016805 2.867369 0.000000
-0.258308 -0.180314 2.646230 1.000000
-0.074698 -0.176032 2.864469 0.000000
-0.319310 -0.217198 2.884676 0.057692
-0.354780 -0.033983 2.628102 1.000000
0.070255 -0.105736 2.846779 0.430769
-0.188426 -0.263012 2.586292 1.000000
0.013340 -0.352311 2.710732 0.653846
-0.131742 -0.296800 2.621332 1.000000
-0.010209 -0.421075 2.693425 0.000000
0.005356 -0.643661 2.778980 1.000000
-0.271629 -0.663415 2.698512 1.000000
-0.090835 -1.048482 2.806477 1.000000
-0.270339 -1.060398 2.826153 1.000000
0.082904 -1.088329 2.827620 0.000000
-0.332930 -1.112078 2.666054 0.000000
-0.063865 0.450518 2.660214 1.000000
-0.312800 0.215229 2.694133 1.000000
-0.063822 0.094555 2.966148 1.000000
-0.098932 0.241794 2.786884 0.067308
-0.296629 -0.010803 2.855778 0.000000
-0.246053 -0.174799 2.638756 0.711538
-0.076473 -0.183007 2.867960 0.230769
-0.323841 -0.209959 2.872531 0.014423
-0.348447 -0.030689 2.611549 1.000000
0.053685 -0.118255 2.864779 0.000000
-0.199733 -0.272947 2.583534 1.000000
0.001680 -0.366655 2.730094 0.000000
-0.140974 -0.297102 2.622859 1.000000
-0.022011 -0.435066 2.711622 0.000000
0.000052 -0.643848 2.783074 1.000000
-0.278680 -0.658583 2.674849 1.000000
-0.089542 -1.050753 2.800110 1.000000
-0.275500 -1.050225 2.818012 1.000000
0.083083 -1.087387 2.832952 0.000000
-0.337829 -1.108463 2.660076 0.000000
-0.064799 0.450586 2.652250 1.000000
-0.289804 0.226163 2.666715 1.000000
-0.106562 0.066424 2.969122 0.288462
-0.090687 0.217752 2.790528 0.000000
-0.334060 0.000157 2.823059 0.000000
-0.194358 -0.151128 2.631417 0.528846
-0.063454 -0.190760 2.881722 0.778846
-0.310012 -0.192388 2.847889 0.009615
-0.333406 -0.018443 2.590837 1.000000
-0.010903 -0.162668 2.881158 0.000000
-0.210206 -0.270149 2.548703 1.000000
-0.074149 -0.401343 2.734251 0.000000
-0.180598 -0.337627 2.536350 0.000000
-0.103335 -0.465700 2.709982 0.000000
-0.010801 -0.646062 2.783145 1.000000
-0.286478 -0.635508 2.646473 1.000000
-0.088434 -1.055269 2.803441 1.000000
-0.279365 -1.027722 2.787917 1.000000
0.080239 -1.084593 2.857382 0.000000
-0.342136 -1.085778 2.630090 0.009615
-0.060476 0.436306 2.653843 1.000000
-0.265720 0.224877 2.623156 1.000000
-0.137660 0.085502 2.961859 0.836538
-0.091783 0.227235 2.780599 0.000000
-0.334779 0.006809 2.781769 0.000000
-0.169625 -0.171377 2.612140 0.711538
-0.083356 -0.205220 2.881902 1.000000
-0.320529 -0.183548 2.809670 0.000000
-0.325193 -0.010843 2.543203 1.000000
-0.026050 -0.146466 2.906128 0.000000
-0.180687 -0.244400 2.493186 1.000000
-0.050015 -0.396637 2.766891 0.000000
-0.142278 -0.307081 2.479827 0.000000
-0.070613 -0.463699 2.741179 0.000000
-0.017584 -0.660904 2.794775 1.000000
-0.301987 -0.645043 2.632080 1.000000
-0.087892 -1.071854 2.802914 1.000000
-0.299301 -1.051010 2.727329 1.000000
0.077890 -1.098963 2.866173 0.000000
-0.340189 -1.091190 2.557229 0.000000
-0.066624 0.454429 2.645844 1.000000
-0.282343 0.228017 2.605661 1.000000
-0.157410 0.096506 2.948649 0.721154
-0.105963 0.226713 2.760374 0.000000
-0.362003 0.022115 2.775188 0.000000
-0.192659 -0.176292 2.606400 0.711538
-0.103347 -0.212396 2.874876 1.000000
-0.341639 -0.208060 2.803210 0.375000
-0.323650 -0.000906 2.501570 1.000000
-0.061613 -0.144490 2.902658 0.000000
-0.175212 -0.235745 2.491587 1.000000
-0.097287 -0.400615 2.777463 0.000000
-0.135954 -0.299230 2.488259 0.000000
-0.120440 -0.468021 2.755035 0.000000
-0.013909 -0.657100 2.795508 1.000000
-0.301615 -0.656951 2.617997 1.000000
-0.090542 -1.066878 2.805427 1.000000
-0.336459 -1.065790 2.692327 1.000000
0.069417 -1.094942 2.881884 0.000000
-0.346869 -1.096985 2.515865 0.000000
-0.062823 0.443429 2.616204 1.000000
-0.267335 0.226468 2.575923 1.000000
-0.181135 0.098740 2.932011 0.519231
-0.108503 0.225763 2.748606 0.000000
-0.366820 0.023750 2.738676 0.000000
-0.199606 -0.188813 2.592010 0.721154
-0.141301 -0.208455 2.870531 1.000000
-0.369721 -0.214143 2.771892 0.956731
-0.326714 -0.000866 2.482826 1.000000
0.057860 -0.002359 2.923224 0.569231
-0.165624 -0.224140 2.468567 1.000000
0.317357 -0.110805 2.889736 1.000000
-0.121656 -0.284443 2.464955 0.000000
0.382839 -0.143675 2.875098 0.274038
-0.011118 -0.654918 2.797445 1.000000
-0.317201 -0.653168 2.596479 1.000000
-0.107562 -1.060439 2.809268 1.000000
-0.345129 -1.066690 2.642396 1.000000
0.052117 -1.096265 2.883021 0.000000
-0.363132 -1.085198 2.464763 0.000000
-0.077980 0.454838 2.609840 1.000000
-0.311201 0.221271 2.550072 1.000000
-0.232819 0.121617 2.916773 0.346154
-0.156814 0.235391 2.726177 0.000000
-0.412768 0.030154 2.725112 0.000000
-0.204934 -0.192352 2.565411 0.942308
-0.151693 -0.208037 2.845194 1.000000
-0.378393 -0.213331 2.742640 1.000000
-0.326609 -0.002387 2.442721 1.000000
0.010027 0.063419 2.872557 0.907692
-0.166026 -0.220185 2.459943 1.000000
0.283918 0.049169 2.908785 1.000000
-0.135865 -0.288214 2.453231 0.038462
0.348256 0.086854 2.903978 1.000000
-0.016328 -0.650008 2.787785 1.000000
-0.324990 -0.653528 2.570155 1.000000
-0.107160 -1.056393 2.809900 1.000000
-0.347308 -1.067669 2.613492 1.000000
0.050807 -1.087379 2.889315 0.000000
-0.368206 -1.085109 2.436068 0.000000
-0.104739 0.452928 2.582745 1.000000
-0.318842 0.227446 2.534328 1.000000
-0.256230 0.132926 2.905393 0.894231
-0.170429 0.240842 2.715551 0.000000
-0.431774 0.042615 2.709155 0.000000
-0.217188 -0.194435 2.544445 0.721154
-0.174735 -0.200951 2.826429 1.000000
-0.396942 -0.215418 2.715285 1.000000
-0.354807 -0.000633 2.447351 1.000000
-0.021410 0.104612 2.821918 1.000000
-0.178712 -0.204084 2.453633 1.000000
0.241072 0.140676 2.890192 1.000000
-0.177121 -0.262555 2.500123 0.543269
0.295435 0.191901 2.888372 1.000000
-0.021899 -0.643905 2.775211 1.000000
-0.324959 -0.659344 2.559294 1.000000
-0.111179 -1.050269 2.803266 1.000000
-0.338270 -1.074217 2.599200 1.000000
0.047451 -1.079688 2.881951 0.000000
-0.344525 -1.091194 2.420614 0.000000
-0.122526 0.452319 2.556056 1.000000
-0.340202 0.238698 2.529228 1.000000
-0.254738 0.141981 2.895132 1.000000
-0.179004 0.247058 2.699502 0.000000
-0.446605 0.057662 2.711943 0.000000
-0.246777 -0.187207 2.522482 0.846154
-0.185020 -0.196082 2.800811 1.000000
-0.413889 -0.214710 2.704842 0.980769
-0.385495 0.008623 2.449125 1.000000
-0.047994 0.138509 2.751998 1.000000
-0.200017 -0.187593 2.461841 1.000000
0.201124 0.225413 2.827112 1.000000
-0.207041 -0.261874 2.457879 0.644231
0.246409 0.284658 2.831788 1.000000
-0.034418 -0.631383 2.753217 1.000000
-0.323449 -0.659039 2.533783 1.000000
-0.097110 -1.041902 2.791070 1.000000
-0.335815 -1.070853 2.598165 1.000000
0.062722 -1.058944 2.870966 0.000000
-0.347549 -1.098176 2.421145 0.000000
-0.143700 0.452869 2.528070 1.000000
-0.418493 0.222948 2.506598 1.000000
-0.216775 0.145662 2.828903 1.000000
-0.223986 0.269010 2.629452 0.000000
-0.425381 0.018568 2.695443 0.000000
-0.324056 -0.189674 2.500196 0.394231
-0.191014 -0.178388 2.752252 1.000000
-0.435345 -0.214318 2.721432 0.798077
-0.441946 -0.018124 2.448019 1.000000
0.006026 0.203672 2.725575 0.938462
-0.268883 -0.226157 2.422270 1.000000
0.191718 0.406816 2.720276 1.000000
-0.239395 -0.286169 2.455611 0.543269
0.200803 0.480934 2.717710 1.000000
-0.047534 -0.609838 2.715096 1.000000
-0.336334 -0.656758 2.514625 1.000000
-0.111492 -1.014603 2.792321 1.000000
-0.343960 -1.066324 2.592643 1.000000
0.058723 -1.031093 2.846865 0.000000
-0.385492 -1.098254 2.420958 0.000000
-0.208441 0.475878 2.506854 1.000000
-0.430483 0.220890 2.509981 1.000000
-0.225666 0.120685 2.823912 1.000000
-0.231068 0.252070 2.629602 0.000000
-0.443604 0.009783 2.690929 0.000000
-0.340955 -0.194994 2.486952 0.451923
-0.208203 -0.176621 2.738743 1.000000
-0.447645 -0.237037 2.707832 0.692308
-0.474627 -0.019561 2.457626 1.000000
-0.116257 0.188108 2.606141 1.000000
-0.315591 -0.238810 2.425754 1.000000
0.122451 0.326315 2.607501 1.000000
-0.254742 -0.282148 2.427119 0.812500
0.149034 0.395119 2.595582 1.000000
-0.052435 -0.607052 2.709718 1.000000
-0.348285 -0.664957 2.522557 1.000000
-0.121918 -1.010365 2.789716 1.000000
-0.354127 -1.073595 2.605445 1.000000
0.044733 -1.026227 2.854491 0.000000
-0.404618 -1.107144 2.436491 0.000000
-0.228869 0.447038 2.458212 1.000000
-0.444147 0.183537 2.494591 1.000000
-0.279348 0.083378 2.831270 0.000000
-0.255310 0.205118 2.632149 0.000000
-0.491754 -0.016825 2.681859 0.000000
-0.343642 -0.200131 2.484108 0.721154
-0.231247 -0.194282 2.746201 0.750000
-0.461471 -0.271327 2.691438 0.610577
-0.499809 -0.059716 2.469953 1.000000
-0.258331 0.077030 2.578897 1.000000
-0.333300 -0.271403 2.422177 1.000000
-0.045252 0.244259 2.524173 1.000000
-0.269437 -0.308322 2.434059 0.812500
0.013400 0.279526 2.494194 1.000000
-0.061408 -0.617011 2.710735 1.000000
-0.355202 -0.685117 2.539830 1.000000
-0.111402 -1.023184 2.790817 1.000000
-0.341994 -1.093239 2.624393 1.000000
0.046631 -1.025861 2.875898 0.000000
-0.341564 -1.129645 2.448624 0.000000
-0.246248 0.405184 2.459895 1.000000
-0.458260 0.033084 2.537309 1.000000
-0.325536 0.066164 2.900398 0.000000
-0.312141 0.147606 2.680773 0.000000
-0.465310 -0.130882 2.762134 0.000000
-0.334885 -0.251061 2.467543 1.000000
-0.246420 -0.207477 2.735188 0.490385
-0.464244 -0.309853 2.671866 0.254808
-0.469077 -0.207951 2.465526 1.000000
-0.231794 0.116097 2.669741 0.000000
-0.244755 -0.359595 2.419840 0.884615
-0.115824 0.185479 2.427940 1.000000
-0.187385 -0.402554 2.398725 0.000000
-0.083003 0.204972 2.363710 1.000000
-0.058640 -0.642717 2.741419 1.000000
-0.368798 -0.709462 2.565008 1.000000
-0.102511 -1.055568 2.780385 1.000000
-0.327943 -1.118405 2.635616 1.000000
0.046369 -1.061943 2.880457 0.000000
-0.373040 -1.152331 2.465217 0.000000
-0.304953 0.286937 2.462533 1.000000
-0.533906 0.027592 2.578344 1.000000
-0.284280 0.135924 2.854921 0.000000
-0.363102 0.177055 2.637797 0.000000
-0.435866 -0.093024 2.809256 0.000000
-0.400750 -0.279311 2.532880 0.163462
-0.205387 -0.222616 2.732826 0.173077
-0.435406 -0.306296 2.777847 0.259615
-0.477834 -0.200636 2.486561 1.000000
-0.213438 0.138672 2.610710 0.000000
-0.252616 -0.357228 2.508974 1.000000
-0.134129 0.141698 2.344914 1.000000
-0.191936 -0.385707 2.541981 0.812500
-0.118581 0.159747 2.274096 0.105769
-0.047492 -0.652393 2.737266 1.000000
-0.375048 -0.723622 2.571480 1.000000
-0.110864 -1.061826 2.784570 1.000000
-0.320175 -1.131137 2.640833 1.000000
0.057197 -1.080894 2.844672 0.000000
-0.442645 -1.169011 2.515187 0.000000
-0.315845 0.283394 2.427239 1.000000
-0.513357 0.067816 2.575152 1.000000
-0.144844 0.121990 2.678792 0.000000
-0.318566 0.193884 2.540346 0.149038
-0.325639 -0.085807 2.711690 0.000000
-0.451268 -0.292722 2.550664 1.000000
-0.206259 -0.188199 2.652668 0.000000
-0.402474 -0.252872 2.791432 0.000000
-0.411731 -0.117653 2.436623 1.000000
-0.203065 0.209605 2.446924 0.707692
-0.271318 -0.349063 2.489450 1.000000
-0.118039 0.117342 2.199134 1.000000
-0.214096 -0.368447 2.533411 1.000000
-0.103345 0.089156 2.131515 1.000000
-0.054435 -0.638918 2.716539 1.000000
-0.374279 -0.711247 2.587408 1.000000
-0.115209 -1.046039 2.783233 1.000000
-0.314833 -1.119897 2.645370 1.000000
0.061514 -1.068879 2.804850 0.000000
-0.457631 -1.155259 2.542519 0.000000
-0.302946 0.383581 2.392243 1.000000
-0.279001 0.099224 2.722847 1.000000
-0.140357 0.167247 2.366905 1.000000
-0.314015 0.209711 2.518851 0.000000
-0.087734 -0.023827 2.562359 0.000000
-0.273498 -0.162699 2.747848 0.028846
-0.185587 -0.191405 2.478021 1.000000
-0.035535 -0.167477 2.675125 0.072115
-0.465238 -0.020848 2.598540 0.430769
-0.104038 0.028857 2.155275 1.000000
-0.409061 -0.270144 2.491255 1.000000
-0.093980 -0.094116 1.905416 1.000000
-0.396104 -0.330930 2.532726 0.543269
-0.114187 -0.159343 1.875089 1.000000
-0.091983 -0.668530 2.639396 1.000000
-0.394912 -0.651172 2.622254 1.000000
-0.103345 -1.043035 2.822443 1.000000
-0.306839 -1.058339 2.603635 1.000000
-0.129369 -1.120387 2.662570 0.000000
-0.482118 -1.096538 2.609858 0.000000
-0.330077 0.408952 2.348747 1.000000
-0.276939 0.112470 2.737009 0.000000
-0.138027 0.180479 2.381169 1.000000
-0.315124 0.217281 2.530601 0.000000
-0.078259 -0.004113 2.580755 0.000000
-0.284425 -0.175886 2.740468 0.000000
-0.189860 -0.185905 2.471551 0.846154
-0.044747 -0.181705 2.673696 0.024038
-0.457104 0.018822 2.585345 0.676923
-0.099501 0.058258 2.161220 0.984615
-0.482459 -0.242193 2.497833 1.000000
-0.108451 -0.038060 1.900931 1.000000
-0.474723 -0.316502 2.498798 0.072115
-0.097654 -0.096765 1.855989 1.000000
-0.094206 -0.676093 2.643419 1.000000
-0.380527 -0.662763 2.621950 1.000000
-0.101481 -1.039518 2.847767 0.506731
-0.305263 -1.072899 2.618384 1.000000
-0.147033 -1.123921 2.696038 0.000000
-0.481457 -1.105329 2.629521 0.000000
-0.329293 0.410912 2.348739 1.000000
-0.300895 0.151011 2.736130 0.000000
-0.123203 0.212134 2.396669 1.000000
-0.318339 0.246212 2.522401 0.000000
-0.080216 0.038039 2.609563 0.000000
-0.288995 -0.150523 2.728946 0.000000
-0.164310 -0.177914 2.473873 0.836538
-0.043214 -0.154857 2.690073 0.000000
-0.471833 0.018393 2.603733 0.415385
-0.100880 0.095655 2.171092 0.661539
-0.436271 -0.238862 2.508280 1.000000
-0.071858 0.001743 1.911044 0.528846
-0.418852 -0.310425 2.495714 0.509615
-0.103310 -0.014974 1.845363 1.000000
-0.090718 -0.654543 2.642701 1.000000
-0.379298 -0.642515 2.613276 1.000000
-0.104444 -1.025882 2.831933 0.850481
-0.316338 -1.054620 2.623026 1.000000
-0.109036 -1.107220 2.671985 0.000000
-0.493065 -1.081985 2.607563 0.000000
-0.316803 0.440848 2.341057 1.000000
-0.293623 0.155376 2.733968 0.000000
-0.097703 0.207026 2.403072 0.000000
-0.294816 0.254300 2.521223 0.000000
-0.076995 0.027508 2.614792 0.000000
-0.293593 -0.152438 2.727048 0.000000
-0.156829 -0.167205 2.477174 0.836538
-0.046244 -0.151390 2.699568 0.028846
-0.469664 0.033111 2.597281 0.492308
-0.057478 0.109433 2.170676 0.276923
-0.436123 -0.224013 2.499000 1.000000
-0.049513 0.030820 1.903690 0.423077
-0.389879 -0.271576 2.464621 0.947115
-0.097266 0.054381 1.851277 1.000000
-0.087430 -0.651003 2.628654 1.000000
-0.381132 -0.633614 2.598579 1.000000
-0.103370 -1.013444 2.834253 0.903606
-0.318703 -1.045549 2.615932 1.000000
-0.085372 -1.102162 2.679252 0.000000
-0.494899 -1.073111 2.595539 0.000000
-0.278773 0.472479 2.374552 1.000000
-0.300322 0.160398 2.740395 0.000000
-0.070634 0.211272 2.431851 1.000000
-0.277597 0.261901 2.530089 0.000000
-0.075702 0.028741 2.641940 0.000000
-0.293508 -0.145575 2.718874 0.000000
-0.132528 -0.160960 2.483910 0.778846
-0.044736 -0.152341 2.716626 0.072115
-0.453140 0.067934 2.559046 0.492308
-0.016064 0.084622 2.216793 0.615385
-0.455677 -0.192512 2.462825 1.000000
-0.038902 0.035791 1.943374 0.644231
-0.399476 -0.241276 2.469617 0.795673
-0.089227 0.054519 1.891420 0.745192
-0.083799 -0.643525 2.617012 1.000000
-0.377789 -0.623153 2.596981 1.000000
-0.103388 -0.998818 2.834434 0.794231
-0.324168 -1.036231 2.616496 1.000000
-0.056435 -1.091126 2.687822 0.000000
-0.500235 -1.060283 2.591159 0.000000
-0.253230 0.486457 2.401749 1.000000
-0.294207 0.105098 2.742656 1.000000
-0.057800 0.218057 2.456481 1.000000
-0.272127 0.237177 2.550003 0.000000
-0.055213 0.007513 2.638541 0.000000
-0.274664 -0.155429 2.708955 0.375000
-0.112783 -0.177066 2.475106 0.711538
-0.026512 -0.174365 2.708533 0.158654
-0.434283 0.051242 2.536872 0.000000
0.005744 0.037775 2.286675 0.953846
-0.431623 -0.189032 2.397407 0.000000
0.001379 0.018305 2.008481 0.375000
-0.378054 -0.240213 2.407076 0.000000
-0.052819 -0.003192 1.961757 1.000000
-0.077823 -0.660435 2.623280 1.000000
-0.380148 -0.627021 2.595427 1.000000
-0.104841 -1.016927 2.837926 0.681731
-0.324472 -1.039608 2.619101 1.000000
-0.070648 -1.109716 2.688122 0.000000
-0.501526 -1.064420 2.603081 0.000000
-0.238660 0.484505 2.451824 1.000000
-0.285414 0.076931 2.786654 1.000000
-0.027114 0.202021 2.525545 1.000000
-0.243404 0.228472 2.612533 0.000000
-0.050466 -0.028022 2.680516 0.000000
-0.271513 -0.186288 2.726046 0.115385
-0.098339 -0.185168 2.499399 0.798077
-0.024264 -0.213110 2.735345 0.000000
-0.422331 0.061337 2.572459 0.476923
0.065175 -0.002558 2.404393 1.000000
-0.437794 -0.147831 2.390253 0.586538
0.000592 -0.099483 2.151733 1.000000
-0.390891 -0.205866 2.386428 0.375000
0.000001 -0.157606 2.104786 1.000000
-0.060110 -0.680867 2.641360 1.000000
-0.382832 -0.635805 2.605128 1.000000
-0.102710 -1.046186 2.837870 0.853606
-0.323162 -1.048509 2.607039 1.000000
-0.079090 -1.132609 2.682327 0.000000
-0.500745 -1.074161 2.612207 0.000000
-0.213305 0.462312 2.503373 1.000000
-0.275102 0.069703 2.810521 0.750000
-0.018413 0.197094 2.548937 1.000000
-0.233475 0.224032 2.638772 0.182692
-0.042371 -0.035545 2.699886 0.000000
-0.245045 -0.183407 2.737393 0.028846
-0.081361 -0.200967 2.504459 0.769231
-0.000548 -0.229871 2.738065 0.000000
-0.411362 0.053471 2.595956 0.538462
0.075780 -0.036895 2.506296 1.000000
-0.442307 -0.167367 2.430238 1.000000
0.036022 -0.200768 2.283955 1.000000
-0.390925 -0.214225 2.402909 0.206731
0.034026 -0.265075 2.245964 1.000000
-0.062607 -0.690480 2.669447 1.000000
-0.378501 -0.642080 2.607225 1.000000
-0.101855 -1.066303 2.845814 0.653606
-0.321499 -1.055160 2.605059 1.000000
-0.126843 -1.139672 2.683910 0.000000
-0.499296 -1.079681 2.602432 0.000000
-0.183617 0.459869 2.531748 1.000000
-0.299198 0.124092 2.822861 0.836538
0.001384 0.211359 2.593560 1.000000
-0.220864 0.261515 2.649580 0.850962
-0.063481 -0.006840 2.753755 0.000000
-0.272750 -0.177466 2.739846 0.000000
-0.061453 -0.169030 2.548425 0.567308
-0.030706 -0.199100 2.793555 0.206731
-0.428279 0.086889 2.606142 0.292308
0.070860 -0.034986 2.589325 1.000000
-0.388253 -0.150930 2.467573 0.769231
0.059073 -0.262014 2.427165 1.000000
-0.352471 -0.215959 2.476143 1.000000
0.055730 -0.336630 2.425193 1.000000
-0.049197 -0.670901 2.684046 1.000000
-0.358087 -0.621461 2.606642 1.000000
-0.096874 -1.060796 2.824036 0.762981
-0.327550 -1.037341 2.606040 1.000000
-0.086091 -1.122511 2.655823 0.000000
-0.505392 -1.050370 2.585481 0.000000
-0.161665 0.477746 2.521250 1.000000
-0.277534 0.096459 2.868066 0.000000
0.046139 0.140881 2.658765 1.000000
-0.164185 0.230145 2.712091 0.000000
-0.069537 -0.073092 2.794101 0.000000
-0.227938 -0.169545 2.756852 0.000000
-0.016648 -0.201257 2.567881 0.500000
0.004851 -0.237156 2.813212 0.000000
-0.384686 0.104349 2.636419 0.584615
0.109653 -0.107144 2.668677 1.000000
-0.362148 -0.134334 2.494606 1.000000
0.047976 -0.364821 2.579709 1.000000
-0.389752 -0.201151 2.513479 0.000000
0.009844 -0.412145 2.623172 0.846154
-0.031144 -0.675735 2.703331 1.000000
-0.357603 -0.623348 2.629524 1.000000
-0.097492 -1.069595 2.823169 0.725481
-0.319751 -1.038129 2.609202 1.000000
-0.037428 -1.128014 2.664425 0.000000
-0.498014 -1.053704 2.595058 0.000000
-0.138211 0.419503 2.562719 1.000000
-0.286914 0.203293 2.853284 0.000000
0.057504 0.201277 2.674633 1.000000
-0.158212 0.293445 2.679054 0.399038
-0.070515 0.028229 2.851117 0.000000
-0.260312 -0.158557 2.773117 0.000000
-0.014417 -0.171619 2.629157 0.250000
-0.038974 -0.212192 2.873471 0.000000
-0.364031 0.035020 2.677065 0.492308
0.099582 -0.047569 2.719605 1.000000
-0.352493 -0.213726 2.551710 1.000000
0.046991 -0.318321 2.673496 1.000000
-0.304221 -0.270567 2.547065 0.576923
0.030863 -0.391252 2.671602 0.375000
-0.032463 -0.654482 2.715479 1.000000
-0.345801 -0.608173 2.640531 1.000000
-0.088887 -1.057185 2.807865 0.803606
-0.323481 -1.024292 2.625178 1.000000
0.014599 -1.103603 2.668738 0.000000
-0.499063 -1.032366 2.588762 0.000000
-0.114888 0.485802 2.528433 1.000000
-0.275153 0.237905 2.844422 0.000000
0.074399 0.222655 2.676717 1.000000
-0.143948 0.307373 2.662743 1.000000
-0.053774 0.071461 2.872148 0.000000
-0.261451 -0.142575 2.776230 0.000000
-0.006533 -0.155095 2.648876 0.211538
-0.047285 -0.196790 2.890824 0.000000
-0.341206 0.056851 2.676906 0.430769
0.106748 -0.024266 2.735991 1.000000
-0.330950 -0.202698 2.576317 1.000000
0.051157 -0.297073 2.714511 1.000000
-0.313643 -0.267548 2.543491 0.627404
0.050900 -0.371769 2.716262 0.492788
-0.031509 -0.638646 2.722294 1.000000
-0.329315 -0.600404 2.663033 1.000000
-0.079664 -1.043255 2.810959 0.969231
-0.308901 -1.016901 2.664573 1.000000
0.031165 -1.085940 2.676367 0.000000
-0.484103 -1.025629 2.626519 0.000000
-0.088436 0.502502 2.544290 1.000000
