-0.365472 0.323297 2.809514 1.000000
-0.005729 0.333894 2.748707 1.000000
-0.205919 0.373041 2.666648 0.000000
-0.164657 0.195601 2.879836 0.000000
-0.396061 -0.026955 2.801239 0.211538
0.012367 -0.033117 2.733827 0.480769
-0.168780 -0.037676 2.907989 0.000000
-0.444988 0.053376 2.806961 1.000000
0.054708 0.059101 2.743908 1.000000
-0.418099 -0.232053 2.742787 1.000000
0.031802 -0.233676 2.735676 1.000000
-0.404014 -0.300241 2.738195 0.358173
0.033938 -0.303401 2.737369 0.189904
-0.298591 -0.562550 2.806513 1.000000
-0.062096 -0.561585 2.792135 1.000000
-0.297222 -0.981995 2.905635 1.000000
-0.076190 -0.982785 2.882433 1.000000
-0.325450 -1.018682 2.750781 0.000000
-0.095836 -1.015785 2.725437 0.000000
-0.206952 0.617848 2.739033 0.278846
-0.369442 0.316941 2.794451 1.000000
-0.007035 0.334640 2.754786 1.000000
-0.202793 0.367322 2.660166 0.000000
-0.170406 0.195518 2.879417 0.000000
-0.392678 -0.030374 2.791164 0.182692
0.018337 -0.031867 2.741564 0.394231
-0.170146 -0.038855 2.907675 0.000000
-0.441998 0.045414 2.804878 1.000000
0.069599 0.066642 2.792270 1.000000
-0.416115 -0.238286 2.733736 1.000000
0.042782 -0.218359 2.726910 1.000000
-0.400038 -0.306056 2.729509 0.492788
0.033461 -0.287014 2.718621 0.593750
-0.300883 -0.563347 2.810695 1.000000
-0.063378 -0.563004 2.789924 1.000000
-0.295916 -0.984757 2.900972 1.000000
-0.076825 -0.984029 2.881126 1.000000
-0.318124 -1.018543 2.744485 0.000000
-0.090133 -1.017725 2.723614 0.000000
-0.196128 0.606973 2.739547 0.485577
-0.372032 0.315457 2.793850 1.000000
-0.008944 0.330815 2.759853 1.000000
-0.202966 0.362664 2.661448 0.000000
-0.174999 0.194694 2.884249 0.000000
-0.387863 -0.033639 2.794211 0.192308
0.022327 -0.035505 2.738202 0.423077
-0.163547 -0.042313 2.907235 0.000000
-0.439665 0.042899 2.803164 1.000000
0.071213 0.062122 2.777962 1.000000
-0.407042 -0.238983 2.728799 1.000000
0.049141 -0.220643 2.703070 1.000000
-0.407628 -0.306274 2.747256 0.358173
0.031287 -0.284814 2.682277 0.442308
-0.298714 -0.566954 2.807251 1.000000
-0.064253 -0.566971 2.788751 1.000000
-0.295128 -0.987631 2.900946 1.000000
-0.074931 -0.986766 2.885806 1.000000
-0.320217 -1.022546 2.745145 0.000000
-0.091203 -1.022595 2.729045 0.000000
-0.187751 0.613607 2.734858 0.475962
-0.371533 0.321319 2.795413 1.000000
-0.008384 0.327992 2.759315 1.000000
-0.202189 0.362087 2.661237 0.000000
-0.176706 0.198121 2.887295 0.000000
-0.384029 -0.034037 2.785007 0.173077
0.027987 -0.036531 2.744602 0.451923
-0.164183 -0.043601 2.906430 0.000000
-0.431949 0.046522 2.801105 1.000000
0.071304 0.058128 2.754942 1.000000
-0.408849 -0.238551 2.733872 1.000000
0.046508 -0.212288 2.642776 1.000000
-0.396666 -0.302940 2.709899 0.509615
0.031592 -0.278766 2.627699 0.627404
-0.296444 -0.566858 2.807951 1.000000
-0.059941 -0.567960 2.788843 1.000000
-0.295704 -0.986668 2.905524 1.000000
-0.077756 -0.988129 2.883194 1.000000
-0.314914 -1.023031 2.749219 0.000000
-0.087620 -1.023077 2.725701 0.000000
-0.192140 0.619801 2.736033 0.288462
-0.377053 0.318416 2.818100 1.000000
-0.016887 0.331179 2.760286 1.000000
-0.216648 0.368050 2.676153 0.000000
-0.175902 0.192900 2.891324 0.000000
-0.382406 -0.033602 2.788133 0.163462
0.029482 -0.036034 2.746439 0.576923
-0.162194 -0.044389 2.908789 0.000000
-0.432677 0.042338 2.803084 1.000000
0.088802 0.071399 2.730570 1.000000
-0.403728 -0.240611 2.726954 1.000000
0.038803 -0.115283 2.508434 1.000000
-0.406544 -0.307349 2.706773 0.290865
0.020862 -0.175167 2.477433 0.812500
-0.293543 -0.566592 2.808416 1.000000
-0.059629 -0.567460 2.790908 1.000000
-0.295801 -0.985161 2.911157 1.000000
-0.076484 -0.988222 2.882758 1.000000
-0.315340 -1.023308 2.755318 0.000000
-0.087357 -1.022198 2.725119 0.000000
-0.211516 0.610829 2.736346 0.293269
-0.380665 0.315276 2.816140 1.000000
-0.019838 0.331783 2.763636 1.000000
-0.218702 0.367450 2.676899 0.000000
-0.179431 0.191066 2.891335 0.000000
-0.386345 -0.034713 2.798651 0.211538
0.023202 -0.034393 2.738096 0.913462
-0.160760 -0.043898 2.909079 0.000000
-0.439553 0.041241 2.806475 1.000000
0.097158 0.085137 2.699336 1.000000
-0.401763 -0.236728 2.722582 1.000000
0.050882 0.009822 2.420196 0.336538
-0.384197 -0.302334 2.706573 0.610577
0.020085 0.021403 2.358661 0.644231
-0.293275 -0.567900 2.804945 1.000000
-0.059703 -0.565945 2.791140 1.000000
-0.295294 -0.985494 2.911588 1.000000
-0.073319 -0.987442 2.880112 1.000000
-0.321520 -1.024836 2.757034 0.000000
-0.091412 -1.020054 2.722849 0.000000
-0.210298 0.614233 2.728962 0.524038
-0.373526 0.318127 2.810421 1.000000
-0.011474 0.331513 2.766098 0.000000
-0.208015 0.368256 2.674643 0.000000
-0.175056 0.192762 2.890865 0.000000
-0.388761 -0.036427 2.797125 0.221154
0.022269 -0.032586 2.747771 1.000000
-0.166203 -0.043757 2.913665 0.000000
-0.440287 0.047852 2.801336 1.000000
0.104270 0.103405 2.655835 0.276923
-0.400455 -0.230382 2.726722 1.000000
0.005496 0.193923 2.397729 1.000000
-0.389326 -0.299261 2.727691 0.627404
-0.000263 0.247646 2.353574 0.543269
-0.296454 -0.568558 2.804386 1.000000
-0.061574 -0.566001 2.789757 1.000000
-0.295863 -0.988106 2.903079 1.000000
-0.074047 -0.986380 2.884027 1.000000
-0.318258 -1.024788 2.747273 0.000000
-0.086988 -1.021267 2.726744 0.000000
-0.199505 0.608573 2.744843 0.370192
-0.360521 0.328301 2.812104 1.000000
0.003594 0.330799 2.786838 0.567308
-0.186382 0.386091 2.690951 0.000000
-0.171404 0.186182 2.887035 0.000000
-0.380102 -0.026697 2.784109 0.221154
0.032131 -0.032051 2.746278 0.903846
-0.161063 -0.036246 2.906982 0.000000
-0.423434 0.057484 2.810040 1.000000
0.075225 0.174924 2.568030 1.000000
-0.409287 -0.224312 2.741847 1.000000
-0.007147 0.435647 2.470574 1.000000
-0.392857 -0.288436 2.719773 0.677885
-0.020839 0.502019 2.487198 0.677885
-0.294690 -0.560067 2.811136 1.000000
-0.062870 -0.563480 2.787078 1.000000
-0.293016 -0.979872 2.908715 1.000000
-0.073524 -0.983569 2.882852 1.000000
-0.311539 -1.016294 2.752340 0.000000
-0.083704 -1.019178 2.725528 0.000000
-0.198636 0.612111 2.722226 0.548077
-0.355744 0.329633 2.807645 1.000000
0.008033 0.326442 2.777970 0.259615
-0.182095 0.386777 2.685486 0.000000
-0.168217 0.182917 2.877541 0.000000
-0.379803 -0.022150 2.785776 0.250000
0.031584 -0.036391 2.741572 0.740385
-0.159060 -0.034233 2.905333 0.000000
-0.422182 0.059066 2.810357 1.000000
0.058361 0.221371 2.524879 0.938462
-0.413530 -0.225982 2.753044 1.000000
-0.018568 0.501012 2.502637 1.000000
-0.403114 -0.290729 2.729200 0.391827
-0.016753 0.542992 2.558345 0.795673
-0.294287 -0.558357 2.812841 1.000000
-0.060843 -0.564760 2.786546 1.000000
-0.294776 -0.981014 2.897233 1.000000
-0.075959 -0.984691 2.882415 1.000000
-0.315040 -1.012389 2.739982 0.000000
-0.087867 -1.020158 2.725179 0.000000
-0.209639 0.599841 2.757993 0.173077
-0.350642 0.331877 2.822142 1.000000
0.011151 0.320679 2.775185 0.153846
-0.181183 0.390951 2.695113 0.000000
-0.164438 0.176676 2.875230 0.000000
-0.382888 -0.023167 2.787088 0.173077
0.028443 -0.034651 2.741582 1.000000
-0.161698 -0.033955 2.905939 0.000000
-0.422433 0.062209 2.815372 1.000000
0.044489 0.233880 2.511983 0.907692
-0.415009 -0.224834 2.765551 1.000000
-0.033855 0.514576 2.510328 1.000000
-0.402475 -0.286915 2.736260 0.475962
-0.032044 0.552366 2.568960 0.408654
-0.296318 -0.558959 2.809864 1.000000
-0.061927 -0.563946 2.784317 1.000000
-0.292675 -0.978690 2.907708 1.000000
-0.073636 -0.982991 2.884449 1.000000
-0.314210 -1.015233 2.751748 0.000000
-0.085504 -1.020138 2.727599 0.000000
-0.217167 0.610484 2.724928 0.697115
-0.329498 0.355297 2.819937 1.000000
0.030493 0.314848 2.775271 0.000000
-0.155937 0.395446 2.691069 0.000000
-0.155517 0.189284 2.881157 0.000000
-0.382776 -0.011881 2.787174 0.201923
0.028425 -0.035331 2.745221 0.990385
-0.163004 -0.028692 2.907942 0.000000
-0.421571 0.088368 2.819582 1.000000
0.023605 0.219255 2.509671 0.938462
-0.419402 -0.204644 2.787324 1.000000
-0.071694 0.483407 2.419986 1.000000
-0.404218 -0.261482 2.749802 0.375000
-0.075323 0.535061 2.466759 0.812500
-0.295202 -0.551538 2.810078 1.000000
-0.059138 -0.560667 2.783025 1.000000
-0.290357 -0.970741 2.910111 1.000000
-0.075438 -0.978331 2.888153 1.000000
-0.310612 -1.008181 2.754193 0.000000
-0.084030 -1.017411 2.731560 0.000000
-0.204964 0.613704 2.732434 0.716346
-0.335647 0.343577 2.814411 1.000000
0.026068 0.321054 2.771055 0.557692
-0.164468 0.387164 2.683491 0.000000
-0.152793 0.190507 2.883055 0.000000
-0.379160 -0.013236 2.804069 0.182692
0.027336 -0.038941 2.729929 1.000000
-0.150699 -0.031691 2.907182 0.000000
-0.423474 0.072129 2.821050 1.000000
0.016996 0.192094 2.516637 0.738462
-0.420181 -0.223151 2.781453 1.000000
-0.089978 0.365565 2.299305 1.000000
-0.408759 -0.287833 2.757897 0.358173
-0.105041 0.431443 2.281918 0.778846
-0.293195 -0.554317 2.807728 1.000000
-0.058399 -0.562906 2.784877 1.000000
-0.293101 -0.973135 2.909475 1.000000
-0.073348 -0.981128 2.887968 1.000000
-0.325038 -1.010545 2.755517 0.000000
-0.095304 -1.018712 2.732315 0.000000
-0.219975 0.622788 2.721334 0.548077
-0.350564 0.323681 2.816745 1.000000
0.011042 0.323804 2.767086 1.000000
-0.185049 0.373103 2.680714 0.000000
-0.156523 0.186375 2.887970 0.000000
-0.377374 -0.025351 2.808490 0.153846
0.029281 -0.040663 2.732374 1.000000
-0.148090 -0.039617 2.910435 0.000000
-0.426098 0.048408 2.823152 1.000000
0.019126 0.183563 2.518513 0.569231
-0.407718 -0.241353 2.755651 1.000000
-0.076986 0.181282 2.236356 0.932692
-0.405966 -0.304101 2.786124 0.307692
-0.111385 0.177232 2.175781 0.475962
-0.290891 -0.563178 2.811919 1.000000
-0.058280 -0.568169 2.787784 1.000000
-0.294983 -0.983470 2.907311 1.000000
-0.070789 -0.987560 2.886350 1.000000
-0.327308 -1.018221 2.752812 0.000000
-0.094548 -1.023465 2.730565 0.000000
-0.218294 0.614390 2.741292 0.600962
-0.373581 0.312117 2.846749 1.000000
-0.022081 0.340979 2.752731 1.000000
-0.230425 0.379944 2.694276 0.014423
-0.163369 0.186059 2.885453 0.000000
-0.379806 -0.029759 2.825905 0.057692
0.020026 -0.029330 2.718527 0.875000
-0.142949 -0.035816 2.909746 0.000000
-0.432279 0.034631 2.821133 1.000000
0.007344 0.151377 2.542291 1.000000
-0.400977 -0.254462 2.759153 1.000000
-0.077027 0.018839 2.289880 1.000000
-0.398229 -0.321651 2.777785 0.240385
-0.091385 -0.036036 2.249239 1.000000
-0.292646 -0.563559 2.806913 1.000000
-0.058672 -0.560765 2.789189 1.000000
-0.292708 -0.981536 2.912062 1.000000
-0.073602 -0.981459 2.881685 1.000000
-0.336758 -1.019468 2.761254 0.000000
-0.109312 -1.014098 2.727471 0.000000
-0.215230 0.614300 2.736271 0.605769
-0.374229 0.314592 2.852336 1.000000
-0.024994 0.340549 2.749449 1.000000
-0.234690 0.376981 2.694290 0.000000
-0.162890 0.190400 2.890933 0.000000
-0.379069 -0.028708 2.829908 0.000000
0.019507 -0.028622 2.717955 1.000000
-0.141271 -0.034953 2.911030 0.000000
-0.427367 0.037444 2.815206 1.000000
0.008500 0.135826 2.554564 1.000000
-0.408173 -0.254998 2.766099 1.000000
-0.079376 0.004085 2.303120 1.000000
-0.395487 -0.320337 2.787050 0.341346
-0.092539 -0.053454 2.265905 1.000000
-0.291283 -0.562847 2.805027 1.000000
-0.055331 -0.559916 2.786478 1.000000
-0.293213 -0.980134 2.912868 1.000000
-0.074469 -0.979762 2.882002 1.000000
-0.338489 -1.018759 2.762598 0.000000
-0.110355 -1.013166 2.727992 0.000000
-0.228875 0.611684 2.740559 0.596154
-0.377815 0.312524 2.848456 1.000000
-0.025691 0.339013 2.756085 0.971154
-0.233733 0.374181 2.694244 0.000000
-0.167303 0.189473 2.894510 0.000000
-0.381326 -0.034302 2.829052 0.028846
0.017188 -0.027958 2.717058 0.903846
-0.143447 -0.038932 2.910043 0.000000
-0.432805 0.035802 2.815411 1.000000
0.011433 0.146967 2.550096 1.000000
-0.403442 -0.254742 2.763711 1.000000
-0.068490 0.051460 2.280947 0.961538
-0.399299 -0.320171 2.787605 0.341346
-0.092276 0.008944 2.230990 1.000000
-0.293288 -0.566228 2.808511 1.000000
-0.057084 -0.561147 2.784044 1.000000
-0.293076 -0.984690 2.911710 1.000000
-0.074548 -0.979733 2.885246 1.000000
-0.338791 -1.021832 2.761200 0.000000
-0.109817 -1.015408 2.731603 0.000000
-0.225568 0.610054 2.746457 0.692308
-0.365003 0.316732 2.831204 1.000000
-0.005769 0.333135 2.768699 0.000000
-0.206674 0.378251 2.691599 0.000000
-0.163391 0.184305 2.889459 0.000000
-0.383682 -0.033499 2.802367 0.096154
0.024880 -0.032917 2.735488 1.000000
-0.156395 -0.040642 2.909405 0.000000
-0.429560 0.041394 2.822432 1.000000
0.029048 0.186364 2.529322 0.592308
-0.411407 -0.247173 2.761961 1.000000
-0.063275 0.187101 2.248727 0.788462
-0.398884 -0.313795 2.745415 0.459135
-0.080782 0.217421 2.188367 0.610577
-0.293675 -0.566849 2.802196 1.000000
-0.058778 -0.564943 2.789592 1.000000
-0.295787 -0.984932 2.906903 1.000000
-0.074073 -0.985506 2.882618 1.000000
-0.324848 -1.023419 2.752640 0.000000
-0.094066 -1.019452 2.725868 0.000000
-0.226708 0.617196 2.723577 0.701923
-0.350890 0.328691 2.819951 1.000000
0.010415 0.328677 2.768146 0.000000
-0.186155 0.378239 2.683021 0.009615
-0.156514 0.191149 2.889795 0.000000
-0.380574 -0.028361 2.806176 0.211538
0.025223 -0.035937 2.724520 1.000000
-0.149714 -0.039079 2.904949 0.000000
-0.426345 0.055721 2.817162 1.000000
0.030722 0.197323 2.518050 0.584615
-0.412380 -0.233758 2.758530 1.000000
-0.074991 0.347951 2.286606 1.000000
-0.404979 -0.302265 2.747529 0.391827
-0.098897 0.399438 2.246027 0.947115
-0.292803 -0.564031 2.805298 1.000000
-0.060692 -0.565177 2.788306 1.000000
-0.296453 -0.982810 2.907141 1.000000
-0.076235 -0.985633 2.881771 1.000000
-0.330826 -1.019846 2.753617 0.000000
-0.102730 -1.019298 2.725927 0.000000
-0.231043 0.614909 2.734711 0.461538
-0.335910 0.347235 2.819675 1.000000
0.025567 0.322115 2.775760 0.000000
-0.164160 0.393127 2.690299 0.000000
-0.154814 0.190012 2.883415 0.000000
-0.380470 -0.018266 2.795509 0.250000
0.028436 -0.033640 2.732620 0.951923
-0.154603 -0.032279 2.904847 0.000000
-0.425835 0.075535 2.814595 1.000000
0.031707 0.218938 2.508834 0.907692
-0.417027 -0.218825 2.763815 1.000000
-0.084078 0.466913 2.388809 1.000000
-0.404652 -0.279312 2.731300 0.627404
-0.088756 0.524109 2.349112 0.475962
-0.292887 -0.555946 2.805669 1.000000
-0.060089 -0.561216 2.783586 1.000000
-0.296111 -0.974008 2.910431 1.000000
-0.074833 -0.980756 2.881208 1.000000
-0.323666 -1.012520 2.755899 0.000000
-0.093385 -1.016525 2.724686 0.000000
-0.225612 0.615682 2.714564 0.610577
-0.334226 0.355019 2.811913 1.000000
0.027575 0.318896 2.779979 0.182692
-0.156647 0.397776 2.689522 0.000000
-0.160635 0.190702 2.878574 0.000000
-0.382976 -0.009231 2.781810 0.201923
0.028839 -0.029039 2.744229 0.759615
-0.164436 -0.025593 2.904854 0.000000
-0.424977 0.080174 2.810324 1.000000
0.029594 0.239754 2.501572 0.892308
-0.421581 -0.218164 2.762386 1.000000
-0.072232 0.524044 2.512788 1.000000
-0.404083 -0.272419 2.722146 0.644231
-0.072496 0.554557 2.575541 0.543269
-0.295282 -0.547896 2.803141 1.000000
-0.061883 -0.556020 2.776612 1.000000
-0.290737 -0.968190 2.898499 1.000000
-0.075132 -0.972742 2.885831 1.000000
-0.309202 -1.003907 2.741955 0.000000
-0.082317 -1.013464 2.729585 0.000000
-0.214555 0.615446 2.717478 0.658654
-0.342721 0.345887 2.813212 1.000000
0.020159 0.323281 2.781089 0.076923
-0.166863 0.395768 2.691030 0.000000
-0.163178 0.187749 2.879049 0.000000
-0.379710 -0.013827 2.782912 0.182692
0.032167 -0.028766 2.743801 0.865385
-0.160549 -0.027904 2.905130 0.000000
-0.420146 0.067073 2.812543 1.000000
0.030200 0.238548 2.504589 0.846154
-0.413842 -0.229315 2.754408 1.000000
-0.065090 0.519436 2.561924 1.000000
-0.400395 -0.291724 2.726242 0.576923
-0.086715 0.585371 2.554575 0.072115
-0.293556 -0.550928 2.802919 1.000000
-0.064479 -0.557706 2.778489 1.000000
-0.297664 -0.972049 2.894578 1.000000
-0.072607 -0.975468 2.884180 1.000000
-0.316171 -1.006024 2.737652 0.000000
-0.082423 -1.014856 2.727736 0.000000
-0.214457 0.613007 2.716016 0.798077
-0.342441 0.344821 2.810392 1.000000
0.021011 0.323462 2.784483 0.000000
-0.164913 0.393060 2.689980 0.000000
-0.163188 0.189045 2.882364 0.000000
-0.380191 -0.014874 2.781013 0.201923
0.032122 -0.030384 2.747059 0.759615
-0.162608 -0.029541 2.905951 0.000000
-0.418470 0.065076 2.814307 1.000000
0.024015 0.229017 2.510396 0.923077
-0.413588 -0.232555 2.759475 1.000000
-0.078729 0.513719 2.512070 1.000000
-0.396030 -0.296400 2.737462 0.459135
-0.061947 0.552285 2.567749 0.543269
-0.293088 -0.551908 2.805718 1.000000
-0.060913 -0.558879 2.779345 1.000000
-0.292941 -0.970115 2.909950 1.000000
-0.074085 -0.976321 2.885787 1.000000
-0.310082 -1.008987 2.754008 0.000000
-0.080754 -1.016024 2.729257 0.000000
-0.207301 0.617859 2.714874 0.711538
-0.342078 0.336826 2.810249 1.000000
0.021854 0.326852 2.784186 0.000000
-0.166730 0.382115 2.685572 0.009615
-0.157034 0.193720 2.893057 0.000000
-0.380522 -0.020351 2.789188 0.259615
0.031239 -0.032779 2.748018 0.865385
-0.160760 -0.035646 2.910177 0.000000
-0.423439 0.056731 2.809122 1.000000
0.016643 0.202681 2.520314 0.876923
-0.413452 -0.243063 2.756665 1.000000
-0.095718 0.402733 2.320109 1.000000
-0.391665 -0.298661 2.720563 0.459135
-0.112359 0.463877 2.290894 0.391827
-0.290806 -0.557171 2.802844 1.000000
-0.056645 -0.561389 2.786446 1.000000
-0.292834 -0.974018 2.912367 1.000000
-0.075770 -0.980901 2.883424 1.000000
-0.312410 -1.014699 2.757175 0.000000
-0.085013 -1.016844 2.726118 0.000000
-0.219054 0.618343 2.719951 0.846154
-0.353568 0.324517 2.820158 1.000000
0.009523 0.329985 2.783279 0.990385
-0.183992 0.380078 2.691709 0.000000
-0.160570 0.186945 2.893668 0.000000
-0.377069 -0.024615 2.795885 0.230769
0.033882 -0.036228 2.747097 1.000000
-0.155088 -0.039818 2.912763 0.000000
-0.424222 0.041398 2.815602 1.000000
0.028255 0.195483 2.524963 0.546154
-0.407573 -0.253207 2.739693 1.000000
-0.083598 0.235778 2.244434 1.000000
-0.380909 -0.311996 2.713199 0.560096
-0.090093 0.177086 2.207256 0.375000
-0.290011 -0.561114 2.805510 1.000000
-0.055956 -0.565135 2.789523 1.000000
-0.292570 -0.978797 2.911792 1.000000
-0.074950 -0.985262 2.883827 1.000000
-0.315201 -1.018130 2.756669 0.000000
-0.087861 -1.019992 2.726507 0.000000
-0.227158 0.618061 2.734329 0.625000
-0.366316 0.315670 2.840294 1.000000
-0.008403 0.342393 2.773893 0.913462
-0.211328 0.382927 2.699590 0.000000
-0.160570 0.188085 2.894773 0.000000
-0.379099 -0.028565 2.812436 0.057692
0.027639 -0.032313 2.735320 1.000000
-0.149320 -0.039867 2.913635 0.000000
-0.432817 0.034329 2.815910 1.000000
0.017266 0.186702 2.530436 0.800000
-0.400919 -0.258089 2.743682 1.000000
-0.067681 0.099993 2.252932 1.000000
-0.383014 -0.324333 2.731023 0.459135
-0.091783 0.050178 2.210428 0.947115
-0.290184 -0.563665 2.797694 1.000000
-0.054850 -0.562898 2.789754 1.000000
-0.292274 -0.978440 2.914819 1.000000
-0.074501 -0.983376 2.882345 1.000000
-0.325077 -1.021295 2.762470 0.000000
-0.097750 -1.016736 2.725919 0.000000
-0.235845 0.610887 2.733387 0.572115
-0.373756 0.303001 2.861112 1.000000
-0.024925 0.343026 2.761410 0.951923
-0.235325 0.375346 2.706368 0.000000
-0.159040 0.183692 2.896331 0.000000
-0.380998 -0.038214 2.832902 0.000000
0.016684 -0.030354 2.718084 1.000000
-0.142532 -0.044242 2.912055 0.000000
-0.430440 0.024368 2.814057 1.000000
0.014515 0.150129 2.550937 1.000000
-0.393051 -0.267808 2.752641 1.000000
-0.067053 0.028324 2.288170 1.000000
-0.383797 -0.336882 2.749144 0.307692
-0.094396 -0.021022 2.247104 1.000000
-0.287858 -0.570033 2.808100 1.000000
-0.054732 -0.562976 2.790755 1.000000
-0.297912 -0.988787 2.909615 1.000000
-0.075513 -0.984559 2.877915 1.000000
-0.343131 -1.024319 2.758567 0.000000
-0.113157 -1.014601 2.723633 0.000000
-0.246600 0.611529 2.728285 0.745192
-0.374927 0.306572 2.856461 1.000000
-0.024408 0.341323 2.760784 1.000000
-0.233717 0.374669 2.702302 0.000000
-0.161910 0.185845 2.896791 0.000000
-0.378657 -0.035554 2.829161 0.009615
0.020571 -0.030320 2.719683 1.000000
-0.141310 -0.041624 2.911605 0.000000
-0.430794 0.028055 2.815971 1.000000
0.012196 0.142709 2.556959 1.000000
-0.402017 -0.265554 2.763963 1.000000
-0.070339 0.022906 2.295093 1.000000
-0.398655 -0.335251 2.764304 0.206731
-0.093860 -0.013486 2.240398 0.879808
-0.291410 -0.567809 2.807116 1.000000
-0.054867 -0.562722 2.790382 1.000000
-0.296890 -0.986866 2.907726 1.000000
-0.074802 -0.983011 2.883768 1.000000
-0.341383 -1.022589 2.756508 0.000000
-0.110278 -1.015608 2.729490 0.000000
-0.244110 0.610912 2.734169 0.620192
-0.370429 0.307747 2.847419 1.000000
-0.016835 0.339973 2.762814 0.942308
-0.223980 0.373640 2.697241 0.000000
-0.159403 0.186502 2.895851 0.000000
-0.381316 -0.037155 2.830098 0.057692
0.019061 -0.028502 2.725125 0.730769
-0.144863 -0.043117 2.915079 0.000000
-0.434614 0.030322 2.816452 1.000000
0.014536 0.144414 2.555895 1.000000
-0.402988 -0.262043 2.762169 1.000000
-0.067448 0.034859 2.289998 1.000000
-0.396383 -0.322620 2.796167 0.290865
-0.090587 0.002797 2.232503 0.947115
-0.291116 -0.568633 2.802160 1.000000
-0.059191 -0.562562 2.788927 1.000000
-0.295639 -0.986039 2.909460 1.000000
-0.072104 -0.982117 2.886739 1.000000
-0.338093 -1.024434 2.758311 0.000000
-0.106033 -1.017005 2.732615 0.000000
-0.245323 0.607054 2.737173 0.475962
-0.369695 0.307566 2.853281 1.000000
-0.016169 0.341870 2.769213 1.000000
-0.223352 0.377847 2.705002 0.000000
-0.158786 0.184576 2.897651 0.000000
-0.382387 -0.036632 2.822870 0.125000
0.020063 -0.030621 2.725951 1.000000
-0.147728 -0.042803 2.912673 0.000000
-0.435235 0.031761 2.817796 1.000000
0.018834 0.147602 2.562675 1.000000
-0.402338 -0.257606 2.753367 1.000000
-0.059010 0.049674 2.291904 1.000000
-0.395597 -0.320724 2.782345 0.375000
-0.084473 0.016542 2.236021 0.879808
-0.290101 -0.568779 2.807080 1.000000
-0.060020 -0.563742 2.791353 1.000000
-0.295984 -0.989264 2.901521 1.000000
-0.071991 -0.984524 2.883878 1.000000
-0.335322 -1.023094 2.748450 0.000000
-0.103904 -1.017684 2.728944 0.000000
-0.244284 0.605616 2.732774 0.653846
-0.369529 0.311327 2.847009 1.000000
-0.014240 0.342279 2.769313 1.000000
-0.219934 0.377528 2.700104 0.000000
-0.160087 0.188607 2.898507 0.000000
-0.381561 -0.032687 2.821891 0.134615
0.021379 -0.028199 2.726939 0.788462
-0.147381 -0.041865 2.912682 0.000000
-0.437518 0.034723 2.824076 1.000000
0.019394 0.144618 2.565703 1.000000
-0.401878 -0.253088 2.754084 1.000000
-0.060297 0.051963 2.293548 0.903846
-0.401251 -0.315202 2.785872 0.341346
-0.081791 0.018542 2.236188 1.000000
-0.289480 -0.565328 2.802477 1.000000
-0.057703 -0.560951 2.786330 1.000000
-0.298718 -0.983323 2.907147 1.000000
-0.075239 -0.980566 2.883165 1.000000
-0.336950 -1.020674 2.754615 0.000000
-0.104863 -1.015117 2.728081 0.000000
-0.244838 0.610959 2.731825 0.471154
-0.367911 0.308169 2.851413 1.000000
-0.013912 0.340592 2.768600 1.000000
-0.220685 0.377094 2.703372 0.000000
-0.157692 0.184540 2.897257 0.000000
-0.382232 -0.034396 2.822923 0.048077
0.021187 -0.028514 2.730109 0.759615
-0.148506 -0.042333 2.914990 0.000000
-0.434653 0.033175 2.815652 1.000000
0.015663 0.142214 2.565803 1.000000
-0.402576 -0.255390 2.749503 1.000000
-0.054471 0.043185 2.293867 0.980769
-0.390877 -0.323668 2.757894 0.341346
-0.076126 -0.000878 2.244282 1.000000
-0.290024 -0.566559 2.805724 1.000000
-0.059277 -0.562080 2.786812 1.000000
-0.300258 -0.984174 2.911809 1.000000
-0.071616 -0.981999 2.883128 1.000000
-0.337689 -1.022023 2.759202 0.000000
-0.100997 -1.016709 2.728033 0.000000
-0.237998 0.609602 2.728234 0.634615
-0.369250 0.311903 2.848586 1.000000
-0.014011 0.339102 2.769273 0.990385
-0.219586 0.378175 2.701783 0.000000
-0.161237 0.185584 2.897079 0.000000
-0.384405 -0.036501 2.823605 0.038462
0.020108 -0.029009 2.735805 1.000000
-0.151809 -0.044055 2.918522 0.000000
-0.433605 0.036905 2.815452 1.000000
0.023797 0.138697 2.571103 1.000000
-0.402875 -0.251251 2.750951 1.000000
-0.053963 0.028061 2.306809 0.865385
-0.396998 -0.319712 2.763101 0.391827
-0.073504 -0.015649 2.256047 1.000000
-0.290042 -0.568324 2.805483 1.000000
-0.057486 -0.562721 2.791025 1.000000
-0.299724 -0.986458 2.909558 1.000000
-0.073996 -0.983543 2.882661 1.000000
-0.335152 -1.023773 2.756342 0.000000
-0.101053 -1.016432 2.726748 0.000000
-0.246624 0.608298 2.739847 0.509615
-0.371528 0.309386 2.850726 1.000000
-0.016760 0.338408 2.769964 1.000000
-0.222795 0.376815 2.703505 0.000000
-0.162758 0.183809 2.897877 0.000000
-0.381100 -0.034322 2.821934 0.048077
0.022325 -0.030563 2.729037 0.923077
-0.147393 -0.042648 2.914016 0.000000
-0.433549 0.034502 2.817025 1.000000
0.016994 0.131908 2.578230 1.000000
-0.403572 -0.253689 2.755084 1.000000
-0.044191 0.018146 2.311576 0.807692
-0.396491 -0.322418 2.764849 0.324519
-0.070956 -0.024272 2.263063 1.000000
-0.291414 -0.567086 2.803527 1.000000
-0.058274 -0.563516 2.786224 1.000000
-0.297121 -0.986125 2.904197 1.000000
-0.074391 -0.982404 2.886397 1.000000
-0.335295 -1.022320 2.751373 0.000000
-0.103036 -1.018357 2.731447 0.000000
-0.246425 0.604508 2.747813 0.557692
-0.373020 0.306114 2.845560 1.000000
-0.017325 0.339823 2.770930 1.000000
-0.222682 0.373251 2.699843 0.000000
-0.163045 0.185214 2.899147 0.000000
-0.381537 -0.036215 2.817665 0.125000
0.023548 -0.031996 2.732318 0.798077
-0.149585 -0.044967 2.914043 0.000000
-0.434228 0.030063 2.821636 1.000000
0.014934 0.131434 2.581045 1.000000
-0.404576 -0.257633 2.757454 1.000000
-0.050549 0.010292 2.318739 0.865385
-0.394628 -0.320874 2.785214 0.425481
-0.065829 -0.038793 2.271556 1.000000
-0.289687 -0.568551 2.808797 1.000000
-0.059629 -0.564899 2.790805 1.000000
-0.298515 -0.988975 2.903280 1.000000
-0.074887 -0.985202 2.885002 1.000000
-0.333435 -1.022878 2.749157 0.000000
-0.101973 -1.019112 2.729313 0.000000
-0.237951 0.613262 2.737880 0.634615
-0.375411 0.302035 2.851765 1.000000
-0.022919 0.339617 2.764807 1.000000
-0.230934 0.374385 2.702653 0.000000
-0.163174 0.180413 2.893493 0.000000
-0.380860 -0.036851 2.825032 0.028846
0.020695 -0.032463 2.724381 0.990385
-0.145415 -0.045569 2.912538 0.000000
-0.432675 0.025884 2.812369 1.000000
0.012000 0.125282 2.580602 1.000000
-0.397844 -0.261819 2.746044 1.000000
-0.044871 -0.011910 2.323057 0.942308
-0.393690 -0.327231 2.769984 0.425481
-0.064859 -0.054664 2.271660 1.000000
-0.292325 -0.569218 2.807056 1.000000
-0.056626 -0.564804 2.788716 1.000000
-0.297210 -0.988306 2.907566 1.000000
-0.073570 -0.984953 2.883313 1.000000
-0.338360 -1.024304 2.755469 0.000000
-0.105760 -1.018506 2.728521 0.000000
-0.221096 0.606305 2.740000 0.793269
-0.376889 0.303373 2.851732 1.000000
-0.024282 0.337636 2.763873 1.000000
-0.232128 0.374045 2.702092 0.000000
-0.165626 0.180019 2.893320 0.000000
-0.386314 -0.041366 2.819293 0.028846
0.016009 -0.031978 2.722113 1.000000
-0.151544 -0.047004 2.908841 0.000000
-0.436010 0.027315 2.808594 1.000000
0.015176 0.111918 2.593408 1.000000
-0.399318 -0.262210 2.747512 1.000000
-0.042065 -0.039751 2.343165 1.000000
-0.392329 -0.323077 2.780910 0.358173
-0.061112 -0.078288 2.288200 1.000000
-0.291319 -0.572440 2.805075 1.000000
-0.056913 -0.565080 2.789467 1.000000
-0.296996 -0.991180 2.906985 1.000000
-0.072856 -0.985692 2.882161 1.000000
-0.336055 -1.027767 2.754478 0.000000
-0.103642 -1.018726 2.726972 0.000000
-0.215646 0.611361 2.732577 0.625000
-0.375344 0.302968 2.844141 1.000000
-0.020868 0.338732 2.764814 1.000000
-0.227321 0.373638 2.697726 0.000000
-0.164500 0.181028 2.891611 0.000000
-0.392289 -0.042318 2.810949 0.153846
0.012861 -0.028822 2.726880 0.932692
-0.160478 -0.047258 2.907936 0.000000
-0.447521 0.028123 2.809664 1.000000
0.020098 0.094576 2.621124 1.000000
-0.403882 -0.259906 2.743003 1.000000
-0.034155 -0.084265 2.387925 1.000000
-0.391041 -0.326486 2.759471 0.526442
-0.056647 -0.130558 2.340806 0.812500
-0.290427 -0.572121 2.803397 1.000000
-0.057883 -0.563239 2.785161 1.000000
-0.299442 -0.989727 2.909629 1.000000
-0.075887 -0.983192 2.880430 1.000000
-0.332613 -1.028052 2.756158 0.000000
-0.100251 -1.017546 2.724389 0.000000
-0.220240 0.616014 2.739161 0.697115
-0.373659 0.300587 2.844166 1.000000
-0.021510 0.335080 2.754576 1.000000
-0.229764 0.367885 2.692155 0.000000
-0.161302 0.180297 2.889030 0.000000
-0.376798 -0.033266 2.808792 0.067308
0.024262 -0.040606 2.706355 0.461538
-0.141228 -0.046243 2.895428 0.000000
-0.425887 0.020573 2.813100 1.000000
0.037801 0.070675 2.661445 1.000000
-0.401431 -0.268571 2.740401 1.000000
-0.006697 -0.191018 2.523518 1.000000
-0.390173 -0.331789 2.767710 0.307692
-0.033861 -0.245331 2.489147 0.610577
-0.291566 -0.568570 2.802661 1.000000
-0.059075 -0.568866 2.782181 1.000000
-0.298953 -0.986767 2.906668 1.000000
-0.076027 -0.987669 2.882567 1.000000
-0.340839 -1.023746 2.755008 0.000000
-0.110200 -1.023182 2.728640 0.000000
-0.221974 0.614615 2.751514 0.557692
-0.371139 0.305672 2.832599 1.000000
-0.016450 0.327711 2.749323 1.000000
-0.222470 0.362884 2.681052 0.000000
-0.162867 0.182268 2.887114 0.000000
-0.380680 -0.042257 2.802608 0.028846
0.024433 -0.038787 2.717357 0.471154
-0.148770 -0.051831 2.899011 0.000000
-0.431786 0.027291 2.812763 1.000000
0.058785 0.059812 2.685004 1.000000
-0.404710 -0.260148 2.738258 1.000000
0.012202 -0.229502 2.629932 1.000000
-0.393025 -0.326526 2.756326 0.425481
-0.011471 -0.295064 2.633136 1.000000
-0.295273 -0.573589 2.804286 1.000000
-0.064359 -0.571536 2.779203 1.000000
-0.298765 -0.993132 2.902940 1.000000
-0.074323 -0.989824 2.882628 1.000000
-0.334674 -1.028921 2.749472 0.000000
-0.102047 -1.027421 2.727901 0.000000
-0.212437 0.615534 2.756021 0.509615
