-0.380487 0.299466 2.668367 1.000000
-0.038561 0.294971 2.622629 1.000000
-0.228111 0.358493 2.500524 0.000000
-0.201561 0.162014 2.718313 0.000000
-0.374153 -0.047433 2.581252 0.336538
-0.032436 -0.047364 2.551608 0.865385
-0.193365 -0.050696 2.680888 0.000000
-0.433234 0.029803 2.645941 1.000000
0.025528 0.027221 2.636981 1.000000
-0.403048 -0.257461 2.609797 1.000000
0.012703 -0.261170 2.599509 1.000000
-0.390768 -0.321776 2.608787 0.492788
-0.003616 -0.321679 2.618499 0.644231
-0.286996 -0.546005 2.684762 1.000000
-0.087818 -0.544312 2.670061 1.000000
-0.289203 -0.946847 2.755257 1.000000
-0.070940 -0.945053 2.739135 1.000000
-0.302445 -0.974026 2.600304 0.000000
-0.084498 -0.972325 2.584226 0.000000
-0.209208 0.555327 2.531775 1.000000
-0.375666 0.296194 2.655452 1.000000
-0.032411 0.291497 2.621110 1.000000
-0.218020 0.350210 2.490819 0.000000
-0.198101 0.161161 2.715773 0.000000
-0.373299 -0.049893 2.581867 0.326923
-0.031979 -0.050786 2.547973 0.740385
-0.191299 -0.054482 2.679220 0.000000
-0.437009 0.026588 2.646078 1.000000
0.028195 0.022166 2.639149 1.000000
-0.399923 -0.259484 2.600023 1.000000
0.011278 -0.266588 2.598293 1.000000
-0.391619 -0.323046 2.613411 0.459135
-0.002769 -0.330148 2.605446 0.610577
-0.287077 -0.548186 2.685618 1.000000
-0.088912 -0.546102 2.672856 1.000000
-0.286696 -0.949599 2.752827 1.000000
-0.072608 -0.946968 2.741339 1.000000
-0.302079 -0.975559 2.597863 0.000000
-0.088298 -0.974042 2.586596 0.000000
-0.206106 0.554523 2.527774 1.000000
-0.377728 0.295721 2.662525 1.000000
-0.036108 0.281063 2.616636 1.000000
-0.224069 0.346786 2.493247 0.000000
-0.202457 0.154736 2.715487 0.000000
-0.372524 -0.052609 2.583053 0.269231
-0.031718 -0.055457 2.544428 0.865385
-0.189201 -0.056460 2.677922 0.000000
-0.433647 0.025126 2.640936 1.000000
0.029190 0.012763 2.640431 1.000000
-0.401085 -0.261803 2.593455 1.000000
0.015353 -0.274302 2.585247 1.000000
-0.387719 -0.325131 2.603412 0.509615
-0.004171 -0.335451 2.598205 0.677885
-0.285230 -0.551902 2.685192 1.000000
-0.085291 -0.549435 2.673069 1.000000
-0.286177 -0.952158 2.758972 1.000000
-0.070365 -0.950759 2.739138 1.000000
-0.303820 -0.980558 2.604678 0.000000
-0.088343 -0.976888 2.584482 0.000000
-0.205773 0.551531 2.534129 1.000000
-0.381157 0.297272 2.661486 1.000000
-0.039010 0.277370 2.621934 1.000000
-0.223612 0.346042 2.495128 0.000000
-0.209092 0.153576 2.717584 0.000000
-0.372751 -0.052771 2.584908 0.259615
-0.032017 -0.057405 2.545823 1.000000
-0.189353 -0.059408 2.679479 0.000000
-0.433633 0.026472 2.634770 1.000000
0.030034 0.009885 2.643954 1.000000
-0.404359 -0.263237 2.605819 1.000000
0.020852 -0.274455 2.575449 1.000000
-0.392709 -0.326327 2.618942 0.442308
-0.016183 -0.328454 2.574566 0.778846
-0.284341 -0.554066 2.680359 1.000000
-0.085101 -0.550486 2.674187 1.000000
-0.288508 -0.954534 2.752870 1.000000
-0.068710 -0.952150 2.737798 1.000000
-0.306451 -0.982299 2.598495 0.000000
-0.087284 -0.977413 2.583068 0.000000
-0.208076 0.550992 2.537267 1.000000
-0.385116 0.298654 2.657244 1.000000
-0.041262 0.292085 2.629919 1.000000
-0.223675 0.355275 2.497229 0.000000
-0.209842 0.160866 2.718034 0.000000
-0.367624 -0.049064 2.575062 0.403846
-0.025371 -0.050980 2.552524 1.000000
-0.188970 -0.053803 2.678420 0.000000
-0.433504 0.027041 2.636085 1.000000
0.031094 0.025458 2.645326 1.000000
-0.399087 -0.259726 2.592025 1.000000
0.040809 -0.252509 2.555876 1.000000
-0.385405 -0.322743 2.603426 0.526442
-0.001141 -0.291944 2.587074 0.812500
-0.285162 -0.548617 2.678253 1.000000
-0.084691 -0.546207 2.674110 1.000000
-0.288295 -0.947102 2.761012 1.000000
-0.072730 -0.947914 2.738437 1.000000
-0.298655 -0.979058 2.606753 0.000000
-0.083297 -0.973128 2.582947 0.000000
-0.208873 0.549702 2.523215 1.000000
-0.383491 0.295590 2.652373 1.000000
-0.038767 0.297343 2.638684 1.000000
-0.217218 0.359594 2.500286 0.000000
-0.207600 0.160335 2.716952 0.000000
-0.364393 -0.064161 2.572230 0.855769
-0.022614 -0.038883 2.558189 0.932692
-0.188517 -0.055194 2.679978 0.000000
-0.432603 0.025083 2.633059 1.000000
0.034228 0.031988 2.653414 1.000000
-0.394625 -0.259316 2.584447 1.000000
0.069288 -0.206010 2.489658 1.000000
-0.385210 -0.322393 2.599308 0.677885
0.070175 -0.266891 2.465554 0.173077
-0.287624 -0.553742 2.679932 1.000000
-0.085360 -0.544735 2.670770 1.000000
-0.287549 -0.952748 2.760199 1.000000
-0.074704 -0.945974 2.738173 1.000000
-0.291469 -0.983875 2.605473 0.000000
-0.078334 -0.972215 2.582536 0.000000
-0.210139 0.557105 2.536923 1.000000
-0.388752 0.294394 2.643612 1.000000
-0.044477 0.311624 2.657844 1.000000
-0.214132 0.371463 2.507811 0.000000
-0.212433 0.164461 2.717306 0.000000
-0.361870 -0.057085 2.557587 1.000000
-0.019875 -0.036257 2.573542 1.000000
-0.195791 -0.053709 2.680179 0.000000
-0.438836 0.027273 2.628050 1.000000
0.049238 0.056359 2.670548 1.000000
-0.396224 -0.252903 2.580027 1.000000
0.101218 -0.072784 2.419070 1.000000
-0.385042 -0.315528 2.595561 0.610577
0.112563 -0.108023 2.365054 0.021635
-0.288824 -0.546715 2.677009 1.000000
-0.087681 -0.542606 2.669380 1.000000
-0.284714 -0.946017 2.755691 1.000000
-0.074546 -0.943515 2.738287 1.000000
-0.275753 -0.976401 2.601027 0.000000
-0.065403 -0.969922 2.582905 0.000000
-0.211705 0.548245 2.519260 1.000000
-0.389545 0.290509 2.631637 1.000000
-0.046354 0.311954 2.659662 1.000000
-0.210364 0.367636 2.501947 0.000000
-0.214971 0.163719 2.714403 0.000000
-0.359410 -0.055997 2.546965 1.000000
-0.019845 -0.037213 2.591593 1.000000
-0.204043 -0.055994 2.682920 0.000000
-0.439832 0.026332 2.627481 1.000000
0.051441 0.062408 2.681980 1.000000
-0.392203 -0.250322 2.584557 1.000000
0.110652 0.049648 2.404527 0.500000
-0.381136 -0.314733 2.580440 0.711538
0.126836 0.046401 2.341157 0.156250
-0.287867 -0.545944 2.674766 1.000000
-0.087458 -0.545084 2.668212 1.000000
-0.287347 -0.945564 2.751918 1.000000
-0.076290 -0.945913 2.737927 1.000000
-0.265443 -0.975175 2.598399 0.000000
-0.054359 -0.972111 2.583793 0.000000
-0.215182 0.549440 2.517513 1.000000
-0.389118 0.294555 2.631880 1.000000
-0.046068 0.311168 2.664532 1.000000
-0.207706 0.375188 2.507534 0.000000
-0.216785 0.162546 2.711106 0.000000
-0.360109 -0.055263 2.540799 1.000000
-0.022244 -0.037086 2.597068 0.961538
-0.209552 -0.054830 2.682060 0.000000
-0.439986 0.034052 2.622395 1.000000
0.059280 0.067705 2.677450 1.000000
-0.402862 -0.242158 2.591156 1.000000
0.131529 0.147043 2.418352 0.596154
-0.390404 -0.306410 2.593339 0.879808
0.123553 0.190667 2.370170 0.442308
-0.285924 -0.544406 2.677355 1.000000
-0.087360 -0.545761 2.665384 1.000000
-0.292300 -0.944680 2.750765 1.000000
-0.077216 -0.946023 2.738435 1.000000
-0.264684 -0.973145 2.597953 0.000000
-0.049857 -0.973268 2.585354 0.000000
-0.211540 0.547600 2.517272 1.000000
-0.392671 0.295891 2.624571 1.000000
-0.049386 0.300795 2.658576 1.000000
-0.207808 0.365171 2.498477 0.000000
-0.225780 0.160435 2.709430 0.000000
-0.359559 -0.058680 2.543742 1.000000
-0.019721 -0.040509 2.586513 1.000000
-0.203621 -0.056195 2.679018 0.000000
-0.442328 0.037666 2.618888 1.000000
0.115855 0.096877 2.641510 1.000000
-0.402351 -0.234906 2.583748 1.000000
0.110174 0.320041 2.476300 1.000000
-0.392389 -0.298584 2.595328 0.812500
0.101815 0.364291 2.428758 0.980769
-0.289347 -0.547609 2.677021 1.000000
-0.088807 -0.547917 2.667315 1.000000
-0.288301 -0.947097 2.754850 1.000000
-0.079659 -0.947933 2.741829 1.000000
-0.267311 -0.976966 2.601254 0.000000
-0.058507 -0.976116 2.587937 0.000000
-0.220542 0.540462 2.505027 1.000000
-0.393469 0.299963 2.619710 1.000000
-0.050926 0.304883 2.660521 1.000000
-0.205998 0.367112 2.496343 0.000000
-0.228544 0.165539 2.709887 0.000000
-0.358569 -0.052983 2.537380 1.000000
-0.020185 -0.042605 2.592494 1.000000
-0.207676 -0.053070 2.678284 0.000000
-0.442268 0.042633 2.618006 1.000000
0.131457 0.125228 2.605176 1.000000
-0.408121 -0.229935 2.585947 1.000000
0.092258 0.382079 2.510422 1.000000
-0.389919 -0.292661 2.581218 0.610577
0.069628 0.438740 2.486641 1.000000
-0.290424 -0.544578 2.674692 1.000000
-0.088227 -0.548221 2.666989 1.000000
-0.290833 -0.944409 2.750747 1.000000
-0.078164 -0.948501 2.739953 1.000000
-0.265252 -0.973546 2.597707 0.000000
-0.052058 -0.975787 2.586660 0.000000
-0.214304 0.548139 2.507875 1.000000
-0.384711 0.305395 2.627529 1.000000
-0.040208 0.305148 2.646037 1.000000
-0.204761 0.374484 2.494418 0.000000
-0.216083 0.166239 2.702376 0.000000
-0.362259 -0.052871 2.546705 1.000000
-0.020740 -0.040405 2.576001 1.000000
-0.201115 -0.052062 2.675757 0.000000
-0.443388 0.049941 2.622272 1.000000
0.159474 0.165666 2.549086 1.000000
-0.408686 -0.222831 2.590377 1.000000
0.063720 0.424409 2.526519 1.000000
-0.396397 -0.287152 2.590119 0.745192
0.036307 0.483553 2.520288 1.000000
-0.290942 -0.543481 2.677510 1.000000
-0.090024 -0.545389 2.664210 1.000000
-0.288985 -0.943493 2.752580 1.000000
-0.076658 -0.944991 2.740296 1.000000
-0.274767 -0.972428 2.598031 0.000000
-0.062253 -0.973932 2.585767 0.000000
-0.212269 0.547003 2.500263 1.000000
-0.387706 0.301298 2.639950 1.000000
-0.043051 0.309943 2.627177 1.000000
-0.222409 0.377412 2.492446 0.000000
-0.209529 0.165451 2.696524 0.000000
-0.358997 -0.047584 2.563092 1.000000
-0.016224 -0.038584 2.554464 1.000000
-0.184509 -0.051324 2.673376 0.000000
-0.442803 0.043039 2.628923 1.000000
0.131628 0.211880 2.454765 1.000000
-0.407225 -0.232607 2.603688 1.000000
0.030395 0.467542 2.502430 1.000000
-0.394374 -0.296735 2.606969 0.610577
0.002436 0.516548 2.535672 1.000000
-0.290852 -0.538762 2.680717 1.000000
-0.091306 -0.540295 2.662449 1.000000
-0.287694 -0.939460 2.751994 1.000000
-0.073180 -0.939839 2.737849 1.000000
-0.291176 -0.967129 2.596601 0.000000
-0.076453 -0.969253 2.582773 0.000000
-0.216010 0.547552 2.498445 1.000000
-0.387314 0.305555 2.647975 1.000000
-0.043634 0.297731 2.618853 0.788462
-0.225753 0.373839 2.492703 0.000000
-0.213350 0.161288 2.696195 0.000000
-0.356347 -0.045726 2.574121 0.798077
-0.015451 -0.042030 2.536371 1.000000
-0.173203 -0.049589 2.669335 0.000000
-0.438535 0.049211 2.633850 1.000000
0.086066 0.241535 2.398500 1.000000
-0.402284 -0.223137 2.603437 1.000000
-0.002095 0.497346 2.455071 1.000000
-0.394801 -0.288191 2.603017 0.762019
-0.009200 0.545680 2.498679 0.728365
-0.288556 -0.539590 2.681620 1.000000
-0.089249 -0.540446 2.660991 1.000000
-0.288822 -0.941136 2.748027 1.000000
-0.074732 -0.940148 2.736332 1.000000
-0.305880 -0.966733 2.593178 0.000000
-0.091529 -0.969815 2.582182 0.000000
-0.219523 0.544142 2.499347 1.000000
-0.375608 0.296940 2.651885 1.000000
-0.034415 0.276939 2.604850 0.673077
-0.219548 0.363498 2.490364 0.000000
-0.205236 0.144853 2.687164 0.000000
-0.359316 -0.050838 2.576362 0.923077
-0.019206 -0.050397 2.531934 1.000000
-0.174376 -0.053940 2.668067 0.000000
-0.442990 0.044390 2.651280 1.000000
0.021622 0.270293 2.349630 1.000000
-0.406958 -0.227797 2.623178 1.000000
-0.034918 0.539556 2.371414 1.000000
-0.399360 -0.292745 2.619691 0.728365
-0.030643 0.582764 2.420435 0.408654
-0.289589 -0.545656 2.684531 1.000000
-0.085440 -0.546637 2.662380 1.000000
-0.285411 -0.946555 2.754611 1.000000
-0.074688 -0.946240 2.738871 1.000000
-0.306147 -0.973715 2.600478 0.000000
-0.094636 -0.976201 2.585154 0.000000
-0.213949 0.534887 2.504257 1.000000
-0.340443 0.333146 2.659130 1.000000
-0.009689 0.257912 2.596148 0.105769
-0.184928 0.369306 2.487720 0.024038
-0.194358 0.157079 2.691709 0.000000
-0.358811 -0.040989 2.582792 1.000000
-0.020176 -0.056779 2.530577 1.000000
-0.171911 -0.047362 2.670257 0.000000
-0.439162 0.090695 2.661115 1.000000
-0.037796 0.288588 2.337689 0.907692
-0.416281 -0.183371 2.633317 1.000000
-0.081158 0.484295 2.147356 1.000000
-0.406864 -0.247025 2.621165 0.644231
-0.078050 0.546136 2.126042 1.000000
-0.286896 -0.542735 2.686143 1.000000
-0.082098 -0.548599 2.661767 1.000000
-0.287471 -0.944847 2.749034 1.000000
-0.076635 -0.948231 2.738669 1.000000
-0.313053 -0.968884 2.595111 0.000000
-0.101543 -0.978018 2.585644 0.000000
-0.213951 0.539278 2.503759 1.000000
-0.359573 0.318353 2.688952 1.000000
-0.050676 0.290038 2.545417 0.000000
-0.264648 0.347307 2.476762 0.000000
-0.175664 0.178987 2.701464 0.000000
-0.354284 -0.038753 2.622917 0.807692
-0.040404 -0.051150 2.485170 1.000000
-0.151044 -0.040539 2.659148 0.000000
-0.441529 0.068202 2.679365 1.000000
-0.056963 0.311546 2.282963 0.338462
-0.405102 -0.203290 2.631159 1.000000
-0.110306 0.358152 2.014000 1.000000
-0.395775 -0.267645 2.623435 0.762019
-0.136410 0.363538 1.954185 1.000000
-0.286169 -0.544504 2.679724 1.000000
-0.080791 -0.538930 2.657629 1.000000
-0.287614 -0.944850 2.753006 1.000000
-0.072962 -0.938485 2.734727 1.000000
-0.351896 -0.970589 2.611126 0.000000
-0.135728 -0.967116 2.592723 0.000000
-0.213283 0.570174 2.509749 1.000000
-0.382086 0.273906 2.679440 1.000000
-0.070702 0.287448 2.537919 0.000000
-0.290749 0.307899 2.466424 0.000000
-0.179009 0.165310 2.698637 0.000000
-0.352748 -0.064799 2.615580 0.586538
-0.033748 -0.065872 2.489539 1.000000
-0.151095 -0.057193 2.659176 0.000000
-0.434414 0.016327 2.680506 1.000000
-0.081525 0.291941 2.275338 0.000000
-0.386850 -0.250659 2.621498 1.000000
-0.127879 0.281737 2.001891 0.605769
-0.367991 -0.310579 2.602998 0.913462
-0.153498 0.274614 1.942048 0.980769
-0.286676 -0.562122 2.694947 1.000000
-0.080318 -0.557228 2.661618 1.000000
-0.288151 -0.964863 2.753660 1.000000
-0.071204 -0.956366 2.740709 1.000000
-0.346444 -0.985819 2.608446 0.000000
-0.127380 -0.986277 2.596231 0.000000
-0.219015 0.561756 2.529378 1.000000
-0.375755 0.264838 2.672395 1.000000
-0.064624 0.271670 2.529898 0.000000
-0.284577 0.293192 2.458488 0.000000
-0.173922 0.154282 2.693435 0.000000
-0.356625 -0.078158 2.615707 0.701923
-0.037973 -0.080845 2.488811 1.000000
-0.154851 -0.070091 2.658654 0.000000
-0.444279 0.014170 2.706504 1.000000
-0.086897 0.268509 2.268771 0.107692
-0.391789 -0.244120 2.622126 1.000000
-0.133186 0.255761 1.996221 0.567308
-0.382024 -0.308615 2.627891 0.677885
-0.160391 0.264507 1.937301 0.711538
-0.289419 -0.574325 2.701923 1.000000
-0.081231 -0.572038 2.659323 1.000000
-0.288992 -0.977483 2.757714 1.000000
-0.073943 -0.970468 2.742086 1.000000
-0.347894 -0.997623 2.612630 0.000000
-0.130483 -1.001438 2.597973 0.000000
-0.220062 0.552045 2.530601 1.000000
-0.326908 0.235634 2.727308 0.000000
-0.055289 0.259480 2.515934 0.000000
-0.284786 0.305724 2.507793 0.110577
-0.137160 0.114172 2.675886 0.000000
-0.342367 -0.090176 2.660424 1.000000
-0.068198 -0.090142 2.454317 1.000000
-0.136343 -0.083260 2.649076 0.000000
-0.446164 0.006593 2.685089 1.000000
-0.076655 0.268901 2.255321 0.000000
-0.388499 -0.255794 2.620588 1.000000
-0.131826 0.279949 1.984828 0.826923
-0.383678 -0.320765 2.627206 0.711538
-0.160237 0.302243 1.930202 0.711538
-0.291573 -0.588761 2.704017 1.000000
-0.081648 -0.574986 2.662410 1.000000
-0.286257 -0.992198 2.757497 1.000000
-0.073460 -0.972918 2.747452 1.000000
-0.383278 -1.009820 2.634206 0.000000
-0.167561 -1.001260 2.623895 0.000000
-0.219246 0.526281 2.557675 1.000000
-0.292483 0.225438 2.745015 0.000000
-0.060281 0.252318 2.492059 0.000000
-0.285675 0.305201 2.524867 0.062500
-0.118593 0.101556 2.656600 0.000000
-0.320223 -0.097931 2.692363 1.000000
-0.091000 -0.097998 2.437205 1.000000
-0.120149 -0.094491 2.641558 0.000000
-0.453866 0.029833 2.682154 0.953846
-0.062020 0.294304 2.234199 0.492308
-0.395648 -0.233199 2.622769 1.000000
-0.142056 0.323082 1.971772 1.000000
-0.392185 -0.298586 2.621849 0.745192
-0.160918 0.329836 1.909427 0.000000
-0.297951 -0.597208 2.707185 1.000000
-0.080663 -0.578722 2.663682 1.000000
-0.286410 -1.001187 2.755319 1.000000
-0.076093 -0.977033 2.747208 1.000000
-0.408605 -1.016449 2.656525 0.000000
-0.197108 -0.999171 2.648264 0.000000
-0.215187 0.520651 2.577856 1.000000
-0.279342 0.178011 2.756395 0.000000
-0.069730 0.229085 2.491915 1.000000
-0.286767 0.286301 2.548809 0.000000
-0.119842 0.060440 2.637488 0.418269
-0.285868 -0.100750 2.711910 1.000000
-0.090050 -0.128220 2.431643 1.000000
-0.093956 -0.118117 2.637810 1.000000
-0.506959 0.102547 2.654022 0.630769
-0.068294 0.298995 2.240727 0.492308
-0.382103 -0.120583 2.551932 1.000000
-0.133339 0.358899 1.980000 1.000000
-0.388789 -0.172986 2.590629 1.000000
-0.150251 0.373029 1.918335 0.000000
-0.299046 -0.608287 2.708390 1.000000
-0.079520 -0.600401 2.669673 1.000000
-0.294225 -1.013429 2.746938 1.000000
-0.076748 -0.995864 2.765856 1.000000
-0.428700 -1.022848 2.664766 0.000000
-0.207840 -1.017521 2.680589 0.000000
-0.231645 0.478149 2.585982 1.000000
-0.288013 0.205067 2.756573 0.000000
-0.059418 0.237676 2.502323 0.846154
-0.280040 0.301023 2.543026 0.019231
-0.123301 0.078434 2.655400 0.000000
-0.299965 -0.096234 2.702831 1.000000
-0.083421 -0.129326 2.438894 1.000000
-0.103179 -0.117255 2.644044 0.346154
-0.461440 0.032581 2.667148 0.907692
-0.059968 0.306508 2.251151 0.692308
-0.386917 -0.220405 2.589271 1.000000
-0.129325 0.368164 1.992292 1.000000
-0.391418 -0.281331 2.612849 1.000000
-0.149774 0.382427 1.931739 0.038462
-0.303945 -0.606137 2.706523 1.000000
-0.080515 -0.599557 2.672864 1.000000
-0.286124 -1.008034 2.768250 1.000000
-0.076525 -0.995059 2.768843 1.000000
-0.413619 -1.027667 2.677233 0.000000
-0.198416 -1.019880 2.671628 0.000000
-0.229228 0.498006 2.595870 1.000000
-0.280672 0.204906 2.762966 0.000000
-0.057991 0.229966 2.503592 1.000000
-0.273843 0.302978 2.550342 0.028846
-0.124725 0.072045 2.656052 0.000000
-0.283001 -0.090960 2.707552 1.000000
-0.076180 -0.134025 2.437331 1.000000
-0.089021 -0.119416 2.642865 0.548077
-0.472454 0.064190 2.657609 0.815385
-0.056256 0.306784 2.255041 0.615385
-0.375635 -0.180431 2.578574 1.000000
-0.125293 0.372163 1.997322 1.000000
-0.390827 -0.237553 2.606762 1.000000
-0.143138 0.389201 1.936663 0.038462
-0.300691 -0.603118 2.705515 1.000000
-0.077954 -0.602399 2.672737 1.000000
-0.285677 -1.004833 2.769145 1.000000
-0.078315 -0.997636 2.769884 1.000000
-0.416304 -1.023446 2.682457 0.000000
-0.203792 -1.020397 2.676815 0.000000
-0.229127 0.491424 2.598786 1.000000
-0.363266 0.253705 2.705292 1.000000
-0.069699 0.250211 2.532521 0.000000
-0.291105 0.298062 2.486891 0.000000
-0.171822 0.124858 2.693076 0.000000
-0.358169 -0.095576 2.638773 0.865385
-0.055831 -0.102527 2.476932 1.000000
-0.152719 -0.094258 2.659049 0.000000
-0.443127 0.010172 2.662801 1.000000
-0.033010 0.293319 2.278971 0.676923
-0.389846 -0.254458 2.614012 1.000000
-0.106230 0.361897 2.023659 1.000000
-0.390403 -0.319618 2.620503 0.745192
-0.149375 0.379985 1.977838 0.408654
-0.295618 -0.595880 2.702659 1.000000
-0.079691 -0.585367 2.671705 1.000000
-0.285547 -0.998254 2.763015 1.000000
-0.074456 -0.980678 2.768406 1.000000
-0.361789 -1.020626 2.626592 0.000000
-0.145855 -1.015028 2.631852 0.000000
-0.212091 0.541313 2.574686 1.000000
-0.371934 0.268422 2.702895 1.000000
-0.053457 0.269062 2.570241 0.000000
-0.269354 0.327743 2.500825 0.000000
-0.183505 0.134681 2.706002 0.000000
-0.356543 -0.074324 2.615006 0.567308
-0.035342 -0.079249 2.494779 1.000000
-0.155622 -0.072762 2.662448 0.000000
-0.438345 0.020796 2.662252 1.000000
-0.026135 0.272836 2.312133 0.615385
-0.389727 -0.244791 2.615089 1.000000
-0.097622 0.340133 2.056231 1.000000
-0.389236 -0.310261 2.613802 0.644231
-0.127205 0.356723 2.000215 0.947115
-0.291883 -0.572235 2.697932 1.000000
-0.082620 -0.567341 2.669902 1.000000
-0.290733 -0.975140 2.755510 1.000000
-0.069760 -0.966837 2.746625 1.000000
-0.346848 -0.996173 2.609451 0.000000
-0.124011 -0.996482 2.601359 0.000000
-0.206009 0.550494 2.573107 1.000000
-0.366801 0.302744 2.671819 1.000000
-0.033425 0.273576 2.587946 0.000000
-0.232277 0.340564 2.483811 0.000000
-0.191055 0.157946 2.711170 0.000000
-0.360264 -0.056135 2.604328 0.750000
-0.027671 -0.069554 2.521558 1.000000
-0.165964 -0.054379 2.674093 0.000000
-0.441480 0.054347 2.670252 1.000000
0.003779 0.240522 2.333380 0.384615
-0.407028 -0.213583 2.625088 1.000000
-0.087312 0.300719 2.082199 1.000000
-0.399831 -0.277790 2.614413 0.627404
-0.120044 0.314690 2.027229 1.000000
-0.289229 -0.560521 2.686208 1.000000
-0.085956 -0.561348 2.667911 1.000000
-0.292464 -0.961791 2.754186 1.000000
-0.072242 -0.961882 2.738859 1.000000
-0.331588 -0.987031 2.603333 0.000000
-0.111158 -0.989860 2.588435 0.000000
-0.208817 0.568311 2.560054 1.000000
-0.376156 0.299959 2.676760 1.000000
-0.038921 0.273343 2.609018 0.000000
-0.231703 0.347653 2.498624 0.000000
-0.203323 0.151886 2.716822 0.000000
-0.359183 -0.057629 2.595056 0.846154
-0.021707 -0.063437 2.534026 1.000000
-0.169915 -0.053881 2.677433 0.000000
-0.438649 0.044864 2.664388 1.000000
0.043914 0.216057 2.366142 0.576923
-0.403018 -0.226608 2.618452 1.000000
-0.058137 0.197928 2.108588 1.000000
-0.396161 -0.291671 2.615597 0.913462
-0.098144 0.220299 2.061819 1.000000
-0.290102 -0.558126 2.688604 1.000000
-0.083720 -0.559447 2.666769 1.000000
-0.291603 -0.961132 2.745467 1.000000
-0.075262 -0.960081 2.737970 1.000000
-0.320333 -0.982716 2.591735 0.000000
-0.103255 -0.987841 2.585096 0.000000
-0.213827 0.553257 2.544610 1.000000
-0.375158 0.299849 2.679974 1.000000
-0.036010 0.292191 2.617163 1.000000
-0.230833 0.357582 2.504728 0.000000
-0.195254 0.160689 2.720848 0.000000
-0.359259 -0.056243 2.598050 1.000000
-0.022063 -0.053374 2.535284 1.000000
-0.169660 -0.051808 2.679628 0.000000
-0.441759 0.043445 2.662260 1.000000
0.057069 0.183727 2.393413 0.615385
-0.402797 -0.231085 2.620915 1.000000
-0.031326 0.114278 2.136591 1.000000
-0.396633 -0.296200 2.617723 0.728365
-0.083299 0.130946 2.100407 0.913462
-0.290082 -0.553537 2.691259 1.000000
-0.085166 -0.552499 2.666054 1.000000
-0.290748 -0.956082 2.751312 1.000000
-0.075218 -0.952897 2.738383 1.000000
-0.319507 -0.978940 2.597770 0.000000
-0.103102 -0.981191 2.585588 0.000000
-0.213762 0.560780 2.547552 1.000000
-0.384185 0.298926 2.689253 1.000000
-0.049129 0.310736 2.607869 1.000000
-0.253200 0.365974 2.506985 0.000000
-0.194855 0.169745 2.718719 0.000000
-0.365978 -0.050208 2.608610 0.490385
-0.033047 -0.036943 2.527187 1.000000
-0.172220 -0.043264 2.679546 0.000000
-0.438053 0.041643 2.651257 1.000000
0.074889 0.143794 2.442673 1.000000
-0.405721 -0.235419 2.622300 1.000000
-0.007330 0.057017 2.188987 1.000000
-0.393208 -0.299686 2.621136 0.677885
-0.038923 0.010856 2.154938 0.879808
-0.291011 -0.546722 2.685404 1.000000
-0.089416 -0.538175 2.664333 1.000000
-0.289137 -0.947534 2.756080 1.000000
-0.075173 -0.938822 2.734534 1.000000
-0.325687 -0.974371 2.604857 0.000000
-0.110422 -0.966597 2.583171 0.000000
-0.216621 0.566255 2.540205 1.000000
-0.392799 0.292258 2.686888 1.000000
-0.056542 0.312526 2.612420 1.000000
-0.259640 0.367571 2.509489 0.000000
-0.201782 0.165443 2.715735 0.000000
-0.361426 -0.043556 2.598279 0.942308
-0.023217 -0.042115 2.541171 1.000000
-0.173185 -0.042829 2.683056 0.000000
-0.440864 0.032900 2.651176 1.000000
0.065727 0.095376 2.518887 1.000000
-0.408502 -0.244848 2.622819 1.000000
0.021004 -0.061330 2.289893 1.000000
-0.396887 -0.309216 2.625994 0.661058
0.001179 -0.116198 2.260149 1.000000
-0.290281 -0.543091 2.685549 1.000000
-0.092695 -0.541878 2.666389 1.000000
-0.291177 -0.944145 2.754865 1.000000
-0.073773 -0.941893 2.739044 1.000000
-0.317452 -0.970600 2.601456 0.000000
-0.099605 -0.970908 2.586023 0.000000
-0.218525 0.562313 2.540677 1.000000
-0.390016 0.299425 2.682975 1.000000
-0.053123 0.307458 2.609059 1.000000
-0.254236 0.365447 2.503870 0.000000
-0.202940 0.167892 2.716194 0.000000
-0.364346 -0.049762 2.598947 0.894231
-0.026164 -0.041233 2.542302 1.000000
-0.176257 -0.045931 2.683979 0.000000
-0.440801 0.038418 2.653415 1.000000
0.056336 0.068571 2.558764 1.000000
-0.408438 -0.240689 2.624152 1.000000
0.035598 -0.132181 2.361096 1.000000
-0.395919 -0.304555 2.616901 0.728365
0.009881 -0.190173 2.344853 0.846154
-0.289248 -0.545856 2.691694 1.000000
-0.092829 -0.542474 2.669065 1.000000
-0.290050 -0.948714 2.749608 1.000000
-0.072603 -0.943110 2.737849 1.000000
-0.315155 -0.970844 2.595320 0.000000
-0.097560 -0.970711 2.584422 0.000000
-0.221027 0.559234 2.528677 1.000000
-0.389486 0.288247 2.681886 1.000000
-0.052073 0.302802 2.611419 1.000000
-0.253147 0.357717 2.504519 0.000000
-0.200389 0.159947 2.716283 0.000000
-0.370194 -0.054863 2.590248 0.596154
-0.030784 -0.043045 2.542183 1.000000
-0.184426 -0.047464 2.680013 0.000000
-0.442431 0.026248 2.650100 1.000000
0.040356 0.050752 2.591795 1.000000
-0.400246 -0.253312 2.620921 1.000000
0.036721 -0.190290 2.441231 1.000000
-0.395512 -0.318624 2.620657 0.627404
0.022792 -0.250831 2.420518 0.677885
-0.290495 -0.549551 2.688960 1.000000
-0.091154 -0.544169 2.669609 1.000000
-0.288502 -0.951494 2.752889 1.000000
-0.074338 -0.944861 2.738981 1.000000
-0.309346 -0.976176 2.598354 0.000000
-0.094921 -0.972401 2.584895 0.000000
-0.219009 0.546603 2.521530 1.000000
-0.384431 0.290430 2.666746 1.000000
-0.043136 0.299996 2.617232 1.000000
-0.236541 0.353518 2.496387 0.000000
-0.199212 0.161549 2.716603 0.000000
-0.378334 -0.051802 2.585509 0.250000
-0.037877 -0.046915 2.544107 0.721154
-0.194200 -0.051767 2.678874 0.000000
-0.439299 0.024675 2.649665 1.000000
0.027844 0.037710 2.627021 1.000000
-0.409407 -0.259592 2.622772 1.000000
0.003480 -0.238095 2.551111 1.000000
-0.387571 -0.320854 2.615124 0.459135
-0.012348 -0.300702 2.561978 1.000000
-0.287423 -0.548317 2.688402 1.000000
-0.091336 -0.544546 2.669439 1.000000
-0.292029 -0.950347 2.751646 1.000000
-0.073250 -0.944554 2.742343 1.000000
-0.309835 -0.974525 2.596653 0.000000
-0.091507 -0.973470 2.588216 0.000000
-0.221627 0.550611 2.523088 1.000000
-0.389280 0.292020 2.662948 1.000000
-0.047286 0.303982 2.619114 1.000000
-0.238990 0.358262 2.495920 0.000000
-0.204225 0.163361 2.713969 0.000000
-0.375854 -0.050322 2.579917 0.346154
-0.033892 -0.042360 2.554467 0.605769
-0.196252 -0.050510 2.681728 0.000000
-0.439704 0.027157 2.646606 1.000000
0.026918 0.045365 2.643048 1.000000
-0.406485 -0.254990 2.621392 1.000000
0.009122 -0.230439 2.572608 1.000000
-0.394429 -0.319252 2.625045 0.593750
-0.009542 -0.293150 2.575309 0.644231
-0.288954 -0.544957 2.689205 1.000000
-0.086952 -0.543269 2.664364 1.000000
-0.287149 -0.947148 2.751566 1.000000
-0.073469 -0.943342 2.737908 1.000000
-0.297774 -0.971329 2.595916 0.000000
-0.083811 -0.972162 2.583030 0.000000
-0.218606 0.550350 2.517558 1.000000
-0.387063 0.291193 2.660386 1.000000
-0.044740 0.299226 2.618252 1.000000
-0.235282 0.352253 2.492731 0.000000
-0.203410 0.162189 2.715443 0.000000
-0.376679 -0.049652 2.581368 0.201923
-0.035114 -0.048454 2.550042 0.750000
-0.195392 -0.053344 2.680079 0.000000
-0.434368 0.025954 2.643181 1.000000
0.027374 0.040585 2.646353 1.000000
-0.405156 -0.256372 2.616713 1.000000
0.007885 -0.234120 2.572736 1.000000
-0.392256 -0.320572 2.617160 0.694712
-0.013607 -0.295365 2.581417 0.677885
-0.287235 -0.546856 2.687800 1.000000
-0.085254 -0.544759 2.669757 1.000000
-0.293370 -0.948452 2.753617 1.000000
-0.073356 -0.945461 2.740078 1.000000
-0.306992 -0.973688 2.598368 0.000000
-0.087055 -0.973042 2.585236 0.000000
-0.217941 0.548689 2.516521 1.000000
