-0.321868 0.370935 2.686740 1.000000
0.035288 0.353741 2.704283 1.000000
-0.136488 0.407017 2.600817 0.000000
-0.155532 0.207981 2.793466 0.000000
-0.275893 -0.020622 2.654766 0.336538
0.004545 -0.016463 2.675721 0.961538
-0.145150 -0.003435 2.789068 0.000000
-0.372095 0.110639 2.646882 1.000000
0.083694 0.090281 2.693754 1.000000
-0.344367 -0.173196 2.597083 1.000000
0.079705 -0.193474 2.636500 1.000000
-0.344199 -0.240803 2.587550 0.307692
0.052866 -0.255043 2.624227 0.913462
-0.283896 -0.585173 2.722265 1.000000
-0.022852 -0.591055 2.718313 1.000000
-0.310595 -0.993530 2.844170 1.000000
-0.050578 -1.016788 2.735973 1.000000
-0.311615 -1.041632 2.682816 0.000000
-0.031255 -1.024977 2.568911 0.000000
-0.116663 0.672849 2.599631 1.000000
-0.327471 0.371213 2.688439 1.000000
0.029632 0.353230 2.706272 1.000000
-0.141949 0.406618 2.602541 0.000000
-0.161590 0.208168 2.795734 0.000000
-0.280398 -0.015941 2.653262 0.586538
0.000555 -0.016489 2.666172 0.826923
-0.145577 0.000827 2.783524 0.000000
-0.377139 0.109715 2.656034 1.000000
0.078708 0.089897 2.694196 1.000000
-0.345290 -0.174012 2.607723 1.000000
0.072029 -0.190993 2.624157 1.000000
-0.338070 -0.239469 2.625749 0.644231
0.040210 -0.251152 2.618671 0.711538
-0.280069 -0.583691 2.720986 1.000000
-0.022342 -0.587685 2.722636 1.000000
-0.312323 -0.991369 2.843819 1.000000
-0.050138 -1.013254 2.743789 1.000000
-0.315641 -1.039693 2.682561 0.000000
-0.034960 -1.022567 2.576358 0.000000
-0.121280 0.674075 2.603871 1.000000
-0.328413 0.373581 2.687492 1.000000
0.026992 0.356268 2.726877 1.000000
-0.138154 0.415516 2.616122 0.000000
-0.168166 0.204655 2.794247 0.000000
-0.279955 -0.017158 2.642235 1.000000
-0.000260 -0.016157 2.671756 1.000000
-0.153164 0.001476 2.780086 0.000000
-0.378415 0.112260 2.653621 1.000000
0.082315 0.094472 2.708484 1.000000
-0.364835 -0.175273 2.621463 1.000000
0.091858 -0.178982 2.613480 1.000000
-0.342345 -0.236697 2.641028 0.560096
0.056759 -0.235399 2.629189 0.610577
-0.275166 -0.585161 2.717508 1.000000
-0.019436 -0.587019 2.724177 1.000000
-0.316132 -0.991543 2.842026 1.000000
-0.044331 -1.012775 2.745180 1.000000
-0.308053 -1.041557 2.681454 0.000000
-0.018643 -1.022472 2.579059 0.000000
-0.120463 0.673332 2.611692 1.000000
-0.327210 0.373751 2.680719 1.000000
0.026251 0.355995 2.734705 1.000000
-0.134177 0.416982 2.618111 0.000000
-0.171368 0.203164 2.791287 0.000000
-0.266651 -0.017186 2.641891 1.000000
0.011541 -0.013027 2.683040 1.000000
-0.145939 0.001943 2.785029 0.000000
-0.371950 0.110799 2.652257 1.000000
0.090078 0.095735 2.722610 1.000000
-0.366806 -0.177221 2.621688 1.000000
0.158285 -0.163611 2.613046 1.000000
-0.343691 -0.230921 2.656953 0.711538
0.108229 -0.198366 2.582255 0.408654
-0.266121 -0.584707 2.705729 1.000000
-0.016489 -0.587031 2.724386 1.000000
-0.314354 -0.987990 2.837506 1.000000
-0.041440 -1.012859 2.743795 1.000000
-0.302304 -1.041454 2.678300 0.000000
-0.010205 -1.022218 2.578607 0.000000
-0.118930 0.673403 2.613258 1.000000
-0.326698 0.370226 2.669620 1.000000
0.022995 0.352260 2.744159 1.000000
-0.130390 0.414426 2.619024 0.000000
-0.177326 0.198532 2.787185 0.000000
-0.252167 -0.015488 2.631212 1.000000
0.023181 -0.009472 2.688211 1.000000
-0.139978 0.003714 2.781115 0.000000
-0.364680 0.106066 2.642258 1.000000
0.100928 0.095614 2.738625 1.000000
-0.362791 -0.182954 2.622303 1.000000
0.234117 -0.132110 2.618885 1.000000
-0.330444 -0.233579 2.654743 0.980769
0.195988 -0.179778 2.588299 0.341346
-0.263675 -0.580848 2.688646 1.000000
-0.010733 -0.584665 2.728255 1.000000
-0.314024 -0.977296 2.839056 1.000000
-0.037770 -1.010445 2.745843 1.000000
-0.299830 -1.038383 2.682796 0.000000
0.002299 -1.019734 2.582569 0.000000
-0.106361 0.668487 2.615309 1.000000
-0.317071 0.374639 2.658730 1.000000
0.026291 0.348684 2.756673 1.000000
-0.116992 0.415980 2.622540 0.000000
-0.179221 0.198064 2.782951 0.000000
-0.233006 -0.013037 2.621631 1.000000
0.036893 -0.006861 2.700483 1.000000
-0.133220 0.003379 2.780373 0.000000
-0.354128 0.110856 2.629030 1.000000
0.137438 0.107102 2.790148 1.000000
-0.351242 -0.177428 2.603307 1.000000
0.379447 -0.014053 2.687531 1.000000
-0.314581 -0.230122 2.626563 1.000000
0.406198 -0.073267 2.666560 0.021635
-0.258223 -0.575930 2.642054 1.000000
-0.006991 -0.583447 2.733594 1.000000
-0.323752 -0.962349 2.811511 1.000000
-0.031349 -1.009272 2.753830 1.000000
-0.311084 -1.031576 2.658550 0.000000
0.019968 -1.019811 2.593813 0.000000
-0.094041 0.670361 2.624536 1.000000
-0.308657 0.376651 2.654868 1.000000
0.029056 0.352029 2.771091 1.000000
-0.107558 0.422090 2.631525 0.000000
-0.175150 0.197674 2.780388 0.000000
-0.223119 -0.006957 2.621489 0.807692
0.045066 -0.007618 2.706212 1.000000
-0.126588 0.001996 2.782819 0.000000
-0.342761 0.113372 2.617501 1.000000
0.167258 0.125464 2.809079 1.000000
-0.329684 -0.173369 2.579679 1.000000
0.447017 0.108087 2.736587 1.000000
-0.305936 -0.229066 2.611232 1.000000
0.514431 0.097362 2.735177 0.055288
-0.254341 -0.567995 2.600561 1.000000
-0.004275 -0.582130 2.740622 1.000000
-0.323283 -0.952679 2.772592 1.000000
-0.030722 -1.007777 2.761939 1.000000
-0.317196 -1.022279 2.619396 0.000000
0.023667 -1.019116 2.602994 0.000000
-0.085681 0.665856 2.616091 1.000000
-0.301013 0.375039 2.641560 1.000000
0.026381 0.353969 2.784856 1.000000
-0.099210 0.422780 2.634714 0.000000
-0.176139 0.197314 2.777325 0.000000
-0.208799 0.000342 2.607034 0.461538
0.050076 -0.009960 2.716484 1.000000
-0.127552 0.005677 2.776730 0.000000
-0.330782 0.112140 2.597929 1.000000
0.202700 0.156855 2.829165 1.000000
-0.303996 -0.174319 2.565035 1.000000
0.477356 0.241132 2.792840 1.000000
-0.275109 -0.236182 2.564653 1.000000
0.500141 0.280952 2.742275 0.762019
-0.248477 -0.558886 2.566007 1.000000
-0.004642 -0.581272 2.744104 1.000000
-0.319813 -0.940830 2.743092 1.000000
-0.026377 -1.007239 2.764317 1.000000
-0.310725 -1.012944 2.591213 0.000000
0.041825 -1.018006 2.610750 0.000000
-0.082484 0.668821 2.625330 1.000000
-0.288813 0.381460 2.629354 1.000000
0.029523 0.359153 2.791614 1.000000
-0.088153 0.433566 2.637778 0.000000
-0.168400 0.199095 2.762979 0.000000
-0.204232 0.006276 2.589815 0.480769
0.043522 -0.016127 2.721031 1.000000
-0.138907 -0.004939 2.765976 0.000000
-0.317076 0.120493 2.579588 1.000000
0.252466 0.225631 2.853643 1.000000
-0.296158 -0.165477 2.547527 1.000000
0.456312 0.428041 2.826791 1.000000
-0.279098 -0.231042 2.556000 0.896635
0.463310 0.495092 2.837601 0.745192
-0.255157 -0.556555 2.547607 1.000000
-0.006677 -0.581434 2.745332 1.000000
-0.328565 -0.968089 2.634672 1.000000
-0.032375 -1.006992 2.769182 1.000000
-0.282519 -1.009431 2.478081 0.000000
0.049218 -1.020141 2.622486 0.000000
-0.078738 0.668029 2.607909 1.000000
-0.280085 0.390047 2.620964 1.000000
0.029486 0.359241 2.798110 1.000000
-0.077768 0.433308 2.636675 0.000000
-0.174261 0.207358 2.766008 0.000000
-0.194452 0.020438 2.582631 0.653846
0.045482 -0.016099 2.724752 0.807692
-0.138151 0.002967 2.761379 0.000000
-0.314911 0.129913 2.572260 1.000000
0.281663 0.286185 2.846319 1.000000
-0.299979 -0.154366 2.526862 1.000000
0.417157 0.540343 2.834333 1.000000
-0.282899 -0.218920 2.541100 0.913462
0.389003 0.602062 2.842068 0.560096
-0.259718 -0.545849 2.548312 1.000000
-0.005142 -0.576261 2.740310 1.000000
-0.338125 -0.965161 2.567259 1.000000
-0.037931 -1.001441 2.762126 1.000000
-0.265859 -0.985484 2.416545 0.000000
0.051829 -1.015636 2.620380 0.000000
-0.079834 0.670260 2.596370 1.000000
-0.282047 0.386356 2.609114 1.000000
0.025400 0.366512 2.791451 1.000000
-0.080917 0.434210 2.626636 0.000000
-0.174690 0.209647 2.760312 0.000000
-0.195231 0.021740 2.577024 0.817308
0.044533 -0.012490 2.720003 0.980769
-0.139339 0.005414 2.756008 0.000000
-0.317933 0.125425 2.564331 1.000000
0.285924 0.322981 2.831579 1.000000
-0.298196 -0.157453 2.511098 1.000000
0.349904 0.604314 2.830372 1.000000
-0.278671 -0.222088 2.521230 0.896635
0.338627 0.669650 2.846670 0.593750
-0.269744 -0.542138 2.551393 1.000000
-0.006263 -0.574360 2.730985 1.000000
-0.345906 -0.961695 2.529022 1.000000
-0.028524 -1.000023 2.756379 1.000000
-0.264793 -0.968560 2.381633 0.000000
0.060147 -1.013163 2.613848 0.000000
-0.088884 0.669484 2.578362 1.000000
-0.284681 0.384165 2.596980 1.000000
0.022403 0.364853 2.774719 1.000000
-0.084542 0.435951 2.614681 0.000000
-0.172042 0.204539 2.740712 0.000000
-0.180548 0.025557 2.596198 0.942308
0.067338 -0.005567 2.725369 1.000000
-0.114554 0.008566 2.771646 0.000000
-0.327720 0.123929 2.555292 1.000000
0.286643 0.399815 2.758340 1.000000
-0.304727 -0.158010 2.499180 1.000000
0.252485 0.683905 2.794300 1.000000
-0.296899 -0.223725 2.515968 1.000000
0.235106 0.749927 2.795119 0.290865
-0.276579 -0.526036 2.553292 1.000000
-0.011696 -0.573589 2.708159 1.000000
-0.356994 -0.942167 2.501348 1.000000
-0.029299 -0.996685 2.763013 1.000000
-0.282903 -0.937620 2.350219 0.000000
0.048091 -1.019074 2.615163 0.000000
-0.110157 0.667511 2.566442 1.000000
-0.295273 0.377205 2.590950 1.000000
0.020567 0.383573 2.759378 1.000000
-0.099079 0.443968 2.600987 0.000000
-0.164747 0.208712 2.733024 0.000000
-0.204521 0.016401 2.593021 1.000000
0.051418 0.021656 2.709508 1.000000
-0.128359 0.018193 2.765132 0.000000
-0.343261 0.117854 2.556523 1.000000
0.268957 0.395523 2.664982 1.000000
-0.324360 -0.161709 2.493288 1.000000
0.194434 0.669590 2.707933 1.000000
-0.298437 -0.224378 2.501168 1.000000
0.172111 0.730168 2.730150 0.778846
-0.283441 -0.520650 2.539520 1.000000
-0.016602 -0.559089 2.688187 1.000000
-0.350657 -0.941106 2.507466 1.000000
-0.027056 -0.981292 2.751150 1.000000
-0.295383 -0.937821 2.348456 0.000000
0.042234 -1.005603 2.599631 0.000000
-0.130032 0.666618 2.544200 1.000000
-0.316512 0.375994 2.591295 1.000000
0.013274 0.388281 2.730054 1.000000
-0.120080 0.441924 2.580423 0.000000
-0.174013 0.213541 2.728828 0.000000
-0.220869 0.010738 2.575838 1.000000
0.041652 0.025372 2.675689 1.000000
-0.134387 0.026293 2.742286 0.000000
-0.351599 0.116976 2.556496 1.000000
0.190178 0.405223 2.535246 1.000000
-0.329940 -0.160220 2.494992 1.000000
0.146174 0.683177 2.578779 1.000000
-0.317023 -0.227261 2.495597 1.000000
0.111219 0.736089 2.604078 0.728365
-0.292568 -0.524948 2.531051 1.000000
-0.027333 -0.557417 2.674411 1.000000
-0.347677 -0.947529 2.504258 1.000000
-0.027120 -0.979438 2.739427 1.000000
-0.306193 -0.942597 2.341148 0.000000
0.030216 -1.003515 2.582957 0.000000
-0.152684 0.662650 2.522941 1.000000
-0.357633 0.361524 2.604512 1.000000
-0.001484 0.387573 2.629868 0.480769
-0.175784 0.416488 2.521085 0.000000
-0.175843 0.223236 2.720445 0.000000
-0.272781 -0.014657 2.577349 1.000000
0.006780 0.010379 2.595260 1.000000
-0.142681 0.017877 2.709415 0.000000
-0.375001 0.103980 2.563487 1.000000
0.042121 0.340934 2.376417 1.000000
-0.348477 -0.168710 2.495622 1.000000
0.037539 0.594120 2.251737 1.000000
-0.333292 -0.233387 2.479876 1.000000
0.023695 0.660180 2.262033 0.644231
-0.307236 -0.551452 2.512716 1.000000
-0.032053 -0.569105 2.669169 1.000000
-0.352710 -0.976002 2.516972 1.000000
-0.031716 -0.991979 2.728386 1.000000
-0.369066 -0.975930 2.349393 0.000000
-0.017994 -1.015241 2.562191 0.000000
-0.209724 0.663792 2.488590 1.000000
-0.380861 0.343709 2.634948 1.000000
-0.034448 0.379577 2.552028 0.000000
-0.234072 0.395276 2.497674 0.000000
-0.166962 0.219838 2.702147 0.000000
-0.284856 -0.012817 2.617706 0.634615
-0.010368 -0.012933 2.556407 1.000000
-0.120615 0.004886 2.707913 0.000000
-0.390328 0.089385 2.577814 1.000000
-0.011422 0.266070 2.318317 0.476923
-0.378839 -0.181141 2.500179 1.000000
-0.046241 0.344274 2.049960 1.000000
-0.359038 -0.243984 2.482283 1.000000
-0.054983 0.364552 1.985354 0.000000
-0.310984 -0.559012 2.509214 1.000000
-0.034542 -0.581809 2.664948 1.000000
-0.350488 -0.984181 2.509115 1.000000
-0.030445 -1.004263 2.726955 1.000000
-0.402283 -0.979331 2.348978 0.000000
-0.065186 -1.028518 2.563998 0.000000
-0.247852 0.648504 2.464906 1.000000
-0.392239 0.337456 2.656033 1.000000
-0.083500 0.366594 2.477161 1.000000
-0.290974 0.368740 2.477659 0.000000
-0.160498 0.231097 2.680444 0.000000
-0.285874 -0.010427 2.636653 0.000000
-0.036577 -0.028720 2.507742 1.000000
-0.103331 -0.000654 2.681472 0.000000
-0.405848 0.085673 2.596021 1.000000
-0.106821 0.223346 2.262412 0.876923
-0.380223 -0.183426 2.523376 1.000000
-0.145352 0.062276 2.036757 1.000000
-0.367727 -0.246328 2.499952 1.000000
-0.162182 0.022551 1.983839 1.000000
-0.311134 -0.564229 2.510916 1.000000
-0.039787 -0.585036 2.662913 1.000000
-0.358456 -0.988540 2.503888 1.000000
-0.034547 -1.008059 2.720826 1.000000
-0.436432 -0.977379 2.355075 0.000000
-0.112260 -1.029263 2.572971 0.000000
-0.271617 0.651738 2.448759 1.000000
-0.403792 0.310980 2.664859 1.000000
-0.124100 0.352227 2.445234 1.000000
-0.329440 0.347104 2.474550 0.000000
-0.167462 0.212623 2.655573 0.000000
-0.283481 -0.025915 2.636159 0.000000
-0.051852 -0.050238 2.478494 1.000000
-0.096780 -0.016753 2.658178 0.000000
-0.427298 0.057397 2.630136 1.000000
-0.173638 0.147057 2.298559 1.000000
-0.390154 -0.203109 2.541816 1.000000
-0.203824 -0.048919 2.104327 1.000000
-0.370832 -0.266365 2.524878 1.000000
-0.223044 -0.092473 2.055386 1.000000
-0.320003 -0.582990 2.522296 1.000000
-0.048794 -0.603341 2.649784 1.000000
-0.359412 -1.007787 2.504305 1.000000
-0.047725 -1.023405 2.726427 0.981731
-0.454296 -0.993127 2.365986 0.000000
-0.142348 -1.048637 2.589459 0.000000
-0.304220 0.622556 2.415119 1.000000
-0.404210 0.294369 2.659476 1.000000
-0.131298 0.352809 2.435271 1.000000
-0.335320 0.333493 2.467711 0.000000
-0.161651 0.212894 2.647672 0.000000
-0.283220 -0.040068 2.639317 0.173077
-0.051232 -0.057359 2.481252 1.000000
-0.096649 -0.029404 2.661756 0.000000
-0.439089 0.039360 2.649471 1.000000
-0.156992 0.132735 2.303919 1.000000
-0.395977 -0.220093 2.558918 1.000000
-0.211794 -0.054934 2.106051 1.000000
-0.362326 -0.277571 2.543903 0.812500
-0.230077 -0.097430 2.055837 1.000000
-0.327494 -0.593548 2.523479 1.000000
-0.056628 -0.615254 2.646542 1.000000
-0.357968 -1.019004 2.503773 1.000000
-0.061707 -1.034435 2.727724 0.953606
-0.456590 -1.005649 2.367959 0.000000
-0.155175 -1.059971 2.590023 0.000000
-0.304459 0.614651 2.401717 1.000000
-0.400442 0.288390 2.664805 1.000000
-0.128893 0.356272 2.441608 1.000000
-0.332571 0.333556 2.474007 0.000000
-0.156932 0.210278 2.650203 0.000000
-0.292701 -0.049590 2.632715 1.000000
-0.060646 -0.061461 2.474250 1.000000
-0.106468 -0.033382 2.654633 0.000000
-0.437073 0.034779 2.662435 1.000000
-0.144070 0.143404 2.299754 1.000000
-0.400202 -0.225527 2.576050 1.000000
-0.196603 -0.029971 2.090559 1.000000
-0.359926 -0.267332 2.540108 0.576923
-0.213549 -0.067318 2.035974 1.000000
-0.332563 -0.602144 2.522988 1.000000
-0.060056 -0.618411 2.648881 1.000000
-0.359872 -1.028158 2.513223 1.000000
-0.060673 -1.037448 2.730959 0.975481
-0.460136 -1.018638 2.378291 0.000000
-0.153803 -1.064280 2.593274 0.000000
-0.293337 0.615627 2.410326 1.000000
-0.385172 0.308164 2.662376 1.000000
-0.084008 0.362134 2.476496 1.000000
-0.291277 0.363604 2.485852 0.000000
-0.152917 0.200137 2.662562 0.000000
-0.291384 -0.040016 2.637319 0.288462
-0.046522 -0.054560 2.499722 1.000000
-0.107436 -0.032089 2.676387 0.000000
-0.430861 0.057800 2.660404 1.000000
-0.111536 0.178801 2.302127 1.000000
-0.421666 -0.214508 2.624295 1.000000
-0.146219 0.025459 2.076687 1.000000
-0.411783 -0.280103 2.640454 0.425481
-0.165493 -0.007622 2.020156 1.000000
-0.329095 -0.596615 2.528472 1.000000
-0.050299 -0.612329 2.656357 1.000000
-0.361132 -1.021516 2.500859 1.000000
-0.062774 -1.033630 2.724761 0.922356
-0.448696 -1.005625 2.357925 0.000000
-0.143277 -1.055005 2.578431 0.000000
-0.248118 0.630289 2.432927 1.000000
-0.372123 0.313067 2.674235 1.000000
-0.061688 0.367648 2.504486 1.000000
-0.269163 0.369254 2.503084 0.000000
-0.140258 0.204839 2.685958 0.000000
-0.287348 -0.032015 2.640302 0.403846
-0.035537 -0.050376 2.516384 1.000000
-0.105741 -0.028103 2.689592 0.000000
-0.418850 0.060438 2.663322 1.000000
-0.054609 0.183469 2.325176 1.000000
-0.415457 -0.214700 2.625867 1.000000
-0.103216 0.053449 2.084661 1.000000
-0.406089 -0.278912 2.647095 0.644231
-0.126398 0.025981 2.026613 1.000000
-0.324793 -0.590534 2.533864 1.000000
-0.043934 -0.608676 2.659684 1.000000
-0.363841 -1.014708 2.504179 1.000000
-0.064933 -1.029802 2.727069 0.900481
-0.442390 -0.997127 2.356290 0.000000
-0.136578 -1.050388 2.576094 0.000000
-0.223628 0.642152 2.465614 1.000000
-0.362258 0.315119 2.685430 1.000000
-0.037521 0.368168 2.544380 1.000000
-0.244026 0.378793 2.527262 0.000000
-0.136260 0.196458 2.706794 0.000000
-0.278305 -0.024686 2.648201 0.625000
-0.018429 -0.048419 2.543306 1.000000
-0.100891 -0.026209 2.711034 0.000000
-0.401420 0.059506 2.666555 1.000000
-0.000809 0.187641 2.361923 1.000000
-0.417113 -0.217095 2.625949 1.000000
-0.046493 0.066072 2.113856 1.000000
-0.405338 -0.267891 2.670024 0.391827
-0.068734 0.040482 2.054594 1.000000
-0.314700 -0.586601 2.547680 1.000000
-0.036324 -0.606195 2.675427 1.000000
-0.365689 -1.008678 2.507923 1.000000
-0.057187 -1.030261 2.720840 1.000000
-0.430672 -0.986348 2.354207 0.000000
-0.119199 -1.043909 2.564896 0.000000
-0.197634 0.641474 2.489966 1.000000
-0.323088 0.343893 2.702684 1.000000
0.014796 0.360307 2.585514 1.000000
-0.187700 0.391618 2.552874 0.000000
-0.112762 0.203240 2.742584 0.000000
-0.275002 -0.022976 2.675647 0.557692
-0.008810 -0.037222 2.585978 1.000000
-0.101788 -0.025863 2.749232 0.000000
-0.373076 0.088285 2.676587 1.000000
0.082041 0.160987 2.429742 1.000000
-0.390428 -0.188502 2.621886 1.000000
0.049690 0.021335 2.186113 1.000000
-0.383707 -0.255404 2.633739 0.661058
0.026598 -0.009410 2.129694 1.000000
-0.299072 -0.586420 2.576119 1.000000
-0.025404 -0.599605 2.698327 1.000000
-0.356790 -1.004802 2.513235 1.000000
-0.049178 -1.025484 2.718106 0.956731
-0.410866 -0.973832 2.356816 0.000000
-0.100592 -1.030057 2.557838 0.000000
-0.150585 0.651153 2.519617 1.000000
-0.304369 0.358330 2.712155 1.000000
0.038156 0.360847 2.608065 1.000000
-0.161311 0.401881 2.568321 0.000000
-0.102325 0.207619 2.757725 0.000000
-0.254388 -0.021777 2.686863 0.750000
0.013600 -0.053588 2.607666 1.000000
-0.084635 -0.034806 2.767112 0.000000
-0.358846 0.102533 2.684259 1.000000
0.107632 0.136809 2.489078 1.000000
-0.358820 -0.174821 2.623012 1.000000
0.123577 -0.042505 2.269375 1.000000
-0.346406 -0.240456 2.608884 0.846154
0.104268 -0.089517 2.223783 1.000000
-0.289602 -0.584870 2.571702 1.000000
-0.025569 -0.613011 2.710826 1.000000
-0.340504 -1.008742 2.563298 1.000000
-0.045215 -1.039042 2.731826 1.000000
-0.391300 -0.999464 2.403037 0.000000
-0.093677 -1.044750 2.570676 0.000000
-0.128432 0.660576 2.542606 1.000000
-0.287615 0.367403 2.714539 1.000000
0.058667 0.359253 2.624059 1.000000
-0.137605 0.407170 2.576821 0.000000
-0.092614 0.209746 2.766797 0.000000
-0.247397 -0.012197 2.691560 0.903846
0.023122 -0.045496 2.622189 1.000000
-0.080338 -0.022195 2.777685 0.000000
-0.349110 0.112243 2.685753 1.000000
0.137428 0.117279 2.553615 1.000000
-0.339359 -0.166122 2.624736 1.000000
0.199404 -0.110340 2.393446 1.000000
-0.337880 -0.233408 2.636225 0.694712
0.190878 -0.165786 2.354527 1.000000
-0.281968 -0.573673 2.577040 1.000000
-0.027805 -0.607811 2.710325 1.000000
-0.309447 -0.997053 2.625241 1.000000
-0.054603 -1.032633 2.744040 1.000000
-0.360875 -1.011890 2.465600 0.000000
-0.095779 -1.042967 2.581105 0.000000
-0.116443 0.673214 2.573920 1.000000
-0.276052 0.372747 2.716175 1.000000
0.074911 0.349291 2.649552 1.000000
-0.115331 0.406059 2.589253 0.000000
-0.092311 0.206396 2.780815 0.000000
-0.222298 0.001033 2.691319 0.134615
0.050316 -0.045936 2.640552 1.000000
-0.061420 -0.011935 2.788149 0.000000
-0.327520 0.114645 2.683362 1.000000
0.158144 0.097490 2.652780 1.000000
-0.314393 -0.166395 2.629702 1.000000
0.246075 -0.168590 2.593579 1.000000
-0.319633 -0.233667 2.619284 0.997596
0.238596 -0.230280 2.565295 0.963942
-0.269001 -0.567560 2.612217 1.000000
-0.024928 -0.605620 2.714208 1.000000
-0.301655 -0.982803 2.706219 1.000000
-0.044645 -1.031361 2.740381 1.000000
-0.346758 -1.015238 2.547273 0.000000
-0.076647 -1.040027 2.575302 0.000000
-0.095862 0.671262 2.584170 1.000000
-0.269807 0.377683 2.714434 1.000000
0.083553 0.345013 2.667175 1.000000
-0.101501 0.406945 2.596675 0.000000
-0.094384 0.206371 2.788538 0.000000
-0.227264 -0.000667 2.689237 0.557692
0.048206 -0.037149 2.645797 1.000000
-0.068323 -0.004600 2.789976 0.000000
-0.335064 0.120590 2.696888 1.000000
0.153097 0.091614 2.707373 1.000000
-0.316341 -0.160518 2.641781 1.000000
0.232553 -0.184224 2.704402 1.000000
-0.331410 -0.227110 2.641546 0.829327
0.227963 -0.251714 2.695152 0.778846
-0.267611 -0.571597 2.646911 1.000000
-0.020740 -0.600892 2.711861 1.000000
-0.304002 -0.980272 2.765192 1.000000
-0.044242 -1.026215 2.741483 1.000000
-0.347499 -1.021908 2.607951 0.000000
-0.069806 -1.036371 2.575370 0.000000
-0.091013 0.673368 2.597104 1.000000
-0.270932 0.379162 2.707413 1.000000
0.084735 0.342414 2.689681 1.000000
-0.092995 0.407202 2.604445 0.000000
-0.104401 0.205100 2.794488 0.000000
-0.248319 -0.016423 2.668103 1.000000
0.032506 -0.022006 2.653693 1.000000
-0.101184 0.000669 2.784227 0.000000
-0.341174 0.122347 2.701464 1.000000
0.133435 0.085751 2.741408 1.000000
-0.336571 -0.161286 2.654098 1.000000
0.195870 -0.192625 2.777759 1.000000
-0.334768 -0.228659 2.665016 0.846154
0.181640 -0.258885 2.769468 0.963942
-0.271728 -0.581750 2.686624 1.000000
-0.013531 -0.594778 2.709679 1.000000
-0.300007 -0.990752 2.805984 1.000000
-0.046272 -1.019091 2.744545 1.000000
-0.329331 -1.035329 2.646286 0.000000
-0.049782 -1.032609 2.576751 0.000000
-0.086060 0.672184 2.604162 1.000000
-0.282411 0.373554 2.710180 1.000000
0.074832 0.350713 2.705742 1.000000
-0.102169 0.405997 2.612657 0.000000
-0.112358 0.208721 2.807772 0.000000
-0.250606 -0.019581 2.673215 1.000000
0.030570 -0.017968 2.666952 1.000000
-0.107334 -0.004195 2.794304 0.000000
-0.344786 0.114346 2.698135 1.000000
0.113828 0.093310 2.764458 1.000000
-0.342223 -0.171372 2.660421 1.000000
0.134490 -0.191567 2.802957 1.000000
-0.328703 -0.231735 2.689321 0.963942
0.094610 -0.237458 2.771890 0.408654
-0.271904 -0.582823 2.715966 1.000000
-0.014713 -0.594310 2.710327 1.000000
-0.288670 -0.988765 2.847339 1.000000
-0.043682 -1.018813 2.746203 1.000000
-0.313965 -1.039073 2.688658 0.000000
-0.042591 -1.033066 2.578436 0.000000
-0.087748 0.678453 2.635457 1.000000
-0.292880 0.375092 2.714728 1.000000
0.064710 0.358392 2.718510 1.000000
-0.110977 0.411834 2.621927 0.000000
-0.122347 0.211950 2.814303 0.000000
-0.255698 -0.019386 2.674582 1.000000
0.025452 -0.011964 2.675680 1.000000
-0.115890 -0.005090 2.799782 0.000000
-0.351451 0.115668 2.697867 1.000000
0.106091 0.097003 2.749810 1.000000
-0.336654 -0.167576 2.649138 1.000000
0.108992 -0.189691 2.774682 1.000000
-0.328617 -0.234962 2.656629 0.762019
0.110558 -0.257764 2.779696 0.000000
-0.264144 -0.583462 2.721487 1.000000
-0.014527 -0.590351 2.711375 1.000000
-0.286316 -0.990886 2.847356 1.000000
-0.044034 -1.014733 2.748226 1.000000
-0.301961 -1.039593 2.686941 0.000000
-0.037800 -1.029720 2.580636 0.000000
-0.084365 0.681421 2.640149 1.000000
