-0.357143 0.348802 2.802493 1.000000
0.037053 0.372810 2.648190 1.000000
-0.202162 0.448589 2.631404 0.000000
-0.129206 0.227157 2.783332 0.000000
-0.335558 0.078879 2.707891 0.000000
-0.017377 0.075711 2.574564 0.980769
-0.127920 0.041133 2.757945 0.000000
-0.400551 0.075846 2.716472 1.000000
0.075651 0.086922 2.624366 1.000000
-0.406649 -0.233921 2.657166 1.000000
0.055668 -0.227886 2.621654 1.000000
-0.358388 -0.298372 2.639437 0.930288
0.027134 -0.305183 2.618754 0.980769
-0.271813 -0.506955 2.688459 1.000000
-0.035438 -0.492925 2.672676 1.000000
-0.312768 -0.956607 2.765267 0.609856
-0.139431 -0.936136 2.722812 0.300481
-0.396021 -0.983163 2.565412 0.000000
-0.186009 -0.949266 2.510123 0.000000
-0.169073 0.661131 2.600849 1.000000
-0.356555 0.349802 2.806145 1.000000
0.036767 0.374008 2.649660 1.000000
-0.202580 0.449646 2.634183 0.000000
-0.128657 0.228284 2.785746 0.000000
-0.330940 0.074550 2.707229 0.000000
-0.012275 0.075699 2.575031 1.000000
-0.122786 0.041622 2.758525 0.000000
-0.398705 0.077910 2.716434 1.000000
0.080504 0.088893 2.626266 1.000000
-0.402101 -0.232429 2.660371 1.000000
0.057560 -0.225574 2.619201 1.000000
-0.366887 -0.305750 2.646904 0.593750
0.030258 -0.303198 2.624341 1.000000
-0.277237 -0.510381 2.687231 1.000000
-0.038275 -0.496815 2.675730 1.000000
-0.305256 -0.958848 2.775867 0.591106
-0.115649 -0.946287 2.717586 0.534856
-0.388892 -0.992867 2.577306 0.000000
-0.177796 -0.955042 2.508685 0.000000
-0.168061 0.660073 2.595660 1.000000
-0.353060 0.352372 2.805766 1.000000
0.039369 0.372902 2.646537 1.000000
-0.200126 0.447949 2.630482 0.000000
-0.125173 0.230545 2.787180 0.000000
-0.336932 0.071817 2.700003 0.000000
-0.013115 0.076218 2.581055 0.615385
-0.130566 0.043415 2.760424 0.000000
-0.398590 0.081591 2.715899 1.000000
0.077575 0.086780 2.634444 1.000000
-0.411825 -0.227159 2.655632 1.000000
0.058330 -0.227160 2.620107 1.000000
-0.368874 -0.297533 2.655877 0.778846
0.028323 -0.303688 2.613744 1.000000
-0.278331 -0.512841 2.685884 1.000000
-0.037913 -0.498763 2.676524 1.000000
-0.318243 -0.959430 2.779313 0.581731
-0.134593 -0.944703 2.715947 0.394231
-0.392820 -0.994998 2.577442 0.000000
-0.178782 -0.953989 2.502547 0.000000
-0.164989 0.666980 2.606879 1.000000
-0.354822 0.352434 2.800395 1.000000
0.040440 0.369998 2.647963 1.000000
-0.198224 0.446636 2.627621 0.000000
-0.127482 0.229028 2.785984 0.000000
-0.340735 0.072403 2.696419 0.000000
-0.014197 0.075994 2.585131 0.490385
-0.135907 0.043697 2.761730 0.000000
-0.400039 0.079189 2.720136 1.000000
0.070061 0.083645 2.631408 1.000000
-0.408509 -0.228290 2.655827 1.000000
0.058718 -0.230332 2.625037 1.000000
-0.370189 -0.301271 2.654160 0.661058
0.031342 -0.308012 2.621313 1.000000
-0.277758 -0.512759 2.684238 1.000000
-0.039774 -0.499845 2.673155 1.000000
-0.297771 -0.961650 2.772897 0.712981
-0.195720 -0.928481 2.714590 0.478606
-0.368270 -0.998617 2.569816 0.000000
-0.192734 -0.950542 2.497604 0.000000
-0.171259 0.663446 2.602825 1.000000
-0.355564 0.350880 2.806760 1.000000
0.037849 0.372052 2.650063 1.000000
-0.201393 0.447745 2.633276 0.000000
-0.127818 0.228752 2.788408 0.000000
-0.336636 0.070427 2.703163 0.000000
-0.015955 0.079967 2.576286 0.634615
-0.128395 0.045756 2.758579 0.000000
-0.397483 0.078954 2.719657 1.000000
0.073436 0.086461 2.628618 1.000000
-0.410880 -0.228234 2.653529 1.000000
0.059773 -0.227729 2.624724 1.000000
-0.370100 -0.299856 2.655713 0.762019
0.032151 -0.304786 2.614892 1.000000
-0.279260 -0.513037 2.685029 1.000000
-0.037047 -0.496554 2.674763 1.000000
-0.289477 -0.961501 2.777436 0.809856
-0.180054 -0.929932 2.713448 0.575481
-0.370411 -1.000609 2.578694 0.000000
-0.198119 -0.943338 2.496486 0.000000
-0.170778 0.664801 2.607131 1.000000
-0.355508 0.351164 2.802845 1.000000
0.041762 0.374052 2.656456 1.000000
-0.196922 0.450231 2.634665 0.000000
-0.127463 0.229049 2.788583 0.000000
-0.335553 0.068837 2.698117 0.000000
-0.012579 0.108759 2.583577 0.461538
-0.127854 0.051542 2.758167 0.000000
-0.400276 0.077893 2.718836 0.938462
0.065893 0.086489 2.634912 1.000000
-0.407355 -0.232189 2.661821 1.000000
0.069587 -0.228603 2.622456 1.000000
-0.369613 -0.305478 2.663123 0.492788
0.036832 -0.304263 2.622609 0.930288
-0.279190 -0.500351 2.683247 1.000000
-0.036015 -0.477274 2.658766 1.000000
-0.286428 -0.948088 2.779389 0.903606
-0.061790 -0.924644 2.753424 0.459856
-0.359452 -0.990110 2.578192 0.000000
-0.119081 -0.965047 2.546872 0.000000
-0.163830 0.659349 2.592989 1.000000
-0.355793 0.350686 2.802816 1.000000
0.041278 0.372766 2.655769 1.000000
-0.197417 0.448894 2.633937 0.000000
-0.127796 0.228449 2.788835 0.000000
-0.333359 0.063523 2.700215 0.000000
-0.011114 0.091387 2.580187 0.461538
-0.125300 0.045598 2.758817 0.000000
-0.396743 0.076303 2.719770 0.984615
0.073113 0.086097 2.629933 1.000000
-0.400678 -0.230592 2.646317 1.000000
0.067296 -0.229194 2.617552 1.000000
-0.363716 -0.303026 2.659906 0.677885
0.036028 -0.305296 2.612233 1.000000
-0.280315 -0.511748 2.686326 1.000000
-0.039864 -0.492050 2.671091 1.000000
-0.295532 -0.958255 2.787143 0.731731
-0.070555 -0.941220 2.755164 0.322356
-0.372365 -1.000722 2.587463 0.000000
-0.133414 -0.975491 2.549123 0.000000
-0.164269 0.661067 2.598073 1.000000
-0.355619 0.352158 2.798646 1.000000
0.041310 0.372089 2.650909 1.000000
-0.197853 0.446019 2.626751 0.000000
-0.126869 0.230957 2.788451 0.000000
-0.329173 0.066069 2.705786 0.000000
-0.006891 0.083181 2.583860 0.865385
-0.121416 0.042815 2.763578 0.000000
-0.401607 0.075863 2.721859 1.000000
0.077375 0.084700 2.629532 1.000000
-0.403922 -0.233685 2.655884 1.000000
0.066380 -0.228604 2.585970 1.000000
-0.363522 -0.305502 2.658618 0.728365
0.028229 -0.299458 2.568035 1.000000
-0.281560 -0.513427 2.685503 1.000000
-0.039968 -0.498213 2.672604 1.000000
-0.304458 -0.959817 2.785378 0.669231
-0.082538 -0.948170 2.746698 0.519231
-0.382874 -1.000420 2.585927 0.000000
-0.146392 -0.976164 2.540016 0.000000
-0.167809 0.665355 2.601515 1.000000
-0.352569 0.352888 2.799555 1.000000
0.043046 0.370240 2.648017 1.000000
-0.195371 0.447633 2.627624 0.000000
-0.125532 0.228954 2.784911 0.000000
-0.328605 0.065504 2.706882 0.000000
-0.008603 0.081063 2.578892 1.000000
-0.119769 0.044195 2.761448 0.000000
-0.401192 0.077058 2.716800 1.000000
0.099672 0.088539 2.595742 1.000000
-0.403782 -0.236770 2.663845 1.000000
0.095409 -0.177094 2.420469 1.000000
-0.365012 -0.304392 2.636982 0.762019
0.054482 -0.234483 2.377703 0.812500
-0.282547 -0.515604 2.682155 1.000000
-0.039767 -0.498746 2.680380 1.000000
-0.315873 -0.961776 2.780056 0.416106
-0.102124 -0.949618 2.731273 0.344231
-0.397756 -0.999252 2.581387 0.000000
-0.166547 -0.964174 2.523388 0.000000
-0.163424 0.665682 2.609714 1.000000
-0.355562 0.357936 2.793930 1.000000
0.042124 0.369659 2.647357 1.000000
-0.195852 0.446636 2.621093 0.000000
-0.128566 0.233280 2.786589 0.000000
-0.329857 0.073799 2.711517 0.000000
-0.008916 0.085478 2.585481 1.000000
-0.121814 0.046817 2.766597 0.000000
-0.398338 0.079925 2.714941 1.000000
0.122035 0.108281 2.544134 1.000000
-0.417151 -0.232857 2.658463 1.000000
0.097974 -0.055592 2.272209 1.000000
-0.381291 -0.306735 2.665785 0.543269
0.054346 -0.103085 2.220844 1.000000
-0.300518 -0.506247 2.681508 1.000000
-0.041148 -0.493620 2.675358 1.000000
-0.235199 -0.949607 2.776005 1.000000
-0.161798 -0.932159 2.729128 0.487981
-0.330933 -1.003853 2.587668 0.000000
-0.200626 -0.947725 2.515052 0.000000
-0.167547 0.668670 2.610133 1.000000
-0.354932 0.361587 2.784543 1.000000
0.042560 0.370575 2.637248 1.000000
-0.196918 0.440515 2.605518 0.000000
-0.125428 0.241400 2.786293 0.000000
-0.321053 0.067108 2.717777 0.000000
-0.005400 0.079647 2.579100 1.000000
-0.110847 0.041672 2.764795 0.000000
-0.406045 0.082024 2.719770 1.000000
0.138485 0.149249 2.473613 1.000000
-0.420280 -0.228439 2.654073 1.000000
0.110011 0.101910 2.160795 0.519231
-0.394238 -0.305484 2.640532 0.475962
0.067154 0.096831 2.090547 0.812500
-0.285766 -0.513996 2.684420 1.000000
-0.037706 -0.498976 2.680084 1.000000
-0.299132 -0.960480 2.785602 0.691106
-0.092477 -0.951500 2.724655 0.656731
-0.389935 -1.001723 2.591611 0.000000
-0.166706 -0.962687 2.519854 0.000000
-0.168702 0.673376 2.604036 1.000000
-0.318908 0.371661 2.749614 1.000000
0.085897 0.358715 2.624151 0.000000
-0.148615 0.435747 2.576002 0.000000
-0.094733 0.243357 2.769702 0.000000
-0.308352 0.087272 2.689356 0.471154
0.017088 0.057451 2.578791 1.000000
-0.105629 0.051210 2.757524 0.000000
-0.410018 0.095239 2.716923 1.000000
0.141311 0.203654 2.381943 1.000000
-0.438119 -0.216785 2.655885 1.000000
0.125427 0.310977 2.081769 1.000000
-0.437120 -0.297178 2.637624 0.459135
0.083538 0.338865 2.016462 1.000000
-0.288135 -0.506663 2.684947 1.000000
-0.043733 -0.514117 2.677608 1.000000
-0.308708 -0.956227 2.769993 0.819231
-0.050605 -0.969984 2.721220 0.291106
-0.383722 -0.990979 2.568142 0.000000
-0.122329 -0.988530 2.516061 0.000000
-0.175546 0.679317 2.601219 1.000000
-0.305172 0.370015 2.738399 1.000000
0.098309 0.352239 2.609310 0.000000
-0.136261 0.429508 2.561827 0.000000
-0.081481 0.240950 2.759012 0.000000
-0.297501 0.087147 2.675017 0.519231
0.027424 0.041768 2.568297 1.000000
-0.095718 0.052323 2.746534 0.000000
-0.416825 0.098096 2.729248 1.000000
0.138930 0.224537 2.347523 1.000000
-0.428502 -0.211169 2.645957 1.000000
0.132811 0.404941 2.082691 1.000000
-0.478089 -0.268766 2.614001 0.526442
0.098162 0.445019 2.019520 0.947115
-0.291462 -0.510044 2.684442 1.000000
-0.045914 -0.526911 2.675070 1.000000
-0.295801 -0.960758 2.765692 0.759856
-0.050675 -0.982573 2.721037 0.081731
-0.372457 -0.996272 2.564592 0.000000
-0.122554 -1.002500 2.516062 0.000000
-0.167121 0.677595 2.604321 0.995192
-0.312866 0.363268 2.735330 1.000000
0.086803 0.351049 2.594293 0.000000
-0.150550 0.423079 2.552781 0.000000
-0.086189 0.238817 2.751130 0.000000
-0.290533 0.081831 2.667476 0.221154
0.031016 0.035084 2.551520 1.000000
-0.085929 0.052774 2.733330 0.000000
-0.414254 0.088440 2.737810 1.000000
0.139803 0.240731 2.328140 1.000000
-0.419894 -0.209112 2.622268 1.000000
0.128556 0.447113 2.084832 1.000000
-0.441437 -0.285476 2.599866 0.223558
0.096444 0.498195 2.028646 1.000000
-0.291045 -0.514642 2.683729 1.000000
-0.050998 -0.534339 2.668941 1.000000
-0.283515 -0.965800 2.762243 0.703606
-0.057947 -0.989342 2.720792 0.344231
-0.368906 -1.001595 2.564745 0.000000
-0.135710 -1.011243 2.518180 0.000000
-0.185349 0.680622 2.596190 1.000000
-0.316637 0.360439 2.736577 1.000000
0.082218 0.354684 2.592850 0.836538
-0.155997 0.425531 2.554352 0.000000
-0.088815 0.237641 2.748313 0.000000
-0.298688 0.072777 2.661989 0.182692
0.023662 0.047408 2.541690 1.000000
-0.092345 0.050311 2.724933 0.000000
-0.415829 0.088358 2.744267 1.000000
0.141345 0.244099 2.331697 1.000000
-0.391565 -0.189505 2.596358 1.000000
0.130207 0.465419 2.106824 1.000000
-0.415958 -0.254591 2.552016 0.290865
0.106905 0.521556 2.051119 1.000000
-0.290851 -0.517286 2.678372 1.000000
-0.052375 -0.528551 2.656843 1.000000
-0.314032 -0.965187 2.771169 0.562981
-0.070006 -0.982525 2.714815 0.169231
-0.396984 -1.001989 2.572819 0.000000
-0.146720 -1.005455 2.511917 0.000000
-0.187435 0.677487 2.606101 1.000000
-0.313105 0.368007 2.740533 1.000000
0.087326 0.384364 2.602100 0.000000
-0.152878 0.448495 2.564190 0.000000
-0.081062 0.253084 2.748835 0.000000
-0.293716 0.070854 2.641803 1.000000
0.032178 0.100378 2.532505 1.000000
-0.087646 0.057538 2.708149 0.000000
-0.416456 0.099607 2.738944 1.000000
0.140120 0.265736 2.345464 1.000000
-0.377667 -0.169905 2.583693 1.000000
0.139504 0.478150 2.114977 1.000000
-0.402813 -0.232464 2.536243 0.307692
0.114972 0.535889 2.061482 1.000000
-0.291303 -0.488541 2.678236 1.000000
-0.061219 -0.483273 2.651693 1.000000
-0.299028 -0.940476 2.752126 0.875481
-0.045457 -0.940536 2.672331 0.356731
-0.374353 -0.972251 2.549901 0.000000
-0.126362 -0.952451 2.470116 0.000000
-0.195960 0.684749 2.610517 0.870192
-0.312170 0.364764 2.727930 1.000000
0.085592 0.369493 2.581170 0.701923
-0.153674 0.439209 2.547417 0.000000
-0.082938 0.244147 2.732847 0.000000
-0.286272 0.082350 2.647924 0.048077
0.037447 0.065340 2.529849 1.000000
-0.080756 0.054401 2.711376 0.000000
-0.403138 0.093534 2.729986 1.000000
0.154380 0.292945 2.314236 1.000000
-0.379239 -0.184050 2.590063 1.000000
0.159156 0.537867 2.121380 1.000000
-0.388002 -0.210867 2.512594 0.509615
0.138403 0.598180 2.069140 1.000000
-0.294427 -0.497949 2.676330 1.000000
-0.057289 -0.509628 2.651374 1.000000
-0.288637 -0.950505 2.746493 0.759856
-0.066619 -0.964999 2.699480 0.622356
-0.375934 -0.982221 2.549130 0.000000
-0.141808 -0.984986 2.495702 0.000000
-0.196822 0.681984 2.602758 1.000000
-0.312380 0.365339 2.729829 1.000000
0.077028 0.373856 2.562304 0.923077
-0.164034 0.442600 2.542021 0.000000
-0.082611 0.245952 2.721288 0.000000
-0.285070 0.084962 2.654571 0.192308
0.029688 0.062344 2.515141 1.000000
-0.075851 0.057169 2.704557 0.000000
-0.400635 0.093649 2.732779 1.000000
0.152267 0.318765 2.292272 1.000000
-0.373427 -0.193573 2.615773 1.000000
0.175514 0.575615 2.117873 1.000000
-0.413275 -0.210742 2.545667 0.728365
0.162080 0.636814 2.064285 1.000000
-0.289201 -0.499429 2.678580 1.000000
-0.057133 -0.510520 2.649343 1.000000
-0.305952 -0.952141 2.745929 0.734856
-0.061483 -0.965846 2.698570 0.309856
-0.400957 -0.977589 2.551237 0.000000
-0.151013 -0.986381 2.500729 0.000000
-0.188175 0.681160 2.609909 0.923077
-0.311949 0.360567 2.723686 1.000000
0.073371 0.379852 2.547808 0.836538
-0.169266 0.444624 2.534413 0.000000
-0.080352 0.245599 2.707388 0.000000
-0.281841 0.082543 2.654990 0.115385
0.029892 0.074704 2.507390 1.000000
-0.070876 0.057468 2.698682 0.000000
-0.397126 0.088741 2.730992 1.000000
0.143409 0.326440 2.276811 1.000000
-0.380068 -0.202657 2.625019 1.000000
0.187434 0.591498 2.121119 1.000000
-0.410180 -0.228631 2.552797 0.593750
0.142384 0.659953 2.112078 1.000000
-0.290031 -0.494921 2.675214 1.000000
-0.056564 -0.501362 2.641836 1.000000
-0.297044 -0.947398 2.745774 0.834856
-0.067664 -0.956004 2.696075 0.812981
-0.399192 -0.975547 2.555112 0.000000
-0.160563 -0.977145 2.499858 0.000000
-0.189995 0.689719 2.586583 0.942308
-0.308732 0.359689 2.718266 1.000000
0.074198 0.374330 2.536811 0.923077
-0.168325 0.439954 2.525675 0.000000
-0.077872 0.243434 2.700704 0.000000
-0.280057 0.080645 2.650390 0.028846
0.029606 0.062008 2.499438 1.000000
-0.068833 0.055199 2.692589 0.000000
-0.402863 0.092603 2.745543 1.000000
0.151343 0.317745 2.268881 1.000000
-0.388436 -0.202540 2.651680 1.000000
0.171142 0.604877 2.153598 1.000000
-0.430933 -0.268683 2.626853 0.459135
0.171896 0.673315 2.107629 1.000000
-0.292935 -0.500643 2.673260 1.000000
-0.052755 -0.511410 2.640216 1.000000
-0.313327 -0.953361 2.739550 0.578606
-0.075579 -0.965954 2.691526 0.575481
-0.416224 -0.976681 2.548639 0.000000
-0.170409 -0.983280 2.495860 0.000000
-0.180315 0.688478 2.571480 0.927885
-0.314457 0.360639 2.712654 1.000000
0.077930 0.384859 2.553839 0.701923
-0.164320 0.448427 2.530994 0.000000
-0.081639 0.247276 2.704600 0.000000
-0.279760 0.074071 2.629119 0.375000
0.041205 0.099407 2.505165 1.000000
-0.071061 0.062146 2.686967 0.000000
-0.404813 0.092220 2.742427 1.000000
0.168305 0.290476 2.300811 1.000000
-0.400311 -0.209279 2.668978 1.000000
0.175770 0.579677 2.188454 1.000000
-0.380528 -0.271581 2.618733 0.711538
0.175449 0.652844 2.150457 1.000000
-0.291376 -0.483797 2.669355 1.000000
-0.060723 -0.488292 2.613894 1.000000
-0.298810 -0.936903 2.735715 0.687981
-0.047538 -0.926774 2.745517 0.594231
-0.386803 -0.964411 2.538031 0.000000
-0.139113 -0.986212 2.556680 0.000000
-0.180122 0.684363 2.574838 1.000000
-0.317008 0.359964 2.700734 1.000000
0.077739 0.355744 2.546030 1.000000
-0.161546 0.426461 2.514568 0.000000
-0.088778 0.237450 2.705399 0.000000
-0.290258 0.072076 2.624733 0.423077
0.037315 0.071502 2.516469 1.000000
-0.086114 0.045084 2.692854 0.000000
-0.403660 0.090473 2.732819 1.000000
0.203322 0.222905 2.327522 1.000000
-0.406671 -0.215776 2.681875 1.000000
0.204296 0.520868 2.240289 1.000000
-0.384419 -0.283431 2.640341 0.846154
0.187572 0.596172 2.211185 1.000000
-0.295195 -0.498574 2.662584 1.000000
-0.059083 -0.507635 2.624699 1.000000
-0.279289 -0.951315 2.729941 0.719231
-0.093215 -0.952141 2.729647 0.406731
-0.361655 -0.983865 2.530605 0.000000
-0.159323 -0.995083 2.526265 0.000000
-0.183675 0.675710 2.573706 1.000000
-0.330551 0.349958 2.719505 1.000000
0.049352 0.355679 2.531311 1.000000
-0.194274 0.416861 2.519005 0.000000
-0.098253 0.235899 2.707339 0.000000
-0.287121 0.061016 2.655959 0.000000
0.022362 0.046180 2.504219 1.000000
-0.076339 0.030098 2.696686 0.000000
-0.403297 0.075525 2.715362 1.000000
0.258091 0.207828 2.408060 1.000000
-0.412053 -0.230588 2.670993 1.000000
0.246072 0.499892 2.306547 1.000000
-0.394421 -0.308630 2.651095 0.475962
0.233390 0.576183 2.277977 1.000000
-0.298795 -0.521816 2.651664 1.000000
-0.058137 -0.530383 2.623150 1.000000
-0.283854 -0.968618 2.751211 0.541106
-0.096961 -0.973374 2.732768 0.191106
-0.393800 -1.013081 2.568144 0.000000
-0.188461 -1.013343 2.538837 0.000000
-0.174753 0.673899 2.571381 1.000000
-0.336964 0.350939 2.710728 1.000000
0.047277 0.353402 2.531483 1.000000
-0.195880 0.414756 2.512560 0.000000
-0.104648 0.236378 2.705679 0.000000
-0.285324 0.065360 2.654628 0.000000
0.026369 0.040384 2.508859 1.000000
-0.076380 0.028299 2.699491 0.000000
-0.402158 0.075946 2.690401 1.000000
0.272277 0.208381 2.438593 1.000000
-0.421018 -0.230515 2.657608 1.000000
0.274003 0.502906 2.345851 1.000000
-0.383560 -0.302827 2.644753 0.627404
0.263769 0.581722 2.323929 1.000000
-0.302333 -0.520210 2.647816 1.000000
-0.056921 -0.533489 2.621918 1.000000
-0.285472 -0.963435 2.761970 0.600481
-0.115512 -0.974522 2.730644 0.425481
-0.393457 -1.014546 2.579472 0.000000
-0.201359 -1.011694 2.533598 0.000000
-0.170945 0.675604 2.567174 1.000000
-0.337983 0.360928 2.696680 1.000000
0.054086 0.349014 2.535697 1.000000
-0.185855 0.417645 2.504617 0.000000
-0.109435 0.239136 2.703945 0.000000
-0.290243 0.069051 2.642233 0.076923
0.028466 0.041131 2.513122 1.000000
-0.084003 0.032196 2.698364 0.000000
-0.401382 0.084834 2.672076 1.000000
0.280147 0.207356 2.437301 1.000000
-0.430650 -0.222524 2.645655 1.000000
0.283099 0.510691 2.374036 1.000000
-0.413506 -0.300704 2.625870 0.795673
0.283962 0.592990 2.369182 1.000000
-0.299401 -0.518564 2.642208 1.000000
-0.058845 -0.532330 2.621686 1.000000
-0.315267 -0.958675 2.767966 0.394231
-0.112967 -0.974301 2.728907 0.228606
-0.407802 -1.009852 2.577186 0.000000
-0.189790 -1.013498 2.528557 0.000000
-0.167017 0.676145 2.570212 0.951923
-0.339972 0.360927 2.693186 1.000000
0.054025 0.357102 2.536572 1.000000
-0.186199 0.424289 2.504541 0.000000
-0.110347 0.241142 2.699836 0.000000
-0.297270 0.069680 2.639404 0.000000
0.019054 0.047759 2.503451 1.000000
-0.089107 0.037561 2.691177 0.000000
-0.407219 0.084774 2.656546 1.000000
0.257077 0.209495 2.398344 1.000000
-0.448557 -0.222353 2.617825 1.000000
0.283373 0.519188 2.367784 1.000000
-0.439729 -0.282897 2.562564 0.879808
0.283582 0.601332 2.374835 1.000000
-0.296761 -0.518403 2.635569 1.000000
-0.056667 -0.528013 2.611903 1.000000
-0.298917 -0.958715 2.761604 0.494231
-0.111381 -0.968198 2.725955 0.184856
-0.395284 -1.012128 2.573351 0.000000
-0.189392 -1.010148 2.526623 0.000000
-0.158259 0.673934 2.566249 1.000000
-0.334009 0.351590 2.689637 1.000000
0.052578 0.351638 2.515493 1.000000
-0.190367 0.412385 2.492359 0.000000
-0.101533 0.237244 2.689516 0.000000
-0.289503 0.069832 2.632362 0.000000
0.023742 0.041315 2.490624 1.000000
-0.081025 0.034157 2.680405 0.000000
-0.415066 0.078149 2.655446 1.000000
0.261906 0.263764 2.339513 1.000000
-0.458908 -0.223369 2.583649 1.000000
0.263040 0.576783 2.336601 1.000000
-0.472601 -0.304342 2.576344 0.341346
0.271209 0.657786 2.349609 1.000000
-0.300602 -0.517950 2.632616 1.000000
-0.057831 -0.531396 2.607861 1.000000
-0.289298 -0.960370 2.750517 0.553606
-0.110858 -0.971125 2.724439 0.228606
-0.392914 -1.012263 2.565722 0.000000
-0.194722 -1.013215 2.527529 0.000000
-0.147976 0.673982 2.584483 0.230769
-0.327036 0.350904 2.689306 1.000000
0.044789 0.349218 2.485543 1.000000
-0.199875 0.407128 2.479743 0.000000
-0.094028 0.238645 2.674285 0.000000
-0.286409 0.064280 2.634021 0.182692
0.014358 0.038588 2.466975 1.000000
-0.074148 0.032084 2.664885 0.000000
-0.414119 0.079469 2.654361 1.000000
0.239289 0.332018 2.274936 1.000000
-0.464941 -0.217604 2.569963 1.000000
0.229221 0.644729 2.283196 1.000000
-0.460828 -0.248996 2.493838 0.408654
0.268047 0.713363 2.307269 0.879808
-0.303763 -0.521621 2.635330 1.000000
-0.061685 -0.533375 2.603958 1.000000
-0.305668 -0.964331 2.752669 0.366106
-0.097478 -0.974354 2.722366 0.237981
-0.422669 -1.011025 2.574598 0.000000
-0.199729 -1.016535 2.534365 0.000000
-0.143168 0.668972 2.597060 0.793269
-0.325828 0.353149 2.705889 1.000000
0.014394 0.373848 2.459768 1.000000
-0.228122 0.421944 2.484600 0.000000
-0.092598 0.251215 2.657580 0.000000
-0.287294 0.062401 2.643835 0.028846
-0.008595 0.053451 2.440681 1.000000
-0.071282 0.043305 2.648073 0.000000
-0.412917 0.083901 2.660424 1.000000
0.147527 0.441914 2.215251 1.000000
-0.455517 -0.212358 2.571119 1.000000
0.193497 0.745390 2.157382 1.000000
-0.478993 -0.283134 2.535949 0.257212
0.252825 0.796676 2.182827 0.745192
-0.307745 -0.517769 2.643083 1.000000
-0.064279 -0.521437 2.601523 1.000000
-0.279484 -0.963664 2.743797 0.444231
-0.094106 -0.965755 2.708556 0.491106
-0.422259 -1.008554 2.585119 0.000000
-0.218876 -0.999696 2.532889 0.000000
-0.129806 0.650827 2.618227 0.600962
-0.313170 0.358248 2.723155 1.000000
-0.005757 0.370249 2.441148 1.000000
-0.239098 0.427866 2.493123 0.000000
-0.091875 0.247849 2.645950 0.000000
-0.282370 0.066499 2.653484 0.336538
-0.029005 0.053269 2.419698 1.000000
-0.067304 0.047133 2.633098 0.000000
-0.407757 0.091155 2.674565 1.000000
0.096153 0.481837 2.196590 1.000000
-0.439003 -0.208243 2.587743 1.000000
0.126343 0.750436 2.038171 1.000000
-0.457877 -0.249444 2.518869 0.375000
0.148694 0.829737 2.041193 1.000000
-0.310836 -0.515810 2.643309 1.000000
-0.064535 -0.517879 2.598344 1.000000
-0.300346 -0.961979 2.746203 0.253606
-0.083628 -0.963714 2.701449 0.400481
-0.457812 -0.999404 2.599976 0.000000
-0.228459 -0.994551 2.541289 0.000000
-0.119748 0.642554 2.620148 0.173077
-0.307363 0.364693 2.725094 1.000000
-0.010734 0.386540 2.431685 1.000000
-0.240645 0.446249 2.496741 0.000000
-0.092134 0.254075 2.632573 0.000000
-0.284562 0.077181 2.654815 0.000000
-0.041409 0.067419 2.410262 1.000000
-0.070298 0.061240 2.625136 0.000000
-0.409718 0.096066 2.696631 1.000000
0.064210 0.500119 2.176871 1.000000
-0.419064 -0.208732 2.618423 1.000000
0.042566 0.718987 1.951630 1.000000
-0.448735 -0.259820 2.560917 0.661058
0.062049 0.792997 1.920965 1.000000
-0.312550 -0.505162 2.638246 1.000000
-0.060329 -0.502698 2.595706 1.000000
-0.318764 -0.950097 2.746681 0.350481
-0.074494 -0.949659 2.694649 0.500481
-0.480310 -0.982667 2.603781 0.000000
-0.225820 -0.979026 2.540323 0.000000
-0.117917 0.651289 2.612077 0.610577
-0.285393 0.348359 2.740542 0.923077
0.000182 0.388326 2.430664 0.663462
-0.225446 0.452543 2.519635 0.000000
-0.082799 0.237285 2.623331 0.000000
-0.279459 0.073825 2.643993 0.000000
-0.051724 0.092462 2.385509 1.000000
-0.066931 0.070834 2.600787 0.000000
-0.401696 0.085932 2.715012 0.769231
0.010737 0.429712 2.145669 1.000000
-0.402756 -0.219348 2.641307 1.000000
-0.045151 0.627386 1.908118 1.000000
-0.421979 -0.298503 2.628567 0.862981
-0.030628 0.703941 1.881179 1.000000
-0.306610 -0.497617 2.627762 1.000000
-0.057834 -0.481546 2.580913 1.000000
-0.215982 -0.939534 2.706886 0.612981
-0.074367 -0.926135 2.689683 0.631731
-0.396833 -0.995977 2.598787 0.000000
-0.242843 -0.953116 2.553792 0.000000
-0.209264 0.678367 2.589574 1.000000
-0.279843 0.375570 2.701389 1.000000
0.043544 0.414942 2.430010 0.000000
-0.197206 0.466023 2.481759 0.000000
-0.054787 0.273539 2.623546 0.000000
-0.277953 0.087211 2.624164 0.000000
-0.023027 0.108868 2.392715 1.000000
-0.062204 0.078134 2.603818 0.000000
-0.391169 0.110423 2.712120 0.676923
-0.003415 0.306844 2.167481 1.000000
-0.405092 -0.202541 2.697633 1.000000
-0.081740 0.535587 1.967751 1.000000
-0.393906 -0.274780 2.659505 1.000000
-0.067931 0.609373 1.933659 1.000000
-0.317492 -0.471521 2.641900 1.000000
-0.063724 -0.466827 2.576978 1.000000
-0.117094 -0.881733 2.678375 1.000000
-0.067374 -0.911121 2.688125 0.728606
-0.307485 -0.978656 2.634379 0.000000
-0.223620 -0.946849 2.540175 0.000000
-0.223777 0.684940 2.588890 1.000000
-0.284902 0.354344 2.716994 1.000000
0.019565 0.357960 2.421930 1.000000
-0.213708 0.426055 2.486697 0.000000
-0.071884 0.234778 2.630696 0.000000
-0.280556 0.064220 2.638086 0.000000
-0.032845 0.086141 2.398955 1.000000
-0.065558 0.054763 2.611062 0.000000
-0.364585 0.127374 2.559718 0.600000
0.009440 0.131816 2.244852 1.000000
-0.358551 -0.185758 2.556431 0.836538
-0.102230 0.383992 2.096405 1.000000
-0.375151 -0.232802 2.622072 0.947115
-0.099037 0.452121 2.050084 1.000000
-0.320595 -0.494511 2.655204 1.000000
-0.064050 -0.491866 2.574500 1.000000
-0.091078 -0.890228 2.677433 1.000000
-0.039719 -0.932201 2.698099 0.600481
-0.278653 -1.000049 2.659162 0.000000
-0.196771 -0.981091 2.554841 0.000000
-0.250943 0.671478 2.562243 1.000000
-0.306522 0.321789 2.709406 1.000000
-0.001027 0.329292 2.415479 1.000000
-0.235451 0.394251 2.479306 0.000000
-0.091567 0.205066 2.624024 0.000000
-0.278407 0.009390 2.658315 0.000000
-0.029724 0.058296 2.424243 0.875000
-0.063855 0.032931 2.636929 0.000000
-0.373030 0.089698 2.554385 0.800000
0.063798 0.049856 2.421354 0.753846
-0.310979 -0.213818 2.512004 1.000000
-0.100224 0.223877 2.219906 1.000000
-0.298043 -0.294595 2.501752 0.000000
-0.105560 0.273979 2.154647 1.000000
-0.329292 -0.536698 2.664554 1.000000
-0.079477 -0.534477 2.592289 1.000000
-0.004922 -0.855485 2.610490 1.000000
-0.014251 -0.950248 2.772967 0.066106
-0.150761 -1.011439 2.655074 0.000000
-0.205086 -1.016088 2.690352 0.000000
-0.243303 0.658566 2.551926 1.000000
-0.328372 0.291852 2.755316 0.625000
-0.028898 0.382883 2.469300 1.000000
-0.264508 0.420439 2.548834 0.009615
-0.110545 0.208432 2.642565 0.000000
-0.287093 0.011381 2.657532 0.000000
-0.036095 0.060798 2.426052 1.000000
-0.072439 0.035938 2.638432 0.000000
-0.384985 0.096455 2.557643 0.461538
0.067233 0.117423 2.441924 1.000000
-0.327697 -0.200793 2.495043 1.000000
-0.108599 0.208767 2.204655 1.000000
-0.335811 -0.256530 2.555250 0.795673
-0.107239 0.265974 2.145302 0.307692
-0.340889 -0.534979 2.655409 1.000000
-0.083605 -0.530818 2.598702 1.000000
0.035787 -0.781118 2.570000 1.000000
-0.000020 -0.935772 2.795653 0.047356
-0.073491 -0.964250 2.615825 0.000000
-0.186941 -1.013744 2.714662 0.000000
-0.240096 0.653640 2.528471 1.000000
-0.335077 0.295193 2.761488 0.250000
-0.034715 0.411230 2.485636 1.000000
-0.274167 0.432224 2.559596 0.014423
-0.109644 0.228095 2.652871 0.000000
-0.281509 0.031066 2.663515 0.000000
-0.037036 0.072784 2.423687 0.942308
-0.067835 0.058087 2.637881 0.000000
-0.383782 0.110284 2.555681 0.415385
0.074561 0.158040 2.447411 1.000000
-0.336106 -0.184611 2.488659 1.000000
-0.107581 0.203222 2.209013 1.000000
-0.332530 -0.242173 2.547576 1.000000
-0.153537 0.230632 2.146290 0.072115
-0.332423 -0.519889 2.658762 1.000000
-0.089266 -0.521393 2.586239 1.000000
0.016156 -0.792305 2.540245 1.000000
0.002416 -0.929797 2.772155 0.553606
-0.104275 -0.967554 2.588853 0.000000
-0.182676 -1.009392 2.688583 0.000000
-0.221543 0.655172 2.507526 1.000000
-0.349317 0.308702 2.770236 0.557692
-0.051444 0.425767 2.492130 1.000000
-0.292720 0.437911 2.562031 0.000000
-0.119119 0.248008 2.668033 0.000000
-0.289952 0.046455 2.671929 0.000000
-0.044614 0.085341 2.432509 1.000000
-0.076872 0.078280 2.646877 0.000000
-0.390488 0.121369 2.570791 0.446154
0.078866 0.184230 2.476936 1.000000
-0.346484 -0.171268 2.512820 1.000000
-0.083707 0.187262 2.225363 1.000000
-0.350463 -0.228777 2.571762 1.000000
-0.101230 0.253268 2.179173 0.475962
-0.337420 -0.508206 2.648847 1.000000
-0.089360 -0.509422 2.591259 1.000000
-0.002272 -0.802136 2.543752 1.000000
-0.006272 -0.924466 2.766186 0.575481
-0.137815 -0.969334 2.579130 0.000000
-0.186803 -1.000908 2.670563 0.000000
-0.220454 0.671702 2.502342 1.000000
-0.354825 0.316277 2.782505 0.721154
-0.051369 0.420622 2.505372 1.000000
-0.292743 0.440838 2.573033 0.000000
-0.125696 0.247412 2.683119 0.000000
-0.305170 0.053441 2.673919 0.000000
-0.056834 0.082659 2.436221 1.000000
-0.090432 0.072734 2.650270 0.000000
-0.421939 0.054211 2.736868 0.369231
0.077346 0.180639 2.488331 1.000000
-0.423623 -0.243912 2.714328 1.000000
-0.076260 0.181295 2.233725 1.000000
-0.396010 -0.298192 2.658754 0.088942
-0.082986 0.243422 2.179943 0.442308
-0.332610 -0.512655 2.652177 1.000000
-0.082931 -0.507409 2.598342 1.000000
-0.007607 -0.817143 2.545293 1.000000
-0.003335 -0.932835 2.748144 0.350481
-0.148428 -0.979901 2.580760 0.000000
-0.167337 -1.006922 2.624884 0.000000
-0.221908 0.666700 2.503846 1.000000
-0.360485 0.329484 2.802218 0.759615
-0.056164 0.419055 2.520898 1.000000
-0.296352 0.447715 2.589719 0.000000
-0.134176 0.251890 2.702804 0.000000
-0.324357 0.056645 2.682735 0.000000
-0.076070 0.096169 2.446480 1.000000
-0.109410 0.074252 2.659675 0.000000
-0.431078 0.080356 2.721429 0.738462
0.071622 0.181677 2.505279 1.000000
-0.443967 -0.213378 2.690849 1.000000
-0.058065 0.172418 2.241272 1.000000
-0.439375 -0.291064 2.663623 0.963942
-0.076377 0.233665 2.189206 0.442308
-0.330920 -0.510526 2.660371 1.000000
-0.081339 -0.493395 2.604473 1.000000
0.000783 -0.819409 2.594587 1.000000
-0.004538 -0.925163 2.736540 0.359856
-0.144104 -0.980446 2.620155 0.000000
-0.162010 -0.994225 2.602333 0.000000
-0.218935 0.649833 2.487598 1.000000
-0.366486 0.341586 2.820508 0.894231
-0.061113 0.424745 2.538359 1.000000
-0.299868 0.460190 2.608982 0.038462
-0.143331 0.258029 2.718820 0.000000
-0.336344 0.058072 2.698060 0.000000
-0.088575 0.116238 2.465138 1.000000
-0.121635 0.079860 2.676391 0.000000
-0.437292 0.105776 2.717193 0.846154
0.069241 0.193046 2.526185 1.000000
-0.446218 -0.177829 2.652699 1.000000
-0.052458 0.163474 2.264596 1.000000
-0.478960 -0.252409 2.639925 1.000000
-0.067083 0.224700 2.211352 0.341346
-0.334013 -0.504207 2.664497 1.000000
-0.074570 -0.474960 2.613786 1.000000
0.031905 -0.762725 2.569435 1.000000
-0.007030 -0.910623 2.737884 0.291106
-0.085724 -0.942714 2.606125 0.000000
-0.163924 -0.974136 2.600301 0.000000
-0.209133 0.651063 2.497126 1.000000
-0.369274 0.345036 2.829468 0.923077
-0.060607 0.421741 2.549080 1.000000
-0.299027 0.462034 2.618222 0.028846
-0.147227 0.256916 2.729218 0.000000
-0.336097 0.050318 2.709258 0.000000
-0.097029 0.126328 2.472418 1.000000
-0.122597 0.077261 2.682138 0.000000
-0.441562 0.120590 2.704699 0.876923
0.074786 0.192751 2.548879 1.000000
-0.448263 -0.164146 2.646363 1.000000
-0.034999 0.149957 2.283997 1.000000
-0.477665 -0.230521 2.607280 1.000000
-0.054602 0.209361 2.230291 0.475962
-0.314737 -0.507780 2.670464 1.000000
-0.074243 -0.466017 2.621644 1.000000
-0.001941 -0.827361 2.571516 1.000000
-0.031163 -0.905232 2.744112 0.644231
-0.152637 -0.982904 2.597508 0.000000
-0.204208 -0.956375 2.621562 0.000000
-0.201173 0.640957 2.496886 1.000000
-0.374349 0.343464 2.835714 0.807692
-0.057392 0.420286 2.564766 1.000000
-0.296818 0.463252 2.628620 0.038462
-0.151269 0.253551 2.739427 0.000000
-0.348395 0.054492 2.708695 0.000000
-0.092261 0.123630 2.488149 1.000000
-0.132657 0.072149 2.694939 0.000000
-0.438621 0.123641 2.695661 0.938462
0.076836 0.188591 2.562926 1.000000
-0.451891 -0.163030 2.638796 1.000000
-0.023664 0.150577 2.291610 1.000000
-0.467512 -0.222744 2.584136 1.000000
-0.037688 0.210570 2.236823 0.576923
-0.323772 -0.505418 2.676995 1.000000
-0.067783 -0.463399 2.635008 1.000000
-0.017510 -0.822229 2.552100 1.000000
-0.038930 -0.906853 2.745826 0.266106
-0.165362 -0.978813 2.586740 0.000000
-0.184242 -0.955128 2.590480 0.000000
-0.198894 0.640785 2.510970 1.000000
-0.388046 0.335749 2.835584 0.692308
-0.064533 0.417063 2.573852 1.000000
-0.307708 0.452078 2.627591 0.278846
-0.158095 0.252155 2.750407 0.000000
-0.346714 0.044249 2.720181 0.000000
-0.098364 0.129018 2.496212 1.000000
-0.132251 0.071430 2.702560 0.000000
-0.441573 0.118351 2.683478 0.876923
0.079156 0.188702 2.586193 1.000000
-0.446135 -0.172557 2.634882 1.000000
-0.017317 0.160745 2.309521 1.000000
-0.449251 -0.239726 2.587175 1.000000
-0.045982 0.195634 2.240540 0.173077
-0.327314 -0.508453 2.685479 1.000000
-0.063719 -0.460040 2.644214 1.000000
-0.034640 -0.805093 2.495451 1.000000
-0.054411 -0.905785 2.749040 0.041106
-0.163372 -0.970605 2.555553 0.000000
-0.214249 -0.942919 2.605334 0.000000
-0.200360 0.636158 2.514919 1.000000
-0.393571 0.323806 2.835041 0.759615
-0.068710 0.403552 2.574499 1.000000
-0.312233 0.438626 2.626598 0.024038
-0.163026 0.239890 2.751811 0.000000
-0.357454 0.034299 2.715330 0.000000
-0.094045 0.116507 2.508249 1.000000
-0.142113 0.060020 2.712070 0.000000
-0.444912 0.110866 2.673830 0.876923
0.086550 0.181969 2.596351 1.000000
-0.437875 -0.182291 2.630742 1.000000
-0.008323 0.172422 2.316322 1.000000
-0.436528 -0.255059 2.592007 1.000000
-0.038696 0.176472 2.239781 0.000000
-0.299821 -0.523545 2.685193 1.000000
-0.060123 -0.471375 2.653084 1.000000
-0.041664 -0.843813 2.483830 1.000000
-0.066122 -0.920575 2.742229 0.644231
-0.189092 -0.995723 2.536433 0.000000
-0.205236 -0.951490 2.577092 0.000000
-0.196068 0.629373 2.521567 1.000000
-0.406638 0.317042 2.827894 0.326923
-0.073380 0.398678 2.578795 1.000000
-0.319670 0.428595 2.619951 0.000000
-0.170773 0.237173 2.756420 0.000000
-0.361864 0.028135 2.718539 0.000000
-0.092419 0.103993 2.516870 1.000000
-0.145878 0.047966 2.719471 0.000000
-0.447238 0.096319 2.672201 0.815385
0.092811 0.187433 2.624674 1.000000
-0.438134 -0.198943 2.635538 1.000000
0.005322 0.151978 2.342916 1.000000
-0.409816 -0.272010 2.609911 1.000000
-0.019687 0.177132 2.268490 0.139423
-0.307468 -0.531994 2.687465 1.000000
-0.056616 -0.480231 2.661448 1.000000
-0.036564 -0.833652 2.474443 1.000000
-0.077220 -0.930963 2.740064 0.584856
-0.169375 -0.995721 2.535049 0.000000
-0.200775 -0.956354 2.562109 0.000000
-0.202451 0.636077 2.532884 1.000000
-0.403748 0.313983 2.822446 0.576923
-0.064123 0.393108 2.581263 1.000000
-0.311297 0.423879 2.615992 0.000000
-0.166357 0.233073 2.757493 0.000000
-0.352044 0.029315 2.722466 0.000000
-0.081575 0.094346 2.518401 1.000000
-0.135455 0.040823 2.721566 0.000000
-0.435981 0.084586 2.678712 0.953846
0.095790 0.178609 2.631552 1.000000
-0.432395 -0.208929 2.632859 1.000000
0.022834 0.177774 2.343986 1.000000
-0.417626 -0.289853 2.638389 0.795673
-0.004757 0.189324 2.267157 0.000000
-0.322954 -0.533135 2.684378 1.000000
-0.054295 -0.487303 2.665668 1.000000
-0.058840 -0.804052 2.426287 1.000000
-0.075884 -0.941592 2.719696 0.222356
-0.167752 -0.978798 2.498262 0.000000
-0.199397 -0.957025 2.540574 0.000000
-0.185619 0.639316 2.542784 1.000000
-0.400200 0.308216 2.827076 0.721154
-0.063125 0.393102 2.584279 1.000000
-0.310078 0.422266 2.621848 0.000000
-0.163124 0.229443 2.758451 0.000000
-0.343362 0.031342 2.718201 0.000000
-0.069064 0.084627 2.515848 1.000000
-0.126560 0.037575 2.719623 0.000000
-0.428778 0.078879 2.680397 1.000000
0.079979 0.164819 2.630596 1.000000
-0.429544 -0.215515 2.632246 1.000000
0.040966 0.190903 2.336388 1.000000
-0.402534 -0.291353 2.650033 0.963942
0.014797 0.209475 2.260443 0.139423
-0.308931 -0.537524 2.673944 1.000000
-0.053802 -0.495668 2.667923 1.000000
-0.005082 -0.788411 2.440501 1.000000
-0.091823 -0.948829 2.722366 0.337981
-0.109961 -0.970336 2.499510 0.000000
-0.210845 -0.960756 2.539965 0.000000
-0.189478 0.632422 2.541449 1.000000
-0.402201 0.302550 2.823835 0.769231
-0.055219 0.399889 2.600442 1.000000
-0.303043 0.429889 2.630961 0.000000
-0.163675 0.225483 2.758366 0.000000
-0.348311 0.031373 2.708938 0.000000
-0.064545 0.083328 2.519724 1.000000
-0.131855 0.038228 2.720918 0.000000
-0.427994 0.073620 2.673699 1.000000
0.037194 0.142069 2.621420 1.000000
-0.435237 -0.222237 2.626592 1.000000
0.060901 0.212599 2.331467 1.000000
-0.399113 -0.293444 2.647135 0.913462
0.063781 0.241096 2.254156 0.000000
-0.301354 -0.538850 2.671990 1.000000
-0.055099 -0.498107 2.668452 1.000000
-0.016106 -0.840790 2.479042 1.000000
-0.092790 -0.952788 2.708557 0.659856
-0.157203 -1.001505 2.521946 0.000000
-0.203423 -0.960186 2.520717 0.000000
-0.186506 0.635689 2.557161 1.000000
-0.405005 0.313962 2.828278 0.682692
-0.051522 0.404012 2.612137 1.000000
-0.298578 0.442030 2.639811 0.000000
-0.168357 0.230031 2.764453 0.000000
-0.351859 0.039635 2.713248 0.000000
-0.075545 0.104983 2.517275 1.000000
-0.135517 0.053873 2.719352 0.000000
-0.434068 0.087504 2.673527 1.000000
0.027559 0.140299 2.624160 1.000000
-0.435783 -0.209007 2.624241 1.000000
0.067250 0.217507 2.336660 1.000000
-0.405310 -0.285472 2.619557 1.000000
0.075311 0.245941 2.259693 0.000000
-0.313773 -0.524292 2.674471 1.000000
-0.052868 -0.481207 2.653486 1.000000
-0.085406 -0.782348 2.372776 1.000000
-0.095825 -0.934032 2.707044 0.159856
-0.181399 -0.961047 2.452966 0.000000
-0.210866 -0.944999 2.522047 0.000000
-0.193900 0.629638 2.548681 1.000000
-0.400304 0.316421 2.831857 0.692308
-0.046430 0.405604 2.615998 1.000000
-0.292528 0.447607 2.646325 0.000000
-0.165725 0.229740 2.764189 0.000000
-0.352083 0.039765 2.709801 0.000000
-0.072570 0.107486 2.519246 1.000000
-0.135741 0.052075 2.719204 0.000000
-0.433908 0.090001 2.676546 1.000000
0.031602 0.140456 2.617906 1.000000
-0.433872 -0.206803 2.623810 1.000000
0.069266 0.225839 2.331511 1.000000
-0.411951 -0.283774 2.604002 1.000000
0.076855 0.256847 2.255496 0.000000
-0.302253 -0.523406 2.675130 1.000000
-0.052777 -0.479290 2.649814 1.000000
-0.150330 -0.803471 2.346121 1.000000
-0.172973 -0.916241 2.716075 0.412981
-0.243496 -0.972803 2.447242 0.000000
-0.252899 -0.925003 2.513311 0.000000
-0.192024 0.628934 2.551071 1.000000
-0.400591 0.313531 2.829143 1.000000
-0.046102 0.406994 2.616122 1.000000
-0.293294 0.444545 2.643211 0.000000
-0.163626 0.230638 2.765140 0.000000
-0.352765 0.048292 2.706176 0.000000
-0.067722 0.120914 2.525895 1.000000
-0.136510 0.055844 2.721031 0.000000
-0.427477 0.084052 2.676252 1.000000
0.030779 0.141109 2.623241 1.000000
-0.429389 -0.213192 2.623295 1.000000
0.068376 0.226721 2.336366 1.000000
-0.398968 -0.286234 2.600125 1.000000
0.078859 0.257748 2.260704 0.000000
-0.295616 -0.511938 2.670022 1.000000
-0.033505 -0.463091 2.638853 1.000000
-0.240329 -0.943070 2.525687 0.759856
-0.132147 -0.902064 2.724506 1.000000
-0.394652 -0.912292 2.374639 0.000000
-0.196569 -0.927935 2.517724 0.000000
-0.183902 0.634187 2.556997 1.000000
-0.400497 0.315133 2.832932 0.692308
-0.043530 0.406303 2.623080 1.000000
-0.290033 0.448081 2.650257 0.033654
-0.164978 0.229045 2.767820 0.000000
-0.345302 0.046963 2.708457 0.000000
-0.063516 0.110669 2.519875 1.000000
-0.128611 0.049497 2.717523 0.000000
-0.424922 0.086475 2.678133 1.000000
0.051204 0.146501 2.606099 1.000000
-0.425360 -0.211271 2.627040 1.000000
0.061330 0.247354 2.321688 1.000000
-0.404650 -0.285167 2.596910 0.913462
0.059557 0.287136 2.249496 0.000000
-0.291581 -0.517592 2.663316 1.000000
-0.049477 -0.473590 2.644003 1.000000
-0.318585 -0.930211 2.860241 0.534856
-0.165345 -0.910578 2.717350 0.597356
-0.427510 -1.005756 2.687016 0.000000
-0.241475 -0.924620 2.513425 0.000000
-0.192731 0.629552 2.556801 1.000000
-0.392483 0.316716 2.837049 0.721154
-0.037705 0.407656 2.623416 1.000000
-0.282306 0.454777 2.658028 0.144231
-0.160911 0.227360 2.762821 0.000000
-0.350071 0.050508 2.701232 0.000000
-0.061399 0.124909 2.527572 1.000000
-0.133919 0.053169 2.718982 0.000000
-0.425724 0.093103 2.677598 1.000000
0.035556 0.141038 2.619934 1.000000
-0.425946 -0.203022 2.620997 1.000000
0.070238 0.245205 2.339293 1.000000
-0.404059 -0.282146 2.628593 1.000000
0.079041 0.283253 2.266683 0.000000
-0.290400 -0.507778 2.662250 1.000000
-0.044643 -0.460804 2.636227 1.000000
-0.304644 -0.932895 2.832063 0.687981
-0.136993 -0.904335 2.703425 0.566106
-0.409992 -1.000692 2.653503 0.000000
-0.213024 -0.919395 2.499535 0.000000
-0.179285 0.626918 2.558805 1.000000
-0.396472 0.314728 2.836025 0.711538
-0.043734 0.407519 2.619826 1.000000
-0.290280 0.446776 2.650191 0.110577
-0.160952 0.230593 2.768411 0.000000
-0.348709 0.047072 2.703554 0.000000
-0.063682 0.116378 2.521947 0.971154
-0.132278 0.051229 2.717124 0.000000
-0.427248 0.095824 2.670004 0.969231
0.037237 0.143457 2.610541 1.000000
-0.424225 -0.200535 2.615853 1.000000
0.074459 0.258244 2.334606 1.000000
-0.402891 -0.278544 2.631882 1.000000
0.085239 0.299434 2.264004 0.000000
-0.288427 -0.514944 2.661945 1.000000
-0.051571 -0.470531 2.637261 1.000000
-0.296732 -0.946851 2.814101 0.503606
-0.127153 -0.917627 2.701731 0.859856
-0.408705 -1.007130 2.636880 0.000000
-0.220448 -0.930228 2.504968 0.000000
-0.191647 0.624711 2.550050 1.000000
-0.379497 0.318815 2.816234 0.971154
-0.018168 0.388012 2.605453 1.000000
-0.262103 0.443204 2.631860 0.000000
-0.148883 0.219447 2.752488 0.000000
-0.345292 0.039968 2.703385 0.000000
-0.062998 0.100648 2.514564 0.961538
-0.128608 0.041938 2.712787 0.000000
-0.421744 0.088067 2.670187 1.000000
0.042856 0.118646 2.599566 1.000000
-0.427495 -0.209757 2.625978 1.000000
0.101585 0.256123 2.338248 1.000000
-0.400874 -0.287693 2.629803 1.000000
0.083167 0.336353 2.333616 0.694712
-0.293289 -0.525458 2.662804 1.000000
-0.051036 -0.484352 2.636595 1.000000
-0.297956 -0.963363 2.796900 0.616106
-0.137974 -0.928710 2.705527 0.544231
-0.416961 -1.015726 2.621759 0.000000
-0.229681 -0.941405 2.508024 0.000000
-0.189421 0.644545 2.564759 1.000000
-0.379844 0.318526 2.802099 1.000000
-0.013782 0.380066 2.597191 1.000000
-0.259361 0.431997 2.612742 0.000000
-0.145666 0.219639 2.752077 0.000000
-0.346171 0.043065 2.689315 0.000000
-0.049157 0.088745 2.519843 1.000000
-0.130772 0.035881 2.713720 0.000000
-0.418657 0.072895 2.676085 1.000000
0.059652 0.112189 2.574053 1.000000
-0.424774 -0.227318 2.629839 1.000000
0.121242 0.300737 2.344011 1.000000
-0.397980 -0.297450 2.595765 0.879808
0.089683 0.376874 2.346173 1.000000
-0.290741 -0.526617 2.664280 1.000000
-0.051055 -0.494450 2.634264 1.000000
-0.270383 -0.966244 2.791080 0.569231
-0.128044 -0.940701 2.702800 0.641106
-0.378372 -1.023365 2.610375 0.000000
-0.208424 -0.957864 2.500753 0.000000
-0.187094 0.652356 2.564898 1.000000
-0.375255 0.320785 2.781432 1.000000
-0.003052 0.376385 2.586113 1.000000
-0.249637 0.425631 2.590447 0.000000
-0.138293 0.222650 2.744843 0.000000
-0.331960 0.041648 2.683416 0.000000
-0.032119 0.076287 2.516321 1.000000
-0.117216 0.025468 2.709246 0.000000
-0.413316 0.059047 2.691715 1.000000
0.090650 0.120130 2.526732 1.000000
-0.432973 -0.237401 2.625587 1.000000
0.132738 0.351789 2.333946 1.000000
-0.386592 -0.305013 2.634240 0.930288
0.115360 0.431959 2.325680 1.000000
-0.297440 -0.528961 2.661669 1.000000
-0.058913 -0.505724 2.632878 1.000000
-0.275625 -0.967488 2.791982 0.628606
-0.110583 -0.955145 2.704399 0.662981
-0.385554 -1.026158 2.612952 0.000000
-0.202559 -0.975873 2.507703 0.000000
-0.187781 0.667835 2.586983 1.000000
-0.351246 0.336913 2.749888 1.000000
0.031245 0.359056 2.568267 1.000000
-0.211108 0.425833 2.560937 0.000000
-0.120784 0.220959 2.726181 0.000000
-0.320530 0.047704 2.664109 0.000000
-0.009303 0.054647 2.515399 1.000000
-0.109297 0.019814 2.704692 0.000000
-0.420834 0.069830 2.701295 1.000000
0.152408 0.182069 2.387967 1.000000
-0.425235 -0.226819 2.628814 1.000000
0.151117 0.461821 2.265562 1.000000
-0.414585 -0.308306 2.622195 1.000000
0.137639 0.540566 2.245192 1.000000
-0.300710 -0.529848 2.661529 1.000000
-0.065101 -0.523125 2.631561 1.000000
-0.282073 -0.976215 2.762392 0.547356
-0.119076 -0.971354 2.708642 0.422356
-0.383467 -1.022800 2.574968 0.000000
-0.202855 -0.995646 2.508718 0.000000
-0.182847 0.670686 2.607444 1.000000
-0.324443 0.345036 2.719125 1.000000
0.062107 0.364911 2.546035 0.778846
-0.179857 0.432170 2.532710 0.000000
-0.093785 0.228386 2.701531 0.000000
-0.302120 0.065642 2.647283 0.000000
0.009466 0.043290 2.500860 1.000000
-0.093192 0.027452 2.691266 0.000000
-0.420895 0.079818 2.713018 1.000000
0.155085 0.278452 2.293962 1.000000
-0.421420 -0.217532 2.634187 1.000000
0.156513 0.564723 2.181466 1.000000
-0.437170 -0.298450 2.635469 0.745192
0.146306 0.641606 2.153498 1.000000
-0.305139 -0.517934 2.660990 1.000000
-0.068970 -0.526486 2.630487 1.000000
-0.321045 -0.963134 2.767330 0.450481
-0.110219 -0.976137 2.707148 0.391106
-0.420858 -1.004812 2.577913 0.000000
-0.200254 -1.001473 2.510094 0.000000
-0.182069 0.678467 2.591013 1.000000
-0.314224 0.350872 2.707768 1.000000
0.053166 0.393081 2.500358 1.000000
-0.193142 0.443345 2.507679 0.000000
-0.078424 0.249860 2.671508 0.000000
-0.280744 0.077666 2.649451 0.548077
0.014768 0.046655 2.474134 1.000000
-0.068339 0.041542 2.674412 0.000000
-0.418880 0.088583 2.724142 1.000000
0.136717 0.415300 2.231052 1.000000
-0.419569 -0.211372 2.653028 1.000000
0.142647 0.688014 2.087513 1.000000
-0.437410 -0.288259 2.629206 0.795673
0.161467 0.754654 2.042766 1.000000
-0.306253 -0.506100 2.664774 1.000000
-0.071350 -0.520740 2.627380 1.000000
-0.310750 -0.954458 2.758150 0.381731
-0.109207 -0.970544 2.704888 0.144231
-0.432965 -0.990119 2.581033 0.000000
-0.219590 -0.993431 2.518152 0.000000
-0.181532 0.699394 2.591081 1.000000
-0.297205 0.377628 2.744999 1.000000
-0.015143 0.408142 2.438624 1.000000
-0.243007 0.461996 2.514364 0.000000
-0.083901 0.272697 2.641989 0.000000
-0.263365 0.101060 2.690110 0.000000
-0.032277 0.089457 2.434202 1.000000
-0.050954 0.082838 2.650191 0.000000
-0.394625 0.108595 2.730211 1.000000
0.080952 0.528935 2.197272 1.000000
-0.415594 -0.197957 2.674740 1.000000
0.122713 0.745064 1.975866 1.000000
-0.441667 -0.272647 2.651522 0.593750
0.130200 0.791731 1.908312 0.930288
-0.310964 -0.478161 2.672867 1.000000
-0.066145 -0.480869 2.627685 1.000000
-0.329091 -0.930630 2.741473 0.350481
-0.032867 -0.932040 2.699108 0.322356
-0.498975 -0.944463 2.605362 0.000000
-0.197460 -0.966185 2.560106 0.000000
-0.181698 0.706921 2.589555 0.298077
-0.283138 0.360237 2.768042 0.817308
-0.041472 0.420338 2.431453 1.000000
-0.260727 0.459828 2.538199 0.000000
-0.080513 0.270563 2.633796 0.000000
-0.253829 0.098266 2.715698 0.000000
-0.056590 0.097810 2.432640 1.000000
-0.047544 0.089937 2.649205 0.000000
-0.391778 0.097248 2.736708 1.000000
0.049198 0.554517 2.195420 1.000000
-0.417418 -0.209821 2.687965 1.000000
0.091310 0.737040 1.945974 1.000000
-0.434497 -0.282261 2.652494 0.341346
0.089638 0.776954 1.873852 0.997596
-0.311024 -0.479278 2.669822 1.000000
-0.055633 -0.476723 2.623613 1.000000
-0.331057 -0.930834 2.743712 0.531731
-0.054058 -0.928764 2.697236 0.825481
-0.516285 -0.941386 2.629005 0.000000
-0.235464 -0.948849 2.577792 0.000000
-0.224096 0.719836 2.562855 1.000000
-0.281567 0.367126 2.769798 0.701923
-0.040553 0.403366 2.430029 1.000000
-0.254448 0.461268 2.538174 0.000000
-0.088137 0.260116 2.634691 0.000000
-0.250447 0.118430 2.689435 0.000000
-0.059173 0.087943 2.403936 1.000000
-0.045741 0.100369 2.620059 0.000000
-0.389436 0.103342 2.745231 0.800000
0.021360 0.537005 2.184837 1.000000
-0.406784 -0.204818 2.701515 1.000000
0.045652 0.718932 1.932895 1.000000
-0.430320 -0.283324 2.710479 0.391827
0.056363 0.762836 1.863938 1.000000
-0.307039 -0.467318 2.669529 1.000000
-0.048401 -0.471534 2.623576 1.000000
-0.330302 -0.918841 2.742668 0.631731
-0.074382 -0.921845 2.703006 0.691106
-0.516242 -0.927678 2.628973 0.000000
-0.254179 -0.933164 2.580029 0.000000
-0.197673 0.713353 2.575443 1.000000
-0.262058 0.384938 2.751591 0.375000
0.006438 0.403490 2.423960 0.615385
-0.214698 0.473614 2.521066 0.000000
-0.065725 0.266079 2.631399 0.000000
-0.264337 0.109690 2.674401 0.000000
-0.051089 0.089531 2.403950 1.000000
-0.054582 0.096961 2.620691 0.447115
-0.376646 0.123812 2.769968 0.461538
0.035009 0.414423 2.139864 1.000000
-0.393247 -0.183797 2.724389 1.000000
-0.018940 0.670377 1.970916 1.000000
-0.401266 -0.265375 2.715547 0.930288
0.012391 0.739323 1.938324 1.000000
-0.298142 -0.472905 2.678190 1.000000
-0.045610 -0.471165 2.623081 1.000000
-0.303774 -0.926065 2.744362 0.750481
-0.067917 -0.921595 2.702947 0.691106
-0.482157 -0.942029 2.619851 0.000000
-0.237784 -0.937285 2.567014 0.000000
-0.216033 0.700044 2.590217 1.000000
-0.257349 0.392548 2.705015 1.000000
0.082448 0.389680 2.451430 0.144231
-0.149766 0.476472 2.493756 0.000000
-0.047183 0.258903 2.633675 0.000000
-0.275054 0.117851 2.633582 0.000000
-0.003643 0.087933 2.422713 1.000000
-0.060297 0.087503 2.632079 0.000000
-0.352908 0.143003 2.604018 0.723077
0.042851 0.212407 2.231076 1.000000
-0.390417 -0.164581 2.634057 0.961538
-0.028902 0.489616 2.109183 1.000000
-0.389853 -0.196303 2.710154 1.000000
-0.034726 0.566373 2.079655 1.000000
-0.293217 -0.460450 2.682220 1.000000
-0.054074 -0.470487 2.620882 1.000000
-0.286339 -0.914219 2.743946 1.000000
-0.129641 -0.912437 2.714332 0.687981
-0.431169 -0.938357 2.582638 0.000000
-0.254739 -0.928674 2.536384 0.000000
-0.219572 0.674729 2.576161 1.000000
-0.287928 0.341413 2.759850 1.000000
-0.040810 0.385483 2.418139 0.000000
-0.273089 0.393342 2.514226 0.000000
-0.061772 0.275723 2.651877 0.000000
-0.253782 0.058397 2.690287 0.000000
-0.051165 0.068264 2.411228 1.000000
-0.046416 0.049803 2.627285 0.000000
-0.291644 0.056327 2.742038 0.000000
0.066219 0.121616 2.374715 1.000000
-0.196805 -0.225027 2.835646 0.000000
-0.077646 0.336020 2.196198 1.000000
-0.167192 -0.235846 2.911826 0.000000
-0.057458 0.413723 2.177437 1.000000
-0.284752 -0.513300 2.691104 1.000000
-0.060215 -0.499393 2.629831 1.000000
-0.289789 -0.966357 2.758020 0.834856
-0.158786 -0.933061 2.739282 0.678606
-0.472989 -0.981659 2.640623 0.000000
-0.338576 -0.923269 2.616164 0.000000
-0.199143 0.682875 2.594199 0.855769
-0.324164 0.336752 2.801129 1.000000
-0.020969 0.371850 2.506821 1.000000
-0.254583 0.431130 2.578645 0.000000
-0.110425 0.228142 2.702948 0.000000
-0.303502 0.025224 2.713020 0.000000
-0.050919 0.064266 2.481282 0.836538
-0.087719 0.033916 2.692868 0.000000
-0.393542 0.073161 2.748949 0.000000
0.062779 0.105634 2.516546 1.000000
-0.290632 -0.210636 2.730616 0.000000
-0.090727 0.190638 2.267906 1.000000
-0.256696 -0.282560 2.752357 0.000000
-0.132335 0.218125 2.202251 0.000000
-0.304561 -0.542356 2.695280 1.000000
-0.065686 -0.524040 2.636291 1.000000
-0.271510 -0.993878 2.764555 0.697356
-0.133021 -0.963653 2.745700 0.722356
-0.430580 -1.027820 2.619217 0.000000
-0.281868 -0.980320 2.587127 0.000000
-0.194234 0.660173 2.543247 1.000000
-0.333469 0.329273 2.828551 0.673077
-0.037803 0.413627 2.536588 1.000000
-0.273837 0.449283 2.615737 0.000000
-0.114270 0.245794 2.718536 0.000000
-0.311343 0.043695 2.719452 0.000000
-0.071279 0.084656 2.475082 1.000000
-0.097145 0.058796 2.688872 0.000000
-0.386782 0.067630 2.752942 0.000000
0.076787 0.165494 2.564689 1.000000
-0.273045 -0.208610 2.705801 0.000000
-0.080669 0.132627 2.312137 1.000000
-0.236062 -0.281115 2.718943 0.000000
-0.125317 0.129602 2.242893 0.000000
-0.300896 -0.527877 2.683388 1.000000
-0.063943 -0.502808 2.634912 1.000000
-0.257233 -0.976711 2.763421 0.628606
-0.122790 -0.945999 2.734322 0.606731
-0.421319 -1.017259 2.625545 0.000000
-0.278737 -0.959369 2.582400 0.000000
-0.189873 0.645056 2.507117 1.000000
-0.341929 0.333280 2.835838 0.961538
-0.036821 0.418949 2.554155 1.000000
-0.275435 0.453975 2.625459 0.000000
-0.119020 0.250487 2.732995 0.000000
-0.315887 0.059850 2.724996 0.000000
-0.068102 0.096053 2.487685 1.000000
-0.100616 0.070097 2.700553 0.000000
-0.412551 0.077666 2.754046 0.415385
0.076750 0.173878 2.577510 1.000000
-0.432353 -0.223393 2.733099 1.000000
-0.070540 0.134406 2.324442 1.000000
-0.422550 -0.291458 2.778579 0.000000
-0.113594 0.129427 2.254307 0.000000
-0.303729 -0.514711 2.679632 1.000000
-0.060992 -0.489775 2.642968 1.000000
-0.273380 -0.960739 2.779138 0.844231
-0.062046 -0.942712 2.710875 0.353606
-0.430298 -1.003822 2.633883 0.000000
-0.214260 -0.965530 2.556315 0.000000
-0.181603 0.638802 2.508252 1.000000
-0.360684 0.341297 2.842807 0.894231
-0.048811 0.420374 2.566658 1.000000
-0.289440 0.455877 2.630572 0.062500
-0.134617 0.256958 2.748462 0.000000
-0.328638 0.063957 2.728616 0.000000
-0.073025 0.106695 2.500887 1.000000
-0.112672 0.074786 2.711728 0.000000
-0.415781 0.094654 2.735564 0.846154
0.078232 0.185169 2.603637 1.000000
-0.443260 -0.202463 2.713704 1.000000
-0.052879 0.113972 2.350190 1.000000
-0.417239 -0.278829 2.730692 1.000000
-0.092631 0.115146 2.277970 0.038462
-0.302386 -0.509605 2.683753 1.000000
-0.051936 -0.476204 2.655788 1.000000
-0.232586 -0.951068 2.783763 0.966106
-0.083130 -0.927948 2.724474 0.922356
-0.384892 -1.008081 2.638399 0.000000
-0.221123 -0.943988 2.556310 0.000000
-0.188394 0.636340 2.509244 1.000000
-0.374181 0.343422 2.841711 1.000000
-0.057387 0.414390 2.568982 1.000000
-0.299831 0.449248 2.626024 0.067308
-0.144958 0.258185 2.756202 0.000000
-0.328574 0.058395 2.743721 0.000000
-0.083353 0.114409 2.507598 1.000000
-0.113719 0.074122 2.718545 0.000000
-0.424457 0.099770 2.728799 1.000000
0.082616 0.191493 2.625506 1.000000
-0.446058 -0.196524 2.708969 1.000000
-0.036945 0.122353 2.366656 1.000000
-0.442860 -0.274541 2.682502 0.997596
-0.073427 0.108811 2.293971 0.000000
-0.300059 -0.511471 2.682189 1.000000
-0.049129 -0.468466 2.665021 1.000000
-0.282742 -0.957123 2.786392 1.000000
-0.177575 -0.902011 2.737849 0.766106
-0.436482 -0.997992 2.637153 0.057692
-0.292736 -0.899006 2.552627 0.000000
-0.190134 0.638081 2.510827 1.000000
-0.383528 0.346524 2.841959 1.000000
-0.057231 0.412097 2.579269 1.000000
-0.300915 0.450327 2.628305 0.081731
-0.152791 0.257949 2.764274 0.000000
-0.342117 0.060687 2.739337 0.000000
-0.082840 0.114488 2.518190 1.000000
-0.126128 0.076424 2.727286 0.000000
-0.426767 0.107647 2.719419 1.000000
0.079179 0.188026 2.636614 1.000000
-0.451217 -0.186517 2.693089 1.000000
-0.031610 0.125379 2.373109 1.000000
-0.454577 -0.257560 2.651389 1.000000
-0.066025 0.114099 2.299043 0.000000
-0.296444 -0.511617 2.678853 1.000000
-0.045605 -0.468285 2.666234 1.000000
-0.284815 -0.954493 2.794997 0.934856
-0.118662 -0.916549 2.725279 0.934856
-0.426030 -1.000124 2.635139 0.000000
-0.238609 -0.920990 2.543148 0.000000
-0.192885 0.635566 2.513230 1.000000
-0.388010 0.343901 2.843100 1.000000
-0.058119 0.401760 2.583100 1.000000
-0.301738 0.443962 2.629107 0.052885
-0.157745 0.251197 2.768909 0.000000
-0.346233 0.050017 2.746724 0.000000
-0.083801 0.106523 2.530019 1.000000
-0.129943 0.063337 2.737504 0.000000
-0.434731 0.106622 2.715027 1.000000
0.083324 0.184406 2.660854 1.000000
-0.439412 -0.185100 2.653259 1.000000
-0.015428 0.083684 2.401720 1.000000
-0.450533 -0.242317 2.594950 0.879808
-0.033305 0.134063 2.338952 0.644231
-0.290658 -0.521494 2.688290 1.000000
-0.040486 -0.473016 2.678780 1.000000
-0.296730 -0.964990 2.802476 0.744231
-0.156330 -0.912037 2.738818 0.491106
-0.433406 -1.005618 2.637408 0.000000
-0.244671 -0.915995 2.539422 0.000000
-0.182229 0.636594 2.524082 1.000000
-0.393478 0.342699 2.842522 0.875000
-0.060350 0.398941 2.586323 1.000000
-0.305207 0.438851 2.627556 0.139423
-0.160852 0.251454 2.774118 0.000000
-0.350063 0.045458 2.747418 0.000000
-0.088019 0.106341 2.531429 1.000000
-0.134080 0.063458 2.738995 0.000000
-0.439595 0.102438 2.717670 1.000000
0.085890 0.185173 2.669474 1.000000
-0.431856 -0.185625 2.636705 1.000000
-0.015682 0.085112 2.409565 1.000000
-0.445515 -0.260270 2.604473 0.778846
-0.029499 0.135651 2.345908 0.677885
-0.291407 -0.524956 2.686198 1.000000
-0.039744 -0.473462 2.682839 1.000000
-0.298062 -0.970823 2.790708 0.787981
-0.161598 -0.910435 2.745845 0.666106
-0.435218 -1.007587 2.625133 0.000000
-0.244255 -0.916478 2.544078 0.000000
-0.186837 0.638676 2.528090 1.000000
-0.398923 0.335045 2.843419 0.778846
-0.060591 0.398565 2.595885 1.000000
-0.306251 0.437377 2.633209 0.004808
-0.164925 0.245718 2.777193 0.000000
-0.353160 0.041591 2.747144 0.000000
-0.089938 0.104505 2.533179 1.000000
-0.137304 0.061731 2.740473 0.000000
-0.442565 0.101887 2.703156 0.938462
0.087812 0.189322 2.689839 1.000000
-0.432426 -0.192269 2.643492 1.000000
-0.002236 0.109983 2.417379 1.000000
-0.416677 -0.250684 2.587483 0.896635
-0.028248 0.149627 2.349932 0.274038
-0.289513 -0.528286 2.688247 1.000000
-0.041711 -0.476290 2.684046 1.000000
-0.301943 -0.970679 2.806139 0.656731
-0.135614 -0.920978 2.740601 0.516106
-0.436076 -1.011442 2.639031 0.000000
-0.237582 -0.923966 2.547800 0.000000
-0.188893 0.641321 2.543012 1.000000
-0.401616 0.325221 2.848490 0.557692
-0.061737 0.395996 2.605078 1.000000
-0.307060 0.435925 2.643425 0.000000
-0.168437 0.236284 2.778938 0.000000
-0.353470 0.027703 2.756419 0.000000
-0.090859 0.098777 2.544265 1.000000
-0.137924 0.051144 2.750566 0.000000
-0.445421 0.096734 2.698559 0.846154
0.091393 0.185112 2.692010 1.000000
-0.432017 -0.200208 2.647325 1.000000
0.002414 0.121752 2.413247 1.000000
-0.400959 -0.272845 2.623731 0.980769
-0.023859 0.165400 2.348424 0.274038
-0.292635 -0.539110 2.688483 1.000000
-0.041589 -0.485118 2.687766 1.000000
-0.297596 -0.982644 2.802576 0.641106
-0.178602 -0.918746 2.742160 0.397356
-0.432382 -1.023952 2.636128 0.000000
-0.251155 -0.921623 2.536475 0.000000
-0.188356 0.636032 2.554910 1.000000
-0.400049 0.321830 2.853380 0.644231
-0.058782 0.388206 2.610673 1.000000
-0.303130 0.433107 2.649733 0.000000
-0.168953 0.228624 2.782475 0.000000
-0.362291 0.020502 2.750476 0.000000
-0.092072 0.100388 2.551416 1.000000
-0.147496 0.050269 2.755034 0.000000
-0.449770 0.094398 2.702390 0.830769
0.098096 0.175434 2.688730 1.000000
-0.430112 -0.203423 2.653823 1.000000
-0.002560 0.114707 2.412303 1.000000
-0.389968 -0.273805 2.638585 1.000000
-0.010397 0.173890 2.355439 0.677885
-0.293736 -0.543049 2.687011 1.000000
-0.038638 -0.487178 2.682702 1.000000
-0.279184 -0.986280 2.801462 0.759856
-0.143881 -0.929676 2.736394 1.000000
-0.407251 -1.034356 2.631562 0.000000
-0.230403 -0.933390 2.536198 0.000000
-0.173836 0.629841 2.563282 1.000000
-0.402544 0.318579 2.849714 0.846154
-0.052292 0.403625 2.626406 1.000000
-0.298542 0.443768 2.657987 0.000000
-0.167667 0.232205 2.782687 0.000000
-0.356605 0.033855 2.732003 0.000000
-0.065819 0.095761 2.556972 1.000000
-0.141653 0.051186 2.755229 0.000000
-0.435945 0.085320 2.705898 1.000000
0.090702 0.176558 2.684144 1.000000
-0.425388 -0.212181 2.662431 1.000000
0.002137 0.146424 2.400022 1.000000
-0.405031 -0.291837 2.656274 0.795673
-0.023986 0.164404 2.323918 0.139423
-0.291334 -0.535484 2.686888 1.000000
-0.044277 -0.493315 2.679803 1.000000
-0.279970 -0.977757 2.805335 0.722356
-0.127001 -0.941673 2.723340 0.487981
-0.392407 -1.028801 2.625527 0.000000
-0.211318 -0.945647 2.522210 0.000000
-0.189328 0.631423 2.565737 1.000000
-0.391122 0.327658 2.856827 0.846154
-0.034747 0.407451 2.641407 1.000000
-0.278088 0.460792 2.675866 0.024038
-0.161890 0.231904 2.783314 0.000000
-0.354045 0.044895 2.722881 0.000000
-0.065279 0.145275 2.562997 1.000000
-0.139167 0.060010 2.748239 0.000000
-0.433145 0.098547 2.714909 1.000000
0.095889 0.173462 2.685642 1.000000
-0.422940 -0.194634 2.666958 1.000000
0.006449 0.157895 2.403909 1.000000
-0.414661 -0.276663 2.667264 1.000000
-0.023892 0.167476 2.327849 0.105769
-0.280535 -0.503068 2.681608 1.000000
-0.033116 -0.441016 2.673672 1.000000
-0.307729 -0.948161 2.786094 0.828606
-0.136394 -0.883607 2.730341 0.853606
-0.408139 -0.986580 2.596304 0.000000
-0.200848 -0.895207 2.522280 0.000000
-0.181426 0.624024 2.567434 1.000000
-0.395909 0.331972 2.857207 0.586538
-0.042042 0.414369 2.638657 1.000000
-0.287869 0.458278 2.668470 0.168269
-0.161894 0.242586 2.791124 0.000000
-0.342875 0.052336 2.728513 0.000000
-0.053948 0.124918 2.554506 1.000000
-0.126872 0.057755 2.747418 0.000000
-0.424751 0.097674 2.721167 0.830769
0.087696 0.178310 2.672476 1.000000
-0.434196 -0.196696 2.683479 1.000000
0.002626 0.159575 2.389739 1.000000
-0.417195 -0.277215 2.688484 1.000000
-0.024353 0.160938 2.311843 0.000000
-0.285135 -0.508952 2.678559 1.000000
-0.047001 -0.465287 2.659928 1.000000
-0.301540 -0.954993 2.781232 0.800481
-0.159414 -0.904353 2.725869 0.834856
-0.412897 -0.993168 2.597600 0.000000
-0.234557 -0.915820 2.521417 0.000000
-0.192149 0.630982 2.562364 1.000000
-0.393014 0.327701 2.862264 0.663462
-0.045426 0.414953 2.635668 1.000000
-0.291033 0.455658 2.671280 0.096154
-0.159478 0.241424 2.790587 0.000000
-0.346582 0.045680 2.734739 0.000000
-0.072761 0.130701 2.542858 1.000000
-0.130572 0.064220 2.741055 0.000000
-0.429503 0.098846 2.718724 0.938462
0.090015 0.181535 2.667662 1.000000
-0.437018 -0.195112 2.676476 1.000000
-0.001573 0.163440 2.386604 1.000000
-0.413285 -0.274068 2.676234 1.000000
-0.029735 0.164172 2.309120 0.000000
-0.287484 -0.512294 2.681253 1.000000
-0.049902 -0.462505 2.655280 1.000000
-0.310476 -0.958012 2.784066 0.703606
-0.141834 -0.907424 2.713244 0.500481
-0.434015 -0.992343 2.607607 0.000000
-0.248838 -0.910074 2.523187 0.000000
-0.175612 0.629775 2.566467 1.000000
-0.373969 0.327093 2.854440 0.942308
-0.024878 0.407731 2.627705 1.000000
-0.267733 0.458837 2.668415 0.000000
-0.145845 0.232854 2.775709 0.000000
-0.342735 0.050234 2.724351 0.000000
-0.060282 0.118346 2.538325 1.000000
-0.126234 0.056906 2.735605 0.000000
-0.419927 0.095300 2.721407 1.000000
0.094698 0.166271 2.652292 1.000000
-0.437007 -0.196021 2.674759 1.000000
-0.006713 0.166777 2.375421 1.000000
-0.413614 -0.274703 2.682462 1.000000
-0.037212 0.172956 2.299073 0.000000
-0.288225 -0.513274 2.677173 1.000000
-0.046722 -0.471421 2.647009 1.000000
-0.304693 -0.959282 2.779981 0.778606
-0.181349 -0.904119 2.713433 0.616106
-0.423595 -0.996178 2.600873 0.000000
-0.246511 -0.915751 2.505594 0.000000
-0.192176 0.637772 2.571845 1.000000
-0.368507 0.330455 2.845908 0.807692
-0.015067 0.397898 2.621615 1.000000
-0.256886 0.456099 2.658820 0.043269
-0.142167 0.228872 2.771267 0.000000
-0.340498 0.054123 2.720199 0.000000
-0.056855 0.110629 2.532107 1.000000
-0.123848 0.054183 2.730525 0.000000
-0.417174 0.092803 2.721931 0.984615
0.095848 0.149809 2.629733 1.000000
-0.423980 -0.201313 2.682027 1.000000
-0.016122 0.185551 2.357757 1.000000
-0.415211 -0.282862 2.690411 0.778846
-0.049021 0.201194 2.283795 0.000000
-0.289739 -0.513247 2.677251 1.000000
-0.046950 -0.475752 2.645197 1.000000
-0.306340 -0.957874 2.785856 0.669231
-0.117493 -0.923604 2.710133 0.494231
-0.425751 -0.996968 2.607556 0.000000
-0.213833 -0.936739 2.514878 0.000000
-0.189177 0.632513 2.560839 1.000000
-0.363937 0.335113 2.845657 0.576923
-0.015561 0.399677 2.612759 1.000000
-0.257299 0.456302 2.652812 0.028846
-0.137873 0.233833 2.769780 0.000000
-0.334715 0.058493 2.720047 0.000000
-0.052485 0.119102 2.531108 1.000000
-0.117990 0.053873 2.727318 0.000000
-0.414037 0.102476 2.716821 0.846154
0.096917 0.155026 2.634698 1.000000
-0.418571 -0.190139 2.680422 1.000000
-0.008523 0.185409 2.361492 1.000000
-0.402541 -0.270108 2.668362 1.000000
-0.040557 0.200470 2.287032 0.000000
-0.285434 -0.504876 2.678479 1.000000
-0.038765 -0.465386 2.636657 1.000000
-0.307955 -0.955884 2.754956 0.987981
-0.123295 -0.908141 2.717812 0.894231
-0.427664 -0.980542 2.574290 0.000000
-0.209512 -0.928222 2.518458 0.000000
-0.189091 0.643868 2.562680 1.000000
-0.366383 0.334232 2.833473 0.769231
-0.017618 0.393733 2.599810 1.000000
-0.260418 0.448373 2.636011 0.091346
-0.138367 0.233159 2.763382 0.000000
-0.334192 0.048430 2.714767 0.000000
-0.055787 0.121728 2.524655 1.000000
-0.117408 0.052195 2.720644 0.000000
-0.413572 0.094420 2.717126 0.815385
0.098721 0.150343 2.617218 1.000000
-0.417907 -0.198401 2.681646 1.000000
-0.014263 0.193966 2.348666 1.000000
-0.395712 -0.273074 2.654650 1.000000
-0.048067 0.212482 2.275784 0.000000
-0.288711 -0.509587 2.675107 1.000000
-0.044180 -0.467336 2.631695 1.000000
-0.315271 -0.955549 2.775985 0.753606
-0.088183 -0.913375 2.725912 0.912981
-0.436675 -0.988622 2.597811 0.000000
-0.195784 -0.942368 2.538402 0.000000
-0.187957 0.648698 2.556486 1.000000
-0.363657 0.332011 2.833393 0.653846
-0.015507 0.395949 2.599984 1.000000
-0.258763 0.448246 2.636581 0.086538
-0.134789 0.233356 2.762635 0.000000
-0.330135 0.051294 2.710973 0.000000
-0.050964 0.107036 2.516085 1.000000
-0.113297 0.050251 2.715919 0.000000
-0.412128 0.091191 2.716630 0.800000
0.101118 0.150740 2.608373 1.000000
-0.412815 -0.201779 2.671614 1.000000
-0.013938 0.202894 2.340626 1.000000
-0.397029 -0.278673 2.646405 0.795673
-0.048138 0.222860 2.268313 0.000000
-0.290427 -0.514027 2.677315 1.000000
-0.053210 -0.479735 2.638197 1.000000
-0.305361 -0.961115 2.775568 0.819231
-0.094454 -0.927150 2.726980 0.631731
-0.430131 -0.995532 2.599994 0.000000
-0.207723 -0.953333 2.542418 0.000000
-0.186517 0.644786 2.552379 1.000000
-0.356910 0.333176 2.827021 0.846154
-0.010833 0.397603 2.590682 1.000000
-0.253971 0.449180 2.629045 0.033654
-0.128270 0.235089 2.754749 0.000000
-0.327246 0.051917 2.712879 0.000000
-0.053882 0.101087 2.508235 1.000000
-0.110373 0.049266 2.711132 0.000000
-0.405918 0.090505 2.722908 0.861538
0.093735 0.152145 2.619278 1.000000
-0.421388 -0.197399 2.672546 1.000000
0.004465 0.156100 2.340840 1.000000
-0.391788 -0.273361 2.660252 1.000000
-0.021541 0.177646 2.265628 0.105769
-0.290921 -0.516580 2.676254 1.000000
-0.050474 -0.482624 2.639344 1.000000
-0.288190 -0.961922 2.783149 0.787981
-0.133425 -0.924029 2.729036 0.444231
-0.419843 -1.003276 2.614224 0.000000
-0.239431 -0.942659 2.539315 0.000000
-0.183220 0.651328 2.550903 1.000000
-0.358146 0.337530 2.832403 0.826923
-0.015756 0.397010 2.589489 1.000000
-0.256866 0.453384 2.633486 0.076923
-0.133242 0.235330 2.754342 0.000000
-0.333579 0.042156 2.709270 0.000000
-0.055272 0.124510 2.522755 1.000000
-0.116942 0.049647 2.716756 0.000000
-0.413486 0.101208 2.716265 0.815385
0.079998 0.149856 2.634660 1.000000
-0.417367 -0.189326 2.676790 1.000000
0.031627 0.009985 2.381764 0.634615
-0.404046 -0.269887 2.665392 1.000000
0.024146 0.043772 2.306932 0.576923
-0.288242 -0.510420 2.677600 1.000000
-0.046394 -0.466493 2.629626 1.000000
-0.312269 -0.955456 2.783095 0.597356
-0.133829 -0.906742 2.720726 0.534856
-0.431262 -0.991515 2.603878 0.000000
-0.234721 -0.926513 2.528351 0.000000
-0.184915 0.647941 2.546735 1.000000
-0.362863 0.334116 2.823146 0.836538
-0.009621 0.388510 2.595028 1.000000
-0.251179 0.449396 2.629535 0.100962
-0.136996 0.227996 2.753557 0.000000
-0.338667 0.045191 2.705667 0.000000
-0.055460 0.109344 2.519380 1.000000
-0.122113 0.049712 2.716979 0.000000
-0.416935 0.094196 2.706319 0.861538
0.074090 0.133282 2.638613 1.000000
-0.413533 -0.199659 2.665302 1.000000
0.062989 -0.062985 2.416579 1.000000
-0.394809 -0.278988 2.652905 1.000000
0.049488 -0.094208 2.341477 1.000000
-0.288783 -0.516699 2.681204 1.000000
-0.050023 -0.479845 2.633568 1.000000
-0.305444 -0.962043 2.786821 0.672356
-0.143079 -0.919690 2.720983 0.344231
-0.423516 -1.000172 2.607423 0.000000
-0.234173 -0.939607 2.523794 0.000000
-0.185712 0.644399 2.549222 1.000000
-0.361154 0.325248 2.818252 0.913462
-0.011071 0.388581 2.587585 1.000000
-0.254632 0.440945 2.621999 0.000000
-0.131690 0.226428 2.749689 0.000000
-0.338180 0.046685 2.701731 0.000000
-0.053237 0.095805 2.513530 1.000000
-0.121581 0.044172 2.712796 0.000000
-0.412252 0.074806 2.699651 1.000000
0.062746 0.117247 2.603811 1.000000
-0.409321 -0.228951 2.654704 1.000000
0.071184 -0.181832 2.535250 1.000000
-0.388516 -0.308632 2.658644 0.896635
0.064241 -0.255659 2.499210 1.000000
-0.287134 -0.521325 2.679940 1.000000
-0.043631 -0.486469 2.639328 1.000000
-0.290808 -0.970633 2.768672 0.512981
-0.161643 -0.921606 2.719906 0.537981
-0.409865 -1.005105 2.589186 0.000000
-0.232376 -0.940472 2.514433 0.000000
-0.183220 0.655491 2.562658 1.000000
-0.369166 0.320094 2.807902 1.000000
-0.012452 0.387280 2.588774 1.000000
-0.258269 0.434413 2.613272 0.000000
-0.135092 0.225508 2.749738 0.000000
-0.336231 0.044469 2.705094 0.000000
-0.056253 0.090032 2.508724 1.000000
-0.119435 0.040244 2.710152 0.000000
-0.408501 0.056148 2.703286 0.953846
0.054509 0.108680 2.590961 1.000000
-0.411171 -0.252575 2.655767 1.000000
0.061621 -0.202973 2.572693 1.000000
-0.376090 -0.326645 2.646803 0.745192
0.054265 -0.285089 2.572171 1.000000
-0.284603 -0.525264 2.680730 1.000000
-0.045102 -0.490998 2.637599 1.000000
-0.287032 -0.972440 2.779682 0.856731
-0.176582 -0.921971 2.719692 0.672356
-0.410957 -1.010580 2.604279 0.000000
-0.242910 -0.941148 2.512783 0.000000
-0.186627 0.651942 2.555326 1.000000
-0.367829 0.317243 2.805602 1.000000
-0.010020 0.383610 2.588015 1.000000
-0.255513 0.432491 2.612338 0.000000
-0.134373 0.221324 2.747137 0.000000
-0.340300 0.044706 2.695957 0.000000
-0.048564 0.083998 2.516037 0.990385
-0.124284 0.036454 2.713648 0.000000
-0.408836 0.049716 2.703588 0.969231
0.049546 0.100962 2.601350 1.000000
-0.405693 -0.260458 2.647565 1.000000
0.055143 -0.213884 2.589300 1.000000
-0.381247 -0.336417 2.668302 0.492788
0.039313 -0.291252 2.612985 1.000000
-0.285379 -0.526672 2.679631 1.000000
-0.041474 -0.495972 2.637386 1.000000
-0.269135 -0.971959 2.785554 0.803606
-0.119124 -0.940158 2.717592 0.806731
-0.383152 -1.018919 2.605628 0.000000
-0.201918 -0.961911 2.516967 0.000000
-0.184461 0.657147 2.568703 1.000000
-0.373208 0.319644 2.795595 1.000000
-0.009280 0.387883 2.589014 1.000000
-0.256388 0.432333 2.603495 0.038462
-0.136000 0.227089 2.747782 0.000000
-0.339389 0.043036 2.690940 0.000000
-0.040803 0.095099 2.526135 0.778846
-0.124233 0.036271 2.717505 0.000000
-0.407723 0.049517 2.696868 1.000000
0.050796 0.106154 2.618932 1.000000
-0.404043 -0.262591 2.649689 1.000000
0.055488 -0.209061 2.603747 1.000000
-0.365745 -0.335465 2.654168 0.610577
0.035601 -0.287570 2.619181 1.000000
-0.285708 -0.520875 2.680259 1.000000
-0.045640 -0.489058 2.638041 1.000000
-0.298484 -0.965762 2.788317 0.684856
-0.075581 -0.930076 2.757919 0.569231
-0.401348 -1.008367 2.600748 0.000000
-0.161718 -0.977174 2.563135 0.000000
-0.185571 0.649129 2.543875 1.000000
-0.368072 0.319840 2.801327 1.000000
-0.007537 0.390846 2.589788 1.000000
-0.254095 0.436225 2.609723 0.048077
-0.132276 0.227170 2.747175 0.000000
-0.331441 0.045524 2.698150 0.000000
-0.038045 0.086313 2.521288 0.826923
-0.115589 0.037743 2.717939 0.000000
-0.408096 0.051059 2.699321 1.000000
0.053555 0.108497 2.617567 1.000000
-0.407244 -0.260167 2.642779 1.000000
0.053221 -0.207410 2.602342 1.000000
-0.364768 -0.330240 2.651885 0.644231
0.034171 -0.286692 2.614543 1.000000
-0.286208 -0.524879 2.678992 1.000000
-0.046868 -0.496192 2.645582 1.000000
-0.324159 -0.966920 2.792675 0.566106
-0.074191 -0.939394 2.757783 0.222356
-0.435124 -1.004701 2.608725 0.000000
-0.171197 -0.981699 2.567051 0.000000
-0.187898 0.649284 2.547058 1.000000
-0.371852 0.316497 2.797409 1.000000
-0.007247 0.387585 2.592995 1.000000
-0.254243 0.432542 2.607805 0.000000
-0.134835 0.224128 2.748312 0.000000
-0.334585 0.045479 2.696426 0.000000
-0.038307 0.081574 2.523390 0.759615
-0.119096 0.037769 2.719854 0.000000
-0.407962 0.045801 2.695861 1.000000
0.054015 0.103931 2.618669 1.000000
-0.407151 -0.267397 2.643629 1.000000
0.055837 -0.213315 2.606486 1.000000
-0.362585 -0.335580 2.656372 0.459135
0.034215 -0.292010 2.618185 1.000000
-0.285215 -0.527534 2.679983 1.000000
-0.046559 -0.499841 2.650329 1.000000
-0.306521 -0.974246 2.778764 0.866106
-0.090907 -0.942959 2.757306 0.494231
-0.415651 -1.010047 2.593326 0.000000
-0.181711 -0.980868 2.562637 0.000000
-0.188126 0.647443 2.548445 1.000000
-0.373260 0.313927 2.795501 1.000000
-0.004085 0.387279 2.600295 1.000000
-0.250989 0.433811 2.611312 0.000000
-0.135995 0.220950 2.748803 0.000000
-0.334847 0.039816 2.696707 0.000000
-0.040401 0.108651 2.530611 0.778846
-0.119417 0.043091 2.721667 0.000000
-0.410351 0.041359 2.696918 1.000000
0.053695 0.101523 2.619727 1.000000
-0.407296 -0.272089 2.640784 1.000000
0.062816 -0.216767 2.619070 1.000000
-0.357596 -0.337819 2.643411 0.442308
0.037939 -0.295102 2.625568 0.829327
-0.286034 -0.517695 2.681837 1.000000
-0.038345 -0.478551 2.646303 1.000000
-0.295985 -0.964648 2.781322 0.828606
-0.104006 -0.926699 2.714243 0.769231
-0.401217 -1.003925 2.594340 0.000000
-0.192391 -0.943869 2.515568 0.000000
-0.188164 0.643619 2.549840 1.000000
-0.372501 0.317701 2.789206 1.000000
0.000316 0.381835 2.597712 1.000000
-0.246786 0.428447 2.601645 0.000000
-0.134315 0.222905 2.751777 0.000000
-0.337872 0.042979 2.684212 0.000000
-0.026971 0.082860 2.540076 0.730769
-0.125446 0.034728 2.727238 0.000000
-0.412517 0.041811 2.701370 1.000000
0.063415 0.098275 2.629836 1.000000
-0.401272 -0.270623 2.640370 1.000000
0.061671 -0.220033 2.618676 1.000000
-0.363672 -0.343808 2.635124 0.391827
0.033760 -0.297242 2.626245 0.896635
-0.286091 -0.525676 2.686896 1.000000
-0.044843 -0.500280 2.656227 1.000000
-0.308315 -0.971155 2.790912 0.662981
-0.184656 -0.931473 2.721718 0.594231
-0.398251 -1.012074 2.596450 0.000000
-0.219834 -0.952605 2.507488 0.000000
-0.186222 0.646808 2.546926 1.000000
-0.377614 0.319930 2.789148 1.000000
-0.003900 0.384287 2.599485 1.000000
-0.251234 0.429777 2.601505 0.000000
-0.138762 0.225953 2.753960 0.000000
-0.335645 0.043336 2.694596 0.000000
-0.031613 0.079632 2.535624 0.750000
-0.121487 0.036800 2.728321 0.000000
-0.412462 0.041896 2.705174 1.000000
0.063425 0.100953 2.626837 1.000000
-0.403306 -0.269985 2.639814 1.000000
0.059255 -0.217765 2.622997 1.000000
-0.352281 -0.332756 2.655738 0.610577
0.036363 -0.296589 2.615240 0.997596
-0.285596 -0.529323 2.684472 1.000000
-0.043835 -0.503933 2.653902 1.000000
-0.292668 -0.974364 2.792422 0.722356
-0.110110 -0.952673 2.717182 0.747356
-0.393869 -1.018392 2.604278 0.000000
-0.190040 -0.969391 2.514919 0.000000
-0.187166 0.650023 2.548539 1.000000
-0.371876 0.313543 2.798938 1.000000
-0.003904 0.383847 2.600369 1.000000
-0.250086 0.433310 2.614355 0.000000
-0.136279 0.218027 2.749033 0.000000
-0.331436 0.037950 2.700767 0.000000
-0.034190 0.103024 2.538178 0.605769
-0.116345 0.039630 2.728640 0.000000
-0.408996 0.037768 2.704661 1.000000
0.055854 0.097618 2.628881 1.000000
-0.393821 -0.276630 2.646019 1.000000
0.064604 -0.222404 2.624987 1.000000
-0.391793 -0.358127 2.633710 0.324519
0.036644 -0.299813 2.629835 0.745192
-0.285040 -0.521031 2.686463 1.000000
-0.034561 -0.482376 2.658920 1.000000
-0.292279 -0.967585 2.787956 0.959856
-0.129668 -0.925985 2.721606 0.572356
-0.395991 -1.008513 2.600480 0.000000
-0.204167 -0.938925 2.517007 0.000000
-0.188003 0.636747 2.545447 1.000000
