-0.432972 0.369977 2.690552 1.000000
-0.076283 0.359379 2.719273 1.000000
-0.245746 0.414458 2.612975 0.000000
-0.266556 0.205112 2.794172 0.000000
-0.393211 -0.028744 2.644651 0.788462
-0.113676 -0.007924 2.667634 1.000000
-0.265148 0.003429 2.778780 0.000000
-0.484248 0.109372 2.654013 1.000000
-0.020824 0.097560 2.735220 1.000000
-0.452691 -0.176634 2.621888 1.000000
-0.038773 -0.181770 2.661194 1.000000
-0.437469 -0.240748 2.639756 0.896635
-0.062067 -0.243296 2.642932 0.778846
-0.346051 -0.594893 2.715899 1.000000
-0.127542 -0.585758 2.703942 1.000000
-0.310920 -1.008288 2.816890 1.000000
-0.116230 -1.010223 2.749007 1.000000
-0.307170 -1.047936 2.653292 0.000000
-0.097634 -1.027400 2.582546 0.000000
-0.235173 0.668658 2.594355 1.000000
-0.433558 0.368604 2.689087 1.000000
-0.076961 0.360026 2.719569 1.000000
-0.246254 0.416233 2.613593 0.000000
-0.266461 0.202679 2.789883 0.000000
-0.391503 -0.026258 2.642172 1.000000
-0.111889 -0.008939 2.667027 1.000000
-0.263865 0.002543 2.777468 0.000000
-0.482792 0.107201 2.655120 1.000000
-0.024267 0.097370 2.731594 1.000000
-0.462091 -0.178726 2.614138 1.000000
-0.037119 -0.183588 2.662602 1.000000
-0.445506 -0.239723 2.639945 0.728365
-0.053731 -0.248641 2.650200 0.745192
-0.340772 -0.594295 2.714290 1.000000
-0.122954 -0.585306 2.706109 1.000000
-0.311164 -1.010164 2.806516 1.000000
-0.118445 -1.010246 2.747757 1.000000
-0.303463 -1.046057 2.642192 0.000000
-0.097910 -1.026331 2.581414 0.000000
-0.232811 0.669760 2.599554 1.000000
-0.436745 0.375618 2.679364 1.000000
-0.082175 0.364669 2.727572 1.000000
-0.245553 0.420940 2.612717 0.000000
-0.276204 0.209597 2.790160 0.000000
-0.393269 -0.025714 2.636014 1.000000
-0.115379 -0.005927 2.674578 1.000000
-0.272627 0.002777 2.777647 0.000000
-0.486342 0.113698 2.649658 1.000000
-0.021225 0.103467 2.725801 1.000000
-0.469443 -0.173124 2.612909 1.000000
-0.038530 -0.174142 2.644949 1.000000
-0.459978 -0.239974 2.623061 0.846154
-0.050145 -0.240306 2.657155 0.728365
-0.339770 -0.593063 2.715822 1.000000
-0.118962 -0.582209 2.706972 1.000000
-0.315494 -1.004729 2.826597 1.000000
-0.115879 -1.007721 2.742462 1.000000
-0.299542 -1.047406 2.664503 0.000000
-0.086261 -1.021284 2.577269 0.000000
-0.230693 0.671007 2.589090 1.000000
-0.435174 0.369320 2.673900 1.000000
-0.081115 0.367089 2.726829 1.000000
-0.244160 0.417694 2.608906 0.000000
-0.272502 0.208874 2.789689 0.000000
-0.394304 -0.026240 2.635993 1.000000
-0.116974 -0.005122 2.677749 0.817308
-0.275405 0.002229 2.779096 0.000000
-0.483586 0.106723 2.648184 1.000000
-0.022002 0.105431 2.728695 1.000000
-0.469580 -0.179737 2.607331 1.000000
-0.038846 -0.160820 2.615777 1.000000
-0.452613 -0.245637 2.612889 0.778846
-0.016932 -0.224777 2.606242 0.122596
-0.339332 -0.593654 2.713130 1.000000
-0.116111 -0.581287 2.706923 1.000000
-0.314893 -1.008415 2.811649 1.000000
-0.114965 -1.007128 2.738346 1.000000
-0.295932 -1.046021 2.648627 0.000000
-0.082718 -1.019203 2.573530 0.000000
-0.234524 0.671031 2.588167 1.000000
-0.441351 0.369960 2.671796 1.000000
-0.086976 0.379787 2.721656 1.000000
-0.252577 0.423936 2.604704 0.000000
-0.272546 0.216001 2.787613 0.000000
-0.387608 -0.022613 2.639577 0.980769
-0.110896 -0.004250 2.686427 1.000000
-0.271116 0.005509 2.784714 0.000000
-0.480669 0.106625 2.647035 1.000000
-0.014846 0.122933 2.739753 1.000000
-0.467959 -0.177789 2.598700 1.000000
0.013408 -0.072611 2.529149 1.000000
-0.458273 -0.237382 2.630583 0.829327
0.021141 -0.121130 2.481739 0.000000
-0.339286 -0.590937 2.712573 1.000000
-0.114178 -0.580173 2.702800 1.000000
-0.317221 -1.006041 2.810198 1.000000
-0.116589 -1.005564 2.739761 1.000000
-0.296587 -1.043257 2.647290 0.000000
-0.080314 -1.020001 2.575975 0.000000
-0.236157 0.675716 2.582438 1.000000
-0.442050 0.375000 2.661339 1.000000
-0.092517 0.387647 2.737697 1.000000
-0.249580 0.432988 2.609926 0.000000
-0.280197 0.219966 2.785356 0.000000
-0.366871 -0.009496 2.640649 1.000000
-0.091819 0.004976 2.697557 1.000000
-0.255303 0.014297 2.790357 0.000000
-0.472678 0.114204 2.644004 1.000000
0.014328 0.147153 2.737509 1.000000
-0.459872 -0.166439 2.601111 1.000000
0.107649 0.199628 2.474256 1.000000
-0.452386 -0.232276 2.617575 0.980769
0.132142 0.207700 2.411037 0.000000
-0.341298 -0.576973 2.716668 1.000000
-0.109832 -0.572346 2.694738 1.000000
-0.319821 -0.992949 2.810646 1.000000
-0.108099 -0.996976 2.739626 1.000000
-0.296139 -1.028520 2.647784 0.000000
-0.067739 -1.013998 2.577049 0.000000
-0.217170 0.676241 2.584642 1.000000
-0.440823 0.380341 2.659542 1.000000
-0.092104 0.386022 2.740332 1.000000
-0.246661 0.434914 2.610824 0.000000
-0.283499 0.221704 2.784825 0.000000
-0.366089 -0.010784 2.640820 1.000000
-0.092091 0.007820 2.701491 1.000000
-0.256984 0.015494 2.791921 0.000000
-0.473520 0.120935 2.640795 1.000000
0.074161 0.183815 2.726903 1.000000
-0.460777 -0.157588 2.591840 1.000000
0.139253 0.348669 2.506177 1.000000
-0.448528 -0.220926 2.569483 0.963942
0.122203 0.397885 2.462033 0.812500
-0.338313 -0.577334 2.713730 1.000000
-0.101760 -0.569438 2.693992 1.000000
-0.319263 -0.989783 2.822595 1.000000
-0.102905 -0.994018 2.739375 1.000000
-0.295410 -1.031290 2.661169 0.000000
-0.058878 -1.011409 2.577791 0.000000
-0.215381 0.676115 2.579680 1.000000
-0.432649 0.384233 2.660309 1.000000
-0.082730 0.394922 2.735183 1.000000
-0.239781 0.439087 2.606985 0.000000
-0.271951 0.230275 2.787136 0.000000
-0.360156 -0.006351 2.645762 1.000000
-0.085203 0.012910 2.701720 1.000000
-0.248567 0.020963 2.794851 0.000000
-0.465409 0.124447 2.638188 1.000000
0.146525 0.278916 2.680081 1.000000
-0.449050 -0.154207 2.587067 1.000000
0.180996 0.499871 2.505381 1.000000
-0.455179 -0.222064 2.591479 0.913462
0.163196 0.559471 2.477229 0.980769
-0.330987 -0.572738 2.716367 1.000000
-0.086395 -0.562805 2.691711 1.000000
-0.319746 -0.989038 2.810691 1.000000
-0.086908 -0.986199 2.747088 1.000000
-0.295607 -1.025240 2.648035 0.000000
-0.043235 -1.007340 2.585856 0.000000
-0.205143 0.679315 2.573346 1.000000
-0.403909 0.384773 2.660957 1.000000
-0.052346 0.397661 2.723872 1.000000
-0.213122 0.439441 2.600443 0.000000
-0.238522 0.233227 2.784622 0.000000
-0.339794 0.003281 2.634810 1.000000
-0.067029 0.007127 2.703264 1.000000
-0.233620 0.029067 2.788068 0.000000
-0.450900 0.125415 2.641474 1.000000
0.189339 0.414988 2.618313 1.000000
-0.449554 -0.152327 2.575718 1.000000
0.255862 0.669069 2.506583 1.000000
-0.432424 -0.217070 2.589004 1.000000
0.232398 0.728432 2.482354 0.778846
-0.330098 -0.565632 2.713073 1.000000
-0.072958 -0.561230 2.683804 1.000000
-0.321104 -0.981160 2.810974 1.000000
-0.050268 -0.983297 2.744416 1.000000
-0.292323 -1.018615 2.649360 0.000000
-0.000214 -1.003510 2.584929 0.000000
-0.187075 0.684735 2.578396 1.000000
-0.389173 0.385604 2.661219 1.000000
-0.039141 0.401998 2.695019 1.000000
-0.204113 0.438271 2.583568 0.000000
-0.213564 0.239935 2.777643 0.000000
-0.327064 0.013355 2.649297 1.000000
-0.047525 0.000287 2.677382 1.000000
-0.198431 0.031219 2.785533 0.000000
-0.426167 0.125278 2.639990 1.000000
0.191508 0.489969 2.602009 1.000000
-0.438004 -0.151017 2.571605 1.000000
0.307436 0.731835 2.506002 1.000000
-0.423584 -0.217451 2.577944 0.913462
0.334150 0.794135 2.497838 0.879808
-0.324056 -0.559966 2.710030 1.000000
-0.058083 -0.562936 2.680330 1.000000
-0.319365 -0.975575 2.807889 1.000000
-0.023235 -0.987594 2.708274 1.000000
-0.316144 -1.014124 2.644018 0.000000
0.000726 -0.996578 2.541855 0.000000
-0.164030 0.693192 2.577275 1.000000
-0.371764 0.377550 2.666411 1.000000
-0.023688 0.403246 2.679886 1.000000
-0.193075 0.436150 2.578737 0.000000
-0.185716 0.235754 2.770775 0.000000
-0.307247 0.018181 2.644921 1.000000
-0.027509 -0.008262 2.657125 1.000000
-0.170476 0.028848 2.773784 0.000000
-0.411459 0.118312 2.642291 1.000000
0.186849 0.530599 2.585985 1.000000
-0.428224 -0.157558 2.575166 1.000000
0.355534 0.747000 2.511103 1.000000
-0.416348 -0.224740 2.577834 1.000000
0.353910 0.812616 2.492302 1.000000
-0.316071 -0.557184 2.707646 1.000000
-0.045370 -0.567855 2.676019 1.000000
-0.316340 -0.971984 2.808989 1.000000
-0.010480 -0.991497 2.716509 1.000000
-0.323224 -1.011908 2.645561 0.000000
0.003847 -1.006289 2.549398 0.000000
-0.141547 0.690289 2.576411 1.000000
-0.338116 0.360371 2.679547 1.000000
0.006150 0.411116 2.652814 1.000000
-0.175520 0.431913 2.572335 0.000000
-0.131500 0.232205 2.760139 0.000000
-0.266281 0.024364 2.650688 0.798077
0.010470 -0.021836 2.631308 1.000000
-0.115878 0.021789 2.763818 0.000000
-0.370290 0.102813 2.643519 1.000000
0.196572 0.555191 2.544875 1.000000
-0.403919 -0.172945 2.589575 1.000000
0.410829 0.730896 2.487379 1.000000
-0.399985 -0.234614 2.560539 0.644231
0.439388 0.792631 2.493262 1.000000
-0.300826 -0.552493 2.705118 1.000000
-0.029789 -0.577748 2.661529 1.000000
-0.318856 -0.967927 2.802166 1.000000
-0.000436 -1.001982 2.700171 1.000000
-0.344942 -1.004693 2.639938 0.000000
-0.007615 -1.017734 2.532688 0.000000
-0.092784 0.684568 2.577679 1.000000
-0.307453 0.358768 2.677408 1.000000
0.036238 0.407218 2.641239 1.000000
-0.147125 0.426315 2.564348 0.000000
-0.099481 0.232257 2.757125 0.000000
-0.239159 0.025179 2.649725 0.653846
0.035676 -0.029596 2.625915 1.000000
-0.086969 0.018683 2.760278 0.000000
-0.336556 0.100946 2.642868 1.000000
0.227947 0.548919 2.533160 1.000000
-0.372402 -0.177368 2.608841 1.000000
0.445949 0.720788 2.479897 1.000000
-0.384059 -0.243452 2.596251 0.627404
0.484003 0.774692 2.462348 1.000000
-0.290118 -0.550779 2.698937 1.000000
-0.020935 -0.583715 2.654158 1.000000
-0.328008 -0.966008 2.791015 1.000000
-0.002466 -1.006625 2.710154 1.000000
-0.356134 -0.999497 2.628419 0.000000
-0.010777 -1.029056 2.543487 0.000000
-0.073754 0.687910 2.569050 1.000000
-0.282131 0.359744 2.672159 1.000000
0.062072 0.409092 2.637916 1.000000
-0.121310 0.427554 2.559959 0.000000
-0.074310 0.233874 2.753273 0.000000
-0.220048 0.021581 2.643626 1.000000
0.055153 -0.032042 2.621480 1.000000
-0.068533 0.015561 2.755128 0.000000
-0.314884 0.101464 2.647710 1.000000
0.256394 0.545130 2.527864 1.000000
-0.340329 -0.178167 2.617642 1.000000
0.478725 0.708650 2.468073 1.000000
-0.330824 -0.245090 2.627263 1.000000
0.509447 0.764934 2.444624 1.000000
-0.283655 -0.550275 2.696981 1.000000
-0.019210 -0.588602 2.656154 1.000000
-0.319331 -0.965693 2.789091 1.000000
0.005229 -1.011581 2.709268 1.000000
-0.349472 -0.999081 2.626835 0.000000
-0.005750 -1.033139 2.542640 0.000000
-0.055623 0.689764 2.561650 1.000000
-0.247749 0.371868 2.677240 1.000000
0.096795 0.405794 2.634000 1.000000
-0.087127 0.434000 2.561523 0.000000
-0.043839 0.235254 2.750514 0.000000
-0.205794 0.020223 2.639537 1.000000
0.070362 -0.022263 2.607375 1.000000
-0.050522 0.018059 2.745893 0.000000
-0.294288 0.117540 2.645659 1.000000
0.288154 0.538600 2.517424 1.000000
-0.320774 -0.161040 2.617106 1.000000
0.504126 0.708823 2.458227 1.000000
-0.320509 -0.228569 2.627172 1.000000
0.536515 0.759467 2.425860 0.980769
-0.271817 -0.546567 2.691623 1.000000
-0.013905 -0.584429 2.657634 1.000000
-0.319470 -0.961179 2.781927 1.000000
0.001590 -1.007265 2.715075 1.000000
-0.354526 -0.992370 2.620222 0.000000
-0.017556 -1.030471 2.549409 0.000000
-0.038785 0.693432 2.564629 1.000000
-0.234633 0.381451 2.676200 1.000000
0.110917 0.397330 2.637051 1.000000
-0.069657 0.435627 2.562630 0.000000
-0.039054 0.233875 2.750915 0.000000
-0.200037 0.024821 2.638177 1.000000
0.075837 -0.021048 2.608326 1.000000
-0.045590 0.021498 2.745699 0.000000
-0.288065 0.130518 2.645072 1.000000
0.300526 0.527254 2.518901 1.000000
-0.315425 -0.145271 2.612129 1.000000
0.510617 0.695004 2.443968 1.000000
-0.325420 -0.210971 2.627788 1.000000
0.553195 0.745438 2.426500 1.000000
-0.267791 -0.542571 2.692822 1.000000
-0.013910 -0.581945 2.658123 1.000000
-0.326547 -0.955521 2.784196 1.000000
0.006245 -1.005149 2.711238 1.000000
-0.358663 -0.986860 2.621911 0.000000
-0.012118 -1.026852 2.545280 0.000000
-0.030287 0.694343 2.570531 1.000000
-0.232894 0.380386 2.676114 1.000000
0.115930 0.396901 2.646855 1.000000
-0.064772 0.436942 2.568472 0.000000
-0.039547 0.230963 2.752938 0.000000
-0.197997 0.018262 2.632370 1.000000
0.079275 -0.022775 2.609184 1.000000
-0.046008 0.018688 2.743389 0.000000
-0.289102 0.129952 2.645593 1.000000
0.315236 0.503389 2.521374 1.000000
-0.313182 -0.145759 2.609306 1.000000
0.521122 0.670967 2.435107 1.000000
-0.312829 -0.214025 2.610424 1.000000
0.556967 0.723862 2.411047 1.000000
-0.267793 -0.546156 2.691912 1.000000
-0.013907 -0.585240 2.662156 1.000000
-0.326449 -0.957631 2.789776 1.000000
0.007874 -1.008784 2.711808 1.000000
-0.356232 -0.991945 2.627647 0.000000
-0.007086 -1.029070 2.545331 0.000000
-0.031168 0.697110 2.578627 1.000000
-0.233663 0.381696 2.671443 1.000000
0.120391 0.383028 2.665078 1.000000
-0.056542 0.431976 2.575785 0.000000
-0.052472 0.222923 2.758464 0.000000
-0.198776 0.015995 2.626207 1.000000
0.080227 -0.019055 2.620682 1.000000
-0.054406 0.017759 2.746955 0.000000
-0.290610 0.130980 2.649060 1.000000
0.338569 0.436835 2.538172 1.000000
-0.306866 -0.142067 2.595644 1.000000
0.539609 0.565339 2.394150 1.000000
-0.304576 -0.210160 2.591205 1.000000
0.560266 0.610112 2.346924 1.000000
-0.269355 -0.545647 2.696773 1.000000
-0.017629 -0.584365 2.660238 1.000000
-0.322571 -0.960111 2.784618 1.000000
0.005334 -1.007628 2.711717 1.000000
-0.340839 -0.992568 2.620414 0.000000
0.000860 -1.028188 2.544662 0.000000
-0.052444 0.693487 2.585255 1.000000
-0.242072 0.380402 2.674615 1.000000
0.115850 0.385995 2.679536 1.000000
-0.062669 0.435114 2.585894 0.000000
-0.061771 0.221546 2.763319 0.000000
-0.207274 0.012211 2.626015 1.000000
0.072544 -0.016014 2.628579 1.000000
-0.067003 0.012975 2.751511 0.000000
-0.298852 0.127874 2.649627 1.000000
0.339423 0.332225 2.558118 1.000000
-0.316012 -0.148315 2.601843 1.000000
0.530228 0.416959 2.370310 1.000000
-0.320009 -0.214430 2.585278 0.862981
0.549276 0.465696 2.326453 0.745192
-0.270301 -0.549189 2.700554 1.000000
-0.016992 -0.584352 2.665068 1.000000
-0.320338 -0.964161 2.787867 1.000000
0.001409 -1.005536 2.732852 1.000000
-0.332034 -0.997394 2.623219 0.000000
0.002308 -1.032250 2.566612 0.000000
-0.071021 0.693193 2.593416 1.000000
-0.264431 0.373956 2.680846 1.000000
0.093283 0.386946 2.686820 1.000000
-0.085970 0.433100 2.593073 0.000000
-0.081100 0.218170 2.768780 0.000000
-0.220262 0.006577 2.631164 1.000000
0.060265 -0.013310 2.634414 1.000000
-0.080622 0.008185 2.757355 0.000000
-0.311424 0.119303 2.657987 1.000000
0.272612 0.211382 2.619013 1.000000
-0.321762 -0.155974 2.603870 1.000000
0.453142 0.221562 2.404262 1.000000
-0.319651 -0.224069 2.608359 1.000000
0.498168 0.221506 2.352937 0.000000
-0.271118 -0.554973 2.706281 1.000000
-0.018998 -0.584725 2.669577 1.000000
-0.317245 -0.970335 2.793893 1.000000
0.002549 -1.008581 2.716596 1.000000
-0.326576 -1.004040 2.629190 0.000000
0.004187 -1.027062 2.549246 0.000000
-0.104319 0.687388 2.590884 1.000000
-0.302610 0.370689 2.700268 1.000000
0.054960 0.385485 2.690864 1.000000
-0.128435 0.432580 2.606019 0.000000
-0.114902 0.214127 2.776859 0.000000
-0.249652 0.001563 2.648217 0.836538
0.031328 -0.004511 2.637473 1.000000
-0.104174 0.008888 2.767418 0.000000
-0.340239 0.115458 2.667294 1.000000
0.175025 0.159355 2.645089 1.000000
-0.339809 -0.160746 2.616294 1.000000
0.300420 -0.047539 2.502397 1.000000
-0.338598 -0.228986 2.618142 1.000000
0.307790 -0.082984 2.444510 0.576923
-0.283540 -0.559394 2.714220 1.000000
-0.029348 -0.580210 2.671691 1.000000
-0.313583 -0.977422 2.795947 1.000000
0.001653 -1.002606 2.726007 1.000000
-0.330943 -1.008354 2.631350 0.000000
-0.004071 -1.024481 2.559157 0.000000
-0.130557 0.683796 2.599955 1.000000
-0.320543 0.369942 2.696007 1.000000
0.037362 0.368863 2.687790 1.000000
-0.143560 0.419244 2.599588 0.000000
-0.140009 0.209727 2.781745 0.000000
-0.277026 -0.015612 2.654123 1.000000
0.003991 -0.008933 2.644844 1.000000
-0.132750 0.001854 2.773728 0.000000
-0.367465 0.113176 2.677582 1.000000
0.109783 0.118238 2.667495 1.000000
-0.363687 -0.165570 2.631350 1.000000
0.162247 -0.149579 2.594196 1.000000
-0.357486 -0.233458 2.627572 0.980769
0.147821 -0.211266 2.568738 1.000000
-0.297901 -0.573326 2.728972 1.000000
-0.037094 -0.587033 2.680796 1.000000
-0.319909 -0.993141 2.803807 1.000000
-0.002805 -1.011382 2.713683 1.000000
-0.334272 -1.021852 2.638520 0.000000
-0.007433 -1.024758 2.545904 0.000000
-0.142170 0.679481 2.594863 1.000000
-0.346275 0.373890 2.695136 1.000000
0.011651 0.367438 2.691784 1.000000
-0.167347 0.417509 2.599572 0.000000
-0.169247 0.213979 2.788419 0.000000
-0.307354 -0.019324 2.658733 0.961538
-0.026246 -0.010406 2.659310 0.923077
-0.167554 0.000860 2.783129 0.000000
-0.397362 0.116091 2.694609 1.000000
0.056966 0.108561 2.691350 1.000000
-0.380636 -0.160873 2.634918 1.000000
0.041379 -0.172187 2.652763 1.000000
-0.375231 -0.228462 2.642926 0.980769
0.023028 -0.237313 2.661898 0.257212
-0.316303 -0.578283 2.743158 1.000000
-0.046633 -0.586722 2.686436 1.000000
-0.312099 -0.999377 2.813809 1.000000
-0.000967 -1.010076 2.718291 1.000000
-0.321942 -1.027285 2.648056 0.000000
0.001237 -1.022473 2.550388 0.000000
-0.165376 0.683135 2.602374 1.000000
