-0.427607 0.233338 2.534926 1.000000
-0.069081 0.227451 2.502914 1.000000
-0.255805 0.277258 2.426738 0.000000
-0.242557 0.099323 2.607838 0.000000
-0.453077 -0.120799 2.512809 1.000000
-0.028977 -0.108361 2.474706 0.865385
-0.230500 -0.105859 2.613776 0.000000
-0.498369 -0.032991 2.529454 1.000000
0.011578 -0.035566 2.486045 1.000000
-0.482490 -0.306926 2.430074 1.000000
0.001277 -0.299017 2.360920 1.000000
-0.472722 -0.374894 2.427756 0.324519
-0.018020 -0.359781 2.386529 0.509615
-0.354538 -0.621156 2.498033 1.000000
-0.107014 -0.614384 2.509826 1.000000
-0.351166 -0.999141 2.616068 1.000000
-0.125708 -0.990896 2.631092 1.000000
-0.371768 -1.048782 2.457690 0.000000
-0.127061 -1.042107 2.471881 0.038462
-0.244987 0.516708 2.394223 1.000000
-0.427693 0.230729 2.537095 1.000000
-0.069672 0.226385 2.499643 1.000000
-0.257780 0.274831 2.426036 0.000000
-0.240894 0.098050 2.607962 0.000000
-0.453848 -0.119563 2.510644 1.000000
-0.029472 -0.110136 2.474818 0.971154
-0.231695 -0.106934 2.612853 0.000000
-0.497760 -0.036395 2.537819 1.000000
0.012899 -0.036720 2.484708 1.000000
-0.480993 -0.311627 2.440513 1.000000
-0.008243 -0.300685 2.360702 1.000000
-0.496663 -0.378436 2.437148 0.290865
-0.025261 -0.364565 2.379412 0.661058
-0.353870 -0.621032 2.497644 1.000000
-0.107175 -0.615002 2.512267 1.000000
-0.359855 -1.000763 2.609825 1.000000
-0.135920 -0.989211 2.638586 1.000000
-0.377759 -1.047616 2.450273 0.000000
-0.134195 -1.042819 2.480170 0.336538
-0.246515 0.516864 2.395533 1.000000
-0.428193 0.229980 2.541747 1.000000
-0.071833 0.225507 2.490879 1.000000
-0.262633 0.273054 2.423917 0.000000
-0.238710 0.098175 2.606889 0.000000
-0.452664 -0.127368 2.511024 0.951923
-0.027803 -0.119384 2.481085 1.000000
-0.231862 -0.117483 2.616415 0.000000
-0.495414 -0.037899 2.547760 1.000000
0.006223 -0.039059 2.475840 1.000000
-0.480065 -0.309719 2.440829 1.000000
-0.015233 -0.300722 2.346890 1.000000
-0.484793 -0.376497 2.425380 0.105769
-0.015032 -0.369083 2.353760 0.307692
-0.355782 -0.629168 2.500500 1.000000
-0.106964 -0.624215 2.510544 1.000000
-0.354923 -1.008843 2.613024 1.000000
-0.140551 -0.996299 2.641850 1.000000
-0.372276 -1.056147 2.453544 0.000000
-0.134996 -1.052371 2.484378 0.375000
-0.247115 0.518702 2.397633 1.000000
-0.429570 0.227790 2.539575 1.000000
-0.072929 0.220802 2.491011 1.000000
-0.262986 0.269293 2.422627 0.000000
-0.241364 0.095045 2.606485 0.000000
-0.454230 -0.133325 2.523367 0.923077
-0.031950 -0.125025 2.467885 0.932692
-0.227509 -0.122427 2.615221 0.000000
-0.498320 -0.039154 2.548016 1.000000
0.010022 -0.041910 2.478436 1.000000
-0.490182 -0.316168 2.456009 1.000000
-0.021095 -0.297785 2.341220 1.000000
-0.489033 -0.372519 2.416720 0.139423
-0.037407 -0.356777 2.372433 0.391827
-0.357932 -0.634718 2.494636 1.000000
-0.105971 -0.629145 2.511291 1.000000
-0.356472 -1.012845 2.612254 1.000000
-0.124357 -1.006204 2.630892 1.000000
-0.382749 -1.061997 2.454564 0.000000
-0.131687 -1.056398 2.471520 0.206731
-0.248531 0.513311 2.392377 1.000000
-0.431667 0.227009 2.537324 1.000000
-0.074246 0.223214 2.494482 1.000000
-0.263676 0.269000 2.422585 0.000000
-0.243203 0.096944 2.608626 0.000000
-0.456812 -0.131861 2.524904 0.971154
-0.034032 -0.122626 2.473528 0.884615
-0.230964 -0.122490 2.619048 0.000000
-0.500414 -0.039318 2.550627 1.000000
0.009356 -0.038934 2.483427 1.000000
-0.493428 -0.312640 2.449320 1.000000
-0.026674 -0.290986 2.341342 1.000000
-0.481084 -0.368467 2.487417 0.391827
-0.048410 -0.347254 2.374234 0.358173
-0.358789 -0.632873 2.490030 1.000000
-0.104524 -0.627009 2.506108 1.000000
-0.360818 -1.009861 2.611239 1.000000
-0.136315 -0.998731 2.638877 1.000000
-0.384855 -1.060405 2.453632 0.000000
-0.135599 -1.055041 2.481394 0.466346
-0.251245 0.510706 2.387674 1.000000
-0.438080 0.220918 2.538174 1.000000
-0.079853 0.222130 2.502516 1.000000
-0.268363 0.266652 2.427476 0.000000
-0.249468 0.092128 2.611373 0.000000
-0.455657 -0.129420 2.515418 1.000000
-0.030636 -0.120779 2.488038 0.807692
-0.235425 -0.123003 2.622257 0.000000
-0.500844 -0.046974 2.545857 1.000000
0.010980 -0.037393 2.489788 1.000000
-0.493202 -0.324631 2.457606 1.000000
-0.044923 -0.275737 2.331653 1.000000
-0.488998 -0.386804 2.486542 0.358173
-0.044593 -0.339586 2.306282 0.206731
-0.357202 -0.630749 2.487811 1.000000
-0.097657 -0.624745 2.493097 1.000000
-0.364504 -1.009809 2.602159 1.000000
-0.134120 -0.993543 2.632648 1.000000
-0.379945 -1.057633 2.442638 0.000000
-0.119534 -1.053767 2.477300 0.322115
-0.252908 0.508120 2.395002 1.000000
-0.437638 0.215586 2.538661 1.000000
-0.079122 0.218964 2.506177 1.000000
-0.267215 0.262675 2.429628 0.000000
-0.248944 0.087617 2.613080 0.000000
-0.454514 -0.130580 2.514124 1.000000
-0.029166 -0.122696 2.492121 0.769231
-0.235606 -0.126309 2.623756 0.000000
-0.500093 -0.052431 2.544643 1.000000
0.008297 -0.041234 2.485571 1.000000
-0.493759 -0.325722 2.443559 1.000000
-0.050514 -0.265972 2.309559 1.000000
-0.481899 -0.393364 2.445642 0.375000
-0.053599 -0.323844 2.272658 0.257212
-0.359348 -0.631657 2.482295 1.000000
-0.095249 -0.626099 2.485251 1.000000
-0.358393 -1.006734 2.609307 1.000000
-0.126984 -0.993746 2.628932 1.000000
-0.374573 -1.060163 2.451649 0.000000
-0.109800 -1.055588 2.474488 0.312500
-0.255771 0.503121 2.399284 1.000000
-0.437676 0.217835 2.532127 1.000000
-0.078156 0.214381 2.513864 1.000000
-0.262247 0.260390 2.429348 0.000000
-0.254445 0.087549 2.615625 0.000000
-0.452469 -0.130969 2.507637 1.000000
-0.026588 -0.123289 2.501830 0.557692
-0.237837 -0.129623 2.625491 0.000000
-0.500277 -0.049747 2.542055 1.000000
0.011977 -0.045135 2.501791 1.000000
-0.495770 -0.324638 2.446188 1.000000
-0.063276 -0.232804 2.292285 1.000000
-0.493553 -0.392291 2.434417 0.274038
-0.062064 -0.290678 2.255277 0.509615
-0.357881 -0.632052 2.479771 1.000000
-0.092678 -0.626295 2.481280 1.000000
-0.363132 -1.001722 2.621661 1.000000
-0.134685 -0.989432 2.633538 1.000000
-0.374038 -1.061391 2.465798 0.014423
-0.108743 -1.055864 2.482256 0.250000
-0.250754 0.509365 2.412387 1.000000
-0.433699 0.220388 2.534089 1.000000
-0.073787 0.217791 2.526551 1.000000
-0.255316 0.267376 2.438585 0.000000
-0.252876 0.086649 2.617373 0.000000
-0.453169 -0.135805 2.507695 1.000000
-0.027810 -0.114330 2.499007 0.759615
-0.237988 -0.125743 2.624118 0.000000
-0.499933 -0.045271 2.536350 1.000000
0.008082 -0.040209 2.485320 1.000000
-0.498549 -0.320963 2.446695 1.000000
-0.052970 -0.132224 2.217268 0.528846
-0.499086 -0.386314 2.425496 0.000000
-0.058170 -0.178409 2.166668 0.677885
-0.355359 -0.632843 2.481195 1.000000
-0.091147 -0.621580 2.484982 1.000000
-0.361534 -1.006718 2.611562 1.000000
-0.130124 -0.991841 2.619902 1.000000
-0.373001 -1.061486 2.453950 0.000000
-0.108473 -1.050628 2.464828 0.105769
-0.246548 0.512521 2.425338 1.000000
-0.425374 0.222048 2.520277 1.000000
-0.066058 0.223141 2.542442 1.000000
-0.240217 0.270988 2.439832 0.000000
-0.250665 0.090051 2.618119 0.000000
-0.447450 -0.132768 2.487895 1.000000
-0.023029 -0.110300 2.516676 1.000000
-0.243407 -0.121625 2.622803 0.000000
-0.495079 -0.042680 2.533220 1.000000
0.009726 -0.028064 2.463317 1.000000
-0.500552 -0.316519 2.437377 1.000000
-0.021565 -0.020680 2.174925 0.000000
-0.488046 -0.383999 2.440610 0.206731
-0.028056 -0.030810 2.107281 0.997596
-0.355316 -0.629509 2.489589 1.000000
-0.096055 -0.619322 2.499019 1.000000
-0.357248 -1.001822 2.624478 1.000000
-0.122493 -0.993490 2.625966 1.000000
-0.358183 -1.058788 2.467231 0.000000
-0.096637 -1.048215 2.470052 0.086538
-0.225966 0.519096 2.429151 1.000000
-0.404386 0.234067 2.507760 1.000000
-0.047267 0.236300 2.553160 0.000000
-0.214512 0.282898 2.439111 0.000000
-0.236097 0.103286 2.617737 0.000000
-0.445558 -0.128611 2.479423 1.000000
-0.023616 -0.097981 2.529361 1.000000
-0.248761 -0.113622 2.624352 0.000000
-0.487940 -0.023694 2.528381 1.000000
0.018516 0.011178 2.415903 1.000000
-0.510269 -0.296319 2.439117 1.000000
0.013700 0.192590 2.192615 1.000000
-0.518806 -0.360883 2.417232 0.000000
0.029357 0.251822 2.161523 1.000000
-0.353339 -0.622545 2.503607 1.000000
-0.103203 -0.610251 2.511203 1.000000
-0.358222 -1.004703 2.607275 1.000000
-0.135692 -0.984643 2.636064 1.000000
-0.346671 -1.048523 2.446281 0.000000
-0.105236 -1.039044 2.480869 0.250000
-0.205773 0.529173 2.428586 1.000000
-0.397946 0.244236 2.504766 1.000000
-0.044413 0.230804 2.571353 0.605769
-0.202494 0.286859 2.448808 0.000000
-0.241894 0.104145 2.621135 0.000000
-0.440218 -0.114285 2.464988 1.000000
-0.020402 -0.100428 2.535908 1.000000
-0.250546 -0.103403 2.619470 0.000000
-0.484775 -0.009701 2.511240 1.000000
0.042879 0.129872 2.338419 1.000000
-0.511360 -0.278192 2.421806 1.000000
0.084597 0.381452 2.212880 1.000000
-0.513220 -0.344002 2.402157 0.072115
0.094864 0.446894 2.231111 1.000000
-0.349973 -0.613196 2.509841 1.000000
-0.106580 -0.608197 2.525603 1.000000
-0.358923 -0.994581 2.616055 1.000000
-0.141194 -0.986064 2.638892 1.000000
-0.337859 -1.039553 2.456348 0.000000
-0.104622 -1.035998 2.483517 0.269231
-0.159888 0.522604 2.433295 1.000000
-0.395570 0.247369 2.522014 1.000000
-0.039675 0.217149 2.528929 0.913462
-0.210706 0.275960 2.431697 0.000000
-0.228906 0.104344 2.618379 0.000000
-0.446060 -0.111158 2.502414 1.000000
-0.020120 -0.111304 2.508898 1.000000
-0.234926 -0.107367 2.626375 0.000000
-0.482743 -0.003065 2.503142 1.000000
0.089149 0.224509 2.296501 1.000000
-0.515646 -0.264279 2.403561 1.000000
0.129640 0.472913 2.170455 1.000000
-0.526369 -0.330988 2.391096 0.122596
0.150892 0.538004 2.164800 1.000000
-0.351565 -0.615307 2.498809 1.000000
-0.105371 -0.614173 2.526146 1.000000
-0.360725 -0.994447 2.612758 1.000000
-0.142165 -0.992222 2.638135 1.000000
-0.364578 -1.042488 2.452603 0.000000
-0.126505 -1.040916 2.478899 0.274038
-0.136109 0.526209 2.448136 1.000000
-0.385067 0.253166 2.531438 1.000000
-0.033965 0.205212 2.517337 1.000000
-0.204494 0.273659 2.430826 0.000000
-0.220696 0.100503 2.616266 0.000000
-0.442864 -0.111326 2.515358 1.000000
-0.017337 -0.117153 2.496386 1.000000
-0.224677 -0.110940 2.626500 0.000000
-0.479906 0.008243 2.503532 1.000000
0.101681 0.240034 2.293401 1.000000
-0.516176 -0.247938 2.397399 1.000000
0.143062 0.484737 2.164495 1.000000
-0.532981 -0.309554 2.422725 0.391827
0.143819 0.553432 2.163554 1.000000
-0.353786 -0.616634 2.496622 1.000000
-0.102476 -0.618224 2.520459 1.000000
-0.363047 -0.994586 2.614447 1.000000
-0.142656 -0.994124 2.638360 1.000000
-0.376799 -1.043886 2.455221 0.000000
-0.134434 -1.044917 2.479222 0.298077
-0.123671 0.517957 2.441389 1.000000
-0.368992 0.253687 2.534941 1.000000
-0.018683 0.198765 2.516584 0.836538
-0.189056 0.271857 2.432755 0.000000
-0.206924 0.096616 2.616072 0.000000
-0.435861 -0.106549 2.518123 1.000000
-0.010967 -0.126288 2.494837 1.000000
-0.216644 -0.112916 2.627034 0.000000
-0.470000 0.012015 2.507645 1.000000
0.105434 0.228820 2.286270 1.000000
-0.518472 -0.240789 2.400442 1.000000
0.148192 0.480403 2.173887 1.000000
-0.522751 -0.308772 2.409410 0.442308
0.128281 0.543995 2.157153 1.000000
-0.352881 -0.615253 2.490847 1.000000
-0.098491 -0.623261 2.516883 1.000000
-0.361774 -0.993819 2.606713 1.000000
-0.135536 -1.000332 2.632039 1.000000
-0.377511 -1.042212 2.447392 0.000000
-0.129282 -1.049710 2.472367 0.216346
-0.112148 0.510204 2.437818 1.000000
-0.363223 0.253923 2.524118 1.000000
-0.011981 0.201465 2.519238 0.817308
-0.180020 0.270853 2.427684 0.000000
-0.202866 0.100462 2.614976 0.000000
-0.426915 -0.103493 2.508810 1.000000
-0.001732 -0.128495 2.501011 1.000000
-0.211942 -0.113157 2.625648 0.000000
-0.464406 0.010616 2.509111 1.000000
0.108316 0.225151 2.285510 1.000000
-0.510263 -0.249068 2.416594 1.000000
0.137583 0.473302 2.160359 1.000000
-0.538726 -0.299547 2.379686 0.156250
0.134626 0.541005 2.149045 1.000000
-0.352136 -0.613222 2.490639 1.000000
-0.093837 -0.624298 2.514203 1.000000
-0.361142 -0.992346 2.604657 1.000000
-0.141718 -0.997558 2.637491 1.000000
-0.373423 -1.040116 2.444845 0.000000
-0.127570 -1.051459 2.479798 0.302885
-0.114049 0.515981 2.432192 1.000000
-0.362363 0.250963 2.530148 1.000000
-0.008421 0.207151 2.518522 0.855769
-0.181169 0.274929 2.431438 0.000000
-0.196909 0.099199 2.614481 0.000000
-0.422765 -0.102693 2.507975 1.000000
0.002275 -0.128187 2.495406 1.000000
-0.206474 -0.112076 2.622380 0.000000
-0.459320 0.006241 2.507907 1.000000
0.108977 0.220250 2.282237 1.000000
-0.502779 -0.254956 2.417777 1.000000
0.137997 0.471257 2.162284 1.000000
-0.527792 -0.316891 2.401692 0.038462
0.128493 0.529691 2.127419 1.000000
-0.348867 -0.612445 2.488138 1.000000
-0.091848 -0.623995 2.511479 1.000000
-0.360574 -0.986226 2.618396 1.000000
-0.128028 -1.002217 2.623080 1.000000
-0.375104 -1.040650 2.460917 0.000000
-0.119722 -1.050221 2.463083 0.153846
-0.116923 0.510574 2.421014 1.000000
-0.353656 0.254374 2.511660 1.000000
-0.000229 0.204518 2.536298 0.750000
-0.163008 0.274653 2.431714 0.000000
-0.200223 0.100499 2.613151 0.000000
-0.415298 -0.101783 2.488004 1.000000
0.008839 -0.128643 2.517221 1.000000
-0.211341 -0.112245 2.623098 0.000000
-0.454054 0.008562 2.523396 1.000000
0.093657 0.213609 2.287816 1.000000
-0.502984 -0.254821 2.437193 1.000000
0.136522 0.454620 2.148993 1.000000
-0.512489 -0.322032 2.426578 0.324519
0.119866 0.519081 2.132026 1.000000
-0.346179 -0.611728 2.489779 1.000000
-0.090815 -0.624670 2.505479 1.000000
-0.357469 -0.991116 2.602710 1.000000
-0.138742 -0.996355 2.633420 1.000000
-0.357660 -1.038826 2.442409 0.000000
-0.113144 -1.053092 2.478184 0.211538
-0.117115 0.512570 2.409073 1.000000
-0.350950 0.253100 2.512223 1.000000
0.002334 0.203348 2.535421 0.625000
-0.160667 0.273065 2.431334 0.000000
-0.197064 0.099597 2.613591 0.000000
-0.414356 -0.102077 2.489999 1.000000
0.009957 -0.128846 2.516633 1.000000
-0.209585 -0.112598 2.623851 0.000000
-0.453498 0.007107 2.525174 1.000000
0.089293 0.216236 2.283493 1.000000
-0.499613 -0.256808 2.435505 1.000000
0.133286 0.457048 2.142451 1.000000
-0.482184 -0.322964 2.441831 0.560096
0.114671 0.521444 2.127382 1.000000
-0.345283 -0.611992 2.491658 1.000000
-0.092427 -0.625096 2.505008 1.000000
-0.358926 -0.988418 2.613860 1.000000
-0.128905 -1.002766 2.618369 1.000000
-0.360555 -1.040005 2.454773 0.000000
-0.107728 -1.052334 2.460043 0.043269
-0.128110 0.510050 2.401973 1.000000
-0.357184 0.249718 2.509624 1.000000
-0.003530 0.204872 2.525745 0.711538
-0.169252 0.268339 2.423112 0.000000
-0.198982 0.102247 2.613279 0.000000
-0.412829 -0.101858 2.493840 1.000000
0.011754 -0.131872 2.511023 1.000000
-0.205212 -0.113904 2.623100 0.000000
-0.453584 0.000967 2.529634 1.000000
0.092280 0.214264 2.276140 1.000000
-0.494225 -0.264579 2.439789 1.000000
0.121378 0.459921 2.138140 1.000000
-0.502968 -0.325531 2.409311 0.290865
0.119705 0.526055 2.119594 1.000000
-0.345858 -0.612466 2.490922 1.000000
-0.090584 -0.627063 2.503942 1.000000
-0.364849 -0.989899 2.609242 1.000000
-0.135282 -0.999527 2.630784 1.000000
-0.369009 -1.039722 2.449640 0.000000
-0.114837 -1.055232 2.474414 0.163462
-0.129245 0.509939 2.396827 1.000000
-0.357641 0.247450 2.511929 1.000000
-0.004247 0.203674 2.518916 0.826923
-0.172016 0.266913 2.420747 0.000000
-0.196443 0.100098 2.611036 0.000000
-0.414746 -0.105270 2.495459 1.000000
0.010353 -0.131351 2.504282 1.000000
-0.204391 -0.113262 2.620540 0.000000
-0.455928 -0.001587 2.522689 1.000000
0.092119 0.218192 2.269320 1.000000
-0.501553 -0.269187 2.440230 1.000000
0.122532 0.462817 2.128877 1.000000
-0.512380 -0.326762 2.404338 0.122596
0.112730 0.528440 2.111044 1.000000
-0.348972 -0.614501 2.492519 1.000000
-0.090612 -0.627701 2.502707 1.000000
-0.358615 -0.993336 2.607441 1.000000
-0.139444 -0.996519 2.638370 1.000000
-0.367240 -1.041622 2.447546 0.000000
-0.120203 -1.056112 2.483285 0.250000
-0.132276 0.511036 2.400679 1.000000
-0.360476 0.246829 2.509444 1.000000
-0.006676 0.204408 2.517912 0.788462
-0.174734 0.265348 2.418305 0.000000
-0.198965 0.101815 2.611446 0.000000
-0.416193 -0.106512 2.495496 1.000000
0.009011 -0.130216 2.505846 1.000000
-0.206251 -0.113397 2.621334 0.000000
-0.460263 -0.001820 2.524397 1.000000
0.089812 0.212539 2.267649 1.000000
-0.506305 -0.269188 2.439998 1.000000
0.121134 0.459021 2.129829 1.000000
-0.506435 -0.331768 2.411643 0.290865
0.105885 0.519799 2.101654 1.000000
-0.349081 -0.615204 2.494422 1.000000
-0.091512 -0.627304 2.504752 1.000000
-0.359837 -0.995025 2.605942 1.000000
-0.140358 -0.996762 2.638658 1.000000
-0.367204 -1.041904 2.445566 0.000000
-0.120888 -1.055634 2.483327 0.278846
-0.138283 0.508960 2.388273 1.000000
-0.362008 0.250945 2.514062 1.000000
-0.006706 0.207152 2.519409 0.894231
-0.176710 0.271534 2.422465 0.000000
-0.200361 0.102668 2.611035 0.000000
-0.417101 -0.105294 2.497453 1.000000
0.008244 -0.127045 2.506159 1.000000
-0.206683 -0.111948 2.622506 0.000000
-0.459439 0.001924 2.523791 1.000000
0.092931 0.203631 2.271097 1.000000
-0.505470 -0.266716 2.446434 1.000000
0.112171 0.447822 2.128721 1.000000
-0.507137 -0.325361 2.410680 0.391827
0.113666 0.507126 2.094064 1.000000
-0.347167 -0.613688 2.492484 1.000000
-0.089797 -0.624581 2.505409 1.000000
-0.361609 -0.993194 2.604653 1.000000
-0.139887 -0.995338 2.635202 1.000000
-0.368677 -1.040311 2.444332 0.000000
-0.120371 -1.052565 2.479264 0.187500
-0.144449 0.515967 2.403984 1.000000
-0.359115 0.249821 2.504084 1.000000
-0.002333 0.213442 2.535439 0.923077
-0.168134 0.274455 2.426182 0.000000
-0.201804 0.104952 2.612647 0.000000
-0.410482 -0.100705 2.482385 1.000000
0.013016 -0.128629 2.518956 1.000000
-0.208743 -0.109006 2.620917 0.000000
-0.457143 0.001320 2.527850 1.000000
0.088799 0.135832 2.295442 1.000000
-0.505958 -0.265702 2.444458 1.000000
0.102517 0.366837 2.130862 1.000000
-0.484365 -0.329394 2.430402 0.290865
0.107446 0.424008 2.093079 1.000000
-0.346320 -0.610417 2.492339 1.000000
-0.096127 -0.624916 2.511609 1.000000
-0.359287 -0.984280 2.622241 1.000000
-0.128061 -1.003167 2.624402 1.000000
-0.359438 -1.039169 2.464255 0.216346
-0.106340 -1.052237 2.465995 0.072115
-0.153865 0.521285 2.408248 1.000000
-0.361466 0.245456 2.504854 1.000000
-0.003975 0.219394 2.538335 0.000000
-0.170742 0.278278 2.429380 0.000000
-0.200531 0.102546 2.610666 0.000000
-0.411322 -0.099808 2.477174 1.000000
0.011911 -0.126207 2.517720 1.000000
-0.210889 -0.107752 2.617608 0.000000
-0.460088 -0.002938 2.540429 1.000000
0.083017 0.069389 2.331883 1.000000
-0.502196 -0.271605 2.453600 1.000000
0.088600 0.267704 2.126617 1.000000
-0.489635 -0.330297 2.420166 0.492788
0.085163 0.316707 2.078582 1.000000
-0.348088 -0.608945 2.491257 1.000000
-0.095396 -0.622892 2.509157 1.000000
-0.358472 -0.981300 2.625645 1.000000
-0.134061 -0.996243 2.635368 1.000000
-0.358293 -1.038082 2.468329 0.245192
-0.109202 -1.051514 2.479485 0.153846
-0.175484 0.526179 2.411090 1.000000
-0.390869 0.230703 2.535581 1.000000
-0.031364 0.239474 2.518876 1.000000
-0.216550 0.284512 2.436249 0.000000
-0.203903 0.101599 2.612364 0.000000
-0.413341 -0.097939 2.506805 0.932692
0.011521 -0.121539 2.486751 1.000000
-0.195160 -0.108741 2.617432 0.000000
-0.460492 -0.033151 2.542454 1.000000
0.029822 -0.013698 2.437183 1.000000
-0.493328 -0.300250 2.437017 1.000000
0.031464 0.015217 2.149609 0.000000
-0.491862 -0.363306 2.409773 0.240385
0.032764 0.035046 2.083841 1.000000
-0.350302 -0.606075 2.494274 1.000000
-0.099887 -0.619045 2.505279 1.000000
-0.358804 -0.986325 2.604518 1.000000
-0.135271 -0.989510 2.640631 1.000000
-0.377771 -1.032205 2.444806 0.000000
-0.132760 -1.047110 2.483632 0.331731
-0.209839 0.516738 2.398018 1.000000
-0.398546 0.233761 2.540382 1.000000
-0.039829 0.233315 2.510017 1.000000
-0.226794 0.283375 2.434602 0.000000
-0.212201 0.099637 2.609705 0.000000
-0.422975 -0.106746 2.509983 0.903846
0.002438 -0.114078 2.489088 0.855769
-0.204363 -0.111609 2.620180 0.000000
-0.464570 -0.030988 2.555855 1.000000
0.036455 -0.026457 2.472739 1.000000
-0.488613 -0.302492 2.458673 1.000000
0.006344 -0.115602 2.199092 0.644231
-0.488078 -0.360479 2.495518 0.358173
-0.001222 -0.175101 2.165579 1.000000
-0.348880 -0.611109 2.493286 1.000000
-0.099861 -0.616185 2.504275 1.000000
-0.361820 -0.990260 2.606833 1.000000
-0.138876 -0.986243 2.639742 1.000000
-0.379068 -1.037446 2.447307 0.000000
-0.134159 -1.044152 2.482908 0.331731
-0.230801 0.511764 2.390340 1.000000
-0.407969 0.229973 2.539972 1.000000
-0.049576 0.234256 2.506257 1.000000
-0.237925 0.280733 2.432000 0.000000
-0.219092 0.099363 2.609154 0.000000
-0.431945 -0.113201 2.513764 0.701923
-0.006960 -0.111559 2.484582 0.855769
-0.211171 -0.114218 2.619669 0.000000
-0.471954 -0.034891 2.560675 1.000000
0.031034 -0.026297 2.489226 1.000000
-0.488824 -0.312617 2.481279 1.000000
-0.007946 -0.208156 2.267578 1.000000
-0.499101 -0.375637 2.455917 0.088942
-0.005191 -0.265511 2.229852 0.879808
-0.351977 -0.615404 2.494829 1.000000
-0.104634 -0.615970 2.505512 1.000000
-0.361751 -0.993954 2.610676 1.000000
-0.139756 -0.986468 2.640840 1.000000
-0.381374 -1.042095 2.451711 0.000000
-0.138081 -1.043987 2.483801 0.269231
-0.250433 0.513586 2.392051 1.000000
-0.423115 0.217818 2.543366 1.000000
-0.065801 0.236991 2.503885 1.000000
-0.257086 0.276390 2.433125 0.000000
-0.227970 0.094425 2.608267 0.000000
-0.445741 -0.119543 2.516483 0.634615
-0.021152 -0.113825 2.482452 0.913462
-0.223804 -0.116055 2.619875 0.000000
-0.484511 -0.049132 2.560328 1.000000
0.016724 -0.023970 2.483673 1.000000
-0.488831 -0.328049 2.478914 1.000000
-0.007213 -0.279696 2.347759 1.000000
-0.488771 -0.394345 2.496948 0.290865
-0.004230 -0.347632 2.337956 0.829327
-0.355670 -0.621553 2.500910 1.000000
-0.111312 -0.618835 2.510888 1.000000
-0.359320 -0.998377 2.622593 1.000000
-0.124665 -0.997631 2.625569 1.000000
-0.379160 -1.049234 2.464503 0.033654
-0.128718 -1.045948 2.465502 0.134615
-0.271100 0.510844 2.396643 1.000000
-0.434853 0.218898 2.546443 1.000000
-0.078548 0.236796 2.498214 1.000000
-0.271417 0.274494 2.430912 0.000000
-0.238269 0.097080 2.609963 0.000000
-0.456749 -0.123098 2.523672 0.615385
-0.033049 -0.112949 2.480750 0.951923
-0.232784 -0.115616 2.622373 0.000000
-0.496357 -0.049424 2.557550 1.000000
0.006162 -0.024693 2.479490 1.000000
-0.494993 -0.331115 2.481763 1.000000
-0.013254 -0.299051 2.382299 1.000000
-0.477093 -0.397160 2.475586 0.189904
0.007529 -0.363770 2.372308 0.560096
-0.357865 -0.624371 2.502567 1.000000
-0.111445 -0.618527 2.507983 1.000000
-0.361978 -1.005133 2.611283 1.000000
-0.133851 -0.992540 2.636155 1.000000
-0.382680 -1.050492 2.451638 0.000000
-0.134899 -1.046703 2.477922 0.245192
-0.280337 0.512308 2.394293 1.000000
-0.441580 0.215703 2.548917 1.000000
-0.085720 0.235806 2.498331 1.000000
-0.279239 0.273588 2.432969 0.000000
-0.244019 0.093877 2.609313 0.000000
-0.460996 -0.122754 2.522675 0.913462
-0.037314 -0.115104 2.479063 0.942308
-0.236872 -0.114582 2.620959 0.000000
-0.500961 -0.052672 2.561855 1.000000
0.000608 -0.024701 2.478278 1.000000
-0.504007 -0.333202 2.483225 1.000000
-0.014051 -0.304271 2.397562 1.000000
-0.505403 -0.398914 2.463216 0.072115
0.001939 -0.370926 2.392893 0.661058
-0.358100 -0.625116 2.511087 1.000000
-0.115549 -0.619915 2.507906 1.000000
-0.361519 -1.007372 2.614453 1.000000
-0.137466 -0.991341 2.643473 1.000000
-0.381339 -1.050557 2.454095 0.000000
-0.137697 -1.048673 2.486356 0.360577
-0.288308 0.509815 2.393999 1.000000
-0.451900 0.212963 2.544358 1.000000
-0.095909 0.234848 2.495458 1.000000
-0.289326 0.268745 2.427707 0.000000
-0.253630 0.094951 2.609793 0.000000
-0.469660 -0.124479 2.520135 0.913462
-0.046140 -0.117263 2.474903 0.980769
-0.245215 -0.113711 2.617433 0.000000
-0.509158 -0.056583 2.562225 1.000000
-0.006667 -0.026267 2.485119 1.000000
-0.507423 -0.334790 2.472308 1.000000
-0.016408 -0.306009 2.400638 1.000000
-0.483777 -0.396083 2.452196 0.257212
-0.023332 -0.373886 2.408714 0.711538
-0.356301 -0.627346 2.514197 1.000000
-0.116428 -0.620815 2.510430 1.000000
-0.357295 -1.009633 2.617503 1.000000
-0.138494 -0.991933 2.646815 1.000000
-0.375739 -1.052953 2.457017 0.000000
-0.137238 -1.049688 2.489858 0.413462
-0.292002 0.506374 2.382136 1.000000
-0.451179 0.211956 2.538642 1.000000
-0.094081 0.233906 2.498656 1.000000
-0.285749 0.267586 2.426003 0.000000
-0.254568 0.094158 2.609263 0.000000
-0.471238 -0.118626 2.525118 0.971154
-0.047448 -0.122017 2.482013 0.894231
-0.247092 -0.115634 2.623646 0.000000
-0.511490 -0.057163 2.558908 1.000000
-0.008264 -0.028459 2.482112 1.000000
-0.508543 -0.334420 2.464808 1.000000
-0.016561 -0.306904 2.391921 1.000000
-0.486522 -0.397308 2.481562 0.307692
-0.036852 -0.366503 2.419428 0.913462
-0.356602 -0.624755 2.511638 1.000000
-0.115856 -0.622055 2.511029 1.000000
-0.358736 -1.007852 2.611876 1.000000
-0.137522 -0.993925 2.645414 1.000000
-0.375408 -1.049891 2.450856 0.000000
-0.134038 -1.050934 2.488219 0.399038
-0.289980 0.509594 2.388879 1.000000
-0.455332 0.213647 2.538168 1.000000
-0.098052 0.235656 2.499870 1.000000
-0.289381 0.269401 2.426359 0.000000
-0.259045 0.095786 2.609584 0.000000
-0.472875 -0.121820 2.527731 0.932692
-0.049854 -0.116616 2.477799 0.855769
-0.247260 -0.115252 2.622668 0.000000
-0.514396 -0.055872 2.559359 1.000000
-0.011416 -0.026466 2.480778 1.000000
-0.510071 -0.330709 2.457882 1.000000
-0.017601 -0.299353 2.374260 1.000000
-0.478491 -0.389017 2.475861 0.408654
-0.039384 -0.356089 2.406306 0.644231
-0.356976 -0.625383 2.506674 1.000000
-0.117630 -0.619189 2.512542 1.000000
-0.360230 -1.006174 2.615316 1.000000
-0.137162 -0.993230 2.641104 1.000000
-0.379045 -1.051621 2.455463 0.000000
-0.138358 -1.047536 2.482921 0.317308
-0.291698 0.508509 2.384997 1.000000
-0.453565 0.218410 2.540505 1.000000
-0.096094 0.232842 2.500430 1.000000
-0.287011 0.271790 2.428435 0.000000
-0.259604 0.095288 2.609349 0.000000
-0.472361 -0.118531 2.524565 0.990385
-0.048874 -0.117757 2.478471 0.894231
-0.247566 -0.113326 2.621509 0.000000
-0.514974 -0.050823 2.549900 1.000000
-0.009699 -0.028278 2.474010 1.000000
-0.504853 -0.327992 2.456805 1.000000
-0.027006 -0.305091 2.380914 1.000000
-0.487838 -0.394256 2.450481 0.257212
-0.010613 -0.366020 2.353724 0.475962
-0.353718 -0.623375 2.502383 1.000000
-0.117224 -0.619052 2.511039 1.000000
-0.364959 -1.004327 2.609925 1.000000
-0.135819 -0.993962 2.637184 1.000000
-0.380558 -1.049141 2.449548 0.000000
-0.135842 -1.047297 2.478666 0.278846
-0.293310 0.508269 2.385248 1.000000
-0.453085 0.217974 2.539783 1.000000
-0.095341 0.234526 2.503109 1.000000
-0.285777 0.274566 2.430445 0.000000
-0.259286 0.093870 2.607309 0.000000
-0.468371 -0.117137 2.518219 0.875000
-0.044254 -0.117794 2.478324 0.923077
-0.245003 -0.112214 2.618421 0.000000
-0.511517 -0.052221 2.549768 1.000000
-0.008551 -0.026835 2.477080 1.000000
-0.499585 -0.325963 2.446283 1.000000
-0.017512 -0.299485 2.370460 1.000000
-0.487374 -0.387712 2.473822 0.341346
-0.035468 -0.365107 2.380040 0.795673
-0.355280 -0.622399 2.504399 1.000000
-0.115699 -0.618880 2.512262 1.000000
-0.363010 -1.002987 2.613529 1.000000
-0.136914 -0.993547 2.638716 1.000000
-0.378267 -1.048608 2.453346 0.000000
-0.135353 -1.047108 2.480282 0.355769
-0.287001 0.510713 2.392013 1.000000
-0.452040 0.216673 2.538771 1.000000
-0.095146 0.236299 2.495858 1.000000
-0.287178 0.271778 2.425045 0.000000
-0.255689 0.097057 2.607021 0.000000
-0.468405 -0.115710 2.519123 0.951923
-0.044361 -0.117301 2.478484 0.884615
-0.244850 -0.111290 2.618933 0.000000
-0.511703 -0.053508 2.541464 1.000000
-0.008446 -0.025863 2.477997 1.000000
-0.496106 -0.328593 2.441855 1.000000
-0.015449 -0.298375 2.370640 1.000000
-0.491270 -0.379745 2.487467 0.459135
-0.032597 -0.362969 2.386576 0.492788
-0.355128 -0.621224 2.502681 1.000000
-0.116600 -0.618314 2.510160 1.000000
-0.361678 -1.001436 2.613188 1.000000
-0.128847 -0.995803 2.629187 1.000000
-0.377138 -1.047669 2.453201 0.000000
-0.130027 -1.046062 2.469671 0.125000
-0.285901 0.515188 2.393674 1.000000
-0.449704 0.219517 2.536340 1.000000
-0.092472 0.233596 2.494063 1.000000
-0.283806 0.271917 2.422843 0.000000
-0.255340 0.096998 2.605125 0.000000
-0.466153 -0.115776 2.519394 0.865385
-0.042323 -0.119848 2.476749 0.961538
-0.242103 -0.111880 2.618109 0.000000
-0.510071 -0.050755 2.537773 1.000000
-0.006274 -0.028241 2.467525 1.000000
-0.492666 -0.329486 2.448405 1.000000
-0.020857 -0.306230 2.375383 1.000000
-0.484999 -0.393577 2.424870 0.274038
-0.025358 -0.368173 2.404763 0.459135
-0.357102 -0.621861 2.501570 1.000000
-0.115660 -0.620183 2.510091 1.000000
-0.359967 -1.002686 2.610106 1.000000
-0.136299 -0.994484 2.637718 1.000000
-0.377387 -1.048156 2.450101 0.000000
-0.135797 -1.048485 2.479426 0.230769
-0.283523 0.514177 2.389724 1.000000
-0.451296 0.219743 2.537311 1.000000
-0.094194 0.235503 2.494537 1.000000
-0.285796 0.273501 2.423868 0.000000
-0.256334 0.097578 2.605022 0.000000
-0.466719 -0.117541 2.516429 0.721154
-0.042380 -0.116824 2.478976 0.913462
-0.243956 -0.110579 2.617851 0.000000
-0.511484 -0.050431 2.540087 1.000000
-0.006027 -0.026084 2.473960 1.000000
-0.488541 -0.324659 2.439205 1.000000
-0.024383 -0.300941 2.373854 1.000000
-0.488267 -0.379115 2.481096 0.408654
-0.012687 -0.368078 2.382586 0.408654
-0.357740 -0.622142 2.499293 1.000000
-0.116223 -0.618887 2.507958 1.000000
-0.358846 -1.001754 2.612031 1.000000
-0.136117 -0.990626 2.642977 1.000000
-0.375050 -1.049101 2.452443 0.000000
-0.132895 -1.047865 2.485859 0.427885
-0.283290 0.511294 2.380563 1.000000
-0.449086 0.217517 2.536165 1.000000
-0.092502 0.234301 2.489627 1.000000
-0.284975 0.270042 2.420156 0.000000
-0.252842 0.097586 2.604168 0.000000
-0.466085 -0.120221 2.515602 0.951923
-0.041510 -0.119826 2.480909 0.826923
-0.243971 -0.115482 2.618564 0.000000
-0.509743 -0.053064 2.541828 1.000000
-0.007592 -0.029413 2.476558 1.000000
-0.498183 -0.331520 2.449254 1.000000
-0.022508 -0.304160 2.373927 1.000000
-0.490044 -0.397049 2.430278 0.223558
-0.034652 -0.361523 2.409738 0.711538
-0.358895 -0.624871 2.496685 1.000000
-0.113378 -0.621555 2.506785 1.000000
-0.360189 -1.004339 2.609900 1.000000
-0.123872 -1.000240 2.622123 1.000000
-0.375830 -1.051898 2.450319 0.000000
-0.123199 -1.048987 2.462137 0.019231
-0.283168 0.509339 2.380107 1.000000
