-0.389976 0.329594 2.685086 1.000000
0.062969 0.291611 2.628858 1.000000
-0.171510 0.373073 2.550275 0.125000
-0.161667 0.178153 2.761240 0.000000
-0.367584 -0.023170 2.651808 0.605769
0.041792 -0.032095 2.602707 0.951923
-0.145293 -0.027655 2.774023 0.000000
-0.422310 0.063979 2.686204 1.000000
0.122932 0.057726 2.744184 1.000000
-0.407913 -0.220621 2.608013 1.000000
0.061541 -0.079910 2.490007 1.000000
-0.381904 -0.301687 2.636406 0.088942
0.054765 -0.168063 2.474597 0.560096
-0.261007 -0.648907 2.678941 1.000000
-0.012592 -0.643773 2.692892 1.000000
-0.256172 -1.138362 2.765074 0.512981
-0.016691 -1.138706 2.737980 1.000000
-0.284612 -1.177340 2.545180 0.000000
-0.040566 -1.158819 2.515030 0.000000
-0.115017 0.431981 2.352793 0.254808
-0.391377 0.355126 2.677109 1.000000
0.061008 0.295380 2.637839 1.000000
-0.166675 0.385224 2.549067 0.139423
-0.172977 0.195612 2.764947 0.000000
-0.376125 -0.026081 2.643122 0.548077
0.034591 -0.022897 2.605953 1.000000
-0.157459 -0.022642 2.771743 0.000000
-0.424054 0.090357 2.692433 1.000000
0.120039 0.059523 2.748706 1.000000
-0.420745 -0.194804 2.616573 1.000000
0.052693 -0.047371 2.482021 1.000000
-0.359870 -0.260715 2.614484 0.391827
0.037856 -0.132267 2.456983 0.593750
-0.257261 -0.647473 2.684758 1.000000
-0.012022 -0.637339 2.694966 1.000000
-0.278841 -1.143306 2.711070 0.984856
-0.020262 -1.132868 2.732271 1.000000
-0.298480 -1.154338 2.487075 0.000000
-0.035695 -1.149473 2.508291 0.000000
-0.105111 0.449142 2.360013 0.177885
-0.392855 0.348054 2.674873 1.000000
0.059815 0.286824 2.641637 1.000000
-0.166330 0.377632 2.549961 0.240385
-0.176219 0.187609 2.765346 0.000000
-0.372916 -0.040503 2.638945 0.788462
0.038090 -0.028641 2.607128 0.942308
-0.156131 -0.030347 2.770362 0.000000
-0.424065 0.083652 2.694026 1.000000
0.108984 0.038024 2.724886 1.000000
-0.409572 -0.200645 2.617492 1.000000
0.055949 -0.013667 2.439565 1.000000
-0.382490 -0.283009 2.640668 0.240385
0.041588 -0.093324 2.400799 0.711538
-0.257401 -0.658251 2.690833 1.000000
-0.011340 -0.646290 2.696962 1.000000
-0.282708 -1.154158 2.711914 1.000000
-0.022691 -1.142753 2.717080 1.000000
-0.298617 -1.162885 2.487521 0.000000
-0.035122 -1.151570 2.492472 0.000000
-0.098115 0.417960 2.359561 0.000000
-0.395541 0.354413 2.657307 1.000000
0.057400 0.286533 2.657986 1.000000
-0.160126 0.379069 2.548846 0.182692
-0.188431 0.192367 2.765499 0.000000
-0.367196 -0.037458 2.623986 0.923077
0.045207 -0.037516 2.622289 1.000000
-0.160386 -0.031626 2.770838 0.000000
-0.423059 0.090980 2.687556 1.000000
0.085627 0.035228 2.742355 0.030769
-0.406214 -0.198436 2.636298 1.000000
0.090442 0.093780 2.453874 0.134615
-0.397315 -0.246020 2.560727 0.762019
0.089582 0.084459 2.364617 1.000000
-0.262389 -0.658066 2.691081 1.000000
-0.014990 -0.653012 2.699597 1.000000
-0.278938 -1.154091 2.717420 1.000000
-0.018445 -1.149116 2.729216 1.000000
-0.279409 -1.166013 2.492611 0.000000
-0.016494 -1.162545 2.504500 0.000000
-0.087468 0.430725 2.361351 0.206731
-0.401783 0.352693 2.652824 1.000000
0.051122 0.285448 2.663745 1.000000
-0.163698 0.380000 2.551032 0.182692
-0.197215 0.188653 2.762833 0.000000
-0.368326 -0.045672 2.618378 1.000000
0.043969 -0.042046 2.627271 1.000000
-0.165431 -0.036046 2.770399 0.000000
-0.427397 0.088678 2.691578 1.000000
0.090761 0.020682 2.677524 1.000000
-0.414941 -0.196305 2.612398 1.000000
0.159128 0.240660 2.491579 1.000000
-0.383604 -0.238422 2.539607 0.543269
0.172621 0.277295 2.410769 0.038462
-0.261468 -0.665177 2.689240 1.000000
-0.015427 -0.658859 2.700387 1.000000
-0.281587 -1.161010 2.716685 1.000000
-0.011012 -1.155654 2.713919 1.000000
-0.276020 -1.173673 2.491986 0.000000
-0.004251 -1.161721 2.488977 0.000000
-0.085715 0.392686 2.362651 0.298077
-0.375221 0.393132 2.648571 1.000000
0.079252 0.340630 2.670064 0.000000
-0.136277 0.423332 2.549649 0.451923
-0.167770 0.240604 2.769229 0.000000
-0.360699 -0.016321 2.616171 0.884615
0.051367 -0.017481 2.632880 0.951923
-0.160628 -0.009766 2.772050 0.000000
-0.420434 0.129659 2.685589 1.000000
0.095790 0.072404 2.645292 1.000000
-0.419101 -0.158124 2.608109 1.000000
0.162880 0.311120 2.479952 1.000000
-0.387100 -0.230406 2.565616 0.812500
0.140806 0.366767 2.413090 1.000000
-0.264134 -0.636937 2.688742 1.000000
-0.016393 -0.634675 2.695346 1.000000
-0.280605 -1.133295 2.707894 1.000000
-0.022188 -1.130580 2.727793 1.000000
-0.271053 -1.142283 2.483151 0.000000
-0.010094 -1.145398 2.503481 0.000000
-0.097612 0.427563 2.348576 0.000000
-0.390854 0.309786 2.646274 1.000000
0.066706 0.317083 2.664983 1.000000
-0.158603 0.373490 2.547313 0.197115
-0.164367 0.183112 2.762534 0.000000
-0.356187 -0.023459 2.621223 0.653846
0.056034 -0.034762 2.626230 0.884615
-0.151752 -0.024789 2.771471 0.000000
-0.418238 0.039169 2.678982 1.000000
0.260687 0.197785 2.512692 1.000000
-0.395386 -0.234516 2.552071 1.000000
0.126050 0.465552 2.471387 1.000000
-0.388396 -0.315694 2.514447 0.000000
0.119546 0.551578 2.446657 1.000000
-0.264323 -0.647403 2.686080 1.000000
-0.017928 -0.648380 2.698365 1.000000
-0.278156 -1.139289 2.755831 1.000000
-0.017464 -1.144667 2.724970 1.000000
-0.276905 -1.170930 2.532944 0.000000
-0.013995 -1.156714 2.500194 0.000000
-0.079972 0.455496 2.359892 0.000000
-0.388802 0.298659 2.654571 1.000000
0.068725 0.297840 2.633775 1.000000
-0.164939 0.354970 2.534129 0.105769
-0.155232 0.171240 2.754914 0.000000
-0.353131 -0.045570 2.632538 0.461538
0.058639 -0.056617 2.612472 0.942308
-0.139839 -0.042706 2.769898 0.000000
-0.420628 0.024802 2.668054 1.000000
0.294809 0.280612 2.476352 1.000000
-0.373418 -0.248607 2.541802 1.000000
0.094929 0.509779 2.497605 1.000000
-0.358993 -0.328062 2.502644 0.000000
0.097983 0.599414 2.494342 1.000000
-0.263227 -0.668981 2.693124 1.000000
-0.012777 -0.668525 2.705186 1.000000
-0.278320 -1.164914 2.721952 1.000000
-0.020443 -1.165175 2.722183 1.000000
-0.289652 -1.177618 2.497472 0.000000
-0.030228 -1.172717 2.497397 0.000000
-0.074185 0.491567 2.369152 0.245192
-0.382681 0.312876 2.670332 1.000000
0.066329 0.285381 2.626094 1.000000
-0.161904 0.361396 2.541121 0.052885
-0.153063 0.166403 2.752063 0.000000
-0.354651 -0.049783 2.645512 0.451923
0.054430 -0.063018 2.594951 1.000000
-0.131695 -0.046148 2.766538 0.000000
-0.417896 0.041165 2.663732 1.000000
0.278688 0.353349 2.466737 1.000000
-0.378805 -0.238576 2.555017 1.000000
0.063659 0.563169 2.503347 1.000000
-0.366416 -0.320853 2.521382 0.000000
0.048781 0.651655 2.501534 1.000000
-0.259957 -0.675140 2.686451 1.000000
-0.008343 -0.671379 2.709811 1.000000
-0.280991 -1.170638 2.718819 0.956731
-0.029752 -1.167911 2.712346 1.000000
-0.308944 -1.184017 2.495837 0.000000
-0.054549 -1.167983 2.488590 0.000000
-0.071689 0.519581 2.393118 0.057692
-0.388395 0.339443 2.690817 1.000000
0.042810 0.269459 2.611379 1.000000
-0.175971 0.364012 2.542276 0.048077
-0.167343 0.173309 2.757113 0.000000
-0.344503 -0.039541 2.657296 0.230769
0.059780 -0.071008 2.582168 1.000000
-0.114934 -0.049394 2.764863 0.000000
-0.412994 0.066317 2.665832 1.000000
0.229620 0.411060 2.466886 1.000000
-0.370696 -0.217790 2.565982 1.000000
0.056378 0.660752 2.456082 1.000000
-0.357598 -0.301222 2.535620 0.000000
0.051798 0.726068 2.517461 0.879808
-0.253549 -0.670905 2.685660 1.000000
-0.005179 -0.672567 2.708071 1.000000
-0.292587 -1.165073 2.721474 1.000000
-0.026883 -1.168951 2.719927 1.000000
-0.333246 -1.177882 2.500422 0.000000
-0.067533 -1.172462 2.498530 0.000000
-0.073949 0.516236 2.392160 0.187500
-0.374615 0.347633 2.676840 1.000000
0.053566 0.269217 2.602994 1.000000
-0.160915 0.364319 2.529036 0.076923
-0.156508 0.180430 2.749859 0.000000
-0.347828 -0.033679 2.657365 0.548077
0.057506 -0.057408 2.585114 1.000000
-0.119024 -0.041911 2.766682 0.000000
-0.412495 0.073043 2.669027 1.000000
0.199948 0.449502 2.451450 1.000000
-0.381499 -0.213515 2.565572 1.000000
0.074010 0.728122 2.434424 1.000000
-0.372054 -0.297382 2.535050 0.000000
0.093506 0.801509 2.482263 0.980769
-0.260034 -0.663294 2.675594 1.000000
-0.005986 -0.662294 2.704283 1.000000
-0.294266 -1.155463 2.735645 1.000000
-0.032949 -1.158322 2.719709 1.000000
-0.334824 -1.179501 2.515512 0.000000
-0.070020 -1.163210 2.497711 0.000000
-0.066064 0.528401 2.390701 0.221154
-0.363683 0.402061 2.692376 1.000000
0.034178 0.269612 2.575768 1.000000
-0.169698 0.384355 2.519608 0.274038
-0.158940 0.213461 2.750425 0.000000
-0.341100 -0.023202 2.677861 0.423077
0.051319 -0.052979 2.554573 1.000000
-0.100329 -0.034157 2.757102 0.000000
-0.412309 0.129183 2.680222 1.000000
0.162246 0.479367 2.447019 1.000000
-0.380897 -0.160522 2.585567 1.000000
0.152480 0.757210 2.318246 1.000000
-0.406018 -0.226299 2.529919 0.375000
0.140700 0.839135 2.352943 1.000000
-0.255129 -0.654750 2.680509 1.000000
-0.005858 -0.653631 2.700630 1.000000
-0.291145 -1.149062 2.717483 0.981731
-0.030546 -1.149799 2.715374 0.972356
-0.359149 -1.160139 2.503160 0.000000
-0.097539 -1.152851 2.500469 0.000000
-0.073104 0.531509 2.363285 0.052885
-0.353829 0.415352 2.724366 1.000000
-0.004113 0.234465 2.556277 1.000000
-0.191771 0.371653 2.525320 0.182692
-0.168725 0.201825 2.756024 0.000000
-0.339210 -0.023759 2.703054 0.230769
0.028567 -0.055807 2.519229 1.000000
-0.088901 -0.034383 2.743086 0.000000
-0.412005 0.144535 2.674255 1.000000
0.101452 0.482401 2.474903 1.000000
-0.391146 -0.159254 2.611705 1.000000
0.171076 0.716282 2.282324 1.000000
-0.378834 -0.228432 2.555873 0.930288
0.169875 0.798046 2.245343 1.000000
-0.257457 -0.656690 2.668153 1.000000
-0.004349 -0.649784 2.701954 1.000000
-0.297575 -1.150228 2.710804 1.000000
-0.024769 -1.145771 2.726203 1.000000
-0.395528 -1.159764 2.508331 0.000000
-0.125869 -1.151440 2.525137 0.000000
-0.073489 0.478394 2.346401 0.557692
-0.319965 0.439187 2.729781 1.000000
0.008076 0.232804 2.534752 1.000000
-0.180801 0.378990 2.518117 0.471154
-0.140794 0.219706 2.753966 0.000000
-0.340969 -0.011006 2.724131 0.125000
0.005038 -0.060688 2.505295 1.000000
-0.088513 -0.031157 2.739273 0.000000
-0.398885 0.171014 2.686805 1.000000
0.069848 0.502894 2.477939 1.000000
-0.390068 -0.135671 2.628313 1.000000
0.165958 0.677556 2.237500 1.000000
-0.378469 -0.200840 2.567709 1.000000
0.179683 0.737966 2.172565 1.000000
-0.251153 -0.649389 2.663106 1.000000
0.000363 -0.643075 2.704100 1.000000
-0.295711 -1.140393 2.725861 1.000000
-0.032122 -1.138466 2.727379 0.959856
-0.388509 -1.158089 2.521517 0.000000
-0.153150 -1.139449 2.537556 0.000000
-0.122604 0.484068 2.317949 0.000000
-0.367156 0.368560 2.723788 1.000000
0.021039 0.241931 2.574582 1.000000
-0.175014 0.378134 2.548340 0.341346
-0.174353 0.159865 2.735304 0.000000
-0.339830 -0.017071 2.685046 0.000000
0.046782 -0.062100 2.548728 1.000000
-0.097389 -0.039771 2.756299 0.000000
-0.412308 0.090121 2.690489 1.000000
0.086218 0.478122 2.430913 1.000000
-0.377510 -0.208916 2.602430 1.000000
0.171636 0.632653 2.171659 1.000000
-0.413994 -0.252538 2.533001 0.307692
0.184704 0.679884 2.096473 1.000000
-0.249826 -0.654279 2.663268 1.000000
0.001396 -0.655970 2.694655 1.000000
-0.271571 -1.145769 2.733790 0.787981
-0.026282 -1.150236 2.738746 1.000000
-0.329501 -1.174154 2.518106 0.000000
-0.100165 -1.165022 2.526605 0.000000
-0.069444 0.479706 2.376092 1.000000
-0.346701 0.411927 2.710167 1.000000
0.035160 0.269832 2.538743 1.000000
-0.177746 0.391282 2.513139 0.182692
-0.140127 0.218792 2.739919 0.000000
-0.336941 -0.016933 2.700718 0.000000
0.035146 -0.051135 2.526190 1.000000
-0.087972 -0.031905 2.747192 0.000000
-0.402297 0.130782 2.706915 1.000000
0.172303 0.395113 2.320476 1.000000
-0.378639 -0.170887 2.614093 1.000000
0.180132 0.552633 2.046057 1.000000
-0.360643 -0.248049 2.656242 0.475962
0.135676 0.616066 2.000732 0.610577
-0.246617 -0.651047 2.668647 1.000000
0.002433 -0.645820 2.695472 1.000000
-0.290948 -1.143142 2.722366 0.897356
-0.027266 -1.141497 2.716230 0.978606
-0.376025 -1.158172 2.514478 0.000000
-0.121868 -1.144383 2.511967 0.000000
0.096691 0.447076 2.409849 1.000000
-0.326484 0.399096 2.718391 1.000000
0.091401 0.317546 2.556079 1.000000
-0.143972 0.421659 2.534075 0.000000
-0.102268 0.225544 2.739980 0.000000
-0.336481 -0.010349 2.685004 0.000000
0.047528 -0.033571 2.536422 1.000000
-0.091061 -0.020488 2.748534 0.000000
-0.392165 0.120539 2.724045 1.000000
0.201640 0.310561 2.291998 1.000000
-0.389675 -0.181860 2.631958 1.000000
0.109550 0.488756 2.047669 1.000000
-0.368820 -0.253220 2.682230 0.560096
0.083964 0.539219 1.978004 0.000000
-0.253674 -0.640336 2.671455 1.000000
-0.005895 -0.636060 2.690474 1.000000
-0.282586 -1.133837 2.722740 0.931731
-0.024765 -1.130795 2.733944 1.000000
-0.364452 -1.150763 2.513712 0.000000
-0.104988 -1.146168 2.524160 0.000000
0.037362 0.570734 2.480786 0.995192
-0.295595 0.406549 2.661438 1.000000
0.151461 0.336283 2.590952 0.000000
-0.080369 0.428557 2.516573 0.067308
-0.074419 0.244814 2.737481 0.000000
-0.339603 0.017389 2.645709 0.125000
0.063531 -0.019492 2.566956 1.000000
-0.109387 0.002537 2.751302 0.000000
-0.391795 0.142693 2.727771 1.000000
0.178925 0.164755 2.360521 0.953846
-0.392452 -0.165166 2.645426 1.000000
0.084355 0.356545 2.124235 1.000000
-0.367220 -0.241918 2.606351 0.694712
0.057893 0.409636 2.056889 0.000000
-0.255331 -0.615971 2.663264 1.000000
-0.008339 -0.622552 2.678157 1.000000
-0.269439 -1.108006 2.731907 1.000000
-0.018103 -1.115413 2.741411 1.000000
-0.311901 -1.137359 2.512780 0.000000
-0.061169 -1.142702 2.522135 0.000000
-0.097697 0.643707 2.422114 1.000000
-0.327308 0.374890 2.658706 1.000000
0.129457 0.346887 2.640120 0.000000
-0.098695 0.431994 2.547949 0.000000
-0.103778 0.220190 2.742140 0.000000
-0.335476 0.022760 2.622043 0.211538
0.072845 -0.018607 2.581531 1.000000
-0.116315 0.006184 2.748784 0.000000
-0.391441 0.102374 2.728934 1.000000
0.130047 0.079913 2.530418 0.476923
-0.392324 -0.199514 2.626643 1.000000
0.140364 0.230348 2.249591 1.000000
-0.374443 -0.270044 2.679180 0.307692
0.092449 0.243734 2.174896 1.000000
-0.260599 -0.610388 2.662278 1.000000
-0.014090 -0.621996 2.676697 1.000000
-0.264373 -1.102927 2.728606 1.000000
-0.021202 -1.114151 2.745552 1.000000
-0.289250 -1.132602 2.506837 0.000000
-0.044194 -1.144855 2.523719 0.000000
-0.108180 0.642687 2.461025 1.000000
-0.353238 0.355288 2.687576 1.000000
0.095786 0.337713 2.599076 1.000000
-0.146046 0.415341 2.541779 0.000000
-0.115452 0.207800 2.738216 0.000000
-0.341860 0.006026 2.655372 0.125000
0.058760 -0.002822 2.557883 1.000000
-0.106604 0.001373 2.750254 0.000000
-0.393669 0.073683 2.714504 1.000000
0.200557 0.071941 2.592021 0.446154
-0.388183 -0.230063 2.629071 1.000000
0.128741 0.170399 2.300921 0.701923
-0.395116 -0.314501 2.599465 0.021635
0.079868 0.149738 2.228540 0.947115
-0.262163 -0.618360 2.666093 1.000000
-0.016041 -0.616330 2.670663 1.000000
-0.265277 -1.110565 2.734892 1.000000
-0.018941 -1.102825 2.772265 0.309856
-0.321391 -1.140398 2.518923 0.000000
-0.068732 -1.147424 2.557293 0.000000
-0.093316 0.629169 2.457665 1.000000
-0.360907 0.369234 2.697609 1.000000
0.085836 0.336778 2.602051 1.000000
-0.153750 0.424308 2.549811 0.000000
-0.128052 0.212176 2.741999 0.000000
-0.346761 0.000839 2.655549 0.259615
0.055344 -0.018219 2.565955 1.000000
-0.113473 -0.006661 2.754997 0.000000
-0.395664 0.091081 2.699341 1.000000
0.113800 0.065937 2.668709 1.000000
-0.398742 -0.206282 2.613324 1.000000
0.139832 0.085737 2.360872 0.394231
-0.366909 -0.284596 2.583192 0.290865
0.091896 0.037786 2.302073 0.997596
-0.262620 -0.627062 2.669881 1.000000
-0.013252 -0.627652 2.677052 1.000000
-0.274158 -1.117582 2.749038 1.000000
-0.014187 -1.119540 2.748146 1.000000
-0.325443 -1.151328 2.532445 0.000000
-0.062007 -1.150919 2.530408 0.000000
-0.092379 0.633453 2.465873 1.000000
-0.365023 0.379047 2.692510 1.000000
0.084036 0.336587 2.613092 1.000000
-0.151583 0.429033 2.552023 0.000000
-0.137354 0.217202 2.745729 0.000000
-0.349750 0.004633 2.648893 0.125000
0.055144 -0.017887 2.573842 0.846154
-0.120343 -0.006265 2.756705 0.000000
-0.394745 0.101706 2.692835 1.000000
0.116922 0.071549 2.693558 1.000000
-0.404598 -0.194076 2.607396 1.000000
0.097679 -0.032872 2.404406 1.000000
-0.339915 -0.246303 2.573591 0.610577
0.092699 -0.063054 2.320034 0.000000
-0.262908 -0.624352 2.669604 1.000000
-0.015776 -0.626418 2.678160 1.000000
-0.265709 -1.116342 2.739932 1.000000
-0.013420 -1.118183 2.750072 1.000000
-0.309211 -1.147356 2.521238 0.000000
-0.053794 -1.150418 2.530955 0.000000
-0.087076 0.636711 2.469123 1.000000
-0.367539 0.391178 2.698476 1.000000
0.081005 0.338578 2.622284 1.000000
-0.150930 0.440858 2.562814 0.000000
-0.145541 0.220198 2.746871 0.000000
-0.362882 0.007454 2.647234 0.240385
0.044160 -0.008374 2.582856 0.596154
-0.136154 0.002712 2.760995 0.000000
-0.408726 0.117118 2.678403 1.000000
0.116157 0.072921 2.695761 1.000000
-0.412091 -0.184948 2.624506 1.000000
0.071823 -0.121097 2.462199 1.000000
-0.351384 -0.238680 2.586011 0.677885
0.059560 -0.176782 2.392894 0.000000
-0.258536 -0.620618 2.665818 1.000000
-0.014889 -0.618402 2.680041 1.000000
-0.266701 -1.111846 2.740900 0.997356
-0.019207 -1.110106 2.752275 1.000000
-0.302843 -1.144831 2.521157 0.000000
-0.050868 -1.142230 2.531715 0.000000
-0.082910 0.652849 2.491052 1.000000
-0.375411 0.391984 2.712591 1.000000
0.072064 0.339727 2.630133 1.000000
-0.159653 0.446035 2.577242 0.000000
-0.154214 0.217588 2.751540 0.000000
-0.374675 0.017450 2.657094 0.259615
0.031614 0.002100 2.588015 0.682692
-0.146882 0.006449 2.768264 0.000000
-0.426575 0.124257 2.669104 1.000000
0.105957 0.081196 2.720686 1.000000
-0.420832 -0.175033 2.611595 1.000000
0.055033 -0.170387 2.556286 1.000000
-0.360702 -0.227022 2.569930 0.963942
0.079784 -0.255186 2.540447 0.173077
-0.254931 -0.611392 2.661303 1.000000
-0.015698 -0.606056 2.684012 1.000000
-0.285176 -1.099775 2.748343 1.000000
-0.018948 -1.097888 2.755419 1.000000
-0.317421 -1.136931 2.528660 0.000000
-0.052097 -1.129667 2.535028 0.000000
-0.092071 0.659475 2.508299 1.000000
-0.378824 0.393182 2.702599 1.000000
0.070892 0.340714 2.633559 1.000000
-0.159322 0.446181 2.572977 0.000000
-0.158653 0.219479 2.749620 0.000000
-0.375085 0.018695 2.651645 0.326923
0.033025 0.000307 2.595189 0.634615
-0.150920 0.006310 2.769825 0.000000
-0.426406 0.124828 2.663875 1.000000
0.113521 0.086723 2.730764 1.000000
-0.422801 -0.174453 2.610654 1.000000
0.059489 -0.164406 2.568192 1.000000
-0.372433 -0.225576 2.556767 0.812500
0.081355 -0.239175 2.523630 0.105769
-0.253528 -0.611029 2.659800 1.000000
-0.013756 -0.607070 2.683596 1.000000
-0.273164 -1.097906 2.757645 0.987981
-0.019473 -1.099246 2.752437 1.000000
-0.296017 -1.141146 2.537897 0.000000
-0.045026 -1.129938 2.530883 0.000000
-0.096439 0.664675 2.510870 1.000000
