-0.307341 0.378346 2.693863 1.000000
0.048066 0.353723 2.729126 1.000000
-0.117191 0.411334 2.617673 0.000000
-0.149872 0.211168 2.807296 0.000000
-0.271157 -0.023490 2.658197 0.913462
0.008402 -0.008087 2.684861 1.000000
-0.144005 -0.000406 2.795038 0.000000
-0.364697 0.117131 2.671816 1.000000
0.097570 0.090086 2.721787 1.000000
-0.345794 -0.170147 2.638750 1.000000
0.094554 -0.193765 2.663493 1.000000
-0.336050 -0.236078 2.653571 0.997596
0.071339 -0.257957 2.664925 0.762019
-0.276421 -0.585774 2.692106 1.000000
-0.019638 -0.587231 2.714489 1.000000
-0.300158 -0.997639 2.802257 1.000000
-0.042803 -1.012181 2.749274 1.000000
-0.302478 -1.041012 2.639581 0.000000
-0.020438 -1.027007 2.583051 0.000000
-0.089298 0.670700 2.606607 1.000000
-0.308930 0.377317 2.692843 1.000000
0.046401 0.350236 2.727059 1.000000
-0.118787 0.408769 2.615985 0.000000
-0.152305 0.209280 2.806176 0.000000
-0.272707 -0.025478 2.657306 0.865385
0.006846 -0.008279 2.682922 1.000000
-0.145275 0.000083 2.793445 0.000000
-0.367715 0.116274 2.672447 1.000000
0.097830 0.086859 2.725571 1.000000
-0.344916 -0.169508 2.630090 1.000000
0.087849 -0.194645 2.657444 1.000000
-0.337617 -0.237351 2.632460 1.000000
0.066182 -0.259276 2.653576 0.778846
-0.275612 -0.587223 2.693561 1.000000
-0.023223 -0.587916 2.715769 1.000000
-0.302238 -0.999290 2.802287 1.000000
-0.040559 -1.013460 2.746437 1.000000
-0.303964 -1.042139 2.639464 0.000000
-0.020225 -1.026299 2.579788 0.000000
-0.091673 0.665718 2.596683 1.000000
-0.312512 0.374849 2.692037 1.000000
0.043060 0.350799 2.726002 1.000000
-0.122690 0.408344 2.615252 0.000000
-0.154343 0.207717 2.804562 0.000000
-0.276229 -0.026836 2.655272 0.826923
0.003266 -0.008761 2.680914 1.000000
-0.149028 0.001833 2.791007 0.000000
-0.370363 0.113964 2.667298 1.000000
0.095981 0.087712 2.723983 1.000000
-0.345579 -0.172292 2.629438 1.000000
0.090507 -0.195608 2.663234 1.000000
-0.337803 -0.240092 2.631521 1.000000
0.057171 -0.250016 2.638942 0.879808
-0.276890 -0.588251 2.687543 1.000000
-0.021683 -0.587671 2.712723 1.000000
-0.302596 -1.000413 2.796127 1.000000
-0.040402 -1.012551 2.750883 1.000000
-0.305158 -1.043154 2.633287 0.000000
-0.018583 -1.028439 2.584686 0.000000
-0.100758 0.664296 2.593496 1.000000
-0.315843 0.372764 2.686971 1.000000
0.038594 0.352677 2.733175 1.000000
-0.123876 0.408805 2.616970 0.000000
-0.159726 0.206963 2.804229 0.000000
-0.278476 -0.030963 2.652111 0.807692
-0.000478 -0.007081 2.687439 1.000000
-0.156703 0.000486 2.792140 0.000000
-0.371568 0.111614 2.660132 1.000000
0.093009 0.090050 2.723659 1.000000
-0.356183 -0.176449 2.632213 1.000000
0.091457 -0.193752 2.664915 1.000000
-0.334565 -0.240738 2.640033 0.947115
0.065978 -0.253051 2.642644 0.947115
-0.278929 -0.590101 2.689838 1.000000
-0.023210 -0.587601 2.715642 1.000000
-0.303257 -1.001937 2.799969 1.000000
-0.037167 -1.012941 2.750568 1.000000
-0.300662 -1.045572 2.637367 0.000000
-0.010355 -1.027418 2.584973 0.000000
-0.113328 0.665558 2.595862 1.000000
-0.322602 0.372620 2.687678 1.000000
0.031548 0.351132 2.735425 1.000000
-0.130206 0.409828 2.619490 0.000000
-0.167338 0.204261 2.802397 0.000000
-0.279789 -0.029418 2.650918 0.653846
-0.001840 -0.008204 2.688285 1.000000
-0.158720 0.000315 2.791929 0.000000
-0.376135 0.110770 2.663257 1.000000
0.086973 0.088741 2.725131 1.000000
-0.351630 -0.175983 2.629030 1.000000
0.081092 -0.193492 2.659484 1.000000
-0.335845 -0.241926 2.637031 0.980769
0.061146 -0.258378 2.652160 0.879808
-0.281298 -0.589657 2.686377 1.000000
-0.024204 -0.587923 2.713826 1.000000
-0.302033 -0.999175 2.805517 1.000000
-0.041678 -1.013083 2.749359 1.000000
-0.300741 -1.046268 2.643867 0.000000
-0.012865 -1.028075 2.584147 0.000000
-0.106197 0.662779 2.598232 1.000000
-0.326674 0.370171 2.681695 1.000000
0.026784 0.352561 2.735746 1.000000
-0.133486 0.408570 2.616469 0.000000
-0.171833 0.204435 2.800725 0.000000
-0.283163 -0.030724 2.646818 0.990385
-0.005925 -0.008885 2.688814 1.000000
-0.164559 -0.000185 2.789739 0.000000
-0.378304 0.107741 2.659463 1.000000
0.085259 0.090791 2.726474 1.000000
-0.361964 -0.179557 2.624894 1.000000
0.077171 -0.191660 2.661986 1.000000
-0.337091 -0.242155 2.636046 1.000000
0.054278 -0.253012 2.642661 0.947115
-0.282272 -0.591264 2.690025 1.000000
-0.030263 -0.588916 2.713227 1.000000
-0.305061 -1.002136 2.804017 1.000000
-0.039232 -1.013915 2.753534 1.000000
-0.298133 -1.047468 2.642007 0.000000
-0.008783 -1.030187 2.588736 0.000000
-0.108990 0.663814 2.600107 1.000000
-0.333416 0.370133 2.683101 1.000000
0.020680 0.353186 2.733027 1.000000
-0.141085 0.409338 2.615855 0.000000
-0.176804 0.204242 2.799570 0.000000
-0.290774 -0.032335 2.650805 0.855769
-0.013443 -0.006282 2.689667 1.000000
-0.171019 -0.000275 2.792428 0.000000
-0.385811 0.107898 2.660310 1.000000
0.075337 0.090659 2.721897 1.000000
-0.364007 -0.179303 2.627975 1.000000
0.069865 -0.191296 2.654988 1.000000
-0.345421 -0.244526 2.635856 0.963942
0.045618 -0.254877 2.649417 0.913462
-0.287577 -0.591468 2.689383 1.000000
-0.033456 -0.587318 2.713278 1.000000
-0.303566 -1.004327 2.797184 1.000000
-0.041584 -1.012707 2.749438 1.000000
-0.299087 -1.047012 2.634371 0.000000
-0.012989 -1.027304 2.584152 0.000000
-0.123128 0.662238 2.591923 1.000000
-0.339361 0.369750 2.683254 1.000000
0.014495 0.352672 2.734810 1.000000
-0.146728 0.409624 2.617277 0.000000
-0.183202 0.203064 2.799194 0.000000
-0.297570 -0.033080 2.647239 0.721154
-0.020487 -0.006789 2.687683 1.000000
-0.178729 0.000173 2.789355 0.000000
-0.392524 0.107369 2.664205 1.000000
0.070932 0.090671 2.720547 1.000000
-0.366912 -0.178663 2.625006 1.000000
0.069865 -0.190109 2.648657 1.000000
-0.341332 -0.241054 2.614300 1.000000
0.044919 -0.253562 2.645059 0.694712
-0.289980 -0.592892 2.688002 1.000000
-0.033915 -0.586748 2.712684 1.000000
-0.306069 -1.004449 2.800658 1.000000
-0.043188 -1.012068 2.749375 1.000000
-0.300238 -1.049088 2.638412 0.000000
-0.012450 -1.026961 2.584501 0.000000
-0.130660 0.658930 2.587373 1.000000
-0.345542 0.373016 2.684132 1.000000
0.008621 0.353846 2.732767 1.000000
-0.153221 0.411408 2.616387 0.000000
-0.189480 0.205751 2.799368 0.000000
-0.305682 -0.032896 2.649437 0.788462
-0.028240 -0.006733 2.687425 1.000000
-0.185518 -0.000449 2.790624 0.000000
-0.399748 0.111371 2.658880 1.000000
0.064029 0.091539 2.720153 1.000000
-0.370643 -0.174895 2.624053 1.000000
0.055332 -0.186478 2.638676 1.000000
-0.352177 -0.240438 2.629023 1.000000
0.033840 -0.251004 2.632665 0.913462
-0.290727 -0.594247 2.692772 1.000000
-0.037487 -0.586230 2.712644 1.000000
-0.309599 -1.006765 2.801413 1.000000
-0.037703 -1.011637 2.749492 1.000000
-0.301711 -1.049936 2.638858 0.000000
-0.008952 -1.025968 2.584210 0.000000
-0.130996 0.664228 2.594718 1.000000
-0.358159 0.374911 2.680725 1.000000
-0.004210 0.357290 2.731455 1.000000
-0.165609 0.414058 2.614074 0.000000
-0.202068 0.208414 2.797029 0.000000
-0.311955 -0.026375 2.654104 0.663462
-0.034255 -0.006171 2.693801 1.000000
-0.191810 -0.000161 2.796595 0.000000
-0.409722 0.112553 2.657375 1.000000
0.058600 0.096567 2.720778 1.000000
-0.380869 -0.174266 2.627186 1.000000
0.057323 -0.154615 2.576157 1.000000
-0.368637 -0.241371 2.630165 0.913462
0.010163 -0.192582 2.607717 0.593750
-0.294205 -0.591364 2.695869 1.000000
-0.038744 -0.583600 2.712906 1.000000
-0.310665 -1.006638 2.793877 1.000000
-0.053192 -1.008595 2.751632 1.000000
-0.299205 -1.045654 2.630486 0.000000
-0.019875 -1.024695 2.587373 0.000000
-0.146962 0.666842 2.590916 1.000000
-0.369494 0.373781 2.672907 1.000000
-0.017739 0.364150 2.738784 1.000000
-0.175406 0.420175 2.616094 0.000000
-0.213971 0.208011 2.790997 0.000000
-0.304484 -0.023076 2.649091 0.778846
-0.029152 -0.000006 2.701643 1.000000
-0.191518 0.007139 2.796575 0.000000
-0.410323 0.109524 2.649730 1.000000
0.067398 0.111473 2.708092 1.000000
-0.390829 -0.178383 2.622536 1.000000
0.083431 -0.087958 2.498378 1.000000
-0.362653 -0.240041 2.630659 1.000000
0.077732 -0.148495 2.467323 0.206731
-0.303418 -0.583569 2.696883 1.000000
-0.048754 -0.580085 2.709297 1.000000
-0.312281 -0.997006 2.803281 1.000000
-0.043136 -1.005135 2.749672 1.000000
-0.299423 -1.039106 2.640762 0.000000
-0.007117 -1.020216 2.585887 0.000000
-0.147400 0.665961 2.589107 1.000000
-0.381392 0.378723 2.661563 1.000000
-0.032889 0.375805 2.743424 1.000000
-0.185582 0.426670 2.612473 0.000000
-0.229124 0.218017 2.790404 0.000000
-0.309187 -0.018318 2.643328 0.721154
-0.036770 0.009052 2.707682 1.000000
-0.203093 0.012439 2.795722 0.000000
-0.420892 0.116081 2.646983 1.000000
0.071493 0.132106 2.721784 1.000000
-0.393858 -0.168685 2.620691 1.000000
0.138979 0.068077 2.450012 1.000000
-0.381260 -0.235001 2.630941 1.000000
0.157214 0.046442 2.387875 0.000000
-0.306720 -0.577550 2.703353 1.000000
-0.053940 -0.572430 2.715080 1.000000
-0.314984 -0.991632 2.807260 1.000000
-0.037425 -0.997847 2.747900 1.000000
-0.292226 -1.032664 2.645555 0.000000
0.004106 -1.008794 2.585094 0.000000
-0.153304 0.671938 2.584546 1.000000
-0.383604 0.383299 2.647157 1.000000
-0.042347 0.377321 2.755193 1.000000
-0.184532 0.431594 2.614167 0.000000
-0.241898 0.219260 2.783621 0.000000
-0.311549 -0.015435 2.631380 0.653846
-0.045567 0.016984 2.716846 1.000000
-0.218131 0.014755 2.791965 0.000000
-0.425378 0.123499 2.637522 1.000000
0.109949 0.165994 2.716710 1.000000
-0.407963 -0.159060 2.610753 1.000000
0.202296 0.320663 2.496690 1.000000
-0.391744 -0.220468 2.635805 1.000000
0.227603 0.354519 2.443072 0.000000
-0.308623 -0.573117 2.704640 1.000000
-0.057147 -0.565965 2.719565 1.000000
-0.311478 -0.987319 2.808362 1.000000
-0.027338 -0.990524 2.754061 1.000000
-0.274021 -1.027438 2.649184 0.000000
0.025963 -0.999737 2.594611 0.000000
-0.148896 0.674332 2.592836 1.000000
-0.382774 0.389199 2.649844 1.000000
-0.038391 0.377236 2.746907 1.000000
-0.184193 0.435231 2.611154 0.000000
-0.239117 0.221522 2.779686 0.000000
-0.318357 -0.016600 2.631914 1.000000
-0.050480 0.020087 2.709358 1.000000
-0.220741 0.016073 2.789488 0.000000
-0.429376 0.129542 2.634018 1.000000
0.175378 0.233204 2.688584 1.000000
-0.416907 -0.153863 2.602715 1.000000
0.231298 0.453923 2.516508 1.000000
-0.389022 -0.213614 2.620428 1.000000
0.196496 0.503527 2.485045 0.879808
-0.305053 -0.573987 2.705003 1.000000
-0.048390 -0.562099 2.712330 1.000000
-0.315544 -0.989477 2.802918 1.000000
-0.018651 -0.985579 2.758260 1.000000
-0.278915 -1.028049 2.643166 0.000000
0.031567 -0.999418 2.598145 0.000000
-0.143584 0.674830 2.585001 1.000000
-0.363796 0.393918 2.653519 1.000000
-0.017743 0.373899 2.743023 1.000000
-0.164900 0.433037 2.609240 0.000000
-0.222156 0.225103 2.784102 0.000000
-0.311884 -0.011713 2.635163 1.000000
-0.040918 0.014877 2.705673 1.000000
-0.209163 0.018398 2.789978 0.000000
-0.418422 0.135985 2.626226 1.000000
0.223737 0.328390 2.643654 1.000000
-0.416447 -0.147752 2.588464 1.000000
0.262111 0.586491 2.525976 1.000000
-0.415620 -0.215876 2.583982 0.879808
0.271426 0.648327 2.498569 0.762019
-0.306720 -0.571971 2.700103 1.000000
-0.035325 -0.562712 2.704390 1.000000
-0.310549 -0.986485 2.802536 1.000000
0.002826 -0.985522 2.750278 1.000000
-0.282973 -1.026573 2.641344 0.000000
0.049723 -0.998782 2.589110 0.000000
-0.127309 0.677303 2.584553 1.000000
-0.331399 0.393792 2.657282 1.000000
0.015865 0.377908 2.718931 1.000000
-0.136757 0.430309 2.595384 0.000000
-0.179413 0.231479 2.784430 0.000000
-0.286396 0.000881 2.642676 1.000000
-0.008952 -0.007593 2.688002 1.000000
-0.166725 0.021136 2.786532 0.000000
-0.399833 0.139358 2.631517 1.000000
0.251620 0.433301 2.611995 1.000000
-0.426999 -0.137503 2.565610 1.000000
0.371967 0.678745 2.528283 1.000000
-0.409073 -0.203287 2.569178 0.879808
0.387370 0.738576 2.499221 1.000000
-0.303384 -0.567703 2.698137 1.000000
-0.011181 -0.571178 2.698583 1.000000
-0.309369 -0.980173 2.808417 1.000000
0.033184 -0.994907 2.727126 1.000000
-0.302369 -1.023720 2.645921 0.000000
0.066114 -1.002570 2.562180 0.000000
-0.109374 0.681348 2.574394 1.000000
-0.319723 0.382115 2.664645 1.000000
0.029183 0.382451 2.688623 1.000000
-0.134663 0.426508 2.581987 0.000000
-0.147803 0.228281 2.775957 0.000000
-0.269335 0.000913 2.646476 1.000000
0.010307 -0.021319 2.666671 1.000000
-0.136179 0.016764 2.778553 0.000000
-0.378350 0.126339 2.634214 1.000000
0.252028 0.487128 2.592876 1.000000
-0.410260 -0.147678 2.561546 1.000000
0.439863 0.686568 2.513342 1.000000
-0.398458 -0.214768 2.566157 0.896635
0.428054 0.751015 2.494140 1.000000
-0.294592 -0.569749 2.697366 1.000000
0.000490 -0.580159 2.687181 1.000000
-0.308355 -0.980079 2.814711 1.000000
0.052386 -1.002028 2.727951 1.000000
-0.316764 -1.026056 2.652953 0.000000
0.070851 -1.015875 2.561165 0.000000
-0.088417 0.680896 2.572351 1.000000
-0.300096 0.374380 2.678276 1.000000
0.046661 0.385419 2.668170 1.000000
-0.125495 0.427389 2.579508 0.000000
-0.113523 0.222952 2.767001 0.000000
-0.243374 0.011068 2.646510 1.000000
0.034818 -0.029592 2.638910 1.000000
-0.097518 0.014050 2.765435 0.000000
-0.343061 0.116805 2.641696 1.000000
0.240183 0.527531 2.559165 1.000000
-0.382115 -0.154874 2.565861 1.000000
0.473716 0.673473 2.486710 1.000000
-0.371614 -0.221009 2.552534 0.762019
0.511030 0.725781 2.463622 1.000000
-0.280043 -0.563762 2.691210 1.000000
0.013268 -0.583939 2.678176 1.000000
-0.316845 -0.975147 2.799547 1.000000
0.051787 -1.006462 2.726347 1.000000
-0.336657 -1.016069 2.637427 0.000000
0.052501 -1.025470 2.559050 0.000000
-0.070481 0.675918 2.561676 1.000000
-0.261151 0.352020 2.681474 1.000000
0.084050 0.395389 2.644997 1.000000
-0.099822 0.416209 2.567881 0.000000
-0.055025 0.223379 2.762563 0.000000
-0.195247 0.016715 2.653569 0.500000
0.078838 -0.041981 2.630476 1.000000
-0.044126 0.004678 2.765119 0.000000
-0.295392 0.094297 2.646680 1.000000
0.273008 0.521714 2.514072 1.000000
-0.320190 -0.183039 2.594613 1.000000
0.503876 0.673575 2.451787 1.000000
-0.309467 -0.248535 2.610639 0.829327
0.542018 0.722814 2.423818 1.000000
-0.266305 -0.556608 2.681897 1.000000
0.018417 -0.595482 2.668636 1.000000
-0.322515 -0.967795 2.782369 1.000000
0.053052 -1.016850 2.728456 1.000000
-0.353213 -1.003119 2.620629 0.000000
0.041869 -1.041365 2.562250 0.000000
-0.042837 0.673708 2.553377 1.000000
-0.246833 0.354608 2.679048 1.000000
0.097088 0.398543 2.635289 1.000000
-0.087947 0.417362 2.561288 0.000000
-0.038692 0.228182 2.758458 0.000000
-0.186075 0.012444 2.649406 1.000000
0.089739 -0.034695 2.621015 1.000000
-0.032398 0.007220 2.757951 0.000000
-0.277963 0.099523 2.643256 1.000000
0.286811 0.524720 2.511180 1.000000
-0.304674 -0.177404 2.610000 1.000000
0.513525 0.668957 2.431777 1.000000
-0.299480 -0.244090 2.623699 1.000000
0.555968 0.721766 2.423331 1.000000
-0.266145 -0.552859 2.684971 1.000000
0.019090 -0.594316 2.663372 1.000000
-0.319032 -0.964663 2.784721 1.000000
0.053026 -1.015395 2.725577 1.000000
-0.356417 -0.998761 2.624129 0.000000
0.037364 -1.041130 2.559919 0.000000
-0.024946 0.671370 2.536698 1.000000
-0.224016 0.373512 2.678775 1.000000
0.118043 0.392930 2.620045 1.000000
-0.066490 0.423449 2.553307 0.000000
-0.021717 0.234247 2.751521 0.000000
-0.179876 0.018913 2.659632 0.961538
0.093321 -0.033963 2.618777 1.000000
-0.021890 0.008551 2.761412 0.000000
-0.271793 0.122907 2.647231 1.000000
0.300473 0.526247 2.497461 1.000000
-0.299583 -0.150266 2.606374 1.000000
0.521661 0.676462 2.422783 1.000000
-0.305791 -0.218035 2.611886 1.000000
0.566212 0.728131 2.420117 1.000000
-0.260732 -0.548950 2.684269 1.000000
0.022540 -0.591662 2.659259 1.000000
-0.324841 -0.959456 2.782778 1.000000
0.052053 -1.012784 2.723404 1.000000
-0.366811 -0.991278 2.622853 0.000000
0.029732 -1.039442 2.558658 0.000000
-0.011416 0.680248 2.532485 1.000000
-0.215448 0.378714 2.676549 1.000000
0.125936 0.380374 2.618718 1.000000
-0.055397 0.418919 2.550781 0.000000
-0.020401 0.230791 2.751965 0.000000
-0.163407 0.022618 2.658195 0.355769
0.107903 -0.039853 2.618329 1.000000
-0.006137 0.007279 2.760453 0.000000
-0.258596 0.128294 2.638604 1.000000
0.304392 0.517594 2.494879 1.000000
-0.294203 -0.144902 2.605738 1.000000
0.519942 0.670178 2.409788 1.000000
-0.308507 -0.210346 2.618937 1.000000
0.562463 0.721881 2.396352 1.000000
-0.254923 -0.545336 2.683840 1.000000
0.021859 -0.594358 2.661182 1.000000
-0.314254 -0.956049 2.784459 1.000000
0.054963 -1.014097 2.732262 1.000000
-0.357988 -0.988751 2.625185 0.000000
0.031804 -1.043717 2.568139 0.000000
-0.008635 0.679140 2.528771 1.000000
-0.215009 0.386913 2.675282 1.000000
0.127682 0.383456 2.623054 1.000000
-0.052265 0.425354 2.552452 0.000000
-0.023631 0.235389 2.752914 0.000000
-0.168998 0.023663 2.657221 0.692308
0.103276 -0.036614 2.620675 1.000000
-0.012390 0.012010 2.760972 0.000000
-0.262739 0.137905 2.642386 1.000000
0.307971 0.512528 2.495767 1.000000
-0.291702 -0.134124 2.605068 1.000000
0.522475 0.662546 2.407941 1.000000
-0.295058 -0.202076 2.610791 1.000000
0.558976 0.714396 2.382625 1.000000
-0.252678 -0.545687 2.678126 1.000000
0.021342 -0.591377 2.660343 1.000000
-0.321420 -0.953394 2.784795 1.000000
0.053777 -1.011373 2.730202 1.000000
-0.361472 -0.988435 2.625051 0.000000
0.033586 -1.040317 2.565567 0.000000
-0.007228 0.686981 2.541637 1.000000
-0.214415 0.392405 2.672959 1.000000
0.132239 0.386911 2.634692 1.000000
-0.046417 0.431487 2.557636 0.000000
-0.027594 0.238044 2.755920 0.000000
-0.168997 0.025886 2.644519 0.730769
0.104407 -0.034587 2.618154 1.000000
-0.015652 0.017698 2.753351 0.000000
-0.262811 0.143170 2.639421 1.000000
0.320564 0.492172 2.496709 1.000000
-0.287686 -0.128757 2.595556 1.000000
0.528218 0.646027 2.398243 1.000000
-0.286925 -0.196681 2.602438 1.000000
0.554084 0.697294 2.361307 1.000000
-0.254129 -0.542228 2.676857 1.000000
0.022526 -0.588392 2.662305 1.000000
-0.320463 -0.949745 2.785757 1.000000
0.053513 -1.008815 2.730229 1.000000
-0.355894 -0.986834 2.625385 0.000000
0.038986 -1.036612 2.564801 0.000000
-0.007130 0.688805 2.549135 1.000000
-0.230951 0.387216 2.668285 1.000000
0.121165 0.382561 2.664775 1.000000
-0.052289 0.431855 2.572694 0.000000
-0.053106 0.227996 2.761193 0.000000
-0.191286 0.013858 2.628158 1.000000
0.088045 -0.018856 2.625773 1.000000
-0.047965 0.019750 2.750019 0.000000
-0.285929 0.137548 2.637831 1.000000
0.318013 0.453874 2.514946 1.000000
-0.313127 -0.135222 2.591374 1.000000
0.526868 0.583660 2.385190 1.000000
-0.314109 -0.201544 2.575186 1.000000
0.552435 0.631157 2.343333 1.000000
-0.260475 -0.548443 2.682843 1.000000
0.019869 -0.583192 2.664444 1.000000
-0.312198 -0.960245 2.783207 1.000000
0.055521 -1.003786 2.728933 1.000000
-0.332985 -0.997340 2.620290 0.000000
0.055276 -1.029325 2.562506 0.000000
-0.029160 0.681043 2.551365 1.000000
-0.244761 0.387018 2.666676 1.000000
0.111182 0.384137 2.679067 1.000000
-0.062233 0.432751 2.579254 0.000000
-0.070428 0.228532 2.767187 0.000000
-0.206114 0.009295 2.630998 1.000000
0.073781 -0.016399 2.641021 1.000000
-0.069028 0.013604 2.759897 0.000000
-0.304245 0.137461 2.639864 1.000000
0.316504 0.407528 2.524693 1.000000
-0.326491 -0.134684 2.584751 1.000000
0.526125 0.514060 2.375344 1.000000
-0.324232 -0.202897 2.586606 1.000000
0.547715 0.565993 2.336635 0.997596
-0.268963 -0.553197 2.688076 1.000000
0.009469 -0.584168 2.671279 1.000000
-0.307235 -0.964467 2.796341 1.000000
0.054147 -1.004130 2.734251 1.000000
-0.322780 -1.005793 2.633859 0.000000
0.060829 -1.028383 2.567766 0.000000
-0.075731 0.683379 2.555058 1.000000
-0.269067 0.385374 2.665995 1.000000
0.087745 0.375353 2.693361 1.000000
-0.082175 0.427296 2.586218 0.000000
-0.102285 0.223616 2.773838 0.000000
-0.235313 0.000728 2.633789 1.000000
0.044968 -0.012762 2.652819 1.000000
-0.102788 0.010393 2.767092 0.000000
-0.330530 0.134088 2.640657 1.000000
0.298029 0.335303 2.545913 1.000000
-0.343644 -0.140613 2.584421 1.000000
0.508005 0.412465 2.376350 1.000000
-0.339742 -0.208769 2.585526 0.913462
0.533764 0.455062 2.329622 0.661058
-0.277699 -0.563040 2.694031 1.000000
0.000262 -0.583571 2.671795 1.000000
-0.311793 -0.975392 2.799542 1.000000
0.052975 -1.003655 2.727292 1.000000
-0.317913 -1.016628 2.636409 0.000000
0.066208 -1.024006 2.560676 0.000000
-0.101259 0.677859 2.566144 1.000000
-0.326146 0.382345 2.667435 1.000000
0.028848 0.378050 2.713525 1.000000
-0.136079 0.428459 2.598164 0.000000
-0.162448 0.222084 2.782026 0.000000
-0.275728 -0.010950 2.643960 1.000000
0.003255 -0.006316 2.679296 1.000000
-0.152087 0.006195 2.784833 0.000000
-0.373726 0.125216 2.647849 1.000000
0.212286 0.219677 2.613368 1.000000
-0.371511 -0.151995 2.590041 1.000000
0.417931 0.199527 2.419728 1.000000
-0.354195 -0.217589 2.582347 1.000000
0.441663 0.186821 2.356982 0.610577
-0.303941 -0.571166 2.710284 1.000000
-0.019185 -0.581133 2.677755 1.000000
-0.317740 -0.987397 2.804576 1.000000
0.047957 -1.000043 2.726087 1.000000
-0.312965 -1.024733 2.640462 0.000000
0.071331 -1.015452 2.560056 0.000000
-0.148416 0.676489 2.572828 1.000000
-0.359136 0.377731 2.668786 1.000000
-0.004583 0.379725 2.718308 1.000000
-0.169054 0.424538 2.600022 0.000000
-0.194373 0.223082 2.789404 0.000000
-0.302109 -0.012179 2.656530 0.942308
-0.023209 -0.000297 2.690815 1.000000
-0.178437 0.008567 2.796890 0.000000
-0.400583 0.119738 2.654018 1.000000
0.138813 0.172369 2.648040 1.000000
-0.382493 -0.157664 2.602992 1.000000
0.342650 0.054622 2.491617 1.000000
-0.379532 -0.224968 2.591903 0.947115
0.392405 0.027154 2.453780 0.000000
-0.323015 -0.571238 2.720315 1.000000
-0.033053 -0.575673 2.685213 1.000000
-0.311245 -0.989656 2.804678 1.000000
0.035015 -0.995881 2.718702 1.000000
-0.310322 -1.022909 2.639622 0.000000
0.057974 -1.005433 2.552173 0.000000
-0.172041 0.675792 2.572700 1.000000
-0.391575 0.385832 2.671232 1.000000
-0.036356 0.377150 2.714920 1.000000
-0.201349 0.427543 2.599644 0.000000
-0.229467 0.225627 2.788139 0.000000
-0.330462 -0.011305 2.666297 1.000000
-0.051247 -0.000837 2.698409 1.000000
-0.205616 0.009652 2.805582 0.000000
-0.434417 0.126754 2.656892 1.000000
0.078147 0.144421 2.671453 1.000000
-0.426999 -0.153804 2.613401 1.000000
0.227311 -0.063778 2.548726 1.000000
-0.408956 -0.219651 2.612933 1.000000
0.232702 -0.119617 2.509809 0.829327
-0.334696 -0.575273 2.724234 1.000000
-0.043652 -0.571917 2.687983 1.000000
-0.314659 -0.994079 2.805035 1.000000
0.017085 -0.993171 2.722407 1.000000
-0.312791 -1.025888 2.639703 0.000000
0.041655 -1.003216 2.556137 0.000000
-0.183462 0.674638 2.567734 1.000000
-0.416152 0.387771 2.679484 1.000000
-0.060241 0.366780 2.711900 1.000000
-0.227021 0.419276 2.600191 0.000000
-0.256372 0.225798 2.797158 0.000000
-0.362739 -0.016157 2.686171 1.000000
-0.082851 -0.001504 2.709608 1.000000
-0.233848 0.004038 2.821836 0.000000
-0.464841 0.128717 2.658113 1.000000
0.009137 0.112008 2.697260 1.000000
-0.481693 -0.154104 2.622200 1.000000
0.038564 -0.168706 2.653732 1.000000
-0.470079 -0.221121 2.628149 1.000000
0.001335 -0.224395 2.640526 1.000000
-0.333363 -0.585230 2.727383 1.000000
-0.060962 -0.570987 2.688539 1.000000
-0.316126 -1.003517 2.811455 1.000000
-0.048448 -0.994924 2.738041 1.000000
-0.313480 -1.036586 2.646381 0.000000
-0.018667 -1.013276 2.573340 0.000000
-0.205292 0.676971 2.577922 1.000000
