-0.371681 0.315928 2.795403 1.000000
-0.002375 0.386253 2.599333 1.000000
-0.249850 0.430279 2.607443 0.000000
-0.133127 0.224050 2.753326 0.000000
-0.335335 0.043145 2.690617 0.000000
-0.026520 0.082027 2.541802 0.730769
-0.122339 0.036957 2.731093 0.000000
-0.412268 0.038188 2.708571 1.000000
0.062337 0.101947 2.635427 1.000000
-0.405791 -0.276943 2.652224 1.000000
0.061120 -0.218040 2.624284 1.000000
-0.351927 -0.339354 2.651223 0.459135
0.032765 -0.295442 2.625824 1.000000
-0.287345 -0.527089 2.688012 1.000000
-0.044722 -0.502135 2.659656 1.000000
-0.276605 -0.974252 2.786469 0.641106
-0.127563 -0.948320 2.721461 0.956731
-0.372951 -1.018536 2.595852 0.000000
-0.197014 -0.963985 2.515283 0.000000
-0.188097 0.641875 2.543057 1.000000
-0.372881 0.315047 2.794416 1.000000
-0.000153 0.383745 2.604335 1.000000
-0.247333 0.429859 2.609203 0.000000
-0.134535 0.221439 2.755061 0.000000
-0.336763 0.046764 2.692228 0.000000
-0.028206 0.079409 2.541391 0.740385
-0.123672 0.036798 2.731429 0.000000
-0.409053 0.035668 2.707959 1.000000
0.063396 0.097342 2.631999 1.000000
-0.409855 -0.280916 2.654077 1.000000
0.056160 -0.223511 2.620833 1.000000
-0.349691 -0.336741 2.646248 0.475962
0.030730 -0.301544 2.628689 0.997596
-0.286318 -0.525886 2.690079 1.000000
-0.044184 -0.502606 2.658600 1.000000
-0.310662 -0.977280 2.763663 0.637981
-0.107464 -0.949007 2.739131 0.259856
-0.404641 -1.004003 2.568644 0.000000
-0.181535 -0.975216 2.535649 0.000000
-0.187211 0.639142 2.544408 1.000000
-0.371243 0.311391 2.799373 1.000000
-0.002281 0.386416 2.604399 1.000000
-0.249073 0.433288 2.616442 0.000000
-0.134246 0.218535 2.751100 0.000000
-0.329760 0.037236 2.695867 0.000000
-0.028509 0.106169 2.542501 0.615385
-0.115608 0.040798 2.730076 0.000000
-0.408546 0.032618 2.710415 1.000000
0.060998 0.099552 2.631243 1.000000
-0.397558 -0.283294 2.651874 1.000000
0.061607 -0.221872 2.625743 1.000000
-0.418355 -0.362542 2.642672 0.189904
0.032174 -0.298611 2.632231 1.000000
-0.287494 -0.518346 2.689618 1.000000
-0.053483 -0.485156 2.655776 1.000000
-0.299478 -0.967257 2.779611 0.812981
-0.019517 -0.930658 2.756466 0.494231
-0.396897 -1.003115 2.587772 0.000000
-0.123959 -0.980415 2.571549 0.000000
-0.186077 0.635012 2.545521 1.000000
-0.368343 0.314564 2.800178 1.000000
0.001432 0.383079 2.604353 1.000000
-0.244965 0.432236 2.615302 0.000000
-0.132094 0.218885 2.753790 0.000000
-0.329826 0.037123 2.698870 0.000000
-0.027006 0.092497 2.543118 0.605769
-0.115672 0.037436 2.733250 0.000000
-0.406988 0.037543 2.705342 1.000000
0.065121 0.095855 2.630266 1.000000
-0.402001 -0.279946 2.652702 1.000000
0.060608 -0.225958 2.627496 1.000000
-0.392317 -0.360009 2.635569 0.223558
0.031473 -0.303047 2.629919 0.997596
-0.288418 -0.525764 2.690323 1.000000
-0.052506 -0.496810 2.660322 1.000000
-0.291925 -0.973747 2.785523 0.662981
-0.005191 -0.940228 2.764756 0.250481
-0.392544 -1.013222 2.596061 0.000000
-0.104118 -0.994733 2.578151 0.000000
-0.186512 0.640640 2.552222 1.000000
-0.372277 0.313838 2.794656 1.000000
-0.000844 0.381759 2.601782 1.000000
-0.248159 0.427042 2.607500 0.000000
-0.133812 0.220650 2.755026 0.000000
-0.333026 0.038050 2.688597 0.000000
-0.020178 0.089468 2.552556 0.615385
-0.121475 0.034593 2.736327 0.000000
-0.411218 0.032563 2.713242 1.000000
0.071684 0.097211 2.633876 1.000000
-0.392982 -0.282167 2.648082 1.000000
0.057201 -0.224293 2.626392 1.000000
-0.360573 -0.356554 2.633465 0.341346
0.031744 -0.302708 2.626969 0.997596
-0.289019 -0.524710 2.692034 1.000000
-0.051831 -0.499437 2.661078 1.000000
-0.306365 -0.972292 2.787603 0.428606
-0.029574 -0.948445 2.748599 0.334856
-0.392136 -1.010986 2.590817 0.000000
-0.113948 -0.990950 2.551996 0.000000
-0.186021 0.645350 2.553265 1.000000
-0.372402 0.314477 2.796862 1.000000
-0.002219 0.383708 2.602061 1.000000
-0.249447 0.429160 2.609839 0.000000
-0.134298 0.221420 2.754827 0.000000
-0.334767 0.038658 2.692617 0.000000
-0.027664 0.097824 2.546974 0.673077
-0.121737 0.039118 2.733382 0.000000
-0.408382 0.032976 2.716352 1.000000
0.062323 0.097796 2.635322 1.000000
-0.394856 -0.281541 2.651204 1.000000
0.065715 -0.223551 2.626928 1.000000
-0.389541 -0.361441 2.631581 0.240385
0.031469 -0.298469 2.630385 0.677885
-0.285335 -0.521712 2.693018 1.000000
-0.037530 -0.489178 2.661064 1.000000
-0.316380 -0.969892 2.782093 0.703606
-0.134239 -0.932582 2.722740 0.897356
-0.406296 -1.002622 2.586077 0.000000
-0.197275 -0.947802 2.514477 0.000000
-0.186896 0.643838 2.551102 1.000000
-0.369728 0.312825 2.799568 1.000000
-0.001675 0.384360 2.601590 1.000000
-0.248915 0.429172 2.612177 0.000000
-0.131847 0.220640 2.754466 0.000000
-0.332079 0.037892 2.703691 0.000000
-0.032085 0.082531 2.539265 0.817308
-0.117229 0.036556 2.733380 0.000000
-0.403348 0.034245 2.707648 1.000000
0.062740 0.097669 2.630645 1.000000
-0.393794 -0.283869 2.660119 1.000000
0.059207 -0.224033 2.624316 1.000000
-0.424684 -0.359372 2.648186 0.122596
0.031412 -0.301599 2.627207 0.980769
-0.290522 -0.530492 2.694667 1.000000
-0.047699 -0.504159 2.660316 1.000000
-0.320957 -0.981511 2.768284 0.450481
-0.105022 -0.954916 2.717726 0.869231
-0.424529 -1.005607 2.577835 0.000000
-0.195446 -0.968638 2.519702 0.000000
-0.186655 0.642901 2.552263 1.000000
-0.375060 0.315613 2.794983 1.000000
-0.003116 0.383568 2.603107 1.000000
-0.250970 0.426077 2.606177 0.000000
-0.135269 0.224360 2.759019 0.000000
-0.330402 0.041928 2.703244 0.000000
-0.030190 0.084549 2.538679 0.701923
-0.115515 0.036184 2.732133 0.000000
-0.408232 0.034059 2.713526 1.000000
0.062161 0.097230 2.630611 1.000000
-0.401836 -0.282299 2.656860 1.000000
0.057309 -0.223893 2.616841 1.000000
-0.369386 -0.355481 2.637142 0.274038
0.030356 -0.301250 2.626166 1.000000
-0.290363 -0.527406 2.686060 1.000000
-0.048162 -0.501041 2.656722 1.000000
-0.307615 -0.975901 2.777262 0.969231
-0.155781 -0.938372 2.739931 0.716106
-0.412979 -1.010060 2.589352 0.000000
-0.226940 -0.959879 2.534864 0.000000
-0.187249 0.648535 2.554409 1.000000
-0.364747 0.308458 2.804750 1.000000
-0.001970 0.384490 2.598865 1.000000
-0.248831 0.429008 2.616922 0.000000
-0.128164 0.217353 2.751379 0.000000
-0.328705 0.036861 2.704869 0.000000
-0.036882 0.103568 2.533363 0.711538
-0.112838 0.038711 2.725894 0.000000
-0.411554 0.031700 2.712804 1.000000
0.059674 0.096130 2.615820 1.000000
-0.394281 -0.284605 2.655686 1.000000
0.063622 -0.225176 2.596958 1.000000
-0.394234 -0.365550 2.640025 0.240385
0.035864 -0.302328 2.605587 0.947115
-0.286920 -0.520893 2.688189 1.000000
-0.037500 -0.483459 2.650547 1.000000
-0.282301 -0.970135 2.777212 0.809856
-0.120192 -0.930417 2.706717 0.841106
-0.392996 -1.007763 2.593067 0.000000
-0.208849 -0.939037 2.507608 0.000000
-0.187236 0.645188 2.561824 1.000000
-0.365251 0.313468 2.801341 1.000000
-0.001356 0.380565 2.594327 1.000000
-0.248508 0.424881 2.608451 0.000000
-0.127947 0.220798 2.754232 0.000000
-0.329261 0.036063 2.703058 0.000000
-0.035962 0.081586 2.527192 0.826923
-0.113384 0.032384 2.723735 0.000000
-0.408199 0.034157 2.712003 1.000000
0.065125 0.092002 2.606663 1.000000
-0.394733 -0.282507 2.649824 1.000000
0.057711 -0.229582 2.577488 1.000000
-0.388334 -0.362330 2.630209 0.257212
0.028912 -0.306137 2.587852 1.000000
-0.291908 -0.531656 2.686791 1.000000
-0.050292 -0.504247 2.650111 1.000000
-0.282848 -0.978270 2.787874 0.772356
-0.139338 -0.949083 2.713008 0.394231
-0.397443 -1.021449 2.607370 0.000000
-0.228576 -0.959325 2.514236 0.000000
-0.186683 0.645222 2.552989 1.000000
-0.365039 0.308916 2.798511 1.000000
-0.002508 0.375429 2.588932 1.000000
-0.249788 0.418769 2.603838 0.000000
-0.127551 0.216824 2.751193 0.000000
-0.327842 0.038711 2.699907 0.000000
-0.033809 0.070893 2.522328 0.894231
-0.112071 0.031341 2.720708 0.000000
-0.405542 0.029461 2.706849 1.000000
0.071939 0.088085 2.594204 1.000000
-0.398844 -0.289208 2.651351 1.000000
0.053844 -0.233710 2.566005 1.000000
-0.354422 -0.358498 2.646558 0.375000
0.013322 -0.305323 2.560811 1.000000
-0.292893 -0.534301 2.687821 1.000000
-0.053828 -0.513028 2.648981 1.000000
-0.284833 -0.981008 2.788580 0.875481
-0.129351 -0.960892 2.707960 0.750481
-0.400458 -1.023687 2.608613 0.000000
-0.223686 -0.970850 2.511541 0.000000
-0.185510 0.647780 2.559079 1.000000
-0.358523 0.303749 2.795807 1.000000
0.000322 0.374863 2.581449 1.000000
-0.246782 0.417264 2.601189 0.000000
-0.121628 0.213137 2.742982 0.000000
-0.323195 0.033516 2.698352 0.000000
-0.030769 0.063427 2.517750 0.903846
-0.107253 0.026041 2.717241 0.000000
-0.412623 0.021615 2.716061 0.876923
0.081082 0.088223 2.567279 1.000000
-0.395293 -0.297021 2.654946 1.000000
0.084357 -0.214464 2.449238 1.000000
-0.409241 -0.376619 2.638606 0.189904
0.035143 -0.272164 2.416895 0.997596
-0.298483 -0.538920 2.688987 1.000000
-0.059952 -0.521688 2.645523 1.000000
-0.267279 -0.984439 2.790491 0.612981
-0.108006 -0.973375 2.704114 0.112981
-0.389191 -1.032693 2.616171 0.000000
-0.213653 -0.986828 2.513755 0.000000
-0.182163 0.659107 2.591917 1.000000
-0.363569 0.301472 2.790354 0.990385
-0.004136 0.385554 2.581754 1.000000
-0.252850 0.419248 2.597694 0.000000
-0.122855 0.219312 2.741095 0.000000
-0.321417 0.037047 2.691999 0.000000
-0.027477 0.061605 2.513054 1.000000
-0.105751 0.025787 2.712137 0.000000
-0.412120 0.016258 2.719987 0.953846
0.093513 0.105799 2.552489 1.000000
-0.404019 -0.300118 2.648354 1.000000
0.119512 -0.111046 2.312504 1.000000
-0.425343 -0.378586 2.634734 0.021635
0.096409 -0.154243 2.246189 0.610577
-0.302581 -0.535173 2.690658 1.000000
-0.063640 -0.521202 2.645901 1.000000
-0.281823 -0.982329 2.787534 0.781731
-0.148888 -0.966760 2.708951 0.469231
-0.402101 -1.026174 2.610929 0.000000
-0.245863 -0.975824 2.513778 0.000000
-0.187197 0.663837 2.592073 1.000000
-0.369058 0.297817 2.805772 1.000000
-0.026564 0.396469 2.576117 1.000000
-0.275365 0.418089 2.605762 0.028846
-0.127680 0.226915 2.743888 0.000000
-0.312798 0.039121 2.695738 0.000000
-0.030911 0.066345 2.498701 1.000000
-0.096291 0.027679 2.701862 0.000000
-0.413458 0.021076 2.713166 1.000000
0.096975 0.138656 2.502610 1.000000
-0.412706 -0.295016 2.653436 1.000000
0.125306 0.033162 2.200037 0.576923
-0.412722 -0.376027 2.638115 0.000000
0.139939 0.066938 2.126264 0.526442
-0.306541 -0.531481 2.683360 1.000000
-0.069985 -0.515900 2.641984 1.000000
-0.217748 -0.972163 2.770990 0.812981
-0.117713 -0.967275 2.703193 0.947356
-0.362478 -1.031551 2.618987 0.000000
-0.238651 -0.979052 2.522048 0.000000
-0.185584 0.657697 2.580180 1.000000
-0.365672 0.294732 2.799345 0.980769
-0.030688 0.398501 2.561030 1.000000
-0.279125 0.415302 2.596317 0.000000
-0.124395 0.228257 2.732367 0.000000
-0.306384 0.045635 2.688590 0.000000
-0.029917 0.060633 2.482760 1.000000
-0.090527 0.024443 2.687847 0.000000
-0.423827 0.020559 2.719270 0.830769
0.099496 0.167526 2.439921 1.000000
-0.417209 -0.289228 2.649301 1.000000
0.163788 0.322606 2.170247 1.000000
-0.435036 -0.369544 2.643922 0.257212
0.156568 0.379282 2.110807 1.000000
-0.325796 -0.524199 2.678491 1.000000
-0.072787 -0.515281 2.636645 1.000000
-0.093895 -0.908344 2.770246 1.000000
-0.104593 -0.967798 2.699733 0.716106
-0.263401 -1.027115 2.701402 0.000000
-0.231289 -0.983550 2.522875 0.000000
-0.193443 0.659707 2.577266 1.000000
-0.349835 0.285586 2.800113 1.000000
-0.029117 0.399384 2.547198 1.000000
-0.275034 0.414598 2.597607 0.000000
-0.113017 0.222068 2.716431 0.000000
-0.287573 0.041725 2.685997 0.000000
-0.024166 0.053341 2.463496 1.000000
-0.072203 0.019963 2.672355 0.000000
-0.422684 0.017237 2.715134 0.815385
0.100929 0.225961 2.353414 1.000000
-0.435372 -0.295178 2.663768 1.000000
0.150150 0.460725 2.146373 1.000000
-0.425978 -0.370938 2.632630 0.122596
0.159823 0.523170 2.093417 1.000000
-0.317122 -0.528082 2.675749 1.000000
-0.078321 -0.520932 2.633204 1.000000
-0.006561 -0.852481 2.765649 0.234856
-0.078307 -0.975296 2.690802 0.462981
-0.161719 -1.005088 2.750967 0.000000
-0.223792 -0.995739 2.529573 0.000000
-0.192633 0.657735 2.569435 1.000000
-0.330388 0.318247 2.734194 0.798077
0.023587 0.372545 2.507192 0.971154
-0.223714 0.413576 2.527358 0.000000
-0.093184 0.225877 2.686003 0.000000
-0.293244 0.054828 2.656431 0.000000
-0.006143 0.037368 2.465924 1.000000
-0.079545 0.020025 2.669284 0.000000
-0.422659 0.045334 2.722183 0.815385
0.125266 0.304763 2.246027 1.000000
-0.425540 -0.264337 2.668928 1.000000
0.123405 0.582247 2.098585 1.000000
-0.432829 -0.343572 2.647338 0.274038
0.139106 0.654807 2.062724 1.000000
-0.329066 -0.520283 2.671553 1.000000
-0.083384 -0.529926 2.629419 1.000000
-0.022009 -0.846292 2.767460 0.844231
-0.060899 -0.983590 2.688133 0.366106
-0.178312 -0.997752 2.753038 0.000000
-0.183343 -1.012715 2.509981 0.000000
-0.191416 0.680703 2.565794 1.000000
-0.313775 0.362144 2.735187 1.000000
-0.001303 0.389033 2.455756 1.000000
-0.233975 0.452371 2.514418 0.000000
-0.097550 0.249578 2.647460 0.000000
-0.287153 0.086984 2.665370 0.596154
-0.032211 0.084277 2.432943 1.000000
-0.071731 0.071041 2.645797 0.000000
-0.414671 0.093495 2.735235 0.907692
0.063413 0.481877 2.192044 1.000000
-0.427890 -0.212404 2.671546 1.000000
0.085083 0.717710 1.987795 1.000000
-0.436346 -0.293680 2.660589 0.610577
0.107697 0.778267 1.936620 1.000000
-0.353629 -0.481018 2.655923 1.000000
-0.084228 -0.489206 2.616228 1.000000
-0.124405 -0.868652 2.739352 1.000000
-0.099435 -0.939796 2.696854 0.606731
-0.304540 -0.984231 2.697264 0.000000
-0.249818 -0.962694 2.540524 0.000000
-0.210995 0.701221 2.556048 0.961538
-0.289814 0.358711 2.759493 0.951923
-0.038665 0.400107 2.427986 1.000000
-0.253266 0.461007 2.532672 0.000000
-0.096450 0.250568 2.625197 0.000000
-0.274651 0.101806 2.688648 0.000000
-0.075741 0.081204 2.407516 1.000000
-0.067982 0.088733 2.624142 0.129808
-0.407265 0.098920 2.729492 0.907692
0.026009 0.544000 2.188616 1.000000
-0.420676 -0.208999 2.678367 1.000000
0.043018 0.745537 1.950496 1.000000
-0.438162 -0.280347 2.640937 0.509615
0.071391 0.774127 1.878559 1.000000
-0.345494 -0.477806 2.654459 1.000000
-0.076926 -0.485493 2.615044 1.000000
-0.111323 -0.860811 2.745205 1.000000
-0.079657 -0.936710 2.693530 0.759856
-0.289735 -0.979529 2.704537 0.000000
-0.258232 -0.957125 2.569947 0.000000
-0.204290 0.700365 2.556519 1.000000
-0.281919 0.363403 2.759541 0.788462
-0.044435 0.402601 2.417995 1.000000
-0.252111 0.468381 2.532960 0.000000
-0.098191 0.251591 2.615104 0.000000
-0.272662 0.104160 2.681929 0.000000
-0.086576 0.084151 2.392107 1.000000
-0.069240 0.088785 2.608260 0.000000
-0.408605 0.107828 2.733689 0.753846
0.003143 0.550365 2.177292 1.000000
-0.421312 -0.198982 2.677689 1.000000
0.010920 0.750767 1.938109 1.000000
-0.431511 -0.273950 2.644930 0.728365
0.046807 0.765926 1.865448 0.711538
-0.333669 -0.478057 2.655136 1.000000
-0.071094 -0.478573 2.606963 1.000000
-0.085716 -0.850180 2.754172 1.000000
-0.078581 -0.926037 2.704347 0.791106
-0.260769 -0.975833 2.720311 0.000000
-0.261188 -0.948482 2.587173 0.000000
-0.200930 0.701669 2.547636 1.000000
-0.290746 0.353493 2.743964 0.750000
-0.033214 0.372777 2.416291 1.000000
-0.248790 0.441652 2.512197 0.000000
-0.095802 0.235887 2.620328 0.000000
-0.275884 0.083241 2.667559 0.000000
-0.067018 0.069146 2.393330 1.000000
-0.067211 0.068673 2.610226 0.000000
-0.404866 0.091333 2.734605 0.707692
0.010208 0.498736 2.163136 1.000000
-0.411007 -0.215268 2.678457 1.000000
-0.015816 0.706524 1.932178 1.000000
-0.411370 -0.292664 2.650046 0.475962
0.005330 0.766312 1.879493 1.000000
-0.327829 -0.496227 2.653769 1.000000
-0.066639 -0.493163 2.611501 1.000000
-0.070743 -0.853766 2.779610 1.000000
-0.090806 -0.938351 2.716324 0.394231
-0.239505 -0.987446 2.744570 0.000000
-0.263292 -0.960009 2.584575 0.000000
-0.200130 0.685113 2.565135 1.000000
-0.273187 0.368366 2.737359 0.442308
-0.016627 0.346309 2.407599 1.000000
-0.224875 0.439998 2.501176 0.000000
-0.090946 0.226769 2.619637 0.000000
-0.274722 0.092430 2.664026 0.000000
-0.063452 0.072851 2.391984 1.000000
-0.066363 0.068304 2.608813 0.000000
-0.402869 0.113604 2.735992 0.538462
0.030138 0.449506 2.145136 1.000000
-0.414369 -0.194216 2.689385 1.000000
-0.023398 0.669853 1.931505 1.000000
-0.410766 -0.273685 2.667724 0.694712
-0.023406 0.743429 1.894302 1.000000
-0.333646 -0.488197 2.645898 1.000000
-0.063598 -0.486525 2.604961 1.000000
-0.092536 -0.851050 2.787206 1.000000
-0.086807 -0.932261 2.707651 0.728606
-0.261922 -0.981009 2.742514 0.000000
-0.255782 -0.954813 2.571573 0.000000
-0.215972 0.682837 2.552984 1.000000
-0.303276 0.364730 2.715380 0.394231
0.010734 0.385299 2.431215 0.903846
-0.226596 0.444599 2.489573 0.000000
-0.083854 0.253957 2.633507 0.000000
-0.291026 0.080608 2.651753 0.000000
-0.042223 0.077701 2.412768 1.000000
-0.076386 0.062404 2.626410 0.000000
-0.409134 0.100136 2.736679 0.461538
0.066186 0.353559 2.152761 1.000000
-0.413690 -0.208620 2.696140 1.000000
-0.030697 0.585002 1.968421 1.000000
-0.396303 -0.281486 2.661708 0.341346
-0.034432 0.661437 1.937742 1.000000
-0.329287 -0.493708 2.650893 1.000000
-0.065020 -0.488907 2.607866 1.000000
-0.071887 -0.847774 2.785602 0.866106
-0.087115 -0.936059 2.704461 0.625481
-0.237107 -0.983857 2.743623 0.000000
-0.235298 -0.962828 2.546652 0.000000
-0.228228 0.704709 2.541981 1.000000
-0.310381 0.379850 2.689072 1.000000
0.046292 0.381830 2.459820 0.000000
-0.197728 0.441278 2.472776 0.000000
-0.079859 0.266735 2.654651 0.000000
-0.295285 0.092417 2.638423 0.000000
-0.006478 0.062223 2.452134 1.000000
-0.081669 0.058965 2.655553 0.000000
-0.376008 0.127667 2.572362 1.000000
0.096331 0.162173 2.284526 1.000000
-0.404732 -0.178984 2.616659 0.894231
-0.008014 0.361740 2.069921 1.000000
-0.423855 -0.218056 2.686695 1.000000
-0.021877 0.414759 2.008324 1.000000
-0.330747 -0.490800 2.645105 1.000000
-0.073474 -0.504969 2.609996 1.000000
-0.093215 -0.845293 2.811469 1.000000
-0.074391 -0.953620 2.702057 0.209856
-0.248274 -0.981928 2.741713 0.000000
-0.193129 -0.990167 2.522769 0.000000
-0.241777 0.700443 2.533528 0.980769
-0.338478 0.360810 2.709220 0.894231
0.014064 0.345656 2.474144 1.000000
-0.226847 0.415913 2.490702 0.000000
-0.113777 0.237409 2.671778 0.000000
-0.308509 0.066220 2.659242 0.000000
-0.017553 0.051181 2.474463 1.000000
-0.093843 0.040955 2.677242 0.000000
-0.398770 0.095029 2.623880 0.661539
0.133374 0.108411 2.369254 0.576923
-0.428844 -0.211580 2.668006 1.000000
-0.032335 0.163204 2.111655 1.000000
-0.404268 -0.289310 2.655701 0.677885
-0.001904 0.214564 2.054792 0.677885
-0.325794 -0.518138 2.645278 1.000000
-0.072173 -0.523220 2.616710 1.000000
-0.073210 -0.853138 2.828963 1.000000
-0.081382 -0.972465 2.705358 0.356731
-0.216904 -1.000772 2.757306 0.000000
-0.196230 -1.006097 2.522992 0.000000
-0.230134 0.682704 2.542873 1.000000
-0.357192 0.346888 2.721882 1.000000
0.002328 0.358455 2.497409 1.000000
-0.241300 0.419400 2.510792 0.000000
-0.127267 0.233710 2.683861 0.000000
-0.334920 0.045875 2.658327 0.000000
-0.039004 0.061266 2.481630 1.000000
-0.119387 0.040579 2.682016 0.000000
-0.430749 0.074902 2.704231 0.661539
0.074085 0.086133 2.478382 1.000000
-0.430664 -0.230156 2.664322 1.000000
0.044041 -0.032462 2.196155 0.730769
-0.405507 -0.304298 2.638486 0.862981
0.022986 0.014882 2.132025 0.610577
-0.322724 -0.531482 2.653749 1.000000
-0.070016 -0.520565 2.622691 1.000000
-0.065089 -0.864877 2.833293 1.000000
-0.082084 -0.970893 2.705290 0.156731
-0.205925 -1.013841 2.758772 0.000000
-0.188161 -1.002524 2.517339 0.000000
-0.219973 0.674967 2.544587 1.000000
-0.369596 0.347133 2.734039 1.000000
-0.000460 0.367666 2.526451 1.000000
-0.243996 0.430121 2.532580 0.000000
-0.139040 0.234027 2.699819 0.000000
-0.343225 0.049315 2.657075 0.000000
-0.037445 0.072810 2.499052 0.807692
-0.129450 0.044704 2.693446 0.000000
-0.427019 0.073423 2.678627 1.000000
0.062503 0.090541 2.548851 1.000000
-0.431288 -0.235622 2.646836 1.000000
0.053806 -0.199625 2.438213 1.000000
-0.424699 -0.314634 2.624230 0.694712
0.042191 -0.221756 2.359646 1.000000
-0.307384 -0.525406 2.669099 1.000000
-0.064386 -0.510491 2.628736 1.000000
-0.205144 -0.905741 2.902886 1.000000
-0.120239 -0.957547 2.711111 0.459856
-0.315292 -1.024933 2.757149 0.000000
-0.205466 -0.983583 2.512021 0.000000
-0.212342 0.672511 2.533104 1.000000
-0.369327 0.353715 2.735099 1.000000
0.008724 0.366525 2.543556 1.000000
-0.232522 0.437542 2.541436 0.000000
-0.141627 0.233327 2.707181 0.000000
-0.347169 0.051404 2.657536 0.000000
-0.033571 0.072703 2.515312 0.673077
-0.135571 0.042119 2.704268 0.000000
-0.428127 0.080117 2.670449 1.000000
0.056108 0.083612 2.557377 1.000000
-0.429934 -0.230633 2.632997 1.000000
0.052581 -0.229331 2.554881 1.000000
-0.418011 -0.310985 2.618896 0.694712
0.021487 -0.292630 2.512175 1.000000
-0.294533 -0.525430 2.670505 1.000000
-0.059569 -0.508600 2.638273 1.000000
-0.290623 -0.927947 2.888975 0.781731
-0.126555 -0.956022 2.709620 0.494231
-0.377236 -1.024093 2.713382 0.000000
-0.197530 -0.978097 2.504549 0.000000
-0.201832 0.668080 2.533947 1.000000
-0.379056 0.354081 2.733894 1.000000
0.009350 0.373436 2.564950 1.000000
-0.232343 0.441119 2.549103 0.014423
-0.148421 0.237053 2.718664 0.000000
-0.348671 0.059919 2.657230 0.000000
-0.027571 0.076646 2.532169 0.634615
-0.140099 0.045351 2.714931 0.000000
-0.421136 0.078351 2.661798 1.000000
0.060991 0.090402 2.579331 1.000000
-0.423276 -0.233022 2.621666 1.000000
0.054437 -0.222558 2.603114 1.000000
-0.415760 -0.313515 2.605484 0.560096
0.030610 -0.299379 2.621230 1.000000
-0.290502 -0.518920 2.669574 1.000000
-0.056313 -0.502798 2.647449 1.000000
-0.304090 -0.961415 2.786953 0.881731
-0.135826 -0.948930 2.713841 0.681731
-0.383105 -1.011273 2.589851 0.000000
-0.191813 -0.970165 2.504096 0.000000
-0.196629 0.667856 2.527061 1.000000
-0.376414 0.353249 2.737506 1.000000
0.017283 0.374379 2.581519 1.000000
-0.224037 0.441065 2.557736 0.000000
-0.144912 0.237199 2.729825 0.000000
-0.350493 0.061073 2.652149 0.000000
-0.024099 0.080788 2.542134 0.769231
-0.144726 0.053485 2.720313 0.000000
-0.420455 0.074914 2.673092 1.000000
0.059936 0.088875 2.596248 1.000000
-0.418749 -0.235051 2.616909 1.000000
0.066373 -0.221120 2.651814 1.000000
-0.375014 -0.302554 2.598799 0.778846
0.032757 -0.294710 2.635942 0.795673
-0.284557 -0.516787 2.679906 1.000000
-0.048899 -0.497868 2.666989 1.000000
-0.293201 -0.966665 2.765342 0.662981
-0.123399 -0.947590 2.711311 0.019231
-0.361505 -1.004047 2.561588 0.000000
-0.170413 -0.960753 2.498720 0.000000
-0.182944 0.663786 2.531606 1.000000
