-0.342103 0.322163 2.727331 1.000000
-0.056494 0.346901 2.763892 1.000000
-0.188571 0.373533 2.635422 0.000000
-0.198340 0.193483 2.833560 0.000000
-0.350524 -0.028145 2.694088 0.528846
-0.017507 -0.032578 2.736318 0.259615
-0.197690 -0.023528 2.823753 0.000000
-0.405140 0.050713 2.728735 1.000000
0.026214 0.081261 2.779886 1.000000
-0.411866 -0.236951 2.703674 1.000000
0.022204 -0.200486 2.716435 1.000000
-0.401992 -0.288741 2.712525 0.543269
0.024901 -0.253800 2.719347 0.358173
-0.298998 -0.513337 2.804151 1.000000
-0.077488 -0.523572 2.770940 1.000000
-0.326127 -0.899589 2.841496 1.000000
-0.064266 -0.906095 2.840385 1.000000
-0.311911 -0.911063 2.733151 0.000000
-0.048977 -0.925018 2.733238 0.000000
-0.198402 0.594777 2.663890 1.000000
-0.344279 0.321344 2.728698 1.000000
-0.059030 0.348019 2.766675 1.000000
-0.190880 0.375434 2.638137 0.000000
-0.199768 0.192334 2.833502 0.000000
-0.351561 -0.027742 2.693141 0.663462
-0.018677 -0.031382 2.736479 0.298077
-0.199189 -0.023807 2.823371 0.000000
-0.406324 0.050052 2.726042 1.000000
0.028884 0.084341 2.780889 1.000000
-0.415077 -0.237292 2.702343 1.000000
0.020261 -0.197754 2.721286 1.000000
-0.393624 -0.286213 2.704491 0.509615
0.013867 -0.247599 2.703045 0.274038
-0.297747 -0.513347 2.801127 1.000000
-0.076063 -0.522345 2.771438 1.000000
-0.327862 -0.899210 2.840162 1.000000
-0.064599 -0.904423 2.843589 1.000000
-0.313197 -0.911302 2.731944 0.000000
-0.048668 -0.924135 2.736677 0.000000
-0.199823 0.594307 2.664868 1.000000
-0.343716 0.320616 2.724231 1.000000
-0.058402 0.346001 2.762603 1.000000
-0.189599 0.371423 2.632991 0.000000
-0.200556 0.192982 2.832517 0.000000
-0.351879 -0.030310 2.691570 0.682692
-0.019147 -0.031576 2.736194 0.278846
-0.200043 -0.025245 2.822386 0.000000
-0.407822 0.049593 2.727432 1.000000
0.026739 0.081647 2.783607 1.000000
-0.410828 -0.237656 2.698998 1.000000
0.022900 -0.197611 2.710602 1.000000
-0.397997 -0.289512 2.701123 0.509615
0.018204 -0.249009 2.696663 0.240385
-0.299335 -0.514606 2.801897 1.000000
-0.075636 -0.523079 2.772243 1.000000
-0.328108 -0.900598 2.840663 1.000000
-0.061289 -0.905763 2.840563 1.000000
-0.312855 -0.912597 2.732515 0.000000
-0.045186 -0.924280 2.733464 0.000000
-0.200627 0.594273 2.663547 1.000000
-0.346786 0.322935 2.726054 1.000000
-0.060866 0.345650 2.761482 1.000000
-0.193183 0.372590 2.633324 0.000000
-0.203655 0.193736 2.832506 0.000000
-0.350465 -0.030941 2.694631 0.750000
-0.017271 -0.030782 2.735677 0.230769
-0.197250 -0.024316 2.823757 0.000000
-0.405864 0.051106 2.724590 1.000000
0.025876 0.083698 2.796694 1.000000
-0.411140 -0.236097 2.699841 1.000000
0.023749 -0.181004 2.682439 1.000000
-0.391250 -0.284981 2.708373 0.475962
0.019395 -0.233497 2.673290 0.206731
-0.299324 -0.514733 2.803880 1.000000
-0.076694 -0.523229 2.770452 1.000000
-0.326234 -0.901126 2.839903 1.000000
-0.065546 -0.905708 2.840497 1.000000
-0.312032 -0.912219 2.731516 0.000000
-0.050482 -0.924889 2.733363 0.000000
-0.199348 0.594782 2.662900 1.000000
-0.346629 0.329455 2.727465 1.000000
-0.062255 0.359228 2.769493 1.000000
-0.192581 0.385383 2.639150 0.000000
-0.202183 0.201889 2.834110 0.000000
-0.342877 -0.026572 2.694267 0.605769
-0.010619 -0.025954 2.742301 0.682692
-0.192423 -0.020902 2.826646 0.000000
-0.405938 0.060562 2.723773 1.000000
0.022129 0.101686 2.818338 1.000000
-0.411252 -0.223937 2.701526 1.000000
0.059534 -0.075703 2.597891 1.000000
-0.401589 -0.276330 2.697092 0.543269
0.067819 -0.111531 2.559086 0.000000
-0.293566 -0.511209 2.799644 1.000000
-0.075934 -0.519510 2.770340 1.000000
-0.324807 -0.896701 2.841372 1.000000
-0.062808 -0.901429 2.843049 1.000000
-0.308419 -0.909705 2.733507 0.000000
-0.045835 -0.921168 2.736303 0.000000
-0.198936 0.597246 2.649624 1.000000
-0.347393 0.333216 2.721166 1.000000
-0.065010 0.364319 2.774205 1.000000
-0.190214 0.389409 2.638734 0.000000
-0.206753 0.206677 2.833945 0.000000
-0.342446 -0.020710 2.686860 0.596154
-0.012324 -0.019965 2.747869 0.336538
-0.197301 -0.016120 2.825078 0.000000
-0.404294 0.066329 2.722014 1.000000
0.030490 0.111924 2.814744 1.000000
-0.410160 -0.215514 2.699134 1.000000
0.102543 0.069162 2.544608 0.480769
-0.411569 -0.268842 2.702631 0.610577
0.117713 0.057297 2.494736 0.000000
-0.290653 -0.505011 2.798372 1.000000
-0.072576 -0.513263 2.771101 1.000000
-0.328384 -0.890117 2.838256 1.000000
-0.058785 -0.896078 2.838799 1.000000
-0.307542 -0.903249 2.731178 0.000000
-0.037453 -0.914102 2.732533 0.000000
-0.197917 0.601228 2.647758 1.000000
-0.346863 0.336459 2.719082 1.000000
-0.065486 0.362402 2.779701 1.000000
-0.186688 0.390740 2.641263 0.000000
-0.211304 0.206629 2.834315 0.000000
-0.339231 -0.021712 2.685308 0.615385
-0.009859 -0.015823 2.749981 0.548077
-0.195732 -0.013531 2.825071 0.000000
-0.399427 0.071916 2.719669 1.000000
0.043362 0.117713 2.811734 1.000000
-0.404855 -0.206658 2.697042 1.000000
0.138054 0.208253 2.564791 1.000000
-0.409056 -0.259382 2.704830 0.644231
0.155069 0.235312 2.521938 0.156250
-0.289110 -0.504824 2.795912 1.000000
-0.067629 -0.510419 2.773027 1.000000
-0.325505 -0.889687 2.839233 1.000000
-0.058723 -0.893526 2.839893 1.000000
-0.303318 -0.903794 2.732551 0.000000
-0.035849 -0.911487 2.733937 0.000000
-0.194537 0.602502 2.651191 1.000000
-0.346953 0.342124 2.720295 1.000000
-0.063081 0.352560 2.773479 1.000000
-0.186268 0.388788 2.638681 0.000000
-0.215415 0.204059 2.830507 0.000000
-0.345159 -0.027985 2.694846 0.538462
-0.012370 -0.020641 2.738448 0.865385
-0.193135 -0.016838 2.825064 0.000000
-0.400882 0.079740 2.713674 1.000000
0.125208 0.164495 2.804721 1.000000
-0.403879 -0.196980 2.690384 1.000000
0.173430 0.365498 2.619255 1.000000
-0.401379 -0.250321 2.692940 0.812500
0.179863 0.418561 2.620275 0.593750
-0.286766 -0.512728 2.793682 1.000000
-0.062100 -0.513682 2.779120 1.000000
-0.320751 -0.897802 2.837087 1.000000
-0.059496 -0.897453 2.842633 1.000000
-0.305498 -0.911318 2.729118 0.000000
-0.042807 -0.915075 2.735471 0.000000
-0.195770 0.604376 2.657694 1.000000
-0.341265 0.339573 2.723801 1.000000
-0.056067 0.345438 2.770154 1.000000
-0.181684 0.381467 2.637563 0.000000
-0.209844 0.201104 2.833645 0.000000
-0.339904 -0.025553 2.697471 0.769231
-0.006491 -0.026067 2.736700 1.000000
-0.185967 -0.018393 2.825707 0.000000
-0.397390 0.075842 2.707696 1.000000
0.177542 0.211815 2.793288 1.000000
-0.396566 -0.202842 2.680995 1.000000
0.211056 0.437003 2.630362 1.000000
-0.395149 -0.254688 2.668033 0.745192
0.213738 0.487376 2.648068 0.576923
-0.282241 -0.512828 2.794075 1.000000
-0.056107 -0.516175 2.782032 1.000000
-0.322535 -0.897290 2.837506 1.000000
-0.062007 -0.900524 2.841711 1.000000
-0.309102 -0.910920 2.729311 0.000000
-0.046423 -0.917446 2.734271 0.000000
-0.183299 0.596500 2.650578 1.000000
-0.338222 0.329037 2.717613 1.000000
-0.052539 0.340286 2.759794 1.000000
-0.180368 0.369693 2.627684 0.000000
-0.203530 0.196489 2.830749 0.000000
-0.335493 -0.032015 2.700264 0.894231
-0.001672 -0.034404 2.735772 1.000000
-0.180070 -0.023975 2.826643 0.000000
-0.395820 0.066297 2.706405 1.000000
0.202649 0.260853 2.792118 1.000000
-0.393795 -0.211926 2.685392 1.000000
0.265863 0.476100 2.626208 1.000000
-0.391382 -0.264057 2.673792 0.610577
0.246680 0.525379 2.618355 0.307692
-0.280047 -0.519808 2.795479 1.000000
-0.052950 -0.524108 2.781569 1.000000
-0.322977 -0.904253 2.836468 0.991106
-0.061247 -0.907841 2.844820 1.000000
-0.310777 -0.917176 2.728040 0.000000
-0.046593 -0.925860 2.737427 0.000000
-0.182360 0.597034 2.664148 1.000000
-0.328436 0.325472 2.719872 1.000000
-0.041857 0.331612 2.754050 1.000000
-0.172400 0.362561 2.625344 0.000000
-0.193158 0.191157 2.830190 0.000000
-0.325011 -0.037543 2.704129 0.605769
0.009863 -0.038307 2.727841 1.000000
-0.165261 -0.027834 2.824869 0.000000
-0.381713 0.060568 2.708799 1.000000
0.227904 0.341707 2.770242 1.000000
-0.385071 -0.218168 2.679502 1.000000
0.359620 0.538346 2.620086 1.000000
-0.380979 -0.271382 2.676410 0.543269
0.346578 0.584079 2.595662 0.290865
-0.278552 -0.523885 2.795348 1.000000
-0.048566 -0.529129 2.778832 1.000000
-0.322345 -0.907994 2.838520 1.000000
-0.057105 -0.912012 2.847013 1.000000
-0.313916 -0.921179 2.729765 0.000000
-0.046824 -0.931412 2.739354 0.000000
-0.174920 0.595264 2.676748 1.000000
-0.320571 0.325156 2.720454 1.000000
-0.035260 0.332784 2.751857 1.000000
-0.165529 0.361856 2.624156 0.000000
-0.183771 0.192586 2.831006 0.000000
-0.317159 -0.035114 2.702289 1.000000
0.017534 -0.043107 2.727188 1.000000
-0.157640 -0.028021 2.823516 0.000000
-0.380605 0.061570 2.710291 1.000000
0.233238 0.363981 2.762847 1.000000
-0.383226 -0.217273 2.681030 1.000000
0.403470 0.538673 2.624572 1.000000
-0.374586 -0.268675 2.669146 0.543269
0.408214 0.579887 2.590853 0.341346
-0.269722 -0.523821 2.794319 1.000000
-0.048790 -0.531760 2.782485 1.000000
-0.320312 -0.907285 2.835754 1.000000
-0.059047 -0.915181 2.847326 1.000000
-0.311775 -0.920166 2.726971 0.000000
-0.049274 -0.933683 2.739462 0.000000
-0.167399 0.592550 2.664622 1.000000
-0.314861 0.331502 2.726100 1.000000
-0.032399 0.329747 2.748548 1.000000
-0.161715 0.365063 2.625709 0.000000
-0.179036 0.192830 2.830178 0.000000
-0.310687 -0.030543 2.706815 0.884615
0.024685 -0.039642 2.718887 1.000000
-0.146660 -0.025205 2.821963 0.000000
-0.371733 0.066631 2.709565 1.000000
0.228577 0.404051 2.742609 1.000000
-0.374813 -0.214018 2.690635 1.000000
0.446714 0.542659 2.631543 1.000000
-0.369998 -0.265396 2.676663 0.475962
0.455874 0.578146 2.592622 0.358173
-0.267163 -0.519444 2.792707 1.000000
-0.044565 -0.527892 2.780861 1.000000
-0.321680 -0.902107 2.836504 1.000000
-0.061288 -0.910991 2.846256 1.000000
-0.317390 -0.915194 2.727495 0.000000
-0.055702 -0.929692 2.738128 0.000000
-0.161380 0.595439 2.671830 1.000000
-0.309950 0.333758 2.733216 1.000000
-0.028616 0.337415 2.732044 1.000000
-0.166348 0.367418 2.619623 0.000000
-0.163301 0.200112 2.828838 0.000000
-0.303567 -0.025363 2.725665 0.586538
0.031315 -0.032225 2.703083 1.000000
-0.128640 -0.022784 2.823573 0.000000
-0.359309 0.068708 2.708587 1.000000
0.221417 0.440925 2.724096 1.000000
-0.368735 -0.211280 2.692731 1.000000
0.468624 0.538737 2.634344 1.000000
-0.351024 -0.260601 2.682152 0.846154
0.507023 0.574503 2.624124 0.290865
-0.262478 -0.515236 2.787675 1.000000
-0.040913 -0.520525 2.781597 1.000000
-0.318777 -0.898083 2.827414 1.000000
-0.057350 -0.904405 2.842315 1.000000
-0.325715 -0.908395 2.718244 0.000000
-0.063796 -0.921272 2.733934 0.000000
-0.147820 0.601485 2.672224 1.000000
-0.299251 0.332279 2.737975 1.000000
-0.018646 0.338691 2.727814 1.000000
-0.159705 0.367997 2.620037 0.000000
-0.148324 0.199533 2.828032 0.000000
-0.298085 -0.022729 2.723370 0.836538
0.036934 -0.037251 2.707426 1.000000
-0.125105 -0.023805 2.824707 0.000000
-0.354110 0.068305 2.711354 1.000000
0.227112 0.451655 2.712243 1.000000
-0.370308 -0.211540 2.694865 1.000000
0.480478 0.549641 2.641164 1.000000
-0.358091 -0.262236 2.683088 0.475962
0.530942 0.566534 2.636057 0.223558
-0.262565 -0.514237 2.787762 1.000000
-0.042046 -0.524395 2.778325 1.000000
-0.317054 -0.897164 2.829219 1.000000
-0.060056 -0.907569 2.842938 1.000000
-0.322285 -0.908241 2.720029 0.000000
-0.064613 -0.925614 2.734651 0.000000
-0.125844 0.601223 2.676322 1.000000
-0.284754 0.337767 2.739129 1.000000
-0.005313 0.336083 2.721159 1.000000
-0.147635 0.367868 2.616858 0.000000
-0.135126 0.202062 2.826914 0.000000
-0.290276 -0.017990 2.729800 0.519231
0.043729 -0.040188 2.704283 1.000000
-0.114485 -0.022192 2.826092 0.000000
-0.349555 0.074078 2.721123 1.000000
0.240173 0.451523 2.699571 1.000000
-0.363595 -0.206559 2.696685 1.000000
0.497019 0.537449 2.620843 1.000000
-0.365409 -0.259704 2.691165 0.543269
0.545323 0.557303 2.632270 0.425481
-0.263663 -0.510891 2.789399 1.000000
-0.047534 -0.525478 2.778000 1.000000
-0.315918 -0.894449 2.827785 1.000000
-0.055919 -0.908225 2.846963 1.000000
-0.324618 -0.904182 2.718688 0.000000
-0.064748 -0.927458 2.739146 0.000000
-0.113992 0.604424 2.680260 1.000000
-0.270257 0.327992 2.739830 1.000000
0.008607 0.327588 2.715084 1.000000
-0.136356 0.355889 2.613535 0.000000
-0.117623 0.195439 2.827256 0.000000
-0.282721 -0.022089 2.732767 0.634615
0.050754 -0.049508 2.705451 1.000000
-0.106332 -0.026834 2.827935 0.000000
-0.338133 0.065190 2.719969 1.000000
0.253106 0.445472 2.695340 1.000000
-0.361763 -0.215309 2.701956 1.000000
0.513594 0.523424 2.620292 1.000000
-0.347444 -0.266722 2.698833 0.644231
0.564098 0.533315 2.634770 0.358173
-0.267047 -0.513753 2.798608 1.000000
-0.051367 -0.533619 2.777662 1.000000
-0.321797 -0.897844 2.826838 1.000000
-0.054253 -0.915793 2.850161 1.000000
-0.330866 -0.904584 2.717545 0.000000
-0.064152 -0.936116 2.742637 0.000000
-0.098840 0.594700 2.676303 1.000000
-0.254433 0.325377 2.736907 1.000000
0.025878 0.325438 2.714634 1.000000
-0.119376 0.355685 2.612411 0.000000
-0.102594 0.191167 2.823181 0.000000
-0.280369 -0.022567 2.731874 0.855769
0.053167 -0.051786 2.707316 1.000000
-0.104702 -0.027035 2.828382 0.000000
-0.336309 0.066877 2.721724 1.000000
0.275270 0.429403 2.687216 1.000000
-0.354466 -0.213517 2.704993 1.000000
0.536951 0.508153 2.619749 1.000000
-0.341773 -0.265323 2.701366 0.879808
0.586701 0.517202 2.637103 0.459135
-0.268022 -0.514387 2.797048 1.000000
-0.050687 -0.535635 2.776062 1.000000
-0.321757 -0.898398 2.828166 1.000000
-0.057070 -0.916598 2.854467 1.000000
-0.330265 -0.906063 2.718890 0.000000
-0.065957 -0.938531 2.747170 0.000000
-0.079621 0.593557 2.681379 1.000000
-0.245484 0.323953 2.732597 1.000000
0.035674 0.326260 2.716368 1.000000
-0.108030 0.352706 2.610377 0.000000
-0.094320 0.193270 2.825235 0.000000
-0.282429 -0.025476 2.728274 0.673077
0.051864 -0.051428 2.711591 0.951923
-0.108973 -0.027158 2.828787 0.000000
-0.331198 0.067303 2.730054 1.000000
0.286327 0.424548 2.689262 1.000000
-0.358989 -0.211211 2.712333 1.000000
0.549827 0.493463 2.622368 1.000000
-0.350392 -0.263941 2.710407 0.644231
0.602549 0.496146 2.630809 0.358173
-0.269144 -0.515785 2.799799 1.000000
-0.052829 -0.536110 2.779038 1.000000
-0.317383 -0.900392 2.832534 1.000000
-0.056501 -0.916459 2.860541 1.000000
-0.323411 -0.908946 2.723158 0.000000
-0.062840 -0.939384 2.753271 0.000000
-0.078590 0.593835 2.676975 1.000000
-0.245954 0.325890 2.735932 1.000000
0.035870 0.320359 2.716616 1.000000
-0.109077 0.350786 2.612226 0.000000
-0.097491 0.191074 2.827004 0.000000
-0.272957 -0.022348 2.731064 0.884615
0.059713 -0.062845 2.711220 1.000000
-0.098784 -0.031509 2.829918 0.000000
-0.327501 0.069451 2.726581 1.000000
0.291959 0.399851 2.692159 1.000000
-0.356125 -0.207779 2.712306 1.000000
0.559893 0.451134 2.633330 1.000000
-0.359234 -0.260210 2.722275 0.543269
0.610872 0.451132 2.649431 0.442308
-0.269767 -0.515211 2.802519 1.000000
-0.052109 -0.543245 2.776806 1.000000
-0.320892 -0.899955 2.828582 1.000000
-0.051631 -0.925492 2.848972 1.000000
-0.328385 -0.906372 2.719151 0.000000
-0.059728 -0.945830 2.741300 0.000000
-0.073044 0.590329 2.676042 1.000000
-0.239456 0.325850 2.741237 1.000000
0.043146 0.317663 2.721555 1.000000
-0.102368 0.352033 2.618032 0.000000
-0.092433 0.187411 2.829155 0.000000
-0.278408 -0.024655 2.732996 0.846154
0.054334 -0.063844 2.711790 1.000000
-0.103810 -0.033244 2.831149 0.000000
-0.326677 0.070580 2.727608 1.000000
0.303330 0.382583 2.689225 1.000000
-0.357488 -0.207030 2.708823 1.000000
0.574385 0.422969 2.632057 1.000000
-0.355661 -0.259545 2.718672 0.677885
0.623937 0.428289 2.651406 0.425481
-0.267251 -0.519462 2.799103 1.000000
-0.050240 -0.544699 2.777783 1.000000
-0.322471 -0.903457 2.827723 1.000000
-0.054953 -0.925645 2.856386 1.000000
-0.330156 -0.910505 2.718344 0.000000
-0.062974 -0.947695 2.749046 0.000000
-0.068483 0.588549 2.677500 1.000000
-0.243432 0.323938 2.731365 1.000000
0.040918 0.320434 2.721671 1.000000
-0.102609 0.348075 2.612016 0.000000
-0.097119 0.191773 2.829528 0.000000
-0.276003 -0.022950 2.724986 0.980769
0.057022 -0.064687 2.717554 1.000000
-0.105611 -0.032260 2.830210 0.000000
-0.329391 0.068031 2.727206 1.000000
0.304581 0.375391 2.702807 1.000000
-0.361846 -0.209470 2.711581 1.000000
0.576123 0.388742 2.636543 1.000000
-0.353998 -0.262347 2.710891 0.526442
0.623624 0.402704 2.656713 0.223558
-0.266507 -0.517682 2.798922 1.000000
-0.050411 -0.544688 2.779186 1.000000
-0.321186 -0.901734 2.827827 1.000000
-0.056498 -0.926404 2.853863 1.000000
-0.324538 -0.909502 2.718278 0.000000
-0.060202 -0.947430 2.746082 0.000000
-0.076320 0.590091 2.676542 1.000000
-0.237619 0.319546 2.729112 1.000000
0.051262 0.324801 2.735532 1.000000
-0.091137 0.349433 2.618170 0.000000
-0.093042 0.190596 2.833899 0.000000
-0.279109 -0.024470 2.719528 0.980769
0.054684 -0.058534 2.730715 0.634615
-0.114847 -0.031478 2.834251 0.000000
-0.331840 0.067784 2.730199 1.000000
0.319231 0.311358 2.718956 1.000000
-0.357899 -0.208643 2.707082 1.000000
0.593064 0.318354 2.668045 1.000000
-0.352833 -0.261839 2.705439 0.610577
0.639511 0.314617 2.641837 0.156250
-0.267429 -0.516821 2.801488 1.000000
-0.049199 -0.541869 2.778458 1.000000
-0.319598 -0.901396 2.827971 1.000000
-0.053630 -0.923368 2.854350 1.000000
-0.316483 -0.909362 2.718429 0.000000
-0.050731 -0.944831 2.746630 0.000000
-0.083087 0.591367 2.682481 1.000000
-0.241601 0.319440 2.729219 1.000000
0.046448 0.330682 2.749784 1.000000
-0.090693 0.355623 2.626380 0.000000
-0.099312 0.190655 2.837290 0.000000
-0.277383 -0.024856 2.712517 0.769231
0.055609 -0.058079 2.739277 0.798077
-0.118664 -0.031694 2.834804 0.000000
-0.335987 0.067666 2.729002 1.000000
0.309083 0.274006 2.739344 1.000000
-0.361541 -0.209124 2.709047 1.000000
0.577712 0.251995 2.668505 1.000000
-0.357438 -0.262184 2.703954 0.509615
0.618914 0.255623 2.634632 0.257212
-0.265150 -0.516427 2.802923 1.000000
-0.048847 -0.542027 2.778278 1.000000
-0.317348 -0.901091 2.828025 1.000000
-0.058124 -0.924255 2.849950 1.000000
-0.309047 -0.909347 2.718775 0.000000
-0.049950 -0.944640 2.742292 0.000000
-0.091075 0.591348 2.677204 1.000000
-0.249453 0.319543 2.722382 1.000000
0.036934 0.338353 2.756291 1.000000
-0.094960 0.359963 2.626694 0.000000
-0.108952 0.194300 2.836770 0.000000
-0.278390 -0.021792 2.707151 1.000000
0.052977 -0.054790 2.749695 1.000000
-0.125783 -0.029719 2.836923 0.000000
-0.340907 0.064954 2.727191 1.000000
0.281520 0.224386 2.776086 1.000000
-0.365411 -0.213648 2.706800 1.000000
0.536428 0.181495 2.667380 1.000000
-0.358013 -0.266232 2.712983 0.475962
0.581845 0.181229 2.639178 0.459135
-0.265866 -0.513110 2.803519 1.000000
-0.050190 -0.539422 2.776304 1.000000
-0.320522 -0.897520 2.827235 1.000000
-0.053167 -0.920039 2.856576 1.000000
-0.306956 -0.906155 2.718543 0.000000
-0.039886 -0.942646 2.749875 0.000000
-0.104172 0.594542 2.673308 1.000000
-0.260381 0.333221 2.723902 1.000000
0.023221 0.348524 2.777352 1.000000
-0.099831 0.377448 2.640679 0.000000
-0.128042 0.201511 2.840734 0.000000
-0.281849 -0.019934 2.700392 0.826923
0.047222 -0.042610 2.762851 1.000000
-0.137308 -0.025053 2.839224 0.000000
-0.342596 0.074427 2.728060 1.000000
0.210397 0.152871 2.798233 1.000000
-0.373906 -0.204436 2.706160 1.000000
0.450280 0.075379 2.673030 1.000000
-0.364913 -0.256801 2.712095 0.475962
0.490666 0.078533 2.638143 0.661058
-0.268018 -0.508375 2.801645 1.000000
-0.054093 -0.531111 2.775483 1.000000
-0.315991 -0.893533 2.827597 1.000000
-0.056355 -0.912219 2.853407 1.000000
-0.295667 -0.903310 2.720061 0.000000
-0.036656 -0.933985 2.747526 0.000000
-0.109140 0.601879 2.670707 1.000000
-0.270072 0.330254 2.725973 1.000000
0.015089 0.342379 2.771331 1.000000
-0.111283 0.370633 2.637577 0.000000
-0.136415 0.198749 2.841528 0.000000
-0.286285 -0.019189 2.704946 0.894231
0.044078 -0.045045 2.758748 1.000000
-0.138256 -0.026307 2.839961 0.000000
-0.349857 0.071094 2.725265 1.000000
0.153833 0.111892 2.805329 1.000000
-0.369729 -0.208623 2.706543 1.000000
0.382519 0.003004 2.683537 1.000000
-0.363695 -0.260350 2.694456 0.442308
0.424801 -0.014389 2.655826 0.408654
-0.274476 -0.508296 2.802808 1.000000
-0.057219 -0.532490 2.775562 1.000000
-0.316550 -0.894255 2.827028 1.000000
-0.059959 -0.914313 2.849888 1.000000
-0.299406 -0.902912 2.718845 0.000000
-0.042915 -0.935171 2.743366 0.000000
-0.123119 0.596772 2.667855 1.000000
-0.282493 0.325696 2.729246 1.000000
0.002315 0.342790 2.775215 1.000000
-0.124414 0.370407 2.641667 0.000000
-0.146427 0.195253 2.843182 0.000000
-0.296364 -0.025298 2.705451 0.903846
0.034412 -0.044769 2.759407 1.000000
-0.148247 -0.028943 2.840509 0.000000
-0.358388 0.065643 2.728669 1.000000
0.109990 0.096807 2.811086 1.000000
-0.378114 -0.213300 2.703437 1.000000
0.301082 -0.073490 2.695685 1.000000
-0.367720 -0.265112 2.695341 0.475962
0.340475 -0.080641 2.660256 0.475962
-0.275664 -0.514387 2.801596 1.000000
-0.058402 -0.533988 2.777622 1.000000
-0.322203 -0.899454 2.831233 1.000000
-0.059015 -0.916231 2.849807 1.000000
-0.304625 -0.909887 2.723276 0.000000
-0.041399 -0.936383 2.743243 0.000000
-0.128217 0.594004 2.669996 1.000000
-0.292554 0.341021 2.736742 1.000000
-0.007636 0.339655 2.785124 1.000000
-0.131461 0.380824 2.652344 0.000000
-0.165055 0.197723 2.845003 0.000000
-0.303841 -0.021383 2.711025 0.740385
0.027426 -0.039848 2.762251 1.000000
-0.154710 -0.026273 2.844922 0.000000
-0.368882 0.080849 2.727972 1.000000
0.064554 0.079696 2.813444 1.000000
-0.386691 -0.198774 2.704570 1.000000
0.168057 -0.160675 2.710669 1.000000
-0.379020 -0.251647 2.702655 0.509615
0.211972 -0.178760 2.686123 0.526442
-0.279317 -0.511873 2.799312 1.000000
-0.057932 -0.529510 2.776023 1.000000
-0.319888 -0.897490 2.830537 1.000000
-0.060631 -0.911875 2.847512 1.000000
-0.303424 -0.907977 2.722410 0.000000
-0.043169 -0.931930 2.740903 0.000000
-0.141629 0.594903 2.665790 1.000000
-0.296160 0.340129 2.736864 1.000000
-0.012145 0.338932 2.790295 1.000000
-0.133711 0.381443 2.655861 0.000000
-0.170181 0.195818 2.845558 0.000000
-0.314815 -0.030722 2.696282 0.528846
0.013523 -0.034182 2.766176 0.682692
-0.173384 -0.026850 2.838319 0.000000
-0.374516 0.079621 2.729578 1.000000
0.053995 0.075768 2.810965 1.000000
-0.389166 -0.200790 2.702973 1.000000
0.094668 -0.189047 2.722808 1.000000
-0.392466 -0.254146 2.702444 0.509615
0.118679 -0.229197 2.696933 0.677885
-0.279694 -0.516351 2.801363 1.000000
-0.062907 -0.527957 2.776531 1.000000
-0.317954 -0.901917 2.835944 0.978606
-0.059882 -0.910694 2.845988 1.000000
-0.294534 -0.913810 2.729254 0.000000
-0.036218 -0.929671 2.740383 0.000000
-0.159227 0.589986 2.659400 1.000000
-0.305474 0.339113 2.732678 1.000000
-0.021409 0.337352 2.785832 1.000000
-0.142823 0.376851 2.650345 0.000000
-0.180433 0.197081 2.845383 0.000000
-0.332376 -0.035239 2.705212 0.538462
0.000401 -0.028929 2.749056 0.403846
-0.180417 -0.024100 2.835507 0.000000
-0.378764 0.075388 2.727678 1.000000
0.053387 0.074423 2.800706 1.000000
-0.393706 -0.207036 2.704803 1.000000
0.044506 -0.202178 2.738077 1.000000
-0.394097 -0.260426 2.707536 0.543269
0.055450 -0.251784 2.721417 0.593750
-0.286227 -0.519076 2.803500 1.000000
-0.063127 -0.524113 2.776393 1.000000
-0.325113 -0.904869 2.834687 1.000000
-0.059018 -0.906498 2.847708 1.000000
-0.309359 -0.915208 2.726440 0.000000
-0.042787 -0.926253 2.740849 0.000000
-0.161008 0.595993 2.671103 1.000000
-0.314078 0.322804 2.730756 1.000000
-0.030440 0.338455 2.783909 1.000000
-0.153704 0.367521 2.647457 0.000000
-0.181375 0.191019 2.847089 0.000000
-0.337137 -0.035609 2.698178 0.740385
-0.006940 -0.039790 2.758637 0.403846
-0.191596 -0.028361 2.835864 0.000000
-0.387662 0.057157 2.730753 1.000000
0.042092 0.072594 2.790228 1.000000
-0.401108 -0.226880 2.703120 1.000000
0.033911 -0.207938 2.736784 1.000000
-0.385247 -0.274443 2.684563 0.408654
0.049646 -0.257614 2.724831 0.223558
-0.289921 -0.521900 2.807538 1.000000
-0.065584 -0.531036 2.781965 1.000000
-0.325820 -0.908030 2.838133 1.000000
-0.056608 -0.913876 2.850334 1.000000
-0.305384 -0.918444 2.730679 0.000000
-0.034856 -0.932315 2.744224 0.000000
-0.177123 0.590194 2.673278 1.000000
-0.320224 0.323175 2.734690 1.000000
-0.035416 0.338598 2.781248 1.000000
-0.161955 0.369303 2.648195 0.000000
-0.184585 0.190051 2.846004 0.000000
-0.340709 -0.039870 2.710121 0.894231
-0.007204 -0.036180 2.748377 0.557692
-0.186506 -0.026728 2.837561 0.000000
-0.390136 0.055556 2.737327 1.000000
0.043395 0.073462 2.783856 1.000000
-0.403729 -0.229000 2.705139 1.000000
0.036585 -0.207768 2.728569 1.000000
-0.400862 -0.281021 2.717129 0.543269
0.048430 -0.259382 2.721238 0.644231
-0.294839 -0.524548 2.807333 1.000000
-0.073449 -0.530647 2.774347 1.000000
-0.332177 -0.910320 2.840600 1.000000
-0.060679 -0.912225 2.848887 1.000000
-0.318579 -0.920993 2.732094 0.000000
-0.046602 -0.932663 2.741852 0.000000
-0.183908 0.587058 2.665433 1.000000
-0.321661 0.319214 2.737626 1.000000
-0.035536 0.340250 2.772426 1.000000
-0.167886 0.367194 2.644302 0.000000
-0.179221 0.189793 2.844732 0.000000
-0.338985 -0.042891 2.701600 0.903846
-0.007932 -0.037188 2.757050 0.605769
-0.191655 -0.031716 2.837104 0.000000
-0.399769 0.053075 2.741657 1.000000
0.040728 0.073585 2.776994 1.000000
-0.409048 -0.233213 2.716948 1.000000
0.041553 -0.208222 2.720058 1.000000
-0.397481 -0.283909 2.704530 0.543269
0.044759 -0.260545 2.709565 0.509615
-0.298390 -0.524484 2.812356 1.000000
-0.078082 -0.533073 2.773492 1.000000
-0.325007 -0.911251 2.844356 1.000000
-0.061855 -0.914573 2.847760 1.000000
-0.305754 -0.921486 2.736666 0.000000
-0.042849 -0.934473 2.741387 0.000000
-0.191088 0.588510 2.669696 1.000000
-0.336991 0.322990 2.743394 1.000000
-0.049059 0.341526 2.759910 1.000000
-0.188946 0.368347 2.640033 0.000000
-0.189317 0.193363 2.842893 0.000000
-0.347270 -0.035098 2.712245 0.778846
-0.012914 -0.035113 2.742398 0.653846
-0.189906 -0.026224 2.836140 0.000000
-0.408679 0.054430 2.756976 1.000000
0.032556 0.075500 2.755771 1.000000
-0.413382 -0.230740 2.713950 1.000000
0.048628 -0.208386 2.707333 1.000000
-0.404252 -0.283398 2.715321 0.375000
0.050341 -0.261714 2.703971 0.509615
-0.300419 -0.519155 2.815813 1.000000
-0.081457 -0.528853 2.770730 1.000000
-0.332843 -0.905978 2.841060 1.000000
-0.067629 -0.910803 2.843144 1.000000
-0.321766 -0.914022 2.732041 0.000000
-0.056440 -0.930772 2.735680 0.000000
-0.197312 0.592674 2.670338 1.000000
