-0.323049 0.198521 2.806805 1.000000
0.061329 0.227414 2.762501 1.000000
-0.148758 0.272908 2.668469 0.009615
-0.104170 0.074464 2.925894 0.000000
-0.281319 -0.162882 2.797418 0.000000
0.001683 -0.171596 2.762868 0.000000
-0.115550 -0.180326 2.982228 0.000000
-0.365330 -0.052002 2.728279 1.000000
0.104193 -0.032443 2.725149 1.000000
-0.315301 -0.331203 2.667531 1.000000
0.001395 -0.296434 2.662391 1.000000
-0.289628 -0.401333 2.669848 1.000000
-0.016294 -0.368386 2.672017 1.000000
-0.020685 -0.645771 2.741232 1.000000
-0.288801 -0.639071 2.754523 1.000000
-0.090215 -1.049127 2.820972 0.969231
-0.262642 -1.046007 2.841744 1.000000
0.048666 -1.093746 2.716371 0.000000
-0.414074 -1.075414 2.749964 0.000000
-0.082018 0.523888 2.649026 1.000000
-0.324720 0.200913 2.802269 1.000000
0.060064 0.227248 2.759946 1.000000
-0.149180 0.270607 2.663071 0.004808
-0.107133 0.079741 2.926583 0.000000
-0.280262 -0.163460 2.797750 0.000000
0.003054 -0.170979 2.765579 0.000000
-0.115986 -0.180406 2.983933 0.000000
-0.364118 -0.049646 2.724662 1.000000
0.104676 -0.032067 2.725976 1.000000
-0.318542 -0.329155 2.665381 1.000000
0.001840 -0.295410 2.664065 1.000000
-0.298784 -0.400084 2.678080 1.000000
-0.010539 -0.367223 2.680563 1.000000
-0.020202 -0.645945 2.738535 1.000000
-0.289552 -0.637256 2.754354 1.000000
-0.091874 -1.048813 2.818845 0.944231
-0.261403 -1.043284 2.845118 1.000000
0.045634 -1.094405 2.712859 0.000000
-0.413430 -1.074021 2.754766 0.000000
-0.085568 0.527965 2.640778 0.995192
-0.321364 0.200389 2.798006 1.000000
0.063257 0.228963 2.755646 1.000000
-0.146169 0.267797 2.657256 0.000000
-0.102964 0.084600 2.925972 0.000000
-0.279471 -0.161550 2.798752 0.000000
0.003867 -0.170875 2.767252 0.000000
-0.115694 -0.178173 2.985404 0.000000
-0.361867 -0.051508 2.726411 1.000000
0.109073 -0.030909 2.730877 1.000000
-0.317118 -0.330215 2.664160 1.000000
0.006822 -0.294040 2.668463 1.000000
-0.302422 -0.400827 2.683671 1.000000
-0.006905 -0.366793 2.678518 1.000000
-0.017623 -0.643918 2.744463 1.000000
-0.292172 -0.634615 2.753462 1.000000
-0.089967 -1.046510 2.825551 0.931731
-0.262197 -1.041226 2.840970 1.000000
0.049987 -1.092331 2.722918 0.000000
-0.414098 -1.071917 2.750393 0.000000
-0.090831 0.529651 2.636259 0.721154
-0.321973 0.216322 2.778169 1.000000
0.065386 0.232015 2.762336 1.000000
-0.135253 0.272146 2.647527 0.000000
-0.116895 0.100467 2.926499 0.000000
-0.278816 -0.159371 2.788507 0.000000
0.006020 -0.168287 2.776315 0.000000
-0.127959 -0.172612 2.986004 0.000000
-0.355375 -0.041772 2.730888 1.000000
0.083420 -0.026328 2.708324 1.000000
-0.310304 -0.320351 2.670774 1.000000
0.012208 -0.303411 2.670513 1.000000
-0.295850 -0.392418 2.684195 1.000000
0.001736 -0.375246 2.688194 1.000000
-0.013318 -0.640422 2.747295 1.000000
-0.287773 -0.633250 2.752639 1.000000
-0.089753 -1.044228 2.817914 1.000000
-0.259612 -1.039880 2.840658 1.000000
0.055092 -1.088493 2.721578 0.000000
-0.406859 -1.071237 2.742907 0.000000
-0.095333 0.539782 2.663496 0.745192
-0.322216 0.219003 2.779495 1.000000
0.065312 0.233916 2.767503 1.000000
-0.134083 0.273861 2.650482 0.000000
-0.118863 0.103488 2.930442 0.000000
-0.275989 -0.156561 2.792794 0.000000
0.008745 -0.165348 2.778340 0.000000
-0.123688 -0.173516 2.988894 0.000000
-0.346700 -0.039364 2.726988 1.000000
0.089186 -0.025133 2.718009 1.000000
-0.305798 -0.319917 2.671830 1.000000
0.013887 -0.300962 2.676858 1.000000
-0.282372 -0.390270 2.681007 1.000000
0.008956 -0.372961 2.696207 1.000000
-0.013696 -0.638590 2.743263 1.000000
-0.285345 -0.630193 2.751854 1.000000
-0.086867 -1.042752 2.815290 0.991106
-0.262394 -1.036490 2.842872 1.000000
0.055476 -1.086392 2.715020 0.000000
-0.409792 -1.066742 2.745000 0.000000
-0.086765 0.535512 2.663241 0.822115
-0.310749 0.221014 2.781408 1.000000
0.076614 0.230660 2.761388 1.000000
-0.124591 0.271408 2.647792 0.000000
-0.105865 0.105182 2.930023 0.000000
-0.274920 -0.154026 2.795794 0.000000
0.009850 -0.162345 2.781767 0.000000
-0.122875 -0.170403 2.992141 0.000000
-0.342131 -0.037165 2.729400 1.000000
0.092984 -0.029499 2.712308 1.000000
-0.303007 -0.317767 2.670764 1.000000
0.017592 -0.307024 2.680404 1.000000
-0.285037 -0.388318 2.687564 1.000000
0.008365 -0.379330 2.696816 1.000000
-0.009942 -0.634226 2.743836 1.000000
-0.284604 -0.626683 2.752712 1.000000
-0.084447 -1.037318 2.820358 1.000000
-0.264471 -1.032493 2.846531 1.000000
0.057865 -1.082532 2.720742 0.000000
-0.410968 -1.062702 2.747302 0.000000
-0.077177 0.532121 2.670859 0.634615
-0.301900 0.229806 2.783980 1.000000
0.085506 0.230144 2.762517 1.000000
-0.115106 0.274583 2.649256 0.000000
-0.099246 0.110538 2.932935 0.000000
-0.269852 -0.152880 2.800010 0.000000
0.014553 -0.164648 2.781722 0.000000
-0.114904 -0.166814 2.994265 0.000000
-0.340198 -0.027756 2.729711 1.000000
0.098072 -0.030802 2.712426 1.000000
-0.303232 -0.310347 2.675278 1.000000
0.011616 -0.306526 2.685965 1.000000
-0.294924 -0.382263 2.693762 1.000000
0.001613 -0.378926 2.701485 1.000000
-0.009880 -0.635916 2.750466 1.000000
-0.293076 -0.620639 2.760013 1.000000
-0.086198 -1.039143 2.824442 1.000000
-0.273691 -1.027394 2.849810 1.000000
0.054858 -1.084435 2.723090 0.000000
-0.424851 -1.055076 2.757048 0.000000
-0.065528 0.541508 2.663140 0.711538
-0.308002 0.240306 2.769017 1.000000
0.079836 0.232639 2.760838 1.000000
-0.115990 0.274709 2.638649 0.000000
-0.112784 0.125336 2.930734 0.000000
-0.269165 -0.146609 2.788287 0.000000
0.015484 -0.163072 2.796248 0.000000
-0.132916 -0.161359 2.996030 0.000000
-0.341051 -0.021794 2.736526 1.000000
0.101231 -0.028039 2.711425 1.000000
-0.299942 -0.300340 2.665661 1.000000
0.017864 -0.305483 2.691839 1.000000
-0.297548 -0.369406 2.694066 1.000000
0.008243 -0.377836 2.707811 0.980769
-0.016493 -0.634154 2.755542 1.000000
-0.289567 -0.619797 2.757405 1.000000
-0.086288 -1.039930 2.821596 1.000000
-0.271854 -1.025528 2.852050 1.000000
0.057924 -1.080810 2.722846 0.000000
-0.414319 -1.056195 2.747248 0.000000
-0.065169 0.546794 2.663477 0.783654
-0.308273 0.245976 2.754581 1.000000
0.079149 0.232244 2.770710 1.000000
-0.108005 0.275219 2.635898 0.000000
-0.125367 0.130801 2.929969 0.000000
-0.270937 -0.144520 2.787363 0.000000
0.013879 -0.158093 2.794772 0.000000
-0.134120 -0.157383 2.994857 0.000000
-0.345096 -0.014736 2.717818 1.000000
0.083041 -0.029676 2.725242 1.000000
-0.300114 -0.296863 2.667990 1.000000
0.021601 -0.310678 2.688189 1.000000
-0.295947 -0.366847 2.693827 1.000000
0.008690 -0.381108 2.709533 0.947115
-0.014135 -0.629237 2.750364 1.000000
-0.286199 -0.617855 2.755115 1.000000
-0.087249 -1.033713 2.820671 1.000000
-0.267357 -1.023810 2.848573 1.000000
0.055974 -1.076850 2.721441 0.000000
-0.408667 -1.054830 2.742320 0.000000
-0.067167 0.558947 2.664721 0.600962
-0.331621 0.236312 2.761525 1.000000
0.055555 0.231376 2.786312 1.000000
-0.129528 0.278021 2.649871 0.000000
-0.149787 0.114970 2.933843 0.000000
-0.274512 -0.151966 2.782505 0.000000
0.010249 -0.158167 2.797739 0.000000
-0.143165 -0.161690 2.993672 0.000000
-0.355895 -0.025508 2.716117 1.000000
0.077408 -0.028664 2.730570 1.000000
-0.299831 -0.306439 2.664558 1.000000
0.022361 -0.311148 2.686961 1.000000
-0.290481 -0.376670 2.688280 1.000000
0.008479 -0.383020 2.701939 1.000000
-0.011166 -0.633390 2.752675 1.000000
-0.278138 -0.624508 2.748693 1.000000
-0.081170 -1.038340 2.823414 1.000000
-0.257057 -1.030578 2.841165 1.000000
0.063148 -1.080423 2.725325 0.000000
-0.394582 -1.062933 2.730439 0.000000
-0.088395 0.539698 2.683692 0.831731
-0.333182 0.231344 2.752919 1.000000
0.053346 0.229635 2.786649 1.000000
-0.128825 0.271102 2.644727 0.000000
-0.154649 0.116232 2.932797 0.000000
-0.279353 -0.150142 2.777390 0.000000
0.005057 -0.159820 2.796796 0.000000
-0.151406 -0.166696 2.990213 0.000000
-0.369284 -0.031689 2.725045 1.000000
0.070826 -0.031162 2.732331 1.000000
-0.304455 -0.307182 2.656462 1.000000
0.021865 -0.314726 2.687595 1.000000
-0.294729 -0.376254 2.683240 1.000000
0.004728 -0.386549 2.699020 1.000000
-0.013988 -0.632317 2.756269 1.000000
-0.283283 -0.626108 2.743178 1.000000
-0.081016 -1.038394 2.823335 1.000000
-0.254623 -1.035050 2.819561 1.000000
0.070011 -1.077952 2.734755 0.000000
-0.393447 -1.065269 2.709857 0.000000
-0.085117 0.539696 2.678898 0.894231
-0.343367 0.230710 2.754382 1.000000
0.043744 0.232020 2.780608 1.000000
-0.141432 0.270751 2.641835 0.000000
-0.160570 0.118710 2.931927 0.000000
-0.285149 -0.150620 2.776714 0.000000
-0.001051 -0.157458 2.801233 0.000000
-0.160934 -0.168237 2.991652 0.000000
-0.362273 -0.032730 2.713637 1.000000
0.069268 -0.028646 2.727479 1.000000
-0.305403 -0.312182 2.653184 1.000000
0.016188 -0.311613 2.681674 1.000000
-0.291321 -0.382445 2.674335 1.000000
0.006880 -0.383080 2.701381 0.913462
-0.018818 -0.631668 2.751640 1.000000
-0.285382 -0.625487 2.739764 1.000000
-0.082621 -1.037956 2.820545 1.000000
-0.253883 -1.030760 2.832773 1.000000
0.066962 -1.076923 2.729294 0.000000
-0.390454 -1.066796 2.722003 0.000000
-0.115748 0.545691 2.675744 0.875000
-0.369436 0.231613 2.755342 1.000000
0.017313 0.228929 2.786358 1.000000
-0.165819 0.274536 2.646965 0.000000
-0.189694 0.111279 2.930538 0.000000
-0.295774 -0.155581 2.772121 0.000000
-0.012185 -0.160300 2.802363 0.000000
-0.175744 -0.167794 2.989794 0.000000
-0.380203 -0.031033 2.710977 1.000000
0.060269 -0.028469 2.731856 1.000000
-0.312510 -0.308008 2.653817 1.000000
0.009805 -0.312047 2.691798 1.000000
-0.302356 -0.378386 2.676761 1.000000
-0.004976 -0.384609 2.701742 1.000000
-0.029081 -0.636300 2.756497 1.000000
-0.294000 -0.628915 2.736768 1.000000
-0.083793 -1.044527 2.821659 1.000000
-0.260101 -1.031741 2.839095 1.000000
0.065536 -1.079431 2.728371 0.000000
-0.393241 -1.071786 2.725559 0.000000
-0.133389 0.538881 2.685296 0.889423
-0.371635 0.237948 2.741439 1.000000
0.013982 0.226249 2.782756 1.000000
-0.164224 0.269741 2.636473 0.000000
-0.199854 0.121758 2.927106 0.000000
-0.305508 -0.151932 2.767315 0.000000
-0.022975 -0.155357 2.806341 0.000000
-0.192246 -0.166441 2.988447 0.000000
-0.397176 -0.026633 2.719077 1.000000
0.057263 -0.033523 2.740295 1.000000
-0.314864 -0.296754 2.648861 1.000000
0.000811 -0.314377 2.689240 1.000000
-0.310916 -0.363320 2.682564 1.000000
-0.016665 -0.386313 2.699359 1.000000
-0.027603 -0.626887 2.756204 1.000000
-0.298741 -0.627684 2.737923 1.000000
-0.083037 -1.035732 2.816716 1.000000
-0.259523 -1.030739 2.837410 1.000000
0.072837 -1.069082 2.734187 0.000000
-0.391594 -1.071830 2.723003 0.000000
-0.150100 0.542675 2.686454 0.927885
-0.383139 0.238632 2.744953 1.000000
0.002217 0.225969 2.788360 1.000000
-0.175092 0.273264 2.642167 0.000000
-0.212465 0.117618 2.928547 0.000000
-0.313556 -0.153980 2.763819 0.000000
-0.032470 -0.153268 2.812289 0.000000
-0.207576 -0.166052 2.988677 0.000000
-0.395456 -0.025366 2.706706 1.000000
0.045145 -0.032873 2.738664 1.000000
-0.317673 -0.299714 2.647234 1.000000
-0.002056 -0.316737 2.693399 1.000000
-0.314746 -0.366884 2.679828 1.000000
-0.015475 -0.389413 2.704389 1.000000
-0.033925 -0.627072 2.754412 1.000000
-0.301447 -0.628830 2.738180 1.000000
-0.083772 -1.036267 2.817367 1.000000
-0.264843 -1.032426 2.836461 1.000000
0.070663 -1.068266 2.731658 0.000000
-0.393765 -1.072893 2.718301 0.000000
-0.144185 0.544839 2.682212 0.793269
-0.395190 0.245341 2.733098 1.000000
-0.011071 0.224402 2.783676 1.000000
-0.184638 0.270476 2.632681 0.000000
-0.230832 0.127279 2.924222 0.000000
-0.326835 -0.153445 2.771244 0.000000
-0.044136 -0.148049 2.808809 0.000000
-0.212072 -0.163029 2.991870 0.000000
-0.399686 -0.017799 2.692616 1.000000
0.042808 -0.036280 2.776975 1.000000
-0.330836 -0.296659 2.649440 1.000000
-0.014701 -0.309122 2.695620 1.000000
-0.328629 -0.364724 2.680181 1.000000
-0.035818 -0.380774 2.697266 1.000000
-0.042526 -0.623766 2.756210 1.000000
-0.304789 -0.628152 2.737904 1.000000
-0.080988 -1.034508 2.817042 1.000000
-0.266778 -1.032039 2.834443 1.000000
0.070774 -1.062306 2.725304 0.000000
-0.394706 -1.072574 2.715229 0.000000
-0.165969 0.547786 2.690870 0.721154
-0.396659 0.243281 2.751959 1.000000
-0.021408 0.205950 2.843268 1.000000
-0.175647 0.284651 2.684951 0.163462
-0.255880 0.086118 2.933514 0.000000
-0.330577 -0.157699 2.754527 0.000000
-0.054035 -0.150567 2.824046 0.000000
-0.241615 -0.167116 2.986767 0.000000
-0.406022 -0.012711 2.680192 1.000000
0.021038 -0.047274 2.773652 1.000000
-0.331378 -0.291394 2.648967 1.000000
-0.017991 -0.323293 2.693017 1.000000
-0.333347 -0.357893 2.682976 1.000000
-0.022294 -0.394537 2.715118 1.000000
-0.043357 -0.625134 2.754550 1.000000
-0.309974 -0.631527 2.736998 1.000000
-0.084474 -1.035349 2.817173 1.000000
-0.266924 -1.035024 2.833051 1.000000
0.071952 -1.063750 2.733839 0.000000
-0.390495 -1.077505 2.709982 0.000000
-0.181625 0.534322 2.686179 0.706731
-0.408997 0.236062 2.746298 1.000000
-0.066038 0.173537 2.916632 1.000000
-0.179093 0.282719 2.742432 0.846154
-0.313261 0.045943 2.925659 0.000000
-0.322884 -0.151542 2.724366 0.000000
-0.072066 -0.154431 2.860166 0.000000
-0.294071 -0.178017 2.970145 0.000000
-0.432472 -0.021949 2.690281 1.000000
0.021749 -0.040443 2.787151 1.000000
-0.338509 -0.292025 2.647472 1.000000
-0.013340 -0.314484 2.701865 1.000000
-0.328612 -0.360660 2.675292 1.000000
-0.025092 -0.387818 2.710032 1.000000
-0.046094 -0.623548 2.757357 1.000000
-0.313157 -0.633155 2.726311 1.000000
-0.086076 -1.034222 2.817672 1.000000
-0.266928 -1.032498 2.837115 1.000000
0.082308 -1.058992 2.760632 0.000000
-0.372589 -1.082523 2.700904 0.000000
-0.185524 0.504724 2.687683 0.937500
-0.413910 0.239205 2.728924 1.000000
-0.089951 0.218046 2.941402 0.000000
-0.188910 0.303339 2.746517 1.000000
-0.327152 0.072559 2.934309 0.000000
-0.351869 -0.166970 2.693104 0.173077
-0.119818 -0.135911 2.856036 0.086538
-0.345354 -0.199679 2.939733 0.000000
-0.447690 -0.016961 2.674037 1.000000
0.020557 0.015135 2.813378 0.723077
-0.350846 -0.286481 2.642310 1.000000
0.118547 -0.212101 2.665768 1.000000
-0.317133 -0.352445 2.652048 1.000000
0.105333 -0.284914 2.655457 0.189904
-0.037090 -0.611614 2.764011 1.000000
-0.305223 -0.641607 2.733651 1.000000
-0.087282 -1.022788 2.812029 1.000000
-0.271696 -1.044053 2.837586 1.000000
0.088467 -1.047391 2.785060 0.000000
-0.370025 -1.089231 2.694371 0.000000
-0.193476 0.526836 2.658930 0.990385
-0.419976 0.236422 2.705750 1.000000
-0.166591 0.126036 2.978065 1.000000
-0.210037 0.275847 2.802803 0.000000
-0.389277 0.007225 2.860693 0.000000
-0.324317 -0.155932 2.656635 0.298077
-0.164836 -0.140157 2.892593 1.000000
-0.405923 -0.201696 2.887252 0.000000
-0.460606 -0.021602 2.670732 1.000000
0.043779 0.061953 2.832837 0.492308
-0.360107 -0.287772 2.629529 1.000000
0.233553 -0.082180 2.672038 1.000000
-0.319406 -0.348477 2.645052 0.778846
0.281611 -0.121261 2.630255 0.000000
-0.025454 -0.599501 2.758390 1.000000
-0.297508 -0.646667 2.725033 1.000000
-0.073381 -1.010469 2.810329 1.000000
-0.272963 -1.050161 2.827403 1.000000
0.104527 -1.032403 2.800946 0.000000
-0.283862 -1.094844 2.653896 0.000000
-0.201905 0.482380 2.671318 1.000000
-0.440574 0.194509 2.714164 1.000000
-0.155580 0.113645 2.964729 1.000000
-0.233870 0.262950 2.801553 0.000000
-0.363374 -0.034066 2.852996 0.000000
-0.333838 -0.179263 2.657007 0.298077
-0.162705 -0.151647 2.883525 0.201923
-0.402509 -0.217523 2.893140 0.000000
-0.456688 -0.060672 2.652751 1.000000
0.069841 0.125813 2.829874 0.753846
-0.336258 -0.320235 2.632622 1.000000
0.303569 0.065711 2.674821 1.000000
-0.326013 -0.391254 2.611790 0.105769
0.343762 0.048103 2.614347 0.812500
0.000441 -0.595283 2.763077 1.000000
-0.284203 -0.665557 2.727551 1.000000
-0.047280 -1.007103 2.807978 1.000000
-0.272998 -1.068784 2.833244 1.000000
0.130945 -1.028150 2.804362 0.000000
-0.287554 -1.114525 2.660282 0.000000
-0.214629 0.463642 2.662587 1.000000
-0.423359 0.192271 2.702829 1.000000
-0.134501 0.133132 2.955034 0.951923
-0.217287 0.270176 2.783532 0.062500
-0.340285 -0.025438 2.855086 0.000000
-0.320520 -0.174244 2.667750 0.221154
-0.137931 -0.146506 2.885123 0.490385
-0.377172 -0.211420 2.907222 0.000000
-0.427910 -0.064153 2.648308 1.000000
0.069905 0.200790 2.805410 0.907692
-0.322199 -0.329159 2.628292 1.000000
0.333429 0.252655 2.707078 1.000000
-0.276052 -0.379154 2.659173 0.442308
0.398898 0.272916 2.677311 1.000000
0.035951 -0.572973 2.768693 1.000000
-0.277424 -0.651370 2.709998 1.000000
0.035886 -0.987375 2.815165 1.000000
-0.266552 -1.049343 2.834050 1.000000
0.215303 -0.988013 2.809728 0.000000
-0.319860 -1.101675 2.670833 0.000000
-0.204338 0.478528 2.655608 1.000000
-0.411171 0.177697 2.685870 1.000000
-0.123479 0.168068 2.946033 0.836538
-0.213638 0.279933 2.760546 0.269231
-0.313868 -0.016064 2.860427 0.000000
-0.305124 -0.177107 2.670036 0.182692
-0.113051 -0.141348 2.877855 0.865385
-0.350627 -0.206666 2.912923 0.000000
-0.401499 -0.080224 2.642338 1.000000
0.069775 0.243052 2.786212 0.923077
-0.294176 -0.344329 2.626372 1.000000
0.325948 0.345440 2.712612 1.000000
-0.246919 -0.399806 2.642856 1.000000
0.389217 0.380426 2.693755 1.000000
0.064199 -0.564805 2.763455 1.000000
-0.266311 -0.646494 2.713366 1.000000
0.097910 -0.976642 2.819519 1.000000
-0.268059 -1.043889 2.839711 1.000000
0.276161 -0.964396 2.802295 0.000000
-0.337461 -1.093769 2.681865 0.000000
-0.178151 0.487579 2.650671 1.000000
-0.385505 0.156903 2.673782 1.000000
-0.098034 0.163252 2.934289 0.721154
-0.192928 0.268838 2.747489 0.230769
-0.279737 -0.030285 2.850572 0.000000
-0.283107 -0.184726 2.666280 0.163462
-0.089401 -0.144491 2.871752 0.692308
-0.326827 -0.208475 2.910130 0.000000
-0.386420 -0.103500 2.651653 1.000000
0.082295 0.265502 2.775145 0.938462
-0.266001 -0.360794 2.627745 1.000000
0.323243 0.406112 2.716446 1.000000
-0.221530 -0.418982 2.642549 1.000000
0.383618 0.447956 2.702786 1.000000
0.084983 -0.572137 2.765822 1.000000
-0.256080 -0.647646 2.713270 1.000000
0.132504 -0.983588 2.814187 1.000000
-0.274545 -1.046236 2.834409 1.000000
0.310158 -0.965172 2.796298 0.000000
-0.354775 -1.089514 2.679778 0.000000
-0.160836 0.492658 2.662901 1.000000
-0.351167 0.154465 2.728837 1.000000
0.013597 0.265001 2.780428 1.000000
-0.166569 0.264359 2.634525 0.235577
-0.149570 0.081405 2.906324 0.000000
-0.232888 -0.175393 2.749967 0.000000
0.049010 -0.153556 2.787601 1.000000
-0.117851 -0.177858 2.970644 0.000000
-0.299532 -0.091094 2.656303 1.000000
0.241447 0.380094 2.725065 1.000000
-0.227776 -0.365863 2.633117 1.000000
0.468623 0.551056 2.706402 1.000000
-0.230529 -0.432405 2.666988 1.000000
0.509290 0.613424 2.700162 1.000000
0.136148 -0.584980 2.746544 1.000000
-0.231960 -0.623542 2.715774 1.000000
0.170363 -0.995555 2.810937 1.000000
-0.271422 -1.023450 2.827153 1.000000
0.339813 -0.990690 2.751920 0.000000
-0.410768 -1.040840 2.715346 0.000000
-0.124034 0.546092 2.663327 0.605769
-0.326431 0.184021 2.692372 1.000000
0.036473 0.256072 2.782819 1.000000
-0.121057 0.269199 2.617444 0.149038
-0.156082 0.097464 2.894782 0.000000
-0.203506 -0.187489 2.730567 0.000000
0.072035 -0.161916 2.799722 0.403846
-0.114889 -0.180178 2.963014 0.000000
-0.251615 -0.059335 2.635595 1.000000
0.254543 0.383805 2.718219 1.000000
-0.213477 -0.341288 2.631770 1.000000
0.473269 0.565106 2.702218 1.000000
-0.221962 -0.402042 2.674427 1.000000
0.528124 0.615654 2.697938 1.000000
0.156006 -0.601715 2.746469 1.000000
-0.216366 -0.621056 2.698194 1.000000
0.178939 -1.012419 2.814924 1.000000
-0.253553 -1.016813 2.824220 1.000000
0.346635 -1.013723 2.750919 0.000000
-0.385597 -1.042268 2.705322 0.000000
-0.063470 0.538286 2.690660 0.490385
-0.269749 0.166077 2.699877 1.000000
0.085294 0.282896 2.784703 1.000000
-0.077468 0.275203 2.621346 0.000000
-0.086964 0.101903 2.899758 0.000000
-0.176892 -0.177705 2.730631 0.000000
0.099943 -0.159179 2.796803 0.288462
-0.085748 -0.170660 2.962107 0.000000
-0.215786 -0.083173 2.646581 1.000000
0.304528 0.402767 2.710907 1.000000
-0.165122 -0.362273 2.629071 1.000000
0.520257 0.584024 2.673797 1.000000
-0.183067 -0.425365 2.664848 1.000000
0.573316 0.635983 2.682014 1.000000
0.181348 -0.592480 2.741819 1.000000
-0.187093 -0.621775 2.707127 1.000000
0.188122 -1.003624 2.811124 1.000000
-0.232036 -1.017960 2.829220 1.000000
0.356771 -1.011129 2.750118 0.000000
-0.360672 -1.041273 2.706218 0.000000
-0.022567 0.551947 2.670166 0.485577
-0.238333 0.188742 2.666107 1.000000
0.109455 0.299443 2.782174 1.000000
-0.033627 0.283876 2.602132 0.009615
-0.082531 0.135201 2.890473 0.000000
-0.154933 -0.159870 2.708500 0.000000
0.112928 -0.137254 2.803885 0.000000
-0.089277 -0.150465 2.948373 0.000000
-0.193356 -0.064301 2.625176 1.000000
0.335093 0.402460 2.703405 1.000000
-0.135534 -0.342197 2.629984 1.000000
0.551378 0.580782 2.658520 1.000000
-0.131668 -0.413623 2.651569 1.000000
0.605244 0.632060 2.665707 1.000000
0.194182 -0.579400 2.743474 1.000000
-0.163847 -0.606161 2.708495 1.000000
0.203767 -0.991462 2.806737 1.000000
-0.217637 -1.004150 2.820745 1.000000
0.373564 -0.996417 2.748731 0.000000
-0.341219 -1.023747 2.692044 0.000000
0.007620 0.550404 2.682881 0.312500
-0.195988 0.192028 2.668654 1.000000
0.134443 0.325279 2.816986 1.000000
0.002986 0.308603 2.625439 0.240385
-0.051039 0.137099 2.899854 0.000000
-0.124901 -0.136994 2.687032 0.192308
0.134530 -0.114850 2.803498 0.000000
-0.078396 -0.130173 2.931427 0.000000
-0.147603 -0.053383 2.607606 1.000000
0.356993 0.387198 2.703266 1.000000
-0.119767 -0.332431 2.623205 1.000000
0.576886 0.555471 2.656170 1.000000
-0.090698 -0.397651 2.645205 1.000000
0.635702 0.601509 2.654232 1.000000
0.212500 -0.563765 2.742995 1.000000
-0.139453 -0.583743 2.697191 1.000000
0.219486 -0.976236 2.803889 1.000000
-0.211803 -0.977452 2.814013 1.000000
0.391493 -0.980868 2.752777 0.000000
-0.329602 -0.995629 2.679800 0.000000
0.047344 0.524607 2.690939 0.230769
-0.183672 0.172064 2.655610 1.000000
0.140767 0.322993 2.801948 1.000000
0.013362 0.290615 2.609013 0.091346
-0.042494 0.135607 2.892719 0.000000
-0.114316 -0.134465 2.690037 0.000000
0.143146 -0.116911 2.811546 0.000000
-0.071597 -0.140267 2.935149 0.000000
-0.171369 -0.087562 2.659185 1.000000
0.373291 0.381520 2.701562 1.000000
-0.084337 -0.355324 2.625523 1.000000
0.598698 0.547425 2.656054 1.000000
-0.038256 -0.412032 2.641124 1.000000
0.653682 0.597956 2.653599 1.000000
0.219457 -0.566117 2.744024 1.000000
-0.138233 -0.580384 2.698216 1.000000
0.225328 -0.978711 2.804193 1.000000
-0.202389 -0.976537 2.811511 1.000000
0.399087 -0.982779 2.759344 0.000000
-0.329128 -0.992091 2.685355 0.000000
0.063694 0.533876 2.676328 0.312500
-0.184613 0.184908 2.658837 1.000000
0.139193 0.318658 2.822661 1.000000
0.015947 0.301847 2.624941 0.125000
-0.050277 0.129780 2.896314 0.000000
-0.106764 -0.128908 2.690006 0.000000
0.147498 -0.113412 2.818343 0.000000
-0.070333 -0.138807 2.936000 0.000000
-0.169606 -0.074934 2.656974 1.000000
0.370675 0.370644 2.715611 1.000000
-0.092316 -0.346675 2.628758 1.000000
0.598540 0.529167 2.655930 1.000000
-0.136215 -0.396581 2.662889 1.000000
0.657287 0.574918 2.649745 1.000000
0.218178 -0.567278 2.740174 1.000000
-0.131497 -0.575085 2.692331 1.000000
0.223038 -0.979336 2.804002 1.000000
-0.210425 -0.964795 2.817972 1.000000
0.395495 -0.984964 2.754535 0.000000
-0.331286 -0.982712 2.686473 0.000000
0.050362 0.538376 2.675102 0.365385
-0.179628 0.178541 2.673059 1.000000
0.142701 0.310035 2.844399 1.000000
0.017809 0.302357 2.645928 0.187500
-0.042701 0.111771 2.906027 0.000000
-0.113816 -0.133312 2.692643 0.000000
0.140149 -0.114340 2.821099 0.000000
-0.077141 -0.144902 2.938526 0.000000
-0.172248 -0.081338 2.659869 1.000000
0.370971 0.347699 2.725066 1.000000
-0.093972 -0.353037 2.633611 1.000000
0.595024 0.512488 2.667784 1.000000
-0.138009 -0.402670 2.667960 1.000000
0.650872 0.560206 2.654121 1.000000
0.208082 -0.574439 2.737792 1.000000
-0.138543 -0.574891 2.690315 1.000000
0.218997 -0.985857 2.804913 1.000000
-0.212489 -0.967252 2.810620 1.000000
0.389206 -0.990609 2.748109 0.000000
-0.337750 -0.982778 2.682992 0.000000
0.045813 0.546478 2.662182 0.485577
-0.182278 0.183644 2.665423 1.000000
0.117747 0.266164 2.897196 1.000000
0.020124 0.300401 2.686614 0.427885
-0.079215 0.069475 2.897424 0.000000
-0.113069 -0.126950 2.676972 0.115385
0.120535 -0.127387 2.840645 0.000000
-0.112201 -0.155509 2.924200 0.000000
-0.205435 -0.074570 2.671139 1.000000
0.332672 0.314309 2.760327 1.000000
-0.148588 -0.347689 2.624344 1.000000
0.564477 0.453403 2.677051 1.000000
-0.164339 -0.405407 2.669101 1.000000
0.616883 0.500971 2.653104 1.000000
0.198724 -0.573210 2.736026 1.000000
-0.152947 -0.584571 2.689506 1.000000
0.214242 -0.985970 2.793269 1.000000
-0.218100 -0.975359 2.819616 1.000000
0.390578 -0.983986 2.759773 0.000000
-0.330923 -1.002166 2.682603 0.000000
0.064166 0.508800 2.686462 1.000000
-0.241216 0.173993 2.689649 1.000000
0.064835 0.271552 2.907272 0.000000
-0.049206 0.307895 2.705476 0.543269
-0.113146 0.057534 2.907632 0.000000
-0.159377 -0.158023 2.686387 0.240385
0.084313 -0.149037 2.834353 0.000000
-0.140394 -0.192428 2.932139 0.000000
-0.242082 -0.089052 2.673069 1.000000
0.292831 0.230600 2.781537 0.830769
-0.123439 -0.347069 2.628198 1.000000
0.544245 0.314748 2.670305 1.000000
-0.161301 -0.408302 2.648186 1.000000
0.588748 0.352970 2.624032 1.000000
0.177421 -0.589443 2.729455 1.000000
-0.180065 -0.614682 2.693380 1.000000
0.204277 -0.999807 2.798516 1.000000
-0.231700 -1.006999 2.824951 1.000000
0.379897 -0.994496 2.761779 0.000000
-0.354117 -1.033975 2.696472 0.000000
-0.026260 0.530514 2.685293 0.812500
-0.288429 0.202872 2.747366 1.000000
0.088991 0.250851 2.823497 1.000000
-0.084465 0.289531 2.670316 0.004808
-0.110057 0.085370 2.925853 0.000000
-0.182595 -0.173852 2.742036 0.000000
0.095980 -0.157065 2.800976 0.115385
-0.082416 -0.205255 2.967682 0.000000
-0.254715 -0.046133 2.673185 1.000000
0.329640 0.157618 2.778349 1.000000
-0.194763 -0.320232 2.618823 1.000000
0.552260 0.195255 2.603123 1.000000
-0.185176 -0.386445 2.652088 1.000000
0.598193 0.203676 2.544797 0.290865
0.164816 -0.602708 2.723264 1.000000
-0.211518 -0.605266 2.695283 1.000000
0.194296 -1.012189 2.796374 1.000000
-0.237503 -1.005660 2.808854 1.000000
0.362934 -1.011026 2.734889 0.000000
-0.390662 -1.021871 2.716659 0.000000
-0.062833 0.539633 2.686971 0.586538
-0.339904 0.181437 2.742632 1.000000
0.015551 0.214425 2.894643 1.000000
-0.127170 0.277644 2.719480 0.615385
-0.195287 0.036388 2.931120 0.000000
-0.227562 -0.189771 2.724125 0.000000
0.038306 -0.164433 2.824283 0.490385
-0.159137 -0.232741 2.959518 0.000000
-0.331390 -0.071259 2.683584 1.000000
0.226341 0.111589 2.783257 1.000000
-0.204835 -0.316100 2.618354 1.000000
0.467469 0.035445 2.655673 1.000000
-0.187321 -0.384860 2.641761 1.000000
0.531475 0.016294 2.622220 0.000000
0.137731 -0.604220 2.736825 1.000000
-0.244352 -0.623206 2.697092 1.000000
0.174561 -1.015083 2.797846 1.000000
-0.252972 -1.024410 2.810450 1.000000
0.350454 -1.004392 2.763674 0.000000
-0.406459 -1.046647 2.720076 0.000000
-0.092247 0.492168 2.693280 1.000000
-0.370097 0.197299 2.754168 1.000000
-0.019046 0.176922 2.918156 1.000000
-0.149781 0.277935 2.751565 0.942308
-0.244363 0.013509 2.921180 0.000000
-0.260787 -0.189008 2.725900 0.000000
-0.008456 -0.169694 2.857488 0.086538
-0.220732 -0.241265 2.965906 0.000000
-0.374350 -0.052986 2.688184 1.000000
0.150581 0.036434 2.782125 1.000000
-0.267836 -0.306745 2.624908 1.000000
0.320506 -0.154607 2.662245 1.000000
-0.255970 -0.372148 2.659028 1.000000
0.324725 -0.225027 2.637631 0.661058
0.101526 -0.604516 2.746539 1.000000
-0.274802 -0.630115 2.705258 1.000000
0.135977 -1.017759 2.790499 1.000000
-0.267867 -1.031555 2.817895 1.000000
0.313200 -1.005733 2.764658 0.000000
-0.413463 -1.062241 2.717493 0.000000
-0.142993 0.501042 2.674067 1.000000
-0.390427 0.195491 2.757801 1.000000
-0.032118 0.180573 2.905910 1.000000
-0.169897 0.273663 2.740384 0.562500
-0.258235 0.019822 2.928525 0.000000
-0.278848 -0.185076 2.734645 0.000000
-0.018911 -0.168967 2.850975 0.173077
-0.225323 -0.237436 2.971988 0.000000
-0.398939 -0.057393 2.701400 1.000000
0.102110 -0.002285 2.780412 1.000000
-0.277679 -0.302280 2.628639 1.000000
0.224955 -0.233428 2.673411 1.000000
-0.276596 -0.364782 2.669564 1.000000
0.196490 -0.302426 2.669986 0.576923
0.085494 -0.599607 2.740914 1.000000
-0.286300 -0.635892 2.722349 1.000000
0.091387 -1.014805 2.779186 1.000000
-0.271279 -1.039847 2.824738 1.000000
0.268906 -1.014737 2.752590 0.000000
-0.420834 -1.069426 2.729983 0.000000
-0.163542 0.507440 2.674715 0.884615
-0.388891 0.189319 2.791274 1.000000
-0.004673 0.232465 2.823805 1.000000
-0.194837 0.278839 2.694441 0.091346
-0.191518 0.063009 2.941509 0.000000
-0.292833 -0.171195 2.779407 0.000000
-0.008850 -0.154284 2.800081 0.000000
-0.162506 -0.209217 2.987991 0.000000
-0.422872 -0.051196 2.700088 1.000000
0.064653 -0.008402 2.756766 1.000000
-0.283507 -0.290157 2.640275 1.000000
0.082288 -0.284766 2.698333 1.000000
-0.300494 -0.352572 2.677671 1.000000
0.046869 -0.350066 2.706333 1.000000
0.045624 -0.605661 2.727077 1.000000
-0.298723 -0.621337 2.731545 1.000000
0.037554 -1.017611 2.791271 1.000000
-0.270061 -1.025737 2.829158 1.000000
0.203533 -1.031297 2.724308 0.000000
-0.430454 -1.055210 2.754153 0.000000
-0.174995 0.543011 2.679561 0.802885
-0.405008 0.189701 2.778262 1.000000
-0.041996 0.187711 2.915236 1.000000
-0.188682 0.277703 2.755760 0.625000
-0.260193 0.016886 2.941493 0.000000
-0.299653 -0.166795 2.745132 0.000000
-0.033608 -0.174517 2.847700 0.000000
-0.239722 -0.207478 2.983232 0.000000
-0.461980 -0.055786 2.715766 1.000000
0.025197 -0.015362 2.768055 1.000000
-0.293960 -0.270011 2.637687 1.000000
-0.002620 -0.285871 2.688868 1.000000
-0.299352 -0.334132 2.675661 1.000000
-0.022531 -0.357668 2.683264 1.000000
-0.011479 -0.635333 2.738746 1.000000
-0.310874 -0.640057 2.736030 1.000000
-0.084327 -1.037503 2.821459 1.000000
-0.267856 -1.042633 2.835885 1.000000
0.079350 -1.079592 2.760971 0.000000
-0.402648 -1.084540 2.725002 0.000000
-0.210245 0.505637 2.693705 0.899038
-0.417085 0.185973 2.774875 1.000000
-0.068885 0.178923 2.945905 1.000000
-0.203115 0.281855 2.783317 1.000000
-0.281912 0.000287 2.932134 0.000000
-0.305437 -0.151377 2.734524 0.000000
-0.048852 -0.166876 2.858150 0.000000
-0.266087 -0.193549 2.976621 0.000000
-0.458578 -0.064656 2.726534 1.000000
0.018024 0.005226 2.775172 1.000000
-0.294670 -0.273832 2.631904 1.000000
-0.002095 -0.267219 2.704862 1.000000
-0.296872 -0.337521 2.670909 1.000000
-0.015485 -0.340726 2.704708 1.000000
-0.048267 -0.637115 2.749959 1.000000
-0.311158 -0.638087 2.739867 1.000000
-0.153439 -1.033742 2.824223 1.000000
-0.270955 -1.041340 2.838151 1.000000
0.010035 -1.086788 2.772428 0.000000
-0.387076 -1.084571 2.708276 0.000000
-0.214288 0.497167 2.698236 1.000000
-0.388350 0.165977 2.851674 1.000000
-0.014571 0.248215 2.787875 1.000000
-0.234787 0.274396 2.711276 0.264423
-0.147973 0.061103 2.944954 0.000000
-0.318346 -0.144952 2.822478 0.000000
-0.038744 -0.146511 2.766092 0.000000
-0.139017 -0.180870 2.991265 0.000000
-0.419579 -0.057504 2.725759 1.000000
0.058370 0.001987 2.759158 1.000000
-0.314479 -0.304907 2.640901 1.000000
-0.016843 -0.261733 2.693961 1.000000
-0.296954 -0.374225 2.662592 1.000000
-0.018721 -0.335946 2.702420 1.000000
-0.057396 -0.627168 2.753441 1.000000
-0.312645 -0.624043 2.746202 1.000000
-0.164359 -1.022369 2.832589 1.000000
-0.273252 -1.029912 2.833422 1.000000
-0.020393 -1.079502 2.741872 0.000000
-0.426853 -1.063435 2.746801 0.000000
-0.209533 0.537594 2.701458 0.586538
-0.366755 0.152955 2.889606 1.000000
0.003894 0.224171 2.799654 1.000000
-0.220417 0.270904 2.749174 0.552885
-0.125722 0.025132 2.944788 0.000000
-0.318863 -0.165558 2.834860 0.000000
-0.044847 -0.153711 2.756537 0.000000
-0.125263 -0.197310 2.987990 0.000000
-0.398092 -0.045908 2.726635 1.000000
0.053867 -0.026980 2.760745 1.000000
-0.336992 -0.311526 2.652176 1.000000
-0.031888 -0.287370 2.692384 1.000000
-0.327442 -0.380312 2.679740 1.000000
-0.035545 -0.361537 2.700658 1.000000
-0.056548 -0.643705 2.750982 1.000000
-0.317272 -0.632962 2.745382 1.000000
-0.151548 -1.038447 2.846078 1.000000
-0.270700 -1.036755 2.838501 1.000000
-0.018483 -1.095972 2.740225 0.000000
-0.431866 -1.071691 2.767611 0.000000
-0.201731 0.507610 2.688359 0.980769
-0.359622 0.151649 2.904883 1.000000
0.009653 0.212777 2.802689 1.000000
-0.214292 0.272039 2.765479 0.918269
-0.122427 0.010531 2.941008 0.000000
-0.319622 -0.169065 2.840388 0.000000
-0.048263 -0.154936 2.753645 0.000000
-0.121110 -0.196794 2.987909 0.000000
-0.408669 -0.036437 2.733576 1.000000
0.044814 -0.040751 2.762498 1.000000
-0.342480 -0.300861 2.658901 1.000000
-0.045750 -0.297005 2.684976 1.000000
-0.332297 -0.373212 2.674531 1.000000
-0.057145 -0.370347 2.693564 1.000000
-0.061083 -0.648007 2.751782 1.000000
-0.319808 -0.634513 2.749635 1.000000
-0.149183 -1.046231 2.838642 1.000000
-0.264089 -1.038576 2.836337 1.000000
-0.021955 -1.099440 2.723742 0.000000
-0.427188 -1.075112 2.770884 0.000000
-0.188164 0.501371 2.684299 1.000000
-0.359662 0.148348 2.900816 1.000000
0.012084 0.204852 2.805129 1.000000
-0.210341 0.267639 2.764725 0.831731
-0.125153 0.003530 2.939725 0.000000
-0.315543 -0.164384 2.838859 0.000000
-0.043301 -0.161463 2.753802 0.000000
-0.119000 -0.193843 2.988662 0.000000
-0.421342 -0.032953 2.727295 1.000000
0.050602 -0.048424 2.771197 1.000000
-0.347580 -0.295573 2.656174 1.000000
-0.042267 -0.298496 2.680051 1.000000
-0.337214 -0.366887 2.675908 1.000000
-0.060945 -0.370517 2.686891 1.000000
-0.062912 -0.647552 2.751895 1.000000
-0.322635 -0.635740 2.753090 1.000000
-0.151441 -1.045146 2.841176 1.000000
-0.265207 -1.040249 2.836536 1.000000
-0.021699 -1.099115 2.729486 0.000000
-0.426379 -1.077506 2.766854 0.000000
-0.172535 0.496583 2.682389 1.000000
