-0.420635 0.229682 2.491411 1.000000
-0.060728 0.234206 2.498227 1.000000
-0.239452 0.275725 2.400845 0.000000
-0.240840 0.103884 2.588202 0.000000
-0.440729 -0.112123 2.478765 1.000000
-0.014863 -0.119565 2.485837 0.817308
-0.229698 -0.110045 2.602942 0.000000
-0.486980 -0.037355 2.510546 1.000000
0.021116 -0.023572 2.552347 1.000000
-0.501320 -0.314897 2.420797 1.000000
0.056924 -0.311244 2.516946 1.000000
-0.514093 -0.380981 2.407007 0.122596
0.067975 -0.378401 2.507554 0.778846
-0.347846 -0.617563 2.509155 1.000000
-0.108760 -0.620856 2.505113 1.000000
-0.356878 -0.999353 2.613895 1.000000
-0.137558 -0.994156 2.634084 1.000000
-0.358564 -1.043562 2.452602 0.000000
-0.123708 -1.049537 2.476878 0.211538
-0.241339 0.521467 2.377976 1.000000
-0.416313 0.227234 2.487129 1.000000
-0.056734 0.230962 2.504121 1.000000
-0.232510 0.271956 2.401304 0.000000
-0.239674 0.101958 2.590203 0.000000
-0.438732 -0.110343 2.463167 1.000000
-0.014247 -0.119089 2.497848 0.740385
-0.236162 -0.107578 2.600703 0.000000
-0.485410 -0.039901 2.510116 1.000000
0.019587 -0.029474 2.559001 1.000000
-0.486012 -0.305748 2.386530 1.000000
0.055174 -0.313245 2.494534 1.000000
-0.495388 -0.370785 2.366462 0.038462
0.051882 -0.381857 2.495937 0.644231
-0.344786 -0.615925 2.507375 1.000000
-0.105088 -0.619916 2.504609 1.000000
-0.358063 -0.997236 2.613401 1.000000
-0.130796 -0.993941 2.632124 1.000000
-0.348713 -1.042273 2.452600 0.000000
-0.106888 -1.048826 2.475956 0.201923
-0.241184 0.516888 2.372422 1.000000
-0.415997 0.225424 2.489954 1.000000
-0.056547 0.233845 2.507977 1.000000
-0.232617 0.274020 2.405339 0.000000
-0.237899 0.100994 2.591532 0.000000
-0.441865 -0.112099 2.466073 1.000000
-0.016873 -0.119939 2.494127 0.836538
-0.237185 -0.109089 2.600442 0.000000
-0.486576 -0.042440 2.502859 1.000000
0.020103 -0.027677 2.559260 1.000000
-0.474353 -0.309145 2.380668 1.000000
0.051986 -0.309675 2.483942 1.000000
-0.484378 -0.370140 2.350674 0.088942
0.051053 -0.375905 2.465690 0.526442
-0.346537 -0.617633 2.506349 1.000000
-0.105730 -0.620860 2.503043 1.000000
-0.359528 -0.998403 2.614337 1.000000
-0.137186 -0.993472 2.633376 1.000000
-0.352674 -1.044214 2.453629 0.000000
-0.113884 -1.049903 2.477668 0.283654
-0.238515 0.515352 2.369848 1.000000
-0.417827 0.225314 2.483649 1.000000
-0.059109 0.232281 2.513186 1.000000
-0.231601 0.272589 2.404691 0.000000
-0.243658 0.100737 2.591655 0.000000
-0.436966 -0.112917 2.456928 1.000000
-0.013965 -0.119431 2.506877 0.846154
-0.239514 -0.109802 2.601708 0.000000
-0.486782 -0.042468 2.503472 1.000000
0.018609 -0.029647 2.560184 1.000000
-0.467542 -0.312302 2.389534 1.000000
0.053604 -0.302320 2.457289 1.000000
-0.467605 -0.375652 2.362941 0.000000
0.048133 -0.370780 2.455392 0.543269
-0.345769 -0.617522 2.506769 1.000000
-0.106491 -0.621339 2.501644 1.000000
-0.358391 -0.998259 2.614918 1.000000
-0.141683 -0.992764 2.634389 1.000000
-0.343851 -1.044231 2.454769 0.000000
-0.111424 -1.050657 2.480423 0.230769
-0.237577 0.515796 2.371605 1.000000
-0.417296 0.226991 2.485339 1.000000
-0.058629 0.234465 2.515368 1.000000
-0.231122 0.276061 2.407362 0.000000
-0.242892 0.101149 2.591484 0.000000
-0.435929 -0.117051 2.461326 1.000000
-0.012388 -0.113389 2.506781 0.913462
-0.237082 -0.109755 2.604031 0.000000
-0.484698 -0.040664 2.501919 1.000000
0.022691 -0.027905 2.547089 1.000000
-0.469601 -0.314924 2.400578 1.000000
0.045685 -0.296085 2.431905 1.000000
-0.476755 -0.376529 2.371013 0.055288
0.045061 -0.364787 2.431591 0.509615
-0.347478 -0.618329 2.508488 1.000000
-0.106671 -0.618614 2.502295 1.000000
-0.356023 -1.000046 2.613538 1.000000
-0.127307 -0.994595 2.624883 1.000000
-0.343898 -1.044559 2.452777 0.000000
-0.102260 -1.047097 2.468075 0.086538
-0.232962 0.516323 2.373094 1.000000
-0.417323 0.224796 2.486605 1.000000
-0.058502 0.233871 2.514261 1.000000
-0.231884 0.274597 2.407351 0.000000
-0.241674 0.099832 2.591729 0.000000
-0.437262 -0.117770 2.460109 1.000000
-0.013688 -0.113839 2.505240 0.846154
-0.238308 -0.110704 2.602677 0.000000
-0.485300 -0.041736 2.503922 1.000000
0.021594 -0.028114 2.544400 1.000000
-0.469474 -0.318148 2.411697 1.000000
0.045600 -0.292728 2.423725 1.000000
-0.467113 -0.383376 2.390244 0.000000
0.029434 -0.359272 2.429286 0.509615
-0.347507 -0.618943 2.508505 1.000000
-0.106893 -0.619065 2.501132 1.000000
-0.355955 -1.000936 2.612554 1.000000
-0.139221 -0.990784 2.633781 1.000000
-0.343536 -1.045025 2.451699 0.000000
-0.111966 -1.048342 2.479130 0.230769
-0.237167 0.514649 2.373204 1.000000
-0.419304 0.224879 2.486460 1.000000
-0.060112 0.236756 2.507429 1.000000
-0.235676 0.274632 2.403065 0.000000
-0.240925 0.102764 2.590327 0.000000
-0.436731 -0.117778 2.470239 1.000000
-0.011427 -0.115076 2.494239 0.721154
-0.230913 -0.110847 2.602711 0.000000
-0.486075 -0.040422 2.511710 1.000000
0.022872 -0.021589 2.550463 1.000000
-0.479762 -0.314219 2.413642 1.000000
0.040146 -0.283424 2.424902 1.000000
-0.478216 -0.380948 2.397353 0.223558
0.039908 -0.350687 2.410899 0.644231
-0.347984 -0.619488 2.509184 1.000000
-0.105943 -0.619962 2.497584 1.000000
-0.355622 -0.997068 2.628310 1.000000
-0.136248 -0.990769 2.633229 1.000000
-0.352899 -1.047433 2.468847 0.120192
-0.116264 -1.049253 2.477817 0.211538
-0.236256 0.519840 2.374434 1.000000
-0.419900 0.224030 2.483083 1.000000
-0.060895 0.232486 2.508456 1.000000
-0.234726 0.270739 2.401363 0.000000
-0.244132 0.101515 2.590858 0.000000
-0.439066 -0.120249 2.465240 1.000000
-0.014107 -0.113995 2.494174 0.894231
-0.234872 -0.110904 2.600057 0.000000
-0.487621 -0.040689 2.512120 1.000000
0.021534 -0.027298 2.543437 1.000000
-0.485231 -0.314172 2.412864 1.000000
0.034975 -0.284399 2.407907 1.000000
-0.472682 -0.367457 2.454381 0.442308
0.042091 -0.351765 2.419378 0.475962
-0.348834 -0.620735 2.509223 1.000000
-0.108392 -0.619944 2.496686 1.000000
-0.356850 -1.003291 2.611216 1.000000
-0.136560 -0.990360 2.633852 1.000000
-0.350449 -1.046470 2.449763 0.000000
-0.115445 -1.049384 2.478794 0.211538
-0.235221 0.517609 2.373393 1.000000
-0.419199 0.226166 2.481632 1.000000
-0.060433 0.231522 2.510929 1.000000
-0.232818 0.272657 2.402575 0.000000
-0.245512 0.100755 2.589450 0.000000
-0.439332 -0.114742 2.462649 1.000000
-0.014598 -0.116512 2.495282 0.769231
-0.236177 -0.108979 2.599225 0.000000
-0.487922 -0.038020 2.510089 1.000000
0.021555 -0.027924 2.546882 1.000000
-0.491208 -0.314568 2.420871 1.000000
0.032499 -0.284238 2.410380 1.000000
-0.493894 -0.379766 2.399369 0.139423
0.032666 -0.352145 2.420825 0.526442
-0.347386 -0.618217 2.503686 1.000000
-0.108641 -0.619968 2.496614 1.000000
-0.352829 -0.998078 2.615452 1.000000
-0.138623 -0.990009 2.634404 1.000000
-0.345941 -1.045338 2.455166 0.000000
-0.115339 -1.049457 2.479820 0.211538
-0.235342 0.517457 2.372533 1.000000
-0.419499 0.226048 2.477565 1.000000
-0.061297 0.232443 2.512929 1.000000
-0.231913 0.272626 2.401462 0.000000
-0.247368 0.101592 2.588925 0.000000
-0.441831 -0.114421 2.452316 1.000000
-0.018923 -0.114998 2.503460 0.769231
-0.244852 -0.108531 2.597653 0.000000
-0.491179 -0.036067 2.512619 1.000000
0.015314 -0.026803 2.557579 1.000000
-0.493547 -0.309974 2.417053 1.000000
0.029947 -0.279606 2.416017 1.000000
-0.499731 -0.375905 2.398743 0.173077
0.030994 -0.347585 2.406113 0.593750
-0.352738 -0.617183 2.500586 1.000000
-0.107348 -0.618449 2.496794 1.000000
-0.355791 -0.995963 2.616052 1.000000
-0.128162 -0.992697 2.624547 1.000000
-0.342916 -1.044681 2.456574 0.000000
-0.099162 -1.047352 2.469162 0.076923
-0.236130 0.517196 2.369771 1.000000
-0.420739 0.227299 2.477909 1.000000
-0.062403 0.231790 2.512187 1.000000
-0.233134 0.272769 2.401187 0.000000
-0.248950 0.102039 2.588897 0.000000
-0.445729 -0.115733 2.454965 1.000000
-0.022113 -0.113789 2.499823 0.644231
-0.246652 -0.108393 2.597347 0.000000
-0.493277 -0.035480 2.502038 1.000000
0.012811 -0.026214 2.563891 1.000000
-0.490851 -0.313103 2.419050 1.000000
0.024841 -0.268295 2.405086 1.000000
-0.500782 -0.378091 2.399094 0.088942
0.028522 -0.334105 2.385697 0.745192
-0.352930 -0.618262 2.497903 1.000000
-0.108843 -0.617864 2.494583 1.000000
-0.354169 -0.997024 2.613462 1.000000
-0.138009 -0.987555 2.633486 1.000000
-0.343498 -1.045763 2.453828 0.000000
-0.108947 -1.047489 2.480072 0.211538
-0.233941 0.518133 2.373589 1.000000
-0.419189 0.227608 2.475977 1.000000
-0.061420 0.230227 2.515905 1.000000
-0.230169 0.272219 2.402284 0.000000
-0.249810 0.101332 2.589488 0.000000
-0.448365 -0.118446 2.453124 1.000000
-0.026238 -0.115620 2.510283 0.605769
-0.253529 -0.110128 2.601204 0.000000
-0.494882 -0.033576 2.501051 1.000000
0.011341 -0.027058 2.571453 1.000000
-0.489838 -0.306007 2.404286 1.000000
0.013812 -0.238550 2.374291 1.000000
-0.497610 -0.373103 2.391712 0.122596
0.031567 -0.301804 2.354191 0.576923
-0.355395 -0.620872 2.498229 1.000000
-0.108380 -0.619514 2.490361 1.000000
-0.353325 -1.000949 2.609371 1.000000
-0.137261 -0.988088 2.632258 1.000000
-0.338125 -1.047620 2.449485 0.000000
-0.102803 -1.049234 2.480448 0.230769
-0.233714 0.516828 2.371774 1.000000
-0.420351 0.227768 2.471334 1.000000
-0.063965 0.232689 2.521979 1.000000
-0.229661 0.275655 2.404300 0.000000
-0.253221 0.100548 2.587101 0.000000
-0.441401 -0.115635 2.441649 1.000000
-0.023198 -0.118869 2.522660 0.509615
-0.255147 -0.108537 2.600448 0.000000
-0.494647 -0.031193 2.500852 1.000000
0.014333 -0.021056 2.576154 1.000000
-0.488742 -0.295240 2.388641 1.000000
-0.000078 -0.208140 2.359038 1.000000
-0.495180 -0.363282 2.381622 0.240385
0.000536 -0.251875 2.306054 0.000000
-0.359041 -0.619370 2.490762 1.000000
-0.107230 -0.620748 2.487227 1.000000
-0.354071 -0.992990 2.621908 1.000000
-0.134286 -0.988548 2.631471 1.000000
-0.335190 -1.047806 2.465029 0.000000
-0.093399 -1.050357 2.481537 0.206731
-0.232406 0.516312 2.372644 1.000000
-0.429693 0.229528 2.477337 1.000000
-0.072885 0.238349 2.524352 1.000000
-0.240625 0.283779 2.410558 0.000000
-0.259110 0.100060 2.585313 0.000000
-0.444327 -0.119066 2.450147 1.000000
-0.021554 -0.109879 2.501582 0.846154
-0.247686 -0.105099 2.595389 0.000000
-0.495883 -0.028185 2.496201 1.000000
0.025691 -0.004230 2.575259 1.000000
-0.490906 -0.281728 2.371859 1.000000
-0.035914 -0.115644 2.323144 0.519231
-0.482648 -0.344052 2.399571 0.509615
-0.046465 -0.140216 2.259857 0.000000
-0.355751 -0.619089 2.495028 1.000000
-0.110864 -0.616331 2.493534 1.000000
-0.357199 -0.992852 2.625852 1.000000
-0.123298 -0.989323 2.625968 1.000000
-0.346886 -1.048036 2.468305 0.110577
-0.096114 -1.045343 2.470742 0.052885
-0.236976 0.515420 2.377450 1.000000
-0.430135 0.228689 2.481845 1.000000
-0.072325 0.239642 2.519955 1.000000
-0.243012 0.282869 2.409742 0.000000
-0.256363 0.101368 2.587260 0.000000
-0.443045 -0.114434 2.457579 1.000000
-0.018367 -0.109099 2.490560 1.000000
-0.240146 -0.102699 2.594153 0.000000
-0.492917 -0.027344 2.498594 1.000000
0.024673 0.001559 2.580638 0.907692
-0.492871 -0.279570 2.377735 1.000000
-0.023260 -0.040980 2.308393 0.000000
-0.477249 -0.341435 2.352257 0.543269
-0.071011 -0.068705 2.267507 0.745192
-0.354703 -0.615769 2.493734 1.000000
-0.107434 -0.614246 2.494870 1.000000
-0.355879 -0.994558 2.609201 1.000000
-0.137042 -0.982438 2.637608 1.000000
-0.351092 -1.043320 2.449289 0.000000
-0.112482 -1.043950 2.484032 0.269231
-0.239714 0.515282 2.372538 1.000000
-0.434532 0.221273 2.490295 1.000000
-0.075488 0.241353 2.507139 1.000000
-0.253247 0.277606 2.405963 0.000000
-0.251941 0.100915 2.588753 0.000000
-0.447372 -0.121277 2.470397 1.000000
-0.022272 -0.100754 2.488733 1.000000
-0.240275 -0.105774 2.600123 0.000000
-0.494041 -0.032730 2.505405 1.000000
0.028514 0.002533 2.528022 1.000000
-0.487807 -0.280340 2.382085 1.000000
-0.067464 0.011969 2.268683 0.076923
-0.478233 -0.333394 2.339493 0.358173
-0.079055 0.011059 2.200968 1.000000
-0.353861 -0.618299 2.498327 1.000000
-0.111819 -0.610499 2.499924 1.000000
-0.355181 -0.992676 2.627385 1.000000
-0.136429 -0.980458 2.638992 1.000000
-0.356327 -1.047179 2.469269 0.144231
-0.119042 -1.040001 2.483670 0.250000
-0.253537 0.520768 2.382668 1.000000
-0.432309 0.223473 2.498416 1.000000
-0.072643 0.238122 2.503461 1.000000
-0.252947 0.274707 2.407017 0.000000
-0.248565 0.102674 2.594151 0.000000
-0.447364 -0.126788 2.467471 1.000000
-0.022952 -0.098291 2.490496 1.000000
-0.242131 -0.105975 2.599398 0.000000
-0.492169 -0.028838 2.527203 1.000000
0.020758 0.009385 2.419626 0.830769
-0.498626 -0.268798 2.390478 1.000000
-0.087959 0.053722 2.169564 0.788462
-0.487743 -0.335870 2.400643 0.593750
-0.079535 0.110737 2.132164 1.000000
-0.355796 -0.620942 2.499196 1.000000
-0.109932 -0.610115 2.503354 1.000000
-0.354073 -0.994409 2.630860 1.000000
-0.132619 -0.982198 2.636976 1.000000
-0.354824 -1.050020 2.473127 0.091346
-0.114077 -1.039378 2.480902 0.211538
-0.258341 0.518795 2.374460 1.000000
-0.413462 0.227957 2.505413 1.000000
-0.053793 0.243304 2.506849 0.000000
-0.235257 0.282468 2.413649 0.000000
-0.228395 0.104652 2.595219 0.000000
-0.448017 -0.119303 2.494784 1.000000
-0.022713 -0.104117 2.475978 1.000000
-0.230209 -0.106780 2.605965 0.000000
-0.483362 -0.023570 2.539505 1.000000
-0.012279 0.035183 2.351041 0.615385
-0.496806 -0.272344 2.414448 1.000000
-0.062483 0.159523 2.106649 1.000000
-0.486903 -0.339631 2.404715 0.728365
-0.103597 0.185756 2.058256 1.000000
-0.354688 -0.618440 2.500453 1.000000
-0.107409 -0.611531 2.504741 1.000000
-0.359846 -0.998831 2.610416 1.000000
-0.137860 -0.982733 2.639268 1.000000
-0.373125 -1.044964 2.450204 0.000000
-0.131039 -1.040166 2.482337 0.269231
-0.262671 0.519426 2.378542 1.000000
-0.432061 0.225449 2.524307 1.000000
-0.072449 0.230122 2.508258 0.000000
-0.256968 0.276443 2.424852 0.000000
-0.246676 0.094998 2.602631 0.000000
-0.442409 -0.120926 2.493690 1.000000
-0.017125 -0.105805 2.474398 1.000000
-0.224578 -0.105643 2.604480 0.000000
-0.488445 -0.032603 2.555048 1.000000
-0.049846 0.174546 2.249192 0.200000
-0.497115 -0.296262 2.456625 1.000000
-0.107730 0.233926 1.980116 0.682692
-0.478980 -0.361123 2.470213 0.644231
-0.129909 0.240298 1.915402 1.000000
-0.354647 -0.619478 2.502018 1.000000
-0.110302 -0.613677 2.508017 1.000000
-0.353062 -0.993733 2.631425 1.000000
-0.125206 -0.991414 2.625949 1.000000
-0.369742 -1.048179 2.474168 0.125000
-0.124752 -1.041274 2.466305 0.091346
-0.263255 0.504515 2.372396 1.000000
-0.425198 0.229067 2.544146 1.000000
-0.071180 0.224504 2.479755 0.000000
-0.263849 0.275853 2.421970 0.000000
-0.234405 0.093610 2.596767 0.000000
-0.441782 -0.119627 2.535568 0.836538
-0.027090 -0.114368 2.438254 1.000000
-0.207027 -0.107914 2.604203 0.000000
-0.483463 -0.029511 2.571945 1.000000
-0.084040 0.224897 2.213551 0.307692
-0.493637 -0.295291 2.477661 1.000000
-0.114957 0.265445 1.936004 0.605769
-0.485589 -0.361781 2.492983 0.762019
-0.152132 0.258019 1.878704 1.000000
-0.350322 -0.621824 2.502711 1.000000
-0.110326 -0.617429 2.511429 1.000000
-0.353027 -0.995046 2.635051 1.000000
-0.123808 -0.997352 2.622303 1.000000
-0.392656 -1.049094 2.481817 0.125000
-0.153128 -1.042521 2.463960 0.129808
-0.260608 0.508635 2.376845 1.000000
-0.422732 0.224542 2.554827 1.000000
-0.074441 0.217891 2.464928 0.000000
-0.270400 0.270417 2.421261 0.000000
-0.229439 0.087921 2.593456 0.000000
-0.442811 -0.121007 2.541927 0.798077
-0.033675 -0.121676 2.423292 1.000000
-0.204721 -0.110519 2.598154 0.000000
-0.479474 -0.034208 2.588649 1.000000
-0.095427 0.219754 2.198710 0.338462
-0.492460 -0.298616 2.489290 1.000000
-0.123400 0.277960 1.923426 0.865385
-0.490203 -0.361440 2.517012 0.307692
-0.164445 0.267773 1.869277 1.000000
-0.348551 -0.625271 2.506622 1.000000
-0.108553 -0.622096 2.505422 1.000000
-0.360355 -1.005193 2.617689 1.000000
-0.122504 -0.999163 2.625597 1.000000
-0.405771 -1.049058 2.462815 0.000000
-0.157479 -1.047651 2.469397 0.264423
-0.261602 0.506362 2.379232 1.000000
-0.416261 0.223577 2.564336 1.000000
-0.073729 0.213850 2.456371 0.000000
-0.270812 0.267894 2.422808 0.000000
-0.222324 0.085439 2.593081 0.000000
-0.440550 -0.121999 2.555331 0.759615
-0.039838 -0.128455 2.410916 1.000000
-0.199229 -0.115816 2.596370 0.000000
-0.478130 -0.035636 2.590293 1.000000
-0.080877 0.221741 2.188828 0.261538
-0.499359 -0.312889 2.535015 1.000000
-0.124909 0.265444 1.912193 0.740385
-0.469486 -0.374710 2.537493 0.408654
-0.169604 0.259534 1.860349 1.000000
-0.347626 -0.627944 2.503942 1.000000
-0.107178 -0.625894 2.505096 1.000000
-0.363380 -1.009398 2.609112 1.000000
-0.135455 -0.997738 2.638319 1.000000
-0.416410 -1.049518 2.455649 0.000000
-0.175355 -1.049822 2.484476 0.355769
-0.257383 0.497003 2.366786 1.000000
-0.415389 0.229773 2.562935 1.000000
-0.073819 0.214222 2.454351 0.000000
-0.270021 0.269153 2.419873 0.000000
-0.222606 0.090661 2.594590 0.000000
-0.442786 -0.124975 2.555803 0.403846
-0.042320 -0.127093 2.410579 1.000000
-0.201426 -0.118017 2.596486 0.000000
-0.479166 -0.028828 2.594127 1.000000
-0.084156 0.220439 2.186453 0.446154
-0.492299 -0.306877 2.538084 1.000000
-0.118325 0.265233 1.908154 0.961538
-0.477115 -0.373556 2.544700 0.677885
-0.165973 0.251378 1.860634 1.000000
-0.347158 -0.629815 2.501705 1.000000
-0.105113 -0.624877 2.507322 1.000000
-0.360101 -1.006552 2.623021 1.000000
-0.132767 -0.999191 2.633578 1.000000
-0.411622 -1.053718 2.471055 0.000000
-0.173936 -1.048261 2.479079 0.326923
-0.260071 0.502843 2.368144 1.000000
-0.417500 0.229569 2.561220 1.000000
-0.074733 0.215820 2.454871 0.000000
-0.271518 0.268885 2.418766 0.000000
-0.223820 0.092294 2.595328 0.000000
-0.444349 -0.122936 2.548209 0.317308
-0.040985 -0.123199 2.411224 1.000000
-0.203933 -0.113763 2.593754 0.000000
-0.479341 -0.029798 2.593156 1.000000
-0.077458 0.213217 2.186354 0.446154
-0.492339 -0.308801 2.539892 1.000000
-0.116523 0.264533 1.909425 0.942308
-0.475642 -0.375023 2.532388 0.627404
-0.164969 0.251589 1.862459 1.000000
-0.347645 -0.627278 2.500757 1.000000
-0.105650 -0.621325 2.509419 1.000000
-0.357807 -1.002150 2.627973 1.000000
-0.132274 -0.996679 2.632772 1.000000
-0.406836 -1.052342 2.476152 0.000000
-0.171697 -1.044894 2.477551 0.346154
-0.263129 0.508252 2.379644 1.000000
-0.420199 0.227648 2.551142 1.000000
-0.074190 0.216879 2.452343 0.000000
-0.272230 0.262781 2.409650 0.000000
-0.223958 0.097527 2.596719 0.000000
-0.441598 -0.122734 2.553031 0.740385
-0.038432 -0.122488 2.415468 1.000000
-0.201090 -0.114958 2.598344 0.000000
-0.481029 -0.033275 2.584959 1.000000
-0.053198 0.166701 2.187831 0.400000
-0.494084 -0.310876 2.517699 1.000000
-0.111397 0.240785 1.917866 1.000000
-0.476310 -0.377173 2.520723 0.644231
-0.161023 0.233802 1.870868 1.000000
-0.347201 -0.626759 2.500615 1.000000
-0.106233 -0.621175 2.512464 1.000000
-0.359383 -1.003151 2.623075 1.000000
-0.136106 -0.995565 2.637985 1.000000
-0.408987 -1.051114 2.470721 0.000000
-0.175425 -1.044411 2.482935 0.206731
-0.261652 0.513059 2.375536 1.000000
-0.429615 0.222742 2.541307 1.000000
-0.077480 0.227138 2.466595 0.000000
-0.273605 0.268372 2.411969 0.000000
-0.232545 0.097227 2.595427 0.000000
-0.442379 -0.121185 2.535717 1.000000
-0.029512 -0.118904 2.430825 1.000000
-0.206314 -0.111788 2.600084 0.000000
-0.481011 -0.039225 2.583036 1.000000
-0.014599 0.119155 2.227023 0.653846
-0.496230 -0.312404 2.499414 1.000000
-0.113140 0.197426 1.970090 0.846154
-0.503995 -0.378132 2.480977 0.223558
-0.149027 0.202539 1.911725 1.000000
-0.345871 -0.624849 2.506217 1.000000
-0.108044 -0.620136 2.510480 1.000000
-0.357459 -1.000546 2.630847 1.000000
-0.135651 -0.993506 2.639509 1.000000
-0.397421 -1.050569 2.476338 0.057692
-0.162863 -1.045606 2.482928 0.322115
-0.261820 0.516120 2.379639 1.000000
-0.421474 0.228173 2.511321 1.000000
-0.063331 0.232851 2.475100 1.000000
-0.252427 0.274228 2.399734 0.000000
-0.231343 0.102517 2.586026 0.000000
-0.444535 -0.115001 2.504773 1.000000
-0.020898 -0.119282 2.460271 1.000000
-0.220040 -0.107383 2.602253 0.000000
-0.487779 -0.038422 2.521807 1.000000
0.022542 -0.026234 2.507962 1.000000
-0.490118 -0.318977 2.444247 1.000000
0.032282 -0.308052 2.435741 1.000000
-0.492250 -0.385293 2.426412 0.105769
0.028904 -0.375767 2.446861 0.610577
-0.348896 -0.620394 2.498846 1.000000
-0.108093 -0.620283 2.509267 1.000000
-0.356921 -0.993267 2.631953 1.000000
-0.138512 -0.993552 2.637954 1.000000
-0.377685 -1.048664 2.475516 0.134615
-0.142258 -1.047778 2.479783 0.394231
-0.257400 0.518128 2.368536 1.000000
-0.420744 0.226808 2.507953 1.000000
-0.062287 0.233411 2.475318 1.000000
-0.250886 0.271718 2.397135 0.000000
-0.230487 0.104238 2.587314 0.000000
-0.444806 -0.114188 2.506117 1.000000
-0.021115 -0.119025 2.462183 1.000000
-0.220435 -0.107706 2.603964 0.000000
-0.487620 -0.039321 2.519954 1.000000
0.023137 -0.025307 2.510091 1.000000
-0.489657 -0.318623 2.438933 1.000000
0.029790 -0.302903 2.423639 1.000000
-0.496559 -0.385037 2.422748 0.156250
0.030103 -0.371177 2.431317 0.593750
-0.346004 -0.619987 2.501428 1.000000
-0.106309 -0.619630 2.510992 1.000000
-0.358904 -0.992846 2.634190 1.000000
-0.128713 -0.998013 2.625623 1.000000
-0.377961 -1.047997 2.477449 0.158654
-0.134810 -1.046142 2.465563 0.163462
-0.255867 0.517454 2.366510 1.000000
-0.420807 0.225613 2.506326 1.000000
-0.061904 0.235894 2.480185 1.000000
-0.249440 0.272093 2.398518 0.000000
-0.230758 0.105177 2.589368 0.000000
-0.443339 -0.116988 2.493577 1.000000
-0.017723 -0.114402 2.475928 1.000000
-0.225593 -0.106888 2.605124 0.000000
-0.485291 -0.040946 2.521295 1.000000
0.022652 -0.023684 2.510271 1.000000
-0.481604 -0.313911 2.421054 1.000000
0.024468 -0.293290 2.401271 1.000000
-0.488166 -0.381506 2.410649 0.173077
0.026385 -0.361087 2.412242 0.593750
-0.348646 -0.620146 2.501349 1.000000
-0.107347 -0.618081 2.511105 1.000000
-0.357021 -0.999494 2.614666 1.000000
-0.139803 -0.991113 2.639984 1.000000
-0.368854 -1.047004 2.454743 0.000000
-0.133831 -1.046158 2.482165 0.326923
-0.253561 0.517374 2.366606 1.000000
-0.420802 0.222313 2.508698 1.000000
-0.062129 0.236678 2.481356 1.000000
-0.250341 0.271325 2.400576 0.000000
-0.229153 0.103454 2.590323 0.000000
-0.441336 -0.114577 2.490744 1.000000
-0.015472 -0.116065 2.480509 1.000000
-0.225480 -0.106984 2.606097 0.000000
-0.483313 -0.044622 2.515103 1.000000
0.025167 -0.022128 2.505887 1.000000
-0.481204 -0.320692 2.425148 1.000000
0.027118 -0.285110 2.382812 1.000000
-0.495627 -0.384353 2.403710 0.021635
0.023789 -0.353708 2.384726 0.627404
-0.344874 -0.619066 2.503550 1.000000
-0.105143 -0.618783 2.507803 1.000000
-0.357658 -0.998422 2.616426 1.000000
-0.140884 -0.989186 2.643229 1.000000
-0.365670 -1.045817 2.456232 0.000000
-0.130400 -1.047396 2.486786 0.365385
-0.250618 0.514931 2.365642 1.000000
-0.418177 0.223687 2.508302 1.000000
-0.059119 0.235057 2.484901 1.000000
-0.246135 0.270990 2.401937 0.000000
-0.228420 0.103519 2.592393 0.000000
-0.440375 -0.116012 2.497821 1.000000
-0.015197 -0.113997 2.471612 0.836538
-0.220419 -0.105824 2.604936 0.000000
-0.483194 -0.043282 2.516001 1.000000
0.026914 -0.025466 2.501786 1.000000
-0.475441 -0.316359 2.415608 1.000000
0.021208 -0.282325 2.365035 1.000000
-0.476727 -0.383824 2.402675 0.223558
0.006023 -0.348898 2.357428 0.762019
-0.345863 -0.619297 2.504431 1.000000
-0.105212 -0.617587 2.508804 1.000000
-0.357732 -0.992568 2.636129 1.000000
-0.127769 -0.994853 2.627029 1.000000
-0.372579 -1.047575 2.478883 0.250000
-0.127546 -1.044878 2.467436 0.105769
-0.248338 0.516165 2.368898 1.000000
