-0.379179 0.291499 2.661225 1.000000
-0.038302 0.302616 2.609226 1.000000
-0.232600 0.362246 2.492752 0.000000
-0.193886 0.159977 2.703297 0.000000
-0.367944 -0.048003 2.587101 0.355769
-0.029756 -0.042566 2.530107 0.711538
-0.179666 -0.055110 2.671500 0.000000
-0.427900 0.017622 2.644560 1.000000
0.026307 0.032852 2.635924 1.000000
-0.401357 -0.274115 2.616798 1.000000
0.021357 -0.261046 2.622334 1.000000
-0.397674 -0.337772 2.631713 0.509615
-0.004911 -0.308172 2.585221 0.509615
-0.284884 -0.544753 2.677327 1.000000
-0.085739 -0.538638 2.661984 1.000000
-0.286480 -0.944371 2.754479 1.000000
-0.071087 -0.938757 2.735052 1.000000
-0.311504 -0.973823 2.601407 0.000000
-0.096136 -0.967646 2.581877 0.000000
-0.206075 0.551670 2.517101 1.000000
-0.377008 0.293167 2.667411 1.000000
-0.036467 0.301118 2.612698 1.000000
-0.231016 0.364705 2.498762 0.000000
-0.192920 0.158906 2.705973 0.000000
-0.367719 -0.049556 2.585501 0.346154
-0.029678 -0.045063 2.527561 0.701923
-0.179230 -0.053477 2.669638 0.000000
-0.426448 0.020006 2.646746 1.000000
0.026642 0.031278 2.639003 1.000000
-0.403808 -0.270883 2.611184 1.000000
0.016235 -0.261906 2.620876 1.000000
-0.390382 -0.333605 2.624373 0.543269
0.000198 -0.325188 2.615732 0.711538
-0.283139 -0.546559 2.678654 1.000000
-0.082073 -0.540757 2.661628 1.000000
-0.286322 -0.946393 2.754627 1.000000
-0.075580 -0.940389 2.738446 1.000000
-0.311777 -0.975282 2.601519 0.000000
-0.100500 -0.970207 2.585429 0.000000
-0.206355 0.546448 2.514127 1.000000
-0.384171 0.283067 2.660501 1.000000
-0.043083 0.296985 2.610604 1.000000
-0.237159 0.354361 2.492637 0.000000
-0.197989 0.153389 2.704336 0.000000
-0.366412 -0.054838 2.582952 0.182692
-0.026919 -0.049992 2.534267 0.807692
-0.180293 -0.057807 2.672245 0.000000
-0.426589 0.008738 2.645847 1.000000
0.030180 0.030422 2.639716 1.000000
-0.399698 -0.280677 2.605018 1.000000
0.019531 -0.262521 2.624820 1.000000
-0.397344 -0.342848 2.625452 0.375000
0.003865 -0.325886 2.619558 0.408654
-0.283609 -0.552085 2.677694 1.000000
-0.084687 -0.546896 2.664241 1.000000
-0.286964 -0.951520 2.755729 1.000000
-0.069764 -0.946855 2.738127 1.000000
-0.308295 -0.981340 2.602171 0.000000
-0.091204 -0.976042 2.584462 0.000000
-0.207472 0.544559 2.516974 1.000000
-0.384020 0.292434 2.658618 1.000000
-0.042306 0.295881 2.611247 1.000000
-0.233699 0.358290 2.491465 0.000000
-0.202121 0.157538 2.704637 0.000000
-0.367574 -0.052938 2.581698 0.355769
-0.027657 -0.044474 2.536603 0.750000
-0.182380 -0.054343 2.672932 0.000000
-0.429328 0.018603 2.646602 1.000000
0.028340 0.029082 2.642992 1.000000
-0.398790 -0.270361 2.606380 1.000000
0.020583 -0.263510 2.623492 1.000000
-0.395983 -0.333608 2.623117 0.677885
-0.002024 -0.318562 2.596171 0.475962
-0.282647 -0.549616 2.675352 1.000000
-0.082743 -0.541981 2.666142 1.000000
-0.287525 -0.948905 2.754052 1.000000
-0.071609 -0.942281 2.738843 1.000000
-0.306797 -0.978980 2.600271 0.000000
-0.090762 -0.970799 2.584751 0.000000
-0.208518 0.549074 2.516895 1.000000
-0.380745 0.295255 2.651468 1.000000
-0.038113 0.299101 2.611299 1.000000
-0.227195 0.356582 2.485531 0.000000
-0.199215 0.162917 2.705648 0.000000
-0.368738 -0.049779 2.585303 0.375000
-0.029583 -0.044066 2.534409 0.788462
-0.182024 -0.053472 2.673318 0.000000
-0.431511 0.021603 2.643668 1.000000
0.026051 0.030449 2.646412 1.000000
-0.396010 -0.267724 2.605425 1.000000
0.020656 -0.262549 2.622831 1.000000
-0.393007 -0.330816 2.622705 0.610577
-0.001955 -0.318265 2.596892 0.879808
-0.282513 -0.547554 2.676110 1.000000
-0.083991 -0.540273 2.666313 1.000000
-0.289596 -0.947332 2.752112 1.000000
-0.070359 -0.940795 2.737347 1.000000
-0.311660 -0.976151 2.598466 0.000000
-0.092619 -0.968823 2.583583 0.000000
-0.210353 0.554585 2.515984 1.000000
-0.376632 0.292815 2.653342 1.000000
-0.033167 0.291926 2.620853 1.000000
-0.218227 0.359920 2.494349 0.000000
-0.198916 0.154112 2.704138 0.000000
-0.367262 -0.052875 2.574972 0.528846
-0.025501 -0.045432 2.546807 0.692308
-0.186803 -0.056407 2.675195 0.000000
-0.430097 0.018618 2.641885 1.000000
0.028516 0.020961 2.651625 1.000000
-0.397785 -0.272779 2.607209 1.000000
0.023134 -0.272967 2.624499 1.000000
-0.383984 -0.335895 2.617889 0.610577
-0.002589 -0.329856 2.604745 0.610577
-0.282976 -0.548813 2.676653 1.000000
-0.081788 -0.542614 2.670320 1.000000
-0.285467 -0.947137 2.760206 1.000000
-0.070781 -0.943812 2.737910 1.000000
-0.297260 -0.979387 2.606110 0.000000
-0.082583 -0.970281 2.582717 0.000000
-0.207114 0.542765 2.513127 1.000000
-0.379386 0.294970 2.644340 1.000000
-0.035125 0.294251 2.621776 1.000000
-0.216727 0.354524 2.486640 0.000000
-0.202663 0.160084 2.707403 0.000000
-0.367027 -0.054637 2.579433 0.557692
-0.026031 -0.045726 2.543503 0.730769
-0.184355 -0.055765 2.675620 0.000000
-0.430549 0.019737 2.637675 1.000000
0.029309 0.023625 2.653792 1.000000
-0.395894 -0.271334 2.598899 1.000000
0.022281 -0.270228 2.621733 1.000000
-0.391330 -0.334172 2.616753 0.475962
0.006189 -0.333490 2.626949 0.677885
-0.280517 -0.551185 2.676171 1.000000
-0.083020 -0.543357 2.671031 1.000000
-0.287553 -0.951527 2.749154 1.000000
-0.070837 -0.944370 2.739511 1.000000
-0.302510 -0.979459 2.594491 0.000000
-0.086021 -0.971270 2.584687 0.000000
-0.204758 0.546676 2.508836 1.000000
-0.380628 0.291686 2.633725 1.000000
-0.035675 0.295993 2.629971 1.000000
-0.210526 0.357573 2.486762 0.000000
-0.205676 0.157418 2.702760 0.000000
-0.359553 -0.056796 2.557034 0.721154
-0.016766 -0.048729 2.566042 1.000000
-0.191026 -0.059077 2.676265 0.000000
-0.428711 0.015829 2.637774 1.000000
0.034358 0.026688 2.661531 1.000000
-0.395969 -0.275485 2.599006 1.000000
0.031388 -0.264039 2.607611 1.000000
-0.381310 -0.337744 2.613047 0.644231
-0.000738 -0.321101 2.607927 0.677885
-0.281547 -0.549587 2.680014 1.000000
-0.079118 -0.548725 2.671765 1.000000
-0.284879 -0.949940 2.753192 1.000000
-0.072815 -0.950454 2.736745 1.000000
-0.279818 -0.978353 2.597977 0.000000
-0.067658 -0.975571 2.580966 0.000000
-0.204334 0.549534 2.514755 1.000000
-0.382495 0.285424 2.622488 1.000000
-0.039310 0.314409 2.642707 1.000000
-0.207461 0.361115 2.486445 0.000000
-0.203855 0.165111 2.706241 0.000000
-0.355675 -0.059639 2.555583 1.000000
-0.013716 -0.041242 2.574944 1.000000
-0.190895 -0.055857 2.679904 0.000000
-0.429692 0.010550 2.625383 1.000000
0.044918 0.055988 2.705284 1.000000
-0.392639 -0.280209 2.596788 1.000000
0.029127 -0.199922 2.560396 1.000000
-0.390492 -0.342198 2.617788 0.745192
0.026579 -0.257880 2.530022 0.000000
-0.286438 -0.548602 2.681326 1.000000
-0.082907 -0.547011 2.670621 1.000000
-0.288937 -0.948184 2.758637 1.000000
-0.075881 -0.948528 2.736837 1.000000
-0.278251 -0.978169 2.604004 0.000000
-0.065236 -0.973977 2.581391 0.000000
-0.210069 0.546275 2.500007 1.000000
-0.380848 0.283125 2.617233 1.000000
-0.039980 0.325043 2.650045 1.000000
-0.204440 0.368686 2.489041 0.000000
-0.200509 0.168014 2.704578 0.000000
-0.356474 -0.061315 2.542434 0.951923
-0.018462 -0.033226 2.593501 0.692308
-0.203877 -0.056015 2.681389 0.000000
-0.429195 0.010878 2.625479 1.000000
0.042517 0.073063 2.728934 1.000000
-0.393177 -0.277461 2.595790 1.000000
0.022374 -0.106871 2.499727 1.000000
-0.375614 -0.338573 2.580135 0.711538
0.019795 -0.151484 2.451859 0.000000
-0.285932 -0.546033 2.679814 1.000000
-0.085160 -0.544345 2.666880 1.000000
-0.288841 -0.945604 2.757167 1.000000
-0.076798 -0.944016 2.743315 1.000000
-0.262436 -0.975372 2.604389 0.000000
-0.050938 -0.972749 2.590246 0.000000
-0.207635 0.543324 2.492697 1.000000
-0.377839 0.288900 2.607419 1.000000
-0.037489 0.323781 2.651804 1.000000
-0.195210 0.369249 2.484680 0.000000
-0.203245 0.170854 2.702202 0.000000
-0.354582 -0.058767 2.546916 1.000000
-0.015010 -0.035105 2.589108 0.855769
-0.198341 -0.055498 2.681825 0.000000
-0.433283 0.022709 2.619133 1.000000
0.052228 0.087536 2.752839 1.000000
-0.392773 -0.260136 2.588495 1.000000
0.012413 -0.012896 2.486551 0.625000
-0.389177 -0.325119 2.595744 0.812500
0.004589 -0.039150 2.427072 0.000000
-0.287259 -0.545633 2.678152 1.000000
-0.084792 -0.545154 2.664601 1.000000
-0.289227 -0.945566 2.753641 1.000000
-0.075919 -0.944936 2.740396 1.000000
-0.267617 -0.974676 2.599985 0.000000
-0.054551 -0.973615 2.586625 0.000000
-0.212036 0.550255 2.493818 1.000000
-0.372297 0.297070 2.606393 1.000000
-0.033785 0.341460 2.656036 1.000000
-0.190760 0.385860 2.487925 0.000000
-0.195285 0.182340 2.700764 0.000000
-0.354638 -0.045299 2.541190 1.000000
-0.015601 -0.022889 2.588106 1.000000
-0.200209 -0.043525 2.678198 0.000000
-0.426195 0.029152 2.614466 1.000000
0.081401 0.120952 2.769431 0.830769
-0.394648 -0.256595 2.588114 1.000000
-0.015391 0.102831 2.498057 0.471154
-0.393238 -0.321249 2.598411 0.879808
-0.036506 0.095534 2.436501 0.000000
-0.287754 -0.532883 2.672117 1.000000
-0.087708 -0.534582 2.652138 1.000000
-0.289724 -0.931356 2.754970 1.000000
-0.080202 -0.932832 2.735743 1.000000
-0.266336 -0.963251 2.602129 0.000000
-0.056628 -0.964478 2.582879 0.000000
-0.207157 0.559738 2.491927 1.000000
-0.379938 0.296888 2.606189 1.000000
-0.040276 0.335163 2.652982 1.000000
-0.198107 0.383968 2.486906 0.000000
-0.203948 0.178242 2.697581 0.000000
-0.353072 -0.045820 2.542829 1.000000
-0.013444 -0.025489 2.586285 1.000000
-0.197192 -0.045785 2.678194 0.000000
-0.428606 0.027435 2.618114 1.000000
0.088429 0.108993 2.738990 0.876923
-0.398997 -0.259499 2.594866 1.000000
-0.029973 0.124145 2.475363 0.442308
-0.391570 -0.324327 2.600377 0.980769
-0.055743 0.124019 2.415162 0.000000
-0.288061 -0.534341 2.670464 1.000000
-0.088305 -0.536386 2.652396 1.000000
-0.287033 -0.932572 2.754488 1.000000
-0.079331 -0.933928 2.739165 1.000000
-0.265832 -0.964818 2.601402 0.000000
-0.057553 -0.966803 2.586294 0.000000
-0.214952 0.550339 2.482675 1.000000
-0.385038 0.292828 2.612126 1.000000
-0.042029 0.321173 2.635927 1.000000
-0.208851 0.371739 2.479442 0.000000
-0.207133 0.170439 2.694421 0.000000
-0.351168 -0.056737 2.540954 1.000000
-0.012053 -0.029699 2.584764 1.000000
-0.195504 -0.053135 2.676521 0.000000
-0.432415 0.024525 2.631297 1.000000
0.112354 0.112990 2.722089 0.723077
-0.392402 -0.258379 2.592108 1.000000
-0.024170 0.143370 2.469879 0.884615
-0.392136 -0.323298 2.600698 0.980769
-0.054478 0.147771 2.411997 0.000000
-0.286297 -0.540444 2.677307 1.000000
-0.088954 -0.542169 2.653773 1.000000
-0.285730 -0.940607 2.751591 1.000000
-0.075096 -0.940292 2.737172 1.000000
-0.263010 -0.969091 2.597978 0.000000
-0.052905 -0.971599 2.584032 0.000000
-0.219137 0.546933 2.483535 1.000000
-0.382830 0.297117 2.634430 1.000000
-0.037915 0.302874 2.629339 0.000000
-0.213620 0.367967 2.488752 0.000000
-0.207075 0.161554 2.698732 0.000000
-0.347247 -0.050267 2.564990 1.000000
-0.004512 -0.040263 2.555931 1.000000
-0.172576 -0.054754 2.674956 0.000000
-0.431547 0.029893 2.648007 1.000000
0.126764 0.098153 2.559078 0.907692
-0.397994 -0.252926 2.611200 1.000000
-0.043563 0.222947 2.364445 1.000000
-0.388663 -0.317343 2.604012 0.913462
-0.062603 0.279323 2.337106 0.375000
-0.284920 -0.540427 2.681686 1.000000
-0.087316 -0.545642 2.650798 1.000000
-0.283826 -0.940281 2.757612 1.000000
-0.072631 -0.942391 2.740372 1.000000
-0.287506 -0.969735 2.602552 0.000000
-0.075677 -0.977260 2.586426 0.000000
-0.222371 0.537198 2.489206 1.000000
-0.371018 0.302166 2.642828 1.000000
-0.026592 0.282340 2.644338 0.000000
-0.193823 0.368209 2.504574 0.000000
-0.207228 0.150418 2.702382 0.000000
-0.345874 -0.054686 2.560140 1.000000
-0.002925 -0.050159 2.563940 1.000000
-0.175519 -0.063623 2.676423 0.000000
-0.434671 0.038358 2.659883 1.000000
0.098044 0.159750 2.436072 1.000000
-0.400018 -0.243959 2.620765 1.000000
-0.078294 0.295452 2.254622 1.000000
-0.392291 -0.308982 2.619978 0.980769
-0.079679 0.357932 2.235062 0.644231
-0.284486 -0.544038 2.687565 1.000000
-0.086442 -0.554894 2.648995 1.000000
-0.284330 -0.946844 2.745848 1.000000
-0.073728 -0.951648 2.738848 1.000000
-0.282612 -0.969450 2.589609 0.000000
-0.071456 -0.986446 2.584872 0.000000
-0.218576 0.517164 2.489764 1.000000
-0.355184 0.320479 2.660972 1.000000
-0.016235 0.278167 2.612513 0.067308
-0.197560 0.367620 2.494220 0.000000
-0.193215 0.161523 2.704567 0.000000
-0.347258 -0.050270 2.583388 1.000000
-0.006916 -0.052918 2.540854 1.000000
-0.162935 -0.059920 2.675878 0.000000
-0.430960 0.058252 2.671866 1.000000
0.036510 0.242921 2.346808 1.000000
-0.404481 -0.226385 2.633386 1.000000
-0.094871 0.371225 2.124373 1.000000
-0.398796 -0.290587 2.621813 0.846154
-0.121251 0.418840 2.087970 0.526442
-0.287550 -0.546672 2.683432 1.000000
-0.085507 -0.553399 2.650267 1.000000
-0.284283 -0.947278 2.755216 1.000000
-0.073908 -0.950186 2.740125 1.000000
-0.305030 -0.975046 2.601193 0.000000
-0.093186 -0.985331 2.587424 0.000000
-0.212785 0.543908 2.506968 1.000000
-0.367392 0.317361 2.667706 1.000000
-0.061642 0.296804 2.525028 0.000000
-0.277346 0.320884 2.451482 0.000000
-0.170383 0.200449 2.698048 0.000000
-0.338188 -0.037833 2.624680 0.769231
-0.028176 -0.056114 2.479053 1.000000
-0.134233 -0.045175 2.655842 0.000000
-0.429610 0.051179 2.689843 1.000000
-0.074003 0.336911 2.254007 0.338462
-0.398596 -0.230312 2.629361 1.000000
-0.093591 0.406191 1.973518 0.875000
-0.398610 -0.295790 2.628375 1.000000
-0.117358 0.441626 1.923842 0.795673
-0.287008 -0.544940 2.674931 1.000000
-0.082903 -0.543155 2.654875 1.000000
-0.286643 -0.944507 2.752357 1.000000
-0.069999 -0.940920 2.740111 1.000000
-0.356265 -0.971524 2.613262 0.000000
-0.137144 -0.972938 2.600859 0.000000
-0.205329 0.585658 2.506335 1.000000
-0.372749 0.306986 2.675697 1.000000
-0.071776 0.292026 2.526510 0.644231
-0.287542 0.317491 2.457744 0.000000
-0.174768 0.189915 2.698051 0.000000
-0.344005 -0.042696 2.621065 0.413462
-0.035115 -0.055361 2.472487 1.000000
-0.139614 -0.043646 2.650153 0.000000
-0.423600 0.039558 2.690598 1.000000
-0.084742 0.343615 2.259122 0.523077
-0.392618 -0.239609 2.627560 1.000000
-0.138886 0.408788 1.984007 1.000000
-0.389893 -0.304879 2.623019 0.997596
-0.165778 0.440818 1.933617 1.000000
-0.285106 -0.547238 2.677397 1.000000
-0.079660 -0.543384 2.650050 1.000000
-0.287796 -0.947293 2.752218 1.000000
-0.070124 -0.939532 2.742920 1.000000
-0.357589 -0.972873 2.612937 0.000000
-0.137419 -0.973662 2.604244 0.000000
-0.210566 0.579425 2.527842 0.115385
-0.377448 0.299122 2.670560 1.000000
-0.077361 0.292346 2.517706 0.000000
-0.295482 0.303296 2.451156 0.000000
-0.173392 0.193621 2.695709 0.000000
-0.344688 -0.047831 2.614670 0.413462
-0.032284 -0.058947 2.473498 1.000000
-0.141051 -0.048198 2.648646 0.000000
-0.425264 0.034007 2.701480 1.000000
-0.084696 0.341236 2.251089 0.507692
-0.394047 -0.241768 2.631100 1.000000
-0.138542 0.406115 1.977464 1.000000
-0.393255 -0.307246 2.631563 0.879808
-0.164495 0.433428 1.923904 1.000000
-0.282386 -0.550528 2.680357 1.000000
-0.081016 -0.548341 2.646816 1.000000
-0.288759 -0.950601 2.754851 1.000000
-0.071027 -0.944297 2.740456 1.000000
-0.354454 -0.975868 2.613535 0.000000
-0.134895 -0.979049 2.600322 0.000000
-0.219533 0.577741 2.536812 0.158654
-0.366511 0.298193 2.675805 1.000000
-0.071090 0.285815 2.512493 0.000000
-0.291551 0.306141 2.454013 0.000000
-0.165540 0.185156 2.691130 0.000000
-0.345505 -0.045909 2.618777 0.740385
-0.038466 -0.064906 2.467069 1.000000
-0.140901 -0.051330 2.645801 0.000000
-0.431114 0.036629 2.695357 1.000000
-0.077753 0.329515 2.246001 0.661539
-0.395146 -0.238405 2.628869 1.000000
-0.137042 0.394853 1.974756 1.000000
-0.399190 -0.303613 2.624415 0.694712
-0.170566 0.425618 1.927661 1.000000
-0.288429 -0.551233 2.679772 1.000000
-0.081536 -0.549172 2.650505 1.000000
-0.287815 -0.951949 2.751014 1.000000
-0.074222 -0.945822 2.741416 1.000000
-0.359608 -0.976668 2.612597 0.000000
-0.143680 -0.978710 2.603509 0.000000
-0.229585 0.576260 2.519143 0.572115
-0.373809 0.280010 2.668999 1.000000
-0.072550 0.270673 2.520610 0.875000
-0.288625 0.287677 2.450920 0.000000
-0.172325 0.169746 2.694451 0.000000
-0.346721 -0.055523 2.619032 0.846154
-0.036950 -0.077440 2.473392 1.000000
-0.142722 -0.062282 2.650041 0.000000
-0.433298 0.017928 2.695220 1.000000
-0.057039 0.320060 2.255594 0.569231
-0.395269 -0.255063 2.622267 1.000000
-0.123392 0.383622 1.985686 1.000000
-0.393396 -0.320500 2.620602 0.677885
-0.161019 0.414178 1.941654 0.745192
-0.289700 -0.562095 2.680480 1.000000
-0.080426 -0.561131 2.653738 1.000000
-0.289345 -0.961891 2.756718 1.000000
-0.073963 -0.958493 2.741548 1.000000
-0.358577 -0.988528 2.617355 0.000000
-0.141202 -0.990357 2.602306 0.000000
-0.219779 0.559708 2.517761 0.990385
-0.368414 0.309411 2.679224 1.000000
-0.056073 0.286004 2.543475 0.000000
-0.269656 0.334661 2.468315 0.000000
-0.180824 0.176076 2.700048 0.000000
-0.348797 -0.050955 2.618798 0.567308
-0.036849 -0.062833 2.476683 1.000000
-0.145079 -0.053075 2.652221 0.000000
-0.424938 0.043318 2.668651 1.000000
-0.036506 0.297126 2.272171 0.538462
-0.400404 -0.240223 2.628253 1.000000
-0.113929 0.377560 2.007284 1.000000
-0.393947 -0.304758 2.619206 0.879808
-0.145046 0.419692 1.967978 0.745192
-0.289850 -0.554543 2.680020 1.000000
-0.082531 -0.549482 2.656752 1.000000
-0.289094 -0.954847 2.753541 1.000000
-0.073281 -0.948543 2.736215 1.000000
-0.356063 -0.980795 2.612947 0.000000
-0.137952 -0.978109 2.595261 0.000000
-0.212821 0.576610 2.528604 1.000000
-0.356635 0.318998 2.685646 1.000000
-0.035777 0.292067 2.561751 0.000000
-0.246926 0.354402 2.481724 0.000000
-0.175275 0.177208 2.705799 0.000000
-0.350220 -0.037985 2.606955 0.625000
-0.026952 -0.054567 2.493501 1.000000
-0.150378 -0.042653 2.658566 0.000000
-0.428547 0.057316 2.651211 1.000000
0.013163 0.253193 2.295428 0.815385
-0.405378 -0.228689 2.618048 1.000000
-0.116014 0.357911 2.059245 1.000000
-0.396867 -0.292934 2.608648 0.846154
-0.146014 0.382342 2.006412 0.000000
-0.288092 -0.544060 2.673302 1.000000
-0.084022 -0.542699 2.657757 1.000000
-0.291050 -0.943137 2.753165 1.000000
-0.074433 -0.941196 2.739959 1.000000
-0.344933 -0.971872 2.607578 0.000000
-0.127084 -0.972479 2.594447 0.000000
-0.206281 0.563655 2.503531 1.000000
-0.357243 0.313398 2.676924 1.000000
-0.025216 0.290778 2.585975 0.000000
-0.225672 0.364916 2.490085 0.000000
-0.180900 0.166329 2.702921 0.000000
-0.354895 -0.044001 2.602216 1.000000
-0.025078 -0.049942 2.508224 1.000000
-0.158456 -0.044840 2.665725 0.000000
-0.431644 0.051161 2.647645 1.000000
0.048794 0.204988 2.336328 0.876923
-0.408696 -0.235997 2.619133 1.000000
-0.099336 0.323223 2.117521 1.000000
-0.400685 -0.300664 2.612640 0.728365
-0.134030 0.350978 2.069414 0.072115
-0.287158 -0.547498 2.671426 1.000000
-0.085253 -0.543485 2.658701 1.000000
-0.289866 -0.946225 2.753025 1.000000
-0.072044 -0.942401 2.738330 1.000000
-0.333953 -0.976331 2.604450 0.000000
-0.114867 -0.973509 2.589592 0.000000
-0.204499 0.553104 2.506181 1.000000
-0.370043 0.310742 2.657846 1.000000
-0.029742 0.289047 2.605412 0.000000
-0.217501 0.367508 2.489376 0.000000
-0.198271 0.161817 2.699286 0.000000
-0.352890 -0.044828 2.582154 1.000000
-0.013811 -0.052008 2.530941 1.000000
-0.166188 -0.048527 2.670195 0.000000
-0.434880 0.042890 2.653077 1.000000
0.105159 0.150134 2.409259 0.692308
-0.400187 -0.242543 2.608057 1.000000
-0.063811 0.271018 2.205448 1.000000
-0.396017 -0.307581 2.614462 0.745192
-0.118724 0.306691 2.205926 0.610577
-0.286849 -0.545859 2.675111 1.000000
-0.084559 -0.547843 2.659457 1.000000
-0.290508 -0.945064 2.754303 1.000000
-0.076378 -0.947009 2.738505 1.000000
-0.314947 -0.975198 2.601269 0.000000
-0.100133 -0.977797 2.585495 0.000000
-0.211778 0.545758 2.500690 1.000000
-0.370464 0.300234 2.631787 1.000000
-0.026008 0.282116 2.638626 0.000000
-0.191540 0.365747 2.495522 0.000000
-0.206860 0.149902 2.695314 0.000000
-0.346582 -0.051954 2.547797 1.000000
-0.003695 -0.050855 2.556529 1.000000
-0.178046 -0.056248 2.666960 0.000000
-0.434188 0.031884 2.647153 1.000000
0.124047 0.104848 2.489066 0.907692
-0.394917 -0.255142 2.613202 1.000000
-0.060879 0.217529 2.293659 1.000000
-0.390679 -0.320094 2.606022 0.879808
-0.100270 0.239969 2.246403 0.000000
-0.286650 -0.543280 2.678773 1.000000
-0.084523 -0.550699 2.660703 1.000000
-0.283679 -0.942948 2.755623 1.000000
-0.074480 -0.949903 2.739342 1.000000
-0.280652 -0.972731 2.600613 0.000000
-0.070615 -0.980313 2.584471 0.000000
-0.214445 0.529443 2.496929 1.000000
-0.368885 0.294702 2.624858 1.000000
-0.024181 0.308702 2.622028 1.000000
-0.200234 0.363322 2.477475 0.000000
-0.190440 0.166403 2.696261 0.000000
-0.348396 -0.053757 2.558076 1.000000
-0.005576 -0.043477 2.553827 1.000000
-0.175388 -0.054460 2.670728 0.000000
-0.436806 0.028702 2.647132 1.000000
0.123794 0.085512 2.557568 1.000000
-0.395455 -0.256718 2.609588 1.000000
-0.054186 0.171228 2.344119 1.000000
-0.394544 -0.321961 2.615137 0.947115
-0.092876 0.187503 2.293855 0.000000
-0.286171 -0.542847 2.682283 1.000000
-0.083445 -0.547311 2.655986 1.000000
-0.284432 -0.943641 2.753065 1.000000
-0.074108 -0.945731 2.738593 1.000000
-0.285868 -0.971103 2.597603 0.000000
-0.074959 -0.977801 2.584012 0.000000
-0.218032 0.549985 2.495329 1.000000
-0.383195 0.292344 2.639571 1.000000
-0.040346 0.320040 2.612879 1.000000
-0.228074 0.368421 2.481383 0.000000
-0.195302 0.170842 2.697321 0.000000
-0.353020 -0.052816 2.554938 1.000000
-0.010422 -0.037145 2.549447 1.000000
-0.179626 -0.050541 2.666975 0.000000
-0.432915 0.023464 2.645869 1.000000
0.115854 0.099147 2.653075 1.000000
-0.396541 -0.261070 2.612355 1.000000
-0.022413 0.095103 2.399556 0.750000
-0.395173 -0.326267 2.618327 0.745192
-0.053649 0.136269 2.359333 0.812500
-0.284867 -0.540524 2.679480 1.000000
-0.084978 -0.541919 2.654303 1.000000
-0.285042 -0.941585 2.748758 1.000000
-0.073806 -0.939524 2.740528 1.000000
-0.285893 -0.968457 2.593189 0.000000
-0.074598 -0.973004 2.586246 0.000000
-0.218985 0.551170 2.492600 1.000000
-0.381274 0.290469 2.648343 1.000000
-0.039329 0.326095 2.619550 1.000000
-0.229281 0.375451 2.491659 0.000000
-0.190427 0.170771 2.699836 0.000000
-0.356425 -0.049649 2.562965 1.000000
-0.014517 -0.029131 2.544892 1.000000
-0.178989 -0.046527 2.668459 0.000000
-0.432238 0.024563 2.645406 1.000000
0.082841 0.101521 2.708731 1.000000
-0.396684 -0.256410 2.606319 1.000000
-0.018082 0.025737 2.452198 1.000000
-0.389733 -0.321504 2.604679 0.661058
-0.063256 0.026622 2.404798 0.307692
-0.285173 -0.538524 2.673762 1.000000
-0.084055 -0.535238 2.651498 1.000000
-0.286565 -0.937896 2.752177 1.000000
-0.074254 -0.933066 2.736855 1.000000
-0.292639 -0.968271 2.597370 0.000000
-0.080088 -0.966300 2.582628 0.000000
-0.215917 0.549868 2.497219 1.000000
-0.378503 0.279073 2.637049 1.000000
-0.038127 0.334987 2.630546 1.000000
-0.221751 0.372088 2.489907 0.000000
-0.184720 0.171356 2.702219 0.000000
-0.357274 -0.056821 2.560937 1.000000
-0.015825 -0.025758 2.551121 0.711538
-0.182490 -0.049714 2.670584 0.000000
-0.429062 0.014424 2.637036 1.000000
0.070212 0.102863 2.714069 1.000000
-0.396630 -0.265702 2.599414 1.000000
-0.010064 -0.019356 2.470027 1.000000
-0.386163 -0.329710 2.608453 0.812500
-0.043062 -0.075471 2.462919 0.711538
-0.283609 -0.541366 2.676241 1.000000
-0.081390 -0.534801 2.654048 1.000000
-0.285165 -0.941683 2.749680 1.000000
-0.074768 -0.933198 2.737025 1.000000
-0.285929 -0.970167 2.594398 0.000000
-0.076045 -0.965408 2.582476 0.000000
-0.210743 0.556915 2.508296 1.000000
-0.382189 0.295816 2.638210 1.000000
-0.038815 0.328666 2.631832 1.000000
-0.219095 0.373750 2.489212 0.000000
-0.196254 0.177386 2.707524 0.000000
-0.356898 -0.052853 2.553535 0.894231
-0.015147 -0.025979 2.565062 0.567308
-0.189060 -0.049861 2.673718 0.000000
-0.432109 0.031270 2.644844 1.000000
0.062650 0.092398 2.711850 1.000000
-0.394991 -0.247809 2.604936 1.000000
0.008608 -0.078058 2.490762 1.000000
-0.380113 -0.310896 2.595616 0.677885
-0.036941 -0.122386 2.474999 0.812500
-0.281874 -0.538491 2.675917 1.000000
-0.083381 -0.535177 2.655332 1.000000
-0.283560 -0.938466 2.751193 1.000000
-0.073169 -0.934515 2.733266 1.000000
-0.275064 -0.967658 2.596273 0.000000
-0.065241 -0.964522 2.578472 0.000000
-0.207757 0.565143 2.512610 1.000000
-0.374185 0.280471 2.639232 1.000000
-0.031415 0.319470 2.635596 1.000000
-0.211732 0.365027 2.493173 0.000000
-0.186548 0.163576 2.706537 0.000000
-0.351847 -0.061098 2.555620 1.000000
-0.010266 -0.031034 2.563841 1.000000
-0.183097 -0.054226 2.674358 0.000000
-0.428302 0.015710 2.644240 1.000000
0.062884 0.073814 2.697342 1.000000
-0.388693 -0.264257 2.605552 1.000000
0.033166 -0.167993 2.548704 1.000000
-0.384591 -0.329597 2.606997 0.644231
0.013058 -0.228292 2.532958 0.475962
-0.284618 -0.545282 2.677231 1.000000
-0.080996 -0.540824 2.659018 1.000000
-0.283936 -0.945221 2.752713 1.000000
-0.072377 -0.939690 2.739523 1.000000
-0.277080 -0.974461 2.597721 0.000000
-0.065854 -0.970763 2.584873 0.000000
-0.209363 0.553837 2.517509 1.000000
-0.379637 0.294737 2.656504 1.000000
-0.036476 0.318466 2.629994 1.000000
-0.223611 0.370412 2.499014 0.000000
-0.193246 0.170383 2.713040 0.000000
-0.350024 -0.051773 2.577947 0.817308
-0.008738 -0.033345 2.549084 1.000000
-0.169257 -0.051257 2.677674 0.000000
-0.428144 0.027068 2.648335 1.000000
0.054456 0.064503 2.666058 1.000000
-0.393177 -0.255824 2.611890 1.000000
0.039804 -0.209345 2.580200 1.000000
-0.379441 -0.319180 2.602640 0.778846
0.025196 -0.271615 2.566155 0.745192
-0.280407 -0.542444 2.679797 1.000000
-0.081275 -0.537616 2.663180 1.000000
-0.283114 -0.942763 2.753192 1.000000
-0.073705 -0.938491 2.733117 1.000000
-0.294415 -0.971087 2.598290 0.000000
-0.084758 -0.965760 2.578008 0.000000
-0.210563 0.551681 2.510054 1.000000
-0.381604 0.296905 2.663150 1.000000
-0.040046 0.299645 2.614614 1.000000
-0.231949 0.357968 2.493596 0.000000
-0.199260 0.163864 2.712675 0.000000
-0.361286 -0.050767 2.581236 0.490385
-0.020020 -0.042986 2.547688 0.721154
-0.179252 -0.055083 2.678536 0.000000
-0.424537 0.026543 2.648408 1.000000
0.041120 0.040416 2.651600 1.000000
-0.393997 -0.259129 2.613029 1.000000
0.033820 -0.244450 2.600695 1.000000
-0.386190 -0.323620 2.604768 0.677885
0.016294 -0.305588 2.616293 0.812500
-0.281906 -0.546273 2.680667 1.000000
-0.080404 -0.541880 2.667875 1.000000
-0.286933 -0.945973 2.757243 1.000000
-0.071100 -0.942158 2.740952 1.000000
-0.301066 -0.975389 2.602778 0.000000
-0.085164 -0.970715 2.586319 0.000000
-0.208296 0.551627 2.516735 1.000000
-0.376697 0.296884 2.671607 1.000000
-0.036304 0.297672 2.615422 1.000000
-0.230257 0.361283 2.500489 0.000000
-0.194682 0.160715 2.713203 0.000000
-0.361287 -0.051088 2.593648 0.221154
-0.023196 -0.041307 2.536658 0.971154
-0.172991 -0.052322 2.678300 0.000000
-0.421996 0.026115 2.646861 1.000000
0.033127 0.032381 2.643352 1.000000
-0.395376 -0.262420 2.619454 1.000000
0.031850 -0.257829 2.621249 1.000000
-0.386921 -0.326506 2.608982 0.644231
0.016546 -0.321251 2.626883 0.846154
-0.281113 -0.547095 2.683164 1.000000
-0.080204 -0.540406 2.666047 1.000000
-0.284706 -0.947953 2.753513 1.000000
-0.070180 -0.940615 2.739404 1.000000
-0.309383 -0.974692 2.599888 0.000000
-0.094488 -0.969328 2.586077 0.000000
-0.209075 0.554466 2.529174 1.000000
-0.377121 0.292058 2.677043 1.000000
-0.037301 0.299522 2.617950 1.000000
-0.233349 0.360974 2.505421 0.000000
-0.192372 0.158681 2.715515 0.000000
-0.365794 -0.051649 2.584095 0.173077
-0.025064 -0.040710 2.546251 0.701923
-0.182531 -0.053685 2.679136 0.000000
-0.425187 0.021498 2.656133 1.000000
0.033009 0.034378 2.644511 1.000000
-0.394951 -0.265876 2.621762 1.000000
0.022582 -0.254786 2.613614 1.000000
-0.385317 -0.330567 2.618523 0.610577
0.003201 -0.315770 2.599697 0.644231
-0.282752 -0.546036 2.683801 1.000000
-0.081336 -0.540605 2.666718 1.000000
-0.285318 -0.946119 2.758474 1.000000
-0.068979 -0.941592 2.735320 1.000000
-0.301045 -0.974843 2.604032 0.000000
-0.084782 -0.968554 2.580569 0.000000
-0.206648 0.548404 2.525752 1.000000
-0.372287 0.294987 2.674960 1.000000
-0.031604 0.311257 2.623044 1.000000
-0.226808 0.365081 2.505264 0.000000
-0.184697 0.167684 2.719745 0.000000
-0.363636 -0.044195 2.588733 0.269231
-0.023242 -0.040404 2.546704 0.625000
-0.179301 -0.050265 2.681503 0.000000
-0.422382 0.025028 2.653329 1.000000
0.031823 0.044001 2.643196 1.000000
-0.398417 -0.263096 2.621982 1.000000
0.024048 -0.245801 2.620231 1.000000
-0.386529 -0.327478 2.620600 0.576923
0.004024 -0.305287 2.601559 0.644231
-0.282721 -0.541846 2.683068 1.000000
-0.080036 -0.538646 2.665980 1.000000
-0.289349 -0.943634 2.747656 1.000000
-0.069608 -0.939467 2.735856 1.000000
-0.307641 -0.968227 2.592784 0.000000
-0.087973 -0.966860 2.581464 0.000000
-0.208889 0.558856 2.531547 1.000000
-0.370833 0.286878 2.669566 1.000000
-0.029849 0.308698 2.621833 1.000000
-0.224432 0.357124 2.500729 0.000000
-0.181545 0.163764 2.718705 0.000000
-0.360756 -0.046449 2.586672 0.115385
-0.019583 -0.046364 2.551309 0.855769
-0.178349 -0.054726 2.683014 0.000000
-0.421937 0.015705 2.658955 1.000000
0.032510 0.041105 2.649478 1.000000
-0.396172 -0.272326 2.621576 1.000000
0.024880 -0.248970 2.620812 1.000000
-0.383063 -0.335963 2.629746 0.492788
0.010552 -0.312705 2.616252 0.745192
-0.281212 -0.544209 2.686593 1.000000
-0.081690 -0.543742 2.669093 1.000000
-0.288155 -0.945880 2.751872 1.000000
-0.067369 -0.943851 2.742284 1.000000
-0.303798 -0.970818 2.596766 0.000000
-0.083424 -0.972668 2.587894 0.000000
-0.203999 0.552390 2.525767 1.000000
-0.372848 0.283342 2.665359 1.000000
-0.031457 0.299719 2.618357 1.000000
-0.225000 0.348841 2.495875 0.000000
-0.185413 0.158458 2.717073 0.000000
-0.358075 -0.056186 2.592872 0.538462
-0.018389 -0.049985 2.545711 0.826923
-0.172347 -0.058454 2.682998 0.000000
-0.424036 0.013021 2.653601 1.000000
0.033813 0.034760 2.655355 1.000000
-0.392326 -0.274205 2.621301 1.000000
0.028180 -0.254376 2.625087 1.000000
-0.376497 -0.337260 2.613446 0.475962
0.010874 -0.317481 2.622543 0.644231
-0.282604 -0.552250 2.689057 1.000000
-0.080617 -0.548785 2.671486 1.000000
-0.284768 -0.954389 2.751733 1.000000
-0.067968 -0.949759 2.740109 1.000000
-0.305526 -0.978381 2.597079 0.000000
-0.088626 -0.976795 2.585944 0.000000
-0.206759 0.551567 2.530308 1.000000
-0.377747 0.282772 2.673434 1.000000
-0.036861 0.296362 2.622077 1.000000
-0.231488 0.349798 2.503170 0.000000
-0.191009 0.154961 2.720289 0.000000
-0.359265 -0.055628 2.584974 0.500000
-0.017600 -0.049484 2.555367 1.000000
-0.178440 -0.056862 2.684590 0.000000
-0.422997 0.012564 2.652916 1.000000
0.035198 0.033046 2.652937 1.000000
-0.390565 -0.273589 2.617991 1.000000
0.029160 -0.255717 2.625826 1.000000
-0.376089 -0.334987 2.600415 0.408654
0.011687 -0.318774 2.628426 0.509615
-0.281035 -0.551736 2.687838 1.000000
-0.081735 -0.549773 2.671323 1.000000
-0.286131 -0.953131 2.754956 1.000000
-0.070839 -0.950522 2.741538 1.000000
-0.298684 -0.978931 2.599710 0.000000
-0.083537 -0.978015 2.586595 0.000000
-0.205387 0.543176 2.526102 1.000000
-0.370422 0.283408 2.668611 1.000000
-0.028563 0.309560 2.630224 1.000000
-0.220352 0.355366 2.503763 0.000000
-0.180992 0.162783 2.723087 0.000000
-0.360289 -0.053020 2.579731 0.355769
-0.018029 -0.045130 2.558638 0.961538
-0.182016 -0.052385 2.683850 0.000000
-0.423691 0.014464 2.655501 1.000000
0.033520 0.043377 2.655375 1.000000
-0.393540 -0.271813 2.621802 1.000000
0.028095 -0.244874 2.625695 1.000000
-0.383295 -0.336486 2.621003 0.492788
0.006076 -0.306034 2.617766 0.711538
-0.282442 -0.547557 2.689415 1.000000
-0.080497 -0.545713 2.673026 1.000000
-0.287333 -0.949590 2.752620 1.000000
-0.069150 -0.947234 2.738611 1.000000
-0.295789 -0.973973 2.596868 0.000000
-0.077899 -0.972886 2.583080 0.000000
-0.200833 0.552733 2.531173 1.000000
