-0.365680 0.398324 2.719593 1.000000
0.086380 0.368254 2.652498 1.000000
-0.147165 0.469073 2.596964 0.000000
-0.139386 0.230124 2.756464 0.000000
-0.353170 0.029154 2.654901 0.269231
0.054407 0.015749 2.593420 0.605769
-0.127427 0.019651 2.770312 0.000000
-0.412377 0.130644 2.650137 1.000000
0.126287 0.107250 2.747060 1.000000
-0.392539 -0.172616 2.590409 1.000000
0.105044 -0.172964 2.616844 1.000000
-0.334952 -0.240178 2.577242 0.762019
0.057734 -0.246341 2.637627 0.930288
-0.254017 -0.598385 2.666820 1.000000
-0.013240 -0.595241 2.692333 1.000000
-0.274485 -1.089700 2.738927 1.000000
-0.012016 -1.088931 2.749578 1.000000
-0.308880 -1.120602 2.518601 0.000000
-0.044658 -1.114667 2.528323 0.000000
-0.076382 0.698596 2.565942 1.000000
-0.369395 0.400993 2.707089 1.000000
0.084112 0.364427 2.654569 1.000000
-0.146910 0.463969 2.587397 0.000000
-0.145663 0.233272 2.758785 0.000000
-0.356530 0.026388 2.654953 0.278846
0.051861 0.011790 2.599431 0.557692
-0.132460 0.018030 2.773663 0.000000
-0.416392 0.130144 2.655033 1.000000
0.122211 0.101165 2.741285 1.000000
-0.392213 -0.170464 2.587844 1.000000
0.097745 -0.177719 2.610559 1.000000
-0.340255 -0.239411 2.563325 0.930288
0.060522 -0.254634 2.637998 1.000000
-0.253598 -0.601923 2.663164 1.000000
-0.015373 -0.599977 2.689017 1.000000
-0.274362 -1.090630 2.751162 1.000000
-0.011733 -1.093365 2.748709 1.000000
-0.304999 -1.128892 2.531438 0.000000
-0.040774 -1.120390 2.527106 0.000000
-0.071261 0.694221 2.566441 1.000000
-0.369237 0.401382 2.706506 1.000000
0.084519 0.364486 2.656422 1.000000
-0.146068 0.464189 2.588004 0.000000
-0.145906 0.233504 2.759413 0.000000
-0.352694 0.026079 2.650513 0.259615
0.056517 0.007582 2.602735 0.500000
-0.130921 0.017407 2.773440 0.000000
-0.411565 0.128716 2.657879 1.000000
0.125473 0.100735 2.741637 1.000000
-0.391973 -0.172292 2.588964 1.000000
0.103083 -0.177020 2.607139 1.000000
-0.338580 -0.242250 2.571374 1.000000
0.068709 -0.253485 2.639169 0.930288
-0.255087 -0.602793 2.669799 1.000000
-0.013856 -0.603410 2.689106 1.000000
-0.267320 -1.095249 2.735729 1.000000
-0.012320 -1.096442 2.751766 1.000000
-0.294808 -1.124227 2.514176 0.000000
-0.037048 -1.124729 2.529799 0.000000
-0.071630 0.696927 2.576029 1.000000
-0.367989 0.397175 2.716648 1.000000
0.083881 0.361862 2.650842 1.000000
-0.148693 0.463633 2.593018 0.000000
-0.143232 0.227742 2.757098 0.000000
-0.356233 0.021659 2.658992 0.201923
0.049588 0.010640 2.586420 0.500000
-0.127339 0.014763 2.768215 0.000000
-0.414560 0.126984 2.660769 1.000000
0.124286 0.101761 2.745760 1.000000
-0.396727 -0.174486 2.595328 1.000000
0.102542 -0.173253 2.606551 1.000000
-0.332960 -0.232447 2.570253 0.627404
0.070814 -0.253013 2.632744 0.913462
-0.255719 -0.605233 2.667448 1.000000
-0.014378 -0.600721 2.690366 1.000000
-0.269744 -1.094175 2.755469 1.000000
-0.011254 -1.093255 2.756768 1.000000
-0.310204 -1.132288 2.537313 0.000000
-0.049358 -1.123137 2.536913 0.000000
-0.072554 0.687376 2.581218 1.000000
-0.372116 0.400355 2.716558 1.000000
0.079248 0.360510 2.649873 1.000000
-0.152594 0.463757 2.591728 0.000000
-0.148725 0.229359 2.757979 0.000000
-0.355298 0.026486 2.648009 0.240385
0.053586 0.008791 2.597221 0.538462
-0.132630 0.017761 2.769305 0.000000
-0.409369 0.129537 2.659228 1.000000
0.124560 0.100892 2.742405 1.000000
-0.400874 -0.174637 2.608716 1.000000
0.100252 -0.175540 2.607719 1.000000
-0.357308 -0.247703 2.580120 0.560096
0.059794 -0.250732 2.635352 0.913462
-0.257102 -0.602192 2.665978 1.000000
-0.013742 -0.601295 2.690241 1.000000
-0.268533 -1.091006 2.755080 1.000000
-0.018398 -1.094876 2.748248 1.000000
-0.297881 -1.130368 2.535374 0.000000
-0.044443 -1.120733 2.526134 0.000000
-0.072368 0.690505 2.587155 1.000000
-0.373709 0.393421 2.719020 1.000000
0.077146 0.363997 2.644002 1.000000
-0.158045 0.461889 2.590206 0.000000
-0.145714 0.227606 2.756207 0.000000
-0.361173 0.025005 2.661217 0.259615
0.044591 0.007661 2.589567 0.586538
-0.132627 0.015380 2.770962 0.000000
-0.420490 0.124531 2.660993 1.000000
0.115291 0.100295 2.726850 1.000000
-0.399036 -0.175303 2.593238 1.000000
0.096419 -0.181715 2.604107 1.000000
-0.365460 -0.252911 2.623305 0.475962
0.061065 -0.259395 2.631860 0.997596
-0.253861 -0.604251 2.665705 1.000000
-0.014764 -0.601705 2.688042 1.000000
-0.273352 -1.093404 2.751482 1.000000
-0.010928 -1.095110 2.747590 1.000000
-0.311473 -1.130252 2.532690 0.000000
-0.048724 -1.121990 2.527294 0.000000
-0.074657 0.686532 2.585805 1.000000
-0.372824 0.397587 2.719076 1.000000
0.076676 0.355529 2.641973 1.000000
-0.156249 0.458654 2.588089 0.000000
-0.148931 0.226518 2.757370 0.000000
-0.363729 0.019840 2.662942 0.240385
0.039576 0.006601 2.577806 0.576923
-0.131653 0.010043 2.764992 0.000000
-0.423738 0.127969 2.668576 1.000000
0.121693 0.096883 2.736375 1.000000
-0.406834 -0.170703 2.594854 1.000000
0.091252 -0.173242 2.591350 1.000000
-0.353227 -0.242667 2.593437 0.711538
0.062478 -0.253513 2.619330 1.000000
-0.254512 -0.608140 2.665161 1.000000
-0.011682 -0.601889 2.686903 1.000000
-0.278179 -1.098806 2.740632 1.000000
-0.014163 -1.094969 2.749150 1.000000
-0.324056 -1.130149 2.522471 0.000000
-0.058042 -1.122407 2.530054 0.000000
-0.076146 0.679579 2.571884 1.000000
-0.374036 0.396884 2.720460 1.000000
0.074230 0.351357 2.638307 1.000000
-0.158451 0.456399 2.587144 0.000000
-0.151099 0.223993 2.756053 0.000000
-0.365323 0.019561 2.652129 0.278846
0.041238 0.008614 2.583811 0.634615
-0.137687 0.009253 2.763687 0.000000
-0.417657 0.127328 2.662496 1.000000
0.110631 0.090231 2.730020 1.000000
-0.410660 -0.177754 2.618820 1.000000
0.083557 -0.179448 2.583145 1.000000
-0.357642 -0.227118 2.565841 0.997596
0.050302 -0.259195 2.607410 0.862981
-0.253460 -0.607189 2.668114 1.000000
-0.012408 -0.600649 2.687530 1.000000
-0.276322 -1.098897 2.736734 1.000000
-0.013161 -1.093504 2.751581 1.000000
-0.313480 -1.127891 2.516598 0.000000
-0.047853 -1.122118 2.530994 0.000000
-0.069632 0.671735 2.575407 1.000000
-0.378081 0.391552 2.714972 1.000000
0.072091 0.354620 2.639173 1.000000
-0.162174 0.453588 2.583338 0.000000
-0.151866 0.224281 2.756281 0.000000
-0.361964 0.018104 2.652217 0.221154
0.044299 0.003284 2.582869 0.615385
-0.134114 0.006629 2.763222 0.000000
-0.415769 0.119003 2.669296 1.000000
0.123538 0.096983 2.732800 1.000000
-0.409791 -0.180532 2.597799 1.000000
0.085223 -0.160948 2.568872 1.000000
-0.348576 -0.227280 2.551736 0.795673
0.057007 -0.241726 2.595950 0.711538
-0.252876 -0.609912 2.666275 1.000000
-0.014416 -0.605607 2.686205 1.000000
-0.269175 -1.100583 2.743639 1.000000
-0.015958 -1.098362 2.751008 1.000000
-0.307167 -1.133910 2.524261 0.000000
-0.051790 -1.127231 2.530636 0.000000
-0.075699 0.665569 2.556339 1.000000
-0.380061 0.388730 2.707430 1.000000
0.070199 0.344550 2.636170 1.000000
-0.162179 0.445914 2.576859 0.000000
-0.156551 0.218979 2.753113 0.000000
-0.366316 0.010941 2.647261 0.355769
0.041909 0.008226 2.588745 0.750000
-0.141310 0.001781 2.764128 0.000000
-0.420856 0.118764 2.655787 1.000000
0.121100 0.099208 2.756291 1.000000
-0.410839 -0.181609 2.593812 1.000000
0.075044 -0.086846 2.516649 1.000000
-0.342924 -0.231180 2.562430 0.896635
0.100553 -0.166148 2.483260 0.021635
-0.254308 -0.613168 2.665123 1.000000
-0.011480 -0.604690 2.680965 1.000000
-0.276048 -1.101206 2.756525 1.000000
-0.081870 -1.081497 2.802247 1.000000
-0.307488 -1.140888 2.537166 0.000000
-0.089870 -1.135848 2.583928 0.000000
-0.081526 0.660626 2.551486 1.000000
-0.380718 0.390595 2.694397 1.000000
0.070915 0.340163 2.637401 1.000000
-0.158041 0.444737 2.570802 0.000000
-0.161141 0.217763 2.747070 0.000000
-0.364664 0.000558 2.643287 0.144231
0.045078 -0.009094 2.597491 0.971154
-0.143563 -0.011565 2.767132 0.000000
-0.418441 0.120733 2.651291 1.000000
0.121688 0.107169 2.776119 1.000000
-0.409827 -0.177246 2.588431 1.000000
0.064925 0.012740 2.492081 1.000000
-0.350324 -0.224831 2.541003 0.560096
0.107551 -0.051137 2.445636 0.274038
-0.254280 -0.625725 2.664449 1.000000
-0.013249 -0.620633 2.683697 1.000000
-0.272271 -1.115489 2.747007 1.000000
-0.018218 -1.112377 2.755611 1.000000
-0.297448 -1.151775 2.526257 0.000000
-0.039152 -1.144605 2.533790 0.000000
-0.090705 0.660898 2.535706 1.000000
-0.377412 0.388613 2.678862 1.000000
0.074024 0.325146 2.634797 1.000000
-0.151098 0.430374 2.557085 0.000000
-0.162932 0.214625 2.746581 0.000000
-0.360837 0.001038 2.627455 0.278846
0.050119 -0.002336 2.593072 1.000000
-0.143066 -0.004017 2.757530 0.000000
-0.412934 0.118188 2.653360 1.000000
0.128208 0.111970 2.798081 1.000000
-0.404097 -0.175858 2.582812 1.000000
0.060053 0.077200 2.505397 0.740385
-0.344638 -0.240848 2.565631 0.694712
0.093139 0.016805 2.447845 0.644231
-0.255256 -0.622142 2.666749 1.000000
-0.015829 -0.616537 2.682286 1.000000
-0.278167 -1.112881 2.741979 0.956731
-0.018691 -1.108717 2.751273 1.000000
-0.297322 -1.145996 2.520128 0.000000
-0.034501 -1.139799 2.528865 0.000000
-0.102513 0.643262 2.493255 1.000000
-0.376729 0.395029 2.676409 1.000000
0.072859 0.322095 2.628292 1.000000
-0.150849 0.431386 2.552119 0.000000
-0.165159 0.217146 2.743152 0.000000
-0.361816 -0.003161 2.625114 0.269231
0.048671 -0.013551 2.586758 0.942308
-0.142840 -0.009141 2.753112 0.000000
-0.413176 0.125022 2.652081 1.000000
0.152636 0.115155 2.788404 0.846154
-0.411617 -0.165182 2.568223 1.000000
0.058752 0.120567 2.501334 0.423077
-0.347734 -0.228159 2.565527 0.812500
0.047066 0.156609 2.419978 0.778846
-0.257433 -0.628359 2.666101 1.000000
-0.013008 -0.623978 2.684223 1.000000
-0.271927 -1.116439 2.758713 1.000000
-0.014432 -1.116818 2.748373 1.000000
-0.293938 -1.157575 2.538476 0.000000
-0.033134 -1.145723 2.525896 0.000000
-0.083968 0.640987 2.476624 1.000000
-0.376536 0.402649 2.697519 1.000000
0.068055 0.321331 2.623419 1.000000
-0.154655 0.444193 2.567769 0.000000
-0.168649 0.212839 2.737700 0.000000
-0.362511 -0.000930 2.629863 0.557692
0.046265 -0.007189 2.575617 1.000000
-0.138692 -0.005012 2.749272 0.000000
-0.416791 0.134132 2.650212 1.000000
0.167789 0.112221 2.772704 0.015385
-0.409380 -0.158167 2.565687 1.000000
0.065742 0.182417 2.494682 0.961538
-0.344653 -0.219662 2.556573 1.000000
0.055454 0.229038 2.418688 1.000000
-0.255970 -0.624949 2.665720 1.000000
-0.013857 -0.618734 2.679126 1.000000
-0.271113 -1.116523 2.737378 1.000000
-0.018012 -1.110337 2.752050 1.000000
-0.301226 -1.147796 2.516479 0.000000
-0.044362 -1.142925 2.530860 0.000000
-0.086074 0.651325 2.494478 1.000000
-0.382344 0.369221 2.682924 1.000000
0.069938 0.354221 2.612355 0.000000
-0.167709 0.444616 2.556278 0.000000
-0.149563 0.210721 2.722292 0.000000
-0.346270 0.016826 2.640947 0.105769
0.058637 -0.013854 2.568922 1.000000
-0.118438 -0.005091 2.750408 0.000000
-0.408383 0.095885 2.636847 1.000000
0.135675 0.115547 2.739741 1.000000
-0.377348 -0.200182 2.559945 1.000000
0.079717 0.253614 2.470782 1.000000
-0.342522 -0.282894 2.560435 1.000000
0.055377 0.314273 2.409280 1.000000
-0.256352 -0.615266 2.653490 1.000000
-0.016630 -0.618329 2.676987 1.000000
-0.276977 -1.104395 2.739143 0.987981
-0.014788 -1.109560 2.752465 1.000000
-0.317452 -1.140936 2.520722 0.000000
-0.054873 -1.143350 2.533530 0.000000
-0.073515 0.658854 2.530639 1.000000
-0.344923 0.376210 2.604185 1.000000
0.105988 0.346745 2.678849 0.317308
-0.098512 0.434895 2.543938 0.000000
-0.143113 0.218705 2.727975 0.000000
-0.346065 0.010559 2.571443 0.548077
0.063332 -0.018035 2.612129 1.000000
-0.155669 0.000728 2.738842 0.000000
-0.405408 0.108811 2.659739 1.000000
0.148369 0.101830 2.550524 1.000000
-0.397003 -0.184169 2.562174 1.000000
0.077405 0.380713 2.438209 1.000000
-0.359252 -0.221245 2.489685 0.391827
0.018053 0.446025 2.421899 0.947115
-0.260987 -0.616333 2.662955 1.000000
-0.016398 -0.625780 2.675483 1.000000
-0.275811 -1.103649 2.759452 1.000000
-0.012156 -1.118204 2.742637 1.000000
-0.256288 -1.147785 2.539561 0.000000
0.010583 -1.148276 2.520691 0.000000
-0.156425 0.671054 2.543885 1.000000
-0.323790 0.393007 2.597018 1.000000
0.121100 0.338379 2.691105 0.115385
-0.072354 0.443682 2.552257 0.000000
-0.135465 0.219324 2.720415 0.000000
-0.339407 0.013130 2.550742 0.673077
0.064651 -0.010905 2.629727 1.000000
-0.165283 0.008421 2.735210 0.000000
-0.410083 0.131798 2.657862 1.000000
0.152957 0.154900 2.479683 1.000000
-0.395359 -0.168570 2.578057 1.000000
0.069219 0.441586 2.392470 1.000000
-0.360998 -0.214570 2.509081 0.762019
-0.001972 0.492504 2.412311 1.000000
-0.261927 -0.610036 2.667267 1.000000
-0.022226 -0.622546 2.669024 1.000000
-0.263980 -1.101501 2.741208 1.000000
-0.013872 -1.113860 2.743520 1.000000
-0.223738 -1.134619 2.522199 0.000000
0.030442 -1.146212 2.525184 0.000000
-0.182587 0.666849 2.560544 1.000000
-0.314531 0.396608 2.598871 1.000000
0.127563 0.312326 2.683806 0.000000
-0.061117 0.437733 2.555490 0.033654
-0.134597 0.204566 2.706588 0.000000
-0.328003 0.011079 2.548565 0.682692
0.073854 -0.020721 2.635619 0.990385
-0.157755 0.002774 2.736491 0.000000
-0.403232 0.135449 2.664699 1.000000
0.153357 0.226307 2.414843 1.000000
-0.388256 -0.167265 2.585962 1.000000
0.055726 0.514624 2.341350 1.000000
-0.367370 -0.211308 2.510607 0.862981
-0.027180 0.545159 2.357116 1.000000
-0.265400 -0.613355 2.666608 1.000000
-0.019256 -0.630071 2.673084 1.000000
-0.266776 -1.103471 2.749029 1.000000
-0.009000 -1.121575 2.746076 1.000000
-0.224036 -1.140242 2.531078 0.000000
0.038747 -1.152918 2.528317 0.000000
-0.202460 0.682278 2.558192 1.000000
-0.288745 0.407188 2.609887 1.000000
0.122974 0.231717 2.707154 0.000000
-0.028860 0.410685 2.594421 0.000000
-0.153811 0.169399 2.688043 0.000000
-0.314386 0.002799 2.528287 0.750000
0.071491 -0.057921 2.660542 0.846154
-0.167896 -0.017826 2.734406 0.000000
-0.414548 0.157082 2.664393 1.000000
0.064967 0.307145 2.438275 1.000000
-0.402085 -0.152051 2.605298 1.000000
0.072403 0.520894 2.207045 1.000000
-0.392883 -0.207586 2.535401 0.846154
0.021410 0.590862 2.183411 1.000000
-0.258488 -0.625188 2.682501 1.000000
-0.010203 -0.655336 2.683444 1.000000
-0.265535 -1.120658 2.720823 1.000000
-0.003647 -1.149226 2.738560 1.000000
-0.175615 -1.137845 2.515152 0.000000
0.069996 -1.171855 2.527027 0.000000
-0.119165 0.666111 2.575521 1.000000
-0.286341 0.403100 2.597982 1.000000
0.126769 0.234995 2.702123 0.000000
-0.027199 0.400469 2.572878 0.000000
-0.151217 0.175143 2.701115 0.000000
-0.319822 0.000799 2.532900 0.750000
0.069393 -0.058884 2.655492 0.625000
-0.168411 -0.020859 2.735323 0.000000
-0.404829 0.153370 2.672156 1.000000
0.028841 0.347924 2.458067 1.000000
-0.405583 -0.156551 2.610207 1.000000
0.058545 0.507015 2.186595 1.000000
-0.365394 -0.207249 2.548006 1.000000
0.048098 0.560072 2.114969 1.000000
-0.257104 -0.628005 2.680913 1.000000
-0.008182 -0.655429 2.687780 1.000000
-0.275247 -1.122630 2.725923 1.000000
-0.011273 -1.150977 2.725605 0.937981
-0.189942 -1.144611 2.518749 0.000000
0.057565 -1.167718 2.511918 0.000000
-0.112489 0.661154 2.569260 0.519231
-0.321705 0.407084 2.810763 0.653846
0.006183 0.366475 2.506900 1.000000
-0.216504 0.461032 2.578784 0.000000
-0.104783 0.242643 2.728524 0.000000
-0.310036 0.025883 2.738762 0.000000
0.001518 -0.000670 2.469861 1.000000
-0.057991 0.007405 2.716362 0.000000
-0.391751 0.172142 2.658453 0.907692
0.050110 0.498824 2.254201 1.000000
-0.388745 -0.146290 2.644887 1.000000
0.042141 0.640570 1.968830 1.000000
-0.367024 -0.193850 2.571945 0.997596
0.033422 0.613029 1.883860 1.000000
-0.261327 -0.604625 2.644494 1.000000
-0.007836 -0.592786 2.681988 1.000000
-0.274625 -1.093279 2.734211 1.000000
-0.018333 -1.086417 2.738799 1.000000
-0.415164 -1.121331 2.560593 0.000000
-0.164444 -1.102929 2.568328 0.000000
-0.124110 0.708879 2.602346 1.000000
-0.251779 0.479160 2.766288 1.000000
0.000707 0.232098 2.504703 1.000000
-0.150292 0.421998 2.533426 0.000000
-0.130845 0.223146 2.740009 0.000000
-0.326541 0.017481 2.718679 0.000000
-0.013225 -0.039031 2.456537 1.000000
-0.074955 -0.010063 2.700914 0.000000
-0.380845 0.237684 2.672074 1.000000
0.047945 0.432567 2.301170 1.000000
-0.388037 -0.081970 2.667279 1.000000
0.023779 0.577673 2.017244 1.000000
-0.388647 -0.153140 2.612609 0.930288
0.012682 0.602704 1.931777 1.000000
-0.254743 -0.622906 2.657400 1.000000
-0.003694 -0.614928 2.679685 1.000000
-0.264627 -1.113839 2.734185 0.884856
-0.023699 -1.108143 2.737545 1.000000
-0.384546 -1.140921 2.545591 0.000000
-0.169954 -1.122220 2.566978 0.000000
-0.083774 0.699613 2.607560 1.000000
-0.312590 0.403266 2.760368 1.000000
0.041662 0.353828 2.488501 1.000000
-0.190826 0.442116 2.533528 0.014423
-0.081983 0.244285 2.711330 0.000000
-0.323734 0.014717 2.727000 0.000000
-0.004266 -0.008222 2.467206 1.000000
-0.070902 0.000004 2.711873 0.000000
-0.386764 0.134950 2.687363 1.000000
0.068999 0.440719 2.215503 1.000000
-0.391116 -0.178379 2.634301 1.000000
0.000727 0.540831 1.921690 1.000000
-0.380437 -0.266672 2.622271 0.408654
-0.019761 0.627534 1.910865 0.930288
-0.256488 -0.616061 2.656642 1.000000
-0.008319 -0.602200 2.669472 1.000000
-0.274249 -1.105360 2.741965 1.000000
-0.019470 -1.094413 2.737377 1.000000
-0.411938 -1.131095 2.565724 0.000000
-0.159166 -1.115430 2.562092 0.000000
-0.106427 0.726177 2.617377 0.918269
-0.274480 0.437987 2.750610 1.000000
0.068468 0.354759 2.471772 1.000000
-0.157374 0.458939 2.519009 0.000000
-0.055165 0.263336 2.703101 0.000000
-0.312148 0.031869 2.723301 0.000000
0.006750 -0.003058 2.464143 1.000000
-0.059976 0.008105 2.708668 0.000000
-0.373430 0.174976 2.685221 1.000000
0.065582 0.424087 2.191725 1.000000
-0.376549 -0.141810 2.651248 1.000000
-0.026140 0.552155 1.914771 1.000000
-0.373651 -0.231289 2.644971 1.000000
-0.046982 0.590824 1.836511 0.055288
-0.259405 -0.601725 2.650204 1.000000
-0.013694 -0.594548 2.670154 1.000000
-0.272805 -1.090181 2.740974 1.000000
-0.016799 -1.086197 2.742825 1.000000
-0.406926 -1.119653 2.562581 0.000000
-0.158806 -1.110862 2.569888 0.000000
-0.115502 0.736662 2.618647 0.538462
-0.290181 0.458612 2.760249 0.000000
0.025728 0.284698 2.497483 1.000000
-0.173210 0.432857 2.529064 0.000000
-0.108539 0.241474 2.733483 0.000000
-0.325904 0.021522 2.721310 0.000000
-0.006145 -0.016470 2.463649 1.000000
-0.073590 -0.001363 2.707765 0.000000
-0.388402 0.198951 2.678268 1.000000
0.100329 0.363129 2.229014 1.000000
-0.386740 -0.120460 2.665479 1.000000
-0.019553 0.470104 1.952655 1.000000
-0.386363 -0.186830 2.605070 0.980769
-0.053088 0.501136 1.875410 0.004808
-0.260193 -0.613610 2.646286 1.000000
-0.011560 -0.604060 2.671314 1.000000
-0.278310 -1.102853 2.731852 1.000000
-0.014854 -1.096485 2.738510 1.000000
-0.404348 -1.130451 2.547369 0.000000
-0.156557 -1.119206 2.565059 0.000000
-0.117465 0.736936 2.546662 1.000000
-0.260605 0.451953 2.745669 0.000000
0.082032 0.298893 2.494819 1.000000
-0.123314 0.446407 2.524508 0.000000
-0.076658 0.237158 2.715911 0.000000
-0.323676 0.027558 2.707075 0.000000
0.013559 -0.022020 2.474925 1.000000
-0.071796 -0.002281 2.713032 0.000000
-0.374609 0.193737 2.659340 1.000000
0.108163 0.332722 2.202761 1.000000
-0.386876 -0.131993 2.657504 1.000000
-0.048171 0.417419 1.929557 1.000000
-0.386341 -0.203730 2.603578 1.000000
-0.089631 0.440640 1.853424 0.000000
-0.255171 -0.610856 2.644472 1.000000
-0.011430 -0.608479 2.672323 1.000000
-0.278174 -1.084768 2.792414 0.672356
-0.020024 -1.101043 2.738019 1.000000
-0.377346 -1.140591 2.598172 0.000000
-0.149759 -1.123140 2.555367 0.000000
-0.081030 0.713026 2.570340 1.000000
-0.291468 0.405947 2.657491 1.000000
0.139618 0.311730 2.534803 0.548077
-0.096076 0.410760 2.485472 0.350962
-0.068845 0.238192 2.713673 0.000000
-0.339569 0.011911 2.651971 0.038462
0.054507 -0.021512 2.535068 1.000000
-0.100655 -0.006844 2.735266 0.000000
-0.388368 0.125834 2.683033 1.000000
0.114042 0.266872 2.241820 0.830769
-0.399671 -0.196063 2.618289 1.000000
-0.027714 0.326404 1.951479 1.000000
-0.382716 -0.275164 2.579430 0.391827
-0.065490 0.342015 1.871581 0.000000
-0.257830 -0.621033 2.648007 1.000000
-0.014285 -0.622250 2.674978 1.000000
-0.272657 -1.108706 2.742681 0.962981
-0.017808 -1.114163 2.745816 1.000000
-0.337664 -1.147876 2.530735 0.000000
-0.083057 -1.144416 2.532489 0.000000
-0.083353 0.727354 2.559644 1.000000
-0.296860 0.403426 2.660280 1.000000
0.136456 0.316713 2.539941 1.000000
-0.101381 0.409277 2.488392 0.004808
-0.070520 0.242005 2.720048 0.000000
-0.336006 0.011794 2.655297 0.096154
0.058420 -0.021673 2.539593 1.000000
-0.097421 -0.007863 2.739325 0.000000
-0.393413 0.123044 2.675272 1.000000
0.133233 0.232627 2.255195 0.707692
-0.391694 -0.196896 2.603486 1.000000
-0.011789 0.124367 1.981761 1.000000
-0.393329 -0.276306 2.561704 0.324519
-0.051031 0.094759 1.906676 0.000000
-0.256487 -0.621151 2.648957 1.000000
-0.014000 -0.623732 2.673693 1.000000
-0.271323 -1.110533 2.734360 0.878606
-0.016646 -1.115371 2.746447 1.000000
-0.336157 -1.145686 2.521657 0.000000
-0.081180 -1.146603 2.533043 0.000000
-0.131315 0.727725 2.549449 0.889423
-0.345207 0.397682 2.725619 1.000000
0.079162 0.361845 2.557122 1.000000
-0.163423 0.456035 2.548584 0.000000
-0.112301 0.234549 2.724445 0.000000
-0.331122 0.027877 2.670649 0.000000
0.051539 -0.009669 2.521518 1.000000
-0.086736 0.002465 2.733892 0.000000
-0.393267 0.115143 2.669092 1.000000
0.139236 0.190075 2.328606 1.000000
-0.378536 -0.197886 2.592509 1.000000
0.030929 0.021623 2.075697 1.000000
-0.393737 -0.283014 2.568500 0.122596
0.001025 -0.025047 2.005114 0.000000
-0.252679 -0.606843 2.643158 1.000000
-0.014331 -0.608303 2.671757 1.000000
-0.276337 -1.098075 2.714854 1.000000
-0.014308 -1.100579 2.740118 1.000000
-0.354936 -1.124830 2.505599 0.000000
-0.098076 -1.129325 2.533145 0.000000
-0.129650 0.714655 2.557493 1.000000
-0.351859 0.396959 2.745563 1.000000
0.066737 0.371303 2.561490 1.000000
-0.176079 0.465173 2.566007 0.000000
-0.118976 0.234739 2.727984 0.000000
-0.336446 0.028146 2.684521 0.000000
0.038534 0.007206 2.514137 1.000000
-0.088175 0.011060 2.733909 0.000000
-0.395615 0.122810 2.660901 1.000000
0.131312 0.140623 2.397608 1.000000
-0.378940 -0.189985 2.592948 1.000000
0.065417 -0.069498 2.164707 1.000000
-0.324185 -0.249704 2.554349 0.980769
0.046756 -0.128616 2.099812 0.000000
-0.256871 -0.601961 2.638716 1.000000
-0.013772 -0.595509 2.671784 1.000000
-0.274260 -1.088071 2.740713 1.000000
-0.016174 -1.086479 2.748926 1.000000
-0.365488 -1.127204 2.538655 0.000000
-0.108393 -1.117916 2.545976 0.000000
-0.140414 0.709759 2.553727 1.000000
-0.360927 0.376520 2.721314 1.000000
0.069549 0.353275 2.566673 1.000000
-0.174999 0.441251 2.550925 0.000000
-0.123928 0.219471 2.726431 0.000000
-0.336365 0.020359 2.682823 0.000000
0.042482 -0.003580 2.521638 1.000000
-0.089472 0.001934 2.738265 0.000000
-0.396652 0.097385 2.656571 1.000000
0.130464 0.086828 2.473504 1.000000
-0.372862 -0.212163 2.583722 1.000000
0.093064 -0.190800 2.321135 1.000000
-0.329468 -0.288245 2.564157 0.795673
0.082189 -0.268878 2.278240 0.000000
-0.255199 -0.610692 2.638865 1.000000
-0.015223 -0.606026 2.675704 1.000000
-0.256793 -1.091884 2.763208 0.537981
-0.013450 -1.098220 2.744633 1.000000
-0.342378 -1.143712 2.561539 0.000000
-0.101920 -1.127243 2.539665 0.000000
-0.114721 0.658122 2.496099 1.000000
-0.362557 0.359352 2.705509 1.000000
0.074261 0.336662 2.569717 1.000000
-0.170498 0.420595 2.540723 0.000000
-0.124033 0.205915 2.726062 0.000000
-0.339433 0.004765 2.664119 0.019231
0.052025 -0.015266 2.535905 1.000000
-0.097808 -0.007580 2.740504 0.000000
-0.406890 0.079827 2.658118 1.000000
0.127401 0.058304 2.524568 1.000000
-0.369114 -0.225680 2.582863 1.000000
0.100122 -0.237695 2.414725 1.000000
-0.393291 -0.308740 2.558968 0.105769
0.092240 -0.321486 2.383559 0.000000
-0.256902 -0.624447 2.650182 1.000000
-0.012131 -0.620322 2.678354 1.000000
-0.277040 -1.114796 2.728672 1.000000
-0.017061 -1.112777 2.745229 1.000000
-0.348158 -1.145706 2.517324 0.000000
-0.086763 -1.140897 2.533021 0.000000
-0.108489 0.623219 2.447865 1.000000
-0.364116 0.364846 2.687775 1.000000
0.081366 0.344902 2.583316 1.000000
-0.162442 0.421206 2.533041 0.000000
-0.124565 0.218542 2.733265 0.000000
-0.337082 0.001025 2.652775 0.134615
0.060614 -0.022321 2.546134 0.846154
-0.099971 -0.011035 2.742233 0.000000
-0.401556 0.083573 2.664437 1.000000
0.119036 0.062724 2.579130 1.000000
-0.376198 -0.221327 2.591973 1.000000
0.109826 -0.242065 2.502471 1.000000
-0.395951 -0.303582 2.562002 0.004808
0.107355 -0.328928 2.480042 0.000000
-0.255785 -0.628336 2.658659 1.000000
-0.012814 -0.627674 2.680259 1.000000
-0.276234 -1.118134 2.740436 1.000000
-0.020105 -1.120129 2.746923 1.000000
-0.336347 -1.151419 2.526054 0.000000
-0.078510 -1.148445 2.531358 0.000000
-0.094352 0.626689 2.443044 1.000000
-0.368460 0.361909 2.692631 1.000000
0.076780 0.339940 2.587543 1.000000
-0.166429 0.418991 2.538627 0.000000
-0.130082 0.212977 2.735691 0.000000
-0.348325 -0.003100 2.660595 0.134615
0.050886 -0.015158 2.557814 0.711538
-0.111840 -0.008251 2.752345 0.000000
-0.411936 0.084080 2.665484 1.000000
0.128321 0.064930 2.626639 1.000000
-0.383738 -0.218653 2.595502 1.000000
0.093926 -0.243410 2.593721 1.000000
-0.349685 -0.292114 2.556795 0.307692
0.064032 -0.328012 2.591940 0.391827
-0.255941 -0.630077 2.657832 1.000000
-0.011842 -0.624804 2.681993 1.000000
-0.273969 -1.118532 2.747805 0.991106
-0.018068 -1.117773 2.744851 1.000000
-0.330931 -1.155952 2.533244 0.000000
-0.072540 -1.144725 2.528084 0.000000
-0.094005 0.624371 2.448429 1.000000
-0.370693 0.369664 2.689805 1.000000
0.077147 0.339657 2.598687 1.000000
-0.162953 0.423045 2.542203 0.000000
-0.136493 0.216490 2.740274 0.000000
-0.352962 -0.000734 2.659656 0.115385
0.048558 -0.016617 2.566873 0.673077
-0.118891 -0.007843 2.757277 0.000000
-0.417327 0.093332 2.660954 1.000000
0.132356 0.068385 2.650936 1.000000
-0.385121 -0.207940 2.590317 1.000000
0.088817 -0.238709 2.626652 1.000000
-0.370861 -0.279394 2.537920 0.391827
0.110983 -0.315865 2.586527 0.004808
-0.254288 -0.628778 2.668024 1.000000
-0.011685 -0.625403 2.682667 1.000000
-0.273334 -1.117825 2.754505 1.000000
-0.026021 -1.117713 2.749251 1.000000
-0.324496 -1.154068 2.538287 0.000000
-0.073616 -1.145842 2.531020 0.000000
-0.093370 0.631838 2.459745 1.000000
-0.372671 0.376008 2.702314 1.000000
0.073513 0.349035 2.602533 1.000000
-0.167168 0.435687 2.553994 0.000000
-0.138243 0.219949 2.741657 0.000000
-0.357379 0.001964 2.658974 0.163462
0.044747 -0.008888 2.568113 0.644231
-0.123727 -0.003043 2.757723 0.000000
-0.420749 0.105000 2.658706 1.000000
0.124656 0.081296 2.660488 1.000000
-0.393725 -0.194911 2.595207 1.000000
0.090568 -0.223068 2.630329 1.000000
-0.336351 -0.254753 2.560835 0.425481
0.042014 -0.297798 2.640932 0.610577
-0.254903 -0.624621 2.668569 1.000000
-0.011650 -0.619030 2.681917 1.000000
-0.272459 -1.116383 2.738358 1.000000
-0.016324 -1.111007 2.752238 1.000000
-0.322522 -1.145470 2.520806 0.000000
-0.063018 -1.141734 2.534162 0.000000
-0.085290 0.658346 2.485543 1.000000
