-0.373671 0.221515 2.735707 1.000000
-0.014269 0.181579 2.876346 1.000000
-0.148845 0.285148 2.714449 0.730769
-0.250023 0.035869 2.902223 0.000000
-0.301951 -0.148888 2.703336 0.000000
-0.039567 -0.158477 2.814790 0.000000
-0.250724 -0.174772 2.945502 0.000000
-0.411234 -0.029429 2.705930 1.000000
0.056313 -0.023754 2.741705 1.000000
-0.288246 -0.259966 2.609005 1.000000
-0.003865 -0.283191 2.659606 1.000000
-0.278826 -0.326099 2.642478 1.000000
-0.006966 -0.351427 2.689887 0.812500
-0.039218 -0.630748 2.739223 1.000000
-0.311458 -0.629259 2.715465 1.000000
-0.119134 -1.034921 2.803617 1.000000
-0.270129 -1.025665 2.838116 1.000000
0.047904 -1.076108 2.752409 0.000000
-0.392376 -1.075981 2.716690 0.000000
-0.135118 0.508371 2.657654 0.721154
-0.376407 0.216874 2.740193 1.000000
-0.018539 0.174802 2.884085 1.000000
-0.151986 0.283520 2.724648 0.807692
-0.253097 0.025856 2.900779 0.000000
-0.308102 -0.149379 2.703513 0.000000
-0.046396 -0.158325 2.816602 0.000000
-0.258226 -0.180498 2.945343 0.000000
-0.413698 -0.032575 2.708274 1.000000
0.056605 -0.018783 2.737412 1.000000
-0.299438 -0.268721 2.618333 1.000000
-0.014283 -0.276764 2.664392 1.000000
-0.306289 -0.334421 2.653250 1.000000
-0.014769 -0.348189 2.686319 0.644231
-0.043861 -0.630991 2.744089 1.000000
-0.312301 -0.634603 2.730751 1.000000
-0.119561 -1.037089 2.801034 1.000000
-0.272320 -1.034508 2.841954 1.000000
0.050243 -1.074941 2.756830 0.000000
-0.393747 -1.081054 2.718223 0.000000
-0.146019 0.505005 2.649907 1.000000
-0.377698 0.215880 2.741400 1.000000
-0.019196 0.177677 2.884792 1.000000
-0.153905 0.284425 2.725086 1.000000
-0.252397 0.026752 2.902681 0.000000
-0.311090 -0.151400 2.706488 0.000000
-0.049075 -0.157690 2.819038 0.000000
-0.260442 -0.180815 2.948371 0.000000
-0.413293 -0.032338 2.703954 1.000000
0.051972 -0.015196 2.736412 1.000000
-0.301180 -0.269569 2.616535 1.000000
-0.009431 -0.276176 2.668514 1.000000
-0.304403 -0.335096 2.652291 1.000000
-0.023439 -0.349347 2.674199 1.000000
-0.043135 -0.630854 2.739891 1.000000
-0.314936 -0.635022 2.738400 1.000000
-0.121649 -1.035252 2.804597 1.000000
-0.273370 -1.036911 2.841584 1.000000
0.045890 -1.075792 2.754524 0.000000
-0.397792 -1.081009 2.719949 0.000000
-0.148825 0.507093 2.647007 1.000000
-0.377049 0.213275 2.746369 1.000000
-0.014827 0.173271 2.879556 1.000000
-0.153869 0.282533 2.725358 0.947115
-0.247248 0.021600 2.900944 0.000000
-0.311596 -0.151758 2.708881 0.000000
-0.046891 -0.157600 2.814978 0.000000
-0.254922 -0.183149 2.949174 0.000000
-0.415369 -0.033732 2.713467 1.000000
0.052678 -0.021559 2.734476 1.000000
-0.300970 -0.265396 2.619232 1.000000
-0.012852 -0.279554 2.665335 1.000000
-0.299921 -0.331681 2.653698 1.000000
-0.025843 -0.352767 2.672660 1.000000
-0.042675 -0.631380 2.739947 1.000000
-0.316018 -0.634043 2.739458 1.000000
-0.122242 -1.035938 2.802324 1.000000
-0.272786 -1.035116 2.845100 1.000000
0.045521 -1.076530 2.753048 0.000000
-0.402097 -1.079674 2.728852 0.000000
-0.147670 0.505454 2.657006 1.000000
-0.370653 0.214420 2.753461 1.000000
-0.003430 0.179526 2.873768 1.000000
-0.148812 0.284110 2.722196 0.990385
-0.234039 0.027421 2.907892 0.000000
-0.314342 -0.153223 2.715550 0.000000
-0.045345 -0.159133 2.810234 0.000000
-0.247441 -0.185122 2.953131 0.000000
-0.411224 -0.029396 2.709058 1.000000
0.054330 -0.020286 2.733044 1.000000
-0.295474 -0.262508 2.623600 1.000000
-0.011853 -0.277347 2.665354 1.000000
-0.291448 -0.328632 2.658155 1.000000
-0.033999 -0.348695 2.664088 1.000000
-0.043890 -0.632783 2.744072 1.000000
-0.316870 -0.635487 2.742858 1.000000
-0.119939 -1.038970 2.799908 1.000000
-0.270824 -1.037132 2.845086 1.000000
0.048479 -1.077226 2.751000 0.000000
-0.404350 -1.080871 2.733381 0.000000
-0.149296 0.508872 2.648652 0.985577
-0.370518 0.210546 2.752458 1.000000
-0.003775 0.180474 2.875501 1.000000
-0.149608 0.284188 2.723764 1.000000
-0.232113 0.024258 2.906152 0.000000
-0.308827 -0.152089 2.712452 0.000000
-0.043103 -0.159624 2.815861 0.000000
-0.249928 -0.183633 2.952189 0.000000
-0.409421 -0.033424 2.712720 1.000000
0.054884 -0.020143 2.737928 1.000000
-0.300436 -0.266883 2.622581 1.000000
-0.007249 -0.277630 2.672004 1.000000
-0.286779 -0.331134 2.658190 1.000000
-0.024173 -0.350404 2.672451 1.000000
-0.044803 -0.634514 2.745093 1.000000
-0.314029 -0.635206 2.741675 1.000000
-0.121173 -1.040762 2.800041 1.000000
-0.270960 -1.036956 2.844781 1.000000
0.047115 -1.079068 2.750728 0.000000
-0.400422 -1.080704 2.728394 0.000000
-0.142643 0.510722 2.642851 1.000000
-0.372966 0.207804 2.757429 1.000000
-0.009152 0.169631 2.886758 1.000000
-0.151304 0.282169 2.737843 0.975962
-0.238466 0.012739 2.903512 0.000000
-0.304540 -0.150728 2.712489 0.000000
-0.039783 -0.159376 2.818263 0.000000
-0.247956 -0.180400 2.953022 0.000000
-0.406296 -0.036218 2.711079 1.000000
0.056707 -0.023054 2.740672 1.000000
-0.287619 -0.265381 2.620888 1.000000
-0.006896 -0.279445 2.670293 1.000000
-0.286441 -0.331299 2.656047 1.000000
-0.023468 -0.352301 2.670064 1.000000
-0.041355 -0.633239 2.746486 1.000000
-0.312109 -0.633852 2.741916 1.000000
-0.120359 -1.038517 2.804772 1.000000
-0.273088 -1.035834 2.845727 1.000000
0.047517 -1.078361 2.755269 0.000000
-0.400630 -1.078880 2.726983 0.000000
-0.145330 0.497384 2.640802 1.000000
-0.364873 0.203653 2.755832 1.000000
0.002059 0.179305 2.879576 1.000000
-0.146393 0.285922 2.732461 1.000000
-0.221111 0.014274 2.900569 0.000000
-0.301414 -0.150332 2.713089 0.000000
-0.034901 -0.159125 2.814344 0.000000
-0.240566 -0.188529 2.951368 0.000000
-0.399662 -0.038672 2.703043 1.000000
0.083827 -0.016683 2.746831 1.000000
-0.275312 -0.268151 2.622378 1.000000
-0.000837 -0.266363 2.675260 1.000000
-0.285323 -0.334014 2.656207 1.000000
-0.006576 -0.339892 2.687224 0.812500
-0.027607 -0.628438 2.743300 1.000000
-0.308440 -0.633221 2.741523 1.000000
-0.120216 -1.030663 2.802691 1.000000
-0.266658 -1.035429 2.843364 1.000000
0.049311 -1.075378 2.764204 0.000000
-0.399496 -1.077847 2.730338 0.000000
-0.121628 0.491061 2.613868 1.000000
-0.360641 0.212039 2.748174 1.000000
0.006311 0.185875 2.871485 0.548077
-0.140195 0.286643 2.718418 1.000000
-0.221056 0.028687 2.904311 0.000000
-0.304203 -0.158113 2.715671 0.000000
-0.037016 -0.157820 2.815524 0.000000
-0.240643 -0.197124 2.953108 0.000000
-0.398387 -0.028660 2.696274 1.000000
0.118177 -0.010895 2.767458 1.000000
-0.286458 -0.263500 2.617775 1.000000
0.012318 -0.248369 2.688461 1.000000
-0.269179 -0.331482 2.643514 1.000000
-0.003435 -0.321350 2.685593 1.000000
-0.027190 -0.634260 2.748595 1.000000
-0.304064 -0.635279 2.737437 1.000000
-0.119308 -1.038068 2.796994 1.000000
-0.266635 -1.037257 2.841850 1.000000
0.050878 -1.081350 2.759795 0.000000
-0.403708 -1.078183 2.733424 0.000000
-0.122994 0.507390 2.627094 1.000000
-0.358533 0.214984 2.730841 1.000000
0.004871 0.195537 2.865389 1.000000
-0.136513 0.284594 2.700685 0.365385
-0.225156 0.043966 2.905324 0.000000
-0.301806 -0.151403 2.716220 0.000000
-0.031856 -0.150116 2.808332 0.836538
-0.232273 -0.171347 2.954349 0.000000
-0.390667 -0.029565 2.683376 1.000000
0.123770 -0.007227 2.776849 1.000000
-0.275572 -0.266979 2.609484 1.000000
0.021735 -0.243776 2.683543 1.000000
-0.282438 -0.332052 2.645552 1.000000
0.006962 -0.317014 2.684303 1.000000
-0.027073 -0.627166 2.744334 1.000000
-0.304277 -0.623806 2.722436 1.000000
-0.114202 -1.031060 2.800607 1.000000
-0.267379 -1.023482 2.835513 1.000000
0.051050 -1.074385 2.745516 0.000000
-0.398917 -1.067824 2.721707 0.000000
-0.123086 0.513724 2.649719 0.692308
-0.374146 0.194601 2.721564 1.000000
-0.025326 0.228503 2.888056 0.307692
-0.165212 0.301095 2.714246 0.312500
-0.229196 0.039466 2.901575 0.000000
-0.306889 -0.157648 2.690384 0.000000
-0.056858 -0.146529 2.827208 0.000000
-0.277860 -0.180447 2.936505 0.000000
-0.376963 -0.042316 2.637309 1.000000
0.140604 0.058340 2.805909 0.892308
-0.265519 -0.288342 2.589378 1.000000
0.104900 -0.193005 2.701998 1.000000
-0.213886 -0.333244 2.619387 1.000000
0.046339 -0.236644 2.686223 0.492788
-0.020524 -0.622929 2.750182 1.000000
-0.288843 -0.633818 2.706602 1.000000
-0.110347 -1.027163 2.799334 1.000000
-0.274949 -1.034608 2.820898 1.000000
0.061085 -1.069220 2.766737 0.000000
-0.380501 -1.077797 2.682284 0.000000
-0.106961 0.502847 2.624584 1.000000
-0.354465 0.228974 2.694991 1.000000
-0.004070 0.195490 2.858227 1.000000
-0.126378 0.281003 2.677185 0.437500
-0.246786 0.063210 2.890971 0.000000
-0.295777 -0.156675 2.694596 0.000000
-0.038886 -0.153629 2.818521 0.057692
-0.255800 -0.163265 2.940150 0.000000
-0.377019 -0.010045 2.627525 1.000000
0.163930 0.014998 2.820953 1.000000
-0.271083 -0.254421 2.572207 1.000000
0.046363 -0.195543 2.695044 1.000000
-0.275004 -0.317532 2.612010 1.000000
0.028878 -0.267760 2.702892 1.000000
-0.019824 -0.626816 2.744756 1.000000
-0.289820 -0.629468 2.694103 1.000000
-0.108208 -1.030275 2.802186 1.000000
-0.271053 -1.029563 2.810123 1.000000
0.058797 -1.073875 2.752906 0.000000
-0.374491 -1.074875 2.670597 0.000000
-0.099737 0.522537 2.632166 0.653846
-0.355682 0.224162 2.673836 1.000000
-0.064793 0.173897 2.925632 1.000000
-0.135362 0.282218 2.729840 0.543269
-0.298697 0.034034 2.868990 0.000000
-0.286207 -0.166026 2.651488 0.144231
-0.078043 -0.163556 2.846477 0.000000
-0.320620 -0.186586 2.897112 0.000000
-0.362084 -0.009424 2.587992 1.000000
0.138984 0.058912 2.840627 0.769231
-0.251352 -0.246038 2.513860 1.000000
0.104511 -0.155053 2.677001 1.000000
-0.197655 -0.283049 2.550321 1.000000
0.052291 -0.208240 2.671818 0.290865
-0.018896 -0.631908 2.757043 1.000000
-0.283294 -0.645901 2.671367 1.000000
-0.110646 -1.037495 2.788191 1.000000
-0.272590 -1.038272 2.812150 1.000000
0.064298 -1.077421 2.783614 0.000000
-0.344235 -1.095582 2.657869 0.000000
-0.098447 0.491177 2.626686 1.000000
-0.348532 0.240340 2.657096 1.000000
-0.110572 0.122410 2.939959 1.000000
-0.140864 0.271847 2.761637 0.000000
-0.333656 0.011902 2.815449 0.000000
-0.275229 -0.170445 2.606427 0.548077
-0.122773 -0.162314 2.847364 0.951923
-0.367772 -0.204261 2.834967 0.793269
-0.371830 0.021571 2.537990 1.000000
0.120139 0.058032 2.869097 0.000000
-0.248408 -0.195821 2.428518 1.000000
0.116405 -0.123727 2.666134 0.000000
-0.212612 -0.256435 2.403472 0.004808
0.059799 -0.158825 2.632274 0.000000
-0.009642 -0.624275 2.757037 1.000000
-0.276020 -0.647586 2.631563 1.000000
-0.110624 -1.028313 2.778127 1.000000
-0.275724 -1.032268 2.792523 1.000000
0.061512 -1.069797 2.807597 0.000000
-0.325289 -1.098893 2.633386 0.000000
-0.082522 0.465900 2.623749 1.000000
-0.308851 0.240525 2.623003 1.000000
-0.140661 0.099633 2.943012 1.000000
-0.120314 0.248060 2.762448 0.000000
-0.350720 0.015244 2.781041 0.000000
-0.234501 -0.153831 2.581328 0.567308
-0.124144 -0.168551 2.843938 0.894231
-0.365181 -0.196714 2.788745 1.000000
-0.385591 0.032291 2.505703 1.000000
0.086918 -0.000406 2.918650 0.000000
-0.249827 -0.145230 2.347488 1.000000
0.109678 -0.180858 2.715763 0.000000
-0.231387 -0.211901 2.375730 1.000000
0.060810 -0.209939 2.667298 0.000000
-0.008229 -0.620597 2.756655 1.000000
-0.272570 -0.633128 2.584999 1.000000
-0.107407 -1.025127 2.776877 1.000000
-0.272767 -1.011250 2.760820 0.875481
0.058871 -1.063096 2.832826 0.000000
-0.317510 -1.084525 2.603184 0.000000
-0.084401 0.448988 2.603228 1.000000
-0.301309 0.230690 2.606230 1.000000
-0.141730 0.100196 2.934940 0.490385
-0.107512 0.223503 2.738287 0.000000
-0.369511 0.032876 2.789803 0.000000
-0.240151 -0.184831 2.576916 0.673077
-0.120664 -0.208707 2.834816 1.000000
-0.364374 -0.227979 2.788210 1.000000
-0.384480 0.043493 2.459314 1.000000
0.063469 -0.041552 2.920980 0.000000
-0.238575 -0.120111 2.293307 1.000000
0.062737 -0.242888 2.737385 0.000000
-0.202182 -0.180178 2.318805 1.000000
0.012704 -0.270560 2.689285 0.000000
-0.010195 -0.645978 2.764797 1.000000
-0.287947 -0.651381 2.548201 1.000000
-0.115390 -1.049437 2.771442 1.000000
-0.267169 -1.019967 2.742113 0.694231
0.044600 -1.089990 2.842003 0.000000
-0.328592 -1.101195 2.594297 0.000000
-0.088967 0.453413 2.602725 1.000000
-0.287013 0.186189 2.573341 1.000000
-0.125729 0.073376 2.907714 1.000000
-0.098623 0.200589 2.712445 0.000000
-0.338883 -0.018865 2.754293 0.000000
-0.242663 -0.211620 2.562665 1.000000
-0.127821 -0.245499 2.821553 0.865385
-0.369770 -0.269813 2.768567 1.000000
-0.387089 0.046148 2.389132 1.000000
0.089641 -0.053138 2.909595 0.000000
-0.209679 -0.105173 2.243326 1.000000
0.137885 -0.248812 2.726215 0.000000
-0.177957 -0.163703 2.277246 0.745192
0.101384 -0.282706 2.670524 0.000000
-0.008191 -0.663065 2.772031 1.000000
-0.305945 -0.659545 2.500821 1.000000
-0.138399 -1.059197 2.775773 1.000000
-0.294038 -1.051584 2.642428 0.844231
0.010536 -1.107322 2.863652 0.000000
-0.365482 -1.109441 2.488257 0.019231
-0.110204 0.448603 2.613357 1.000000
-0.303369 0.191157 2.554159 1.000000
-0.123162 0.099990 2.885456 1.000000
-0.111512 0.222293 2.685571 0.000000
-0.335069 -0.010857 2.743015 0.000000
-0.258935 -0.209524 2.541774 1.000000
-0.132811 -0.229370 2.796839 1.000000
-0.375508 -0.264765 2.754606 0.581731
-0.382564 0.049188 2.364260 1.000000
0.096625 -0.018657 2.888710 0.000000
-0.189583 -0.092508 2.233731 1.000000
0.163110 -0.213639 2.710369 0.000000
-0.173369 -0.162497 2.254254 0.846154
0.132565 -0.251642 2.653752 0.000000
-0.022649 -0.655957 2.763744 1.000000
-0.322804 -0.651343 2.494278 1.000000
-0.125148 -1.060128 2.769082 1.000000
-0.332786 -1.067407 2.520345 1.000000
0.022200 -1.096229 2.865029 0.000000
-0.417114 -1.075300 2.362084 0.000000
-0.120417 0.464350 2.584223 1.000000
-0.318035 0.197977 2.528961 1.000000
-0.176351 0.082004 2.869660 1.000000
-0.131482 0.196870 2.671243 0.000000
-0.395618 0.007651 2.716678 0.000000
-0.266141 -0.208298 2.523070 1.000000
-0.159940 -0.232746 2.786667 1.000000
-0.397989 -0.270629 2.724736 1.000000
-0.390838 0.039132 2.352401 1.000000
0.070153 0.046841 2.868050 1.000000
-0.197974 -0.107245 2.230737 1.000000
0.188629 0.197195 2.675342 1.000000
-0.156162 -0.155070 2.270071 0.711538
0.189797 0.240624 2.614554 0.644231
-0.020448 -0.648285 2.744299 1.000000
-0.331055 -0.660080 2.482260 1.000000
-0.121053 -1.052386 2.765975 1.000000
-0.353252 -1.074815 2.444961 1.000000
0.029291 -1.084852 2.858512 0.000000
-0.419219 -1.056362 2.279045 0.000000
-0.128128 0.445222 2.566040 1.000000
-0.344460 0.193032 2.497790 1.000000
-0.227335 0.108160 2.857821 0.807692
-0.169317 0.207324 2.653253 0.000000
-0.433658 0.017428 2.694482 0.000000
-0.252336 -0.211284 2.482584 1.000000
-0.165791 -0.238527 2.753004 1.000000
-0.401524 -0.259216 2.675933 1.000000
-0.421976 0.000022 2.366475 1.000000
-0.000443 0.021446 2.816344 1.000000
-0.213932 -0.138066 2.268262 1.000000
0.117626 0.200786 2.654638 1.000000
-0.178367 -0.190752 2.307530 0.677885
0.126469 0.247416 2.596931 1.000000
-0.032110 -0.657878 2.711915 1.000000
-0.331424 -0.651372 2.424475 1.000000
-0.121550 -1.061071 2.769574 1.000000
-0.343981 -1.066857 2.457695 1.000000
0.032275 -1.082319 2.859612 0.000000
-0.407911 -1.078304 2.290356 0.000000
-0.172698 0.448391 2.521144 1.000000
-0.401603 0.207619 2.482636 1.000000
-0.230177 0.086618 2.809004 1.000000
-0.210415 0.221344 2.617939 0.000000
-0.444722 -0.004932 2.657118 0.000000
-0.292300 -0.214138 2.445639 0.711538
-0.176083 -0.221752 2.706014 1.000000
-0.417547 -0.256195 2.656548 1.000000
-0.457139 -0.018447 2.405331 1.000000
-0.014070 0.009405 2.721394 1.000000
-0.257600 -0.174577 2.319304 1.000000
0.100316 0.213958 2.591495 1.000000
-0.202593 -0.210640 2.354747 0.341346
0.097688 0.266715 2.538652 1.000000
-0.045700 -0.646884 2.678164 1.000000
-0.330383 -0.658741 2.402728 1.000000
-0.117698 -1.048101 2.766088 1.000000
-0.335178 -1.070637 2.467594 1.000000
0.043052 -1.059627 2.845124 0.000000
-0.397808 -1.096094 2.301312 0.000000
-0.207520 0.445637 2.479914 1.000000
-0.431010 0.233499 2.477331 1.000000
-0.202671 0.091461 2.757027 1.000000
-0.217690 0.238585 2.574883 0.000000
-0.442873 0.009777 2.642522 0.000000
-0.346338 -0.203299 2.428420 0.586538
-0.188719 -0.199698 2.666122 1.000000
-0.432367 -0.249658 2.657304 0.620192
-0.484823 0.000840 2.416258 1.000000
-0.019938 0.062262 2.593719 1.000000
-0.313612 -0.197923 2.357300 1.000000
0.107165 0.262192 2.465830 1.000000
-0.249375 -0.226512 2.382575 1.000000
0.080530 0.314312 2.419389 1.000000
-0.060465 -0.623764 2.642627 1.000000
-0.347805 -0.657336 2.397645 1.000000
-0.123480 -1.020357 2.755017 0.972356
-0.340312 -1.069156 2.462739 1.000000
0.043506 -1.028368 2.820374 0.000000
-0.412246 -1.096108 2.300507 0.000000
-0.231438 0.458775 2.434657 1.000000
-0.458298 0.130063 2.488607 1.000000
-0.297672 0.043581 2.831046 0.000000
-0.293280 0.186964 2.645385 0.000000
-0.462879 -0.093745 2.654045 0.000000
-0.331929 -0.206064 2.375107 1.000000
-0.240407 -0.206155 2.645261 0.807692
-0.467198 -0.277302 2.571489 0.581731
-0.505021 -0.111165 2.454459 1.000000
-0.252134 0.125604 2.601102 0.000000
-0.347608 -0.261052 2.293265 1.000000
-0.082211 0.161034 2.393110 1.000000
-0.274847 -0.257277 2.309823 0.307692
-0.034772 0.163730 2.335448 1.000000
-0.072106 -0.626975 2.619902 1.000000
-0.368462 -0.671625 2.384191 1.000000
-0.127799 -1.020337 2.746607 1.000000
-0.348804 -1.082436 2.453019 1.000000
0.027373 -1.013329 2.836568 0.000000
-0.408131 -1.113187 2.286421 0.000000
-0.262281 0.359415 2.457945 1.000000
-0.452478 -0.002160 2.492069 1.000000
-0.297614 0.007551 2.847691 0.000000
-0.303540 0.108247 2.635859 0.000000
-0.435348 -0.184984 2.701265 0.000000
-0.342362 -0.272993 2.359875 1.000000
-0.239608 -0.245528 2.624538 0.288462
-0.467138 -0.328905 2.567824 0.485577
-0.485692 -0.232867 2.404474 0.846154
-0.220491 0.080495 2.622178 0.000000
-0.240681 -0.207051 2.290102 0.365385
-0.129605 0.155570 2.377173 0.942308
-0.175378 -0.202333 2.254103 0.000000
-0.106350 0.184349 2.312260 1.000000
-0.072462 -0.663104 2.643457 1.000000
-0.386137 -0.711131 2.372715 1.000000
-0.143354 -1.061361 2.744722 0.894231
-0.344666 -1.115869 2.464127 1.000000
0.005499 -1.062351 2.845032 0.000000
-0.442330 -1.158500 2.319681 0.000000
-0.301481 0.260148 2.428612 1.000000
-0.448318 -0.055011 2.470095 1.000000
-0.332402 -0.017281 2.838448 0.000000
-0.316294 0.067652 2.620332 0.000000
-0.452488 -0.221880 2.692847 0.000000
-0.325711 -0.327134 2.358988 1.000000
-0.237928 -0.312820 2.630002 0.403846
-0.465906 -0.381283 2.557359 0.466346
-0.470100 -0.298184 2.417061 0.784615
-0.231215 0.051249 2.621216 0.000000
-0.279222 -0.128604 2.321752 1.000000
-0.114534 0.121634 2.385939 0.000000
-0.229049 -0.082253 2.291472 0.000000
-0.084253 0.148859 2.323293 0.000000
-0.079779 -0.710114 2.670962 1.000000
-0.396725 -0.769808 2.371127 1.000000
-0.159166 -1.115729 2.726313 0.875481
-0.334073 -1.160874 2.501629 1.000000
-0.027630 -1.124852 2.848113 0.000000
-0.427146 -1.222670 2.361134 0.000000
-0.334482 0.187441 2.385187 1.000000
-0.429917 -0.072475 2.429432 1.000000
-0.363781 -0.139068 2.805910 0.057692
-0.333745 0.009737 2.627017 0.000000
-0.437885 -0.299243 2.590657 0.000000
-0.305993 -0.354659 2.390749 1.000000
-0.263042 -0.390497 2.670446 0.375000
-0.473606 -0.446476 2.550166 0.557692
-0.435506 -0.321259 2.397033 0.384615
-0.249131 0.014689 2.646729 0.000000
-0.342304 -0.066384 2.361158 1.000000
-0.117895 0.178416 2.473827 0.000000
-0.315553 0.002442 2.349756 1.000000
-0.084532 0.229401 2.430583 0.000000
-0.073004 -0.755633 2.684812 1.000000
-0.391301 -0.836393 2.391295 1.000000
-0.174652 -1.155902 2.742617 0.834856
-0.364211 -1.241921 2.484581 0.597356
-0.047711 -1.169923 2.868751 0.000000
-0.370940 -1.282560 2.309872 0.000000
-0.369659 0.159427 2.399220 1.000000
-0.439726 -0.084595 2.442825 0.740385
-0.343808 -0.168266 2.809353 0.115385
-0.343004 -0.004741 2.641108 0.000000
-0.410060 -0.321202 2.586414 0.000000
-0.271689 -0.390259 2.353135 1.000000
-0.265363 -0.386271 2.638273 0.144231
-0.462011 -0.452569 2.500896 0.341346
-0.349454 -0.298441 2.345762 0.738462
-0.261500 0.015813 2.662843 0.000000
-0.325115 -0.025094 2.349217 1.000000
-0.165345 0.213490 2.502837 0.000000
-0.316792 0.049055 2.345304 1.000000
-0.141805 0.272699 2.463814 0.000000
-0.081908 -0.782616 2.688175 0.996154
-0.385739 -0.855727 2.396029 1.000000
-0.158384 -1.189277 2.739818 0.541106
-0.388315 -1.267690 2.460593 0.397356
-0.042670 -1.193620 2.876974 0.000000
-0.350053 -1.295077 2.287370 0.000000
-0.408550 0.178309 2.452647 1.000000
-0.416058 -0.046071 2.422425 0.653846
-0.350842 -0.153919 2.788000 0.028846
-0.316280 0.011511 2.626818 0.000000
-0.431087 -0.288221 2.558875 0.000000
-0.272572 -0.380068 2.353490 1.000000
-0.277269 -0.386061 2.638624 0.000000
-0.468418 -0.447381 2.491517 0.350962
-0.325625 -0.254419 2.312843 0.200000
-0.235736 0.024521 2.657482 0.000000
-0.316880 0.018071 2.349540 1.000000
-0.104633 0.215216 2.514754 0.000000
-0.310987 0.092546 2.348356 1.000000
-0.070667 0.272338 2.480608 0.000000
-0.088995 -0.777372 2.685063 0.973077
-0.389191 -0.857194 2.399217 1.000000
-0.145415 -1.187391 2.735962 0.553606
-0.386011 -1.273213 2.427626 0.325481
-0.035466 -1.184910 2.877825 0.000000
-0.264638 -1.281299 2.295629 0.000000
-0.395910 0.205594 2.442653 1.000000
-0.357771 -0.081140 2.394442 1.000000
-0.379171 -0.128374 2.750817 1.000000
-0.292075 0.001948 2.587039 0.000000
-0.430856 -0.291556 2.539804 0.000000
-0.258574 -0.364041 2.393677 1.000000
-0.262306 -0.383556 2.678220 0.000000
-0.457992 -0.424148 2.529904 0.576923
-0.245451 0.145083 2.380552 1.000000
-0.221898 0.023296 2.630875 0.000000
-0.312599 0.412354 2.366562 1.000000
-0.045647 0.184457 2.500927 0.000000
-0.357480 0.451462 2.411716 0.038462
0.000634 0.233808 2.469222 0.000000
-0.092128 -0.798228 2.684686 1.000000
-0.393470 -0.825022 2.389869 1.000000
-0.120762 -1.211567 2.731805 0.478606
-0.371555 -1.241209 2.403918 0.703606
-0.004792 -1.204006 2.868604 0.000000
-0.351905 -1.246194 2.225566 0.000000
-0.452470 0.230206 2.535332 0.350962
-0.370223 -0.056485 2.414661 1.000000
-0.449599 -0.122763 2.778080 1.000000
-0.332529 0.012537 2.628011 0.000000
-0.474042 -0.271655 2.545273 0.000000
-0.219422 -0.373911 2.395642 1.000000
-0.300994 -0.382800 2.668820 1.000000
-0.453973 -0.403101 2.473567 0.312500
-0.236743 0.158917 2.414299 1.000000
-0.274817 0.034044 2.694489 0.000000
-0.299901 0.425116 2.374793 1.000000
-0.079897 0.200748 2.604266 0.000000
-0.270805 0.492175 2.390258 1.000000
-0.028735 0.251093 2.583521 0.000000
-0.071627 -0.784703 2.702399 0.984615
-0.376784 -0.844742 2.388452 1.000000
-0.197169 -1.179089 2.753271 0.787981
-0.382939 -1.261696 2.387925 0.431731
-0.064561 -1.206090 2.871196 0.000000
-0.238629 -1.263692 2.281197 0.000000
-0.483340 0.230973 2.590467 0.548077
-0.373431 -0.092399 2.455349 1.000000
-0.356776 -0.100639 2.838990 1.000000
-0.308471 0.022664 2.646952 0.000000
-0.394442 -0.293936 2.643884 0.000000
-0.252629 -0.368080 2.377435 1.000000
-0.271258 -0.338804 2.660552 0.000000
-0.460427 -0.399636 2.510710 0.274038
-0.236859 0.121586 2.446554 1.000000
-0.250090 0.077185 2.700710 0.000000
-0.249856 0.398190 2.456220 1.000000
-0.128760 0.268145 2.549922 0.000000
-0.235791 0.467356 2.431707 1.000000
-0.097587 0.324782 2.512464 0.000000
-0.097486 -0.788546 2.689308 0.953846
-0.377367 -0.822177 2.429211 1.000000
-0.121194 -1.203170 2.726905 0.406731
-0.360870 -1.238683 2.417389 0.662981
0.011568 -1.199811 2.847666 0.000000
-0.316331 -1.231987 2.243632 0.000000
-0.500093 0.189932 2.614730 0.865385
-0.408018 -0.136444 2.496187 1.000000
-0.302646 -0.052845 2.849359 0.057692
-0.309033 0.021097 2.629461 0.000000
-0.371600 -0.287617 2.721204 0.000000
-0.277047 -0.382003 2.389102 0.846154
-0.233916 -0.281093 2.652382 0.000000
-0.451444 -0.365587 2.565891 0.043269
-0.302180 0.094687 2.504758 1.000000
-0.198930 0.085497 2.669255 0.000000
-0.212401 0.356212 2.481755 1.000000
-0.059585 0.219423 2.477372 1.000000
-0.210280 0.428786 2.464117 1.000000
-0.066003 0.287278 2.446761 0.425481
-0.064000 -0.770413 2.697200 0.846154
-0.370723 -0.780417 2.468986 1.000000
-0.111909 -1.181989 2.744087 0.609856
-0.344606 -1.196391 2.455840 0.941106
0.054388 -1.193767 2.810622 0.000000
-0.433440 -1.197039 2.299864 0.000000
-0.528207 0.205065 2.632484 0.884615
-0.386797 -0.176266 2.576919 1.000000
-0.117489 0.028723 2.720400 0.000000
-0.282668 0.015124 2.555596 0.557692
-0.186041 -0.239687 2.738273 0.000000
-0.374916 -0.449148 2.481909 1.000000
-0.231730 -0.239581 2.612057 0.000000
-0.449078 -0.333102 2.689204 0.629808
-0.462801 0.060391 2.632370 1.000000
-0.147560 0.200911 2.541049 1.000000
-0.278711 0.246270 2.538904 1.000000
0.010245 0.070697 2.360013 1.000000
-0.234532 0.300439 2.512512 1.000000
0.077957 0.039202 2.357618 1.000000
-0.017852 -0.738770 2.735844 1.000000
-0.317012 -0.768351 2.548441 1.000000
-0.140892 -1.136345 2.762008 0.906731
-0.366600 -1.174693 2.468963 0.881731
0.025603 -1.184820 2.808373 0.000000
-0.476699 -1.134656 2.332965 0.000000
-0.479119 0.194251 2.672763 0.375000
-0.301184 -0.025557 2.623825 1.000000
0.037693 0.042952 2.761681 0.000000
-0.126877 0.110675 2.608783 1.000000
-0.132852 -0.176987 2.766425 0.000000
-0.359811 -0.315804 2.588419 0.615385
-0.102165 -0.228099 2.713419 0.000000
-0.321927 -0.264799 2.833340 0.000000
-0.532447 0.077843 2.635560 1.000000
0.060746 0.053718 2.513000 0.553846
-0.380526 -0.134854 2.544968 1.000000
0.035658 -0.118947 2.303438 0.865385
-0.311669 -0.145614 2.518030 1.000000
0.007041 -0.169249 2.256179 1.000000
-0.030154 -0.730783 2.728521 1.000000
-0.374779 -0.676933 2.549496 1.000000
-0.147768 -1.127621 2.779268 0.806731
-0.348338 -1.091841 2.517237 1.000000
0.023143 -1.180254 2.763798 0.000000
-0.493486 -1.092881 2.411638 0.000000
-0.345611 0.260966 2.638678 1.000000
-0.294051 -0.018232 2.620220 1.000000
-0.001654 -0.034619 2.849154 0.057692
-0.111285 0.089665 2.683075 1.000000
-0.185820 -0.221400 2.756006 0.000000
-0.308694 -0.305331 2.569918 0.740385
-0.086638 -0.289874 2.770294 0.000000
-0.334384 -0.295285 2.821438 0.000000
-0.477075 0.141357 2.693753 1.000000
0.070914 0.024205 2.616422 0.600000
-0.410878 -0.106534 2.589986 1.000000
0.068972 -0.187551 2.443243 1.000000
-0.373679 -0.164580 2.561184 1.000000
0.040286 -0.253735 2.423767 1.000000
-0.029432 -0.741054 2.767428 1.000000
-0.370157 -0.735445 2.588525 1.000000
-0.150708 -1.139706 2.783490 0.919231
-0.283304 -1.130403 2.690280 1.000000
0.015461 -1.188350 2.830837 0.000000
-0.410728 -1.187487 2.577477 0.000000
-0.326617 0.234472 2.652756 1.000000
-0.243481 -0.080050 2.629632 1.000000
0.009935 -0.006420 2.879411 0.000000
-0.089557 0.061560 2.678096 1.000000
-0.138476 -0.232784 2.814494 0.000000
-0.283876 -0.347869 2.531868 0.750000
-0.094984 -0.257125 2.745841 0.000000
-0.347395 -0.264152 2.762042 0.000000
-0.423895 0.088423 2.689909 1.000000
0.085815 0.038969 2.644026 0.676923
-0.348054 -0.161046 2.595877 1.000000
0.072325 -0.204628 2.518682 0.548077
-0.331978 -0.232997 2.608008 1.000000
0.037035 -0.270328 2.523242 0.947115
-0.012144 -0.738152 2.792088 1.000000
-0.348483 -0.738741 2.625409 1.000000
-0.225013 -1.093761 2.746064 1.000000
-0.290239 -1.126061 2.768517 1.000000
-0.087187 -1.185277 2.815701 0.000000
-0.405082 -1.188738 2.645623 0.000000
-0.274227 0.218243 2.616325 1.000000
-0.243885 -0.050735 2.614894 1.000000
-0.029863 0.048352 2.899714 0.000000
-0.085473 0.089098 2.675448 1.000000
-0.183689 -0.176228 2.841556 0.000000
-0.271538 -0.332861 2.564767 0.750000
-0.112339 -0.227466 2.795519 0.000000
-0.364060 -0.251178 2.785653 0.062500
-0.413079 0.103616 2.726110 1.000000
0.054163 0.050762 2.662100 0.723077
-0.360910 -0.148962 2.623089 1.000000
0.061349 -0.188499 2.526841 0.000000
-0.333965 -0.209700 2.588918 1.000000
0.059181 -0.258519 2.500858 0.000000
-0.005018 -0.736754 2.776679 0.853846
-0.310236 -0.740435 2.697940 1.000000
-0.231953 -1.085679 2.751361 1.000000
-0.277520 -1.124522 2.856987 0.856731
-0.086836 -1.183037 2.792382 0.000000
-0.360881 -1.191351 2.712747 0.000000
-0.301036 0.200361 2.655976 1.000000
-0.283487 0.042061 2.659776 0.701923
-0.033011 0.120314 2.917127 0.000000
-0.106487 0.163315 2.698494 0.831731
-0.216295 -0.086077 2.881202 0.000000
-0.283691 -0.301960 2.592779 0.836538
-0.093864 -0.205026 2.803179 0.000000
-0.345538 -0.220526 2.824223 0.500000
-0.457564 0.188708 2.774495 0.923077
0.011414 0.103443 2.669602 0.369231
-0.370900 -0.060450 2.686646 1.000000
-0.066305 -0.123432 2.535140 0.634615
-0.358409 -0.127323 2.655747 1.000000
-0.089983 -0.188551 2.507185 0.000000
-0.009068 -0.716619 2.776456 0.923077
-0.291414 -0.724601 2.754488 1.000000
-0.210239 -1.081770 2.767316 1.000000
-0.260473 -1.124082 2.870017 0.878606
-0.054505 -1.168133 2.789869 0.000000
-0.334166 -1.174795 2.714396 0.000000
-0.309098 0.271183 2.694589 1.000000
-0.292194 0.158894 2.666596 0.855769
-0.007425 0.177319 2.909160 0.000000
-0.085683 0.239163 2.696795 0.548077
-0.232787 0.015522 2.886482 0.000000
-0.295654 -0.206313 2.641434 1.000000
-0.066942 -0.188456 2.833972 0.000000
-0.311792 -0.210339 2.893915 0.000000
-0.475775 0.283667 2.792427 0.000000
0.077882 0.008302 2.741960 0.000000
-0.348632 0.053370 2.701504 0.682692
-0.098005 -0.046503 2.537075 0.884615
-0.364481 -0.019305 2.694445 1.000000
-0.170021 -0.066403 2.537537 1.000000
-0.012594 -0.664576 2.746397 1.000000
-0.280198 -0.692176 2.744433 1.000000
-0.138758 -1.057636 2.805350 1.000000
-0.254090 -1.087704 2.873913 1.000000
0.030614 -1.114566 2.788245 0.000000
-0.314270 -1.143891 2.714409 0.000000
-0.214846 0.424124 2.672181 1.000000
-0.310505 0.151982 2.704948 1.000000
0.001174 0.235468 2.887209 0.000000
-0.123588 0.268028 2.691193 1.000000
-0.190943 0.035676 2.912806 0.000000
-0.302407 -0.167359 2.676629 1.000000
-0.037141 -0.161514 2.815547 0.000000
-0.260677 -0.214177 2.921761 0.000000
-0.511565 0.269194 2.810390 0.000000
0.078152 0.043222 2.741341 0.646154
-0.384444 0.043195 2.708187 0.548077
-0.004681 -0.210225 2.668872 1.000000
-0.369812 -0.026456 2.685445 1.000000
-0.056996 -0.248680 2.631899 0.576923
-0.016854 -0.638467 2.753144 1.000000
-0.279016 -0.653562 2.746284 1.000000
-0.119167 -1.040493 2.795528 1.000000
-0.253895 -1.058174 2.843996 1.000000
0.054527 -1.085352 2.789316 0.000000
-0.354623 -1.098931 2.701122 0.000000
-0.137519 0.515002 2.616386 1.000000
-0.350463 0.207994 2.725562 1.000000
0.003119 0.232663 2.883407 0.000000
-0.135680 0.300542 2.706842 1.000000
-0.211466 0.058113 2.914497 0.000000
-0.292488 -0.154781 2.685984 0.192308
-0.016727 -0.159084 2.802758 0.000000
-0.232880 -0.200478 2.927607 0.000000
-0.393336 -0.042929 2.717899 1.000000
0.073080 0.046044 2.727900 0.538462
-0.290413 -0.284647 2.627583 1.000000
0.000695 -0.213169 2.667817 1.000000
-0.233546 -0.333106 2.626933 1.000000
-0.028371 -0.271210 2.630816 0.408654
-0.023522 -0.636079 2.762407 1.000000
-0.281452 -0.641952 2.748013 1.000000
-0.121526 -1.040213 2.793386 1.000000
-0.255633 -1.048824 2.835634 1.000000
0.052714 -1.082928 2.787379 0.000000
-0.373044 -1.084488 2.704627 0.000000
-0.151781 0.525541 2.607857 0.927885
-0.323495 0.182303 2.827083 1.000000
0.052483 0.234547 2.746741 1.000000
-0.168096 0.276897 2.678924 0.182692
-0.088197 0.060124 2.911866 0.000000
-0.286212 -0.151128 2.796946 0.000000
0.005383 -0.152834 2.728623 0.000000
-0.094350 -0.176205 2.959989 0.000000
-0.384828 -0.042080 2.717451 1.000000
0.094129 -0.012470 2.695795 1.000000
-0.302764 -0.298455 2.638543 1.000000
-0.011543 -0.263156 2.634570 1.000000
-0.280503 -0.369124 2.648185 1.000000
-0.043748 -0.324100 2.605738 1.000000
-0.019789 -0.635517 2.737139 1.000000
-0.283693 -0.626609 2.757095 1.000000
-0.120749 -1.034704 2.803060 1.000000
-0.261676 -1.035660 2.835082 1.000000
0.021559 -1.086600 2.706750 0.000000
-0.426940 -1.057261 2.768438 0.000000
-0.157142 0.525342 2.650577 0.735577
-0.305299 0.168411 2.887827 1.000000
0.051402 0.237145 2.751506 1.000000
-0.177585 0.282084 2.727155 0.677885
-0.058766 0.042582 2.917305 0.000000
-0.279438 -0.157123 2.827964 0.000000
-0.005300 -0.162866 2.707490 0.000000
-0.060885 -0.176784 2.953944 0.000000
-0.383562 -0.025027 2.735278 1.000000
0.083446 -0.012509 2.697773 1.000000
-0.335300 -0.283809 2.634249 1.000000
-0.046414 -0.251171 2.627066 1.000000
-0.321306 -0.352826 2.609279 0.000000
-0.064923 -0.323396 2.631915 1.000000
-0.029024 -0.644702 2.734654 1.000000
-0.297191 -0.629886 2.756382 1.000000
-0.119997 -1.044152 2.812456 1.000000
-0.260198 -1.037813 2.834586 1.000000
0.003384 -1.095585 2.692657 0.000000
-0.427636 -1.064311 2.775573 0.000000
-0.160389 0.505562 2.652787 0.826923
-0.306969 0.182370 2.910526 0.250000
0.038656 0.238467 2.743373 1.000000
-0.190407 0.288833 2.736956 1.000000
-0.061961 0.050822 2.922668 0.000000
-0.265200 -0.160634 2.830117 0.000000
-0.000957 -0.166498 2.689263 0.432692
-0.038247 -0.187931 2.938608 0.000000
-0.390098 0.001692 2.747301 0.984615
0.091432 -0.010274 2.710935 1.000000
-0.339745 -0.255757 2.647527 1.000000
-0.031600 -0.244717 2.620997 1.000000
-0.323897 -0.324244 2.622210 0.021635
-0.065455 -0.311267 2.618253 1.000000
-0.036137 -0.656868 2.734461 1.000000
-0.294847 -0.630258 2.767289 1.000000
-0.120769 -1.056511 2.818199 1.000000
-0.260656 -1.040156 2.835874 1.000000
-0.015849 -1.107329 2.681709 0.000000
-0.435859 -1.060360 2.802468 0.000000
-0.154134 0.513852 2.639655 1.000000
-0.296850 0.227730 2.928891 0.028846
0.040015 0.246860 2.737319 1.000000
-0.184873 0.313615 2.741455 0.975962
-0.061405 0.079381 2.935172 0.000000
-0.263504 -0.147929 2.841797 0.000000
-0.012433 -0.145191 2.678536 0.576923
-0.027954 -0.179046 2.928807 0.000000
-0.378876 0.048447 2.763535 0.600000
0.097112 -0.001756 2.710817 1.000000
-0.357769 -0.218738 2.680138 1.000000
-0.029011 -0.240165 2.636528 1.000000
-0.343516 -0.281953 2.642944 0.223558
-0.089084 -0.282816 2.624093 1.000000
-0.038137 -0.642177 2.735766 1.000000
-0.296097 -0.614448 2.763403 1.000000
-0.115916 -1.043488 2.818159 1.000000
-0.260628 -1.024674 2.829324 1.000000
-0.028480 -1.091099 2.668799 0.000000
-0.437964 -1.043318 2.808716 0.000000
-0.152830 0.521005 2.644354 1.000000
-0.289076 0.244751 2.930812 0.000000
0.041820 0.236750 2.728359 1.000000
-0.180034 0.312844 2.734545 1.000000
-0.059523 0.087608 2.940414 0.000000
-0.271544 -0.139948 2.839892 0.000000
-0.017996 -0.134771 2.680563 0.509615
-0.037755 -0.177144 2.929234 0.000000
-0.379957 0.064523 2.771149 0.476923
0.090330 -0.014869 2.714566 1.000000
-0.362763 -0.203469 2.689309 1.000000
-0.037769 -0.251932 2.638701 1.000000
-0.349768 -0.253310 2.635183 0.694712
-0.092326 -0.302448 2.631336 1.000000
-0.041935 -0.632462 2.738224 1.000000
-0.296999 -0.608086 2.764941 1.000000
-0.111014 -1.035499 2.819947 1.000000
-0.261232 -1.018407 2.830102 1.000000
-0.025123 -1.080830 2.668989 0.000000
-0.439264 -1.036214 2.815693 0.000000
-0.151677 0.521641 2.648211 1.000000
