-0.384272 0.362671 2.702700 1.000000
0.067359 0.337496 2.630872 1.000000
-0.170179 0.423203 2.567453 0.000000
-0.152126 0.207534 2.756552 0.000000
-0.370336 0.003262 2.673298 0.259615
0.033428 -0.001307 2.589438 0.692308
-0.138421 -0.001175 2.776086 0.000000
-0.429378 0.092378 2.666830 1.000000
0.122899 0.082477 2.721759 1.000000
-0.407080 -0.204205 2.598342 1.000000
0.069227 -0.187163 2.589233 1.000000
-0.342304 -0.248631 2.554929 0.492788
0.045801 -0.267391 2.621930 0.509615
-0.256409 -0.622259 2.673576 1.000000
-0.012527 -0.613372 2.689916 1.000000
-0.281850 -1.111650 2.756389 0.881731
-0.016278 -1.106666 2.750382 1.000000
-0.326200 -1.146232 2.538402 0.000000
-0.057721 -1.133277 2.530711 0.000000
-0.104285 0.616432 2.469714 1.000000
-0.386180 0.347357 2.684442 1.000000
0.068077 0.319733 2.632951 1.000000
-0.167305 0.396326 2.552201 0.000000
-0.155378 0.200677 2.762382 0.000000
-0.368711 -0.008370 2.655852 0.384615
0.040791 -0.021926 2.608912 0.903846
-0.147132 -0.015322 2.779239 0.000000
-0.429587 0.076460 2.677045 1.000000
0.103051 0.065377 2.729926 1.000000
-0.398957 -0.215099 2.600121 1.000000
0.066341 -0.198289 2.585030 1.000000
-0.395997 -0.269341 2.528683 0.206731
0.070044 -0.287261 2.573868 0.206731
-0.256309 -0.635438 2.686785 1.000000
-0.012133 -0.631904 2.697045 1.000000
-0.280767 -1.129487 2.735019 1.000000
-0.022624 -1.126012 2.749542 1.000000
-0.306583 -1.149952 2.512318 0.000000
-0.043910 -1.149243 2.526633 0.000000
-0.115305 0.548329 2.399581 0.865385
-0.385993 0.343996 2.680486 1.000000
0.069163 0.322336 2.634356 1.000000
-0.166423 0.394052 2.549812 0.000000
-0.153918 0.202096 2.763338 0.000000
-0.375646 -0.018036 2.654015 0.230769
0.035137 -0.021587 2.617633 0.826923
-0.157204 -0.018638 2.783059 0.000000
-0.433933 0.075425 2.674997 1.000000
0.113169 0.067885 2.722544 1.000000
-0.406011 -0.215169 2.600277 1.000000
0.061842 -0.191432 2.577881 1.000000
-0.398684 -0.301649 2.577432 0.000000
0.043643 -0.267695 2.534209 0.000000
-0.259520 -0.642410 2.684230 1.000000
-0.010329 -0.634277 2.700179 1.000000
-0.274614 -1.137812 2.721080 1.000000
-0.025138 -1.129465 2.739905 1.000000
-0.294536 -1.153843 2.497412 0.000000
-0.038744 -1.147030 2.515879 0.000000
-0.112594 0.550861 2.398399 0.788462
-0.385471 0.341665 2.681078 1.000000
0.069394 0.314271 2.635120 1.000000
-0.165039 0.390650 2.551456 0.000000
-0.155543 0.195194 2.761940 0.000000
-0.371858 -0.020339 2.652532 0.730769
0.038820 -0.020941 2.614823 0.721154
-0.153001 -0.018085 2.780854 0.000000
-0.429598 0.072981 2.675550 1.000000
0.115879 0.062504 2.727973 1.000000
-0.400823 -0.216255 2.598297 1.000000
0.067351 -0.194811 2.580029 1.000000
-0.423892 -0.298307 2.570195 0.004808
0.049987 -0.270625 2.535251 0.000000
-0.258669 -0.643580 2.684598 1.000000
-0.011428 -0.635836 2.695443 1.000000
-0.282151 -1.136820 2.740920 1.000000
-0.019849 -1.129785 2.749782 1.000000
-0.302652 -1.161291 2.518070 0.000000
-0.034824 -1.154095 2.526475 0.000000
-0.085895 0.532096 2.402187 0.836538
-0.383710 0.364703 2.687350 1.000000
0.070545 0.326227 2.643351 1.000000
-0.160973 0.412600 2.561310 0.000000
-0.158652 0.208566 2.763700 0.000000
-0.374125 -0.009361 2.647674 0.490385
0.036460 -0.019644 2.610344 0.894231
-0.155360 -0.010767 2.776164 0.000000
-0.424754 0.097060 2.674144 1.000000
0.113397 0.076251 2.739098 1.000000
-0.417566 -0.195730 2.612102 1.000000
0.064620 -0.167562 2.572355 1.000000
-0.353290 -0.252996 2.586733 0.492788
0.084895 -0.254940 2.575242 0.055288
-0.258567 -0.635593 2.680589 1.000000
-0.011668 -0.630263 2.695441 1.000000
-0.269615 -1.128476 2.743465 1.000000
-0.016380 -1.122963 2.760504 1.000000
-0.290256 -1.156389 2.521033 0.000000
-0.031232 -1.152232 2.537785 0.000000
-0.098257 0.602880 2.447738 1.000000
-0.384518 0.374060 2.698774 1.000000
0.068714 0.333869 2.646529 1.000000
-0.162902 0.427267 2.572889 0.000000
-0.160168 0.211433 2.762639 0.000000
-0.375669 0.000848 2.652344 0.413462
0.034369 -0.006735 2.608867 0.942308
-0.155056 -0.002506 2.777597 0.000000
-0.426514 0.107312 2.667848 1.000000
0.114464 0.086003 2.748236 1.000000
-0.419061 -0.189904 2.626593 1.000000
0.066236 -0.160723 2.584238 1.000000
-0.373669 -0.242754 2.570017 0.728365
0.081058 -0.225626 2.524053 0.122596
-0.257446 -0.624989 2.677402 1.000000
-0.015264 -0.618484 2.694933 1.000000
-0.276793 -1.117387 2.742047 1.000000
-0.018565 -1.112274 2.751225 1.000000
-0.300266 -1.145624 2.519937 0.000000
-0.037952 -1.137551 2.528366 0.000000
-0.102005 0.630108 2.485564 1.000000
-0.383676 0.379535 2.704177 1.000000
0.068501 0.332860 2.648302 1.000000
-0.162204 0.430255 2.577017 0.000000
-0.161357 0.213098 2.765270 0.000000
-0.371572 0.004799 2.652815 0.365385
0.038536 -0.007719 2.611171 0.759615
-0.151600 -0.001956 2.779055 0.000000
-0.422232 0.111991 2.672578 1.000000
0.111852 0.084552 2.750912 1.000000
-0.416858 -0.181603 2.608548 1.000000
0.066590 -0.150316 2.568937 1.000000
-0.360220 -0.231638 2.560143 0.795673
0.077656 -0.239370 2.567740 0.189904
-0.256356 -0.622647 2.675859 1.000000
-0.012689 -0.618347 2.693056 1.000000
-0.282033 -1.113891 2.746770 1.000000
-0.014032 -1.111765 2.752604 1.000000
-0.303908 -1.144782 2.524850 0.000000
-0.032641 -1.138596 2.529859 0.000000
-0.104834 0.625145 2.479733 1.000000
-0.385032 0.374408 2.692857 1.000000
0.067987 0.323777 2.648425 1.000000
-0.160415 0.420809 2.569626 0.000000
-0.165225 0.208162 2.762900 0.000000
-0.373385 0.005319 2.645693 0.365385
0.037265 -0.009780 2.610795 0.846154
-0.155566 -0.002864 2.775531 0.000000
-0.424601 0.108293 2.658886 1.000000
0.109413 0.083002 2.766105 1.000000
-0.420051 -0.184862 2.597879 1.000000
0.070455 -0.131110 2.560385 1.000000
-0.352690 -0.238221 2.571999 0.762019
0.056165 -0.193112 2.497093 0.000000
-0.256318 -0.622702 2.674150 1.000000
-0.013704 -0.618951 2.693791 1.000000
-0.279322 -1.114635 2.741093 1.000000
-0.009929 -1.112102 2.755413 1.000000
-0.296561 -1.144110 2.518573 0.000000
-0.025663 -1.140066 2.532586 0.000000
-0.100364 0.619818 2.478066 1.000000
-0.383630 0.380589 2.695271 1.000000
0.068258 0.323634 2.647124 1.000000
-0.159192 0.424908 2.570951 0.000000
-0.165878 0.210334 2.762028 0.000000
-0.379619 0.005092 2.649013 0.288462
0.030662 -0.007435 2.609121 0.875000
-0.160193 -0.001811 2.776191 0.000000
-0.431428 0.116683 2.658120 1.000000
0.119476 0.083798 2.761868 1.000000
-0.425141 -0.177157 2.603116 1.000000
0.054900 -0.093766 2.530118 1.000000
-0.365063 -0.229710 2.562089 0.896635
0.067924 -0.182230 2.522443 0.560096
-0.254037 -0.622465 2.671227 1.000000
-0.012105 -0.616688 2.689904 1.000000
-0.279832 -1.113766 2.741703 1.000000
-0.012766 -1.109325 2.755614 1.000000
-0.296715 -1.144773 2.519364 0.000000
-0.028748 -1.138993 2.533025 0.000000
-0.099492 0.623945 2.481730 1.000000
-0.390497 0.380466 2.685004 1.000000
0.062302 0.321499 2.649508 1.000000
-0.162964 0.421151 2.565148 0.000000
-0.174857 0.211629 2.761505 0.000000
-0.378625 0.003612 2.647685 0.336538
0.032622 -0.007084 2.618689 0.923077
-0.162620 -0.002289 2.780638 0.000000
-0.432205 0.115193 2.656390 1.000000
0.117139 0.082396 2.762427 1.000000
-0.421109 -0.173544 2.582584 1.000000
0.058259 -0.087846 2.524750 1.000000
-0.354022 -0.231586 2.568987 0.762019
0.062936 -0.177287 2.519010 0.475962
-0.253147 -0.623663 2.668238 1.000000
-0.008428 -0.617203 2.691440 1.000000
-0.277130 -1.113911 2.746277 1.000000
-0.012849 -1.111060 2.747066 1.000000
-0.288108 -1.148735 2.524133 0.000000
-0.022087 -1.136155 2.523535 0.000000
-0.096675 0.616711 2.472347 1.000000
-0.386757 0.385040 2.690765 1.000000
0.065075 0.321393 2.651254 1.000000
-0.159104 0.427227 2.571660 0.000000
-0.173171 0.210509 2.759895 0.000000
-0.381608 -0.002424 2.645255 0.413462
0.029746 -0.000474 2.615880 0.951923
-0.165397 -0.002551 2.778005 0.000000
-0.434560 0.123048 2.652690 1.000000
0.113285 0.088530 2.777054 1.000000
-0.423232 -0.167034 2.589524 1.000000
0.061358 -0.061538 2.525958 1.000000
-0.362151 -0.222113 2.553609 0.795673
0.041233 -0.104083 2.449543 0.000000
-0.251496 -0.625880 2.665283 1.000000
-0.008480 -0.614203 2.691984 1.000000
-0.274573 -1.115393 2.748069 1.000000
-0.029714 -1.102285 2.783270 1.000000
-0.288433 -1.152226 2.526411 0.000000
-0.032056 -1.143572 2.561975 0.000000
-0.097081 0.626040 2.482107 1.000000
-0.383963 0.370388 2.639199 1.000000
0.067605 0.317471 2.694429 1.000000
-0.137642 0.416867 2.568787 0.000000
-0.185421 0.201944 2.753509 0.000000
-0.371953 0.000282 2.605624 0.317308
0.036829 -0.005495 2.659873 0.923077
-0.187019 -0.003413 2.779277 0.000000
-0.428498 0.103560 2.663471 1.000000
0.135202 0.063308 2.762265 1.000000
-0.417838 -0.182842 2.575003 1.000000
0.032063 -0.025283 2.494907 1.000000
-0.348996 -0.233939 2.548467 0.644231
0.000508 -0.049795 2.414546 0.000000
-0.253581 -0.623970 2.673074 1.000000
-0.014504 -0.620794 2.689590 1.000000
-0.267846 -1.114701 2.750461 0.937981
-0.018094 -1.113486 2.754786 1.000000
-0.237869 -1.150307 2.530200 0.000000
0.019348 -1.142875 2.534750 0.000000
-0.113098 0.614450 2.464225 1.000000
-0.379251 0.364564 2.621476 1.000000
0.069140 0.330932 2.708532 1.000000
-0.130521 0.417477 2.565572 0.000000
-0.183098 0.208373 2.755593 0.000000
-0.359038 -0.006891 2.589387 0.471154
0.048170 -0.012649 2.654405 0.951923
-0.178687 -0.006352 2.767833 0.000000
-0.422222 0.100966 2.664244 1.000000
0.135979 0.073194 2.756102 1.000000
-0.413334 -0.180043 2.563364 1.000000
0.032130 0.020783 2.480983 1.000000
-0.353057 -0.245222 2.576511 0.509615
0.000481 0.008031 2.397976 0.000000
-0.259772 -0.628756 2.679383 1.000000
-0.014619 -0.628582 2.692773 1.000000
-0.280163 -1.120647 2.747473 1.000000
-0.011998 -1.121878 2.753276 1.000000
-0.245509 -1.152557 2.527332 0.000000
0.027740 -1.148646 2.533308 0.000000
-0.116077 0.620354 2.462912 1.000000
-0.375496 0.361420 2.610622 1.000000
0.071637 0.337550 2.706884 1.000000
-0.126564 0.416193 2.557474 0.000000
-0.179622 0.212827 2.753495 0.000000
-0.350108 -0.001653 2.586372 0.480769
0.057156 -0.015301 2.649845 0.836538
-0.169073 -0.003762 2.764113 0.000000
-0.412760 0.100737 2.671082 1.000000
0.177070 0.105169 2.795670 0.215385
-0.396722 -0.170475 2.547738 1.000000
0.072671 0.115840 2.516360 0.490385
-0.371009 -0.250483 2.579232 0.778846
0.049349 0.148975 2.436282 0.475962
-0.268856 -0.624850 2.676677 1.000000
-0.022306 -0.630124 2.691516 1.000000
-0.266977 -1.117086 2.745300 1.000000
-0.010107 -1.123452 2.750573 1.000000
-0.235085 -1.147737 2.524563 0.000000
0.025668 -1.148999 2.529782 0.000000
-0.102307 0.610543 2.441521 0.225962
-0.371792 0.393654 2.613712 1.000000
0.065791 0.359240 2.744484 1.000000
-0.120333 0.457267 2.591054 0.000000
-0.186055 0.227342 2.750466 0.000000
-0.336365 0.014311 2.561252 0.634615
0.057989 -0.002070 2.680815 0.519231
-0.181897 0.010385 2.762482 0.000000
-0.416502 0.132351 2.668869 1.000000
0.174056 0.118355 2.804260 0.376923
-0.408634 -0.152600 2.578542 1.000000
0.072210 0.184195 2.530927 0.673077
-0.358131 -0.226303 2.587014 1.000000
0.051790 0.218812 2.450683 0.846154
-0.269019 -0.607186 2.680526 1.000000
-0.024538 -0.618229 2.684068 1.000000
-0.264146 -1.100332 2.742104 1.000000
-0.019789 -1.113634 2.723568 1.000000
-0.202264 -1.126550 2.527245 0.000000
0.047268 -1.130076 2.509292 0.000000
-0.114422 0.683980 2.575257 1.000000
-0.360836 0.389107 2.616102 1.000000
0.074225 0.365247 2.757230 0.000000
-0.111222 0.461825 2.602071 0.000000
-0.173004 0.224839 2.752463 0.000000
-0.329563 0.025860 2.559322 0.663462
0.062876 0.001445 2.683718 0.807692
-0.177820 0.016818 2.762452 0.000000
-0.410603 0.125749 2.671785 1.000000
0.134676 0.098636 2.771347 0.692308
-0.408053 -0.163505 2.583958 1.000000
0.075884 0.242266 2.511922 1.000000
-0.342829 -0.223154 2.568397 0.913462
0.050659 0.289469 2.439881 1.000000
-0.272106 -0.597341 2.678204 1.000000
-0.030547 -0.613469 2.674870 1.000000
-0.275849 -1.088840 2.751846 1.000000
-0.008970 -1.105040 2.744874 1.000000
-0.212373 -1.121318 2.538311 0.000000
0.060030 -1.132281 2.532322 0.000000
-0.109624 0.687406 2.556329 1.000000
-0.322964 0.406618 2.601560 1.000000
0.107858 0.382352 2.755076 0.000000
-0.071213 0.471764 2.588551 0.000000
-0.142900 0.248265 2.754400 0.000000
-0.325021 0.024260 2.545104 0.923077
0.060954 0.026885 2.690345 1.000000
-0.184100 0.027889 2.756049 0.000000
-0.418734 0.160250 2.682323 1.000000
0.139992 0.152576 2.604868 0.907692
-0.403546 -0.136330 2.611793 1.000000
0.048299 0.375666 2.417817 1.000000
-0.363333 -0.216422 2.607047 1.000000
0.007914 0.440509 2.370712 0.610577
-0.277837 -0.585230 2.693268 1.000000
-0.034041 -0.597613 2.666720 1.000000
-0.267759 -1.079752 2.741799 1.000000
-0.007149 -1.087424 2.746537 1.000000
-0.191252 -1.098886 2.530939 0.000000
0.071464 -1.117141 2.537688 0.000000
-0.103291 0.701601 2.550072 1.000000
-0.314682 0.399326 2.612310 1.000000
0.128866 0.367904 2.722046 0.000000
-0.064741 0.462555 2.575931 0.000000
-0.122181 0.236050 2.743243 0.000000
-0.333105 0.018868 2.567847 0.826923
0.065879 0.024477 2.672055 1.000000
-0.171017 0.028207 2.762808 0.000000
-0.417083 0.159685 2.712810 1.000000
0.137085 0.212732 2.489951 1.000000
-0.398670 -0.137141 2.630973 1.000000
0.040733 0.458606 2.330561 1.000000
-0.382651 -0.202732 2.571849 1.000000
-0.026546 0.480895 2.275506 0.307692
-0.273100 -0.591623 2.701536 1.000000
-0.032405 -0.600490 2.669899 1.000000
-0.274463 -1.087164 2.739573 1.000000
-0.006649 -1.090816 2.746880 1.000000
-0.218201 -1.104000 2.522243 0.000000
0.050366 -1.121668 2.531291 0.000000
-0.095256 0.688534 2.534358 1.000000
-0.306467 0.410830 2.617767 1.000000
0.136780 0.311600 2.676501 0.000000
-0.057391 0.422060 2.542754 0.028846
-0.126995 0.231806 2.746606 0.000000
-0.334240 0.016499 2.592340 0.567308
0.074325 -0.001358 2.645580 0.605769
-0.148444 0.020224 2.765070 0.000000
-0.410576 0.179932 2.739133 1.000000
0.133515 0.249403 2.402634 1.000000
-0.387668 -0.116224 2.649872 1.000000
0.045044 0.477749 2.212287 1.000000
-0.390878 -0.182391 2.589324 0.963942
0.009120 0.536357 2.154590 1.000000
-0.272117 -0.603683 2.699642 1.000000
-0.028172 -0.617198 2.681452 1.000000
-0.269961 -1.099164 2.738408 1.000000
-0.011117 -1.108362 2.755453 1.000000
-0.244063 -1.116496 2.515450 0.000000
0.018554 -1.140601 2.534633 0.000000
-0.096606 0.691797 2.571072 1.000000
-0.307571 0.438643 2.802598 1.000000
0.023087 0.332273 2.518966 1.000000
-0.188729 0.458172 2.571758 0.000000
-0.109142 0.243234 2.745149 0.000000
-0.319876 0.012042 2.771839 0.057692
-0.000148 0.000401 2.511615 1.000000
-0.066658 0.009145 2.756297 0.000000
-0.386306 0.176595 2.730718 1.000000
0.022623 0.438511 2.256768 1.000000
-0.387436 -0.133014 2.688904 1.000000
0.030477 0.541779 1.962012 1.000000
-0.374021 -0.206360 2.638956 1.000000
0.014832 0.552019 1.874235 1.000000
-0.265179 -0.613801 2.696443 1.000000
-0.013183 -0.603210 2.700642 1.000000
-0.273926 -1.109361 2.733220 1.000000
-0.020334 -1.098291 2.743683 1.000000
-0.416904 -1.119719 2.559637 0.000000
-0.160865 -1.111507 2.568304 0.000000
-0.081921 0.696014 2.568882 1.000000
-0.250699 0.459830 2.764441 0.000000
0.025661 0.342353 2.439276 1.000000
-0.188048 0.442217 2.512336 0.000000
-0.033206 0.288564 2.699451 0.000000
-0.287415 0.032341 2.806320 0.000000
-0.031089 -0.001205 2.484994 1.000000
-0.043782 0.014031 2.737930 0.000000
-0.371983 0.197689 2.732496 1.000000
-0.011446 0.474954 2.183370 1.000000
-0.377764 -0.122096 2.706150 1.000000
0.053761 0.582490 1.888118 1.000000
-0.381169 -0.208004 2.680412 0.930288
-0.018103 0.571366 1.835523 1.000000
-0.268766 -0.597917 2.688663 1.000000
-0.007042 -0.591687 2.702714 1.000000
-0.271236 -1.092977 2.732463 1.000000
-0.012935 -1.087912 2.729828 1.000000
-0.441371 -1.105127 2.585536 0.000000
-0.190394 -1.093367 2.591410 0.000000
-0.105341 0.718075 2.579062 0.932692
-0.289023 0.414038 2.785382 1.000000
0.008025 0.339465 2.462190 1.000000
-0.218550 0.413749 2.534732 0.000000
-0.053121 0.269300 2.720109 0.000000
-0.296762 0.016376 2.797518 0.000000
-0.025373 -0.010479 2.488154 1.000000
-0.049771 0.010032 2.739856 0.000000
-0.375323 0.139695 2.740685 1.000000
0.020807 0.439663 2.189232 1.000000
-0.373711 -0.180199 2.709489 1.000000
-0.051091 0.565542 1.902364 1.000000
-0.344112 -0.234353 2.644331 0.762019
-0.072301 0.601200 1.822784 0.000000
-0.273475 -0.611167 2.695153 1.000000
-0.009798 -0.608004 2.690466 1.000000
-0.269075 -1.106233 2.738738 1.000000
-0.008830 -1.100907 2.754141 1.000000
-0.437761 -1.120794 2.590366 0.000000
-0.177146 -1.120387 2.605914 0.000000
-0.111915 0.717810 2.541445 0.985577
-0.302633 0.446414 2.783837 0.000000
0.029813 0.338217 2.501241 1.000000
-0.195318 0.444264 2.546622 0.000000
-0.082799 0.270134 2.745658 0.000000
-0.312496 0.036408 2.756387 0.000000
-0.003272 -0.013752 2.488164 1.000000
-0.060722 0.014944 2.733614 0.000000
-0.374957 0.167247 2.740376 1.000000
0.044777 0.383310 2.213496 1.000000
-0.377296 -0.153564 2.712029 1.000000
-0.053795 0.504668 1.931921 1.000000
-0.367407 -0.239563 2.688347 0.711538
-0.082840 0.539318 1.854396 0.000000
-0.267586 -0.600419 2.688259 1.000000
-0.011149 -0.603509 2.684409 1.000000
-0.273271 -1.095343 2.733284 1.000000
-0.017014 -1.095540 2.754267 1.000000
-0.414705 -1.109599 2.558715 0.000000
-0.165705 -1.117562 2.586675 0.000000
-0.153751 0.730054 2.538051 1.000000
-0.294211 0.441108 2.759522 0.000000
0.060829 0.290742 2.526539 1.000000
-0.150577 0.430237 2.542628 0.000000
-0.100644 0.233252 2.745853 0.000000
-0.322405 0.033168 2.723158 0.000000
0.020690 -0.027687 2.502564 1.000000
-0.070308 0.007998 2.736692 0.000000
-0.385198 0.161898 2.730328 1.000000
0.068946 0.334682 2.234832 1.000000
-0.384401 -0.162815 2.702559 1.000000
-0.046342 0.466430 1.959948 1.000000
-0.384620 -0.236717 2.651639 1.000000
-0.078257 0.502525 1.884231 0.000000
-0.265304 -0.606773 2.685514 1.000000
-0.015569 -0.614949 2.691585 1.000000
-0.279031 -1.100982 2.736287 1.000000
-0.018103 -1.108735 2.747956 1.000000
-0.390046 -1.117944 2.541173 0.000000
-0.144200 -1.129249 2.562592 0.000000
-0.181242 0.679599 2.551782 1.000000
-0.324532 0.421707 2.714530 1.000000
0.048265 0.214426 2.579097 1.000000
-0.134380 0.382645 2.541012 0.000000
-0.167404 0.187250 2.749164 0.000000
-0.338679 -0.007885 2.679922 0.009615
0.049117 -0.072949 2.555585 1.000000
-0.098149 -0.029760 2.757617 0.000000
-0.392483 0.129360 2.733428 1.000000
0.105003 0.279669 2.291060 1.000000
-0.403173 -0.198890 2.684068 1.000000
-0.033884 0.417617 2.022770 1.000000
-0.406104 -0.225988 2.598560 0.459135
-0.069280 0.454627 1.949069 0.000000
-0.257439 -0.648178 2.698203 1.000000
-0.003780 -0.660696 2.703484 1.000000
-0.279654 -1.141721 2.752332 1.000000
-0.018901 -1.156348 2.736777 1.000000
-0.329138 -1.163462 2.533791 0.000000
-0.091521 -1.168424 2.524029 0.000000
-0.164221 0.613760 2.564046 1.000000
-0.292567 0.400086 2.651108 1.000000
0.155395 0.310046 2.619702 0.855769
-0.064348 0.414113 2.526563 0.322115
-0.086714 0.227115 2.743655 0.000000
-0.327349 0.008884 2.627231 0.346154
0.080150 -0.048152 2.599484 1.000000
-0.111841 -0.007045 2.760167 0.000000
-0.385208 0.123425 2.726129 1.000000
0.133223 0.198440 2.340768 1.000000
-0.388241 -0.195894 2.632839 1.000000
-0.048694 0.342307 2.102262 1.000000
-0.382980 -0.281112 2.605188 0.274038
-0.096069 0.377587 2.034694 0.000000
-0.264045 -0.625814 2.692050 1.000000
-0.011094 -0.645210 2.699426 1.000000
-0.267162 -1.121515 2.727823 1.000000
-0.019437 -1.142090 2.706480 1.000000
-0.277959 -1.137633 2.503536 0.000000
-0.038175 -1.144960 2.482154 0.000000
-0.102709 0.664709 2.496775 1.000000
-0.306836 0.412167 2.674223 1.000000
0.138210 0.317548 2.621828 1.000000
-0.083300 0.428487 2.541719 0.216346
-0.100267 0.232606 2.751337 0.000000
-0.327759 0.020311 2.634689 0.326923
0.078953 -0.028905 2.587336 1.000000
-0.106267 0.004690 2.757437 0.000000
-0.389248 0.126692 2.716592 1.000000
0.164347 0.103035 2.413539 1.000000
-0.386403 -0.190803 2.621459 1.000000
-0.024199 0.274919 2.201955 1.000000
-0.371022 -0.268948 2.580092 0.375000
-0.073864 0.314500 2.138543 0.000000
-0.261195 -0.613625 2.682428 1.000000
-0.012890 -0.629011 2.693191 1.000000
-0.263038 -1.106918 2.742984 1.000000
-0.009060 -1.122552 2.751594 1.000000
-0.290430 -1.134043 2.521184 0.000000
-0.038460 -1.149006 2.529971 0.000000
-0.085203 0.688324 2.543213 1.000000
-0.354282 0.402651 2.735833 1.000000
0.085525 0.353285 2.617946 1.000000
-0.149450 0.460789 2.585980 0.000000
-0.130933 0.227472 2.752766 0.000000
-0.333490 0.024784 2.663715 0.086538
0.065922 -0.005249 2.565497 1.000000
-0.098231 0.013520 2.758035 0.000000
-0.396358 0.116295 2.689046 1.000000
0.224062 0.095031 2.626406 1.000000
-0.377065 -0.196977 2.609540 1.000000
0.066845 0.171967 2.354017 1.000000
-0.401088 -0.275824 2.574037 0.156250
-0.000203 0.128386 2.313278 0.812500
-0.257976 -0.606302 2.668657 1.000000
-0.011530 -0.611081 2.686174 1.000000
-0.273894 -1.097705 2.741315 1.000000
-0.021446 -1.103878 2.749904 1.000000
-0.330201 -1.127801 2.525433 0.000000
-0.075384 -1.130843 2.533006 0.000000
-0.083415 0.702379 2.595387 1.000000
-0.358976 0.403613 2.732738 1.000000
0.085431 0.361064 2.630483 1.000000
-0.149567 0.466054 2.591174 0.000000
-0.134188 0.230996 2.755818 0.000000
-0.338959 0.031110 2.662134 0.153846
0.061904 0.003312 2.569316 1.000000
-0.105213 0.016762 2.759739 0.000000
-0.398018 0.124253 2.674521 1.000000
0.152860 0.097809 2.725904 1.000000
-0.385653 -0.184028 2.597199 1.000000
0.111027 0.118589 2.411282 0.971154
-0.321306 -0.243145 2.576730 0.963942
0.042374 0.077946 2.370181 1.000000
-0.255008 -0.599857 2.670460 1.000000
-0.011924 -0.602214 2.689151 1.000000
-0.276654 -1.089916 2.750347 1.000000
-0.012615 -1.096880 2.737254 1.000000
-0.329112 -1.122881 2.533915 0.000000
-0.064709 -1.118006 2.519260 0.000000
-0.070670 0.687548 2.579184 0.432692
-0.367949 0.394878 2.724994 1.000000
0.083919 0.372907 2.653604 1.000000
-0.151696 0.470608 2.601336 0.000000
-0.138672 0.229918 2.757845 0.000000
-0.343181 0.022569 2.655531 0.240385
0.062430 0.006287 2.582775 0.826923
-0.114277 0.014445 2.764648 0.000000
-0.406090 0.118927 2.668229 1.000000
0.137890 0.108604 2.743367 1.000000
-0.381635 -0.180611 2.577392 1.000000
0.070465 0.031226 2.446653 1.000000
-0.322109 -0.247038 2.567469 0.896635
0.049555 0.009233 2.362194 0.000000
-0.256527 -0.604844 2.670774 1.000000
-0.012401 -0.604651 2.687213 1.000000
-0.276047 -1.094791 2.751893 1.000000
-0.012427 -1.098543 2.742714 1.000000
-0.317737 -1.129310 2.533371 0.000000
-0.051941 -1.123290 2.522470 0.000000
-0.072351 0.705529 2.588254 1.000000
-0.366036 0.405233 2.718011 1.000000
0.087627 0.366751 2.668282 1.000000
-0.141426 0.473329 2.605292 0.000000
-0.144857 0.231750 2.760936 0.000000
-0.355360 0.026892 2.645340 0.201923
0.055322 0.016746 2.609065 0.750000
-0.137149 0.016632 2.774367 0.000000
-0.410433 0.135326 2.657308 1.000000
0.134130 0.121025 2.794623 1.000000
-0.398551 -0.166307 2.589345 1.000000
0.091265 -0.040244 2.534051 1.000000
-0.336925 -0.220840 2.553530 0.846154
0.073173 -0.086217 2.459127 0.000000
-0.253657 -0.599392 2.668868 1.000000
-0.011244 -0.597248 2.682751 1.000000
-0.268886 -1.091370 2.737678 1.000000
-0.015656 -1.089263 2.752827 1.000000
-0.289699 -1.121788 2.515591 0.000000
-0.031714 -1.120784 2.530499 0.000000
-0.074721 0.696958 2.584739 1.000000
-0.349016 0.404897 2.640682 1.000000
0.093061 0.380583 2.757904 1.000000
-0.100313 0.476564 2.612350 0.000000
-0.154514 0.241064 2.767910 0.000000
-0.346827 0.040318 2.589764 0.528846
0.055675 0.008680 2.673850 0.403846
-0.175975 0.022173 2.776446 0.000000
-0.412532 0.135264 2.662438 1.000000
0.144959 0.108859 2.784020 1.000000
-0.398755 -0.159669 2.578853 1.000000
0.070426 -0.081730 2.555367 1.000000
-0.344421 -0.228279 2.558983 0.795673
0.046875 -0.136260 2.488089 0.000000
-0.256865 -0.590072 2.672454 1.000000
-0.010801 -0.600365 2.683050 1.000000
-0.270346 -1.081983 2.742102 1.000000
-0.013099 -1.092760 2.750508 1.000000
-0.222008 -1.114105 2.524587 0.000000
0.039155 -1.122721 2.533590 0.000000
-0.094938 0.709306 2.573112 1.000000
-0.344388 0.398522 2.619322 1.000000
0.085857 0.385128 2.775763 1.000000
-0.094952 0.472603 2.610087 0.043269
-0.160100 0.242559 2.769563 0.000000
-0.346981 0.036180 2.570134 0.730769
0.047606 0.015113 2.688186 0.067308
-0.192147 0.023721 2.770735 0.000000
-0.426278 0.136579 2.658850 1.000000
0.127408 0.111097 2.767832 1.000000
-0.395341 -0.154925 2.570358 1.000000
0.063191 -0.132802 2.594188 1.000000
-0.349383 -0.231827 2.565025 0.677885
0.044446 -0.218571 2.612807 0.694712
-0.249965 -0.590844 2.668658 1.000000
-0.011428 -0.597426 2.681423 1.000000
-0.264715 -1.080834 2.750515 1.000000
-0.014567 -1.088909 2.755203 1.000000
-0.197756 -1.118210 2.538854 0.000000
0.057493 -1.121022 2.544354 0.000000
-0.108309 0.702727 2.573910 1.000000
-0.343992 0.400152 2.618364 1.000000
0.083271 0.389242 2.782957 1.000000
-0.095108 0.476536 2.614576 0.043269
-0.161213 0.244540 2.770797 0.000000
-0.336964 0.037603 2.564653 0.701923
0.050980 0.015152 2.702765 0.048077
-0.192729 0.022997 2.772866 0.000000
-0.423518 0.138308 2.658395 1.000000
0.116703 0.115189 2.766628 1.000000
-0.391695 -0.154341 2.576991 1.000000
0.081412 -0.162850 2.645255 1.000000
-0.347881 -0.221866 2.537302 0.862981
0.077977 -0.228484 2.584141 0.290865
-0.252191 -0.588335 2.675938 1.000000
-0.009982 -0.597759 2.683034 1.000000
-0.272179 -1.080149 2.744704 1.000000
-0.016767 -1.090283 2.749236 1.000000
-0.195814 -1.112515 2.535415 0.000000
0.065773 -1.119301 2.541808 0.000000
-0.110297 0.708870 2.584134 1.000000
-0.347683 0.391465 2.617246 1.000000
0.077990 0.391952 2.786261 1.000000
-0.100753 0.474016 2.615649 0.000000
-0.162677 0.241144 2.772279 0.000000
-0.331221 0.035223 2.551596 0.682692
0.050106 0.014223 2.707249 0.076923
-0.196522 0.022438 2.766217 0.000000
-0.429779 0.131584 2.665806 1.000000
0.113584 0.118917 2.757616 1.000000
-0.390947 -0.159142 2.579594 1.000000
0.081150 -0.168208 2.657771 1.000000
-0.348583 -0.227574 2.539887 0.846154
0.092789 -0.255702 2.674008 0.307692
-0.256665 -0.588454 2.677749 1.000000
-0.012831 -0.599254 2.690377 1.000000
-0.269060 -1.080919 2.743578 1.000000
-0.011719 -1.092931 2.747743 1.000000
-0.184415 -1.110649 2.537102 0.000000
0.078051 -1.116561 2.542648 0.000000
-0.097408 0.702970 2.584411 1.000000
-0.349543 0.389130 2.619554 1.000000
0.077233 0.387625 2.785758 1.000000
-0.102714 0.471976 2.617544 0.000000
-0.163364 0.236765 2.771149 0.000000
-0.331740 0.039708 2.564078 0.711538
0.053876 0.013987 2.708014 0.019231
-0.190816 0.023296 2.774413 0.000000
-0.422487 0.125738 2.664389 1.000000
0.115570 0.115016 2.755411 1.000000
-0.388901 -0.164974 2.575472 1.000000
0.087203 -0.177073 2.669230 1.000000
-0.344753 -0.236229 2.543408 0.812500
0.081532 -0.265482 2.654877 0.307692
-0.257206 -0.586705 2.676067 1.000000
-0.019029 -0.599266 2.686218 1.000000
-0.275394 -1.080859 2.725961 1.000000
-0.013086 -1.092232 2.749128 1.000000
-0.196698 -1.104913 2.516415 0.000000
0.069344 -1.117773 2.541200 0.000000
-0.106778 0.697995 2.578027 1.000000
-0.355871 0.377600 2.620596 1.000000
0.075603 0.388611 2.773806 1.000000
-0.110455 0.463624 2.607832 0.000000
-0.163074 0.234044 2.772517 0.000000
-0.336961 0.027566 2.570864 0.673077
0.052779 0.009363 2.704469 0.000000
-0.190066 0.017477 2.777479 0.000000
-0.420447 0.112892 2.666325 1.000000
0.111669 0.115371 2.754551 1.000000
-0.389650 -0.175940 2.572952 1.000000
0.087615 -0.176811 2.670042 1.000000
-0.329435 -0.239626 2.592257 0.661058
0.094145 -0.263277 2.646904 0.240385
-0.261148 -0.596744 2.680996 1.000000
-0.021473 -0.606341 2.690274 1.000000
-0.270296 -1.089526 2.744956 1.000000
-0.008215 -1.099036 2.754190 1.000000
-0.199304 -1.118319 2.533266 0.000000
0.067792 -1.124285 2.543794 0.000000
-0.081869 0.693043 2.595305 1.000000
-0.356718 0.365534 2.618090 1.000000
0.075098 0.382703 2.769761 1.000000
-0.111961 0.453022 2.602861 0.000000
-0.162468 0.226451 2.772305 0.000000
-0.334269 0.027852 2.570590 0.673077
0.055833 0.003273 2.702103 0.019231
-0.186445 0.015462 2.776416 0.000000
-0.420845 0.103815 2.678043 1.000000
0.115878 0.109919 2.758395 1.000000
-0.391985 -0.181112 2.573555 1.000000
0.088058 -0.178838 2.664696 1.000000
-0.332858 -0.246128 2.591755 0.694712
0.047805 -0.256855 2.646058 0.576923
-0.262475 -0.597415 2.685207 1.000000
-0.022055 -0.610460 2.689456 1.000000
-0.269008 -1.090850 2.744267 1.000000
-0.014760 -1.104081 2.746845 1.000000
-0.198746 -1.117185 2.532015 0.000000
0.060146 -1.127506 2.535844 0.000000
-0.081305 0.677451 2.566707 1.000000
-0.362441 0.381648 2.627725 1.000000
0.072915 0.389213 2.769754 1.000000
-0.116898 0.466209 2.609022 0.000000
-0.166690 0.236139 2.773902 0.000000
-0.338225 0.030341 2.575509 0.692308
0.054237 0.007101 2.700057 0.076923
-0.186670 0.019392 2.778686 0.000000
-0.418975 0.116086 2.674979 1.000000
0.113486 0.117033 2.754773 1.000000
-0.404756 -0.179655 2.604525 1.000000
0.086904 -0.172172 2.663764 1.000000
-0.340058 -0.238056 2.583129 0.980769
0.054529 -0.253744 2.644994 0.425481
-0.261620 -0.595363 2.684872 1.000000
-0.021509 -0.606898 2.687450 1.000000
-0.276236 -1.088340 2.746258 1.000000
-0.005245 -1.097768 2.763548 1.000000
-0.209228 -1.116853 2.533236 0.000000
0.066262 -1.128154 2.552255 0.000000
-0.087112 0.693639 2.589062 1.000000
-0.365599 0.376639 2.629404 1.000000
0.071484 0.383763 2.766047 1.000000
-0.120390 0.461575 2.608181 0.000000
-0.167901 0.230415 2.772208 0.000000
-0.339702 0.029807 2.576349 0.625000
0.054831 0.003745 2.693580 0.086538
-0.184527 0.016952 2.776662 0.000000
-0.419748 0.110441 2.677230 1.000000
0.111359 0.111163 2.752621 1.000000
-0.407240 -0.186644 2.611129 1.000000
0.087485 -0.179271 2.663946 1.000000
-0.336907 -0.239937 2.594773 0.762019
0.051134 -0.258974 2.644439 0.492788
-0.262206 -0.596865 2.682422 1.000000
-0.021450 -0.609031 2.687925 1.000000
-0.275542 -1.088606 2.753289 1.000000
-0.013698 -1.101936 2.751121 1.000000
-0.212445 -1.121106 2.539645 0.000000
0.053895 -1.128198 2.537994 0.000000
-0.086114 0.688248 2.591816 1.000000
