-0.384330 0.294982 2.664899 1.000000
-0.042785 0.296223 2.616210 1.000000
-0.234830 0.348505 2.492682 0.000000
-0.201692 0.164753 2.720449 0.000000
-0.374906 -0.052979 2.588153 0.173077
-0.034461 -0.048815 2.546576 0.692308
-0.190704 -0.055847 2.681340 0.000000
-0.435739 0.026988 2.651579 1.000000
0.021490 0.032839 2.649956 1.000000
-0.409054 -0.258001 2.615686 1.000000
0.015325 -0.255068 2.632906 1.000000
-0.387662 -0.319179 2.606310 0.526442
-0.003758 -0.317238 2.625225 0.812500
-0.289920 -0.548415 2.693244 1.000000
-0.090840 -0.547787 2.665458 1.000000
-0.287425 -0.950661 2.755226 1.000000
-0.072112 -0.946928 2.742819 1.000000
-0.305826 -0.974652 2.600273 0.000000
-0.090446 -0.977594 2.589040 0.000000
-0.215948 0.550529 2.518515 1.000000
-0.387008 0.292753 2.673198 1.000000
-0.046807 0.297175 2.616024 1.000000
-0.242198 0.350745 2.498438 0.000000
-0.202270 0.162585 2.721468 0.000000
-0.374087 -0.053548 2.596130 0.288462
-0.035922 -0.048624 2.538953 0.615385
-0.185798 -0.055093 2.680790 0.000000
-0.435438 0.023920 2.653579 1.000000
0.023591 0.034747 2.650336 1.000000
-0.406067 -0.261620 2.618564 1.000000
0.015229 -0.253929 2.635564 1.000000
-0.397105 -0.325266 2.631099 0.442308
0.000300 -0.317689 2.635477 0.711538
-0.288744 -0.549907 2.692912 1.000000
-0.088909 -0.545983 2.669132 1.000000
-0.287390 -0.952338 2.753709 1.000000
-0.072095 -0.946496 2.739528 1.000000
-0.312730 -0.975699 2.599642 0.000000
-0.097425 -0.974503 2.586236 0.000000
-0.215794 0.552250 2.527151 1.000000
-0.386609 0.292276 2.669295 1.000000
-0.044783 0.298694 2.623048 1.000000
-0.236440 0.356263 2.501281 0.000000
-0.203330 0.160539 2.718851 0.000000
-0.372352 -0.048479 2.597477 0.201923
-0.034445 -0.050799 2.538637 1.000000
-0.183726 -0.054126 2.681208 0.000000
-0.432523 0.022299 2.651546 1.000000
0.026045 0.035015 2.650750 1.000000
-0.402156 -0.264169 2.620250 1.000000
0.014280 -0.254043 2.634230 1.000000
-0.382883 -0.326412 2.613725 0.408654
-0.002976 -0.316549 2.643362 0.677885
-0.288511 -0.548309 2.689085 1.000000
-0.087844 -0.545547 2.670250 1.000000
-0.290019 -0.950476 2.751604 1.000000
-0.073436 -0.945897 2.742095 1.000000
-0.316780 -0.974278 2.597846 0.000000
-0.100230 -0.974312 2.589127 0.000000
-0.217425 0.551266 2.528073 1.000000
-0.388768 0.295500 2.664809 1.000000
-0.046672 0.299515 2.620318 1.000000
-0.237434 0.354922 2.496166 0.000000
-0.206283 0.164272 2.718478 0.000000
-0.370978 -0.046850 2.587419 0.336538
-0.030165 -0.050056 2.548883 1.000000
-0.187703 -0.052480 2.682293 0.000000
-0.435462 0.025194 2.652275 1.000000
0.024998 0.036537 2.653613 1.000000
-0.406346 -0.260904 2.615281 1.000000
0.017030 -0.252588 2.633322 1.000000
-0.388982 -0.323486 2.623667 0.593750
-0.002564 -0.315063 2.634463 0.879808
-0.286882 -0.545874 2.689543 1.000000
-0.088703 -0.545728 2.671877 1.000000
-0.289250 -0.947431 2.755840 1.000000
-0.074014 -0.946400 2.741845 1.000000
-0.306876 -0.972886 2.601031 0.000000
-0.091916 -0.974020 2.587439 0.000000
-0.217832 0.554664 2.525778 1.000000
-0.387709 0.288957 2.662607 1.000000
-0.044800 0.299681 2.626227 1.000000
-0.233582 0.354573 2.498861 0.000000
-0.204268 0.159670 2.717709 0.000000
-0.368933 -0.048816 2.588073 0.355769
-0.028181 -0.052993 2.549085 1.000000
-0.185562 -0.055736 2.682675 0.000000
-0.432479 0.017743 2.648336 1.000000
0.027278 0.035560 2.654686 1.000000
-0.403072 -0.270008 2.619927 1.000000
0.018157 -0.254212 2.634155 1.000000
-0.389635 -0.333962 2.615733 0.459135
0.002289 -0.317673 2.637188 0.610577
-0.288237 -0.547948 2.689674 1.000000
-0.085635 -0.547617 2.673927 1.000000
-0.288726 -0.950005 2.752913 1.000000
-0.071479 -0.949209 2.738518 1.000000
-0.306836 -0.974352 2.597981 0.000000
-0.089813 -0.974739 2.583803 0.000000
-0.213575 0.545903 2.519526 1.000000
-0.388712 0.290048 2.660895 1.000000
-0.046034 0.286709 2.621076 1.000000
-0.233816 0.346802 2.494582 0.000000
-0.209905 0.154619 2.716471 0.000000
-0.367462 -0.053433 2.593739 0.509615
-0.028158 -0.056128 2.543598 1.000000
-0.181047 -0.058564 2.682312 0.000000
-0.435575 0.019138 2.648487 1.000000
0.028389 0.024385 2.658354 1.000000
-0.401554 -0.267723 2.616850 1.000000
0.017680 -0.264070 2.624792 1.000000
-0.387753 -0.331582 2.621292 0.576923
0.005078 -0.328085 2.630404 0.677885
-0.286645 -0.552969 2.689377 1.000000
-0.085424 -0.550603 2.675054 1.000000
-0.288913 -0.954976 2.752895 1.000000
-0.071941 -0.952867 2.735481 1.000000
-0.311804 -0.979228 2.598582 0.000000
-0.095192 -0.976825 2.581176 0.000000
-0.213250 0.543928 2.521815 1.000000
-0.384412 0.296131 2.656608 1.000000
-0.040545 0.302843 2.629485 1.000000
-0.225165 0.360357 2.497267 0.000000
-0.204073 0.164497 2.716208 0.000000
-0.368540 -0.046091 2.583543 0.403846
-0.026856 -0.045918 2.553520 1.000000
-0.187647 -0.051670 2.682887 0.000000
-0.434314 0.024727 2.647481 1.000000
0.031217 0.038858 2.666842 1.000000
-0.401181 -0.262108 2.607197 1.000000
0.019895 -0.248712 2.620250 1.000000
-0.387071 -0.325969 2.603891 0.543269
0.004604 -0.311122 2.607628 0.947115
-0.286742 -0.544467 2.685053 1.000000
-0.085062 -0.542956 2.671489 1.000000
-0.284831 -0.943755 2.763884 1.000000
-0.071179 -0.943999 2.739465 1.000000
-0.298526 -0.974282 2.609595 0.000000
-0.084834 -0.970743 2.584471 0.000000
-0.212355 0.555707 2.526108 1.000000
-0.381450 0.293999 2.641729 1.000000
-0.036891 0.311409 2.640889 1.000000
-0.212532 0.362143 2.494431 0.000000
-0.202209 0.168551 2.716144 0.000000
-0.365246 -0.046786 2.579483 0.682692
-0.022784 -0.045262 2.560344 1.000000
-0.187584 -0.051938 2.684517 0.000000
-0.436733 0.023664 2.641976 1.000000
0.042146 0.054772 2.704353 1.000000
-0.401457 -0.264575 2.618298 1.000000
0.021941 -0.209156 2.582614 1.000000
-0.384045 -0.327161 2.610048 0.543269
0.000953 -0.258410 2.620322 0.711538
-0.286157 -0.543872 2.686686 1.000000
-0.086786 -0.544029 2.672050 1.000000
-0.287586 -0.944734 2.757088 1.000000
-0.072233 -0.944673 2.742202 1.000000
-0.296096 -0.971974 2.601813 0.000000
-0.080907 -0.972167 2.586981 0.000000
-0.207060 0.550381 2.510233 1.000000
-0.377511 0.288869 2.622107 1.000000
-0.036207 0.323165 2.658990 1.000000
-0.196883 0.364697 2.493665 0.000000
-0.201706 0.172635 2.716891 0.000000
-0.356918 -0.055661 2.558489 1.000000
-0.016341 -0.035034 2.593581 0.971154
-0.197798 -0.054877 2.690029 0.000000
-0.434028 0.021290 2.637074 1.000000
0.046811 0.071099 2.726721 1.000000
-0.396246 -0.262327 2.594978 1.000000
0.029397 -0.109738 2.501703 1.000000
-0.389094 -0.325983 2.608581 0.947115
0.027079 -0.153943 2.453445 0.000000
-0.288459 -0.543688 2.686482 1.000000
-0.090294 -0.544928 2.667765 1.000000
-0.286168 -0.945619 2.750476 1.000000
-0.074031 -0.945328 2.738932 1.000000
-0.268309 -0.970184 2.595550 0.000000
-0.056460 -0.972092 2.584338 0.000000
-0.203140 0.552033 2.506755 1.000000
-0.373882 0.292370 2.615383 1.000000
-0.034115 0.334164 2.658238 1.000000
-0.192406 0.370215 2.489365 0.000000
-0.197597 0.181029 2.715026 0.000000
-0.355574 -0.050859 2.553538 1.000000
-0.015497 -0.033400 2.594670 0.875000
-0.198871 -0.050585 2.687950 0.000000
-0.434261 0.027603 2.636554 1.000000
0.065724 0.096339 2.745799 1.000000
-0.399769 -0.255998 2.603341 1.000000
0.016502 0.010527 2.475732 0.442308
-0.387197 -0.320155 2.599585 1.000000
0.006612 -0.012391 2.415191 0.000000
-0.289071 -0.539362 2.685774 1.000000
-0.088438 -0.543465 2.661793 1.000000
-0.290332 -0.941646 2.747539 1.000000
-0.076440 -0.942781 2.739584 1.000000
-0.269861 -0.965465 2.592819 0.000000
-0.056136 -0.972131 2.585796 0.000000
-0.206853 0.558093 2.500441 1.000000
-0.384852 0.288550 2.618727 1.000000
-0.044662 0.334783 2.652759 1.000000
-0.207831 0.369266 2.488258 0.000000
-0.204518 0.179262 2.713265 0.000000
-0.351450 -0.045563 2.557596 1.000000
-0.010192 -0.031622 2.589183 1.000000
-0.190928 -0.049434 2.687366 0.000000
-0.432288 0.019313 2.637161 1.000000
0.113470 0.124234 2.728537 0.984615
-0.396394 -0.266064 2.605874 1.000000
-0.013208 0.123128 2.468424 0.576923
-0.380190 -0.328374 2.593910 0.846154
-0.040120 0.128420 2.408959 0.004808
-0.289527 -0.535846 2.680866 1.000000
-0.089751 -0.540423 2.659951 1.000000
-0.285597 -0.935744 2.756464 1.000000
-0.078529 -0.939468 2.739239 1.000000
-0.270778 -0.964800 2.601995 0.000000
-0.062953 -0.969664 2.585063 0.000000
-0.217797 0.547722 2.488228 1.000000
-0.388349 0.290073 2.644567 1.000000
-0.045548 0.328518 2.638670 1.000000
-0.226639 0.373529 2.497058 0.000000
-0.200493 0.173279 2.711434 0.000000
-0.352630 -0.050634 2.575266 1.000000
-0.010465 -0.028175 2.567028 1.000000
-0.178114 -0.049737 2.685566 0.000000
-0.433590 0.019224 2.641862 1.000000
0.117835 0.109426 2.665472 0.830769
-0.395436 -0.266816 2.613471 1.000000
-0.031941 0.183095 2.428363 1.000000
-0.383439 -0.330477 2.603903 0.812500
-0.064747 0.197070 2.373438 0.000000
-0.289122 -0.539122 2.682627 1.000000
-0.089259 -0.537308 2.659960 1.000000
-0.285290 -0.939631 2.754921 1.000000
-0.076148 -0.936702 2.737172 1.000000
-0.287644 -0.967694 2.599578 0.000000
-0.078143 -0.966729 2.582192 0.000000
-0.222207 0.537403 2.486840 1.000000
-0.385337 0.294505 2.635409 1.000000
-0.041600 0.288241 2.664232 0.000000
-0.200352 0.362694 2.508899 0.000000
-0.221317 0.151399 2.712996 0.000000
-0.345953 -0.053670 2.560193 1.000000
-0.003973 -0.049771 2.586336 1.000000
-0.183536 -0.063936 2.687227 0.000000
-0.431497 0.023467 2.654339 1.000000
0.122826 0.087186 2.572083 0.907692
-0.396405 -0.263095 2.617867 1.000000
-0.047333 0.217679 2.375368 1.000000
-0.379986 -0.324481 2.602043 0.778846
-0.063594 0.270581 2.340365 0.475962
-0.287263 -0.543975 2.690322 1.000000
-0.087114 -0.555294 2.659092 1.000000
-0.284907 -0.946504 2.750443 1.000000
-0.076565 -0.954126 2.739530 1.000000
-0.273526 -0.969699 2.594697 0.000000
-0.064337 -0.984934 2.585173 0.000000
-0.224543 0.516338 2.493463 1.000000
-0.374026 0.290542 2.653590 1.000000
-0.029771 0.267912 2.654886 0.000000
-0.196371 0.355353 2.515343 0.004808
-0.211444 0.137375 2.712825 0.000000
-0.344948 -0.063972 2.569329 0.903846
-0.002071 -0.058240 2.576503 1.000000
-0.175754 -0.070213 2.687468 0.000000
-0.430965 0.022280 2.671308 1.000000
0.067025 0.190109 2.409738 0.846154
-0.394191 -0.261029 2.620478 1.000000
-0.097333 0.315147 2.205895 1.000000
-0.389535 -0.326346 2.619975 0.947115
-0.105709 0.369629 2.170543 0.408654
-0.286472 -0.552920 2.698551 1.000000
-0.085456 -0.563327 2.662351 1.000000
-0.282464 -0.957074 2.746431 1.000000
-0.074708 -0.962607 2.740511 1.000000
-0.279612 -0.975616 2.589675 0.000000
-0.070974 -0.992831 2.585601 0.000000
-0.223032 0.507455 2.504567 1.000000
-0.355172 0.313163 2.678018 1.000000
-0.021924 0.268934 2.600467 0.269231
-0.214336 0.350409 2.494574 0.000000
-0.188447 0.157662 2.715752 0.000000
-0.351147 -0.056730 2.609009 0.634615
-0.016412 -0.064126 2.534530 1.000000
-0.158858 -0.062239 2.683956 0.000000
-0.435742 0.051807 2.683721 1.000000
-0.009840 0.270447 2.327185 0.753846
-0.404861 -0.231188 2.634814 1.000000
-0.103186 0.376642 2.075310 1.000000
-0.398365 -0.295230 2.622785 0.913462
-0.138004 0.413740 2.034082 0.947115
-0.289914 -0.558399 2.690231 1.000000
-0.085719 -0.560072 2.668545 1.000000
-0.286058 -0.959785 2.757485 1.000000
-0.074003 -0.960060 2.742854 1.000000
-0.321948 -0.985527 2.605914 0.000000
-0.108398 -0.989176 2.591547 0.000000
-0.211867 0.531417 2.499650 1.000000
-0.383503 0.294171 2.681222 1.000000
-0.075145 0.286439 2.541877 0.000000
-0.290621 0.310955 2.466827 0.000000
-0.184940 0.179032 2.708009 0.000000
-0.343789 -0.053246 2.632334 0.461538
-0.029731 -0.072957 2.495848 1.000000
-0.140760 -0.058959 2.669338 0.000000
-0.432541 0.025728 2.695955 1.000000
-0.075301 0.330024 2.272091 0.338462
-0.394158 -0.251422 2.625376 1.000000
-0.107264 0.402318 1.994569 1.000000
-0.391757 -0.316740 2.629380 0.829327
-0.126050 0.436616 1.942042 1.000000
-0.286132 -0.560953 2.687635 1.000000
-0.084017 -0.557075 2.677516 1.000000
-0.286837 -0.961947 2.757294 1.000000
-0.072942 -0.958454 2.744008 1.000000
-0.351745 -0.986467 2.615483 0.000000
-0.136775 -0.983765 2.601849 0.000000
-0.218821 0.554174 2.496006 1.000000
-0.387964 0.295007 2.678075 1.000000
-0.078524 0.294189 2.545202 0.567308
-0.291311 0.317014 2.465830 0.000000
-0.188293 0.182219 2.706575 0.000000
-0.353336 -0.057167 2.629688 0.625000
-0.042449 -0.059568 2.484802 1.000000
-0.149404 -0.050565 2.661160 0.000000
-0.433713 0.029280 2.705688 1.000000
-0.097379 0.349892 2.280612 0.492308
-0.394778 -0.245803 2.636965 1.000000
-0.143879 0.418368 2.006645 0.990385
-0.395236 -0.311262 2.638754 0.711538
-0.162035 0.438000 1.946869 1.000000
-0.285770 -0.558072 2.690862 1.000000
-0.081240 -0.549649 2.663243 1.000000
-0.285620 -0.959723 2.756635 1.000000
-0.071050 -0.950207 2.734650 1.000000
-0.352763 -0.982838 2.615631 0.000000
-0.136030 -0.977059 2.593295 0.000000
-0.228780 0.564810 2.502878 0.528846
-0.392251 0.287286 2.674149 1.000000
-0.083937 0.283063 2.541144 0.846154
-0.295901 0.305383 2.461398 0.000000
-0.192967 0.174209 2.704171 0.000000
-0.352947 -0.060216 2.621186 0.480769
-0.038194 -0.066241 2.485014 1.000000
-0.149911 -0.055596 2.658301 0.000000
-0.440075 0.024620 2.712578 1.000000
-0.095836 0.341944 2.278183 0.507692
-0.399221 -0.246942 2.637054 1.000000
-0.135214 0.413276 2.005272 1.000000
-0.393894 -0.310762 2.623380 0.846154
-0.152381 0.435608 1.946155 1.000000
-0.288749 -0.561590 2.687147 1.000000
-0.081667 -0.556555 2.657747 1.000000
-0.288622 -0.962068 2.759714 1.000000
-0.071876 -0.954600 2.742088 1.000000
-0.352215 -0.987852 2.617532 0.000000
-0.133051 -0.986207 2.600021 0.000000
-0.236635 0.561090 2.510611 0.418269
-0.386508 0.287426 2.674872 1.000000
-0.087167 0.280471 2.520632 0.000000
-0.305354 0.296035 2.455296 0.000000
-0.183806 0.178584 2.696485 0.000000
-0.349232 -0.059360 2.626553 0.528846
-0.041864 -0.071919 2.474841 1.000000
-0.144545 -0.059205 2.653496 0.000000
-0.439970 0.025318 2.709810 1.000000
-0.081808 0.339851 2.257525 0.476923
-0.402771 -0.245736 2.630499 1.000000
-0.125908 0.408678 1.984648 1.000000
-0.397191 -0.310273 2.620901 0.812500
-0.147640 0.432950 1.927842 1.000000
-0.287401 -0.562160 2.690847 1.000000
-0.082987 -0.557526 2.660661 1.000000
-0.290260 -0.963570 2.758010 1.000000
-0.077685 -0.956696 2.739934 1.000000
-0.361126 -0.986360 2.618787 0.000000
-0.146487 -0.985254 2.600739 0.000000
-0.230270 0.567704 2.524618 0.754808
-0.372398 0.303873 2.668533 1.000000
-0.071393 0.278306 2.518726 0.000000
-0.288127 0.301577 2.449977 0.000000
-0.175164 0.186759 2.696548 0.000000
-0.356074 -0.049838 2.619060 0.653846
-0.043102 -0.066797 2.479742 1.000000
-0.152674 -0.053634 2.654221 0.000000
-0.437953 0.039118 2.682250 1.000000
-0.037139 0.315721 2.250383 0.753846
-0.409176 -0.243943 2.635335 1.000000
-0.113586 0.400266 1.985505 1.000000
-0.404018 -0.306530 2.616775 0.778846
-0.132219 0.419409 1.925717 0.000000
-0.290595 -0.555612 2.681567 1.000000
-0.084835 -0.551115 2.660181 1.000000
-0.291967 -0.955999 2.754622 1.000000
-0.072921 -0.949657 2.741859 1.000000
-0.357329 -0.981578 2.613208 0.000000
-0.137092 -0.980455 2.600941 0.000000
-0.212674 0.575803 2.516906 1.000000
-0.368067 0.320604 2.664412 1.000000
-0.064803 0.283361 2.516181 0.000000
-0.282547 0.311228 2.446531 0.000000
-0.174264 0.198846 2.696302 0.000000
-0.353777 -0.038979 2.627123 0.798077
-0.048922 -0.058567 2.471148 1.000000
-0.148924 -0.047215 2.651406 0.000000
-0.440123 0.055559 2.670647 1.000000
-0.006691 0.282023 2.247664 0.815385
-0.410258 -0.230282 2.631181 1.000000
-0.118358 0.388878 2.002171 1.000000
-0.407965 -0.292992 2.612460 0.930288
-0.142930 0.412814 1.946390 0.000000
-0.291167 -0.546399 2.680280 1.000000
-0.088416 -0.540402 2.660218 1.000000
-0.294540 -0.948187 2.745121 1.000000
-0.072358 -0.938826 2.741768 1.000000
-0.367570 -0.969889 2.606846 0.000000
-0.144424 -0.969774 2.604753 0.000000
-0.212476 0.588491 2.527421 1.000000
-0.370700 0.305822 2.664708 1.000000
-0.045545 0.287139 2.550912 0.000000
-0.258036 0.326079 2.460331 0.000000
-0.181183 0.179559 2.703983 0.000000
-0.360209 -0.048270 2.602433 0.615385
-0.032332 -0.056796 2.502071 1.000000
-0.162633 -0.052674 2.662156 0.000000
-0.441999 0.038901 2.657453 1.000000
0.031482 0.234031 2.290855 0.861538
-0.408261 -0.249244 2.625901 1.000000
-0.113188 0.359909 2.070886 1.000000
-0.399949 -0.311927 2.608871 0.879808
-0.144163 0.387307 2.020110 0.000000
-0.289862 -0.550873 2.677938 1.000000
-0.086394 -0.547193 2.659348 1.000000
-0.292109 -0.951019 2.752285 1.000000
-0.075882 -0.945178 2.743884 1.000000
-0.338762 -0.978317 2.603951 0.000000
-0.121566 -0.977731 2.596311 0.000000
-0.213941 0.573133 2.517774 1.000000
-0.387658 0.291680 2.663119 1.000000
-0.049246 0.281393 2.596814 0.000000
-0.244928 0.346257 2.485571 0.000000
-0.208035 0.152154 2.703983 0.000000
-0.358434 -0.056913 2.594438 1.000000
-0.023517 -0.062387 2.520615 1.000000
-0.166218 -0.058501 2.669758 0.000000
-0.441944 0.020122 2.649596 1.000000
0.110617 0.134298 2.424534 0.676923
-0.406723 -0.268640 2.616674 1.000000
-0.058023 0.257277 2.219242 1.000000
-0.390474 -0.329525 2.598864 0.846154
-0.100459 0.306780 2.213166 0.492788
-0.290096 -0.557910 2.679856 1.000000
-0.090821 -0.555737 2.667294 1.000000
-0.290476 -0.958231 2.753287 1.000000
-0.076573 -0.955876 2.740336 1.000000
-0.325107 -0.985989 2.601779 0.000000
-0.110604 -0.984732 2.588897 0.000000
-0.214562 0.538920 2.505321 1.000000
-0.384131 0.280958 2.635098 1.000000
-0.039180 0.281486 2.629322 0.000000
-0.214143 0.351266 2.490065 0.000000
-0.210356 0.141809 2.697077 0.000000
-0.355985 -0.064642 2.552049 1.000000
-0.013071 -0.057849 2.555569 1.000000
-0.185694 -0.061932 2.668737 0.000000
-0.440291 0.009286 2.644576 1.000000
0.110476 0.099524 2.482549 0.738462
-0.400980 -0.278966 2.608940 1.000000
-0.056361 0.219192 2.273386 1.000000
-0.387816 -0.342396 2.599369 0.644231
-0.090732 0.242002 2.222528 0.000000
-0.290754 -0.553625 2.687350 1.000000
-0.090225 -0.558724 2.665977 1.000000
-0.288262 -0.955060 2.754378 1.000000
-0.072880 -0.958425 2.740725 1.000000
-0.286488 -0.981049 2.598667 0.000000
-0.070962 -0.987364 2.585537 0.000000
-0.218971 0.530115 2.506418 1.000000
-0.389953 0.286495 2.621480 1.000000
-0.046626 0.271951 2.652135 0.000000
-0.202730 0.355194 2.498590 0.000000
-0.229491 0.137298 2.694922 0.000000
-0.349077 -0.065434 2.545431 1.000000
-0.007468 -0.060645 2.575917 1.000000
-0.188423 -0.067279 2.675082 0.000000
-0.438911 0.013804 2.641960 1.000000
0.112810 0.086528 2.520320 0.984615
-0.403051 -0.275513 2.609471 1.000000
-0.067455 0.176085 2.306943 1.000000
-0.382199 -0.329707 2.579198 0.778846
-0.104764 0.192181 2.255589 0.000000
-0.292938 -0.554043 2.687003 1.000000
-0.089580 -0.563356 2.667257 1.000000
-0.284232 -0.955162 2.755389 1.000000
-0.075430 -0.963666 2.739374 1.000000
-0.271608 -0.981344 2.600213 0.000000
-0.061506 -0.991071 2.584521 0.000000
-0.222136 0.522053 2.504343 1.000000
-0.392542 0.289257 2.633910 1.000000
-0.049112 0.319583 2.621212 1.000000
-0.231727 0.367071 2.482394 0.000000
-0.206229 0.168929 2.698796 0.000000
-0.357705 -0.055576 2.564237 0.923077
-0.015451 -0.037697 2.550403 1.000000
-0.181649 -0.052255 2.672013 0.000000
-0.440489 0.018140 2.637609 1.000000
0.084292 0.082127 2.661649 1.000000
-0.403694 -0.267819 2.600135 1.000000
-0.012787 0.051808 2.389276 0.701923
-0.392011 -0.332121 2.596017 0.644231
-0.043357 0.096264 2.352165 0.509615
-0.289785 -0.544496 2.679384 1.000000
-0.088531 -0.541428 2.664038 1.000000
-0.282667 -0.944132 2.756130 1.000000
-0.075508 -0.941506 2.737640 1.000000
-0.287983 -0.973980 2.601194 0.000000
-0.079950 -0.970200 2.582458 0.000000
-0.219731 0.546982 2.490428 1.000000
-0.389638 0.293257 2.631530 1.000000
-0.045769 0.320439 2.625185 1.000000
-0.225424 0.370701 2.483510 0.000000
-0.205641 0.170687 2.698787 0.000000
-0.361391 -0.053146 2.561897 1.000000
-0.019057 -0.032902 2.555059 1.000000
-0.187485 -0.050611 2.673131 0.000000
-0.437870 0.025665 2.638448 1.000000
0.066911 0.080180 2.684838 1.000000
-0.403513 -0.256276 2.595895 1.000000
-0.004322 -0.006659 2.420515 1.000000
-0.396809 -0.321127 2.602024 0.644231
-0.019186 -0.029936 2.361139 0.000000
-0.286844 -0.541592 2.678810 1.000000
-0.088106 -0.537841 2.662302 1.000000
-0.284712 -0.940574 2.759173 1.000000
-0.073510 -0.938043 2.734926 1.000000
-0.285762 -0.971752 2.604410 0.000000
-0.074620 -0.966271 2.579599 0.000000
-0.219869 0.547618 2.489201 1.000000
-0.386111 0.292618 2.632704 1.000000
-0.042827 0.325786 2.623701 1.000000
-0.224161 0.369856 2.482105 0.000000
-0.199563 0.174784 2.701382 0.000000
-0.364498 -0.056856 2.564821 0.923077
-0.022991 -0.026595 2.554518 0.480769
-0.189514 -0.050478 2.674194 0.000000
-0.436756 0.026944 2.634613 1.000000
0.048546 0.080548 2.691970 1.000000
-0.402025 -0.254877 2.604136 1.000000
-0.000987 -0.080435 2.461342 1.000000
-0.394088 -0.319865 2.602805 0.778846
-0.011157 -0.119645 2.409889 0.000000
-0.284612 -0.542855 2.677628 1.000000
-0.085023 -0.534954 2.658082 1.000000
-0.284675 -0.941313 2.760575 1.000000
-0.075084 -0.934056 2.737253 1.000000
-0.285817 -0.973487 2.606017 0.000000
-0.076483 -0.964808 2.582409 0.000000
-0.218644 0.549039 2.487105 1.000000
-0.383533 0.284851 2.628732 1.000000
-0.040927 0.325312 2.625743 1.000000
-0.220756 0.366495 2.481385 0.000000
-0.195706 0.170521 2.699805 0.000000
-0.359123 -0.057525 2.552415 1.000000
-0.017515 -0.029115 2.564504 1.000000
-0.191628 -0.052277 2.672998 0.000000
-0.438877 0.019205 2.638365 1.000000
0.050005 0.079453 2.696510 1.000000
-0.396352 -0.262364 2.605098 1.000000
0.029926 -0.150354 2.526269 1.000000
-0.387988 -0.327312 2.604851 0.913462
0.022145 -0.202112 2.486915 0.324519
-0.287351 -0.541527 2.678838 1.000000
-0.085677 -0.537801 2.659923 1.000000
-0.282562 -0.940916 2.757034 1.000000
-0.075159 -0.937491 2.735990 1.000000
-0.274175 -0.971110 2.602300 0.000000
-0.066829 -0.966755 2.581074 0.000000
-0.216054 0.549743 2.493037 1.000000
-0.381314 0.288937 2.629171 1.000000
-0.037603 0.318645 2.626826 1.000000
-0.215848 0.366237 2.482474 0.000000
-0.197265 0.168384 2.699845 0.000000
-0.361907 -0.055280 2.554008 0.884615
-0.019812 -0.031877 2.562543 1.000000
-0.193095 -0.052683 2.672828 0.000000
-0.434814 0.020908 2.640618 1.000000
0.042438 0.062448 2.679642 1.000000
-0.399612 -0.262661 2.598394 1.000000
0.026837 -0.204233 2.569772 1.000000
-0.391864 -0.326934 2.608251 0.947115
0.007568 -0.263950 2.588502 0.509615
-0.287137 -0.541023 2.680076 1.000000
-0.086521 -0.538658 2.660047 1.000000
-0.286307 -0.941757 2.751218 1.000000
-0.071155 -0.938176 2.736194 1.000000
-0.279671 -0.969315 2.595909 0.000000
-0.065024 -0.967484 2.581184 0.000000
-0.215854 0.553573 2.501659 1.000000
-0.380574 0.283955 2.633496 1.000000
-0.036907 0.309834 2.617735 1.000000
-0.220038 0.358171 2.479893 0.000000
-0.195255 0.161975 2.698144 0.000000
-0.360823 -0.058105 2.565184 0.750000
-0.018631 -0.042004 2.548023 1.000000
-0.183666 -0.056734 2.671185 0.000000
-0.431779 0.013450 2.641280 1.000000
0.037817 0.048398 2.661590 1.000000
-0.395384 -0.272597 2.603520 1.000000
0.023631 -0.233038 2.589715 1.000000
-0.387853 -0.337278 2.610438 0.677885
0.010282 -0.292263 2.565171 0.846154
-0.284267 -0.547728 2.680927 1.000000
-0.085855 -0.544751 2.662020 1.000000
-0.285165 -0.948010 2.754563 1.000000
-0.071415 -0.944439 2.737451 1.000000
-0.291012 -0.976541 2.599398 0.000000
-0.077520 -0.973908 2.582471 0.000000
-0.213163 0.547384 2.499930 1.000000
-0.381710 0.298042 2.658146 1.000000
-0.040408 0.302400 2.607958 1.000000
-0.232948 0.364288 2.489755 0.000000
-0.199077 0.163636 2.702670 0.000000
-0.367356 -0.052899 2.573531 0.442308
-0.026348 -0.039962 2.538960 0.653846
-0.185069 -0.051834 2.670448 0.000000
-0.430601 0.025137 2.646247 1.000000
0.030733 0.037161 2.647915 1.000000
-0.397950 -0.262487 2.600791 1.000000
0.021879 -0.253786 2.614285 1.000000
-0.398697 -0.325837 2.617357 0.677885
0.004143 -0.314304 2.596646 0.846154
-0.285733 -0.545328 2.680047 1.000000
-0.081897 -0.540728 2.658818 1.000000
-0.287621 -0.945775 2.752766 1.000000
-0.073256 -0.939082 2.741817 1.000000
-0.301623 -0.973808 2.598032 0.000000
-0.086807 -0.971447 2.587891 0.000000
-0.211841 0.552425 2.510540 1.000000
-0.380510 0.288544 2.654934 1.000000
-0.038512 0.301152 2.611309 1.000000
-0.230080 0.363216 2.491629 0.000000
-0.196073 0.156278 2.698415 0.000000
-0.368570 -0.048221 2.584235 0.125000
-0.029785 -0.042974 2.530885 0.759615
-0.181218 -0.054390 2.670743 0.000000
-0.427841 0.015214 2.640802 1.000000
0.027668 0.033057 2.641218 1.000000
-0.403399 -0.275297 2.608842 1.000000
0.016814 -0.259398 2.622051 1.000000
-0.392543 -0.338711 2.621055 0.509615
0.002406 -0.322957 2.628453 0.644231
-0.283175 -0.544583 2.678461 1.000000
-0.085521 -0.539846 2.659388 1.000000
-0.286094 -0.943882 2.757205 1.000000
-0.072591 -0.938672 2.739509 1.000000
-0.309344 -0.973931 2.603970 0.000000
-0.095764 -0.970152 2.586550 0.000000
-0.211132 0.544056 2.507381 1.000000
-0.381557 0.292287 2.654680 1.000000
-0.039798 0.301610 2.608427 1.000000
-0.231847 0.360607 2.487968 0.000000
-0.197504 0.160593 2.701406 0.000000
-0.368822 -0.052823 2.582216 0.413462
-0.029723 -0.040573 2.532107 0.721154
-0.182241 -0.054216 2.670579 0.000000
-0.431389 0.018914 2.644345 1.000000
0.025030 0.032513 2.635012 1.000000
-0.399960 -0.270788 2.608365 1.000000
0.017825 -0.260800 2.623830 1.000000
-0.396264 -0.334402 2.623462 0.644231
0.002858 -0.323971 2.615245 0.543269
-0.286386 -0.546825 2.677800 1.000000
-0.084614 -0.539866 2.659510 1.000000
-0.287487 -0.945150 2.761375 1.000000
-0.071873 -0.939616 2.734921 1.000000
-0.308722 -0.977218 2.608256 0.000000
-0.092848 -0.969268 2.581280 0.000000
-0.209200 0.551355 2.512669 1.000000
