-0.388968 0.365030 2.778309 1.000000
0.018404 0.368187 2.660776 1.000000
-0.214668 0.453421 2.620023 0.000000
-0.165847 0.233456 2.783330 0.000000
-0.368520 0.064093 2.691740 0.000000
-0.036913 0.082745 2.598391 0.432692
-0.166640 0.062418 2.771023 0.000000
-0.437779 0.090124 2.696916 1.000000
0.044229 0.080799 2.691256 1.000000
-0.414056 -0.218171 2.627326 1.000000
0.049968 -0.235187 2.701461 1.000000
-0.367090 -0.284676 2.614335 0.644231
0.019457 -0.308949 2.680827 0.778846
-0.302327 -0.519819 2.689777 1.000000
-0.053033 -0.501166 2.696176 1.000000
-0.267719 -0.969260 2.770830 0.981731
-0.098261 -0.897788 2.920698 0.144231
-0.332775 -1.011052 2.566870 0.000000
-0.109281 -1.004152 2.730583 0.000000
-0.177999 0.658734 2.593118 1.000000
-0.383509 0.364537 2.781497 1.000000
0.022885 0.366536 2.660602 1.000000
-0.210209 0.452699 2.621990 0.000000
-0.160826 0.232158 2.784348 0.000000
-0.364590 0.067516 2.688503 0.000000
-0.031034 0.080794 2.601389 0.528846
-0.164265 0.061043 2.771399 0.000000
-0.431132 0.090896 2.699131 1.000000
0.050391 0.079132 2.676630 1.000000
-0.415650 -0.217412 2.632896 1.000000
0.050187 -0.235361 2.696584 1.000000
-0.373227 -0.285440 2.613664 0.762019
0.019668 -0.302271 2.659315 0.762019
-0.302123 -0.517449 2.690518 1.000000
-0.051105 -0.501919 2.694064 1.000000
-0.278436 -0.961843 2.798765 0.897356
-0.097900 -0.899498 2.916561 0.234856
-0.339371 -1.014470 2.596044 0.000000
-0.106220 -1.005197 2.725938 0.000000
-0.173591 0.656016 2.583936 1.000000
-0.381141 0.369499 2.793499 1.000000
0.022502 0.372491 2.663732 1.000000
-0.210928 0.460665 2.632366 0.000000
-0.159150 0.236036 2.788242 0.000000
-0.361959 0.086114 2.700435 0.000000
-0.034962 0.095295 2.590828 0.750000
-0.156657 0.070635 2.768666 0.000000
-0.424244 0.096661 2.708980 1.000000
0.049614 0.085743 2.679601 1.000000
-0.423966 -0.209453 2.635543 1.000000
0.051517 -0.228527 2.672132 1.000000
-0.385275 -0.282204 2.632749 0.745192
0.024289 -0.306348 2.671930 0.762019
-0.300869 -0.499857 2.687768 1.000000
-0.043785 -0.482709 2.683878 1.000000
-0.248201 -0.944569 2.783797 1.000000
-0.108322 -0.933865 2.729240 0.787981
-0.325303 -0.996320 2.586425 0.000000
-0.154895 -0.948577 2.516653 0.000000
-0.174931 0.650048 2.578509 1.000000
-0.377494 0.367581 2.802846 1.000000
0.021671 0.371944 2.659930 1.000000
-0.212695 0.460233 2.637000 0.000000
-0.155746 0.234312 2.789162 0.000000
-0.359422 0.077890 2.701763 0.000000
-0.032351 0.086473 2.592328 0.836538
-0.154244 0.059909 2.769755 0.000000
-0.425609 0.097830 2.713291 1.000000
0.056541 0.086134 2.663308 1.000000
-0.420062 -0.207419 2.639219 1.000000
0.048742 -0.227518 2.669161 1.000000
-0.389300 -0.283886 2.641181 0.913462
0.020681 -0.304926 2.664915 0.862981
-0.297473 -0.507881 2.688922 1.000000
-0.048742 -0.491097 2.689847 1.000000
-0.287607 -0.953473 2.794350 0.844231
-0.153293 -0.936430 2.667237 0.800481
-0.359395 -1.002401 2.594273 0.000000
-0.182894 -0.918546 2.451871 0.000000
-0.173515 0.653412 2.589768 1.000000
-0.374654 0.366518 2.806576 1.000000
0.022534 0.371537 2.658278 1.000000
-0.211997 0.460313 2.639264 0.000000
-0.153300 0.233079 2.788784 0.000000
-0.358700 0.077987 2.704407 0.000000
-0.033804 0.087319 2.588734 0.836538
-0.152225 0.060287 2.768427 0.000000
-0.426237 0.098658 2.713135 0.984615
0.053592 0.085680 2.675908 1.000000
-0.421185 -0.207562 2.642812 1.000000
0.049252 -0.227863 2.660609 1.000000
-0.385667 -0.278588 2.620651 0.846154
0.025440 -0.305771 2.673293 0.795673
-0.294441 -0.507714 2.689962 1.000000
-0.048547 -0.490348 2.687375 1.000000
-0.296562 -0.954059 2.792607 0.841106
-0.206913 -0.919656 2.667922 0.681731
-0.370782 -0.999693 2.592638 0.000000
-0.190537 -0.915843 2.450446 0.000000
-0.168478 0.648279 2.579113 1.000000
-0.374494 0.362397 2.799697 1.000000
0.024955 0.372426 2.657867 1.000000
-0.210447 0.457849 2.634696 0.000000
-0.151045 0.231999 2.786024 0.000000
-0.352152 0.079887 2.711035 0.000000
-0.031182 0.087198 2.584741 0.951923
-0.144132 0.054646 2.767023 0.000000
-0.418701 0.092057 2.709361 1.000000
0.059713 0.086553 2.670408 1.000000
-0.413306 -0.214123 2.638407 1.000000
0.055166 -0.227349 2.659306 1.000000
-0.375479 -0.285809 2.623323 0.879808
0.028454 -0.305312 2.661684 0.509615
-0.289531 -0.505106 2.690408 1.000000
-0.025849 -0.483587 2.680351 1.000000
-0.238966 -0.950837 2.782771 0.953606
-0.157504 -0.921957 2.696568 1.000000
-0.323855 -1.000796 2.588152 0.000000
-0.163644 -0.928175 2.478618 0.000000
-0.168674 0.653974 2.585487 1.000000
-0.369908 0.363537 2.797679 1.000000
0.030429 0.369093 2.658127 1.000000
-0.204115 0.456265 2.632870 0.000000
-0.147476 0.231188 2.786393 0.000000
-0.357058 0.076620 2.690330 0.000000
-0.025446 0.082221 2.595316 0.903846
-0.155374 0.052736 2.766469 0.000000
-0.419073 0.093440 2.708457 1.000000
0.058419 0.081939 2.658935 1.000000
-0.415668 -0.213094 2.637800 1.000000
0.051250 -0.232399 2.657955 1.000000
-0.375010 -0.280753 2.613998 0.778846
0.021898 -0.309437 2.656931 0.930288
-0.290728 -0.508456 2.688205 1.000000
-0.048091 -0.494529 2.683231 1.000000
-0.287515 -0.955351 2.788397 0.866106
-0.065922 -0.952153 2.678146 0.278606
-0.349138 -1.001547 2.584321 0.000000
-0.120772 -0.947671 2.467078 0.000000
-0.170221 0.653959 2.585828 1.000000
-0.373846 0.364337 2.795810 1.000000
0.028372 0.370019 2.661780 1.000000
-0.206122 0.456018 2.632375 0.000000
-0.150785 0.232742 2.788972 0.000000
-0.355781 0.075020 2.692715 0.000000
-0.025983 0.085416 2.591969 0.923077
-0.152454 0.055086 2.765546 0.000000
-0.419184 0.092415 2.710702 1.000000
0.059087 0.083284 2.658984 1.000000
-0.416653 -0.211431 2.629886 1.000000
0.057535 -0.230974 2.662610 1.000000
-0.377652 -0.283228 2.618867 0.913462
0.021588 -0.303567 2.647261 0.997596
-0.286614 -0.509306 2.686979 1.000000
-0.049611 -0.493632 2.682697 1.000000
-0.297177 -0.957916 2.778636 0.753606
-0.069050 -0.950975 2.697649 0.322356
-0.361179 -0.998211 2.574042 0.000000
-0.126369 -0.955418 2.487236 0.000000
-0.168828 0.652675 2.585038 1.000000
-0.377425 0.373776 2.791914 1.000000
0.026952 0.359198 2.665255 1.000000
-0.201810 0.458619 2.633141 0.000000
-0.161920 0.230069 2.786799 0.000000
-0.365942 0.069814 2.688019 0.000000
-0.034395 0.090771 2.594947 0.490385
-0.163829 0.056682 2.765618 0.000000
-0.432719 0.103213 2.708146 1.000000
0.045340 0.074545 2.708392 1.000000
-0.418853 -0.201841 2.632947 1.000000
0.061361 -0.234779 2.654492 1.000000
-0.381262 -0.273598 2.617607 1.000000
0.070411 -0.283607 2.588680 0.795673
-0.284623 -0.511911 2.683593 1.000000
-0.046700 -0.491454 2.677160 1.000000
-0.303527 -0.959273 2.779894 0.959856
-0.063296 -0.947835 2.711882 0.234856
-0.361157 -1.001215 2.573744 0.000000
-0.113013 -0.962148 2.499982 0.000000
-0.166254 0.652452 2.590827 1.000000
-0.377562 0.371663 2.780961 1.000000
0.033058 0.358974 2.676051 1.000000
-0.193455 0.459863 2.634082 0.000000
-0.162347 0.227463 2.783948 0.000000
-0.361686 0.070438 2.679949 0.000000
-0.025630 0.088091 2.603924 0.471154
-0.163934 0.055059 2.767707 0.000000
-0.429646 0.102479 2.695230 1.000000
0.056632 0.081916 2.747903 1.000000
-0.429659 -0.205025 2.636510 1.000000
0.122442 -0.160737 2.561503 1.000000
-0.385925 -0.274162 2.626270 0.913462
0.139779 -0.224269 2.511899 0.000000
-0.289847 -0.512092 2.676109 1.000000
-0.049740 -0.496076 2.674364 1.000000
-0.331154 -0.956368 2.779434 0.525481
-0.064129 -0.952633 2.707724 0.331731
-0.378216 -1.000454 2.571060 0.000000
-0.105028 -0.966964 2.493948 0.000000
-0.165095 0.647529 2.586641 1.000000
-0.377607 0.378633 2.782038 1.000000
0.033922 0.356076 2.682481 1.000000
-0.188700 0.465238 2.640398 0.000000
-0.167049 0.227695 2.783719 0.000000
-0.361984 0.066708 2.671562 0.365385
-0.024056 0.094927 2.608054 0.663462
-0.167323 0.059189 2.766928 0.000000
-0.436959 0.121768 2.675866 1.000000
0.051806 0.081456 2.753225 1.000000
-0.431434 -0.185077 2.634070 1.000000
0.184786 0.001551 2.485228 1.000000
-0.398596 -0.259370 2.619941 1.000000
0.220169 -0.020198 2.414007 0.000000
-0.291482 -0.512870 2.666558 1.000000
-0.050722 -0.494617 2.671133 1.000000
-0.317011 -0.959694 2.763825 0.769231
-0.063736 -0.951472 2.700769 0.316106
-0.358199 -1.003006 2.554049 0.000000
-0.096749 -0.964492 2.485550 0.000000
-0.157611 0.642435 2.582491 1.000000
-0.384271 0.378694 2.758368 1.000000
0.032196 0.352532 2.683221 1.000000
-0.187996 0.457746 2.622446 0.000000
-0.173789 0.229301 2.780711 0.000000
-0.358480 0.071130 2.657153 0.221154
-0.017446 0.088454 2.607955 0.807692
-0.168370 0.058163 2.760756 0.000000
-0.429642 0.113927 2.677239 1.000000
0.069496 0.081023 2.743296 1.000000
-0.432901 -0.187165 2.623855 1.000000
0.218157 0.211409 2.510085 1.000000
-0.412320 -0.258117 2.587254 1.000000
0.191117 0.249079 2.441915 0.442308
-0.294233 -0.511920 2.653973 1.000000
-0.050393 -0.500097 2.655321 1.000000
-0.311326 -0.959015 2.751840 0.803606
-0.066646 -0.957075 2.681221 0.378606
-0.345415 -1.003840 2.541110 0.000000
-0.091319 -0.968464 2.464796 0.000000
-0.164865 0.647347 2.580750 1.000000
-0.383693 0.368680 2.754625 1.000000
0.029758 0.348381 2.662854 1.000000
-0.195272 0.445781 2.606974 0.000000
-0.168909 0.225184 2.774542 0.000000
-0.360718 0.062413 2.659084 0.240385
-0.022585 0.085901 2.594746 0.778846
-0.165945 0.052067 2.753954 0.000000
-0.430929 0.103676 2.681984 1.000000
0.100841 0.079697 2.684555 1.000000
-0.431328 -0.195625 2.629640 1.000000
0.191165 0.306329 2.503511 1.000000
-0.419089 -0.255468 2.574265 1.000000
0.147485 0.332210 2.438552 0.862981
-0.298029 -0.517911 2.656189 1.000000
-0.050325 -0.504673 2.637977 1.000000
-0.332344 -0.965049 2.749216 0.319231
-0.082192 -0.960111 2.674374 0.262981
-0.374189 -1.005571 2.539013 0.000000
-0.111928 -0.975257 2.458817 0.000000
-0.172683 0.656518 2.579602 1.000000
-0.364538 0.357987 2.739031 1.000000
0.046753 0.355072 2.636042 0.000000
-0.184988 0.435836 2.581078 0.000000
-0.141318 0.228392 2.761346 0.000000
-0.352480 0.062097 2.656846 0.259615
-0.017373 0.070089 2.575211 1.000000
-0.153727 0.045524 2.742089 0.000000
-0.437065 0.087899 2.717104 1.000000
0.121863 0.093447 2.568345 1.000000
-0.425894 -0.202789 2.623142 1.000000
0.149650 0.359932 2.421212 1.000000
-0.425491 -0.268741 2.573668 0.862981
0.096221 0.393847 2.368369 1.000000
-0.300374 -0.521658 2.665600 1.000000
-0.057955 -0.517202 2.628215 1.000000
-0.315707 -0.970764 2.754099 0.581731
-0.084826 -0.970969 2.684232 0.578606
-0.369548 -1.009860 2.546370 0.000000
-0.127852 -0.994656 2.471708 0.000000
-0.189932 0.666799 2.587771 1.000000
-0.343508 0.355274 2.730275 1.000000
0.045270 0.358484 2.561107 0.086538
-0.196852 0.422164 2.537231 0.000000
-0.111996 0.238998 2.728770 0.000000
-0.332427 0.062727 2.665476 0.125000
-0.012946 0.065692 2.535293 1.000000
-0.123370 0.046772 2.721014 0.000000
-0.442083 0.089910 2.754774 0.969231
0.087540 0.225240 2.313757 1.000000
-0.425130 -0.200471 2.648587 1.000000
0.003319 0.484783 2.167423 1.000000
-0.432463 -0.252983 2.585452 0.862981
-0.056802 0.488448 2.111125 1.000000
-0.308202 -0.518476 2.679087 1.000000
-0.079294 -0.519694 2.634224 1.000000
-0.331731 -0.970690 2.747737 0.406731
-0.078855 -0.974012 2.692179 0.350481
-0.416300 -0.996560 2.548345 0.000000
-0.159430 -0.999738 2.491121 0.000000
-0.236973 0.668558 2.593171 1.000000
-0.343387 0.397739 2.753237 0.000000
0.009751 0.386065 2.518858 0.000000
-0.231462 0.455256 2.535492 0.000000
-0.118132 0.275536 2.715198 0.000000
-0.331329 0.101405 2.672757 0.538462
-0.033284 0.095889 2.499081 1.000000
-0.116649 0.085081 2.699025 0.000000
-0.434413 0.128153 2.783149 0.615385
-0.013091 0.344775 2.236689 1.000000
-0.419962 -0.171995 2.699973 1.000000
-0.142458 0.490955 1.993586 1.000000
-0.439813 -0.232438 2.647533 1.000000
-0.198283 0.513943 1.937439 1.000000
-0.308491 -0.484295 2.676606 1.000000
-0.073745 -0.482633 2.630303 1.000000
-0.300554 -0.938935 2.731409 0.828606
-0.100063 -0.936010 2.689633 0.819231
-0.415488 -0.963098 2.547602 0.000000
-0.205626 -0.954741 2.499676 0.000000
-0.237579 0.702105 2.605874 0.225962
-0.423868 0.315613 2.711833 0.000000
-0.085349 0.328674 2.477662 1.000000
-0.326004 0.345996 2.482166 0.000000
-0.176862 0.240054 2.691856 0.000000
-0.342729 0.031532 2.681620 0.000000
-0.061428 0.053993 2.483151 1.000000
-0.127621 0.058133 2.689659 0.000000
-0.407769 0.052818 2.832871 0.569231
-0.097998 0.397586 2.196499 1.000000
-0.419273 -0.238389 2.711245 1.000000
-0.238458 0.488942 1.928840 1.000000
-0.473320 -0.288305 2.674033 0.492788
-0.276962 0.501418 1.857012 1.000000
-0.325243 -0.540937 2.697035 1.000000
-0.068046 -0.532289 2.637622 1.000000
-0.266492 -0.993476 2.736029 0.647356
-0.083281 -0.987282 2.687762 0.497356
-0.412517 -1.026110 2.577315 0.000000
-0.209118 -1.002629 2.510257 0.000000
-0.327593 0.641538 2.606194 0.000000
-0.341439 0.221650 2.794847 0.000000
-0.143559 0.289031 2.432889 0.903846
-0.359901 0.277611 2.550357 0.000000
-0.125083 0.176051 2.659824 0.288462
-0.272560 -0.050547 2.745353 0.548077
-0.090709 -0.062683 2.452423 1.000000
-0.071269 -0.033283 2.666436 0.461538
-0.305031 -0.035099 2.923524 0.000000
-0.162371 0.402172 2.167689 1.000000
-0.276058 -0.321346 2.794099 0.000000
-0.312143 0.490293 1.905097 1.000000
-0.275317 -0.402984 2.782604 0.000000
-0.355442 0.499987 1.835608 1.000000
-0.346148 -0.618396 2.718968 1.000000
-0.069094 -0.634625 2.659432 1.000000
0.025013 -0.768654 2.496647 0.841106
-0.075643 -1.091688 2.687981 0.772356
-0.045384 -0.974009 2.517913 0.000000
-0.270478 -1.095018 2.589967 0.000000
-0.307552 0.583159 2.567557 0.000000
-0.347529 0.247642 2.785710 0.000000
-0.156591 0.299709 2.419284 0.990385
-0.370439 0.288996 2.538702 0.000000
-0.131491 0.200642 2.650659 0.533654
-0.280614 -0.004989 2.719506 0.326923
-0.094237 -0.061688 2.434771 1.000000
-0.077217 -0.008064 2.644243 0.923077
-0.300384 -0.000560 2.927047 0.000000
-0.180151 0.406644 2.152417 1.000000
-0.263188 -0.295966 2.822740 0.000000
-0.343195 0.486736 1.895857 1.000000
-0.259506 -0.378163 2.817499 0.000000
-0.386665 0.494167 1.826197 1.000000
-0.317135 -0.598170 2.688815 1.000000
-0.073711 -0.619216 2.645006 1.000000
0.065051 -0.720787 2.468218 0.453606
-0.070760 -1.074888 2.691029 0.462981
0.006682 -0.930394 2.483600 0.000000
-0.255821 -1.087676 2.576279 0.000000
-0.313832 0.608575 2.567122 0.000000
-0.335191 0.248236 2.779380 0.000000
-0.161360 0.295517 2.405031 1.000000
-0.369331 0.282556 2.532591 0.000000
-0.123712 0.203288 2.636634 0.403846
-0.277056 -0.014228 2.723668 0.461538
-0.105330 -0.056339 2.427422 1.000000
-0.077627 -0.014290 2.638392 0.519231
-0.274071 0.004741 2.923525 0.000000
-0.193368 0.408990 2.142244 1.000000
-0.231547 -0.294739 2.833907 0.000000
-0.361918 0.484329 1.888398 1.000000
-0.225166 -0.376917 2.832082 0.000000
-0.409166 0.489095 1.821001 1.000000
-0.318846 -0.603226 2.698828 1.000000
-0.075986 -0.617368 2.642468 1.000000
0.060302 -0.706494 2.463569 0.262981
-0.072129 -1.071936 2.698305 0.312981
0.012862 -0.918741 2.480282 0.000000
-0.261718 -1.086670 2.591453 0.000000
-0.312880 0.610454 2.564029 0.000000
-0.322086 0.270879 2.781116 0.000000
-0.169373 0.299767 2.396386 1.000000
-0.369436 0.300386 2.535891 0.000000
-0.122003 0.211906 2.627462 0.461538
-0.270063 0.006198 2.724778 0.461538
-0.119818 -0.046816 2.418770 1.000000
-0.077105 0.001601 2.625833 0.750000
-0.261826 0.027895 2.926480 0.000000
-0.206110 0.404394 2.131187 1.000000
-0.235726 -0.278436 2.855710 0.000000
-0.370346 0.478482 1.874927 1.000000
-0.232172 -0.360774 2.857974 0.000000
-0.420296 0.478200 1.809335 1.000000
-0.331296 -0.582427 2.692361 1.000000
-0.089666 -0.605140 2.638452 1.000000
0.045551 -0.710598 2.465816 0.500481
-0.057803 -1.056861 2.706988 0.672356
-0.015236 -0.919390 2.482826 0.000000
-0.254317 -1.084460 2.616439 0.000000
-0.304200 0.624371 2.556189 0.000000
-0.309654 0.276455 2.787254 0.000000
-0.169800 0.300631 2.397214 1.000000
-0.364386 0.310207 2.544122 0.000000
-0.118553 0.208704 2.625977 0.533654
-0.259935 0.003098 2.736440 0.144231
-0.127263 -0.039353 2.420811 1.000000
-0.072449 -0.003523 2.627585 0.778846
-0.255184 0.029184 2.927587 0.000000
-0.207804 0.403309 2.131796 1.000000
-0.244754 -0.279216 2.861950 0.000000
-0.370322 0.474319 1.874022 1.000000
-0.244451 -0.361610 2.864877 0.000000
-0.414494 0.474473 1.804408 1.000000
-0.322726 -0.585866 2.696287 1.000000
-0.085246 -0.600297 2.638901 1.000000
0.046405 -0.733166 2.468672 0.912981
-0.055850 -1.051242 2.713385 0.772356
-0.020827 -0.939240 2.492999 0.000000
-0.257067 -1.077570 2.633402 0.000000
-0.292143 0.634794 2.555545 0.480769
-0.305330 0.274926 2.787120 0.000000
-0.165996 0.302928 2.395968 1.000000
-0.359590 0.317590 2.545286 0.000000
-0.118372 0.202638 2.622983 0.461538
-0.259722 0.001239 2.737084 0.144231
-0.131559 -0.034188 2.418738 1.000000
-0.073738 -0.004162 2.625618 0.649038
-0.260591 0.021329 2.919368 0.000000
-0.198513 0.401501 2.128599 1.000000
-0.262482 -0.287117 2.853145 0.000000
-0.363590 0.476044 1.873869 1.000000
-0.265193 -0.369495 2.855137 0.000000
-0.413506 0.472365 1.808354 1.000000
-0.324960 -0.585993 2.694577 1.000000
-0.093374 -0.596990 2.640480 1.000000
0.050335 -0.713736 2.465231 0.550481
-0.052086 -1.046665 2.716974 0.581731
-0.008508 -0.922804 2.485390 0.000000
-0.255804 -1.077547 2.645391 0.000000
-0.280479 0.636987 2.559088 0.274038
-0.305789 0.288918 2.783629 0.000000
-0.144118 0.310548 2.399819 0.817308
-0.343663 0.339302 2.540164 0.000000
-0.117197 0.203463 2.627903 0.403846
-0.282498 0.022180 2.728768 0.115385
-0.140400 -0.030848 2.418896 1.000000
-0.091908 0.013486 2.625601 0.000000
-0.287485 0.029931 2.911666 0.000000
-0.166498 0.398898 2.128299 1.000000
-0.308716 -0.278883 2.850748 0.000000
-0.329127 0.484082 1.875875 1.000000
-0.317264 -0.360857 2.852901 0.000000
-0.385095 0.483734 1.815337 1.000000
-0.330870 -0.571602 2.694563 1.000000
-0.087898 -0.586406 2.635797 1.000000
0.040265 -0.732653 2.479889 1.000000
-0.046744 -1.033775 2.724854 0.966106
-0.031710 -0.936572 2.508439 0.000000
-0.244751 -1.068815 2.640331 0.000000
-0.273152 0.643562 2.561529 0.134615
-0.327821 0.309455 2.757041 0.000000
-0.106932 0.307385 2.401445 0.894231
-0.322370 0.359121 2.510563 0.000000
-0.127570 0.202195 2.632482 0.000000
-0.292580 0.045329 2.711824 0.000000
-0.111447 -0.034984 2.429397 1.000000
-0.090166 0.020053 2.638111 0.735577
-0.355465 0.051705 2.885897 0.000000
-0.124676 0.380530 2.125346 1.000000
-0.398690 -0.255775 2.830078 0.000000
-0.288010 0.495377 1.885774 1.000000
-0.415492 -0.336462 2.832245 0.000000
-0.361295 0.502386 1.848658 1.000000
-0.339292 -0.555907 2.685397 1.000000
-0.085676 -0.583308 2.636615 1.000000
0.015212 -0.775383 2.495869 1.000000
-0.043341 -1.031585 2.720398 0.928606
-0.084896 -0.966219 2.529612 0.000000
-0.230026 -1.069101 2.614003 0.000000
-0.264065 0.648378 2.562082 0.000000
-0.359936 0.351493 2.736221 0.000000
-0.081038 0.341959 2.421806 0.326923
-0.316914 0.379849 2.490064 0.000000
-0.132489 0.255689 2.657422 0.000000
-0.323664 0.039149 2.709395 0.000000
-0.096691 0.038637 2.449572 1.000000
-0.111476 0.049608 2.665685 0.000000
-0.384532 0.103933 2.884248 0.000000
-0.051966 0.320464 2.138139 1.000000
-0.389998 -0.210662 2.861267 0.000000
-0.228595 0.486242 1.942083 1.000000
-0.399263 -0.292091 2.870263 0.000000
-0.305335 0.476350 1.913613 1.000000
-0.343809 -0.540101 2.692033 1.000000
-0.093088 -0.541439 2.621096 1.000000
-0.011073 -0.808513 2.527699 1.000000
-0.052845 -0.987690 2.715987 1.000000
-0.129757 -0.985089 2.575799 0.000000
-0.215680 -1.031777 2.577713 0.000000
-0.296966 0.658059 2.564278 0.000000
-0.361610 0.334597 2.738283 1.000000
-0.010840 0.358488 2.501290 0.000000
-0.256194 0.409445 2.522568 0.000000
-0.128608 0.230608 2.693378 0.000000
-0.334324 0.048731 2.684920 0.000000
-0.049664 0.047702 2.490003 1.000000
-0.117814 0.041783 2.695829 0.000000
-0.425840 0.058192 2.697294 0.861538
0.041181 0.177362 2.288819 1.000000
-0.457958 -0.252610 2.698038 1.000000
-0.089867 0.347810 2.066187 1.000000
-0.482104 -0.330987 2.689590 0.021635
-0.147610 0.374776 2.013881 0.223558
-0.348571 -0.528894 2.692402 1.000000
-0.097054 -0.535768 2.626251 1.000000
-0.035840 -0.815858 2.520312 1.000000
-0.057945 -0.984406 2.709667 0.641106
-0.159808 -0.985715 2.578272 0.000000
-0.179241 -1.027711 2.533626 0.000000
-0.287355 0.665182 2.562001 1.000000
-0.381936 0.326855 2.797244 1.000000
-0.049002 0.396108 2.543996 1.000000
-0.294678 0.430471 2.585354 0.000000
-0.147471 0.241716 2.727264 0.000000
-0.330007 0.058100 2.714313 0.000000
-0.058301 0.068310 2.501954 1.000000
-0.113455 0.046479 2.710581 0.000000
-0.460742 0.054466 2.754428 0.692308
0.050309 0.139249 2.472268 0.000000
-0.442938 -0.238969 2.648365 1.000000
0.029643 0.170665 2.164428 1.000000
-0.453010 -0.320637 2.643231 0.223558
-0.013327 0.193482 2.097867 0.711538
-0.338098 -0.520097 2.690468 1.000000
-0.093395 -0.517018 2.629122 1.000000
-0.050872 -0.837882 2.528363 1.000000
-0.067474 -0.967050 2.710136 0.662981
-0.198327 -0.992875 2.570936 0.000000
-0.199072 -1.005184 2.540412 0.000000
-0.269448 0.668504 2.568112 1.000000
-0.406145 0.318276 2.829536 1.000000
-0.080555 0.414393 2.575512 1.000000
-0.327367 0.433012 2.620067 0.028846
-0.167855 0.249169 2.754956 0.000000
-0.353957 0.051918 2.723964 0.000000
-0.085672 0.086548 2.509840 1.000000
-0.137179 0.056406 2.718364 0.000000
-0.455972 0.053389 2.735640 1.000000
0.038215 0.158152 2.549324 1.000000
-0.443307 -0.238470 2.628832 1.000000
0.100661 0.007868 2.286527 0.903846
-0.459606 -0.317355 2.611254 0.173077
0.054888 0.014711 2.218297 1.000000
-0.328585 -0.523533 2.688754 1.000000
-0.081215 -0.500373 2.641099 1.000000
-0.043015 -0.847090 2.535376 1.000000
-0.072556 -0.952636 2.712844 1.000000
-0.198847 -0.997341 2.562198 0.000000
-0.203077 -0.982452 2.540641 0.000000
-0.247771 0.656385 2.545687 1.000000
-0.419610 0.325116 2.837742 1.000000
-0.078363 0.414441 2.602482 1.000000
-0.326032 0.442491 2.635964 0.000000
-0.181127 0.247916 2.772274 0.000000
-0.369148 0.054214 2.725640 0.000000
-0.089770 0.100025 2.528475 1.000000
-0.152633 0.064732 2.733039 0.000000
-0.450981 0.061217 2.719952 1.000000
0.032300 0.148403 2.629425 1.000000
-0.434969 -0.238467 2.618512 1.000000
0.096674 -0.142367 2.525636 1.000000
-0.445308 -0.317077 2.595907 0.122596
0.093401 -0.180155 2.452433 0.997596
-0.325214 -0.519409 2.685179 1.000000
-0.065806 -0.483290 2.665942 1.000000
-0.060086 -0.820618 2.464398 1.000000
-0.089425 -0.937564 2.719243 0.359856
-0.200937 -0.980009 2.512711 0.000000
-0.202515 -0.953489 2.533405 0.000000
-0.226687 0.642151 2.542915 1.000000
-0.417635 0.332635 2.841489 1.000000
-0.060489 0.404919 2.624700 1.000000
-0.305818 0.453412 2.651337 0.000000
-0.184535 0.238157 2.779371 0.000000
-0.369561 0.050121 2.730420 0.000000
-0.085784 0.129095 2.550814 1.000000
-0.153611 0.063066 2.745964 0.000000
-0.445632 0.073244 2.704894 1.000000
0.036361 0.129269 2.652011 1.000000
-0.422597 -0.235144 2.619068 1.000000
0.058446 -0.188718 2.626280 1.000000
-0.400614 -0.299730 2.572778 0.408654
0.054529 -0.248731 2.569884 1.000000
-0.307847 -0.508150 2.695677 1.000000
-0.040844 -0.450897 2.680048 1.000000
-0.131910 -0.834767 2.427103 1.000000
-0.133346 -0.895227 2.741514 0.944231
-0.278863 -0.976722 2.503471 0.000000
-0.200203 -0.909958 2.534411 0.000000
-0.203746 0.630843 2.551265 1.000000
-0.420287 0.330767 2.833166 1.000000
-0.054669 0.404613 2.631558 1.000000
-0.301722 0.449443 2.645799 0.019231
-0.183058 0.239020 2.783922 0.000000
-0.369339 0.053949 2.735045 0.000000
-0.076071 0.112660 2.563081 1.000000
-0.153750 0.058846 2.758309 0.000000
-0.439988 0.071527 2.692137 1.000000
0.038472 0.126523 2.662714 1.000000
-0.418821 -0.239567 2.610466 1.000000
0.053790 -0.194324 2.673798 1.000000
-0.381677 -0.300651 2.569399 0.358173
0.030874 -0.265582 2.639235 1.000000
-0.298971 -0.515291 2.688267 1.000000
-0.044307 -0.466631 2.690229 1.000000
-0.277854 -0.972799 2.690451 0.669231
-0.151511 -0.906691 2.758188 0.769231
-0.389492 -0.978846 2.503157 0.000000
-0.202976 -0.926741 2.547172 0.000000
-0.190636 0.632476 2.554294 1.000000
-0.409098 0.331842 2.837013 0.817308
-0.036846 0.407569 2.648679 1.000000
-0.282007 0.461737 2.663165 0.000000
-0.175062 0.234611 2.783223 0.000000
-0.360725 0.057491 2.733196 0.000000
-0.057633 0.107284 2.576095 1.000000
-0.146612 0.058600 2.767815 0.000000
-0.429050 0.076886 2.688193 1.000000
0.045049 0.125418 2.678089 1.000000
-0.403857 -0.235593 2.612713 1.000000
0.067207 -0.194634 2.702896 1.000000
-0.368056 -0.305761 2.588380 0.358173
0.038062 -0.258998 2.660408 1.000000
-0.285039 -0.516001 2.683443 1.000000
-0.038983 -0.472180 2.702047 1.000000
-0.287885 -0.957789 2.804185 0.834856
-0.166404 -0.905473 2.778108 0.791106
-0.384988 -1.008700 2.615618 0.000000
-0.196027 -0.934356 2.563942 0.000000
-0.181839 0.628751 2.564683 1.000000
-0.399281 0.329115 2.841931 0.932692
-0.027090 0.408434 2.654958 1.000000
-0.270963 0.466537 2.674905 0.000000
-0.167731 0.230590 2.780304 0.000000
-0.357190 0.055058 2.731243 0.000000
-0.051797 0.108267 2.579820 0.798077
-0.144056 0.062655 2.770743 0.000000
-0.426877 0.077020 2.689551 1.000000
0.050995 0.124634 2.679367 1.000000
-0.400038 -0.236345 2.618566 1.000000
0.071906 -0.195612 2.704050 1.000000
-0.344731 -0.289345 2.588078 0.509615
0.036942 -0.257984 2.663005 0.879808
-0.284848 -0.517630 2.685349 1.000000
-0.036747 -0.475821 2.702061 1.000000
-0.282603 -0.958301 2.810121 0.866106
-0.160874 -0.910046 2.778253 0.622356
-0.377948 -1.012197 2.621487 0.000000
-0.194815 -0.937836 2.564584 0.000000
-0.182751 0.620974 2.566493 1.000000
-0.394398 0.330851 2.845596 0.980769
-0.021309 0.405565 2.658517 1.000000
-0.265258 0.464171 2.675901 0.000000
-0.162587 0.230827 2.787464 0.000000
-0.352074 0.057502 2.731028 0.000000
-0.043856 0.106028 2.583816 0.778846
-0.139382 0.061363 2.773351 0.000000
-0.422154 0.078244 2.696608 1.000000
0.053264 0.121722 2.678772 1.000000
-0.391213 -0.231646 2.618684 1.000000
0.073087 -0.197455 2.701341 1.000000
-0.347368 -0.299556 2.634910 0.509615
0.040162 -0.262008 2.662018 1.000000
-0.284113 -0.516367 2.687224 1.000000
-0.038309 -0.478793 2.701759 1.000000
-0.296610 -0.958932 2.804458 0.722356
-0.168338 -0.910663 2.781418 0.456731
-0.389396 -1.007029 2.613001 0.000000
-0.199482 -0.940719 2.567631 0.000000
-0.179161 0.624902 2.572348 1.000000
-0.389975 0.331556 2.850982 0.980769
-0.021610 0.409136 2.655880 1.000000
-0.267688 0.458580 2.671654 0.038462
-0.154552 0.237615 2.797398 0.000000
-0.342395 0.054511 2.748601 0.000000
-0.050079 0.109892 2.573931 1.000000
-0.126939 0.064285 2.771559 0.000000
-0.414644 0.076727 2.705891 1.000000
0.055544 0.126330 2.678055 1.000000
-0.386302 -0.232453 2.625567 1.000000
0.073612 -0.193051 2.695640 1.000000
-0.361307 -0.303917 2.658210 0.459135
0.040785 -0.258678 2.658052 0.997596
-0.286077 -0.517082 2.686267 1.000000
-0.038215 -0.477156 2.698886 1.000000
-0.292244 -0.962650 2.792072 0.869231
-0.144260 -0.914859 2.782159 0.381731
-0.404735 -1.004351 2.609903 0.000000
-0.214597 -0.936875 2.576863 0.000000
-0.178749 0.623190 2.564716 1.000000
-0.393112 0.331568 2.848402 1.000000
-0.022682 0.407235 2.656485 1.000000
-0.268714 0.457615 2.669838 0.000000
-0.157548 0.236618 2.797273 0.000000
-0.341505 0.051723 2.750275 0.000000
-0.049112 0.106979 2.575694 0.865385
-0.126046 0.061327 2.773282 0.000000
-0.414471 0.072059 2.711162 1.000000
0.057990 0.125095 2.676079 1.000000
-0.389408 -0.237060 2.629251 1.000000
0.071142 -0.194740 2.692096 1.000000
-0.352140 -0.307709 2.649679 0.459135
0.042224 -0.263317 2.656622 0.980769
-0.285805 -0.519785 2.689688 1.000000
-0.036348 -0.479811 2.700574 1.000000
-0.293306 -0.966695 2.789580 0.850481
-0.168623 -0.910290 2.783969 0.772356
-0.406137 -1.005610 2.607006 0.000000
-0.220955 -0.934953 2.573656 0.000000
-0.173881 0.632620 2.574821 1.000000
