-0.325475 0.368543 2.695564 1.000000
0.032456 0.363249 2.700219 1.000000
-0.144597 0.412676 2.603990 0.000000
-0.150062 0.209272 2.792903 0.000000
-0.288937 -0.018862 2.647109 1.000000
-0.008448 -0.014948 2.667412 1.000000
-0.157880 0.001092 2.780720 0.000000
-0.376725 0.105730 2.677292 1.000000
0.086095 0.100281 2.701431 1.000000
-0.370090 -0.180845 2.634461 1.000000
0.069162 -0.181262 2.634718 1.000000
-0.362925 -0.248607 2.638771 0.492788
0.048592 -0.246301 2.631819 0.913462
-0.294191 -0.583538 2.718956 1.000000
-0.054520 -0.590941 2.714179 1.000000
-0.312891 -1.001692 2.803376 1.000000
-0.084238 -1.016626 2.729619 1.000000
-0.309526 -1.035150 2.638393 0.000000
-0.067796 -1.023846 2.562204 0.000000
-0.132568 0.675043 2.596914 1.000000
-0.325268 0.367872 2.693210 1.000000
0.032512 0.364064 2.705151 1.000000
-0.142748 0.412807 2.605360 0.000000
-0.151211 0.209279 2.794029 0.000000
-0.293144 -0.019849 2.656097 1.000000
-0.012105 -0.012468 2.664091 1.000000
-0.156589 0.000579 2.784008 0.000000
-0.377468 0.105327 2.673772 1.000000
0.082768 0.100438 2.702328 1.000000
-0.374949 -0.181610 2.632954 1.000000
0.067216 -0.180781 2.633920 1.000000
-0.353070 -0.244762 2.618997 0.627404
0.041926 -0.243729 2.626199 0.879808
-0.296880 -0.583420 2.721856 1.000000
-0.051683 -0.589390 2.712547 1.000000
-0.309990 -1.001671 2.806847 1.000000
-0.086128 -1.014603 2.730905 1.000000
-0.315146 -1.035030 2.641890 0.000000
-0.075772 -1.022689 2.563044 0.000000
-0.131723 0.673855 2.595388 1.000000
-0.325394 0.373799 2.686095 1.000000
0.031781 0.363517 2.708103 1.000000
-0.139689 0.415428 2.603443 0.000000
-0.157142 0.212077 2.791686 0.000000
-0.289905 -0.016198 2.651051 0.807692
-0.009736 -0.012251 2.675370 1.000000
-0.160776 0.002736 2.786673 0.000000
-0.379123 0.111233 2.671735 1.000000
0.082180 0.099929 2.704202 1.000000
-0.368753 -0.175144 2.628277 1.000000
0.062825 -0.181629 2.638186 1.000000
-0.360346 -0.239097 2.605897 0.576923
0.040523 -0.245700 2.630494 0.913462
-0.294947 -0.581620 2.718113 1.000000
-0.055061 -0.588804 2.712318 1.000000
-0.311960 -0.998142 2.810572 1.000000
-0.082192 -1.014166 2.738014 1.000000
-0.308002 -1.034773 2.646277 0.000000
-0.063149 -1.025464 2.571101 0.000000
-0.133692 0.673973 2.587182 1.000000
-0.328626 0.370056 2.685267 1.000000
0.028800 0.365544 2.705022 1.000000
-0.144130 0.413843 2.601038 0.000000
-0.157188 0.211923 2.791167 0.000000
-0.296948 -0.019755 2.655310 1.000000
-0.016231 -0.010530 2.669955 1.000000
-0.163657 0.003978 2.786063 0.000000
-0.381450 0.107350 2.670107 1.000000
0.079632 0.102013 2.706466 1.000000
-0.373942 -0.179444 2.628862 1.000000
0.053522 -0.178793 2.639570 1.000000
-0.350734 -0.241744 2.613313 0.694712
0.041413 -0.245984 2.640068 0.846154
-0.294528 -0.584445 2.715481 1.000000
-0.053825 -0.587721 2.713119 1.000000
-0.309442 -0.999476 2.814756 1.000000
-0.081087 -1.013172 2.737164 1.000000
-0.312358 -1.038541 2.651002 0.000000
-0.067154 -1.023530 2.569686 0.000000
-0.132116 0.671084 2.580461 1.000000
-0.328325 0.373674 2.682612 1.000000
0.028503 0.364799 2.710163 1.000000
-0.141525 0.415990 2.602829 0.000000
-0.161102 0.212661 2.790885 0.000000
-0.294141 -0.020757 2.653304 1.000000
-0.013849 -0.009046 2.673322 1.000000
-0.163611 0.004679 2.786499 0.000000
-0.381484 0.111323 2.663090 1.000000
0.085377 0.102500 2.710142 1.000000
-0.370828 -0.176154 2.627691 1.000000
0.063749 -0.178881 2.644062 1.000000
-0.354879 -0.242496 2.630152 0.795673
0.041007 -0.241037 2.627299 0.711538
-0.293606 -0.584252 2.712478 1.000000
-0.053581 -0.587350 2.710873 1.000000
-0.311122 -0.999871 2.808827 1.000000
-0.078586 -1.012517 2.741482 1.000000
-0.310969 -1.037902 2.644803 0.000000
-0.061721 -1.025533 2.574460 0.000000
-0.131978 0.670122 2.577509 1.000000
-0.330362 0.370288 2.679782 1.000000
0.026034 0.364717 2.713172 1.000000
-0.142679 0.414299 2.603045 0.000000
-0.163455 0.210863 2.790857 0.000000
-0.295425 -0.023134 2.646693 1.000000
-0.015577 -0.009520 2.671217 1.000000
-0.167329 0.006155 2.781451 0.000000
-0.382120 0.107581 2.661284 1.000000
0.082756 0.102384 2.713432 1.000000
-0.374508 -0.179586 2.622715 1.000000
0.056689 -0.178286 2.645941 1.000000
-0.352390 -0.243833 2.629407 0.778846
0.042711 -0.244689 2.638397 0.879808
-0.290982 -0.586034 2.712450 1.000000
-0.050067 -0.587114 2.713203 1.000000
-0.310937 -1.001821 2.807594 1.000000
-0.079161 -1.012363 2.738628 1.000000
-0.306544 -1.039567 2.643563 0.000000
-0.058524 -1.023743 2.571911 0.000000
-0.128630 0.668694 2.578858 1.000000
-0.327487 0.368600 2.677534 1.000000
0.028308 0.363275 2.716849 1.000000
-0.138652 0.414406 2.604775 0.000000
-0.162057 0.207623 2.788581 0.000000
-0.292159 -0.025673 2.644460 0.826923
-0.012978 -0.010192 2.674786 1.000000
-0.167103 0.004948 2.781753 0.000000
-0.377991 0.106130 2.653124 1.000000
0.083706 0.100669 2.714519 1.000000
-0.370790 -0.181889 2.621436 1.000000
0.057737 -0.179271 2.644018 1.000000
-0.345639 -0.244122 2.633926 0.947115
0.045887 -0.246386 2.639932 0.711538
-0.289442 -0.587688 2.709568 1.000000
-0.050082 -0.588666 2.711969 1.000000
-0.312191 -1.003562 2.803698 1.000000
-0.082661 -1.013260 2.743399 1.000000
-0.304544 -1.041091 2.639737 0.000000
-0.058206 -1.027423 2.577413 0.000000
-0.129474 0.666710 2.579262 1.000000
-0.326878 0.370591 2.672105 1.000000
0.027953 0.361786 2.718816 1.000000
-0.136091 0.413614 2.602824 0.000000
-0.165561 0.208936 2.788108 0.000000
-0.288556 -0.027568 2.641084 0.750000
-0.010245 -0.009714 2.677493 1.000000
-0.166809 0.004573 2.780979 0.000000
-0.378047 0.108155 2.648747 1.000000
0.084635 0.099445 2.717792 1.000000
-0.363556 -0.180047 2.621522 1.000000
0.065673 -0.181059 2.647298 1.000000
-0.345082 -0.243517 2.638606 0.947115
0.046409 -0.246544 2.645835 0.812500
-0.287173 -0.588431 2.707853 1.000000
-0.047301 -0.588815 2.713390 1.000000
-0.309493 -1.001412 2.814049 1.000000
-0.078760 -1.013921 2.738381 1.000000
-0.300370 -1.043745 2.651339 0.000000
-0.051146 -1.025705 2.572705 0.000000
-0.122614 0.667177 2.578778 1.000000
-0.326929 0.367901 2.669829 1.000000
0.027767 0.363182 2.718126 1.000000
-0.136361 0.413462 2.601575 0.000000
-0.164208 0.207769 2.785983 0.000000
-0.285519 -0.027015 2.639313 0.769231
-0.007164 -0.010751 2.676131 1.000000
-0.163812 0.004915 2.779290 0.000000
-0.374154 0.105286 2.640834 1.000000
0.087452 0.101519 2.720853 1.000000
-0.360868 -0.183166 2.615725 1.000000
0.065636 -0.179524 2.653394 1.000000
-0.338418 -0.246151 2.629524 1.000000
0.057019 -0.247247 2.652478 0.745192
-0.285933 -0.588067 2.707127 1.000000
-0.046022 -0.589355 2.712597 1.000000
-0.311118 -1.000732 2.813911 1.000000
-0.079703 -1.013923 2.743207 1.000000
-0.301654 -1.043387 2.651304 0.000000
-0.051499 -1.028085 2.577816 0.000000
-0.110965 0.663766 2.575299 1.000000
-0.322340 0.371625 2.668546 1.000000
0.032225 0.360667 2.716790 1.000000
-0.131009 0.413782 2.600240 0.000000
-0.162452 0.208700 2.784750 0.000000
-0.280587 -0.024664 2.639770 0.596154
-0.002297 -0.009344 2.677471 1.000000
-0.159175 0.005375 2.780421 0.000000
-0.372212 0.109607 2.638595 1.000000
0.088251 0.098197 2.719590 1.000000
-0.351939 -0.178361 2.612607 1.000000
0.071167 -0.182968 2.651278 1.000000
-0.344868 -0.244632 2.627431 1.000000
0.055103 -0.248403 2.662314 0.879808
-0.283664 -0.585914 2.705618 1.000000
-0.040137 -0.587804 2.714751 1.000000
-0.312377 -1.000009 2.805765 1.000000
-0.075986 -1.012445 2.741662 1.000000
-0.301484 -1.040219 2.642625 0.000000
-0.046893 -1.025379 2.576324 0.000000
-0.107299 0.666045 2.577733 1.000000
-0.322096 0.372327 2.666534 1.000000
0.032532 0.359270 2.713789 1.000000
-0.130687 0.412604 2.597317 0.000000
-0.162990 0.209209 2.783538 0.000000
-0.280332 -0.025531 2.639416 0.615385
-0.001973 -0.009003 2.676087 1.000000
-0.158505 0.004292 2.779754 0.000000
-0.372066 0.110081 2.638823 1.000000
0.088652 0.096927 2.721815 1.000000
-0.348722 -0.176924 2.605730 1.000000
0.067502 -0.182511 2.647791 1.000000
-0.337079 -0.243199 2.617289 1.000000
0.057129 -0.249976 2.646241 0.913462
-0.282201 -0.586729 2.702449 1.000000
-0.038960 -0.587850 2.715644 1.000000
-0.313242 -0.999574 2.806966 1.000000
-0.075049 -1.012331 2.744672 1.000000
-0.303488 -1.041517 2.644191 0.000000
-0.046473 -1.026069 2.579309 0.000000
-0.105587 0.666640 2.576260 1.000000
-0.314663 0.374467 2.661417 1.000000
0.037779 0.360359 2.722656 1.000000
-0.120664 0.416532 2.601038 0.000000
-0.160200 0.208530 2.780658 0.000000
-0.277057 -0.025702 2.632209 0.615385
-0.000590 -0.007439 2.680522 1.000000
-0.161412 0.004839 2.777535 0.000000
-0.366481 0.112876 2.631036 1.000000
0.091272 0.097345 2.722649 1.000000
-0.350002 -0.175054 2.602100 1.000000
0.068935 -0.178308 2.635879 1.000000
-0.331415 -0.240469 2.608177 0.812500
0.046488 -0.242753 2.638018 0.778846
-0.279479 -0.586363 2.699980 1.000000
-0.038802 -0.587019 2.714759 1.000000
-0.308739 -0.999065 2.805576 1.000000
-0.069295 -1.011959 2.743491 1.000000
-0.292118 -1.041703 2.643540 0.000000
-0.034783 -1.025541 2.579251 0.000000
-0.100090 0.663272 2.569291 1.000000
-0.314873 0.370295 2.653927 1.000000
0.036497 0.359410 2.721639 1.000000
-0.120079 0.412521 2.596284 0.000000
-0.161591 0.207374 2.778719 0.000000
-0.277681 -0.026375 2.628464 0.663462
-0.001990 -0.009303 2.681423 0.730769
-0.164301 0.001360 2.776118 0.000000
-0.366047 0.108149 2.627496 1.000000
0.092586 0.097078 2.730222 1.000000
-0.353607 -0.179310 2.592499 1.000000
0.063142 -0.170060 2.621672 1.000000
-0.320394 -0.237795 2.604248 1.000000
0.047566 -0.235129 2.635273 0.661058
-0.279546 -0.587715 2.702540 1.000000
-0.036140 -0.588125 2.720395 1.000000
-0.310977 -1.001771 2.802031 1.000000
-0.073176 -1.013007 2.741200 1.000000
-0.288860 -1.042354 2.640123 0.000000
-0.034410 -1.024390 2.577745 0.000000
-0.104651 0.663888 2.569014 1.000000
-0.317144 0.371565 2.645955 1.000000
0.032942 0.359801 2.719881 1.000000
-0.121212 0.412721 2.591482 0.000000
-0.166689 0.208845 2.774397 0.000000
-0.279529 -0.027749 2.622730 0.365385
-0.004844 -0.009636 2.680366 0.365385
-0.168795 0.000877 2.772211 0.000000
-0.368528 0.109715 2.617958 1.000000
0.091326 0.098991 2.743536 1.000000
-0.344592 -0.176381 2.578810 1.000000
0.054697 -0.138802 2.582078 1.000000
-0.336322 -0.244143 2.580064 0.576923
0.066132 -0.205025 2.570022 0.072115
-0.278349 -0.589247 2.700363 1.000000
-0.037871 -0.588432 2.720556 1.000000
-0.309882 -1.002803 2.801886 1.000000
-0.069306 -1.013570 2.745038 1.000000
-0.284402 -1.044312 2.640710 0.000000
-0.028386 -1.025973 2.582182 0.000000
-0.098411 0.667164 2.572207 1.000000
-0.312281 0.370990 2.635592 1.000000
0.033488 0.376892 2.728182 1.000000
-0.115873 0.420887 2.591046 0.000000
-0.161414 0.217152 2.774101 0.000000
-0.244962 -0.012220 2.621719 0.221154
0.026503 -0.009186 2.695198 1.000000
-0.141683 0.009941 2.777501 0.000000
-0.345308 0.107450 2.604057 1.000000
0.099074 0.123720 2.784229 1.000000
-0.339562 -0.179543 2.571928 1.000000
0.103084 -0.003171 2.524782 0.971154
-0.304020 -0.236007 2.586423 1.000000
0.100595 -0.046906 2.472412 0.021635
-0.280744 -0.573174 2.683262 1.000000
-0.037942 -0.585988 2.718785 1.000000
-0.314193 -0.985376 2.789562 1.000000
-0.068242 -1.011241 2.742670 1.000000
-0.289512 -1.028843 2.628778 0.000000
-0.021495 -1.023630 2.581389 0.000000
-0.081884 0.666887 2.561058 1.000000
-0.309064 0.366344 2.622917 1.000000
0.030030 0.385931 2.736034 1.000000
-0.112187 0.422667 2.589489 0.000000
-0.161573 0.219918 2.772643 0.000000
-0.244221 -0.007294 2.618737 0.432692
0.023858 -0.004065 2.703736 0.788462
-0.147839 0.010950 2.779371 0.000000
-0.343025 0.104441 2.603865 1.000000
0.109308 0.145894 2.814819 0.753846
-0.328904 -0.175603 2.547833 1.000000
0.108755 0.138673 2.528968 0.471154
-0.300548 -0.226524 2.583393 0.879808
0.110502 0.131566 2.461085 0.000000
-0.286296 -0.567580 2.670471 1.000000
-0.038409 -0.581505 2.722921 1.000000
-0.314478 -0.980597 2.775122 1.000000
-0.066050 -1.006991 2.745888 1.000000
-0.286510 -1.023169 2.614637 0.000000
-0.012632 -1.019055 2.586668 0.000000
-0.083425 0.669766 2.566752 1.000000
-0.302153 0.379796 2.618487 1.000000
0.031586 0.393200 2.747337 0.855769
-0.103314 0.434275 2.595136 0.000000
-0.163391 0.228935 2.772104 0.000000
-0.235145 0.005715 2.600620 0.548077
0.023917 -0.002812 2.709780 0.778846
-0.153280 0.018277 2.769635 0.000000
-0.341057 0.120100 2.600300 1.000000
0.109338 0.142809 2.723977 0.707692
-0.331888 -0.157751 2.540983 1.000000
0.105973 0.296880 2.485116 1.000000
-0.300044 -0.208486 2.573749 0.442308
0.106958 0.329286 2.425029 0.000000
-0.294985 -0.555849 2.659559 1.000000
-0.041211 -0.576080 2.725711 1.000000
-0.321931 -0.970142 2.759378 1.000000
-0.065425 -1.001520 2.752986 1.000000
-0.279866 -1.010912 2.601522 0.000000
0.002070 -1.015212 2.599340 0.000000
-0.081826 0.668957 2.552198 1.000000
-0.305047 0.395576 2.615418 1.000000
0.028483 0.404253 2.745212 0.000000
-0.105723 0.448817 2.593379 0.000000
-0.167861 0.241191 2.766935 0.000000
-0.234943 0.023637 2.603851 0.500000
0.026618 0.004545 2.705453 1.000000
-0.148489 0.026096 2.771020 0.000000
-0.360087 0.138584 2.638660 1.000000
0.118864 0.159929 2.703362 1.000000
-0.306377 -0.115207 2.520799 1.000000
0.105725 0.391178 2.537419 1.000000
-0.294254 -0.176056 2.492303 0.000000
0.049464 0.419255 2.510813 0.593750
-0.302049 -0.539809 2.658015 1.000000
-0.045544 -0.565708 2.723442 1.000000
-0.324103 -0.955789 2.751838 1.000000
-0.060660 -0.991336 2.754134 1.000000
-0.287275 -0.993794 2.591996 0.000000
0.000886 -1.004781 2.597988 0.000000
-0.108772 0.676416 2.537786 1.000000
-0.316513 0.396773 2.621434 1.000000
0.023831 0.411476 2.731497 0.000000
-0.120209 0.455509 2.588794 0.000000
-0.166839 0.243058 2.761368 0.000000
-0.239106 0.023350 2.616127 0.403846
0.028541 0.012807 2.701893 1.000000
-0.142687 0.032517 2.777513 0.000000
-0.365674 0.140714 2.650213 1.000000
0.129959 0.199578 2.619035 1.000000
-0.288956 -0.091640 2.507471 1.000000
0.081416 0.438964 2.475551 1.000000
-0.270722 -0.147867 2.473300 0.000000
0.053140 0.468963 2.421126 0.576923
-0.298953 -0.537664 2.674440 1.000000
-0.046740 -0.561219 2.713657 1.000000
-0.325234 -0.963052 2.700583 1.000000
-0.058970 -0.986010 2.755275 1.000000
-0.282657 -0.975664 2.538169 0.000000
-0.006841 -1.003107 2.596088 0.000000
-0.134157 0.677135 2.524174 1.000000
-0.325983 0.399143 2.638620 1.000000
0.026235 0.416168 2.700400 0.000000
-0.136261 0.457473 2.578174 0.000000
-0.157908 0.248130 2.759276 0.000000
-0.251767 0.025148 2.630337 0.625000
0.025148 0.015162 2.678505 1.000000
-0.133941 0.037392 2.776600 0.000000
-0.384085 0.147072 2.667790 1.000000
0.124077 0.262571 2.514386 1.000000
-0.259570 -0.046696 2.506605 1.000000
0.052711 0.479567 2.350526 1.000000
-0.230968 -0.095335 2.468163 0.000000
0.016133 0.496973 2.295565 0.644231
-0.299915 -0.537337 2.680720 1.000000
-0.052631 -0.558849 2.700902 1.000000
-0.324187 -0.962800 2.707577 1.000000
-0.061727 -0.981246 2.762768 1.000000
-0.305114 -0.974423 2.540690 0.000000
-0.031850 -1.005889 2.598907 0.000000
-0.175868 0.676730 2.513072 1.000000
-0.341208 0.398552 2.673107 1.000000
0.004950 0.403990 2.581954 0.000000
-0.194215 0.430578 2.530216 0.000000
-0.135192 0.264079 2.744426 0.000000
-0.268603 0.037544 2.684188 0.000000
0.002929 0.000029 2.621222 1.000000
-0.102689 0.035045 2.773027 0.000000
-0.408722 0.152317 2.699374 1.000000
0.037659 0.363594 2.330603 1.000000
-0.282909 -0.024896 2.527337 1.000000
-0.009596 0.518715 2.105804 1.000000
-0.253180 -0.070375 2.485992 0.000000
-0.029598 0.545094 2.046091 1.000000
-0.308552 -0.536067 2.671804 1.000000
-0.052784 -0.562108 2.697181 1.000000
-0.321207 -0.958745 2.731072 1.000000
-0.066706 -0.983657 2.763752 1.000000
-0.373517 -0.979432 2.572371 0.000000
-0.102101 -1.008193 2.600978 0.000000
-0.221750 0.690013 2.520502 1.000000
-0.351244 0.385370 2.707685 1.000000
-0.080362 0.390920 2.485317 0.000000
-0.279490 0.391635 2.513103 0.000000
-0.115433 0.285379 2.710299 0.000000
-0.267690 0.040285 2.719765 0.201923
-0.037224 -0.016730 2.568979 1.000000
-0.081803 0.027531 2.746403 0.000000
-0.412981 0.137538 2.703886 1.000000
-0.054375 0.426880 2.233765 1.000000
-0.289571 -0.017349 2.511864 1.000000
-0.041499 0.512696 1.971921 1.000000
-0.260820 -0.058534 2.465617 0.000000
-0.040241 0.522672 1.904390 1.000000
-0.314771 -0.536844 2.667476 1.000000
-0.054034 -0.565492 2.705047 1.000000
-0.329797 -0.959558 2.725930 1.000000
-0.060776 -0.989030 2.758891 1.000000
-0.423222 -0.975481 2.586760 0.000000
-0.155659 -1.005085 2.620726 0.000000
-0.231762 0.704963 2.533444 0.730769
-0.347339 0.383865 2.726011 1.000000
-0.113509 0.381596 2.464993 0.000000
-0.305865 0.389459 2.522789 0.000000
-0.117906 0.275114 2.692164 0.000000
-0.265884 0.036630 2.723793 0.221154
-0.063656 -0.027903 2.539291 1.000000
-0.078309 0.021478 2.720323 0.504808
-0.429642 0.143413 2.716650 0.923077
-0.116443 0.422888 2.214065 1.000000
-0.301325 -0.015344 2.532909 1.000000
-0.083856 0.505383 1.954137 1.000000
-0.270399 -0.056209 2.487796 0.000000
-0.079950 0.519021 1.887352 1.000000
-0.319763 -0.541873 2.676875 1.000000
-0.053128 -0.568103 2.707673 1.000000
-0.329763 -0.964703 2.735558 1.000000
-0.063030 -0.992160 2.756730 1.000000
-0.440308 -0.979594 2.609430 0.000000
-0.180901 -1.003258 2.637008 0.000000
-0.231864 0.693783 2.530220 0.721154
-0.353997 0.389271 2.716775 1.000000
-0.128425 0.377124 2.447254 0.000000
-0.319375 0.389163 2.512198 0.000000
-0.127285 0.276516 2.678041 0.000000
-0.269702 0.036362 2.717918 0.038462
-0.076870 -0.022329 2.521773 1.000000
-0.082357 0.024930 2.703879 0.620192
-0.439205 0.151374 2.725541 0.769231
-0.134251 0.397447 2.195291 0.953846
-0.327072 -0.011246 2.537021 1.000000
-0.118137 0.482923 1.936461 1.000000
-0.300992 -0.055914 2.492454 0.004808
-0.120774 0.496885 1.869680 1.000000
-0.316669 -0.543195 2.686629 1.000000
-0.061265 -0.568038 2.675160 1.000000
-0.314199 -0.965783 2.747807 1.000000
-0.077528 -0.985908 2.761468 1.000000
-0.434731 -0.983317 2.631554 0.000000
-0.196883 -1.005458 2.644325 0.000000
-0.296208 0.692255 2.532166 0.600962
-0.349919 0.403720 2.710365 0.000000
-0.127628 0.372928 2.441285 0.000000
-0.316731 0.394449 2.505761 0.000000
-0.127809 0.281190 2.674793 0.000000
-0.271828 0.042308 2.713045 0.182692
-0.084833 -0.018319 2.511901 1.000000
-0.085032 0.029215 2.694017 0.677885
-0.439252 0.169136 2.732422 0.707692
-0.132487 0.388293 2.189816 0.923077
-0.353173 -0.008759 2.545354 1.000000
-0.122734 0.466707 1.929417 1.000000
-0.289034 -0.021127 2.525485 0.913462
-0.129624 0.480994 1.863010 1.000000
-0.318460 -0.538253 2.679430 1.000000
-0.068989 -0.564051 2.663509 1.000000
-0.319378 -0.959824 2.747297 1.000000
-0.078895 -0.981669 2.751977 1.000000
-0.440897 -0.978090 2.632189 0.000000
-0.201726 -1.002740 2.638757 0.000000
-0.322056 0.690540 2.531519 0.456731
-0.349973 0.398793 2.714369 0.000000
-0.123666 0.374365 2.446548 0.000000
-0.314019 0.396606 2.510033 0.000000
-0.129323 0.274094 2.677275 0.000000
-0.273351 0.041438 2.704976 0.346154
-0.083537 -0.020739 2.506969 1.000000
-0.086346 0.027414 2.688902 0.634615
-0.447961 0.170481 2.751469 0.676923
-0.130382 0.381865 2.195544 1.000000
-0.367626 0.007472 2.550052 1.000000
-0.119220 0.455491 1.934682 1.000000
-0.340426 -0.054212 2.560859 0.862981
-0.130016 0.466478 1.868166 1.000000
-0.324537 -0.538504 2.674886 1.000000
-0.068142 -0.565072 2.661630 1.000000
-0.323274 -0.960074 2.742755 1.000000
-0.081544 -0.982530 2.750387 1.000000
-0.444359 -0.979024 2.627302 0.000000
-0.202739 -1.003103 2.635328 0.000000
-0.323944 0.685362 2.534300 0.552885
-0.341850 0.399360 2.715694 0.000000
-0.100263 0.382180 2.456485 0.000000
-0.295466 0.405368 2.513548 0.000000
-0.121672 0.272273 2.684348 0.000000
-0.282997 0.038316 2.701205 0.692308
-0.085193 -0.010979 2.507439 1.000000
-0.095192 0.032157 2.690374 0.129808
-0.435072 0.167420 2.725840 0.969231
-0.086542 0.356821 2.207973 0.876923
-0.393051 -0.031509 2.547923 1.000000
-0.095434 0.424042 1.946448 1.000000
-0.343553 -0.047665 2.503758 0.997596
-0.130297 0.429143 1.887966 1.000000
-0.325749 -0.539073 2.663979 1.000000
-0.065981 -0.559130 2.663447 1.000000
-0.329267 -0.960027 2.735490 1.000000
-0.083715 -0.974968 2.758809 1.000000
-0.448263 -0.979011 2.617890 0.000000
-0.199176 -0.997662 2.638376 0.000000
-0.309598 0.680398 2.553963 0.658654
-0.338019 0.388275 2.712164 1.000000
-0.072937 0.382788 2.471611 0.000000
-0.275107 0.400417 2.514819 0.000000
-0.113097 0.266728 2.696398 0.000000
-0.286132 0.030993 2.697104 0.173077
-0.071474 -0.011852 2.520503 1.000000
-0.098035 0.027229 2.702693 0.000000
-0.421179 0.155660 2.716430 1.000000
-0.045595 0.315591 2.235432 0.661539
-0.402980 -0.049318 2.546597 1.000000
-0.073179 0.379461 1.977846 1.000000
-0.355720 -0.079693 2.507797 0.980769
-0.113514 0.387290 1.923318 1.000000
-0.325384 -0.545155 2.662508 1.000000
-0.060539 -0.562947 2.668926 1.000000
-0.329085 -0.965997 2.734674 1.000000
-0.086303 -0.980680 2.753572 1.000000
-0.439912 -0.986473 2.609581 0.000000
-0.190259 -1.000795 2.622657 0.000000
-0.272165 0.687523 2.553737 0.889423
-0.334320 0.382186 2.726060 1.000000
-0.056453 0.392671 2.500573 0.000000
-0.260628 0.408555 2.533902 0.000000
-0.109295 0.260456 2.713503 0.000000
-0.277065 0.027456 2.701865 0.000000
-0.052578 -0.012603 2.537237 1.000000
-0.089688 0.021441 2.718593 0.000000
-0.401873 0.143363 2.705534 1.000000
0.003687 0.261864 2.297364 0.307692
-0.401457 -0.073191 2.546052 1.000000
-0.053901 0.305975 2.038388 1.000000
-0.362800 -0.114887 2.508253 0.963942
-0.074433 0.317360 1.974276 1.000000
-0.325564 -0.546386 2.664011 1.000000
-0.060640 -0.566790 2.682467 1.000000
-0.326925 -0.968038 2.731369 1.000000
-0.083367 -0.986517 2.757584 1.000000
-0.433547 -0.988259 2.602633 0.000000
-0.181862 -1.005388 2.622334 0.000000
-0.226981 0.694606 2.540690 1.000000
-0.346555 0.362028 2.757279 1.000000
-0.044602 0.406370 2.570137 1.000000
-0.251178 0.421124 2.582747 0.000000
-0.122132 0.238916 2.747789 0.000000
-0.271816 0.020250 2.705774 0.000000
-0.030395 -0.013181 2.565418 1.000000
-0.087078 0.020036 2.741797 0.000000
-0.372835 0.123105 2.686621 1.000000
0.046617 0.233400 2.413523 1.000000
-0.393538 -0.116277 2.562248 1.000000
0.000090 0.144422 2.162288 1.000000
-0.350472 -0.168349 2.552483 0.963942
-0.022984 0.130013 2.099666 1.000000
-0.311303 -0.552463 2.681032 1.000000
-0.049608 -0.570428 2.704072 1.000000
-0.330353 -0.974085 2.745849 1.000000
-0.074573 -0.992086 2.766608 1.000000
-0.422967 -0.991354 2.606298 0.000000
-0.158287 -1.008656 2.621461 0.000000
-0.178990 0.672025 2.531212 1.000000
-0.328245 0.359912 2.732210 1.000000
-0.002937 0.399284 2.588030 1.000000
-0.208794 0.421089 2.573973 0.000000
-0.108547 0.229130 2.747736 0.000000
-0.277041 0.011791 2.701042 0.000000
-0.019905 -0.020786 2.591857 0.932692
-0.098133 0.014067 2.759462 0.000000
-0.359487 0.112690 2.683372 1.000000
0.074228 0.183195 2.479262 1.000000
-0.384067 -0.143098 2.587632 1.000000
0.033828 0.019286 2.263161 1.000000
-0.348629 -0.201456 2.587887 1.000000
0.003294 -0.016042 2.213350 1.000000
-0.309551 -0.561555 2.693480 1.000000
-0.048215 -0.579545 2.714099 1.000000
-0.327139 -0.985506 2.741290 1.000000
-0.073414 -1.003492 2.758411 1.000000
-0.402236 -0.999313 2.591224 0.000000
-0.138499 -1.015803 2.603613 0.000000
-0.151267 0.674818 2.531697 1.000000
-0.310099 0.373446 2.714635 1.000000
0.032106 0.388883 2.610609 1.000000
-0.168570 0.424542 2.571775 0.000000
-0.103431 0.228143 2.756912 0.000000
-0.274832 0.009850 2.694294 0.125000
-0.006850 -0.022315 2.615221 0.615385
-0.103839 0.011522 2.772936 0.000000
-0.353770 0.122380 2.683935 1.000000
0.083617 0.146072 2.545242 1.000000
-0.366394 -0.146206 2.616575 1.000000
0.067102 -0.087001 2.396114 1.000000
-0.358275 -0.213880 2.612597 0.879808
0.032176 -0.135533 2.363153 1.000000
-0.301861 -0.564960 2.700725 1.000000
-0.045776 -0.583217 2.716177 1.000000
-0.326295 -0.986289 2.765637 1.000000
-0.067729 -1.007775 2.756146 1.000000
-0.383568 -1.007149 2.608682 0.000000
-0.114369 -1.020547 2.594865 0.000000
-0.134199 0.672406 2.532748 1.000000
-0.296979 0.378394 2.692429 1.000000
0.055790 0.372200 2.631772 1.000000
-0.136167 0.417345 2.567238 0.000000
-0.105774 0.223602 2.763786 0.000000
-0.274027 0.008256 2.681886 0.490385
0.001275 -0.027246 2.636605 0.346154
-0.113351 0.015483 2.779647 0.000000
-0.353415 0.124911 2.683165 1.000000
0.096646 0.115603 2.628126 1.000000
-0.357523 -0.151926 2.637417 1.000000
0.072792 -0.163890 2.636092 1.000000
-0.362118 -0.219592 2.645280 0.930288
0.045764 -0.226129 2.628517 1.000000
-0.290910 -0.568153 2.709526 1.000000
-0.038232 -0.586769 2.710226 1.000000
-0.321822 -0.984779 2.797819 1.000000
-0.074557 -1.009136 2.761370 1.000000
-0.358849 -1.016199 2.636599 0.000000
-0.094025 -1.027590 2.595146 0.000000
-0.108121 0.681801 2.557601 1.000000
-0.295439 0.382130 2.684974 1.000000
0.061111 0.371683 2.654527 1.000000
-0.123974 0.421111 2.574834 0.000000
-0.113196 0.222964 2.769033 0.000000
-0.271038 0.001221 2.665992 0.701923
0.008842 -0.020870 2.649229 0.586538
-0.121558 0.018930 2.778989 0.000000
-0.352360 0.127906 2.674520 1.000000
0.101022 0.114252 2.665287 1.000000
-0.353498 -0.152269 2.646607 1.000000
0.071382 -0.163266 2.702488 1.000000
-0.365449 -0.215055 2.670623 0.963942
0.054176 -0.216415 2.663236 0.593750
-0.291938 -0.568437 2.717973 1.000000
-0.028744 -0.584057 2.718589 1.000000
-0.319879 -0.984741 2.808744 1.000000
-0.070028 -1.007015 2.760204 1.000000
-0.342526 -1.018833 2.645419 0.000000
-0.071162 -1.023392 2.592632 0.000000
-0.095396 0.677850 2.553027 1.000000
-0.296025 0.381624 2.676959 1.000000
0.061541 0.364768 2.671805 1.000000
-0.116542 0.417175 2.579120 0.000000
-0.123048 0.219562 2.774051 0.000000
-0.270625 -0.008983 2.655400 1.000000
0.010564 -0.014753 2.656306 1.000000
-0.129872 0.015001 2.778035 0.000000
-0.355577 0.126355 2.671273 1.000000
0.102690 0.108174 2.706550 1.000000
-0.361235 -0.155823 2.648663 1.000000
0.092600 -0.174773 2.709171 1.000000
-0.354831 -0.222997 2.659069 0.896635
0.077209 -0.239749 2.694926 0.778846
-0.291059 -0.573006 2.715269 1.000000
-0.025353 -0.584015 2.722545 1.000000
-0.318756 -0.989049 2.807304 1.000000
-0.061754 -1.006953 2.768677 1.000000
-0.331648 -1.024492 2.643208 0.000000
-0.053201 -1.025913 2.601592 0.000000
-0.090853 0.675666 2.560629 1.000000
-0.298428 0.385738 2.672571 1.000000
0.057889 0.356867 2.691768 1.000000
-0.111586 0.415434 2.587373 0.000000
-0.138012 0.217742 2.780533 0.000000
-0.265745 -0.013754 2.655737 1.000000
0.015121 -0.009244 2.669707 1.000000
-0.131773 0.009277 2.785917 0.000000
-0.357893 0.128982 2.659632 1.000000
0.121739 0.102605 2.721789 1.000000
-0.349780 -0.155123 2.639154 1.000000
0.110947 -0.180951 2.695713 1.000000
-0.356641 -0.222101 2.650487 1.000000
0.104460 -0.248884 2.693540 1.000000
-0.292350 -0.573730 2.710042 1.000000
-0.026474 -0.584691 2.718145 1.000000
-0.321495 -0.989767 2.801652 1.000000
-0.064138 -1.007075 2.768168 1.000000
-0.328570 -1.025471 2.637258 0.000000
-0.048408 -1.028173 2.601863 0.000000
-0.084724 0.671818 2.565439 1.000000
-0.298575 0.384632 2.674513 1.000000
0.057440 0.353824 2.696149 1.000000
-0.111075 0.411941 2.589964 0.000000
-0.139827 0.217206 2.785778 0.000000
-0.267614 -0.013598 2.655215 0.932692
0.013185 -0.009758 2.670666 1.000000
-0.134274 0.008774 2.786158 0.000000
-0.359527 0.127786 2.654579 1.000000
0.109141 0.094803 2.713966 1.000000
-0.352026 -0.156326 2.623668 1.000000
0.135182 -0.188196 2.682909 1.000000
-0.343629 -0.222217 2.639464 1.000000
0.116145 -0.251139 2.664537 1.000000
-0.289290 -0.575352 2.708392 1.000000
-0.028115 -0.584944 2.719295 1.000000
-0.320751 -0.991167 2.800248 1.000000
-0.063437 -1.007182 2.772172 1.000000
-0.325619 -1.027119 2.635828 0.000000
-0.046969 -1.029360 2.606079 0.000000
-0.088257 0.671235 2.569348 1.000000
-0.300762 0.382192 2.680298 1.000000
0.055058 0.351003 2.704450 1.000000
-0.112504 0.411751 2.598228 0.000000
-0.142939 0.212037 2.788699 0.000000
-0.261943 -0.014780 2.655561 0.413462
0.018705 -0.012004 2.673747 1.000000
-0.129801 0.006597 2.787878 0.000000
-0.358299 0.124367 2.654462 1.000000
0.106975 0.090734 2.700423 1.000000
-0.341971 -0.156123 2.597704 1.000000
0.128011 -0.193401 2.669003 1.000000
-0.346211 -0.223791 2.605745 0.997596
0.115702 -0.256242 2.645316 0.963942
-0.290914 -0.575474 2.703873 1.000000
-0.032661 -0.587987 2.717803 1.000000
-0.320922 -0.989097 2.805582 1.000000
-0.063316 -1.010608 2.770544 1.000000
-0.328333 -1.028756 2.642112 0.000000
-0.047307 -1.032507 2.604368 0.000000
-0.095335 0.669882 2.579096 1.000000
-0.303781 0.382230 2.688505 1.000000
0.052489 0.353612 2.708911 1.000000
-0.116510 0.415175 2.605472 0.000000
-0.143573 0.211158 2.791848 0.000000
-0.267547 -0.016000 2.655549 0.509615
0.013228 -0.011902 2.671377 1.000000
-0.134396 0.005173 2.786883 0.000000
-0.362347 0.125225 2.651106 1.000000
0.099041 0.092234 2.689044 1.000000
-0.336389 -0.149916 2.571824 1.000000
0.097919 -0.192985 2.652838 1.000000
-0.323717 -0.216964 2.569480 0.728365
0.069098 -0.249972 2.628686 0.745192
-0.293447 -0.576829 2.706593 1.000000
-0.036393 -0.588351 2.715923 1.000000
-0.319161 -0.989047 2.814964 1.000000
-0.062141 -1.011496 2.767055 1.000000
-0.328485 -1.031247 2.652231 0.000000
-0.048060 -1.032468 2.600586 0.000000
-0.107914 0.672070 2.589024 1.000000
-0.306361 0.376791 2.693527 1.000000
0.050728 0.355028 2.706868 1.000000
-0.121478 0.412367 2.606331 0.000000
-0.140881 0.209802 2.795228 0.000000
-0.269816 -0.012703 2.654245 0.240385
0.011000 -0.017314 2.669161 0.750000
-0.135670 0.003396 2.785286 0.000000
-0.361035 0.119319 2.650883 1.000000
0.090900 0.092471 2.683433 1.000000
-0.330969 -0.154594 2.567305 1.000000
0.074243 -0.192116 2.642804 1.000000
-0.307013 -0.218432 2.563781 0.543269
0.040117 -0.247518 2.622123 0.644231
-0.292029 -0.578448 2.703004 1.000000
-0.033539 -0.590424 2.712725 1.000000
-0.316021 -0.991116 2.810050 1.000000
-0.066032 -1.013234 2.762771 1.000000
-0.324379 -1.032885 2.647153 0.000000
-0.050390 -1.034126 2.596431 0.000000
-0.098244 0.671168 2.592397 1.000000
-0.308956 0.376838 2.696759 1.000000
0.048247 0.353807 2.703026 1.000000
-0.125756 0.410960 2.605524 0.000000
-0.142060 0.210076 2.796497 0.000000
-0.276851 -0.016147 2.652925 0.182692
0.004171 -0.015423 2.664212 0.538462
-0.141353 0.002694 2.782197 0.000000
-0.363969 0.119915 2.649415 1.000000
0.085037 0.091316 2.671048 1.000000
-0.330886 -0.157425 2.577908 1.000000
0.056371 -0.193638 2.637805 1.000000
-0.305024 -0.220309 2.584100 0.694712
0.032285 -0.255634 2.622379 0.627404
-0.292334 -0.581000 2.703791 1.000000
-0.035391 -0.589785 2.711795 1.000000
-0.319284 -0.995221 2.803907 1.000000
-0.066887 -1.012644 2.762073 1.000000
-0.326836 -1.034274 2.640298 0.000000
-0.053208 -1.033462 2.595551 0.000000
-0.107786 0.667573 2.583450 1.000000
-0.311413 0.371938 2.709148 1.000000
0.046170 0.358010 2.698935 1.000000
-0.133452 0.412318 2.610408 0.000000
-0.136052 0.207852 2.798233 0.000000
-0.276772 -0.012285 2.663206 0.134615
0.004314 -0.018425 2.655805 0.548077
-0.132604 0.001195 2.783455 0.000000
-0.359514 0.115731 2.653227 1.000000
0.087305 0.095616 2.675689 1.000000
-0.337661 -0.166138 2.598722 1.000000
0.052373 -0.186014 2.627078 1.000000
-0.331330 -0.230442 2.620780 0.576923
0.032865 -0.249993 2.613375 0.711538
-0.291417 -0.580134 2.707627 1.000000
-0.034626 -0.590586 2.709410 1.000000
-0.321547 -0.996071 2.799377 1.000000
-0.064559 -1.013200 2.762612 1.000000
-0.337869 -1.031041 2.635484 0.000000
-0.062117 -1.034399 2.595595 0.000000
-0.108783 0.669516 2.593932 1.000000
-0.311963 0.369908 2.703363 1.000000
0.045832 0.358368 2.699636 1.000000
-0.132540 0.410787 2.607516 0.000000
-0.137118 0.207691 2.796783 0.000000
-0.277132 -0.012877 2.659276 0.451923
0.004047 -0.018519 2.656348 0.644231
-0.134915 0.001064 2.781775 0.000000
-0.366251 0.111285 2.665639 1.000000
0.088122 0.096138 2.673119 1.000000
-0.343638 -0.171785 2.616034 1.000000
0.058574 -0.187095 2.628325 1.000000
-0.343785 -0.237452 2.634725 0.627404
0.042894 -0.252728 2.617930 0.745192
-0.291987 -0.580412 2.706863 1.000000
-0.033840 -0.590544 2.710490 1.000000
-0.321579 -0.995935 2.800637 1.000000
-0.064678 -1.013910 2.756743 1.000000
-0.335446 -1.031935 2.636742 0.000000
-0.059726 -1.032545 2.589476 0.000000
-0.108743 0.668368 2.590369 1.000000
-0.308076 0.374243 2.705583 1.000000
0.049274 0.355310 2.695286 1.000000
-0.129640 0.411397 2.606435 0.000000
-0.134934 0.208455 2.795850 0.000000
-0.281231 -0.013824 2.664882 0.798077
-0.000225 -0.018500 2.654146 0.807692
-0.135722 0.000059 2.783459 0.000000
-0.368296 0.115276 2.678856 1.000000
0.085410 0.091658 2.671073 1.000000
-0.356527 -0.168549 2.628081 1.000000
0.058813 -0.192635 2.629319 1.000000
-0.351316 -0.234346 2.645552 0.576923
0.039902 -0.256905 2.616150 0.879808
-0.293022 -0.581603 2.710015 1.000000
-0.036714 -0.590928 2.709586 1.000000
-0.322774 -0.994158 2.816046 1.000000
-0.066456 -1.014516 2.754507 1.000000
-0.342111 -1.034483 2.653719 0.000000
-0.066383 -1.032277 2.587072 0.000000
-0.105174 0.666147 2.583120 1.000000
-0.303565 0.377678 2.706966 1.000000
0.053503 0.354152 2.696335 1.000000
-0.124678 0.413519 2.608145 0.000000
-0.132598 0.208687 2.795422 0.000000
-0.282890 -0.009210 2.665457 1.000000
-0.002242 -0.020445 2.650900 0.807692
-0.135448 0.002750 2.781835 0.000000
-0.366902 0.118554 2.686499 1.000000
0.086405 0.090668 2.663628 1.000000
-0.372624 -0.166501 2.639761 1.000000
0.067006 -0.196722 2.641167 1.000000
-0.381642 -0.234126 2.642446 0.593750
0.053127 -0.260007 2.619628 0.812500
-0.292014 -0.580218 2.705597 1.000000
-0.034074 -0.589667 2.708192 1.000000
-0.321619 -0.995412 2.800816 1.000000
-0.065890 -1.012337 2.759835 1.000000
-0.341507 -1.031438 2.637547 0.000000
-0.066157 -1.032738 2.592701 0.000000
-0.097707 0.665685 2.581949 1.000000
-0.306161 0.376548 2.705041 1.000000
0.050958 0.352049 2.699590 1.000000
-0.125721 0.412441 2.609105 0.000000
-0.137007 0.206553 2.795046 0.000000
-0.280540 -0.007239 2.660665 1.000000
0.000317 -0.021673 2.657157 0.798077
-0.137587 0.004628 2.782523 0.000000
-0.365644 0.115948 2.690426 1.000000
0.086171 0.088980 2.664680 1.000000
-0.376015 -0.170361 2.651761 1.000000
0.076260 -0.198917 2.640323 1.000000
-0.361004 -0.231115 2.679060 0.795673
0.048173 -0.258099 2.621082 0.879808
-0.290366 -0.579545 2.697307 1.000000
-0.030933 -0.589137 2.712265 1.000000
-0.323980 -0.992847 2.799192 1.000000
-0.064243 -1.012333 2.758367 1.000000
-0.338303 -1.031903 2.636037 0.000000
-0.057331 -1.031090 2.591183 0.000000
-0.090879 0.663485 2.583981 1.000000
-0.303592 0.375689 2.697901 1.000000
0.053551 0.351135 2.700973 1.000000
-0.121036 0.409589 2.605303 0.000000
-0.136554 0.207646 2.795223 0.000000
-0.278518 -0.009326 2.655765 1.000000
0.002394 -0.022819 2.658539 0.769231
-0.138354 0.003254 2.780752 0.000000
-0.364751 0.115273 2.684570 1.000000
0.088567 0.086985 2.673890 1.000000
-0.374389 -0.171613 2.649035 1.000000
0.075959 -0.200223 2.642086 1.000000
-0.346662 -0.233938 2.646143 0.661058
0.047320 -0.261344 2.631807 0.812500
-0.284693 -0.582123 2.692682 1.000000
-0.027781 -0.590454 2.710658 1.000000
-0.328255 -0.991002 2.807788 1.000000
-0.070709 -1.012936 2.755329 1.000000
-0.338718 -1.035506 2.645739 0.000000
-0.057691 -1.031895 2.588532 0.000000
-0.092514 0.666187 2.586523 1.000000
-0.298265 0.383071 2.698731 1.000000
0.058166 0.351275 2.709225 1.000000
-0.112989 0.415709 2.611221 0.000000
-0.136829 0.209216 2.795296 0.000000
-0.275862 -0.009628 2.653665 1.000000
0.005221 -0.018904 2.650887 0.961538
-0.133451 0.005369 2.775814 0.000000
-0.363527 0.123557 2.684238 1.000000
0.090430 0.085663 2.694183 1.000000
-0.357029 -0.161854 2.636769 1.000000
0.078356 -0.199088 2.643927 1.000000
-0.350984 -0.224768 2.662591 0.610577
0.049466 -0.260650 2.637832 0.711538
-0.280162 -0.581089 2.684669 1.000000
-0.021023 -0.586735 2.716865 1.000000
-0.323379 -0.990935 2.796416 1.000000
-0.071635 -1.008352 2.761659 1.000000
-0.337125 -1.033728 2.634151 0.000000
-0.060701 -1.027401 2.594723 0.000000
-0.085301 0.663916 2.580751 1.000000
-0.292449 0.384129 2.685591 1.000000
0.062911 0.353258 2.716088 1.000000
-0.102757 0.414453 2.607184 0.000000
-0.136401 0.213503 2.795808 0.000000
-0.270298 -0.011275 2.648032 1.000000
0.010029 -0.013972 2.670633 1.000000
-0.139921 0.004925 2.782810 0.000000
-0.358662 0.124713 2.673369 1.000000
0.100655 0.087944 2.719829 1.000000
-0.356561 -0.161071 2.627620 1.000000
0.080271 -0.186057 2.628844 1.000000
-0.333860 -0.224447 2.639009 0.661058
0.040698 -0.237744 2.649435 0.677885
-0.280284 -0.579871 2.679896 1.000000
-0.018588 -0.585119 2.723111 1.000000
-0.324702 -0.991537 2.784237 1.000000
-0.063294 -1.007938 2.762539 1.000000
-0.325237 -1.032851 2.621010 0.000000
-0.038882 -1.025963 2.596921 0.000000
-0.081500 0.665930 2.576779 1.000000
-0.290812 0.377649 2.679437 1.000000
0.063311 0.358152 2.728228 1.000000
-0.098395 0.413673 2.610674 0.000000
-0.135337 0.212452 2.798389 0.000000
-0.270151 -0.016009 2.645683 0.538462
0.008559 -0.010913 2.683045 0.432692
-0.147568 0.004137 2.787081 0.000000
-0.351750 0.118026 2.652014 1.000000
0.103973 0.093632 2.743902 1.000000
-0.338135 -0.169035 2.616981 1.000000
0.073911 -0.147014 2.585782 1.000000
-0.340208 -0.228153 2.651073 0.475962
0.071176 -0.202701 2.546373 0.021635
-0.283146 -0.580929 2.671721 1.000000
-0.020375 -0.585126 2.728347 1.000000
-0.328609 -0.992564 2.775734 1.000000
-0.059500 -1.008680 2.765759 1.000000
-0.323365 -1.034338 2.612707 0.000000
-0.027762 -1.026136 2.601326 0.000000
-0.074799 0.661198 2.573927 1.000000
-0.289272 0.381001 2.667627 1.000000
0.060443 0.373886 2.743867 1.000000
-0.093490 0.424091 2.614119 0.000000
-0.137745 0.220963 2.798162 0.000000
-0.236821 -0.004861 2.653812 0.490385
0.039240 -0.004683 2.707588 1.000000
-0.122463 0.013597 2.802161 0.000000
-0.332468 0.119143 2.643174 1.000000
0.123841 0.121017 2.799285 1.000000
-0.322830 -0.165580 2.602173 1.000000
0.124368 0.044823 2.521733 0.596154
-0.307142 -0.231903 2.606255 1.000000
0.126701 0.018443 2.458803 0.000000
-0.286721 -0.559391 2.643701 1.000000
-0.025627 -0.581184 2.732843 1.000000
-0.320025 -0.969745 2.756970 1.000000
-0.058452 -1.005314 2.769797 1.000000
-0.327364 -1.013949 2.594667 0.000000
-0.023011 -1.022322 2.606076 0.000000
-0.059234 0.665656 2.577867 1.000000
-0.291162 0.385734 2.659280 1.000000
0.055810 0.380666 2.747307 1.000000
-0.093997 0.430508 2.612680 0.000000
-0.142990 0.226044 2.794024 0.000000
-0.236929 0.000145 2.640437 0.394231
0.036870 0.000222 2.704745 0.951923
-0.128271 0.020222 2.792805 0.000000
-0.333650 0.127265 2.635944 1.000000
0.110275 0.124429 2.770381 0.984615
-0.322842 -0.154004 2.598228 1.000000
0.153041 0.193846 2.498344 1.000000
-0.315240 -0.220963 2.609195 1.000000
0.164172 0.207986 2.432482 0.000000
-0.291516 -0.554094 2.642570 1.000000
-0.030689 -0.575779 2.733416 1.000000
-0.322742 -0.975105 2.706634 1.000000
-0.057289 -1.000397 2.769766 1.000000
-0.312231 -1.001147 2.540617 0.000000
-0.016507 -1.016865 2.607237 0.000000
-0.062109 0.666273 2.567841 1.000000
-0.287615 0.388026 2.656990 1.000000
0.056605 0.381778 2.755160 1.000000
-0.089367 0.434896 2.617606 0.000000
-0.142756 0.225094 2.791457 0.000000
-0.239382 -0.000389 2.632626 0.538462
0.032102 0.004363 2.705942 1.000000
-0.136153 0.022364 2.788356 0.000000
-0.336198 0.130658 2.636688 1.000000
0.128738 0.131053 2.724432 1.000000
-0.335047 -0.149540 2.592319 1.000000
0.161139 0.317178 2.512798 1.000000
-0.314315 -0.213794 2.582161 1.000000
0.164772 0.361191 2.460728 0.257212
-0.294990 -0.552431 2.637153 1.000000
-0.032693 -0.573032 2.730316 1.000000
-0.332618 -0.974806 2.687275 1.000000
-0.052839 -0.997976 2.767001 1.000000
-0.312820 -0.996248 2.521449 0.000000
-0.007009 -1.014067 2.605784 0.000000
-0.068739 0.663982 2.560499 1.000000
-0.295317 0.386640 2.660477 1.000000
0.053137 0.387588 2.742592 1.000000
-0.100121 0.437591 2.611970 0.000000
-0.141035 0.226823 2.788021 0.000000
-0.251397 -0.008381 2.638092 0.923077
0.021914 0.012537 2.701059 1.000000
-0.143867 0.020731 2.789802 0.000000
-0.343860 0.128050 2.639309 1.000000
0.158096 0.170671 2.634870 1.000000
-0.352491 -0.154063 2.599401 1.000000
0.136272 0.416199 2.491712 1.000000
-0.322582 -0.214376 2.610774 1.000000
0.117557 0.471205 2.455856 0.627404
-0.302244 -0.553433 2.637922 1.000000
-0.036418 -0.570189 2.716206 1.000000
-0.340154 -0.978376 2.655680 1.000000
-0.055592 -0.993234 2.770928 1.000000
-0.321691 -0.987008 2.488543 0.000000
-0.016594 -1.015984 2.608719 0.000000
-0.106022 0.665624 2.546748 1.000000
-0.306869 0.382023 2.667796 1.000000
0.048302 0.389271 2.712121 1.000000
-0.118861 0.435594 2.598274 0.000000
-0.137176 0.225892 2.779329 0.000000
-0.263053 -0.014108 2.640743 0.807692
0.015021 0.010265 2.675124 1.000000
-0.141077 0.020902 2.779747 0.000000
-0.352737 0.122428 2.647529 1.000000
0.161918 0.214095 2.549922 1.000000
-0.354080 -0.160093 2.606250 1.000000
0.107261 0.467628 2.430519 1.000000
-0.334950 -0.225292 2.599565 1.000000
0.085223 0.516667 2.388434 0.913462
-0.304843 -0.557917 2.633316 1.000000
-0.038836 -0.572340 2.701923 1.000000
-0.329748 -0.983584 2.656048 1.000000
-0.052263 -0.994459 2.764884 1.000000
-0.333605 -0.992335 2.487944 0.000000
-0.030225 -1.019771 2.599888 0.000000
-0.134588 0.673326 2.552249 1.000000
-0.320800 0.372473 2.684640 1.000000
0.036083 0.393159 2.665384 0.875000
-0.150146 0.430420 2.581831 0.000000
-0.128228 0.225534 2.767930 0.000000
-0.270797 -0.014526 2.646537 0.750000
0.009582 -0.000356 2.629548 1.000000
-0.124634 0.020412 2.759858 0.000000
-0.360745 0.111716 2.664945 1.000000
0.133944 0.275006 2.449883 1.000000
-0.349166 -0.168417 2.610165 1.000000
0.070738 0.525325 2.327592 1.000000
-0.359588 -0.233919 2.593964 1.000000
0.047768 0.567520 2.279079 0.913462
-0.300045 -0.565148 2.638096 1.000000
-0.040870 -0.578141 2.693567 1.000000
-0.327057 -0.990918 2.655968 1.000000
-0.060132 -0.998923 2.763571 1.000000
-0.355284 -0.996091 2.490057 0.057692
-0.066061 -1.026274 2.597538 0.000000
-0.179619 0.672245 2.546377 1.000000
-0.325179 0.376832 2.727123 1.000000
-0.008945 0.412778 2.563208 0.903846
-0.215844 0.427564 2.558237 0.000000
-0.100882 0.254021 2.741971 0.000000
-0.262092 0.013335 2.699788 0.076923
-0.009578 -0.011222 2.578401 1.000000
-0.080853 0.015669 2.750513 0.000000
-0.379508 0.122644 2.697566 1.000000
0.039562 0.396402 2.306662 1.000000
-0.369198 -0.151668 2.630785 1.000000
0.006105 0.597462 2.111039 1.000000
-0.370719 -0.217874 2.614174 1.000000
-0.008214 0.632604 2.054280 1.000000
-0.297480 -0.554765 2.638688 1.000000
-0.052121 -0.577053 2.686870 1.000000
-0.328381 -0.980444 2.651782 1.000000
-0.067930 -0.998620 2.752906 1.000000
-0.407707 -0.979254 2.503269 0.000000
-0.139672 -1.019564 2.602027 0.000000
-0.237003 0.686302 2.540422 1.000000
-0.330069 0.348790 2.738798 1.000000
-0.064271 0.400795 2.513865 0.471154
-0.263732 0.393894 2.547446 0.000000
-0.093854 0.252500 2.715496 0.000000
-0.256136 0.008933 2.711246 0.125000
-0.029235 -0.021632 2.547896 1.000000
-0.068835 0.006868 2.729680 0.000000
-0.384429 0.095091 2.723845 1.000000
-0.040906 0.462587 2.262513 1.000000
-0.372145 -0.173528 2.643462 1.000000
-0.025220 0.570516 2.003913 1.000000
-0.376596 -0.241495 2.648188 1.000000
-0.019805 0.589763 1.938631 1.000000
-0.305487 -0.558552 2.634772 1.000000
-0.049766 -0.581084 2.691483 1.000000
-0.329651 -0.984577 2.650516 1.000000
-0.069844 -1.004295 2.744572 1.000000
-0.432305 -0.983687 2.517056 0.000000
-0.168339 -1.016683 2.608575 0.000000
-0.252104 0.678785 2.530166 1.000000
-0.331322 0.337951 2.750197 1.000000
-0.089807 0.382870 2.500071 0.961538
-0.283961 0.379109 2.552426 0.000000
-0.099622 0.238458 2.705160 0.000000
-0.254582 -0.002905 2.709235 0.644231
-0.045538 -0.037614 2.524310 1.000000
-0.066371 -0.004232 2.708369 0.173077
-0.385041 0.085314 2.744936 1.000000
-0.097730 0.455459 2.252266 1.000000
-0.371841 -0.178643 2.655577 1.000000
-0.064083 0.559235 1.995496 1.000000
-0.377295 -0.246347 2.662506 0.947115
-0.055082 0.578964 1.930756 1.000000
-0.303759 -0.573436 2.648073 1.000000
-0.043914 -0.590543 2.693039 1.000000
-0.324907 -0.999912 2.647909 1.000000
-0.063730 -1.014100 2.743394 1.000000
-0.439635 -0.994176 2.524805 0.000000
-0.175913 -1.023735 2.618205 0.000000
-0.279882 0.662539 2.526985 1.000000
-0.345444 0.321769 2.745280 1.000000
-0.107520 0.365202 2.491182 0.663462
-0.301143 0.356476 2.545572 0.000000
-0.110582 0.229043 2.702220 0.000000
-0.251831 -0.015739 2.698568 1.000000
-0.042501 -0.054633 2.514802 1.000000
-0.063615 -0.015595 2.697713 0.216346
-0.387093 0.068945 2.750917 0.923077
-0.119944 0.432340 2.244150 1.000000
-0.359194 -0.193692 2.668160 1.000000
-0.095046 0.536832 1.989068 1.000000
-0.368771 -0.261058 2.662528 0.745192
-0.090458 0.557360 1.924113 1.000000
-0.300023 -0.586968 2.649379 1.000000
-0.045084 -0.607678 2.679714 1.000000
-0.326944 -1.013113 2.647222 1.000000
-0.073377 -1.029230 2.741543 1.000000
-0.440640 -1.005303 2.523276 0.000000
-0.184340 -1.040286 2.615388 0.000000
-0.282007 0.650573 2.512355 1.000000
-0.341019 0.312818 2.749604 1.000000
-0.101367 0.358749 2.496884 0.500000
-0.295603 0.351550 2.550889 0.000000
-0.107420 0.217663 2.705008 0.000000
-0.244482 -0.019079 2.702633 0.634615
-0.034226 -0.065399 2.521668 1.000000
-0.056431 -0.026782 2.704539 0.331731
-0.383485 0.061300 2.746663 0.892308
-0.115700 0.424086 2.250715 1.000000
-0.366074 -0.202272 2.668451 1.000000
-0.095840 0.517770 1.992415 1.000000
-0.358572 -0.266703 2.647145 0.762019
-0.092224 0.536989 1.927000 1.000000
-0.304097 -0.591118 2.650567 1.000000
-0.046863 -0.616630 2.685630 1.000000
-0.325469 -1.017518 2.643129 1.000000
-0.078637 -1.038751 2.741608 1.000000
-0.438463 -1.009681 2.518545 0.000000
-0.189211 -1.047229 2.614913 0.000000
-0.269355 0.641702 2.509926 1.000000
-0.336818 0.305975 2.751110 1.000000
-0.090755 0.351514 2.504747 0.461538
-0.286184 0.346859 2.554094 0.000000
-0.103880 0.207505 2.710418 0.000000
-0.243328 -0.025476 2.706027 0.807692
-0.029899 -0.070576 2.528502 1.000000
-0.055326 -0.032893 2.711147 0.663462
-0.379334 0.056166 2.733497 1.000000
-0.095474 0.415752 2.259036 1.000000
-0.364742 -0.208802 2.664021 1.000000
-0.084292 0.502894 1.999172 1.000000
-0.347395 -0.263050 2.626366 0.644231
-0.083674 0.521633 1.933521 1.000000
-0.305462 -0.595744 2.646427 1.000000
-0.044453 -0.621149 2.697202 1.000000
-0.326421 -1.022146 2.654864 1.000000
-0.075266 -1.044173 2.746503 1.000000
-0.437703 -1.019176 2.528541 0.000000
-0.184081 -1.051199 2.618207 0.000000
-0.246242 0.642730 2.528825 1.000000
-0.306503 0.337286 2.743588 1.000000
-0.057003 0.330126 2.497821 0.000000
-0.251796 0.347451 2.543702 0.000000
-0.081993 0.216263 2.719906 0.000000
-0.242042 -0.025074 2.723032 1.000000
-0.034019 -0.074309 2.540265 1.000000
-0.054244 -0.037616 2.723760 0.288462
-0.375576 0.094824 2.728083 1.000000
-0.035691 0.379253 2.250977 0.984615
-0.380345 -0.173334 2.678355 1.000000
-0.050143 0.459810 1.990774 1.000000
-0.366242 -0.227909 2.639830 1.000000
-0.068767 0.484445 1.929882 1.000000
-0.304402 -0.597646 2.656643 1.000000
-0.034683 -0.621881 2.706847 1.000000
-0.328137 -1.023797 2.643925 1.000000
-0.080829 -1.044516 2.746589 1.000000
-0.440274 -1.013815 2.518722 0.000000
-0.191982 -1.044272 2.620118 0.000000
-0.217099 0.652999 2.543689 1.000000
-0.308132 0.334896 2.749267 1.000000
-0.032009 0.337563 2.524468 0.000000
-0.234831 0.352814 2.555989 0.000000
-0.081794 0.215166 2.742332 0.000000
-0.254388 -0.029339 2.724711 1.000000
-0.030357 -0.064699 2.558393 1.000000
-0.066803 -0.031332 2.740009 0.000000
-0.358288 0.090058 2.719000 1.000000
0.019535 0.326809 2.278288 0.769231
-0.386989 -0.175230 2.666943 1.000000
-0.035691 0.385928 2.018737 1.000000
-0.357467 -0.232125 2.643425 0.913462
-0.063832 0.407510 1.960394 1.000000
-0.305076 -0.599266 2.669227 1.000000
-0.035110 -0.618304 2.716165 1.000000
-0.330308 -1.025015 2.648473 1.000000
-0.077803 -1.041525 2.753456 1.000000
-0.434602 -1.012419 2.516889 0.000000
-0.176946 -1.043513 2.617379 0.000000
-0.197892 0.657189 2.558266 1.000000
-0.313242 0.331968 2.756059 1.000000
-0.016322 0.359383 2.557940 0.000000
-0.222929 0.370685 2.573316 0.000000
-0.085857 0.214039 2.757068 0.000000
-0.250687 -0.021544 2.721836 0.000000
-0.011274 -0.057666 2.578735 1.000000
-0.065549 -0.023494 2.755688 0.000000
-0.354015 0.087691 2.715274 1.000000
0.082926 0.249071 2.355509 0.369231
-0.375261 -0.177152 2.661651 1.000000
0.005439 0.278650 2.097460 1.000000
-0.360651 -0.242851 2.673137 0.879808
-0.029309 0.270637 2.039236 1.000000
-0.300058 -0.590877 2.667188 1.000000
-0.039786 -0.615428 2.716588 1.000000
-0.320821 -1.017212 2.678877 1.000000
-0.073969 -1.039400 2.754119 1.000000
-0.413773 -1.016535 2.538486 0.000000
-0.160233 -1.045235 2.609638 0.000000
-0.176057 0.665519 2.573846 1.000000
-0.308055 0.355151 2.751215 1.000000
0.025208 0.402739 2.629416 1.000000
-0.179368 0.427886 2.605614 0.000000
-0.090424 0.221133 2.768198 0.000000
-0.261148 0.000876 2.703828 0.163462
0.001294 -0.028576 2.607088 1.000000
-0.085380 0.003244 2.771103 0.000000
-0.347905 0.107878 2.712467 1.000000
0.100414 0.195877 2.503777 1.000000
-0.362957 -0.160133 2.659052 1.000000
0.060868 0.055834 2.271971 1.000000
-0.349597 -0.225168 2.643130 1.000000
0.032320 0.018836 2.222194 1.000000
-0.288726 -0.571064 2.662195 1.000000
-0.041407 -0.591852 2.709658 1.000000
-0.319272 -0.985943 2.758487 1.000000
-0.068075 -1.015818 2.752909 1.000000
-0.386012 -1.016212 2.606897 0.000000
-0.125036 -1.028349 2.594958 0.000000
-0.151609 0.677356 2.572349 1.000000
-0.303830 0.369536 2.732777 1.000000
0.045426 0.390008 2.656847 1.000000
-0.151539 0.430582 2.605768 0.000000
-0.101522 0.219343 2.778879 0.000000
-0.272656 0.007649 2.691313 1.000000
0.000679 -0.019014 2.630663 1.000000
-0.107533 0.011789 2.781552 0.000000
-0.351006 0.118780 2.708751 1.000000
0.098860 0.149598 2.585929 1.000000
-0.365846 -0.154032 2.664555 1.000000
0.090399 -0.075973 2.425786 1.000000
-0.355484 -0.221304 2.659200 0.980769
0.066763 -0.127970 2.388380 1.000000
-0.290491 -0.566694 2.674978 1.000000
-0.035699 -0.583254 2.706270 1.000000
-0.318761 -0.977107 2.789392 1.000000
-0.068010 -1.006140 2.755788 1.000000
-0.367204 -1.017306 2.633227 0.000000
-0.098482 -1.023100 2.591064 0.000000
-0.144203 0.682652 2.588881 1.000000
-0.304057 0.373526 2.719483 1.000000
0.050668 0.382924 2.672089 1.000000
-0.140125 0.430040 2.605540 0.000000
-0.111051 0.216694 2.780839 0.000000
-0.272646 0.005028 2.678941 0.788462
0.004929 -0.019180 2.640633 0.932692
-0.115236 0.013395 2.781790 0.000000
-0.353518 0.120252 2.702973 1.000000
0.104125 0.129967 2.667405 1.000000
-0.362051 -0.154817 2.655585 1.000000
0.085345 -0.141025 2.602660 1.000000
-0.357999 -0.222867 2.651794 0.862981
0.071448 -0.203645 2.579266 1.000000
-0.289244 -0.568813 2.691649 1.000000
-0.035276 -0.584628 2.700952 1.000000
-0.326978 -0.979498 2.802299 1.000000
-0.068045 -1.006780 2.756121 1.000000
-0.362374 -1.019282 2.642566 0.000000
-0.082978 -1.027372 2.589678 0.000000
-0.128809 0.683539 2.590128 1.000000
-0.309678 0.371916 2.709201 1.000000
0.047626 0.372893 2.686906 1.000000
-0.136982 0.419886 2.604676 0.000000
-0.124751 0.215062 2.791729 0.000000
-0.276538 -0.006988 2.655379 1.000000
0.004527 -0.011321 2.646152 1.000000
-0.131607 0.014845 2.773465 0.000000
-0.360563 0.117634 2.687274 1.000000
0.092350 0.116902 2.700971 1.000000
-0.369920 -0.160734 2.649706 1.000000
0.077700 -0.163348 2.716238 1.000000
-0.361880 -0.224296 2.626109 0.913462
0.080611 -0.227667 2.738957 0.122596
-0.291754 -0.572466 2.703477 1.000000
-0.034626 -0.582681 2.708078 1.000000
-0.327016 -0.980309 2.824925 1.000000
-0.066744 -1.006139 2.752587 1.000000
-0.348166 -1.026300 2.664339 0.000000
-0.065743 -1.023814 2.585145 0.000000
-0.129141 0.681868 2.608000 1.000000
-0.310150 0.376827 2.698050 1.000000
0.047805 0.371195 2.697331 1.000000
-0.130637 0.420102 2.603432 0.000000
-0.133433 0.218088 2.793889 0.000000
-0.279036 -0.010604 2.645433 1.000000
0.001864 -0.010797 2.659446 1.000000
-0.144715 0.010477 2.775584 0.000000
-0.363240 0.121215 2.678504 1.000000
0.098056 0.116516 2.731265 1.000000
-0.368883 -0.158585 2.638371 1.000000
0.084865 -0.165558 2.717453 1.000000
-0.364249 -0.226321 2.631160 0.947115
0.068244 -0.229197 2.699140 0.711538
-0.290069 -0.575879 2.708522 1.000000
-0.038649 -0.584381 2.708400 1.000000
-0.322261 -0.981151 2.839086 1.000000
-0.066645 -1.007652 2.757259 1.000000
-0.329526 -1.032211 2.678804 0.000000
-0.051914 -1.027846 2.590750 0.000000
-0.120432 0.684865 2.603318 1.000000
-0.312860 0.380473 2.700263 1.000000
0.044301 0.364746 2.719039 1.000000
-0.127273 0.420701 2.616659 0.000000
-0.146081 0.214764 2.801935 0.000000
-0.279567 -0.014246 2.657125 0.932692
0.001385 -0.010530 2.669515 1.000000
-0.144787 0.006354 2.786879 0.000000
-0.368564 0.125265 2.664993 1.000000
0.100608 0.107821 2.736268 1.000000
-0.362066 -0.155969 2.621495 1.000000
0.101444 -0.172441 2.686472 1.000000
-0.368017 -0.223921 2.618552 0.745192
0.068343 -0.230208 2.671343 0.846154
-0.289492 -0.578873 2.712429 1.000000
-0.042516 -0.586794 2.707520 1.000000
-0.321422 -0.983990 2.843540 1.000000
-0.064772 -1.009248 2.765542 1.000000
-0.330441 -1.035117 2.683369 0.000000
-0.051566 -1.032770 2.599342 0.000000
-0.116448 0.683974 2.619440 1.000000
-0.313146 0.377383 2.695918 1.000000
0.042874 0.358757 2.728580 1.000000
-0.124123 0.416519 2.619833 0.000000
-0.151759 0.209912 2.803247 0.000000
-0.280916 -0.014485 2.655858 0.817308
-0.000685 -0.012712 2.679709 1.000000
-0.151418 0.003394 2.791271 0.000000
-0.368863 0.121822 2.656612 1.000000
0.094631 0.099371 2.729597 1.000000
-0.359004 -0.160388 2.613593 1.000000
0.101822 -0.178326 2.663093 1.000000
-0.379111 -0.222670 2.594146 0.762019
0.079068 -0.242699 2.663003 0.879808
-0.290032 -0.580742 2.711734 1.000000
-0.039844 -0.587977 2.714952 1.000000
-0.319168 -0.987852 2.837200 1.000000
-0.063151 -1.011024 2.768024 1.000000
-0.320856 -1.037329 2.676267 0.000000
-0.042486 -1.032945 2.602366 0.000000
-0.118951 0.679736 2.621361 1.000000
-0.317333 0.374606 2.696357 1.000000
0.038916 0.357661 2.727388 1.000000
-0.128853 0.412796 2.618466 0.000000
-0.154850 0.209739 2.806038 0.000000
-0.276680 -0.012253 2.660497 0.250000
0.003744 -0.016073 2.681703 1.000000
-0.145639 0.000426 2.795009 0.000000
-0.368550 0.117840 2.653918 1.000000
0.089096 0.097220 2.724901 1.000000
-0.363235 -0.164744 2.607382 1.000000
0.093128 -0.180160 2.653547 1.000000
-0.347057 -0.229546 2.621546 0.913462
0.078407 -0.244208 2.635031 0.677885
-0.289097 -0.580436 2.712118 1.000000
-0.038772 -0.589775 2.721492 1.000000
-0.318197 -0.989626 2.830634 1.000000
-0.064798 -1.013517 2.767259 1.000000
-0.320838 -1.036289 2.668876 0.000000
-0.046399 -1.032606 2.600984 0.000000
-0.119760 0.679911 2.623313 1.000000
-0.323253 0.365077 2.699791 1.000000
0.033097 0.359876 2.733727 1.000000
-0.135521 0.409953 2.623679 0.000000
-0.156254 0.205149 2.810003 0.000000
-0.283797 -0.017650 2.650527 0.375000
-0.005475 -0.012077 2.690621 0.923077
-0.162634 -0.001374 2.793638 0.000000
-0.369264 0.105962 2.660414 1.000000
0.081442 0.098479 2.721781 1.000000
-0.347504 -0.174295 2.600745 1.000000
0.066622 -0.180342 2.653831 1.000000
-0.354317 -0.238755 2.622195 0.627404
0.040292 -0.238607 2.629882 0.711538
-0.290589 -0.583286 2.712996 1.000000
-0.039714 -0.588501 2.720965 1.000000
-0.323160 -0.990000 2.838901 1.000000
-0.065213 -1.012565 2.763957 1.000000
-0.313781 -1.040400 2.678520 0.000000
-0.034711 -1.031082 2.599406 0.000000
-0.121494 0.676826 2.634875 1.000000
-0.323278 0.369066 2.700562 1.000000
0.032715 0.361012 2.737549 1.000000
-0.134585 0.413655 2.626689 0.000000
-0.158329 0.206594 2.810138 0.000000
-0.286251 -0.017105 2.653009 0.355769
-0.007678 -0.012708 2.691466 0.711538
-0.164178 -0.003420 2.795616 0.000000
-0.372671 0.110659 2.657816 1.000000
0.077569 0.098865 2.719994 1.000000
-0.350118 -0.172762 2.612940 1.000000
0.052944 -0.180173 2.653805 1.000000
-0.336797 -0.239700 2.611106 0.593750
0.034629 -0.237940 2.622355 0.661058
-0.290989 -0.583724 2.714114 1.000000
-0.037353 -0.588334 2.722430 1.000000
-0.322516 -0.996081 2.820402 1.000000
-0.063747 -1.012498 2.763875 1.000000
-0.310603 -1.038856 2.657988 0.000000
-0.033440 -1.030471 2.599228 0.000000
-0.117936 0.677615 2.630867 1.000000
-0.326321 0.368447 2.703976 1.000000
0.030184 0.363309 2.736248 1.000000
-0.138999 0.414749 2.627706 0.000000
-0.158588 0.207165 2.811054 0.000000
-0.289236 -0.015609 2.659055 0.423077
-0.009791 -0.015129 2.690871 0.865385
-0.163622 -0.003537 2.798702 0.000000
-0.375933 0.109862 2.661864 1.000000
0.075029 0.100980 2.719723 1.000000
-0.357520 -0.174320 2.619194 1.000000
0.048612 -0.179332 2.659331 1.000000
-0.331500 -0.237196 2.624776 0.627404
0.024638 -0.239329 2.637259 0.492788
-0.288910 -0.584858 2.716477 1.000000
-0.038128 -0.589208 2.722415 1.000000
-0.321541 -0.993961 2.834371 1.000000
-0.061142 -1.013620 2.763328 1.000000
-0.314342 -1.041073 2.672881 0.000000
-0.034783 -1.030993 2.597939 0.000000
-0.121326 0.679792 2.636842 1.000000
