-0.361824 0.327894 2.767897 1.000000
0.003144 0.327678 2.763006 1.000000
-0.180830 0.374713 2.652174 0.000000
-0.178081 0.192543 2.865348 0.000000
-0.388566 -0.029464 2.762408 0.278846
0.024431 -0.033315 2.733863 0.423077
-0.172380 -0.043040 2.889870 0.000000
-0.434450 0.054804 2.752440 1.000000
0.068849 0.053915 2.791777 1.000000
-0.409645 -0.236557 2.710124 1.000000
0.045395 -0.240257 2.777279 1.000000
-0.395757 -0.304929 2.711321 0.543269
0.030661 -0.304190 2.753520 0.375000
-0.287737 -0.563127 2.789420 1.000000
-0.059906 -0.561642 2.791610 1.000000
-0.296713 -0.977836 2.906451 1.000000
-0.075419 -0.984193 2.875103 1.000000
-0.309649 -1.021333 2.751327 0.000000
-0.082608 -1.015238 2.716651 0.000000
-0.167657 0.604218 2.717966 0.394231
-0.361580 0.331645 2.771191 1.000000
0.003145 0.327212 2.757725 1.000000
-0.182842 0.375846 2.651019 0.000000
-0.177145 0.194643 2.864957 0.000000
-0.383952 -0.026089 2.760638 0.192308
0.029219 -0.036425 2.736570 0.548077
-0.169350 -0.041383 2.890560 0.000000
-0.431608 0.058777 2.752210 1.000000
0.081097 0.059833 2.804125 1.000000
-0.407254 -0.231743 2.708643 1.000000
0.054687 -0.232859 2.781167 1.000000
-0.395438 -0.300514 2.708388 0.560096
0.037333 -0.297600 2.761762 0.341346
-0.287321 -0.561445 2.791675 1.000000
-0.060265 -0.563496 2.791812 1.000000
-0.294186 -0.976281 2.908401 1.000000
-0.075721 -0.986124 2.874923 1.000000
-0.306177 -1.019754 2.753195 0.000000
-0.081823 -1.017074 2.716406 0.000000
-0.168350 0.605776 2.710717 0.322115
-0.361497 0.329850 2.766744 1.000000
0.003490 0.331581 2.764218 1.000000
-0.180011 0.378233 2.652445 0.000000
-0.177673 0.194955 2.864672 0.000000
-0.383691 -0.028238 2.748817 0.346154
0.030281 -0.032814 2.747222 0.538462
-0.176247 -0.038666 2.890329 0.000000
-0.428359 0.055050 2.742986 1.000000
0.079306 0.061335 2.806277 1.000000
-0.408324 -0.238763 2.710279 1.000000
0.052550 -0.232054 2.774590 1.000000
-0.394843 -0.307154 2.713437 0.442308
0.044854 -0.293003 2.741497 0.324519
-0.286515 -0.561185 2.794163 1.000000
-0.058754 -0.562941 2.787375 1.000000
-0.293598 -0.977055 2.907135 1.000000
-0.075761 -0.983753 2.878969 1.000000
-0.296863 -1.019365 2.751181 0.000000
-0.071747 -1.018272 2.721124 0.000000
-0.168113 0.612243 2.704573 0.346154
-0.364288 0.330700 2.769196 1.000000
0.000622 0.330851 2.761078 1.000000
-0.184376 0.377257 2.651695 0.000000
-0.179544 0.195925 2.865546 0.000000
-0.383487 -0.027174 2.760037 0.269231
0.029882 -0.031801 2.737651 0.528846
-0.169204 -0.038022 2.890928 0.000000
-0.431131 0.057717 2.745194 1.000000
0.082413 0.064410 2.804476 1.000000
-0.402062 -0.233214 2.710040 1.000000
0.054162 -0.224425 2.754501 1.000000
-0.390908 -0.302044 2.712713 0.391827
0.046145 -0.286120 2.722900 0.442308
-0.285246 -0.560680 2.794819 1.000000
-0.053820 -0.561213 2.785564 1.000000
-0.294197 -0.977325 2.904762 1.000000
-0.074675 -0.981665 2.878011 1.000000
-0.304998 -1.018254 2.748779 0.000000
-0.077500 -1.016234 2.720152 0.000000
-0.168070 0.613534 2.694259 0.408654
-0.364501 0.331726 2.771275 1.000000
0.000239 0.330471 2.757563 1.000000
-0.186219 0.378385 2.651356 0.000000
-0.178860 0.195539 2.863840 0.000000
-0.380642 -0.029974 2.759058 0.211538
0.032738 -0.030478 2.736427 0.519231
-0.166188 -0.039498 2.889771 0.000000
-0.426271 0.056624 2.756315 1.000000
0.083488 0.066536 2.813493 1.000000
-0.403465 -0.233916 2.712056 1.000000
0.056998 -0.212645 2.722668 1.000000
-0.391495 -0.302564 2.708417 0.425481
0.041214 -0.270739 2.687383 0.509615
-0.287785 -0.561491 2.795985 1.000000
-0.055592 -0.561703 2.783032 1.000000
-0.293242 -0.977657 2.907954 1.000000
-0.079196 -0.980805 2.880796 1.000000
-0.304919 -1.019396 2.752248 0.000000
-0.082032 -1.017364 2.723386 0.000000
-0.174696 0.613432 2.695552 0.644231
-0.360968 0.334130 2.774828 1.000000
0.003513 0.335017 2.755392 1.000000
-0.184865 0.381957 2.652180 0.000000
-0.173107 0.198928 2.864309 0.000000
-0.383766 -0.025749 2.768692 0.250000
0.028322 -0.029765 2.729153 0.365385
-0.164234 -0.037577 2.890485 0.000000
-0.431251 0.060905 2.763405 1.000000
0.073145 0.070414 2.825095 1.000000
-0.405474 -0.228777 2.715295 1.000000
0.057653 -0.142332 2.621641 1.000000
-0.397947 -0.296992 2.727911 0.391827
0.023232 -0.182098 2.575782 0.358173
-0.288642 -0.558796 2.798073 1.000000
-0.055197 -0.559433 2.780217 1.000000
-0.292726 -0.976733 2.903301 1.000000
-0.076893 -0.977682 2.881993 1.000000
-0.310406 -1.015797 2.747468 0.000000
-0.085329 -1.015431 2.725065 0.000000
-0.190655 0.611056 2.693246 0.615385
-0.361224 0.331370 2.775770 1.000000
0.003256 0.335942 2.756853 1.000000
-0.185442 0.380734 2.653272 0.000000
-0.172122 0.198287 2.865809 0.000000
-0.378194 -0.023585 2.759082 0.201923
0.035225 -0.030707 2.738341 0.519231
-0.164502 -0.035706 2.890825 0.000000
-0.422646 0.057702 2.764748 1.000000
0.106688 0.081871 2.816331 1.000000
-0.407113 -0.231222 2.718302 1.000000
0.030572 -0.011773 2.549286 0.442308
-0.397531 -0.300050 2.724622 0.459135
-0.006713 0.001310 2.491773 0.240385
-0.289849 -0.556901 2.797005 1.000000
-0.058841 -0.561271 2.774622 1.000000
-0.293418 -0.973457 2.907594 1.000000
-0.075300 -0.978107 2.882965 1.000000
-0.305103 -1.014727 2.751765 0.000000
-0.077549 -1.018678 2.726531 0.000000
-0.172192 0.615649 2.688186 0.596154
-0.362008 0.333833 2.781207 1.000000
0.001808 0.336621 2.751968 1.000000
-0.189446 0.385371 2.655078 0.000000
-0.171359 0.197188 2.862193 0.000000
-0.375866 -0.020544 2.766634 0.173077
0.036719 -0.030119 2.733809 0.894231
-0.158536 -0.035619 2.891963 0.000000
-0.420269 0.061273 2.777485 1.000000
0.126401 0.087374 2.744889 1.000000
-0.407071 -0.224971 2.726715 1.000000
-0.012073 0.138471 2.494087 0.711538
-0.402014 -0.294461 2.730536 0.459135
-0.036412 0.180308 2.443825 0.173077
-0.289083 -0.554900 2.795967 1.000000
-0.059979 -0.559918 2.773613 1.000000
-0.294359 -0.971107 2.907791 1.000000
-0.076144 -0.976414 2.883296 1.000000
-0.310785 -1.012633 2.752458 0.000000
-0.083336 -1.017273 2.727087 0.000000
-0.168765 0.615429 2.691608 0.533654
-0.344364 0.336161 2.774391 1.000000
0.020590 0.334790 2.768772 0.000000
-0.163398 0.387810 2.660699 0.000000
-0.160977 0.195574 2.864846 0.000000
-0.375147 -0.017182 2.755715 0.163462
0.038553 -0.031579 2.749338 0.721154
-0.166428 -0.033667 2.894754 0.000000
-0.418551 0.067189 2.790141 1.000000
0.103406 0.145836 2.580264 0.723077
-0.407009 -0.217149 2.725782 1.000000
-0.035143 0.337735 2.409670 1.000000
-0.397969 -0.285235 2.738096 0.425481
-0.079150 0.359565 2.360113 0.627404
-0.285618 -0.553233 2.793587 1.000000
-0.059710 -0.560511 2.774774 1.000000
-0.294577 -0.968690 2.907941 1.000000
-0.075034 -0.977195 2.883862 1.000000
-0.300746 -1.011427 2.752191 0.000000
-0.072181 -1.018221 2.727557 0.000000
-0.192267 0.614539 2.699161 0.365385
-0.324239 0.351610 2.783558 1.000000
0.039039 0.319220 2.769225 0.000000
-0.141805 0.392376 2.667806 0.000000
-0.151929 0.192093 2.863818 0.000000
-0.374378 -0.012874 2.759880 0.163462
0.038681 -0.030397 2.738176 0.836538
-0.160678 -0.028715 2.891214 0.000000
-0.414035 0.086345 2.803517 1.000000
0.073872 0.242502 2.501404 0.784615
-0.412674 -0.198171 2.733036 1.000000
-0.058252 0.418227 2.307541 1.000000
-0.396877 -0.265549 2.724108 0.526442
-0.110477 0.444359 2.269347 0.846154
-0.285559 -0.550193 2.792544 1.000000
-0.055691 -0.557689 2.775446 1.000000
-0.293332 -0.965946 2.905904 1.000000
-0.077443 -0.974149 2.884300 1.000000
-0.305378 -1.008135 2.750348 0.000000
-0.079384 -1.014924 2.727914 0.000000
-0.188327 0.607951 2.684240 0.519231
-0.301094 0.377858 2.787844 1.000000
0.054976 0.317928 2.744316 0.317308
-0.128311 0.394898 2.652945 0.000000
-0.132660 0.213665 2.866889 0.000000
-0.373834 -0.003158 2.781858 0.211538
0.036284 -0.028124 2.731108 0.817308
-0.151742 -0.023105 2.897807 0.000000
-0.407099 0.114881 2.805484 1.000000
0.019281 0.338460 2.463230 0.615385
-0.414922 -0.177544 2.756580 1.000000
-0.076786 0.455130 2.208035 1.000000
-0.405916 -0.245565 2.743883 0.526442
-0.104908 0.477254 2.148129 1.000000
-0.284337 -0.544247 2.788832 1.000000
-0.053129 -0.552556 2.777049 1.000000
-0.293015 -0.960446 2.900477 1.000000
-0.075966 -0.970708 2.878974 1.000000
-0.315440 -1.001480 2.745764 0.000000
-0.088537 -1.008219 2.722265 0.000000
-0.181523 0.619018 2.698737 0.341346
-0.331159 0.359818 2.847948 1.000000
-0.003715 0.338056 2.699267 0.000000
-0.208741 0.399079 2.669582 0.000000
-0.133322 0.210806 2.863235 0.000000
-0.363753 -0.004918 2.836215 0.000000
0.017759 -0.021671 2.676329 1.000000
-0.118202 -0.019780 2.887702 0.000000
-0.404352 0.083212 2.809198 1.000000
-0.043018 0.397264 2.419412 0.892308
-0.395536 -0.215387 2.768816 1.000000
-0.091577 0.478256 2.133139 1.000000
-0.390130 -0.281844 2.748242 0.560096
-0.114496 0.468214 2.068002 0.812500
-0.280882 -0.544493 2.783537 1.000000
-0.051063 -0.545222 2.778757 1.000000
-0.292540 -0.958827 2.901655 1.000000
-0.065002 -0.964665 2.876913 1.000000
-0.351897 -0.998495 2.756652 0.000000
-0.122037 -0.997324 2.729255 0.000000
-0.210479 0.609573 2.693609 0.490385
-0.329822 0.352311 2.840429 1.000000
0.005605 0.345572 2.702621 0.000000
-0.203435 0.394987 2.665651 0.000000
-0.125003 0.214455 2.865383 0.000000
-0.363365 -0.012034 2.833138 0.000000
0.021671 -0.017091 2.681093 1.000000
-0.118622 -0.021070 2.889586 0.000000
-0.411284 0.075626 2.817511 1.000000
-0.029528 0.373879 2.416823 0.923077
-0.396435 -0.223009 2.774568 1.000000
-0.103296 0.457932 2.136215 1.000000
-0.391248 -0.283823 2.740749 0.509615
-0.139339 0.451960 2.076765 1.000000
-0.281534 -0.547855 2.786522 1.000000
-0.051711 -0.545934 2.771872 1.000000
-0.292551 -0.962719 2.902830 1.000000
-0.067368 -0.964079 2.875171 1.000000
-0.350622 -1.002004 2.757203 0.000000
-0.119806 -0.998892 2.726305 0.000000
-0.231273 0.603275 2.711061 0.144231
-0.325450 0.362132 2.826479 0.000000
0.026147 0.333786 2.732666 0.000000
-0.174449 0.399442 2.671080 0.000000
-0.135835 0.209064 2.873322 0.000000
-0.374781 -0.011000 2.806610 0.096154
0.026596 -0.011640 2.705162 1.000000
-0.139285 -0.022374 2.893671 0.000000
-0.418405 0.088201 2.822927 1.000000
0.009604 0.315266 2.444439 0.661539
-0.411162 -0.211478 2.786037 1.000000
-0.104534 0.437367 2.192875 1.000000
-0.394170 -0.270298 2.752564 0.375000
-0.136100 0.449129 2.131766 0.728365
-0.283493 -0.545087 2.789977 1.000000
-0.054975 -0.543075 2.766690 1.000000
-0.291856 -0.961355 2.901386 1.000000
-0.069000 -0.958818 2.879483 1.000000
-0.332356 -1.001049 2.750036 0.000000
-0.100146 -0.999365 2.726158 0.000000
-0.240164 0.597944 2.718815 0.245192
-0.330540 0.341276 2.811126 1.000000
0.029500 0.324350 2.753593 0.000000
-0.165212 0.388416 2.674061 0.000000
-0.143009 0.190309 2.871284 0.000000
-0.374403 -0.018402 2.793715 0.086538
0.031603 -0.023727 2.712923 1.000000
-0.143809 -0.032301 2.892713 0.000000
-0.416650 0.061462 2.820681 1.000000
0.062033 0.198787 2.490956 0.907692
-0.406022 -0.239157 2.765568 1.000000
-0.082479 0.381889 2.293189 1.000000
-0.397499 -0.298962 2.730644 0.408654
-0.137577 0.388377 2.250866 0.375000
-0.288002 -0.552711 2.795745 1.000000
-0.055419 -0.553954 2.769170 1.000000
-0.293200 -0.970364 2.902048 1.000000
-0.072605 -0.968703 2.885139 1.000000
-0.327284 -1.008935 2.748839 0.000000
-0.096013 -1.010867 2.730876 0.000000
-0.226253 0.602895 2.708438 0.769231
-0.339785 0.328047 2.804582 1.000000
0.020225 0.329349 2.744448 1.000000
-0.178345 0.379508 2.664470 0.000000
-0.143612 0.190088 2.868309 0.000000
-0.378947 -0.027997 2.786316 0.048077
0.029867 -0.027946 2.720997 1.000000
-0.152111 -0.038604 2.894021 0.000000
-0.424159 0.047681 2.813807 1.000000
0.097977 0.108961 2.567832 0.961538
-0.406683 -0.251175 2.751289 1.000000
-0.049734 0.281818 2.363306 1.000000
-0.400758 -0.315432 2.777842 0.290865
-0.110469 0.301062 2.334846 0.610577
-0.291883 -0.560124 2.798620 1.000000
-0.058998 -0.560148 2.771654 1.000000
-0.290496 -0.978250 2.903165 1.000000
-0.074288 -0.975745 2.884820 1.000000
-0.319275 -1.016918 2.748895 0.000000
-0.092478 -1.017316 2.729696 0.000000
-0.220606 0.607378 2.717329 0.379808
-0.352399 0.320085 2.808649 1.000000
0.005815 0.331228 2.739484 1.000000
-0.196008 0.375797 2.664495 0.000000
-0.150959 0.187663 2.867504 0.000000
-0.376815 -0.033939 2.791611 0.076923
0.029424 -0.029514 2.711950 1.000000
-0.146227 -0.041074 2.891339 0.000000
-0.425630 0.039437 2.810809 1.000000
0.100402 0.066967 2.666341 1.000000
-0.402850 -0.253894 2.739134 1.000000
-0.028659 0.145309 2.403843 0.942308
-0.388647 -0.320298 2.755193 0.324519
-0.067658 0.164549 2.349272 0.105769
-0.291049 -0.564478 2.802514 1.000000
-0.059573 -0.562780 2.772462 1.000000
-0.294304 -0.983050 2.905219 1.000000
-0.076278 -0.978538 2.884837 1.000000
-0.328091 -1.020466 2.751657 0.000000
-0.100362 -1.019336 2.730311 0.000000
-0.200626 0.606343 2.708951 0.485577
-0.359172 0.316880 2.799586 1.000000
0.001635 0.332756 2.746755 1.000000
-0.197184 0.372613 2.661759 0.000000
-0.158598 0.188901 2.870079 0.000000
-0.375051 -0.035975 2.782711 0.182692
0.033378 -0.042034 2.715294 0.394231
-0.147763 -0.046517 2.889464 0.000000
-0.424922 0.037561 2.799811 1.000000
0.078951 0.059440 2.787539 1.000000
-0.402895 -0.253878 2.734018 1.000000
0.032404 -0.110204 2.545042 1.000000
-0.386703 -0.320954 2.723639 0.627404
-0.007518 -0.153542 2.507664 0.375000
-0.293926 -0.569089 2.802660 1.000000
-0.058701 -0.571859 2.777511 1.000000
-0.294520 -0.988321 2.902686 1.000000
-0.075050 -0.987992 2.888539 1.000000
-0.324415 -1.025144 2.748177 0.000000
-0.095437 -1.028576 2.733426 0.000000
-0.201994 0.607907 2.696505 0.490385
-0.361432 0.322944 2.789459 1.000000
0.001499 0.331270 2.751551 1.000000
-0.192782 0.374912 2.658316 0.000000
-0.166613 0.191117 2.868485 0.000000
-0.385763 -0.034469 2.780576 0.153846
0.024170 -0.032244 2.722724 0.432692
-0.160873 -0.043299 2.892442 0.000000
-0.434181 0.046998 2.792708 1.000000
0.080026 0.060802 2.797695 1.000000
-0.407765 -0.241473 2.722974 1.000000
0.043226 -0.206513 2.671344 1.000000
-0.399331 -0.310703 2.720702 0.375000
0.006701 -0.264566 2.658504 0.442308
-0.288888 -0.566338 2.798202 1.000000
-0.059142 -0.564166 2.776927 1.000000
-0.295271 -0.983624 2.905871 1.000000
-0.073784 -0.981644 2.883035 1.000000
-0.319519 -1.023200 2.751053 0.000000
-0.089434 -1.020755 2.726996 0.000000
-0.191365 0.612839 2.697772 0.500000
-0.362604 0.327289 2.782394 1.000000
0.001293 0.332688 2.754550 1.000000
-0.190002 0.376245 2.655295 0.000000
-0.170987 0.195349 2.868723 0.000000
-0.383974 -0.031721 2.771321 0.144231
0.027926 -0.030898 2.729687 0.384615
-0.163713 -0.042727 2.891866 0.000000
-0.431098 0.052862 2.773928 1.000000
0.080041 0.064599 2.799277 1.000000
-0.409319 -0.236915 2.720710 1.000000
0.058641 -0.226851 2.755965 1.000000
-0.397285 -0.305455 2.715568 0.560096
0.085215 -0.290569 2.745817 0.038462
-0.289421 -0.563422 2.796194 1.000000
-0.057248 -0.562184 2.780309 1.000000
-0.296383 -0.979750 2.907474 1.000000
-0.073706 -0.980731 2.881840 1.000000
-0.314892 -1.020922 2.752280 0.000000
-0.083788 -1.018384 2.724986 0.000000
-0.172541 0.615807 2.694561 0.528846
-0.360970 0.330020 2.770525 1.000000
0.003891 0.327697 2.760725 1.000000
-0.181280 0.375929 2.652431 0.000000
-0.176723 0.193491 2.865344 0.000000
-0.392032 -0.029121 2.763090 0.230769
0.021197 -0.031946 2.737983 0.423077
-0.176864 -0.040705 2.892458 0.000000
-0.437356 0.058080 2.756994 1.000000
0.065279 0.055188 2.804768 1.000000
-0.410899 -0.232083 2.709353 1.000000
0.045480 -0.238883 2.787622 1.000000
-0.392688 -0.299062 2.702195 0.862981
0.033012 -0.302380 2.761512 0.274038
-0.288497 -0.562131 2.797144 1.000000
-0.060963 -0.561726 2.785429 1.000000
-0.295556 -0.978694 2.907537 1.000000
-0.074934 -0.981619 2.881636 1.000000
-0.306833 -1.019817 2.751638 0.000000
-0.079021 -1.017575 2.724114 0.000000
-0.175841 0.605017 2.704574 0.447115
