-0.351565 0.290427 2.634521 1.000000
-0.021460 0.270595 2.681355 1.000000
-0.170674 0.345494 2.573823 0.000000
-0.202607 0.136769 2.710515 0.000000
-0.329143 -0.057812 2.558648 0.375000
-0.006291 -0.038452 2.613296 0.192308
-0.186513 -0.048481 2.697137 0.000000
-0.386051 0.015882 2.635877 1.000000
0.020041 -0.001341 2.711268 1.000000
-0.359928 -0.258850 2.544483 1.000000
0.053360 -0.280695 2.638030 1.000000
-0.367093 -0.317393 2.566974 0.492788
0.055862 -0.342923 2.648320 0.290865
-0.277096 -0.571250 2.650657 0.996154
-0.034627 -0.563560 2.657928 1.000000
-0.318804 -0.971177 2.778732 1.000000
0.030819 -0.964704 2.771438 1.000000
-0.294958 -1.019095 2.636868 0.288462
0.058142 -1.001168 2.626821 0.019231
-0.164661 0.533595 2.591299 0.793269
-0.354865 0.291485 2.627575 1.000000
-0.026795 0.272478 2.687280 1.000000
-0.171976 0.348192 2.574906 0.000000
-0.208289 0.137456 2.707353 0.000000
-0.329370 -0.056463 2.552488 0.423077
-0.009041 -0.036559 2.620219 0.144231
-0.192310 -0.049992 2.696649 0.000000
-0.390433 0.017306 2.632957 1.000000
0.019231 0.001045 2.713253 1.000000
-0.362370 -0.259682 2.549919 1.000000
0.051492 -0.277042 2.635587 1.000000
-0.359363 -0.321322 2.563183 0.442308
0.059762 -0.338466 2.647552 0.206731
-0.278135 -0.568085 2.654575 0.869231
-0.038001 -0.562204 2.658137 1.000000
-0.320337 -0.969716 2.777030 1.000000
0.031333 -0.965327 2.761909 1.000000
-0.289722 -1.015960 2.635912 0.307692
0.064009 -0.996942 2.617262 0.000000
-0.164220 0.535928 2.584665 0.966346
-0.357131 0.289496 2.632382 1.000000
-0.027895 0.268349 2.684461 1.000000
-0.175196 0.345807 2.576107 0.000000
-0.209567 0.134023 2.707397 0.000000
-0.331733 -0.058684 2.555014 0.432692
-0.010021 -0.039341 2.616027 0.134615
-0.191662 -0.052660 2.696271 0.000000
-0.391042 0.014359 2.630694 1.000000
0.017829 -0.003513 2.713683 1.000000
-0.362851 -0.262595 2.545069 1.000000
0.050793 -0.280962 2.631433 1.000000
-0.360259 -0.323615 2.561017 0.475962
0.077041 -0.338338 2.633319 0.105769
-0.278742 -0.571033 2.652802 0.934615
-0.036190 -0.563776 2.660339 1.000000
-0.324520 -0.971584 2.777491 1.000000
0.031020 -0.966781 2.765948 1.000000
-0.297018 -1.018760 2.636040 0.307692
0.061132 -0.999732 2.621042 0.000000
-0.164873 0.529938 2.581373 0.889423
-0.355727 0.289224 2.628638 1.000000
-0.027483 0.270508 2.687473 1.000000
-0.173034 0.346155 2.575533 0.000000
-0.208787 0.135286 2.707922 0.000000
-0.331768 -0.057381 2.551416 0.442308
-0.011147 -0.038478 2.618047 0.115385
-0.194192 -0.051379 2.695105 0.000000
-0.392155 0.015192 2.634036 1.000000
0.014787 -0.001511 2.713323 1.000000
-0.365593 -0.261271 2.548906 1.000000
0.048717 -0.280211 2.638760 1.000000
-0.360998 -0.319616 2.572553 0.425481
0.059853 -0.334463 2.608476 0.156250
-0.278324 -0.569383 2.653887 0.884615
-0.035247 -0.562607 2.660527 1.000000
-0.324076 -0.969357 2.780424 1.000000
0.029237 -0.966888 2.762912 1.000000
-0.293986 -1.017300 2.639761 0.269231
0.062098 -0.998280 2.618258 0.000000
-0.159583 0.532228 2.587472 0.865385
-0.358558 0.291732 2.634815 1.000000
-0.029342 0.271547 2.687401 1.000000
-0.176785 0.349784 2.579801 0.000000
-0.210366 0.135968 2.707963 0.000000
-0.332306 -0.056643 2.556251 0.442308
-0.010833 -0.036640 2.618299 0.163462
-0.192634 -0.051357 2.697932 0.000000
-0.392383 0.018098 2.635047 1.000000
0.015273 0.000500 2.711130 1.000000
-0.364144 -0.257181 2.549407 1.000000
0.050620 -0.276872 2.635463 1.000000
-0.358358 -0.315871 2.571914 0.543269
0.061511 -0.337556 2.649004 0.206731
-0.279835 -0.568731 2.653395 0.953846
-0.036309 -0.561675 2.658057 1.000000
-0.324094 -0.968630 2.780699 1.000000
0.030550 -0.964448 2.764772 1.000000
-0.296319 -1.016628 2.639579 0.269231
0.061206 -0.997703 2.620050 0.000000
-0.165097 0.530505 2.587936 0.860577
-0.358640 0.290022 2.633039 1.000000
-0.029156 0.270814 2.684297 1.000000
-0.177284 0.348913 2.577542 0.000000
-0.209621 0.134523 2.705063 0.000000
-0.329773 -0.058928 2.555269 0.403846
-0.008678 -0.033505 2.617291 0.125000
-0.190289 -0.050215 2.696966 0.000000
-0.390200 0.015367 2.633482 1.000000
0.017027 -0.000362 2.711912 1.000000
-0.359539 -0.260404 2.547605 1.000000
0.066091 -0.279519 2.648440 1.000000
-0.363666 -0.317369 2.574483 0.593750
0.044413 -0.337641 2.636762 0.391827
-0.282053 -0.568896 2.652693 0.980769
-0.037063 -0.560158 2.660318 1.000000
-0.322026 -0.968248 2.783093 1.000000
0.031088 -0.963897 2.762465 1.000000
-0.294593 -1.017010 2.642168 0.307692
0.061508 -0.995485 2.617320 0.000000
-0.164218 0.530444 2.576322 1.000000
-0.361133 0.290116 2.630579 1.000000
-0.033210 0.266120 2.689286 1.000000
-0.177797 0.347256 2.579972 0.000000
-0.215818 0.131950 2.704344 0.000000
-0.325799 -0.059526 2.550856 0.413462
-0.006768 -0.032679 2.622223 0.230769
-0.190541 -0.050318 2.696562 0.000000
-0.393084 0.014123 2.634952 1.000000
0.019970 -0.005726 2.711291 1.000000
-0.355265 -0.262425 2.549411 1.000000
0.104961 -0.280072 2.658970 1.000000
-0.365641 -0.320740 2.571233 0.509615
0.115399 -0.340993 2.646161 0.274038
-0.282928 -0.567996 2.653628 0.996154
-0.038850 -0.560667 2.659520 1.000000
-0.320812 -0.968768 2.780239 1.000000
0.031049 -0.961402 2.771813 1.000000
-0.288920 -1.016155 2.639784 0.288462
0.065019 -0.995751 2.628090 0.096154
-0.159541 0.527661 2.580925 1.000000
-0.362140 0.292216 2.619904 1.000000
-0.037024 0.262364 2.690364 1.000000
-0.176032 0.345202 2.575243 0.000000
-0.222705 0.131986 2.700267 0.000000
-0.319714 -0.055013 2.544833 0.500000
-0.002503 -0.036991 2.626363 0.538462
-0.188910 -0.050512 2.694766 0.000000
-0.389829 0.015009 2.630958 1.000000
0.050548 -0.000710 2.719614 1.000000
-0.355662 -0.263341 2.546372 1.000000
0.222357 -0.214094 2.615935 1.000000
-0.352390 -0.324462 2.561799 0.627404
0.247807 -0.270063 2.630229 0.341346
-0.280275 -0.566361 2.648010 0.911539
-0.041057 -0.563743 2.656076 1.000000
-0.326229 -0.965153 2.778153 1.000000
0.030228 -0.963427 2.771209 1.000000
-0.290900 -1.014562 2.639225 0.269231
0.067459 -0.997943 2.628336 0.096154
-0.163385 0.527819 2.579250 0.961538
-0.359803 0.292424 2.603095 1.000000
-0.043808 0.269674 2.708858 1.000000
-0.171002 0.348898 2.578538 0.000000
-0.226875 0.135604 2.699594 0.000000
-0.313788 -0.052979 2.530175 0.596154
-0.006613 -0.035712 2.643929 0.942308
-0.199053 -0.049572 2.692760 0.000000
-0.389254 0.019093 2.616865 1.000000
0.087550 0.027879 2.715735 1.000000
-0.358061 -0.258769 2.543040 1.000000
0.307540 -0.087408 2.567600 1.000000
-0.341220 -0.319588 2.544418 0.947115
0.362305 -0.118606 2.564123 0.442308
-0.280893 -0.563645 2.644147 1.000000
-0.041665 -0.562976 2.657406 1.000000
-0.324696 -0.963792 2.770827 1.000000
0.029843 -0.964751 2.764863 1.000000
-0.274862 -1.011943 2.635963 0.211538
0.081417 -0.992954 2.625096 0.000000
-0.161904 0.532994 2.580544 1.000000
-0.355011 0.292328 2.589937 1.000000
-0.048948 0.272389 2.722162 1.000000
-0.165013 0.349347 2.580583 0.000000
-0.230119 0.137374 2.699322 0.000000
-0.309469 -0.051927 2.517493 0.788462
-0.012694 -0.033696 2.656012 0.951923
-0.208428 -0.048360 2.688922 0.000000
-0.390487 0.022394 2.592009 1.000000
0.128812 0.066171 2.720472 1.000000
-0.359595 -0.257020 2.539145 1.000000
0.358040 0.092396 2.551394 1.000000
-0.343201 -0.317522 2.546580 1.000000
0.417739 0.111734 2.544570 0.576923
-0.283677 -0.561524 2.639234 0.934615
-0.044340 -0.561794 2.656267 1.000000
-0.327269 -0.961546 2.766380 1.000000
0.029379 -0.964917 2.756969 1.000000
-0.266467 -1.009596 2.636055 0.250000
0.091866 -0.987535 2.620682 0.000000
-0.157760 0.538495 2.590863 0.836538
-0.343388 0.302852 2.580278 1.000000
-0.049790 0.272165 2.736529 1.000000
-0.150868 0.351344 2.585030 0.000000
-0.234514 0.144755 2.701628 0.000000
-0.308021 -0.048680 2.500003 0.980769
-0.023334 -0.034203 2.662295 0.875000
-0.221233 -0.046971 2.679098 0.000000
-0.399365 0.041366 2.579232 1.000000
0.198964 0.175870 2.717605 1.000000
-0.365052 -0.230795 2.518551 1.000000
0.343181 0.361456 2.563687 1.000000
-0.357286 -0.290393 2.537845 0.846154
0.384428 0.392116 2.527039 0.425481
-0.290060 -0.557867 2.632826 1.000000
-0.046251 -0.560839 2.652946 1.000000
-0.325633 -0.959603 2.757030 1.000000
0.030042 -0.962758 2.756506 1.000000
-0.254153 -1.004837 2.631194 0.153846
0.103373 -0.982647 2.625293 0.000000
-0.141103 0.543873 2.638927 0.447115
-0.339375 0.310178 2.581389 1.000000
-0.047989 0.269058 2.739375 1.000000
-0.146247 0.355612 2.590070 0.000000
-0.234114 0.145847 2.697534 0.000000
-0.306702 -0.039183 2.496596 0.923077
-0.023475 -0.036591 2.662038 0.836538
-0.221838 -0.043725 2.676561 0.000000
-0.397850 0.050604 2.571194 1.000000
0.217741 0.254505 2.730558 1.000000
-0.361496 -0.218421 2.503637 1.000000
0.301991 0.491299 2.607712 1.000000
-0.358633 -0.281159 2.509983 0.711538
0.302210 0.551078 2.587441 0.459135
-0.290721 -0.551972 2.627917 1.000000
-0.045987 -0.559817 2.648438 1.000000
-0.321390 -0.954318 2.751456 1.000000
0.027657 -0.961200 2.755917 1.000000
-0.249730 -0.998500 2.625349 0.038462
0.102607 -0.982288 2.625809 0.000000
-0.132188 0.546461 2.643457 0.432692
-0.340622 0.312872 2.582669 1.000000
-0.050134 0.270701 2.734900 1.000000
-0.147280 0.357794 2.588917 0.000000
-0.234189 0.147722 2.696562 0.000000
-0.306843 -0.037529 2.497872 0.903846
-0.021075 -0.038898 2.658899 0.519231
-0.219251 -0.044127 2.676461 0.000000
-0.394803 0.053235 2.569095 1.000000
0.211664 0.311298 2.753472 1.000000
-0.359665 -0.214277 2.498000 1.000000
0.222982 0.568402 2.645669 1.000000
-0.358996 -0.276869 2.506140 0.711538
0.215732 0.631104 2.644999 0.560096
-0.290517 -0.551708 2.626310 1.000000
-0.048197 -0.561422 2.645609 1.000000
-0.322329 -0.954576 2.747841 1.000000
0.023181 -0.962541 2.755576 1.000000
-0.252870 -0.998499 2.620420 0.038462
0.095809 -0.985556 2.624482 0.000000
-0.134649 0.545306 2.653801 0.451923
-0.337484 0.314917 2.581991 1.000000
-0.047932 0.268915 2.726394 1.000000
-0.143561 0.357631 2.584708 0.000000
-0.230684 0.147746 2.692543 0.000000
-0.307626 -0.036001 2.494835 0.894231
-0.019121 -0.038269 2.650893 0.375000
-0.217007 -0.040822 2.671964 0.000000
-0.394864 0.055100 2.569269 1.000000
0.200280 0.351167 2.777234 1.000000
-0.362939 -0.213676 2.498107 1.000000
0.123679 0.611729 2.709681 1.000000
-0.361259 -0.275875 2.508737 0.795673
0.073324 0.637538 2.737659 0.509615
-0.290985 -0.550675 2.622932 1.000000
-0.048204 -0.560819 2.636458 1.000000
-0.319619 -0.952099 2.749907 0.972356
0.027553 -0.960320 2.749350 1.000000
-0.253146 -0.997486 2.621410 0.038462
0.097176 -0.984558 2.616853 0.000000
-0.119702 0.540124 2.677503 0.341346
-0.335242 0.315624 2.583385 1.000000
-0.044527 0.264861 2.721832 1.000000
-0.141615 0.359658 2.586150 0.000000
-0.226011 0.143981 2.684289 0.000000
-0.307181 -0.033228 2.491573 0.826923
-0.017264 -0.038433 2.644921 0.557692
-0.214960 -0.039789 2.667817 0.000000
-0.392669 0.056006 2.568245 1.000000
0.199494 0.354151 2.780223 1.000000
-0.364733 -0.212610 2.495069 1.000000
0.068168 0.594769 2.724131 1.000000
-0.359539 -0.273897 2.509262 0.778846
0.027919 0.611847 2.769660 0.425481
-0.293596 -0.548965 2.614906 1.000000
-0.049280 -0.560342 2.631469 1.000000
-0.318814 -0.950308 2.742860 0.981731
0.023595 -0.958658 2.750287 1.000000
-0.254538 -0.995671 2.613241 0.076923
0.091637 -0.985810 2.617534 0.000000
-0.107066 0.542665 2.673723 0.346154
-0.338558 0.314003 2.591626 1.000000
-0.041044 0.253999 2.707385 1.000000
-0.144938 0.357693 2.585265 0.000000
-0.224021 0.135815 2.673507 0.000000
-0.308221 -0.030136 2.497766 0.759615
-0.009639 -0.042960 2.632965 0.586538
-0.205588 -0.042911 2.667803 0.000000
-0.392629 0.060087 2.572422 1.000000
0.197554 0.351452 2.743991 1.000000
-0.362958 -0.200835 2.496009 1.000000
0.041115 0.575755 2.747765 1.000000
-0.362349 -0.263842 2.499783 1.000000
-0.004113 0.577579 2.791760 0.526442
-0.293296 -0.548866 2.608313 1.000000
-0.050621 -0.563208 2.623385 1.000000
-0.319115 -0.948545 2.741257 1.000000
0.022260 -0.958520 2.751841 1.000000
-0.264773 -0.996371 2.608028 0.076923
0.080790 -0.991869 2.616003 0.000000
-0.101933 0.513987 2.705357 0.201923
-0.345291 0.301656 2.618309 1.000000
-0.026163 0.264728 2.664351 1.000000
-0.161681 0.358622 2.568504 0.000000
-0.202782 0.133430 2.672763 0.000000
-0.318432 -0.027924 2.528556 0.509615
0.002901 -0.051725 2.589985 0.971154
-0.179362 -0.046288 2.669737 0.000000
-0.385990 0.044914 2.597675 1.000000
0.202611 0.388500 2.645875 1.000000
-0.373573 -0.213998 2.508983 1.000000
-0.000591 0.553328 2.727096 1.000000
-0.386048 -0.274024 2.493958 0.745192
-0.048342 0.590038 2.745982 0.000000
-0.295835 -0.552107 2.608260 1.000000
-0.059002 -0.568041 2.619274 1.000000
-0.328232 -0.946829 2.753960 1.000000
0.019272 -0.961345 2.750686 1.000000
-0.308986 -1.000297 2.613387 0.230769
0.043205 -1.004486 2.607312 0.000000
-0.146007 0.551786 2.665676 0.408654
-0.336059 0.299748 2.667087 1.000000
-0.021135 0.278504 2.604817 1.000000
-0.183234 0.361253 2.556184 0.000000
-0.174280 0.140660 2.676722 0.000000
-0.320824 -0.025064 2.581947 0.346154
0.002915 -0.048442 2.534607 1.000000
-0.142899 -0.040269 2.669816 0.000000
-0.380896 0.043080 2.630680 1.000000
0.153501 0.451388 2.510861 1.000000
-0.369981 -0.213094 2.527462 1.000000
0.009971 0.614132 2.682067 1.000000
-0.379132 -0.275451 2.523949 0.795673
-0.023097 0.650943 2.721259 0.000000
-0.296678 -0.551736 2.618992 1.000000
-0.055277 -0.560184 2.627341 1.000000
-0.324135 -0.953839 2.744066 1.000000
0.019724 -0.956532 2.751303 1.000000
-0.351540 -0.996423 2.601148 0.000000
-0.003576 -1.005254 2.609622 0.076923
-0.137310 0.550709 2.676796 0.408654
-0.324412 0.279557 2.713472 1.000000
-0.047941 0.286051 2.549755 1.000000
-0.224874 0.349530 2.556519 0.000000
-0.151862 0.138020 2.671425 0.000000
-0.305932 -0.029524 2.651177 0.000000
-0.027476 -0.048899 2.478894 1.000000
-0.107463 -0.040686 2.660949 0.000000
-0.362470 0.030492 2.648707 1.000000
0.050401 0.471490 2.396076 1.000000
-0.355362 -0.225330 2.552765 1.000000
0.039713 0.744591 2.397510 1.000000
-0.364971 -0.285834 2.537551 0.728365
0.036895 0.807646 2.398314 0.000000
-0.297528 -0.556456 2.626338 1.000000
-0.043514 -0.551609 2.639794 0.984615
-0.320783 -0.960226 2.746808 1.000000
0.019017 -0.954959 2.746952 1.000000
-0.401499 -0.992633 2.622611 0.000000
-0.059479 -0.999498 2.625113 0.000000
-0.129158 0.532923 2.680188 0.403846
-0.291028 0.248639 2.751721 1.000000
-0.058585 0.313173 2.536499 1.000000
-0.239467 0.343329 2.584948 0.000000
-0.110403 0.142465 2.664109 0.000000
-0.270567 -0.032954 2.701497 0.000000
-0.044147 -0.064384 2.466250 1.000000
-0.075946 -0.045478 2.661804 0.000000
-0.353202 -0.003859 2.713205 0.600000
-0.066195 0.512875 2.365719 1.000000
-0.335746 -0.243873 2.577686 1.000000
-0.075233 0.717346 2.180282 1.000000
-0.342760 -0.306348 2.583354 0.661058
-0.060528 0.761558 2.137696 0.745192
-0.283611 -0.561235 2.658724 1.000000
-0.029566 -0.561139 2.649297 1.000000
-0.311438 -0.971339 2.754246 1.000000
0.029439 -0.967469 2.746756 1.000000
-0.420191 -0.988252 2.649953 0.000000
-0.078762 -1.006844 2.648104 0.000000
-0.160286 0.551571 2.630077 1.000000
-0.296608 0.263125 2.741511 1.000000
-0.059131 0.279145 2.526772 1.000000
-0.235865 0.329039 2.564300 0.000000
-0.123287 0.132752 2.674155 0.000000
-0.269179 -0.036984 2.694008 0.000000
-0.032968 -0.076878 2.469937 1.000000
-0.072992 -0.049487 2.662959 0.000000
-0.336211 0.001152 2.732022 0.292308
-0.087190 0.476299 2.351754 1.000000
-0.337467 -0.248356 2.608216 1.000000
-0.124551 0.655900 2.142156 1.000000
-0.329494 -0.298098 2.570181 0.492788
-0.132548 0.692372 2.091261 1.000000
-0.275180 -0.567542 2.660944 1.000000
-0.025084 -0.573236 2.647703 0.996154
-0.307182 -0.977561 2.755520 1.000000
0.033316 -0.976691 2.756778 1.000000
-0.410908 -0.994668 2.646257 0.000000
-0.070451 -1.019292 2.654760 0.000000
-0.167484 0.547456 2.623302 0.923077
-0.279323 0.278169 2.759076 0.913462
-0.059502 0.315260 2.523049 1.000000
-0.239243 0.348540 2.577748 0.000000
-0.100790 0.163832 2.677669 0.000000
-0.259053 -0.028321 2.709295 0.000000
-0.040744 -0.064144 2.467112 1.000000
-0.065792 -0.038691 2.662904 0.000000
-0.332743 0.020524 2.730260 0.292308
-0.095568 0.474059 2.314368 1.000000
-0.332366 -0.229876 2.609275 1.000000
-0.150745 0.647367 2.103995 1.000000
-0.332420 -0.279949 2.570842 0.576923
-0.160994 0.680239 2.051090 1.000000
-0.278302 -0.556118 2.658059 1.000000
-0.030047 -0.561649 2.652267 0.984615
-0.306325 -0.967397 2.748325 1.000000
0.030917 -0.966209 2.755701 1.000000
-0.417811 -0.982123 2.646619 0.000000
-0.080506 -1.007121 2.661355 0.000000
-0.154440 0.568449 2.632757 0.288462
-0.279143 0.295464 2.762004 0.913462
-0.049789 0.328279 2.532339 0.836538
-0.231240 0.366216 2.582735 0.000000
-0.101520 0.176621 2.685190 0.000000
-0.263812 -0.011466 2.709211 0.000000
-0.037339 -0.040183 2.473669 1.000000
-0.069018 -0.016546 2.668726 0.000000
-0.330269 0.038323 2.729814 0.338462
-0.078149 0.463251 2.307063 1.000000
-0.334423 -0.209992 2.605979 1.000000
-0.143774 0.625275 2.091530 1.000000
-0.343096 -0.266525 2.579272 0.711538
-0.156357 0.650859 2.035213 1.000000
-0.279669 -0.537011 2.649894 1.000000
-0.029421 -0.542210 2.647845 1.000000
-0.303810 -0.946865 2.747467 1.000000
0.029213 -0.946776 2.752596 1.000000
-0.411363 -0.965581 2.642242 0.000000
-0.078355 -0.987903 2.653965 0.000000
-0.139226 0.552564 2.646747 0.451923
-0.305568 0.309773 2.774722 1.000000
-0.074585 0.335250 2.546437 0.913462
-0.257254 0.371218 2.592162 0.000000
-0.123940 0.191461 2.706990 0.000000
-0.265740 -0.006602 2.710224 0.000000
-0.034682 -0.031124 2.478695 1.000000
-0.070186 -0.010604 2.673447 0.000000
-0.340084 0.053236 2.723763 0.661539
-0.054533 0.453137 2.311278 1.000000
-0.336774 -0.199333 2.609655 1.000000
-0.125042 0.614016 2.096873 1.000000
-0.345442 -0.253725 2.578819 0.846154
-0.142150 0.642881 2.043407 1.000000
-0.279038 -0.531364 2.646228 1.000000
-0.030690 -0.535669 2.647014 1.000000
-0.300348 -0.940415 2.747752 1.000000
0.022603 -0.939923 2.755746 1.000000
-0.405525 -0.961531 2.640597 0.000000
-0.082590 -0.981004 2.654569 0.000000
-0.121702 0.536633 2.653463 0.375000
-0.297868 0.288989 2.782702 0.750000
-0.060904 0.316541 2.560136 1.000000
-0.242161 0.360681 2.606081 0.000000
-0.122801 0.164583 2.708887 0.000000
-0.270299 -0.011774 2.712762 0.000000
-0.035996 -0.029821 2.483915 1.000000
-0.074320 -0.009568 2.678159 0.000000
-0.348982 0.039963 2.713295 0.815385
-0.022406 0.439881 2.330464 1.000000
-0.338318 -0.212322 2.599759 1.000000
-0.095842 0.604217 2.120101 1.000000
-0.349315 -0.262978 2.563739 0.762019
-0.120329 0.632946 2.069509 1.000000
-0.284780 -0.533014 2.640412 1.000000
-0.031232 -0.536337 2.651074 1.000000
-0.300313 -0.940331 2.749666 1.000000
0.020761 -0.941076 2.758621 1.000000
-0.403546 -0.965412 2.641480 0.000000
-0.082649 -0.981770 2.655468 0.000000
-0.133481 0.536091 2.641177 0.826923
-0.327948 0.288786 2.733988 1.000000
-0.033026 0.314868 2.594463 1.000000
-0.220149 0.360823 2.583561 0.000000
-0.139892 0.162724 2.716174 0.000000
-0.305369 -0.022131 2.668549 0.000000
-0.011695 -0.035100 2.523008 1.000000
-0.108312 -0.020615 2.696401 0.000000
-0.357343 0.025483 2.701219 1.000000
0.053784 0.446210 2.378871 1.000000
-0.339607 -0.229430 2.585599 1.000000
-0.049396 0.615433 2.180426 1.000000
-0.353714 -0.288388 2.568010 0.795673
-0.085927 0.635062 2.132837 1.000000
-0.282073 -0.547835 2.644399 1.000000
-0.036605 -0.546917 2.654810 1.000000
-0.302307 -0.954525 2.755204 0.972356
0.026274 -0.950915 2.759292 1.000000
-0.370999 -0.986866 2.623958 0.038462
-0.039098 -0.994617 2.629651 0.000000
-0.150238 0.553865 2.608514 0.677885
-0.340147 0.286609 2.712863 1.000000
-0.027294 0.314893 2.621864 1.000000
-0.209752 0.365349 2.585445 0.000000
-0.153034 0.157951 2.715981 0.000000
-0.316257 -0.025204 2.642606 0.000000
-0.003954 -0.035441 2.542821 1.000000
-0.125686 -0.025854 2.699981 0.000000
-0.365323 0.022756 2.678727 1.000000
0.116640 0.456038 2.446425 1.000000
-0.347771 -0.237409 2.574631 1.000000
-0.012669 0.636076 2.274102 1.000000
-0.344966 -0.300189 2.568685 1.000000
-0.055316 0.663913 2.236808 1.000000
-0.276760 -0.551783 2.643778 1.000000
-0.036427 -0.549893 2.650930 1.000000
-0.309399 -0.955889 2.760895 0.991106
0.033254 -0.949529 2.767201 0.962981
-0.356469 -0.992491 2.621486 0.096154
-0.010439 -0.997063 2.630009 0.230769
-0.142272 0.547632 2.593805 0.653846
-0.342532 0.289714 2.688136 1.000000
-0.018398 0.318932 2.657864 1.000000
-0.190732 0.374126 2.591858 0.000000
-0.159559 0.158430 2.717453 0.000000
-0.320032 -0.023788 2.611115 0.134615
0.005590 -0.024404 2.571560 0.875000
-0.143624 -0.022662 2.703248 0.000000
-0.370186 0.026180 2.656285 1.000000
0.159653 0.468263 2.526612 1.000000
-0.359469 -0.241427 2.573259 1.000000
0.019233 0.661674 2.379996 1.000000
-0.349473 -0.302792 2.562353 1.000000
-0.022025 0.689478 2.341147 0.795673
-0.277888 -0.546588 2.643931 1.000000
-0.039637 -0.544796 2.647690 1.000000
-0.310276 -0.949446 2.765340 0.997356
0.028284 -0.942986 2.769820 0.966106
-0.331756 -0.991171 2.621161 0.211538
0.011770 -0.989750 2.626535 0.250000
-0.139638 0.544655 2.598542 0.894231
-0.348392 0.293357 2.650155 1.000000
-0.026351 0.301622 2.686515 1.000000
-0.175357 0.369460 2.589285 0.000000
-0.183505 0.149708 2.711404 0.000000
-0.317813 -0.027769 2.555476 0.375000
0.005038 -0.026840 2.613452 0.798077
-0.176299 -0.030364 2.695393 0.000000
-0.376398 0.029066 2.638642 1.000000
0.183252 0.460047 2.644869 1.000000
-0.365887 -0.237117 2.554102 1.000000
0.046028 0.679870 2.540188 1.000000
-0.366446 -0.299473 2.544307 0.711538
0.010431 0.710765 2.498201 0.526442
-0.285678 -0.545757 2.639027 1.000000
-0.046755 -0.550449 2.642580 1.000000
-0.315531 -0.942578 2.779477 1.000000
0.028168 -0.949284 2.758342 1.000000
-0.295315 -0.994066 2.638302 0.346154
0.052890 -0.986682 2.613496 0.000000
-0.140062 0.535912 2.600163 0.783654
-0.348122 0.291681 2.632251 1.000000
-0.030689 0.295447 2.696336 1.000000
-0.170074 0.368686 2.589743 0.000000
-0.189914 0.144074 2.701217 0.000000
-0.320426 -0.035218 2.547632 0.519231
0.000750 -0.024651 2.613430 0.557692
-0.182341 -0.033523 2.690947 0.000000
-0.379743 0.028458 2.627954 1.000000
0.184955 0.448957 2.711707 1.000000
-0.365117 -0.236124 2.542028 1.000000
0.051103 0.668763 2.605075 1.000000
-0.359711 -0.298317 2.551371 0.812500
0.002139 0.705696 2.620008 0.610577
-0.286817 -0.549332 2.639852 1.000000
-0.046349 -0.550972 2.638013 1.000000
-0.323763 -0.946461 2.777718 0.962981
0.027061 -0.948238 2.759974 1.000000
-0.298167 -0.997594 2.637288 0.384615
0.055566 -0.987105 2.616214 0.038462
-0.122891 0.535620 2.604666 0.562500
-0.350606 0.296311 2.627395 1.000000
-0.033607 0.285532 2.689152 1.000000
-0.169726 0.366476 2.584998 0.000000
-0.198362 0.140935 2.692618 0.000000
-0.321951 -0.032649 2.538923 0.500000
-0.002708 -0.030062 2.614238 0.548077
-0.188151 -0.036468 2.686208 0.000000
-0.381303 0.034078 2.618991 1.000000
0.186474 0.425443 2.731201 1.000000
-0.367027 -0.228363 2.529874 1.000000
0.046163 0.660696 2.686591 1.000000
-0.361536 -0.289454 2.544785 0.812500
-0.009396 0.689267 2.695613 0.492788
-0.289949 -0.548765 2.633953 1.000000
-0.046199 -0.553918 2.632997 1.000000
-0.323164 -0.945252 2.774590 1.000000
0.022521 -0.951278 2.757362 1.000000
-0.294236 -0.997156 2.635093 0.365385
0.056046 -0.990135 2.614686 0.134615
-0.116690 0.534299 2.634583 0.653846
-0.350331 0.303713 2.633011 1.000000
-0.029887 0.294238 2.681418 1.000000
-0.171916 0.376303 2.584671 0.000000
-0.194329 0.148248 2.688398 0.000000
-0.324798 -0.023133 2.540396 0.442308
-0.003996 -0.027590 2.608666 0.471154
-0.187907 -0.030360 2.684682 0.000000
-0.380462 0.043404 2.622878 1.000000
0.198548 0.417675 2.718189 1.000000
-0.373830 -0.215955 2.530154 1.000000
0.032519 0.636973 2.702327 1.000000
-0.370696 -0.277940 2.541667 0.644231
-0.024368 0.638340 2.729649 0.694712
-0.292785 -0.541830 2.630616 1.000000
-0.051636 -0.549598 2.629875 1.000000
-0.323178 -0.939500 2.768524 1.000000
0.021152 -0.947171 2.751205 1.000000
-0.297863 -0.990206 2.627889 0.326923
0.050919 -0.985555 2.607571 0.000000
-0.110232 0.528206 2.637587 0.937500
-0.352487 0.308727 2.662192 1.000000
-0.027237 0.310821 2.648996 1.000000
-0.189161 0.386810 2.580548 0.000000
-0.183345 0.159366 2.687813 0.000000
-0.332397 -0.024939 2.581707 0.278846
-0.004754 -0.013749 2.570774 0.826923
-0.164679 -0.023431 2.688842 0.000000
-0.376835 0.048944 2.634431 1.000000
0.203551 0.433762 2.627254 1.000000
-0.373474 -0.211536 2.544236 1.000000
0.022966 0.636754 2.673944 1.000000
-0.367348 -0.264842 2.510988 0.576923
-0.015234 0.671955 2.709807 0.072115
-0.294895 -0.541832 2.633902 1.000000
-0.051802 -0.538339 2.630582 1.000000
-0.317723 -0.941202 2.768312 1.000000
0.018662 -0.936410 2.751655 1.000000
-0.327953 -0.988931 2.624759 0.346154
0.014654 -0.981164 2.606841 0.000000
-0.126170 0.543915 2.626639 1.000000
-0.340016 0.316228 2.698819 1.000000
-0.031591 0.320863 2.596987 1.000000
-0.208460 0.386620 2.567762 0.000000
-0.164020 0.172837 2.692631 0.000000
-0.323340 -0.013043 2.633679 0.000000
-0.013199 -0.018141 2.526994 1.000000
-0.131594 -0.015454 2.686948 0.000000
-0.368379 0.057035 2.647135 1.000000
0.163566 0.458057 2.479734 1.000000
-0.354964 -0.208563 2.561885 1.000000
0.025546 0.677684 2.583196 1.000000
-0.348526 -0.269496 2.546710 0.728365
-0.005799 0.727248 2.606549 0.000000
-0.292078 -0.536523 2.645563 1.000000
-0.043097 -0.532557 2.641050 1.000000
-0.307711 -0.943219 2.757088 0.900481
0.022497 -0.933952 2.753583 1.000000
-0.360483 -0.978921 2.619499 0.153846
-0.024281 -0.979923 2.616877 0.000000
-0.123803 0.552810 2.612479 0.966346
-0.317744 0.297171 2.733166 1.000000
-0.050662 0.315305 2.553383 1.000000
-0.232489 0.364990 2.567124 0.000000
-0.136657 0.167252 2.689544 0.000000
-0.295539 -0.012253 2.686147 0.000000
-0.027781 -0.036030 2.498172 1.000000
-0.096632 -0.018694 2.684098 0.000000
-0.347141 0.042373 2.677872 0.907692
0.016224 0.488154 2.367661 1.000000
-0.332756 -0.215958 2.582760 1.000000
0.031851 0.735795 2.247584 1.000000
-0.338410 -0.273820 2.558172 0.694712
0.029578 0.792837 2.220649 0.543269
-0.280183 -0.540681 2.667318 1.000000
-0.033282 -0.540344 2.653043 1.000000
-0.309595 -0.952055 2.756705 1.000000
0.025897 -0.945365 2.755706 1.000000
-0.397540 -0.972244 2.634852 0.000000
-0.060029 -0.987712 2.638175 0.000000
-0.135233 0.555662 2.596424 0.865385
-0.307035 0.280661 2.742665 1.000000
-0.049430 0.307239 2.549897 1.000000
-0.231172 0.354148 2.574491 0.000000
-0.126944 0.154343 2.686227 0.000000
-0.278941 -0.019334 2.700937 0.000000
-0.023219 -0.049868 2.497790 1.000000
-0.080565 -0.027271 2.687027 0.000000
-0.340115 0.024077 2.699851 0.769231
-0.039954 0.483104 2.355618 1.000000
-0.327675 -0.226774 2.586634 1.000000
-0.035669 0.672332 2.155434 1.000000
-0.332749 -0.287344 2.569603 0.492788
-0.026225 0.678958 2.093374 0.055288
-0.278794 -0.547496 2.678445 1.000000
-0.032303 -0.552204 2.663327 1.000000
-0.308504 -0.960592 2.759393 1.000000
0.031914 -0.957858 2.760306 1.000000
-0.404233 -0.976536 2.642894 0.000000
-0.061736 -0.999406 2.648531 0.000000
-0.142350 0.556999 2.586030 1.000000
-0.294606 0.298280 2.735262 1.000000
-0.048073 0.293906 2.528558 1.000000
-0.228777 0.341337 2.552914 0.000000
-0.114139 0.166950 2.693333 0.000000
-0.279022 -0.028979 2.709743 0.000000
-0.029297 -0.053322 2.498463 1.000000
-0.081062 -0.032254 2.689477 0.000000
-0.342668 0.041388 2.715620 0.615385
-0.029651 0.442355 2.313354 1.000000
-0.328583 -0.212175 2.609195 1.000000
-0.080802 0.623433 2.112324 1.000000
-0.334550 -0.272099 2.590273 0.593750
-0.095190 0.658543 2.061878 1.000000
-0.271359 -0.556693 2.676583 1.000000
-0.029121 -0.557872 2.660404 1.000000
-0.308606 -0.968127 2.762715 1.000000
0.036622 -0.962417 2.760928 1.000000
-0.406369 -0.983330 2.647817 0.000000
-0.059569 -1.005167 2.651795 0.000000
-0.150392 0.566568 2.578951 0.677885
-0.309313 0.277977 2.745316 1.000000
-0.040938 0.299936 2.557264 0.625000
-0.229019 0.343412 2.575878 0.000000
-0.124542 0.152991 2.702745 0.000000
-0.292119 -0.036563 2.701941 0.000000
-0.026308 -0.055041 2.510635 1.000000
-0.093201 -0.032764 2.696750 0.000000
-0.349755 0.017300 2.705755 1.000000
-0.000452 0.404927 2.315415 1.000000
-0.321249 -0.236128 2.589567 1.000000
-0.100832 0.569885 2.112313 1.000000
-0.325571 -0.299102 2.589404 0.711538
-0.129959 0.599980 2.065085 1.000000
-0.273629 -0.562861 2.673841 1.000000
-0.029612 -0.561999 2.664691 1.000000
-0.309164 -0.974514 2.759648 1.000000
0.035081 -0.967675 2.761260 1.000000
-0.397827 -0.992232 2.637930 0.000000
-0.051744 -1.009395 2.644166 0.000000
-0.157008 0.547997 2.569723 1.000000
-0.310783 0.307952 2.737832 1.000000
-0.028163 0.299660 2.569845 1.000000
-0.213331 0.358490 2.572341 0.000000
-0.134157 0.167041 2.714993 0.000000
-0.305334 -0.030820 2.685517 0.000000
-0.018062 -0.042609 2.527623 1.000000
-0.107285 -0.027393 2.704872 0.000000
-0.353992 0.047274 2.705832 1.000000
0.032375 0.380184 2.323481 1.000000
-0.329908 -0.207399 2.592877 1.000000
-0.088831 0.527504 2.119024 1.000000
-0.338833 -0.268840 2.581481 0.711538
-0.126237 0.550054 2.073452 1.000000
-0.275783 -0.556610 2.672869 1.000000
-0.030068 -0.552941 2.665134 1.000000
-0.306794 -0.968367 2.759926 1.000000
0.029520 -0.959585 2.760913 1.000000
-0.380848 -0.990374 2.629458 0.000000
-0.041756 -1.000073 2.633357 0.038462
-0.158698 0.560007 2.572386 0.730769
-0.311612 0.315916 2.706990 1.000000
0.004533 0.302976 2.600226 0.769231
-0.180949 0.364762 2.565642 0.000000
-0.136234 0.172354 2.721367 0.000000
-0.314674 -0.026419 2.662253 0.000000
-0.004467 -0.031688 2.555770 1.000000
-0.122927 -0.024293 2.715527 0.000000
-0.361809 0.055541 2.691139 1.000000
0.070563 0.324971 2.343862 1.000000
-0.333748 -0.198928 2.580017 1.000000
-0.061309 0.458610 2.137367 1.000000
-0.331807 -0.260627 2.566830 1.000000
-0.098568 0.497428 2.104360 0.896635
-0.272234 -0.551298 2.671247 1.000000
-0.033880 -0.546963 2.667958 1.000000
-0.309381 -0.960422 2.767798 0.991106
0.027277 -0.953781 2.761994 1.000000
-0.359521 -0.988960 2.627578 0.057692
-0.020305 -0.992956 2.623461 0.096154
-0.157233 0.557840 2.568030 0.475962
-0.323422 0.301466 2.671026 1.000000
0.009940 0.297887 2.650709 0.000000
-0.161687 0.356397 2.569722 0.000000
-0.154102 0.161467 2.728516 0.000000
-0.314706 -0.038116 2.620243 0.144231
0.013079 -0.029766 2.611163 1.000000
-0.147719 -0.032871 2.728399 0.000000
-0.369847 0.036321 2.672516 1.000000
0.114190 0.191115 2.426675 0.830769
-0.338426 -0.222812 2.563694 1.000000
0.021941 0.298437 2.181825 1.000000
-0.341548 -0.285125 2.554109 0.745192
-0.015553 0.317198 2.134636 0.593750
-0.277141 -0.555913 2.676437 1.000000
-0.034474 -0.554065 2.670223 1.000000
-0.310392 -0.966482 2.768150 1.000000
0.030543 -0.956901 2.777835 1.000000
-0.316635 -0.999028 2.620191 0.115385
0.027414 -0.996496 2.631505 0.230769
-0.154534 0.546324 2.559235 0.730769
-0.341238 0.293290 2.666824 1.000000
-0.010097 0.319010 2.702038 1.000000
-0.171942 0.373131 2.600474 0.000000
-0.169910 0.161293 2.736087 0.000000
-0.315270 -0.036008 2.598846 0.317308
0.009934 -0.015984 2.636743 0.884615
-0.165602 -0.027871 2.729778 0.000000
-0.369790 0.025299 2.668040 1.000000
0.071426 0.122535 2.536545 1.000000
-0.343559 -0.234364 2.558216 1.000000
0.081281 0.146732 2.254602 0.000000
-0.337574 -0.296985 2.552981 0.711538
0.088342 0.108643 2.204763 0.492788
-0.275344 -0.549166 2.676090 1.000000
-0.035906 -0.544933 2.668462 1.000000
-0.309921 -0.958892 2.771031 1.000000
0.029332 -0.946594 2.780250 1.000000
-0.293239 -0.994246 2.624532 0.173077
0.046886 -0.984322 2.634446 0.211538
-0.175600 0.532795 2.573189 0.870192
-0.348151 0.292187 2.669369 1.000000
-0.015280 0.302234 2.694894 1.000000
-0.177536 0.366712 2.600270 0.000000
-0.180881 0.150608 2.728950 0.000000
-0.321715 -0.044808 2.602335 0.413462
0.003712 -0.015858 2.631557 0.769231
-0.168791 -0.033616 2.729216 0.000000
-0.376813 0.025636 2.661813 1.000000
0.079356 0.059492 2.631265 1.000000
-0.345443 -0.236056 2.562179 1.000000
0.143324 -0.046396 2.378106 0.423077
-0.334433 -0.298113 2.558695 0.711538
0.156700 -0.079373 2.325971 0.358173
-0.275261 -0.555227 2.679688 1.000000
-0.039691 -0.546733 2.668157 1.000000
-0.315625 -0.961841 2.785140 1.000000
0.030824 -0.946381 2.783886 1.000000
-0.302180 -1.001003 2.639278 0.384615
0.044513 -0.986150 2.638211 0.230769
-0.181207 0.528612 2.570767 0.817308
-0.356958 0.294051 2.665220 1.000000
-0.023720 0.285797 2.686206 1.000000
-0.183361 0.355076 2.590533 0.000000
-0.197298 0.145924 2.729573 0.000000
-0.323808 -0.052389 2.600573 0.355769
0.001877 -0.025612 2.628991 0.471154
-0.170546 -0.041663 2.727086 0.000000
-0.378876 0.023362 2.658413 1.000000
0.037594 0.023977 2.724807 1.000000
-0.352040 -0.250109 2.581265 1.000000
0.117864 -0.236326 2.639611 1.000000
-0.346962 -0.309174 2.559582 0.677885
0.131772 -0.297875 2.637942 0.459135
-0.273324 -0.563339 2.682130 1.000000
-0.037553 -0.554956 2.671557 1.000000
-0.315297 -0.970117 2.786313 1.000000
0.029910 -0.956735 2.781585 1.000000
-0.301705 -1.008900 2.640363 0.269231
0.044268 -0.994356 2.635405 0.250000
-0.176800 0.527107 2.559070 0.788462
-0.355820 0.295517 2.659403 1.000000
-0.024290 0.272770 2.692966 1.000000
-0.177047 0.350618 2.592752 0.000000
-0.205085 0.139528 2.726638 0.000000
-0.328828 -0.056412 2.590661 0.336538
-0.005057 -0.029091 2.635618 0.163462
-0.182467 -0.042530 2.724808 0.000000
-0.385301 0.022556 2.658218 1.000000
0.019277 0.010243 2.760497 1.000000
-0.357357 -0.253372 2.578939 1.000000
0.069882 -0.273425 2.747315 1.000000
-0.361594 -0.315637 2.588409 0.543269
0.058627 -0.330198 2.772506 0.644231
-0.277109 -0.567455 2.679070 1.000000
-0.033893 -0.557806 2.672307 1.000000
-0.317832 -0.973011 2.788383 1.000000
0.031149 -0.961822 2.775384 1.000000
-0.296935 -1.014048 2.643921 0.288462
0.054061 -0.995401 2.629310 0.153846
-0.180364 0.522838 2.562501 0.879808
-0.354768 0.294429 2.648657 1.000000
-0.027405 0.274381 2.711803 1.000000
-0.171218 0.351229 2.598444 0.000000
-0.209332 0.139522 2.728821 0.000000
-0.327674 -0.054203 2.580658 0.432692
-0.008525 -0.031511 2.652934 0.076923
-0.192908 -0.044206 2.726767 0.000000
-0.390053 0.020163 2.657235 1.000000
0.007625 0.012265 2.793093 0.661539
-0.364707 -0.262825 2.595922 1.000000
0.044682 -0.274400 2.762527 0.259615
-0.363736 -0.324451 2.582293 0.408654
0.050566 -0.337243 2.763334 0.189904
-0.276200 -0.566168 2.679842 1.000000
-0.034888 -0.559809 2.669450 1.000000
-0.322716 -0.972190 2.785039 1.000000
0.028454 -0.965009 2.768872 1.000000
-0.289151 -1.012867 2.642881 0.288462
0.063461 -0.994981 2.624420 0.096154
-0.174498 0.522674 2.566844 1.000000
-0.359884 0.297369 2.637039 1.000000
-0.036276 0.277553 2.717294 1.000000
-0.173938 0.353903 2.596225 0.000000
-0.218901 0.142806 2.725402 0.000000
-0.329433 -0.052766 2.577770 0.490385
-0.014618 -0.028843 2.666730 0.028846
-0.202606 -0.041882 2.730761 0.000000
-0.396058 0.021518 2.648665 1.000000
-0.003025 0.010246 2.787857 0.492308
-0.368468 -0.262523 2.584292 1.000000
0.037584 -0.278645 2.766004 0.067308
-0.352219 -0.314897 2.615556 0.694712
0.046266 -0.340591 2.757528 0.000000
-0.276848 -0.564357 2.683361 0.965385
-0.035780 -0.557295 2.673466 1.000000
-0.329689 -0.971063 2.782769 1.000000
0.028532 -0.964089 2.765479 1.000000
-0.288019 -1.010764 2.642492 0.288462
0.071192 -0.989740 2.622257 0.000000
-0.168285 0.526394 2.567373 0.855769
-0.358946 0.293693 2.639168 1.000000
-0.034264 0.275707 2.715418 1.000000
-0.173628 0.349577 2.594758 0.000000
-0.216616 0.140993 2.728606 0.000000
-0.331152 -0.055544 2.583475 0.471154
-0.015094 -0.030373 2.667551 0.000000
-0.202019 -0.044113 2.734484 0.000000
-0.392800 0.016380 2.645917 1.000000
-0.001522 0.005202 2.777458 0.538462
-0.371229 -0.269875 2.584340 1.000000
0.055032 -0.282757 2.768505 0.182692
-0.354465 -0.319293 2.619855 0.526442
0.067870 -0.344431 2.764492 0.000000
-0.280538 -0.566993 2.684921 1.000000
-0.038761 -0.559330 2.678190 1.000000
-0.327653 -0.975147 2.781223 1.000000
0.029541 -0.966238 2.766762 1.000000
-0.288203 -1.013066 2.639816 0.288462
0.069601 -0.990890 2.622618 0.019231
-0.165390 0.528448 2.575284 0.975962
-0.357491 0.296489 2.643169 1.000000
-0.030126 0.285906 2.708562 1.000000
-0.174788 0.354092 2.590827 0.000000
-0.209585 0.148684 2.731779 0.000000
-0.336132 -0.054420 2.590737 0.451923
-0.016680 -0.031018 2.661429 0.038462
-0.200778 -0.042543 2.736160 0.000000
-0.390942 0.019558 2.646087 1.000000
0.003146 0.015815 2.769901 0.723077
-0.362675 -0.261618 2.568393 1.000000
0.040233 -0.266676 2.701212 0.413462
-0.365377 -0.319705 2.592951 0.408654
0.044687 -0.327525 2.685023 0.000000
-0.283323 -0.567176 2.685506 1.000000
-0.040745 -0.559127 2.679533 1.000000
-0.325662 -0.976746 2.777939 1.000000
0.031799 -0.966261 2.763574 1.000000
-0.292454 -1.012574 2.634399 0.192308
0.065775 -0.990304 2.617774 0.000000
-0.164564 0.537758 2.577050 0.807692
-0.350460 0.295305 2.653396 1.000000
-0.020655 0.284729 2.705092 1.000000
-0.170111 0.353068 2.593599 0.000000
-0.198951 0.147401 2.735514 0.000000
-0.335322 -0.046121 2.599883 0.423077
-0.012101 -0.042598 2.655657 0.096154
-0.192878 -0.044805 2.738871 0.000000
-0.387639 0.019350 2.647999 1.000000
0.008988 0.012301 2.754762 0.984615
-0.361535 -0.255411 2.550848 1.000000
0.036482 -0.257960 2.646059 0.798077
-0.359661 -0.317720 2.560778 0.274038
0.033005 -0.316817 2.623514 0.000000
-0.278951 -0.565338 2.688193 1.000000
-0.040886 -0.565308 2.676075 1.000000
-0.325698 -0.974003 2.782488 1.000000
0.032151 -0.970311 2.769470 1.000000
-0.300579 -1.010345 2.637442 0.230769
0.059289 -0.999168 2.623111 0.019231
-0.166366 0.536915 2.578957 0.783654
-0.347775 0.294506 2.667335 1.000000
-0.014670 0.290405 2.691427 1.000000
-0.174085 0.353232 2.591039 0.000000
-0.187379 0.151338 2.740480 0.000000
-0.345434 -0.046168 2.623308 0.442308
-0.018225 -0.044548 2.646253 0.173077
-0.189720 -0.044537 2.747244 0.000000
-0.393485 0.022019 2.651022 1.000000
0.022875 0.021115 2.743171 1.000000
-0.359840 -0.253110 2.563118 1.000000
0.014464 -0.222247 2.584239 0.971154
-0.346279 -0.314139 2.554396 0.459135
0.007966 -0.276804 2.553162 0.000000
-0.282150 -0.569039 2.683980 1.000000
-0.041055 -0.566130 2.668535 1.000000
-0.318883 -0.976870 2.786003 1.000000
0.028123 -0.969921 2.769785 1.000000
-0.309173 -1.014413 2.639421 0.250000
0.042273 -1.004353 2.622801 0.076923
-0.160477 0.536755 2.572950 0.774038
-0.340495 0.288647 2.671305 1.000000
-0.007980 0.291259 2.702660 1.000000
-0.166689 0.354695 2.601539 0.000000
-0.178273 0.146186 2.741755 0.000000
-0.347918 -0.052647 2.611416 0.355769
-0.022097 -0.041586 2.647660 0.269231
-0.197520 -0.045649 2.741575 0.000000
-0.394225 0.015673 2.667441 1.000000
0.044437 0.019592 2.732093 1.000000
-0.371799 -0.256613 2.563477 1.000000
-0.030992 -0.182069 2.534369 1.000000
-0.379325 -0.318468 2.573565 0.341346
-0.047153 -0.225948 2.491967 0.000000
-0.281569 -0.572157 2.682758 1.000000
-0.041783 -0.565925 2.660542 1.000000
-0.309942 -0.980365 2.785933 1.000000
0.030121 -0.968143 2.766065 1.000000
-0.293865 -1.018360 2.640028 0.288462
0.050238 -1.002905 2.619856 0.000000
-0.169706 0.536539 2.590310 1.000000
