-0.323204 0.367575 2.727724 1.000000
0.027160 0.371862 2.654301 1.000000
-0.167623 0.418750 2.600342 0.000000
-0.127445 0.210844 2.779930 0.000000
-0.307141 -0.008098 2.688802 0.596154
-0.031218 -0.019831 2.635600 0.509615
-0.145004 0.003986 2.783625 0.000000
-0.376186 0.111840 2.732064 1.000000
0.068423 0.114154 2.643782 1.000000
-0.396688 -0.168718 2.711215 1.000000
0.040371 -0.166199 2.657303 1.000000
-0.383002 -0.233431 2.694288 0.644231
0.018964 -0.230986 2.659742 0.644231
-0.297464 -0.582459 2.717588 1.000000
-0.049387 -0.587929 2.698202 1.000000
-0.309124 -0.998316 2.813794 1.000000
-0.067632 -1.011073 2.752471 1.000000
-0.349848 -1.034055 2.654375 0.000000
-0.091276 -1.031277 2.586994 0.000000
-0.156032 0.677808 2.593403 1.000000
-0.327267 0.371473 2.724480 1.000000
0.026044 0.368425 2.666804 1.000000
-0.165082 0.419645 2.604371 0.000000
-0.137434 0.210420 2.784792 0.000000
-0.318843 -0.007322 2.691428 1.000000
-0.040775 -0.014880 2.649925 0.836538
-0.161067 0.004951 2.793321 0.000000
-0.391264 0.116450 2.731084 1.000000
0.064076 0.108628 2.682124 1.000000
-0.412956 -0.165528 2.704759 1.000000
0.050301 -0.174908 2.691741 1.000000
-0.397698 -0.228821 2.725319 0.694712
0.037507 -0.237338 2.667237 0.896635
-0.306226 -0.581471 2.710722 1.000000
-0.058615 -0.585039 2.696039 1.000000
-0.308365 -0.993604 2.822394 1.000000
-0.068986 -1.008507 2.749860 1.000000
-0.344933 -1.036412 2.663711 0.000000
-0.085252 -1.029244 2.583560 0.000000
-0.153725 0.675560 2.588137 1.000000
-0.337843 0.367444 2.721086 1.000000
0.016499 0.362458 2.670285 1.000000
-0.173491 0.410095 2.601839 0.000000
-0.148936 0.209997 2.792755 0.000000
-0.326732 -0.014092 2.686414 1.000000
-0.047831 -0.015993 2.650189 0.846154
-0.171218 0.003135 2.791029 0.000000
-0.399188 0.110661 2.724944 1.000000
0.060409 0.102099 2.671103 1.000000
-0.419940 -0.172818 2.702300 1.000000
0.055121 -0.182990 2.671525 1.000000
-0.411764 -0.240044 2.710988 0.677885
0.060082 -0.248112 2.691427 1.000000
-0.308486 -0.586612 2.708912 1.000000
-0.066592 -0.587952 2.700155 1.000000
-0.313070 -1.001284 2.810673 1.000000
-0.065643 -1.011015 2.757999 1.000000
-0.345289 -1.040335 2.650089 0.000000
-0.080541 -1.033767 2.591835 0.000000
-0.155368 0.675095 2.595426 1.000000
-0.340344 0.369627 2.719988 1.000000
0.014827 0.360560 2.675996 1.000000
-0.173178 0.411271 2.604352 0.000000
-0.154876 0.209104 2.793784 0.000000
-0.317402 -0.013288 2.685452 1.000000
-0.038811 -0.022113 2.647892 1.000000
-0.161012 -0.000235 2.789364 0.000000
-0.405476 0.112897 2.721203 1.000000
0.061437 0.100622 2.655645 1.000000
-0.420871 -0.170741 2.687626 1.000000
0.078283 -0.184558 2.641376 1.000000
-0.411859 -0.236257 2.704597 0.694712
0.088815 -0.249295 2.660345 1.000000
-0.306949 -0.587268 2.707976 1.000000
-0.061402 -0.591786 2.705087 1.000000
-0.312696 -1.002822 2.806009 1.000000
-0.067944 -1.015613 2.756633 1.000000
-0.346095 -1.040276 2.645286 0.000000
-0.084432 -1.035592 2.590263 0.000000
-0.150427 0.676193 2.601341 1.000000
-0.340555 0.374180 2.722304 1.000000
0.014403 0.353123 2.680763 1.000000
-0.171409 0.409063 2.607311 0.000000
-0.160853 0.208599 2.799129 0.000000
-0.312831 -0.010358 2.678670 1.000000
-0.032842 -0.024032 2.655845 1.000000
-0.162012 -0.002066 2.790969 0.000000
-0.404430 0.116535 2.708127 1.000000
0.057704 0.093102 2.646461 1.000000
-0.419215 -0.162588 2.642708 1.000000
0.092209 -0.182761 2.574931 1.000000
-0.402076 -0.227844 2.653171 0.677885
0.079664 -0.249600 2.568866 0.728365
-0.304479 -0.586366 2.703028 1.000000
-0.051018 -0.591043 2.707694 1.000000
-0.309844 -0.999241 2.811815 1.000000
-0.071370 -1.014820 2.755948 1.000000
-0.335701 -1.041318 2.650846 0.000000
-0.075841 -1.033650 2.588689 0.000000
-0.151565 0.674544 2.602804 1.000000
-0.342881 0.373419 2.723058 1.000000
0.013049 0.357418 2.688109 1.000000
-0.172089 0.411328 2.611507 0.000000
-0.162423 0.209777 2.802230 0.000000
-0.302475 -0.010455 2.672761 0.750000
-0.021733 -0.021367 2.659859 1.000000
-0.155798 -0.000214 2.790263 0.000000
-0.400911 0.114432 2.701130 1.000000
0.063126 0.099195 2.646447 1.000000
-0.394803 -0.165077 2.633682 1.000000
0.083374 -0.165344 2.535449 1.000000
-0.395121 -0.231189 2.650732 0.745192
0.057432 -0.222650 2.508903 0.661058
-0.302598 -0.583851 2.703080 1.000000
-0.047152 -0.590450 2.708683 1.000000
-0.308359 -0.996569 2.812440 1.000000
-0.069597 -1.014167 2.756530 1.000000
-0.330835 -1.039017 2.651062 0.000000
-0.068981 -1.033093 2.589223 0.000000
-0.152983 0.679597 2.617274 1.000000
-0.341666 0.375009 2.715988 1.000000
0.015663 0.362976 2.697681 1.000000
-0.166328 0.414198 2.612204 0.000000
-0.163212 0.214027 2.804593 0.000000
-0.294692 -0.009907 2.668332 0.644231
-0.013635 -0.019492 2.672363 1.000000
-0.155440 0.000116 2.794563 0.000000
-0.393367 0.114181 2.695254 1.000000
0.072305 0.107427 2.646491 1.000000
-0.373439 -0.164633 2.625801 1.000000
0.081614 -0.140500 2.500191 1.000000
-0.394989 -0.229271 2.621419 0.627404
0.053206 -0.199884 2.482076 0.526442
-0.296242 -0.582871 2.703251 1.000000
-0.045318 -0.590069 2.712547 1.000000
-0.311504 -0.996631 2.807649 1.000000
-0.070069 -1.014564 2.751537 1.000000
-0.322745 -1.037342 2.644657 0.000000
-0.060207 -1.030508 2.584209 0.000000
-0.148637 0.684282 2.623408 1.000000
-0.335916 0.374506 2.712306 1.000000
0.021948 0.364996 2.714895 1.000000
-0.155053 0.416893 2.619881 0.000000
-0.161838 0.212788 2.807994 0.000000
-0.279124 -0.005834 2.661289 0.576923
0.001263 -0.012912 2.682141 1.000000
-0.147811 0.004255 2.795755 0.000000
-0.381656 0.114098 2.673910 1.000000
0.079967 0.112770 2.648606 1.000000
-0.363670 -0.169029 2.621386 1.000000
0.107241 -0.093813 2.449049 1.000000
-0.352877 -0.236440 2.622322 0.694712
0.064302 -0.135905 2.416705 0.459135
-0.293026 -0.575691 2.699964 1.000000
-0.040159 -0.585801 2.714375 1.000000
-0.307626 -0.988202 2.809283 1.000000
-0.067469 -1.009583 2.759011 1.000000
-0.312983 -1.031135 2.646562 0.000000
-0.048392 -1.028322 2.592773 0.000000
-0.127258 0.683586 2.632295 1.000000
-0.333683 0.372448 2.708845 1.000000
0.023742 0.373259 2.729114 1.000000
-0.149805 0.421125 2.625960 0.000000
-0.159853 0.214723 2.811402 0.000000
-0.270179 -0.005988 2.670260 0.605769
0.010749 -0.007159 2.683665 1.000000
-0.135606 0.004689 2.801418 0.000000
-0.371176 0.111289 2.667397 1.000000
0.097333 0.128359 2.652068 1.000000
-0.351259 -0.172452 2.619665 1.000000
0.156028 -0.039719 2.425156 1.000000
-0.334633 -0.238369 2.626008 0.829327
0.165694 -0.080750 2.371447 0.088942
-0.289794 -0.572405 2.691976 1.000000
-0.034707 -0.582727 2.720649 1.000000
-0.308989 -0.983993 2.804032 1.000000
-0.065304 -1.006855 2.759489 1.000000
-0.322327 -1.027505 2.641924 0.000000
-0.051916 -1.023118 2.592437 0.000000
-0.121478 0.688588 2.647543 1.000000
-0.327411 0.374844 2.700755 1.000000
0.026675 0.379636 2.753331 1.000000
-0.137698 0.429506 2.636947 0.000000
-0.160795 0.215254 2.812030 0.000000
-0.256905 0.000060 2.667029 0.692308
0.021803 -0.002060 2.704693 1.000000
-0.134192 0.008128 2.809515 0.000000
-0.361171 0.112727 2.662403 1.000000
0.114027 0.135433 2.689688 1.000000
-0.344210 -0.171762 2.618258 1.000000
0.202845 0.037571 2.433358 1.000000
-0.326120 -0.234661 2.637702 0.947115
0.225153 0.011055 2.374529 0.000000
-0.285472 -0.565072 2.682591 1.000000
-0.028947 -0.578224 2.727178 1.000000
-0.309671 -0.978766 2.785549 1.000000
-0.059788 -1.002345 2.765900 1.000000
-0.310686 -1.019373 2.622147 0.000000
-0.032378 -1.019425 2.600652 0.000000
-0.102754 0.684470 2.648016 1.000000
-0.315494 0.378032 2.686955 1.000000
0.031411 0.374112 2.775301 1.000000
-0.118953 0.427714 2.642757 0.000000
-0.165153 0.214672 2.814716 0.000000
-0.246346 0.002911 2.659112 0.576923
0.027409 0.002032 2.723604 1.000000
-0.138076 0.010268 2.812896 0.000000
-0.348079 0.117682 2.648798 1.000000
0.140990 0.140219 2.715415 1.000000
-0.338696 -0.165352 2.606504 1.000000
0.294803 0.169995 2.475749 1.000000
-0.311161 -0.226299 2.620246 0.963942
0.332567 0.172832 2.418938 0.000000
-0.283916 -0.557237 2.641551 1.000000
-0.030637 -0.575171 2.738337 1.000000
-0.309873 -0.966640 2.760064 1.000000
-0.050722 -1.000964 2.763353 1.000000
-0.309915 -1.013456 2.598328 0.000000
-0.009889 -1.012463 2.600410 0.000000
-0.084003 0.683520 2.655354 1.000000
-0.309467 0.387277 2.683412 1.000000
0.034132 0.368037 2.782071 1.000000
-0.109928 0.430493 2.646439 0.000000
-0.169373 0.215289 2.811499 0.000000
-0.242926 0.006040 2.651541 0.500000
0.029121 0.000998 2.722718 1.000000
-0.138305 0.013202 2.807838 0.000000
-0.346794 0.129070 2.642199 1.000000
0.172183 0.148536 2.731832 1.000000
-0.331439 -0.152023 2.596261 1.000000
0.328216 0.276533 2.530266 1.000000
-0.316208 -0.216135 2.614127 1.000000
0.334170 0.320725 2.478563 0.341346
-0.281874 -0.553509 2.621364 1.000000
-0.032372 -0.574228 2.745900 1.000000
-0.308589 -0.960989 2.746166 1.000000
-0.048527 -1.000315 2.768656 1.000000
-0.309576 -1.010237 2.585157 0.000000
-0.004391 -1.010649 2.606497 0.000000
-0.082788 0.686669 2.657411 1.000000
-0.300063 0.401875 2.672207 1.000000
0.035153 0.358460 2.790145 1.000000
-0.096428 0.433860 2.648540 0.000000
-0.178501 0.217685 2.802241 0.000000
-0.239758 0.003589 2.633589 0.403846
0.024870 0.000981 2.728810 0.855769
-0.149610 0.011358 2.798631 0.000000
-0.349088 0.145782 2.629715 1.000000
0.183494 0.142969 2.753390 1.000000
-0.329863 -0.134802 2.581792 1.000000
0.325406 0.348639 2.615716 1.000000
-0.309159 -0.199366 2.589818 1.000000
0.334533 0.415170 2.603392 0.644231
-0.281088 -0.557079 2.623205 1.000000
-0.030442 -0.574527 2.747663 1.000000
-0.316352 -0.979902 2.671225 1.000000
-0.061636 -0.999296 2.778110 1.000000
-0.280184 -1.001434 2.508196 0.000000
-0.001197 -1.014943 2.621737 0.000000
-0.059265 0.685689 2.659163 1.000000
-0.297133 0.403511 2.655847 1.000000
0.023041 0.355850 2.808754 1.000000
-0.092573 0.438194 2.657416 0.000000
-0.188705 0.213135 2.788558 0.000000
-0.241135 0.010390 2.598759 0.596154
0.009998 -0.006305 2.724278 0.923077
-0.170865 0.011157 2.773366 0.000000
-0.349911 0.152486 2.607636 1.000000
0.189193 0.163379 2.749833 1.000000
-0.328259 -0.123775 2.556081 1.000000
0.291532 0.423098 2.710853 1.000000
-0.319022 -0.189287 2.572948 1.000000
0.279063 0.489873 2.717733 1.000000
-0.288919 -0.558028 2.616132 1.000000
-0.035518 -0.575099 2.740407 1.000000
-0.327536 -0.982943 2.633009 1.000000
-0.062159 -1.000049 2.772605 1.000000
-0.259980 -0.995189 2.479267 0.000000
0.017448 -1.016214 2.625121 0.000000
-0.044427 0.679139 2.664728 1.000000
-0.310791 0.394248 2.653263 1.000000
0.010261 0.352589 2.806084 1.000000
-0.107658 0.436332 2.657313 0.000000
-0.195987 0.203069 2.779289 0.000000
-0.251219 0.004108 2.590451 0.605769
0.000873 -0.007451 2.714617 0.903846
-0.180080 0.005715 2.764699 0.000000
-0.354399 0.145935 2.592441 1.000000
0.192162 0.180289 2.739113 1.000000
-0.325865 -0.127736 2.540182 1.000000
0.251286 0.453235 2.760230 1.000000
-0.314742 -0.193450 2.554997 1.000000
0.232480 0.513705 2.785751 0.930288
-0.296029 -0.562366 2.600201 1.000000
-0.040230 -0.578326 2.727111 1.000000
-0.335562 -0.987475 2.607174 1.000000
-0.067990 -1.000856 2.782134 1.000000
-0.268111 -0.996274 2.453151 0.000000
0.011158 -1.025148 2.635520 0.000000
-0.036895 0.667023 2.670577 1.000000
-0.315900 0.392933 2.639401 1.000000
-0.000303 0.351837 2.803332 1.000000
-0.113356 0.436355 2.651259 0.000000
-0.204361 0.201208 2.767514 0.000000
-0.251913 0.005056 2.577584 0.557692
-0.004679 -0.013878 2.710318 1.000000
-0.187054 0.001506 2.754238 0.000000
-0.362653 0.145115 2.585666 1.000000
0.195191 0.203432 2.724309 1.000000
-0.324865 -0.121008 2.512942 1.000000
0.203043 0.471961 2.797579 1.000000
-0.318674 -0.187850 2.525409 0.694712
0.154923 0.514705 2.820360 0.694712
-0.301923 -0.562813 2.580565 1.000000
-0.043306 -0.582534 2.710763 1.000000
-0.338050 -0.988040 2.594931 1.000000
-0.064846 -1.004327 2.773660 1.000000
-0.267788 -0.999165 2.442321 0.000000
0.019425 -1.030027 2.630175 0.000000
-0.049677 0.670685 2.674139 1.000000
-0.324009 0.392266 2.636397 1.000000
-0.006509 0.345834 2.795147 1.000000
-0.121519 0.436040 2.647886 0.000000
-0.210354 0.195923 2.755326 0.000000
-0.262171 0.000527 2.552924 0.653846
-0.013376 -0.011213 2.683558 0.913462
-0.195789 -0.002057 2.729029 0.000000
-0.378241 0.149122 2.585700 1.000000
0.182452 0.232821 2.668056 1.000000
-0.345912 -0.106447 2.490762 1.000000
0.128892 0.474778 2.786214 1.000000
-0.320053 -0.169625 2.491940 1.000000
0.081601 0.501498 2.827582 0.509615
-0.304099 -0.565101 2.543863 1.000000
-0.046525 -0.582553 2.680583 1.000000
-0.327508 -0.989339 2.586329 1.000000
-0.062441 -1.001358 2.762303 1.000000
-0.267865 -1.008277 2.430014 0.000000
0.020263 -1.032468 2.618977 0.000000
-0.076657 0.672786 2.670747 1.000000
-0.330986 0.386390 2.636138 1.000000
-0.007198 0.354220 2.785438 0.980769
-0.130990 0.441153 2.643421 0.000000
-0.203447 0.194078 2.747321 0.000000
-0.258375 0.003167 2.540083 0.711538
-0.005147 -0.008446 2.661914 1.000000
-0.185871 0.000367 2.713753 0.000000
-0.384342 0.143852 2.586611 1.000000
0.163853 0.271723 2.617926 1.000000
-0.351520 -0.110987 2.492999 1.000000
0.103247 0.510018 2.737616 1.000000
-0.339092 -0.177310 2.482585 1.000000
0.048205 0.529913 2.772776 0.324519
-0.306577 -0.561076 2.535303 1.000000
-0.059237 -0.582011 2.657775 1.000000
-0.328280 -0.985670 2.575027 1.000000
-0.055841 -0.999918 2.745362 1.000000
-0.273921 -1.003267 2.416643 0.000000
0.017804 -1.030404 2.597047 0.000000
-0.110862 0.677088 2.659602 1.000000
-0.347783 0.378973 2.662019 1.000000
0.005107 0.327847 2.693932 1.000000
-0.154882 0.414960 2.594608 0.000000
-0.201620 0.184546 2.742311 0.000000
-0.285849 -0.015029 2.573812 0.384615
-0.006542 -0.009291 2.606310 1.000000
-0.160769 -0.005424 2.714129 0.000000
-0.401400 0.141235 2.584434 1.000000
0.193614 0.325862 2.521089 1.000000
-0.365838 -0.116045 2.490470 1.000000
0.092003 0.545574 2.654088 1.000000
-0.350409 -0.179946 2.472025 1.000000
0.071444 0.596449 2.694716 0.223558
-0.315783 -0.570129 2.523020 1.000000
-0.071875 -0.588412 2.640445 1.000000
-0.327283 -0.993533 2.577106 1.000000
-0.065344 -1.004378 2.736669 1.000000
-0.339194 -1.014497 2.410466 0.000000
-0.044788 -1.041735 2.573783 0.000000
-0.137253 0.677785 2.660754 1.000000
-0.363287 0.360198 2.680421 1.000000
-0.017217 0.349478 2.630907 1.000000
-0.196646 0.413905 2.569081 0.000000
-0.180985 0.186597 2.727753 0.000000
-0.290448 -0.010469 2.604283 0.567308
-0.014056 -0.026718 2.554837 1.000000
-0.129768 -0.009649 2.702300 0.000000
-0.409550 0.113364 2.616314 1.000000
0.107864 0.473340 2.440670 1.000000
-0.379423 -0.139902 2.501021 1.000000
0.076683 0.745844 2.496463 1.000000
-0.377346 -0.204432 2.478813 1.000000
0.048269 0.805094 2.515002 0.257212
-0.320590 -0.572434 2.523484 1.000000
-0.082113 -0.596582 2.637264 1.000000
-0.330916 -0.995582 2.579773 1.000000
-0.071544 -1.011875 2.736003 1.000000
-0.380244 -1.015627 2.420039 0.000000
-0.100374 -1.050941 2.574780 0.000000
-0.179771 0.680406 2.648334 1.000000
-0.375506 0.336781 2.709361 1.000000
-0.049654 0.371279 2.598535 1.000000
-0.240804 0.409797 2.569453 0.076923
-0.165604 0.190542 2.722306 0.000000
-0.300825 -0.009776 2.626858 0.519231
-0.036634 -0.031549 2.532887 1.000000
-0.126361 -0.013713 2.697377 0.000000
-0.406531 0.093937 2.623911 1.000000
0.033794 0.549707 2.429901 1.000000
-0.396266 -0.163700 2.514681 1.000000
0.073230 0.813124 2.343471 1.000000
-0.376028 -0.224859 2.492061 1.000000
0.068317 0.878818 2.325532 1.000000
-0.325043 -0.574428 2.524367 1.000000
-0.084968 -0.596431 2.642879 1.000000
-0.335829 -0.997409 2.581806 1.000000
-0.071518 -1.014618 2.728134 1.000000
-0.401443 -1.016631 2.427938 0.000000
-0.128154 -1.048039 2.573132 0.000000
-0.199465 0.676687 2.629916 1.000000
-0.373515 0.314331 2.731076 1.000000
-0.070197 0.396926 2.584611 1.000000
-0.267748 0.407280 2.578681 0.024038
-0.144735 0.200045 2.716567 0.000000
-0.298898 -0.010486 2.634646 0.000000
-0.047889 -0.032203 2.509649 1.000000
-0.117217 -0.014055 2.683690 0.000000
-0.405283 0.072735 2.640119 1.000000
-0.001523 0.584084 2.417556 1.000000
-0.407219 -0.188757 2.537576 1.000000
0.048467 0.810705 2.259315 1.000000
-0.391091 -0.248767 2.509288 0.862981
0.057088 0.848239 2.202937 1.000000
-0.326180 -0.578034 2.540224 1.000000
-0.080617 -0.592915 2.647379 1.000000
-0.336830 -1.002481 2.585609 1.000000
-0.069269 -1.011482 2.731056 1.000000
-0.418027 -1.016148 2.438741 0.000000
-0.144756 -1.042952 2.583877 0.000000
-0.210651 0.674502 2.604312 1.000000
-0.365408 0.298555 2.746246 1.000000
-0.079534 0.395049 2.573277 1.000000
-0.278017 0.391924 2.582858 0.000000
-0.131087 0.198996 2.718068 0.000000
-0.286822 -0.015557 2.647976 0.000000
-0.045544 -0.038935 2.505357 1.000000
-0.102131 -0.020437 2.683911 0.000000
-0.392820 0.053663 2.665242 1.000000
-0.031877 0.572905 2.390572 1.000000
-0.403907 -0.213641 2.582202 1.000000
0.018254 0.791496 2.222718 1.000000
-0.379990 -0.277414 2.577458 0.829327
0.022103 0.837679 2.172580 1.000000
-0.314172 -0.587780 2.572947 1.000000
-0.074032 -0.596308 2.660798 1.000000
-0.330147 -1.013426 2.602939 1.000000
-0.068737 -1.016742 2.735201 1.000000
-0.420467 -1.020038 2.460993 0.000000
-0.155146 -1.042979 2.593091 0.000000
-0.216000 0.666749 2.595047 1.000000
-0.362230 0.297216 2.753568 1.000000
-0.079891 0.391819 2.571774 1.000000
-0.279004 0.385091 2.585040 0.000000
-0.126449 0.200949 2.726144 0.000000
-0.277755 -0.019456 2.661084 0.000000
-0.038143 -0.042683 2.515660 1.000000
-0.092660 -0.024344 2.694874 0.000000
-0.383060 0.050750 2.680564 1.000000
-0.026155 0.556455 2.380682 1.000000
-0.394957 -0.222555 2.628343 1.000000
0.011955 0.770495 2.206617 1.000000
-0.368030 -0.276446 2.596213 0.526442
0.018620 0.810547 2.151726 1.000000
-0.307182 -0.591867 2.590928 1.000000
-0.065652 -0.601073 2.667553 1.000000
-0.329628 -1.018117 2.602611 1.000000
-0.072635 -1.023377 2.730322 1.000000
-0.421146 -1.017171 2.461283 0.000000
-0.160373 -1.043084 2.587971 0.000000
-0.215535 0.664637 2.591433 1.000000
-0.341826 0.303439 2.761860 1.000000
-0.058074 0.382080 2.576609 0.980769
-0.256465 0.381510 2.589614 0.000000
-0.108738 0.199769 2.738739 0.000000
-0.268827 -0.023360 2.678854 0.000000
-0.029441 -0.045799 2.532935 1.000000
-0.083685 -0.028563 2.712341 0.000000
-0.377432 0.055540 2.706269 1.000000
-0.022316 0.539061 2.376883 1.000000
-0.376356 -0.215082 2.646990 1.000000
0.020394 0.742633 2.193892 1.000000
-0.389262 -0.280114 2.663294 0.257212
0.020469 0.781235 2.137576 1.000000
-0.307711 -0.593254 2.606664 1.000000
-0.058327 -0.604386 2.685335 1.000000
-0.331123 -1.019549 2.599299 1.000000
-0.070212 -1.028865 2.730115 1.000000
-0.423816 -1.012033 2.458937 0.000000
-0.158360 -1.041472 2.587212 0.000000
-0.206408 0.660209 2.584390 1.000000
-0.318364 0.323030 2.753311 1.000000
-0.016265 0.379947 2.586729 1.000000
-0.216455 0.386827 2.584210 0.000000
-0.088495 0.210045 2.755865 0.000000
-0.261355 -0.024684 2.707455 0.442308
-0.011469 -0.045576 2.580090 1.000000
-0.079443 -0.032554 2.755121 0.000000
-0.359866 0.072830 2.729331 1.000000
0.020472 0.496571 2.363241 1.000000
-0.376677 -0.199788 2.696437 1.000000
0.055448 0.674797 2.156608 1.000000
-0.356837 -0.246576 2.650842 0.459135
0.054103 0.707647 2.096769 1.000000
-0.303405 -0.593377 2.636718 1.000000
-0.047385 -0.607454 2.711246 1.000000
-0.331406 -1.019083 2.618840 1.000000
-0.064963 -1.032838 2.743947 1.000000
-0.413650 -1.007522 2.472373 0.000000
-0.141665 -1.041173 2.594289 0.000000
-0.181391 0.664993 2.573825 1.000000
-0.309255 0.322681 2.756507 1.000000
-0.000523 0.374363 2.592097 1.000000
-0.204024 0.381795 2.587740 0.000000
-0.080189 0.208424 2.765781 0.000000
-0.254733 -0.020400 2.720474 0.144231
-0.002893 -0.049837 2.598771 1.000000
-0.073931 -0.029875 2.771921 0.000000
-0.358439 0.072114 2.747439 1.000000
0.058320 0.442794 2.353057 1.000000
-0.380134 -0.201254 2.716839 1.000000
0.085560 0.585686 2.118586 1.000000
-0.358065 -0.253232 2.678461 0.307692
0.078094 0.613791 2.056812 1.000000
-0.296977 -0.591260 2.652544 1.000000
-0.045686 -0.611555 2.718622 1.000000
-0.323942 -1.017348 2.645433 1.000000
-0.059090 -1.037018 2.752254 1.000000
-0.402572 -1.009891 2.496732 0.000000
-0.133660 -1.046578 2.601595 0.000000
-0.164735 0.664359 2.584080 1.000000
-0.293686 0.345194 2.749754 1.000000
0.017025 0.356712 2.575668 0.000000
-0.188210 0.374988 2.573579 0.000000
-0.071155 0.220354 2.772269 0.000000
-0.251395 -0.016991 2.734694 0.048077
-0.002732 -0.048959 2.607234 1.000000
-0.069476 -0.027252 2.781876 0.000000
-0.360674 0.100297 2.765600 1.000000
0.102339 0.365205 2.336163 1.000000
-0.365411 -0.170847 2.721689 1.000000
0.120111 0.455415 2.077289 1.000000
-0.393141 -0.232321 2.732345 0.139423
0.118082 0.446781 2.009592 0.778846
-0.294491 -0.587746 2.659340 1.000000
-0.044367 -0.611642 2.716650 1.000000
-0.307862 -1.014128 2.678017 1.000000
-0.062929 -1.036411 2.756097 1.000000
-0.391854 -1.017884 2.532136 0.000000
-0.140236 -1.046889 2.606886 0.000000
-0.154835 0.671232 2.583997 1.000000
-0.293797 0.362986 2.761098 1.000000
0.038922 0.381826 2.630304 1.000000
-0.164293 0.417558 2.608452 0.000000
-0.084120 0.217584 2.783592 0.000000
-0.264046 -0.003970 2.726577 0.884615
-0.003195 -0.033273 2.625585 1.000000
-0.087931 -0.012765 2.792394 0.000000
-0.358592 0.116889 2.766691 1.000000
0.104929 0.234881 2.433217 1.000000
-0.382029 -0.155955 2.742797 1.000000
0.147215 0.148877 2.175575 0.673077
-0.372205 -0.220718 2.762053 0.509615
0.161577 0.116397 2.117263 0.947115
-0.287256 -0.580380 2.681401 1.000000
-0.044181 -0.597668 2.714713 1.000000
-0.307876 -0.999820 2.758694 1.000000
-0.062090 -1.021797 2.760797 1.000000
-0.376145 -1.024461 2.606766 0.000000
-0.121838 -1.036305 2.604049 0.000000
-0.144156 0.678387 2.586955 1.000000
-0.296923 0.373251 2.760511 1.000000
0.039785 0.372037 2.638894 1.000000
-0.160248 0.419873 2.611525 0.000000
-0.097032 0.215555 2.788582 0.000000
-0.268035 0.003693 2.721547 0.980769
-0.005437 -0.031313 2.627111 1.000000
-0.093853 -0.008887 2.791749 0.000000
-0.358528 0.123786 2.753891 1.000000
0.104565 0.163164 2.503811 1.000000
-0.392080 -0.151724 2.749124 1.000000
0.146385 -0.042786 2.322454 1.000000
-0.375814 -0.217548 2.741112 0.661058
0.139229 -0.100010 2.285906 1.000000
-0.285463 -0.576954 2.701152 1.000000
-0.044044 -0.593147 2.711590 1.000000
-0.302017 -0.994461 2.789145 1.000000
-0.060746 -1.017261 2.758256 1.000000
-0.366275 -1.024113 2.636364 0.000000
-0.116448 -1.032470 2.600091 0.000000
-0.144208 0.678349 2.593502 1.000000
-0.306742 0.372020 2.742032 1.000000
0.040532 0.365120 2.655330 1.000000
-0.154571 0.418180 2.608750 0.000000
-0.114227 0.209141 2.786981 0.000000
-0.292920 -0.008475 2.713436 0.730769
-0.024726 -0.020768 2.629637 0.884615
-0.121155 0.000698 2.789845 0.000000
-0.369414 0.119561 2.741536 1.000000
0.076078 0.108904 2.627884 1.000000
-0.386429 -0.160398 2.725934 1.000000
0.070446 -0.168853 2.586295 1.000000
-0.375559 -0.227796 2.726942 0.610577
0.059655 -0.236191 2.589582 1.000000
-0.295465 -0.581685 2.721313 1.000000
-0.051013 -0.590746 2.700844 1.000000
-0.302369 -1.002578 2.792946 1.000000
-0.065406 -1.013119 2.761858 1.000000
-0.362100 -1.028038 2.637595 0.000000
-0.109822 -1.034856 2.600908 0.000000
-0.133755 0.673432 2.588456 1.000000
-0.319091 0.372256 2.732060 1.000000
0.032860 0.370977 2.666543 1.000000
-0.159802 0.421807 2.608682 0.000000
-0.127343 0.211603 2.787153 0.000000
-0.307722 -0.008910 2.698630 0.740385
-0.035126 -0.014980 2.629665 0.471154
-0.140729 0.008705 2.783655 0.000000
-0.376944 0.118323 2.734857 1.000000
0.069260 0.113777 2.647573 1.000000
-0.397582 -0.161660 2.717636 1.000000
0.036840 -0.163659 2.680605 1.000000
-0.378929 -0.227263 2.720777 0.576923
0.045765 -0.216214 2.723266 0.088942
-0.301732 -0.580097 2.712557 1.000000
-0.052138 -0.585252 2.695594 1.000000
-0.305133 -0.999603 2.792137 1.000000
-0.065503 -1.007506 2.757653 1.000000
-0.356932 -1.029057 2.634659 0.000000
-0.098747 -1.030477 2.594199 0.000000
-0.135927 0.675383 2.587668 1.000000
-0.319582 0.376051 2.713959 1.000000
0.035471 0.360092 2.670981 1.000000
-0.151349 0.414060 2.598618 0.000000
-0.137382 0.212349 2.788905 0.000000
-0.309876 -0.008790 2.681524 0.846154
-0.030494 -0.015650 2.649901 0.798077
-0.155820 0.006421 2.788581 0.000000
-0.382856 0.122352 2.726091 1.000000
0.068843 0.101317 2.691854 1.000000
-0.405569 -0.158281 2.700951 1.000000
0.051283 -0.179874 2.714791 1.000000
-0.382921 -0.220944 2.686051 0.694712
0.051143 -0.243746 2.690667 0.913462
-0.307997 -0.580292 2.705065 1.000000
-0.053178 -0.586195 2.696517 1.000000
-0.312017 -0.997514 2.795834 1.000000
-0.069315 -1.008329 2.758739 1.000000
-0.344100 -1.032356 2.634258 0.000000
-0.078614 -1.032497 2.592367 0.000000
-0.129120 0.676414 2.588228 1.000000
-0.333382 0.380499 2.713045 1.000000
0.022609 0.354275 2.685725 1.000000
-0.158998 0.415454 2.606187 0.000000
-0.159839 0.209754 2.792676 0.000000
-0.316692 -0.014435 2.668143 1.000000
-0.036424 -0.017370 2.644843 1.000000
-0.166119 0.004194 2.779528 0.000000
-0.401760 0.125974 2.711815 1.000000
0.068836 0.095537 2.705168 1.000000
-0.410818 -0.155628 2.671504 1.000000
0.093658 -0.187245 2.684554 1.000000
-0.392149 -0.220952 2.678270 0.677885
0.078436 -0.249322 2.708561 1.000000
-0.310284 -0.584825 2.702924 1.000000
-0.063158 -0.589132 2.701166 1.000000
-0.313579 -1.002030 2.793800 1.000000
-0.067210 -1.012051 2.759925 1.000000
-0.339840 -1.037228 2.631253 0.000000
-0.075356 -1.035118 2.593337 0.000000
-0.138155 0.671335 2.587062 1.000000
-0.337546 0.385483 2.705720 1.000000
0.018616 0.350908 2.694897 1.000000
-0.157757 0.415157 2.606494 0.000000
-0.171758 0.211888 2.795113 0.000000
-0.316698 -0.012945 2.657808 1.000000
-0.035590 -0.014087 2.648955 1.000000
-0.172175 0.006080 2.776875 0.000000
-0.404925 0.130121 2.691681 1.000000
0.073105 0.092165 2.700377 1.000000
-0.419776 -0.150433 2.640282 1.000000
0.120318 -0.184821 2.649165 1.000000
-0.409513 -0.216054 2.656101 1.000000
0.118708 -0.246651 2.678081 1.000000
-0.307097 -0.583472 2.697824 1.000000
-0.057502 -0.585545 2.703461 1.000000
-0.313846 -1.000349 2.790001 1.000000
-0.069783 -1.008954 2.757339 1.000000
-0.330581 -1.036263 2.626354 0.000000
-0.067909 -1.030260 2.590328 0.000000
-0.130878 0.674936 2.595499 1.000000
-0.347043 0.381221 2.703019 1.000000
0.009797 0.352446 2.701827 1.000000
-0.165026 0.415292 2.609426 0.000000
-0.181053 0.208874 2.794430 0.000000
-0.317353 -0.015793 2.652498 1.000000
-0.036141 -0.011250 2.651652 1.000000
-0.176661 0.004271 2.775906 0.000000
-0.410748 0.125145 2.676404 1.000000
0.070699 0.094636 2.688915 1.000000
-0.421221 -0.157238 2.629666 1.000000
0.123671 -0.176120 2.611982 1.000000
-0.404449 -0.220976 2.647489 1.000000
0.129537 -0.244114 2.613999 0.913462
-0.306526 -0.584826 2.691052 1.000000
-0.053144 -0.584305 2.702447 1.000000
-0.315589 -0.999952 2.790638 1.000000
-0.067714 -1.007317 2.758816 1.000000
-0.328514 -1.038847 2.627328 0.000000
-0.059838 -1.029800 2.592134 0.000000
-0.143844 0.677787 2.609948 1.000000
-0.355796 0.379086 2.696535 1.000000
0.001298 0.357276 2.709649 1.000000
-0.170866 0.416970 2.610419 0.000000
-0.190272 0.209742 2.794188 0.000000
-0.316095 -0.013037 2.647155 1.000000
-0.034979 -0.010185 2.655341 1.000000
-0.179303 0.003250 2.775407 0.000000
-0.411546 0.122968 2.650761 1.000000
0.060323 0.099426 2.680854 1.000000
-0.416321 -0.157566 2.588747 1.000000
0.103362 -0.152301 2.549138 1.000000
-0.406393 -0.221771 2.567754 0.627404
0.098646 -0.215692 2.524220 0.610577
-0.306833 -0.583003 2.687902 1.000000
-0.056131 -0.583639 2.700284 1.000000
-0.312791 -0.996746 2.793309 1.000000
-0.064824 -1.006244 2.760766 1.000000
-0.321371 -1.038144 2.630328 0.000000
-0.052626 -1.030282 2.594563 0.000000
-0.146178 0.676433 2.604335 1.000000
-0.356948 0.378120 2.695665 1.000000
-0.000038 0.358223 2.715250 1.000000
-0.170626 0.419607 2.614342 0.000000
-0.192207 0.207135 2.791772 0.000000
-0.308616 -0.009377 2.645258 0.701923
-0.027704 -0.012275 2.658743 1.000000
-0.173960 0.004214 2.776060 0.000000
-0.407193 0.121650 2.643392 1.000000
0.055704 0.100541 2.676177 1.000000
-0.400838 -0.155555 2.566199 1.000000
0.067870 -0.143144 2.523497 1.000000
-0.401304 -0.223087 2.576236 0.627404
0.056085 -0.200802 2.488880 0.745192
-0.302542 -0.581072 2.688376 1.000000
-0.053068 -0.584351 2.697725 1.000000
-0.315178 -0.996170 2.787688 1.000000
-0.067798 -1.006013 2.763404 1.000000
-0.319057 -1.035226 2.623951 0.000000
-0.051118 -1.032368 2.597943 0.000000
-0.155701 0.682165 2.626830 1.000000
-0.358065 0.373321 2.693418 1.000000
-0.001184 0.359496 2.718099 1.000000
-0.171334 0.418564 2.615092 0.000000
-0.191778 0.204600 2.790855 0.000000
-0.314831 -0.015253 2.638882 0.644231
-0.034211 -0.009644 2.656856 1.000000
-0.182760 0.002647 2.771783 0.000000
-0.409059 0.116246 2.643055 1.000000
0.046098 0.102473 2.663986 1.000000
-0.398308 -0.159170 2.558829 1.000000
0.053533 -0.152418 2.529678 1.000000
-0.374968 -0.223182 2.563230 0.762019
0.016883 -0.189065 2.485232 0.728365
-0.303517 -0.584419 2.686632 1.000000
-0.053654 -0.583883 2.696958 1.000000
-0.312289 -0.997955 2.792655 1.000000
-0.065243 -1.005899 2.760973 1.000000
-0.314067 -1.039733 2.629555 0.000000
-0.046123 -1.031500 2.595657 0.000000
-0.154238 0.679737 2.626525 1.000000
-0.360430 0.363535 2.692159 1.000000
-0.002842 0.354069 2.706478 1.000000
-0.176618 0.410039 2.607891 0.000000
-0.189387 0.197821 2.786473 0.000000
-0.324573 -0.024176 2.634413 0.144231
-0.043635 -0.013664 2.642467 0.230769
-0.188273 -0.002478 2.762387 0.000000
-0.410231 0.107520 2.633670 1.000000
0.040071 0.096395 2.649846 1.000000
-0.372005 -0.169109 2.560627 1.000000
0.004241 -0.174030 2.555468 1.000000
-0.362052 -0.235163 2.574749 0.576923
-0.025025 -0.235235 2.547789 0.711538
-0.301786 -0.592873 2.681615 1.000000
-0.051511 -0.587209 2.694874 1.000000
-0.311825 -1.004966 2.793006 1.000000
-0.070173 -1.009062 2.758283 1.000000
-0.317778 -1.048739 2.630530 0.000000
-0.054551 -1.034657 2.592600 0.000000
-0.167114 0.674204 2.618251 1.000000
-0.359242 0.364852 2.699623 1.000000
-0.001286 0.359787 2.697215 1.000000
-0.180124 0.415278 2.607839 0.000000
-0.181998 0.199687 2.782791 0.000000
-0.324018 -0.022711 2.636016 0.057692
-0.042881 -0.014737 2.635512 0.355769
-0.183550 -0.007310 2.760345 0.000000
-0.408924 0.109332 2.637992 1.000000
0.042724 0.100767 2.646922 1.000000
-0.365333 -0.167809 2.569112 1.000000
-0.004312 -0.174950 2.574680 1.000000
-0.358588 -0.235511 2.574812 0.644231
-0.015810 -0.240457 2.559241 0.492788
-0.297047 -0.593289 2.681476 1.000000
-0.052393 -0.587706 2.693252 1.000000
-0.316677 -1.004263 2.795687 1.000000
-0.069807 -1.010275 2.752083 1.000000
-0.325066 -1.048919 2.633559 0.000000
-0.060888 -1.033821 2.585601 0.000000
-0.173044 0.678569 2.622462 1.000000
-0.359239 0.361837 2.697270 1.000000
-0.001276 0.357045 2.695410 1.000000
-0.180031 0.411691 2.605349 0.000000
-0.181981 0.197469 2.781974 0.000000
-0.322325 -0.021075 2.643455 0.182692
-0.041883 -0.015192 2.622982 0.355769
-0.173218 -0.008716 2.757649 0.000000
-0.411055 0.103472 2.650244 1.000000
0.044189 0.098143 2.644897 1.000000
-0.370584 -0.173501 2.578092 1.000000
-0.001769 -0.179514 2.578924 1.000000
-0.352710 -0.238091 2.565042 0.509615
-0.017192 -0.245033 2.567478 0.711538
-0.294620 -0.593011 2.675496 1.000000
-0.051405 -0.587287 2.689041 1.000000
-0.316265 -1.004662 2.786869 1.000000
-0.066024 -1.010424 2.744452 1.000000
-0.335791 -1.047382 2.625179 0.000000
-0.070503 -1.032127 2.577542 0.000000
-0.175582 0.674420 2.614690 1.000000
