-0.417597 0.225127 2.517817 1.000000
-0.059514 0.236806 2.482608 1.000000
-0.249176 0.273902 2.406440 0.000000
-0.225201 0.103789 2.593845 0.000000
-0.440809 -0.114381 2.500505 0.884615
-0.015724 -0.113509 2.472759 0.903846
-0.220439 -0.104955 2.606838 0.000000
-0.482835 -0.042021 2.520162 1.000000
0.025763 -0.024019 2.500721 1.000000
-0.474771 -0.317509 2.426191 1.000000
0.019129 -0.283348 2.368459 1.000000
-0.480626 -0.383469 2.407877 0.139423
0.004450 -0.349856 2.377493 0.644231
-0.344992 -0.618159 2.504971 1.000000
-0.105247 -0.616780 2.509130 1.000000
-0.356665 -0.996369 2.621748 1.000000
-0.126441 -0.994722 2.625433 1.000000
-0.371405 -1.045104 2.462437 0.019231
-0.126907 -1.043889 2.465574 0.057692
-0.247981 0.516125 2.372334 1.000000
-0.414572 0.225743 2.515717 1.000000
-0.056288 0.236813 2.482405 1.000000
-0.245492 0.273222 2.404780 0.000000
-0.222694 0.105093 2.594111 0.000000
-0.438060 -0.110967 2.505306 1.000000
-0.013720 -0.115792 2.468160 0.884615
-0.215284 -0.104394 2.606726 0.000000
-0.480088 -0.041294 2.522341 1.000000
0.029047 -0.024087 2.499565 1.000000
-0.477764 -0.317899 2.431289 1.000000
0.024006 -0.284399 2.369110 1.000000
-0.475052 -0.383957 2.412596 0.055288
-0.004286 -0.344807 2.385569 0.862981
-0.344145 -0.616401 2.505256 1.000000
-0.104334 -0.617257 2.509648 1.000000
-0.357136 -0.990921 2.633247 1.000000
-0.140768 -0.989763 2.638982 1.000000
-0.375220 -1.044128 2.475720 0.259615
-0.141024 -1.044598 2.480977 0.360577
-0.249720 0.518262 2.378479 1.000000
-0.413962 0.225625 2.518091 1.000000
-0.055531 0.233798 2.485525 1.000000
-0.244243 0.273349 2.408240 0.000000
-0.223388 0.101811 2.594716 0.000000
-0.439737 -0.109238 2.495202 1.000000
-0.014088 -0.118907 2.481203 0.875000
-0.222766 -0.105914 2.608650 0.000000
-0.480124 -0.041903 2.527982 1.000000
0.027581 -0.028625 2.502041 1.000000
-0.477150 -0.316214 2.427979 1.000000
0.019625 -0.290460 2.373062 1.000000
-0.472329 -0.382082 2.409039 0.139423
-0.004481 -0.352359 2.390606 0.846154
-0.344550 -0.616096 2.508337 1.000000
-0.104417 -0.619191 2.507732 1.000000
-0.358048 -0.997569 2.613752 1.000000
-0.139927 -0.990134 2.641735 1.000000
-0.366977 -1.041759 2.452693 0.000000
-0.130466 -1.047668 2.484978 0.274038
-0.248100 0.515948 2.379444 1.000000
-0.413205 0.226156 2.514240 1.000000
-0.054506 0.229576 2.483847 1.000000
-0.242285 0.268800 2.404161 0.000000
-0.224465 0.102670 2.595778 0.000000
-0.439731 -0.108997 2.504678 1.000000
-0.015262 -0.120862 2.470728 0.971154
-0.217660 -0.106707 2.607816 0.000000
-0.482209 -0.040564 2.529565 1.000000
0.029804 -0.032399 2.503763 1.000000
-0.471321 -0.313246 2.425245 1.000000
0.016597 -0.292958 2.372266 1.000000
-0.473639 -0.372644 2.390794 0.307692
0.009838 -0.358506 2.352821 0.627404
-0.345837 -0.616630 2.502302 1.000000
-0.103352 -0.620021 2.508299 1.000000
-0.358862 -0.996598 2.613075 1.000000
-0.134758 -0.993905 2.634948 1.000000
-0.375263 -1.042664 2.453133 0.000000
-0.133742 -1.047640 2.476568 0.312500
-0.244309 0.515936 2.372440 1.000000
-0.412537 0.225818 2.514311 1.000000
-0.053698 0.231066 2.485908 1.000000
-0.241201 0.270767 2.405808 0.000000
-0.223755 0.101841 2.595000 0.000000
-0.440620 -0.111045 2.501719 1.000000
-0.015536 -0.120935 2.475788 0.961538
-0.220563 -0.108500 2.609082 0.000000
-0.481305 -0.040413 2.528483 1.000000
0.029065 -0.030890 2.504286 1.000000
-0.479538 -0.314113 2.428108 1.000000
0.018679 -0.290123 2.371319 1.000000
-0.486311 -0.377542 2.402588 0.004808
-0.004354 -0.353827 2.359842 0.711538
-0.344871 -0.618205 2.503306 1.000000
-0.104660 -0.620835 2.510077 1.000000
-0.360847 -0.998327 2.613160 1.000000
-0.136821 -0.994974 2.635779 1.000000
-0.373804 -1.044119 2.452824 0.000000
-0.133219 -1.048506 2.477369 0.365385
-0.244722 0.516136 2.374883 1.000000
-0.415220 0.230833 2.513216 1.000000
-0.056160 0.229583 2.487252 1.000000
-0.242359 0.272815 2.405950 0.000000
-0.229281 0.103315 2.594980 0.000000
-0.443038 -0.112218 2.492624 0.951923
-0.017191 -0.117761 2.483104 0.884615
-0.227320 -0.107272 2.608380 0.000000
-0.484960 -0.035430 2.522750 1.000000
0.023958 -0.033291 2.505390 1.000000
-0.470498 -0.309349 2.423780 1.000000
0.017834 -0.290753 2.368598 1.000000
-0.476390 -0.372995 2.398582 0.223558
-0.003831 -0.355640 2.374982 0.627404
-0.347783 -0.617957 2.502378 1.000000
-0.106386 -0.619348 2.505889 1.000000
-0.357497 -0.997131 2.616172 1.000000
-0.140831 -0.991259 2.637460 1.000000
-0.365772 -1.044952 2.456118 0.000000
-0.129967 -1.047815 2.480438 0.302885
-0.241923 0.518647 2.373917 1.000000
-0.414995 0.231506 2.512229 1.000000
-0.055661 0.231708 2.490346 1.000000
-0.241063 0.275456 2.407513 0.000000
-0.229586 0.103474 2.594393 0.000000
-0.438997 -0.110048 2.492513 1.000000
-0.013299 -0.119842 2.480141 0.961538
-0.222453 -0.106476 2.606768 0.000000
-0.483891 -0.035066 2.512140 1.000000
0.027788 -0.030355 2.503243 1.000000
-0.462844 -0.312226 2.424237 1.000000
0.018300 -0.289382 2.369817 1.000000
-0.478386 -0.373517 2.397362 0.088942
-0.007234 -0.352940 2.364444 0.526442
-0.348153 -0.616766 2.500407 1.000000
-0.106148 -0.620323 2.505811 1.000000
-0.356083 -0.990167 2.632030 1.000000
-0.130176 -0.997508 2.624007 1.000000
-0.367076 -1.045441 2.474561 0.144231
-0.124251 -1.047832 2.464617 0.163462
-0.243993 0.517680 2.378695 1.000000
-0.416687 0.228233 2.510715 1.000000
-0.057089 0.230902 2.493926 1.000000
-0.241585 0.274077 2.408798 0.000000
-0.231626 0.100784 2.594551 0.000000
-0.442508 -0.110442 2.494710 1.000000
-0.017036 -0.118098 2.475160 0.875000
-0.224082 -0.105323 2.605264 0.000000
-0.485807 -0.038499 2.510653 1.000000
0.027533 -0.031079 2.505263 1.000000
-0.474307 -0.315078 2.418511 1.000000
0.015853 -0.289738 2.370810 1.000000
-0.476682 -0.378936 2.393273 0.173077
-0.007654 -0.353615 2.361457 0.711538
-0.349435 -0.616621 2.502709 1.000000
-0.104661 -0.618743 2.504321 1.000000
-0.354075 -0.992684 2.626689 1.000000
-0.139528 -0.991256 2.634066 1.000000
-0.367184 -1.044744 2.468290 0.057692
-0.131910 -1.046846 2.476508 0.259615
-0.242017 0.517247 2.379766 1.000000
-0.420455 0.227435 2.498055 1.000000
-0.060551 0.234671 2.502151 1.000000
-0.240305 0.274507 2.405970 0.000000
-0.239003 0.103329 2.593932 0.000000
-0.442290 -0.109556 2.473795 1.000000
-0.017124 -0.116316 2.499382 0.807692
-0.236832 -0.105510 2.606944 0.000000
-0.486655 -0.039909 2.509503 1.000000
0.022423 -0.028183 2.505226 1.000000
-0.475683 -0.312286 2.405202 1.000000
0.005557 -0.292650 2.382910 1.000000
-0.477114 -0.374676 2.376463 0.206731
0.004525 -0.352951 2.349999 0.627404
-0.352626 -0.615166 2.498100 1.000000
-0.103684 -0.617561 2.499908 1.000000
-0.354790 -0.989687 2.626730 1.000000
-0.138246 -0.988900 2.633059 1.000000
-0.353521 -1.044019 2.468556 0.072115
-0.113758 -1.046758 2.478058 0.230769
-0.243067 0.518432 2.378109 1.000000
-0.423426 0.227635 2.487079 1.000000
-0.064646 0.232624 2.516271 1.000000
-0.237083 0.275120 2.408525 0.000000
-0.249687 0.100877 2.593225 0.000000
-0.443367 -0.110918 2.462967 1.000000
-0.020167 -0.115533 2.511417 0.653846
-0.245423 -0.107063 2.607054 0.000000
-0.491380 -0.039020 2.498260 1.000000
0.018982 -0.029759 2.519200 1.000000
-0.479179 -0.307438 2.384967 1.000000
0.011726 -0.271865 2.356828 1.000000
-0.473653 -0.374531 2.371238 0.189904
-0.008668 -0.337394 2.353592 0.610577
-0.355557 -0.615853 2.491002 1.000000
-0.102718 -0.617015 2.489072 1.000000
-0.352859 -0.992553 2.613090 1.000000
-0.138880 -0.984943 2.630978 1.000000
-0.344225 -1.043993 2.454181 0.000000
-0.104946 -1.046769 2.479326 0.288462
-0.244013 0.517697 2.383316 1.000000
-0.423640 0.225033 2.467283 1.000000
-0.068903 0.223752 2.528604 1.000000
-0.229977 0.266381 2.404558 0.000000
-0.263031 0.098123 2.592255 0.000000
-0.446751 -0.117122 2.448953 1.000000
-0.028614 -0.117038 2.530372 0.846154
-0.260762 -0.113774 2.608186 0.000000
-0.495997 -0.039726 2.473755 1.000000
0.008880 -0.038805 2.548299 1.000000
-0.494745 -0.302864 2.350226 1.000000
0.017184 -0.202679 2.308342 1.000000
-0.483965 -0.351320 2.302726 0.105769
0.021647 -0.243086 2.252954 0.004808
-0.363106 -0.620482 2.477854 1.000000
-0.099937 -0.617867 2.475624 1.000000
-0.354200 -0.994663 2.607182 1.000000
-0.131802 -0.982484 2.626803 1.000000
-0.337624 -1.048676 2.449764 0.000000
-0.086567 -1.047512 2.479501 0.250000
-0.241144 0.515013 2.382405 1.000000
-0.417615 0.225462 2.448083 1.000000
-0.081517 0.201561 2.574839 1.000000
-0.213918 0.259386 2.425589 0.000000
-0.289535 0.083575 2.592939 0.000000
-0.450395 -0.130368 2.418488 1.000000
-0.051531 -0.120876 2.567768 1.000000
-0.293111 -0.132012 2.606150 0.000000
-0.504719 -0.029436 2.431999 1.000000
-0.015953 -0.056401 2.530391 1.000000
-0.522469 -0.292781 2.322581 1.000000
0.113973 0.065693 2.307120 1.000000
-0.503522 -0.358398 2.315111 0.526442
0.146703 0.094519 2.254033 0.000000
-0.374001 -0.629651 2.440052 1.000000
-0.091458 -0.617774 2.458927 1.000000
-0.355604 -0.985745 2.612316 1.000000
-0.133153 -0.980650 2.611892 1.000000
-0.333464 -1.057010 2.462637 0.000000
-0.065189 -1.046576 2.474025 0.076923
-0.222785 0.495946 2.395522 1.000000
-0.419295 0.219892 2.436645 1.000000
-0.095672 0.187771 2.591034 1.000000
-0.213923 0.250760 2.432294 0.000000
-0.306265 0.073029 2.588878 0.000000
-0.445570 -0.140240 2.396481 1.000000
-0.060873 -0.129694 2.579139 1.000000
-0.304766 -0.142451 2.596799 0.000000
-0.513463 -0.027137 2.395739 1.000000
-0.009059 -0.052663 2.511949 1.000000
-0.537503 -0.294426 2.305130 1.000000
0.105374 0.189980 2.421062 1.000000
-0.532838 -0.360173 2.324520 0.442308
0.128006 0.251667 2.441134 0.947115
-0.374863 -0.638615 2.423244 1.000000
-0.085105 -0.624043 2.455671 1.000000
-0.353663 -0.987225 2.609892 1.000000
-0.136903 -0.985186 2.609648 1.000000
-0.328738 -1.064106 2.463466 0.000000
-0.057999 -1.052454 2.478416 0.019231
-0.220504 0.489820 2.409354 1.000000
-0.414799 0.218764 2.427691 1.000000
-0.100509 0.184484 2.599874 1.000000
-0.209299 0.248240 2.434800 0.000000
-0.311426 0.071170 2.585963 0.000000
-0.437314 -0.145515 2.375883 1.000000
-0.063385 -0.133185 2.579580 0.894231
-0.307877 -0.146007 2.583740 0.000000
-0.525101 -0.018144 2.381751 1.000000
0.022419 -0.012474 2.471426 1.000000
-0.556456 -0.286690 2.305403 1.000000
0.082574 0.260787 2.496704 1.000000
-0.541631 -0.352037 2.290223 0.475962
0.080171 0.313045 2.541243 0.913462
-0.386006 -0.641369 2.419577 1.000000
-0.087606 -0.629718 2.456831 1.000000
-0.344761 -0.987301 2.607847 1.000000
-0.130817 -0.993191 2.607945 1.000000
-0.324230 -1.064752 2.461040 0.000000
-0.049032 -1.057381 2.476937 0.000000
-0.208907 0.491343 2.418571 1.000000
-0.420449 0.223104 2.431921 1.000000
-0.085918 0.181372 2.558205 1.000000
-0.215130 0.243519 2.407901 0.000000
-0.300860 0.077248 2.580057 0.000000
-0.455252 -0.150669 2.395008 1.000000
-0.055316 -0.131821 2.540486 1.000000
-0.296513 -0.142704 2.581279 0.000000
-0.541582 -0.007077 2.401162 1.000000
0.079104 0.081307 2.381125 1.000000
-0.588827 -0.262764 2.304714 1.000000
0.044300 0.333672 2.490719 1.000000
-0.581083 -0.330950 2.308040 0.459135
0.006015 0.350535 2.545219 0.829327
-0.385908 -0.646592 2.426366 1.000000
-0.088198 -0.633572 2.466104 1.000000
-0.345022 -0.993349 2.613192 1.000000
-0.127992 -1.001075 2.608137 1.000000
-0.335637 -1.071695 2.465725 0.000000
-0.055869 -1.062205 2.470174 0.000000
-0.214261 0.506012 2.440426 1.000000
-0.435518 0.233981 2.446006 1.000000
-0.088100 0.203519 2.520122 1.000000
-0.236822 0.257722 2.390278 0.000000
-0.291170 0.095572 2.578393 0.000000
-0.466797 -0.140134 2.421877 1.000000
-0.049500 -0.120343 2.505177 1.000000
-0.281920 -0.127334 2.581924 0.000000
-0.544832 -0.004206 2.423980 1.000000
0.094835 0.212201 2.331370 1.000000
-0.589830 -0.264457 2.335725 1.000000
-0.013706 0.420269 2.481273 1.000000
-0.590034 -0.309354 2.283719 0.358173
-0.040323 0.408816 2.543569 0.391827
-0.375693 -0.637896 2.441691 1.000000
-0.100884 -0.625822 2.475959 1.000000
-0.352965 -0.991196 2.619112 1.000000
-0.137297 -0.991550 2.623381 1.000000
-0.346610 -1.065873 2.469594 0.033654
-0.085521 -1.055414 2.477734 0.115385
-0.214354 0.526060 2.431427 0.860577
-0.456613 0.235958 2.468369 1.000000
-0.108824 0.216612 2.484491 1.000000
-0.270438 0.265862 2.381224 0.000000
-0.288525 0.101969 2.574733 0.000000
-0.470975 -0.129536 2.453700 1.000000
-0.045816 -0.107956 2.469226 1.000000
-0.263169 -0.111377 2.581938 0.000000
-0.541708 -0.012673 2.454085 1.000000
0.037739 0.332747 2.299303 1.000000
-0.594018 -0.257027 2.330773 1.000000
-0.055592 0.550495 2.446021 0.913462
-0.579549 -0.322818 2.344288 0.408654
-0.079865 0.602529 2.483752 0.000000
-0.363668 -0.627702 2.462263 1.000000
-0.102939 -0.614177 2.485126 1.000000
-0.361621 -0.999129 2.599571 1.000000
-0.128728 -0.984953 2.621786 1.000000
-0.362864 -1.057127 2.442704 0.000000
-0.102410 -1.043682 2.467414 0.125000
-0.239522 0.532989 2.430238 0.932692
-0.464096 0.220527 2.530550 1.000000
-0.128266 0.243708 2.441554 1.000000
-0.317414 0.275562 2.394150 0.000000
-0.258148 0.105358 2.573460 0.000000
-0.456809 -0.109781 2.520742 1.000000
-0.043164 -0.107326 2.418962 1.000000
-0.221271 -0.098932 2.586789 0.000000
-0.527018 -0.034527 2.511302 1.000000
-0.053600 0.388983 2.234909 1.000000
-0.584754 -0.278948 2.390019 1.000000
-0.085833 0.665128 2.257030 1.000000
-0.554841 -0.340357 2.397406 0.475962
-0.094525 0.732890 2.264321 0.000000
-0.360881 -0.612638 2.474161 1.000000
-0.115856 -0.607811 2.499871 1.000000
-0.362494 -0.983444 2.613144 1.000000
-0.127836 -0.985010 2.619842 1.000000
-0.400984 -1.040421 2.460682 0.000000
-0.156510 -1.034124 2.462559 0.081731
-0.266363 0.533035 2.402331 1.000000
-0.469428 0.198980 2.565152 1.000000
-0.158409 0.228481 2.417687 1.000000
-0.351781 0.250566 2.401911 0.000000
-0.253941 0.094365 2.577018 0.000000
-0.442810 -0.118707 2.566347 0.961538
-0.055931 -0.118321 2.388044 1.000000
-0.198943 -0.109992 2.586630 0.000000
-0.506685 -0.064117 2.550929 1.000000
-0.102906 0.401842 2.223584 1.000000
-0.566368 -0.319967 2.449122 1.000000
-0.122516 0.657520 2.106836 1.000000
-0.538054 -0.377693 2.473338 0.274038
-0.121755 0.724161 2.090141 1.000000
-0.355629 -0.620645 2.477779 1.000000
-0.109671 -0.614661 2.505548 1.000000
-0.360852 -0.991063 2.617705 1.000000
-0.133064 -0.987129 2.637972 1.000000
-0.419384 -1.045705 2.470869 0.000000
-0.187588 -1.037044 2.487945 0.341346
-0.285085 0.510669 2.382073 1.000000
-0.469675 0.194528 2.588107 1.000000
-0.176320 0.223269 2.407993 1.000000
-0.370953 0.238378 2.410679 0.000000
-0.250363 0.097524 2.584610 0.000000
-0.437520 -0.135866 2.595009 0.384615
-0.071865 -0.117243 2.377254 1.000000
-0.193289 -0.119036 2.589884 0.000000
-0.498500 -0.070315 2.576110 1.000000
-0.128722 0.393521 2.208330 1.000000
-0.538813 -0.339594 2.501323 1.000000
-0.156914 0.567579 1.987789 1.000000
-0.506746 -0.391705 2.532575 0.408654
-0.169543 0.591966 1.924811 1.000000
-0.356415 -0.630822 2.480455 1.000000
-0.102527 -0.616388 2.504780 1.000000
-0.358053 -1.006706 2.605052 1.000000
-0.115215 -0.994533 2.621661 1.000000
-0.431197 -1.053744 2.462189 0.000000
-0.186795 -1.036973 2.476583 0.048077
-0.304046 0.504048 2.375398 1.000000
-0.460516 0.175789 2.602145 1.000000
-0.173809 0.220985 2.407360 0.913462
-0.371890 0.228280 2.421758 0.000000
-0.238301 0.087091 2.585629 0.000000
-0.427440 -0.147556 2.604662 0.384615
-0.072280 -0.124719 2.370554 1.000000
-0.184164 -0.124988 2.588361 0.000000
-0.476198 -0.089950 2.627809 1.000000
-0.153470 0.343234 2.170371 1.000000
-0.490339 -0.371258 2.598657 1.000000
-0.180561 0.432309 1.902947 1.000000
-0.490633 -0.422284 2.552649 0.088942
-0.191863 0.425704 1.835500 1.000000
-0.357266 -0.639469 2.482903 1.000000
-0.098394 -0.625956 2.499228 1.000000
-0.354659 -1.008937 2.625390 1.000000
-0.123525 -0.998211 2.631934 1.000000
-0.431713 -1.062823 2.487073 0.000000
-0.195651 -1.044538 2.488323 0.269231
-0.333735 0.485310 2.363496 1.000000
-0.457418 0.175566 2.593739 1.000000
-0.167798 0.218350 2.401469 0.000000
-0.366766 0.222592 2.412852 0.000000
-0.233475 0.090255 2.584183 0.000000
-0.428835 -0.149468 2.601665 0.144231
-0.069630 -0.131653 2.373364 1.000000
-0.185110 -0.129406 2.589275 0.000000
-0.465789 -0.088247 2.639487 1.000000
-0.151187 0.323929 2.155832 1.000000
-0.482635 -0.371266 2.631277 1.000000
-0.173811 0.384841 1.879736 0.942308
-0.487898 -0.439756 2.629934 0.000000
-0.196262 0.379759 1.815002 1.000000
-0.357806 -0.643900 2.489120 1.000000
-0.098225 -0.631052 2.504238 1.000000
-0.358262 -1.019737 2.613868 1.000000
-0.119295 -1.008976 2.620623 1.000000
-0.437626 -1.066028 2.474115 0.000000
-0.194043 -1.049189 2.476511 0.000000
-0.336833 0.480953 2.351217 1.000000
-0.452417 0.182341 2.593958 1.000000
-0.162296 0.215913 2.398321 0.000000
-0.362036 0.225347 2.411938 0.000000
-0.230865 0.091109 2.583424 0.000000
-0.428350 -0.146979 2.606818 0.000000
-0.070922 -0.135238 2.375355 1.000000
-0.184530 -0.129771 2.592200 0.000000
-0.468101 -0.081435 2.640341 1.000000
-0.133662 0.304039 2.146549 1.000000
-0.481655 -0.365174 2.641239 1.000000
-0.162485 0.365252 1.870660 1.000000
-0.485702 -0.433758 2.641869 0.000000
-0.188606 0.362363 1.807179 1.000000
-0.357857 -0.643379 2.494569 1.000000
-0.105350 -0.632694 2.514653 1.000000
-0.355242 -1.015025 2.631275 1.000000
-0.127399 -1.008959 2.636122 1.000000
-0.433095 -1.066609 2.492529 0.000000
-0.204616 -1.050420 2.493675 0.125000
-0.328781 0.493735 2.368354 1.000000
-0.444666 0.190445 2.586372 1.000000
-0.144675 0.214504 2.396552 0.000000
-0.348011 0.229128 2.406620 0.000000
-0.225452 0.093214 2.583086 0.000000
-0.427637 -0.140739 2.609714 0.375000
-0.072950 -0.140999 2.373782 1.000000
-0.183700 -0.129182 2.591849 0.000000
-0.473768 -0.073072 2.630785 1.000000
-0.094004 0.242957 2.134096 0.892308
-0.504981 -0.355933 2.635951 1.000000
-0.157358 0.324765 1.868944 1.000000
-0.494273 -0.422987 2.646416 0.206731
-0.204590 0.314701 1.820074 1.000000
-0.360265 -0.640392 2.496063 1.000000
-0.107490 -0.633416 2.523477 1.000000
-0.360602 -1.019320 2.611084 1.000000
-0.117728 -1.014106 2.632041 1.000000
-0.442567 -1.061598 2.471560 0.000000
-0.201889 -1.051646 2.492469 0.038462
-0.310926 0.501953 2.373942 1.000000
-0.433167 0.212283 2.554991 1.000000
-0.101859 0.221079 2.414431 0.000000
-0.306860 0.247581 2.393901 0.000000
-0.222148 0.102187 2.584475 0.000000
-0.437258 -0.129930 2.580933 0.326923
-0.053184 -0.133351 2.396697 1.000000
-0.193115 -0.120617 2.597235 0.000000
-0.478919 -0.049222 2.602865 1.000000
-0.035112 0.144440 2.164548 0.684615
-0.518116 -0.331299 2.580969 1.000000
-0.157209 0.244527 1.926518 1.000000
-0.511572 -0.391128 2.614107 0.492788
-0.204157 0.240514 1.876516 1.000000
-0.355722 -0.632675 2.495104 1.000000
-0.109433 -0.627613 2.526294 1.000000
-0.356220 -1.006608 2.625449 1.000000
-0.132336 -1.006231 2.640046 1.000000
-0.420167 -1.057400 2.479492 0.000000
-0.194668 -1.047417 2.490410 0.312500
-0.309683 0.521288 2.391472 1.000000
-0.430366 0.219034 2.546776 1.000000
-0.083570 0.248436 2.454755 1.000000
-0.284619 0.274878 2.409704 0.000000
-0.222249 0.108602 2.591627 0.000000
-0.440978 -0.112001 2.545228 1.000000
-0.028461 -0.121417 2.439357 1.000000
-0.204580 -0.107053 2.608867 0.000000
-0.482509 -0.042330 2.593923 1.000000
0.001932 0.079150 2.261663 1.000000
-0.534262 -0.316261 2.527535 1.000000
-0.158604 0.100103 2.025203 1.000000
-0.521549 -0.379837 2.550272 0.745192
-0.188974 0.074313 1.969231 0.947115
-0.353642 -0.617928 2.498964 1.000000
-0.112122 -0.619468 2.520888 1.000000
-0.356494 -0.994839 2.620397 1.000000
-0.135878 -0.996276 2.640332 1.000000
-0.398472 -1.044198 2.466208 0.000000
-0.166688 -1.044181 2.483079 0.221154
-0.299118 0.531155 2.405385 1.000000
-0.439572 0.217270 2.551679 1.000000
-0.090722 0.244812 2.467150 1.000000
-0.290574 0.273507 2.418313 0.000000
-0.233345 0.104536 2.599441 0.000000
-0.441909 -0.112693 2.542946 1.000000
-0.027389 -0.114282 2.444777 0.961538
-0.206847 -0.105260 2.611125 0.000000
-0.491672 -0.046599 2.567390 1.000000
0.000890 0.000569 2.399763 1.000000
-0.533131 -0.302115 2.447507 1.000000
-0.093021 -0.124060 2.160959 1.000000
-0.524047 -0.348215 2.397381 0.341346
-0.115217 -0.188796 2.154881 1.000000
-0.352508 -0.616248 2.494133 1.000000
-0.111238 -0.614984 2.520700 1.000000
-0.359452 -0.991793 2.619565 1.000000
-0.136588 -0.991699 2.640109 1.000000
-0.398265 -1.042685 2.465046 0.000000
-0.163873 -1.039887 2.482292 0.250000
-0.295872 0.523638 2.401471 1.000000
-0.438033 0.220175 2.546919 1.000000
-0.085125 0.239675 2.478539 1.000000
-0.281790 0.273506 2.420851 0.000000
-0.236979 0.102182 2.603261 0.000000
-0.440066 -0.111749 2.538146 1.000000
-0.021353 -0.114663 2.459800 0.865385
-0.208481 -0.106857 2.617535 0.000000
-0.488322 -0.044532 2.553178 1.000000
0.011500 -0.010852 2.455346 1.000000
-0.530409 -0.283134 2.402402 1.000000
-0.053146 -0.213930 2.265568 1.000000
-0.495327 -0.337930 2.380334 0.341346
-0.031947 -0.279160 2.269574 1.000000
-0.353121 -0.615567 2.494479 1.000000
-0.109736 -0.615934 2.521603 1.000000
-0.360901 -0.993614 2.612105 1.000000
-0.138843 -0.993568 2.637191 1.000000
-0.394473 -1.041661 2.455462 0.000000
-0.158350 -1.040809 2.477941 0.245192
-0.285265 0.517777 2.391794 1.000000
-0.434539 0.225065 2.544844 1.000000
-0.077470 0.240136 2.501545 1.000000
-0.269052 0.281019 2.432449 0.000000
-0.240045 0.100108 2.608697 0.000000
-0.447069 -0.121190 2.528342 1.000000
-0.023960 -0.117182 2.479049 0.913462
-0.221616 -0.112738 2.623515 0.000000
-0.494022 -0.038219 2.535541 1.000000
0.015928 -0.013243 2.505895 1.000000
-0.505857 -0.278905 2.381570 1.000000
0.003495 -0.258794 2.359857 1.000000
-0.468699 -0.319945 2.340884 0.206731
0.004988 -0.327015 2.367861 0.980769
-0.354494 -0.623428 2.496626 1.000000
-0.112101 -0.620972 2.526253 1.000000
-0.360957 -1.002917 2.609597 1.000000
-0.119558 -1.004025 2.626405 1.000000
-0.384833 -1.049774 2.450830 0.000000
-0.131906 -1.045991 2.464977 0.240385
-0.272481 0.515111 2.402542 1.000000
-0.432508 0.225823 2.534189 1.000000
-0.072826 0.236804 2.523815 1.000000
-0.256785 0.279645 2.437369 0.000000
-0.246120 0.098868 2.615806 0.000000
-0.449996 -0.113100 2.526094 1.000000
-0.024678 -0.112629 2.502184 0.875000
-0.230558 -0.112378 2.634742 0.000000
-0.495956 -0.037540 2.511705 1.000000
0.015420 -0.018312 2.555746 1.000000
-0.480046 -0.286933 2.368911 1.000000
0.028514 -0.286713 2.452646 1.000000
-0.471353 -0.324259 2.311888 0.257212
0.022860 -0.352481 2.471699 0.913462
-0.352057 -0.616599 2.492483 1.000000
-0.105858 -0.615287 2.524455 1.000000
-0.359128 -0.995603 2.607033 1.000000
-0.137560 -0.994776 2.633075 1.000000
-0.372988 -1.043588 2.447415 0.000000
-0.132892 -1.041142 2.472449 0.192308
-0.266587 0.514226 2.400181 1.000000
-0.430345 0.223218 2.510199 1.000000
-0.072858 0.237742 2.550105 1.000000
-0.243306 0.278184 2.438474 0.000000
-0.256056 0.098662 2.618036 0.000000
-0.444007 -0.117491 2.493655 1.000000
-0.020211 -0.112069 2.536486 0.826923
-0.244254 -0.114888 2.635253 0.000000
-0.490962 -0.042438 2.505488 1.000000
0.014525 -0.020208 2.559880 1.000000
-0.470169 -0.303906 2.385210 1.000000
0.033254 -0.299147 2.488419 1.000000
-0.467507 -0.366104 2.356145 0.000000
0.036842 -0.367450 2.494916 0.829327
-0.350296 -0.619815 2.496468 1.000000
-0.105397 -0.617151 2.524252 1.000000
-0.356947 -0.998980 2.610510 1.000000
-0.143453 -0.995044 2.636344 1.000000
-0.349246 -1.047225 2.450555 0.000000
-0.114619 -1.044556 2.479214 0.192308
-0.262904 0.513032 2.402074 1.000000
-0.430343 0.219886 2.509530 1.000000
-0.073472 0.235449 2.554265 1.000000
-0.242642 0.276594 2.440959 0.000000
-0.256903 0.094701 2.618006 0.000000
-0.442913 -0.122068 2.484104 1.000000
-0.021503 -0.114200 2.545898 0.701923
-0.249754 -0.116973 2.634509 0.000000
-0.491020 -0.046520 2.504657 1.000000
0.014364 -0.023170 2.563154 1.000000
-0.466119 -0.313117 2.394986 1.000000
0.029247 -0.305056 2.499590 1.000000
-0.462444 -0.376452 2.368612 0.000000
0.034193 -0.373582 2.499939 0.762019
-0.349124 -0.623770 2.500541 1.000000
-0.105730 -0.620049 2.525389 1.000000
-0.359908 -1.003999 2.610657 1.000000
-0.144121 -0.997807 2.637822 1.000000
-0.344031 -1.050729 2.450854 0.000000
-0.108864 -1.047727 2.482138 0.206731
-0.254784 0.512829 2.409644 1.000000
-0.428110 0.222386 2.514942 1.000000
-0.070227 0.235779 2.551554 1.000000
-0.241652 0.277705 2.441986 0.000000
-0.253058 0.096381 2.619820 0.000000
-0.442842 -0.122157 2.482099 1.000000
-0.023260 -0.116728 2.555503 0.653846
-0.253888 -0.117617 2.637772 0.000000
-0.490093 -0.044577 2.511222 1.000000
0.014811 -0.024703 2.558042 1.000000
-0.468828 -0.318734 2.418438 1.000000
0.008089 -0.307353 2.492568 1.000000
-0.459784 -0.380854 2.390516 0.206731
0.027864 -0.372793 2.499425 0.896635
-0.346339 -0.624874 2.503305 1.000000
-0.106805 -0.621697 2.523675 1.000000
-0.361653 -1.004932 2.613473 1.000000
-0.130086 -1.003276 2.626979 1.000000
-0.340230 -1.051908 2.454392 0.000000
-0.093146 -1.047999 2.470110 0.000000
-0.259368 0.513798 2.405322 1.000000
-0.425851 0.223921 2.514762 1.000000
-0.067924 0.234289 2.551919 1.000000
-0.238825 0.277700 2.442111 0.000000
-0.252025 0.096405 2.619851 0.000000
-0.445178 -0.115658 2.491966 1.000000
-0.021598 -0.117141 2.537190 0.798077
-0.246198 -0.113457 2.634655 0.000000
-0.491837 -0.042693 2.515868 1.000000
0.019453 -0.026019 2.558462 1.000000
-0.469242 -0.321507 2.436329 1.000000
0.013875 -0.307997 2.487527 1.000000
-0.477533 -0.384252 2.409595 0.088942
0.033301 -0.373621 2.481490 0.862981
-0.349022 -0.620421 2.502057 1.000000
-0.105134 -0.619926 2.524397 1.000000
-0.359159 -1.001375 2.609700 1.000000
-0.129506 -1.001859 2.626125 1.000000
-0.348258 -1.047024 2.449170 0.000000
-0.101489 -1.045964 2.467247 0.062500
-0.253786 0.514193 2.408044 1.000000
