-0.297624 0.242785 2.931518 0.000000
0.041050 0.229579 2.742656 1.000000
-0.179282 0.310181 2.740467 0.855769
-0.071890 0.080870 2.949080 0.000000
-0.280066 -0.138943 2.841367 0.000000
-0.019942 -0.137017 2.692940 0.298077
-0.050662 -0.177966 2.940735 0.000000
-0.388716 0.056618 2.778257 0.492308
0.084707 -0.023874 2.727468 1.000000
-0.361178 -0.207409 2.685548 1.000000
-0.034002 -0.266176 2.648862 1.000000
-0.348429 -0.261350 2.635443 0.375000
-0.084507 -0.321011 2.643863 1.000000
-0.041196 -0.629567 2.747661 1.000000
-0.299710 -0.611175 2.768605 1.000000
-0.113885 -1.034781 2.814040 1.000000
-0.260611 -1.020943 2.835314 1.000000
-0.009648 -1.076426 2.673966 0.000000
-0.437428 -1.041565 2.812275 0.000000
-0.162410 0.516546 2.650769 1.000000
-0.291450 0.251110 2.941037 0.000000
0.041396 0.225376 2.743312 1.000000
-0.175074 0.315753 2.747839 0.822115
-0.072852 0.079058 2.950723 0.000000
-0.280476 -0.137437 2.846329 0.000000
-0.020226 -0.134806 2.698134 0.288462
-0.051470 -0.180146 2.945098 0.000000
-0.372263 0.068340 2.778260 0.507692
0.081462 -0.028901 2.732813 1.000000
-0.371514 -0.196149 2.682896 1.000000
-0.033401 -0.273570 2.655860 1.000000
-0.349226 -0.249329 2.635380 0.576923
-0.078205 -0.333118 2.650439 1.000000
-0.043677 -0.627983 2.748253 1.000000
-0.301266 -0.609573 2.763430 1.000000
-0.112207 -1.034051 2.813839 1.000000
-0.258408 -1.019111 2.829236 1.000000
-0.010516 -1.074206 2.671478 0.000000
-0.434532 -1.041757 2.803010 0.000000
-0.166306 0.515275 2.653047 1.000000
-0.297885 0.251055 2.935745 0.000000
0.040684 0.235706 2.746855 1.000000
-0.179158 0.317636 2.744646 0.807692
-0.073131 0.087789 2.953367 0.000000
-0.284608 -0.135651 2.845303 0.000000
-0.022322 -0.130673 2.700804 0.298077
-0.056977 -0.179802 2.946585 0.000000
-0.377503 0.068688 2.771952 0.661539
0.081605 -0.018183 2.731472 1.000000
-0.374766 -0.199396 2.687313 1.000000
-0.032577 -0.265483 2.662320 1.000000
-0.363237 -0.263763 2.651165 0.105769
-0.089337 -0.312382 2.649617 1.000000
-0.044686 -0.624518 2.747683 1.000000
-0.299173 -0.608514 2.764219 1.000000
-0.110952 -1.030831 2.814074 1.000000
-0.262259 -1.018127 2.833094 1.000000
-0.008272 -1.070734 2.672354 0.000000
-0.438654 -1.038447 2.806789 0.000000
-0.162709 0.517455 2.651068 1.000000
-0.358205 0.247037 2.771277 1.000000
0.026551 0.224769 2.816124 1.000000
-0.148845 0.285217 2.672492 0.000000
-0.190951 0.110555 2.947003 0.000000
-0.340282 -0.142568 2.768168 0.000000
-0.043581 -0.119115 2.801591 0.000000
-0.211590 -0.166863 2.984665 0.000000
-0.410578 -0.004068 2.741350 1.000000
0.044466 -0.019902 2.735745 1.000000
-0.325873 -0.261814 2.665520 1.000000
-0.039636 -0.279652 2.666751 1.000000
-0.312293 -0.332963 2.683852 1.000000
-0.051955 -0.350674 2.686416 1.000000
-0.040328 -0.608882 2.754983 1.000000
-0.301484 -0.610678 2.751533 1.000000
-0.112500 -1.015963 2.809434 1.000000
-0.261771 -1.018035 2.831359 1.000000
0.045256 -1.054182 2.732801 0.000000
-0.413014 -1.050616 2.740340 0.000000
-0.168223 0.547682 2.671846 0.884615
-0.372567 0.231539 2.777672 1.000000
0.005485 0.203637 2.860390 1.000000
-0.154763 0.288150 2.711306 0.365385
-0.221949 0.066391 2.943567 0.000000
-0.323311 -0.150322 2.759991 0.000000
-0.031562 -0.147853 2.827632 0.000000
-0.223166 -0.167508 2.991720 0.000000
-0.409493 -0.018919 2.726288 1.000000
0.041206 -0.026330 2.748413 1.000000
-0.309886 -0.271644 2.651346 1.000000
-0.037053 -0.288558 2.681481 1.000000
-0.306598 -0.333926 2.692489 1.000000
-0.019619 -0.354303 2.712404 0.812500
-0.036644 -0.623587 2.758406 1.000000
-0.304483 -0.627459 2.757598 1.000000
-0.117994 -1.029824 2.805762 1.000000
-0.266518 -1.034584 2.839434 1.000000
0.041776 -1.070120 2.734557 0.000000
-0.399626 -1.070125 2.724372 0.000000
-0.170011 0.518367 2.687318 0.745192
-0.375363 0.232313 2.779510 1.000000
-0.001776 0.198221 2.878577 1.000000
-0.154248 0.288603 2.724853 0.490385
-0.233992 0.060948 2.947226 0.000000
-0.321032 -0.152323 2.759238 0.000000
-0.032673 -0.155238 2.840106 0.000000
-0.231797 -0.176480 2.994773 0.000000
-0.408074 -0.016013 2.717479 1.000000
0.038511 -0.027518 2.760360 1.000000
-0.310204 -0.270713 2.648349 1.000000
-0.038581 -0.288597 2.689003 1.000000
-0.307472 -0.329830 2.693959 1.000000
-0.037207 -0.362375 2.700732 1.000000
-0.041294 -0.629475 2.756587 1.000000
-0.305607 -0.632951 2.758758 1.000000
-0.113884 -1.037036 2.806723 1.000000
-0.265012 -1.039043 2.844378 1.000000
0.045909 -1.074441 2.734009 0.000000
-0.394507 -1.076948 2.725995 0.000000
-0.163318 0.519625 2.681335 0.721154
-0.383296 0.222225 2.771770 1.000000
-0.019158 0.185366 2.900568 1.000000
-0.159251 0.284511 2.740593 0.846154
-0.254123 0.041209 2.939187 0.000000
-0.317236 -0.153801 2.744427 0.000000
-0.036996 -0.158469 2.849984 0.000000
-0.248792 -0.182453 2.986331 0.000000
-0.406269 -0.024768 2.704942 1.000000
0.038611 -0.026253 2.766937 1.000000
-0.301751 -0.275925 2.637637 1.000000
-0.020730 -0.290347 2.694545 1.000000
-0.304052 -0.330362 2.688763 0.947115
-0.025212 -0.364568 2.701875 1.000000
-0.039096 -0.631721 2.757927 1.000000
-0.307242 -0.635161 2.753909 1.000000
-0.110262 -1.040823 2.796135 1.000000
-0.267609 -1.040759 2.842276 1.000000
0.055037 -1.075267 2.735224 0.000000
-0.392794 -1.079703 2.719670 0.000000
-0.167353 0.509894 2.679646 1.000000
-0.352468 0.250885 2.753466 1.000000
-0.013414 0.220744 2.939686 0.115385
-0.125246 0.309350 2.753433 1.000000
-0.254004 0.081206 2.950937 0.000000
-0.319258 -0.157231 2.701007 0.221154
-0.059546 -0.150301 2.850005 0.000000
-0.289208 -0.183563 2.950861 0.000000
-0.400493 0.007254 2.687781 1.000000
0.049919 0.008165 2.810225 0.692308
-0.279199 -0.233689 2.612004 1.000000
0.001921 -0.242452 2.694569 1.000000
-0.252690 -0.303279 2.618101 1.000000
-0.026203 -0.307071 2.669750 0.206731
-0.030028 -0.624753 2.762299 1.000000
-0.291773 -0.640873 2.729644 1.000000
-0.104678 -1.033477 2.797808 1.000000
-0.272660 -1.044712 2.831813 1.000000
0.068484 -1.067918 2.765419 0.000000
-0.369339 -1.086090 2.686344 0.000000
-0.152708 0.529414 2.661947 1.000000
-0.347645 0.255852 2.742648 1.000000
-0.019703 0.241212 2.949491 0.000000
-0.122519 0.320906 2.754234 1.000000
-0.256621 0.095099 2.950866 0.000000
-0.309123 -0.140229 2.686131 0.201923
-0.058049 -0.144028 2.849368 0.000000
-0.293406 -0.178013 2.935828 0.000000
-0.394479 0.016420 2.663680 1.000000
0.051560 0.031456 2.820385 0.569231
-0.255771 -0.211780 2.580424 1.000000
0.016983 -0.222930 2.709376 1.000000
-0.211539 -0.264708 2.609143 1.000000
0.015012 -0.274025 2.654896 0.492788
-0.031198 -0.614560 2.755989 1.000000
-0.282421 -0.629601 2.700178 1.000000
-0.097788 -1.024116 2.797445 1.000000
-0.279043 -1.028674 2.821083 1.000000
0.077601 -1.054919 2.774856 0.000000
-0.359043 -1.075885 2.667488 0.000000
-0.144236 0.533618 2.669770 1.000000
-0.348878 0.234815 2.744817 1.000000
0.024060 0.218054 2.850554 1.000000
-0.127314 0.280269 2.682439 0.000000
-0.208896 0.095352 2.940868 0.000000
-0.295945 -0.129515 2.736441 0.000000
-0.005090 -0.150210 2.804806 0.000000
-0.198382 -0.161547 2.967695 0.000000
-0.354319 -0.001595 2.644291 1.000000
0.079604 -0.029618 2.810706 1.000000
-0.287219 -0.273729 2.641925 1.000000
0.006179 -0.269329 2.685407 1.000000
-0.230459 -0.304921 2.604668 0.173077
-0.009720 -0.342322 2.684054 1.000000
-0.030648 -0.617226 2.742009 1.000000
-0.295073 -0.603637 2.672509 1.000000
-0.090593 -1.026440 2.795295 1.000000
-0.274359 -1.001209 2.796591 1.000000
0.073033 -1.059032 2.729079 0.000000
-0.389426 -1.047681 2.666898 0.000000
-0.118885 0.552140 2.715796 0.375000
-0.327775 0.250310 2.684319 1.000000
-0.102822 0.086983 2.954993 1.000000
-0.111797 0.237271 2.775047 0.000000
-0.352170 0.026013 2.847342 0.000000
-0.264224 -0.157847 2.621811 0.423077
-0.089185 -0.197003 2.861658 1.000000
-0.342192 -0.194409 2.859734 0.663462
-0.387162 0.034619 2.560155 1.000000
0.043984 -0.081139 2.830121 0.000000
-0.179213 -0.125184 2.464660 1.000000
-0.045818 -0.288630 2.666669 0.000000
-0.122778 -0.167232 2.439567 0.000000
-0.071334 -0.343757 2.623165 0.000000
-0.023686 -0.633424 2.765140 1.000000
-0.303951 -0.643787 2.610754 1.000000
-0.097914 -1.043127 2.788000 1.000000
-0.283531 -1.039436 2.740883 1.000000
0.074982 -1.072308 2.826419 0.000000
-0.346322 -1.094891 2.582130 0.000000
-0.103204 0.488857 2.691953 1.000000
-0.294821 0.252146 2.640267 1.000000
-0.144139 0.071824 2.949010 1.000000
-0.108186 0.231540 2.780945 0.000000
-0.358835 0.019857 2.779640 0.000000
-0.224496 -0.184463 2.584095 0.951923
-0.117925 -0.205396 2.863207 1.000000
-0.361818 -0.200112 2.796041 0.605769
-0.394537 0.056078 2.515956 1.000000
0.027285 -0.095745 2.859875 0.000000
-0.169137 -0.073306 2.424202 1.000000
-0.007355 -0.290397 2.663040 0.000000
-0.109749 -0.118405 2.428873 0.173077
-0.018047 -0.342084 2.610155 0.000000
-0.026697 -0.657464 2.775902 1.000000
-0.315208 -0.652323 2.596298 1.000000
-0.118916 -1.063845 2.791352 1.000000
-0.305071 -1.055316 2.702985 1.000000
0.048181 -1.099677 2.846259 0.000000
-0.359767 -1.100354 2.538060 0.000000
-0.106166 0.481858 2.682554 1.000000
-0.292319 0.263560 2.616067 1.000000
-0.135425 0.079386 2.919396 1.000000
-0.099194 0.232927 2.745729 0.000000
-0.363155 0.039000 2.764513 0.000000
-0.253399 -0.179883 2.584152 1.000000
-0.131561 -0.209383 2.856152 1.000000
-0.378749 -0.208211 2.802115 0.668269
-0.378945 0.080096 2.470660 1.000000
0.016221 -0.105365 2.828397 0.000000
-0.149333 -0.055932 2.416669 1.000000
-0.032369 -0.299605 2.634120 0.000000
-0.091600 -0.100711 2.401034 0.139423
-0.046702 -0.351096 2.581910 0.000000
-0.030824 -0.644996 2.773924 1.000000
-0.318399 -0.656505 2.582781 1.000000
-0.110953 -1.053998 2.787579 1.000000
-0.351307 -1.068703 2.636620 1.000000
0.054597 -1.084348 2.849969 0.000000
-0.374893 -1.089897 2.459943 0.000000
-0.095110 0.494400 2.669147 1.000000
-0.274231 0.236294 2.568613 1.000000
-0.189082 0.056387 2.901670 1.000000
-0.110120 0.197618 2.731768 0.000000
-0.388715 0.025709 2.710133 0.000000
-0.261322 -0.193618 2.540663 1.000000
-0.190607 -0.201926 2.831573 1.000000
-0.423136 -0.219777 2.733419 0.480769
-0.332123 0.052881 2.416384 1.000000
0.034092 -0.045242 2.847157 0.461538
-0.090619 -0.059930 2.439657 1.000000
0.256215 0.058907 2.725064 1.000000
-0.082310 -0.130553 2.416721 0.375000
0.291809 0.122785 2.709724 0.442308
-0.039632 -0.641623 2.760620 1.000000
-0.325766 -0.665362 2.554859 1.000000
-0.138126 -1.045312 2.795598 1.000000
-0.344130 -1.078603 2.607618 1.000000
0.025306 -1.079477 2.861500 0.000000
-0.351621 -1.100988 2.429677 0.000000
-0.110778 0.469861 2.666617 1.000000
-0.296866 0.249447 2.550831 1.000000
-0.216625 0.056020 2.877467 1.000000
-0.135150 0.203979 2.714624 0.000000
-0.413481 0.033386 2.681978 0.000000
-0.274118 -0.184672 2.514826 1.000000
-0.208730 -0.203700 2.806479 1.000000
-0.438543 -0.225240 2.702821 0.538462
-0.387874 0.069397 2.412481 1.000000
0.017916 0.000292 2.812429 0.723077
-0.167411 -0.080646 2.421967 1.000000
0.257103 0.127594 2.784674 1.000000
-0.098925 -0.110439 2.419810 0.072115
0.267587 0.201564 2.783602 0.930288
-0.060705 -0.638591 2.738855 1.000000
-0.326850 -0.666376 2.522967 1.000000
-0.145396 -1.042968 2.795391 1.000000
-0.336868 -1.072644 2.616427 1.000000
0.015851 -1.066202 2.870756 0.000000
-0.341621 -1.112761 2.441532 0.000000
-0.126180 0.478862 2.664107 1.000000
-0.335813 0.249949 2.539866 1.000000
-0.258900 0.069958 2.874876 1.000000
-0.177167 0.214390 2.709025 0.134615
-0.450117 0.035466 2.675559 0.000000
-0.281415 -0.186761 2.496629 1.000000
-0.222152 -0.217604 2.788580 1.000000
-0.448542 -0.242307 2.678306 0.923077
-0.426873 0.049018 2.431252 1.000000
-0.073993 0.045202 2.707762 1.000000
-0.204568 -0.099478 2.409468 1.000000
0.173179 0.133316 2.783835 1.000000
-0.191190 -0.163541 2.445518 1.000000
0.203882 0.200115 2.797173 1.000000
-0.066718 -0.643721 2.717096 1.000000
-0.330246 -0.682172 2.509042 1.000000
-0.157399 -1.045596 2.781617 1.000000
-0.341532 -1.083434 2.621962 1.000000
0.000956 -1.068255 2.863044 0.000000
-0.326618 -1.132279 2.449880 0.000000
-0.142991 0.477155 2.647886 1.000000
-0.370276 0.258031 2.543764 1.000000
-0.236456 0.064933 2.852551 1.000000
-0.184538 0.216188 2.680871 0.000000
-0.459831 0.037895 2.688680 0.000000
-0.328388 -0.198043 2.464915 0.750000
-0.221614 -0.201000 2.744717 1.000000
-0.460584 -0.246553 2.675138 1.000000
-0.468226 0.045485 2.467860 1.000000
-0.115254 0.102993 2.637757 1.000000
-0.273399 -0.111813 2.371276 1.000000
0.136803 0.198879 2.674851 1.000000
-0.244709 -0.175911 2.396789 0.947115
0.171592 0.260683 2.698360 1.000000
-0.073262 -0.639591 2.676595 1.000000
-0.353278 -0.680296 2.498486 1.000000
-0.163319 -1.036932 2.765471 1.000000
-0.346423 -1.078918 2.620726 1.000000
0.004901 -1.062245 2.822757 0.000000
-0.374324 -1.131343 2.451335 0.000000
-0.184915 0.487940 2.622606 1.000000
-0.416546 0.251402 2.537365 1.000000
-0.290438 0.088759 2.866285 0.375000
-0.241442 0.239216 2.693051 0.000000
-0.491311 0.026810 2.683821 0.000000
-0.310135 -0.183106 2.440569 1.000000
-0.229474 -0.169197 2.728665 1.000000
-0.462102 -0.215078 2.640335 1.000000
-0.500973 0.031673 2.462007 1.000000
-0.225403 0.099669 2.624792 1.000000
-0.293652 -0.113087 2.368451 1.000000
0.014696 0.225921 2.593452 1.000000
-0.278330 -0.186197 2.370148 1.000000
0.078851 0.261601 2.579530 1.000000
-0.071147 -0.627771 2.651392 1.000000
-0.350005 -0.664658 2.511982 1.000000
-0.165745 -1.019032 2.760271 1.000000
-0.345961 -1.065774 2.625905 1.000000
0.007046 -1.050496 2.797332 0.000000
-0.344811 -1.114803 2.453235 0.000000
-0.228639 0.491591 2.605839 1.000000
-0.400492 0.231612 2.552233 1.000000
-0.329906 0.101544 2.910902 0.000000
-0.261247 0.247371 2.740408 0.000000
-0.481259 0.007923 2.696873 0.000000
-0.272560 -0.152816 2.421175 1.000000
-0.244765 -0.150081 2.719368 0.923077
-0.456596 -0.196886 2.589138 0.759615
-0.504778 0.015566 2.488667 1.000000
-0.190288 0.188330 2.721172 0.000000
-0.284699 -0.086159 2.368220 1.000000
-0.018611 0.311287 2.546813 1.000000
-0.251295 -0.149993 2.388021 1.000000
0.027713 0.353218 2.505843 1.000000
-0.075737 -0.617677 2.629387 1.000000
-0.352458 -0.645664 2.510766 1.000000
-0.146407 -1.009171 2.754395 1.000000
-0.345493 -1.046519 2.625466 1.000000
0.026954 -1.026697 2.797513 0.000000
-0.264208 -1.089239 2.471233 0.000000
-0.246162 0.468396 2.587089 1.000000
-0.440644 0.175456 2.564606 1.000000
-0.320081 0.091306 2.923671 0.000000
-0.294051 0.233032 2.738512 0.000000
-0.465000 -0.046870 2.730314 0.000000
-0.283167 -0.167776 2.398266 1.000000
-0.240974 -0.125167 2.691699 1.000000
-0.455263 -0.201228 2.580713 0.812500
-0.475706 -0.054158 2.473452 1.000000
-0.218474 0.203726 2.722349 0.000000
-0.227058 0.005489 2.380163 1.000000
-0.102629 0.341968 2.514933 1.000000
-0.158388 0.023893 2.357179 0.000000
-0.075722 0.390947 2.465338 1.000000
-0.055948 -0.610849 2.612945 1.000000
-0.353302 -0.634852 2.519068 1.000000
-0.120841 -1.002232 2.741387 1.000000
-0.326449 -1.032313 2.642326 1.000000
0.056101 -1.025098 2.761106 0.000000
-0.303399 -1.083617 2.471866 0.000000
-0.270346 0.437401 2.581666 1.000000
-0.442565 0.185823 2.557386 1.000000
-0.308908 0.110598 2.913786 0.000000
-0.288737 0.246713 2.723751 0.000000
-0.462613 -0.031425 2.730251 0.000000
-0.288434 -0.172002 2.400433 1.000000
-0.233872 -0.122250 2.690685 0.865385
-0.451723 -0.203767 2.591091 0.884615
-0.482560 -0.054740 2.500955 1.000000
-0.223645 0.225051 2.705459 0.000000
-0.254593 0.008489 2.364618 1.000000
-0.131240 0.359540 2.483524 1.000000
-0.223075 0.075930 2.371022 1.000000
-0.109185 0.403868 2.427567 1.000000
-0.047388 -0.611030 2.605292 1.000000
-0.347208 -0.634187 2.522802 1.000000
-0.103346 -1.005020 2.729909 0.997356
-0.313073 -1.030276 2.648648 1.000000
0.074518 -1.027330 2.739243 0.000000
-0.317565 -1.084964 2.477741 0.052885
-0.289673 0.448461 2.556414 1.000000
-0.451279 0.188295 2.568020 1.000000
-0.292904 0.134859 2.918172 0.000000
-0.282750 0.255101 2.716959 0.000000
-0.465621 -0.014085 2.758592 0.000000
-0.310126 -0.171243 2.406863 1.000000
-0.224098 -0.117114 2.688586 0.807692
-0.450097 -0.203982 2.615092 0.692308
-0.488325 -0.052820 2.508842 1.000000
-0.223613 0.237260 2.697418 0.000000
-0.271707 0.030193 2.363363 1.000000
-0.145075 0.358126 2.462042 0.846154
-0.215637 -0.015858 2.345527 1.000000
-0.124510 0.399828 2.403555 1.000000
-0.038526 -0.599333 2.601721 1.000000
-0.340772 -0.633193 2.534026 1.000000
-0.099006 -0.992157 2.727897 1.000000
-0.292248 -1.033893 2.638781 1.000000
0.078549 -1.018191 2.731953 0.000000
-0.310896 -1.081159 2.466623 0.000000
-0.301472 0.450240 2.540169 1.000000
-0.449304 0.200506 2.566220 1.000000
-0.284009 0.157081 2.914553 0.000000
-0.275245 0.268337 2.708173 0.000000
-0.464955 0.006903 2.765604 0.000000
-0.315870 -0.164622 2.417175 1.000000
-0.213192 -0.121242 2.695157 0.692308
-0.444471 -0.202022 2.631851 0.721154
-0.506680 -0.041428 2.525490 1.000000
-0.217656 0.252136 2.688915 0.000000
-0.286663 -0.027625 2.361349 1.000000
-0.147569 0.362844 2.445186 0.942308
-0.241181 0.029684 2.346193 1.000000
-0.131496 0.401780 2.383475 1.000000
-0.034651 -0.594447 2.600039 1.000000
-0.341310 -0.633965 2.540270 1.000000
-0.100512 -0.982896 2.736636 1.000000
-0.282908 -1.034065 2.642243 1.000000
0.076585 -1.012064 2.739077 0.000000
-0.296827 -1.080169 2.469324 0.000000
-0.306813 0.457661 2.523325 1.000000
-0.436105 0.204398 2.552338 1.000000
-0.280714 0.162848 2.903848 0.000000
-0.261785 0.267600 2.696095 0.000000
-0.465252 0.017415 2.756466 0.000000
-0.317539 -0.168560 2.413990 1.000000
-0.217980 -0.123483 2.692836 0.778846
-0.447964 -0.206319 2.627501 0.610577
-0.511158 -0.036693 2.553834 1.000000
-0.213302 0.258469 2.678333 0.000000
-0.316035 -0.000222 2.362870 1.000000
-0.142115 0.367983 2.433910 0.942308
-0.263795 0.047611 2.339088 1.000000
-0.125398 0.406765 2.372273 1.000000
-0.031523 -0.593948 2.598585 1.000000
-0.344166 -0.637391 2.542147 1.000000
-0.109175 -0.978518 2.739882 1.000000
-0.290090 -1.036211 2.651271 1.000000
0.066979 -1.012854 2.743239 0.000000
-0.296911 -1.084409 2.478498 0.072115
-0.298287 0.460563 2.511305 1.000000
-0.449775 0.196730 2.562485 1.000000
-0.281072 0.155491 2.908698 0.000000
-0.272484 0.263180 2.701049 0.000000
-0.466742 0.006683 2.765155 0.000000
-0.330915 -0.167759 2.413679 1.000000
-0.223871 -0.121323 2.689512 0.721154
-0.454273 -0.207949 2.630912 0.620192
-0.512031 -0.048282 2.552251 1.000000
-0.206092 0.249603 2.684552 0.000000
-0.332750 0.081608 2.387461 1.000000
-0.126045 0.350163 2.438598 1.000000
-0.286469 0.041839 2.344343 1.000000
-0.109120 0.391088 2.378421 1.000000
-0.031929 -0.585210 2.599607 1.000000
-0.351449 -0.634454 2.536634 1.000000
-0.112125 -0.968357 2.743329 1.000000
-0.298224 -1.028926 2.660926 1.000000
0.063914 -1.002892 2.749490 0.000000
-0.325677 -1.085593 2.492833 0.043269
-0.286250 0.438870 2.504799 1.000000
-0.459365 0.185550 2.570929 1.000000
-0.281369 0.136409 2.912172 0.000000
-0.282620 0.254064 2.709185 0.000000
-0.462932 -0.014367 2.764582 0.000000
-0.332864 -0.167576 2.416566 1.000000
-0.226489 -0.119892 2.692445 0.634615
-0.456977 -0.206165 2.633660 0.865385
-0.498026 -0.064654 2.555208 1.000000
-0.202514 0.235416 2.690965 0.000000
-0.397563 0.184355 2.488380 0.711538
-0.106332 0.340388 2.452178 1.000000
-0.401255 0.249326 2.451668 0.122596
-0.081413 0.376267 2.391562 1.000000
-0.037087 -0.583156 2.614559 1.000000
-0.356663 -0.631787 2.536072 1.000000
-0.110761 -0.972092 2.745670 1.000000
-0.317437 -1.028206 2.659371 1.000000
0.065840 -1.000447 2.760792 0.000000
-0.350216 -1.083570 2.491798 0.091346
-0.294108 0.442161 2.528420 1.000000
-0.455018 0.196937 2.577412 1.000000
-0.270872 0.151535 2.915898 0.000000
-0.271646 0.261621 2.708707 0.000000
-0.463289 0.004642 2.778497 0.000000
-0.337684 -0.173662 2.420290 1.000000
-0.219586 -0.128521 2.691793 0.865385
-0.453638 -0.210816 2.642094 0.716346
-0.493192 -0.053692 2.561094 1.000000
-0.183961 0.234526 2.690847 0.000000
-0.388100 0.186485 2.471279 0.788462
-0.078437 0.327333 2.450633 1.000000
-0.328724 0.231637 2.466975 0.711538
-0.049153 0.358768 2.389502 1.000000
-0.042025 -0.587532 2.628797 1.000000
-0.361587 -0.639499 2.543729 1.000000
-0.120343 -0.979211 2.748560 1.000000
-0.323338 -1.039793 2.654140 1.000000
0.055040 -1.005919 2.775903 0.000000
-0.351254 -1.089415 2.483908 0.000000
-0.279346 0.446816 2.524665 1.000000
-0.473211 0.202894 2.604584 1.000000
-0.260177 0.158189 2.925772 0.000000
-0.281050 0.270639 2.720914 0.000000
-0.459878 0.008110 2.802984 0.000000
-0.356412 -0.167326 2.436133 1.000000
-0.214304 -0.129557 2.697049 0.923077
-0.450820 -0.214005 2.666201 0.812500
-0.512950 -0.046129 2.571070 1.000000
-0.167234 0.227218 2.698157 0.000000
-0.384556 0.179403 2.472803 0.903846
-0.046391 0.295599 2.456664 1.000000
-0.345536 0.243077 2.470399 0.274038
-0.009711 0.318378 2.395686 1.000000
-0.048396 -0.581066 2.635615 1.000000
-0.364235 -0.636154 2.540999 1.000000
-0.123151 -0.972539 2.758291 1.000000
-0.328381 -1.038647 2.643968 1.000000
0.051933 -0.995984 2.790165 0.000000
-0.374200 -1.085481 2.476853 0.072115
-0.261728 0.435776 2.528979 1.000000
-0.474089 0.203861 2.658316 1.000000
-0.190532 0.172441 2.921284 0.000000
-0.261058 0.277347 2.723626 0.000000
-0.411036 0.016383 2.854165 0.000000
-0.385223 -0.178660 2.479088 0.788462
-0.185722 -0.131395 2.697408 0.490385
-0.423676 -0.212203 2.726917 1.000000
-0.513310 -0.018933 2.540959 1.000000
-0.103971 0.210885 2.683788 0.000000
-0.282174 0.128240 2.494057 0.461538
0.012686 0.252254 2.433846 1.000000
-0.211060 0.149399 2.485242 1.000000
0.042932 0.263475 2.366452 1.000000
-0.048731 -0.585900 2.649439 1.000000
-0.358052 -0.640969 2.561754 1.000000
-0.133249 -0.973927 2.776642 1.000000
-0.343294 -1.052279 2.628803 1.000000
0.042373 -1.006141 2.795063 0.000000
-0.436763 -1.080196 2.478123 0.000000
-0.232429 0.434292 2.535777 1.000000
-0.427456 0.173329 2.652183 1.000000
-0.064322 0.154852 2.787596 0.000000
-0.214419 0.271609 2.650167 0.033654
-0.276296 -0.025160 2.775609 0.000000
-0.404793 -0.195900 2.547483 1.000000
-0.150136 -0.132662 2.691875 0.115385
-0.368325 -0.204882 2.797708 0.000000
-0.495935 -0.056217 2.571795 1.000000
-0.072145 0.205076 2.539360 0.676923
-0.312160 -0.210537 2.436220 1.000000
0.062795 0.198636 2.298218 0.826923
-0.329955 -0.259320 2.382497 0.139423
0.061635 0.219640 2.226524 1.000000
-0.033573 -0.590973 2.671953 1.000000
-0.361329 -0.637831 2.582430 1.000000
-0.134293 -0.980734 2.780722 1.000000
-0.335945 -1.052601 2.617230 1.000000
0.039726 -1.024558 2.784827 0.000000
-0.480526 -1.070251 2.512324 0.000000
-0.231147 0.472507 2.516726 1.000000
-0.375635 0.239121 2.647574 1.000000
-0.018226 0.242976 2.798531 0.375000
-0.156007 0.318270 2.624189 1.000000
-0.242418 0.082033 2.834810 0.000000
-0.354386 -0.158867 2.613662 0.634615
-0.078922 -0.161030 2.731193 0.951923
-0.294729 -0.208345 2.854527 0.000000
-0.488381 0.016686 2.643617 1.000000
0.038390 0.148183 2.574247 0.184615
-0.345933 -0.166558 2.501668 1.000000
0.064174 0.072615 2.313501 0.000000
-0.290373 -0.214180 2.516762 1.000000
0.070164 0.052494 2.241795 1.000000
-0.038342 -0.611835 2.694912 1.000000
-0.357947 -0.626299 2.603304 1.000000
-0.133881 -1.007185 2.786887 1.000000
-0.333154 -1.042388 2.615313 1.000000
0.040787 -1.048272 2.791713 0.000000
-0.478197 -1.054064 2.510211 0.000000
-0.225359 0.535394 2.534019 1.000000
-0.340438 0.224705 2.734690 1.000000
0.044590 0.238648 2.688830 1.000000
-0.164190 0.277975 2.589271 0.192308
-0.124865 0.110109 2.868395 0.000000
-0.313534 -0.145749 2.734275 0.000000
-0.017674 -0.143311 2.687806 0.028846
-0.134748 -0.201189 2.904524 0.000000
-0.465776 0.028899 2.638686 1.000000
0.046711 -0.001565 2.612853 1.000000
-0.302731 -0.180828 2.570029 1.000000
0.092666 -0.182469 2.411117 1.000000
-0.301575 -0.251841 2.593235 1.000000
0.058806 -0.229934 2.364393 1.000000
-0.037555 -0.625268 2.731238 1.000000
-0.355288 -0.587610 2.667546 1.000000
-0.108658 -1.030289 2.800458 1.000000
-0.318381 -1.001967 2.638654 1.000000
0.049601 -1.070786 2.726064 0.000000
-0.496668 -1.016829 2.624055 0.000000
-0.165799 0.528317 2.592891 0.817308
-0.327891 0.236307 2.716930 1.000000
0.059619 0.234135 2.697562 1.000000
-0.140420 0.263035 2.578410 0.153846
-0.125979 0.137959 2.881368 0.000000
-0.311208 -0.144991 2.736654 0.086538
-0.012157 -0.147080 2.720445 0.000000
-0.151251 -0.192131 2.926954 0.000000
-0.460119 0.027579 2.662365 1.000000
0.044328 -0.013885 2.648018 1.000000
-0.297317 -0.181994 2.586438 1.000000
0.075362 -0.262904 2.532162 1.000000
-0.293488 -0.249062 2.619147 1.000000
0.034404 -0.313692 2.495752 1.000000
-0.031451 -0.624205 2.757893 1.000000
-0.347301 -0.592302 2.686948 1.000000
-0.104978 -1.031329 2.810166 1.000000
-0.303861 -1.005914 2.656497 1.000000
0.063585 -1.068130 2.760645 0.000000
-0.480204 -1.022281 2.627251 0.000000
-0.170363 0.540163 2.612169 0.567308
-0.326784 0.240279 2.731788 1.000000
0.059722 0.224500 2.701656 1.000000
-0.142214 0.263852 2.588869 0.250000
-0.124348 0.130269 2.887988 0.000000
-0.308706 -0.148267 2.763250 0.115385
-0.011614 -0.153191 2.725686 0.000000
-0.136169 -0.200651 2.940760 0.000000
-0.434175 0.014650 2.683407 1.000000
0.048489 -0.028274 2.671621 1.000000
-0.271174 -0.198785 2.612967 1.000000
-0.012100 -0.299346 2.661493 1.000000
-0.277115 -0.270719 2.632277 1.000000
-0.035011 -0.360815 2.625725 1.000000
-0.031338 -0.628894 2.766773 1.000000
-0.338566 -0.604705 2.704961 1.000000
-0.106807 -1.036345 2.813429 1.000000
-0.297997 -1.019723 2.706691 1.000000
0.059967 -1.073532 2.758440 0.000000
-0.473050 -1.036984 2.670932 0.000000
-0.162727 0.536244 2.625646 0.562500
-0.324578 0.200512 2.825794 1.000000
0.046895 0.231660 2.718177 1.000000
-0.176401 0.272012 2.658525 0.168269
-0.087334 0.082550 2.911126 0.000000
-0.301421 -0.153430 2.806810 0.000000
-0.016626 -0.147860 2.714291 0.000000
-0.096232 -0.182940 2.951895 0.000000
-0.387781 -0.016514 2.705328 1.000000
0.086994 -0.021304 2.707613 1.000000
-0.225959 -0.225486 2.614708 1.000000
-0.032075 -0.273288 2.684866 1.000000
-0.212928 -0.296401 2.634301 1.000000
-0.071611 -0.329836 2.656198 1.000000
-0.021075 -0.631008 2.766662 1.000000
-0.325250 -0.610006 2.745367 1.000000
-0.110163 -1.036061 2.810066 1.000000
-0.281610 -1.022918 2.783944 1.000000
0.039975 -1.078589 2.721352 0.000000
-0.456904 -1.044441 2.751867 0.000000
-0.148477 0.519444 2.641327 0.677885
-0.317530 0.191570 2.852654 1.000000
0.052038 0.232249 2.741711 1.000000
-0.172309 0.276250 2.688984 0.057692
-0.078629 0.068266 2.924787 0.000000
-0.294496 -0.158468 2.821682 0.086538
-0.008576 -0.158666 2.732529 0.000000
-0.091284 -0.183228 2.970392 0.000000
-0.374202 -0.013407 2.707994 1.000000
0.089249 -0.021443 2.719494 1.000000
-0.283690 -0.252852 2.593139 1.000000
-0.036915 -0.268589 2.676836 1.000000
-0.258563 -0.316627 2.563409 0.000000
-0.043527 -0.342643 2.684241 1.000000
-0.023588 -0.640691 2.763349 1.000000
-0.319891 -0.617963 2.769367 1.000000
-0.108238 -1.046215 2.811034 1.000000
-0.278328 -1.028234 2.831327 1.000000
0.035134 -1.087860 2.711383 0.000000
-0.451441 -1.051977 2.790236 0.000000
-0.151058 0.516493 2.647893 0.625000
-0.336505 0.196948 2.844473 1.000000
0.039745 0.223607 2.753535 1.000000
-0.179833 0.273025 2.687266 0.052885
-0.105985 0.068341 2.932800 0.000000
-0.297428 -0.160539 2.822174 0.000000
-0.006818 -0.163980 2.749836 0.000000
-0.103382 -0.184025 2.982852 0.000000
-0.376567 -0.021538 2.711704 1.000000
0.083003 -0.031178 2.737704 1.000000
-0.336555 -0.300256 2.691603 1.000000
-0.034183 -0.279553 2.671767 1.000000
-0.316092 -0.372097 2.693264 1.000000
-0.033692 -0.348512 2.700526 1.000000
-0.023071 -0.640325 2.755803 1.000000
-0.308624 -0.629746 2.781088 1.000000
-0.107071 -1.043944 2.818451 1.000000
-0.278479 -1.040398 2.847002 1.000000
0.037000 -1.089003 2.721324 0.000000
-0.447455 -1.061890 2.790387 0.000000
-0.169312 0.517643 2.659908 0.673077
-0.365699 0.240140 2.751562 1.000000
0.019960 0.237371 2.794029 1.000000
-0.158824 0.278820 2.647858 0.000000
-0.191644 0.125215 2.935893 0.000000
-0.314273 -0.150655 2.777493 0.000000
-0.016144 -0.154309 2.805851 0.000000
-0.184570 -0.156817 2.994661 0.000000
-0.383625 -0.016048 2.713155 1.000000
0.037990 -0.018329 2.751874 1.000000
-0.310837 -0.279566 2.639021 1.000000
-0.027336 -0.285938 2.685389 1.000000
-0.313723 -0.343900 2.676909 1.000000
-0.025092 -0.358925 2.701216 1.000000
-0.036653 -0.628767 2.760944 1.000000
-0.310955 -0.623121 2.765277 1.000000
-0.103303 -1.035750 2.822683 1.000000
-0.278413 -1.032208 2.839292 1.000000
0.045851 -1.074160 2.730500 0.000000
-0.420829 -1.062528 2.734322 0.000000
-0.177552 0.549921 2.687648 0.312500
-0.376531 0.236190 2.760082 1.000000
0.010354 0.237235 2.789457 1.000000
-0.173630 0.274979 2.648841 0.000000
-0.195340 0.125523 2.940093 0.000000
-0.321468 -0.151710 2.775684 0.000000
-0.023721 -0.156774 2.807613 0.000000
-0.194433 -0.160261 2.994343 0.000000
-0.393000 -0.021186 2.721807 1.000000
0.038610 -0.018498 2.746718 1.000000
-0.316234 -0.279647 2.631282 1.000000
-0.021178 -0.287728 2.676830 1.000000
-0.323489 -0.338916 2.676196 1.000000
-0.027679 -0.359974 2.694743 1.000000
-0.041719 -0.628554 2.756474 1.000000
-0.319340 -0.623183 2.752202 1.000000
-0.104660 -1.035400 2.822833 1.000000
-0.279760 -1.031367 2.827754 1.000000
0.045159 -1.073460 2.731586 0.000000
-0.420092 -1.064749 2.720923 0.000000
-0.175593 0.542844 2.703092 0.399038
-0.380393 0.233180 2.775107 1.000000
0.007069 0.232811 2.795538 1.000000
-0.180058 0.276298 2.660851 0.000000
-0.195261 0.115245 2.946276 0.000000
-0.328080 -0.157061 2.776102 0.000000
-0.030308 -0.158025 2.808193 0.000000
-0.201058 -0.165318 2.994780 0.000000
-0.395906 -0.023291 2.724966 1.000000
0.051545 -0.024334 2.773910 1.000000
-0.314543 -0.278446 2.625846 1.000000
-0.026924 -0.284000 2.684419 1.000000
-0.325694 -0.336652 2.671347 1.000000
-0.033646 -0.356989 2.698912 1.000000
-0.039000 -0.627599 2.748450 1.000000
-0.324813 -0.623910 2.742985 1.000000
-0.105474 -1.033162 2.819078 1.000000
-0.288305 -1.031343 2.823948 1.000000
0.044559 -1.073417 2.729133 0.000000
-0.427857 -1.065246 2.716263 0.000000
-0.178881 0.544917 2.685687 0.552885
