-0.308306 0.288432 2.679182 1.000000
0.019026 0.287885 2.612779 1.000000
-0.162815 0.343916 2.555926 0.000000
-0.131115 0.150663 2.713783 0.000000
-0.318308 -0.036298 2.642333 0.096154
0.002586 -0.055000 2.576971 0.490385
-0.135120 -0.041057 2.719982 0.000000
-0.357845 0.019393 2.670108 1.000000
0.057659 0.020484 2.653348 1.000000
-0.354714 -0.229923 2.526841 1.000000
0.041290 -0.258507 2.587890 1.000000
-0.363117 -0.292295 2.521985 0.391827
0.051391 -0.307448 2.626455 0.442308
-0.264698 -0.564601 2.677978 1.000000
-0.025728 -0.568296 2.658652 1.000000
-0.310830 -0.973234 2.772716 1.000000
0.043918 -0.964954 2.784728 0.828606
-0.341439 -1.003485 2.627326 0.076923
0.017575 -1.014366 2.643822 0.326923
-0.144729 0.541947 2.564009 0.875000
-0.308067 0.292394 2.679685 1.000000
0.021772 0.288150 2.627302 1.000000
-0.156448 0.349672 2.564929 0.000000
-0.134938 0.150120 2.716542 0.000000
-0.322855 -0.032474 2.632457 0.153846
0.000309 -0.054758 2.580852 0.480769
-0.143256 -0.039930 2.717887 0.000000
-0.362796 0.023670 2.660391 1.000000
0.054457 0.018393 2.666258 1.000000
-0.350077 -0.211855 2.493687 1.000000
0.036781 -0.259991 2.593006 1.000000
-0.344174 -0.262705 2.456756 0.274038
0.043300 -0.317008 2.619295 0.644231
-0.263242 -0.561544 2.676816 1.000000
-0.025010 -0.566217 2.658235 1.000000
-0.312009 -0.969885 2.771491 1.000000
0.041945 -0.962627 2.786532 0.941106
-0.335981 -1.000978 2.625037 0.019231
0.022251 -1.011921 2.644502 0.307692
-0.141232 0.540391 2.574874 0.870192
-0.314733 0.292708 2.675074 1.000000
0.017576 0.290068 2.641609 1.000000
-0.156989 0.352060 2.570040 0.000000
-0.143520 0.150339 2.719698 0.000000
-0.321278 -0.029907 2.620303 0.211538
0.003614 -0.057022 2.584178 0.423077
-0.146018 -0.039049 2.714166 0.000000
-0.369176 0.024278 2.654942 1.000000
0.051562 0.019600 2.672172 1.000000
-0.334906 -0.207458 2.486489 1.000000
0.035573 -0.257381 2.594211 1.000000
-0.329104 -0.258644 2.450008 0.000000
0.039396 -0.315012 2.619678 0.745192
-0.262586 -0.559592 2.673867 1.000000
-0.024395 -0.567060 2.657890 1.000000
-0.312458 -0.967607 2.769372 1.000000
0.033637 -0.971067 2.765102 1.000000
-0.329215 -1.000007 2.622200 0.000000
0.019096 -1.011726 2.619756 0.000000
-0.143331 0.542460 2.568939 0.846154
-0.320390 0.289431 2.676036 1.000000
0.013144 0.289624 2.658386 1.000000
-0.158163 0.355027 2.582133 0.000000
-0.150705 0.145278 2.720769 0.000000
-0.314825 -0.030673 2.611912 0.240385
0.011541 -0.054227 2.588982 0.413462
-0.143485 -0.038845 2.712837 0.000000
-0.364466 0.018613 2.642217 1.000000
0.054498 0.018665 2.692539 1.000000
-0.332885 -0.240079 2.513986 1.000000
0.045662 -0.258300 2.606359 1.000000
-0.318883 -0.294519 2.485268 0.425481
0.050850 -0.307692 2.645320 0.475962
-0.265967 -0.558387 2.671353 1.000000
-0.027758 -0.567057 2.658310 1.000000
-0.313604 -0.965832 2.770365 1.000000
0.030682 -0.970275 2.768237 1.000000
-0.325915 -1.000157 2.623190 0.057692
0.021523 -1.011318 2.622560 0.115385
-0.143366 0.537923 2.579319 0.807692
-0.323800 0.286809 2.660169 1.000000
0.009882 0.287600 2.674725 1.000000
-0.153424 0.353345 2.582819 0.000000
-0.158907 0.142554 2.719959 0.000000
-0.306393 -0.038408 2.588821 0.221154
0.021403 -0.046907 2.597344 0.326923
-0.145279 -0.037146 2.705656 0.000000
-0.360595 0.012903 2.639788 1.000000
0.052072 0.014809 2.696875 1.000000
-0.338255 -0.258047 2.535617 1.000000
0.063301 -0.268042 2.629687 1.000000
-0.315051 -0.314369 2.552168 0.391827
0.039849 -0.323789 2.647764 0.459135
-0.270399 -0.559820 2.662279 1.000000
-0.029842 -0.566183 2.655313 1.000000
-0.313132 -0.964823 2.772871 1.000000
0.031048 -0.968823 2.766026 1.000000
-0.312298 -1.004845 2.626625 0.153846
0.035347 -1.008402 2.619721 0.000000
-0.140541 0.537109 2.577585 0.899038
-0.330422 0.289242 2.650436 1.000000
0.000326 0.274607 2.694573 1.000000
-0.151208 0.351656 2.591913 0.000000
-0.177528 0.135246 2.717389 0.000000
-0.303364 -0.047427 2.566552 0.423077
0.020512 -0.035904 2.617213 0.336538
-0.158925 -0.039386 2.703236 0.000000
-0.358476 0.013281 2.636243 1.000000
0.058554 0.003196 2.695278 1.000000
-0.339819 -0.262255 2.541997 1.000000
0.106869 -0.273318 2.616164 1.000000
-0.330260 -0.323726 2.552695 0.391827
0.086234 -0.326374 2.643435 0.509615
-0.274006 -0.561039 2.656182 1.000000
-0.034168 -0.562712 2.651607 1.000000
-0.312793 -0.962674 2.779749 1.000000
0.031969 -0.963240 2.766878 1.000000
-0.293209 -1.008611 2.636584 0.326923
0.053870 -1.001384 2.621773 0.096154
-0.142039 0.530314 2.580305 0.908654
-0.340681 0.293360 2.623428 1.000000
-0.021088 0.268936 2.717343 1.000000
-0.152789 0.349807 2.592632 0.000000
-0.204636 0.135266 2.713274 0.000000
-0.304963 -0.051995 2.540553 0.567308
0.005908 -0.034352 2.643717 0.682692
-0.184997 -0.043949 2.699151 0.000000
-0.376850 0.018742 2.632465 1.000000
0.106578 0.024066 2.695420 1.000000
-0.345868 -0.258090 2.547728 1.000000
0.182479 -0.174416 2.496548 1.000000
-0.347349 -0.315424 2.574093 0.661058
0.200252 -0.224994 2.463224 0.206731
-0.275835 -0.563257 2.648575 1.000000
-0.033091 -0.562402 2.657409 1.000000
-0.318982 -0.964842 2.770851 1.000000
0.029258 -0.965800 2.764492 0.991106
-0.274255 -1.011419 2.633663 0.230769
0.076331 -0.995938 2.623545 0.057692
-0.139767 0.534922 2.597557 0.817308
-0.336457 0.293724 2.599342 1.000000
-0.035507 0.272377 2.742625 1.000000
-0.145831 0.349332 2.596526 0.000000
-0.216725 0.138526 2.714023 0.000000
-0.296094 -0.049215 2.521137 0.884615
-0.004075 -0.034241 2.669781 0.586538
-0.200991 -0.046456 2.695944 0.000000
-0.386237 0.027110 2.609259 1.000000
0.126347 0.062764 2.683681 1.000000
-0.352418 -0.249278 2.547854 1.000000
0.214453 -0.000719 2.420137 0.548077
-0.337631 -0.310514 2.551849 0.829327
0.234477 -0.031066 2.368536 0.223558
-0.276414 -0.560082 2.641591 0.988462
-0.036576 -0.562347 2.657101 1.000000
-0.325073 -0.959967 2.767323 1.000000
0.028125 -0.966517 2.759784 1.000000
-0.260413 -1.008202 2.638938 0.250000
0.094921 -0.989893 2.625687 0.000000
-0.141197 0.540072 2.624825 0.788462
-0.334413 0.299841 2.590401 1.000000
-0.042213 0.269606 2.749338 1.000000
-0.142131 0.349029 2.597198 0.000000
-0.226113 0.141654 2.712147 0.000000
-0.296849 -0.050817 2.508801 0.961538
-0.014231 -0.033043 2.674348 0.528846
-0.212159 -0.047978 2.688882 0.000000
-0.388217 0.040933 2.591020 1.000000
0.157156 0.107220 2.687929 1.000000
-0.358756 -0.231134 2.543089 1.000000
0.226212 0.184360 2.430203 0.673077
-0.344659 -0.292515 2.547345 0.980769
0.236638 0.185644 2.367961 0.257212
-0.280836 -0.560197 2.635097 0.973077
-0.040953 -0.561575 2.658000 1.000000
-0.322665 -0.962640 2.754990 1.000000
0.032541 -0.965935 2.753791 1.000000
-0.249496 -1.007484 2.629988 0.134615
0.107000 -0.983416 2.622869 0.000000
-0.131875 0.542627 2.644926 0.745192
-0.334236 0.312086 2.593048 1.000000
-0.037923 0.261181 2.738524 1.000000
-0.139468 0.350859 2.593319 0.000000
-0.229791 0.144390 2.705046 0.000000
-0.312724 -0.047703 2.504277 0.990385
-0.025328 -0.032357 2.661641 0.625000
-0.222855 -0.045946 2.681845 0.000000
-0.391778 0.058567 2.581325 1.000000
0.213308 0.218250 2.686259 1.000000
-0.365741 -0.207441 2.523788 1.000000
0.196762 0.422644 2.505521 1.000000
-0.358658 -0.269893 2.529622 0.913462
0.188723 0.471744 2.466673 0.778846
-0.292198 -0.557428 2.632753 1.000000
-0.045736 -0.559233 2.648293 1.000000
-0.321671 -0.961974 2.749191 1.000000
0.028787 -0.962008 2.749795 1.000000
-0.251821 -1.003872 2.621302 0.000000
0.100174 -0.982127 2.617548 0.000000
-0.134064 0.544186 2.683876 0.384615
-0.335776 0.314464 2.597123 1.000000
-0.036534 0.262460 2.733150 1.000000
-0.141722 0.356611 2.594916 0.000000
-0.226060 0.143750 2.699070 0.000000
-0.320331 -0.042173 2.499233 0.836538
-0.028925 -0.034257 2.649615 0.394231
-0.226218 -0.042089 2.674596 0.000000
-0.396477 0.066932 2.580871 1.000000
0.214709 0.284196 2.693120 1.000000
-0.370807 -0.190355 2.509216 1.000000
0.155467 0.514610 2.569165 1.000000
-0.367854 -0.252697 2.499764 1.000000
0.136581 0.574719 2.565339 0.947115
-0.294331 -0.554216 2.630149 1.000000
-0.053204 -0.559396 2.635082 1.000000
-0.322230 -0.956369 2.754964 1.000000
0.023605 -0.958124 2.749974 1.000000
-0.256541 -1.001013 2.625805 0.115385
0.090653 -0.983696 2.616404 0.000000
-0.124519 0.544364 2.677164 0.360577
-0.342587 0.307945 2.597813 1.000000
-0.034568 0.259832 2.703204 1.000000
-0.150443 0.354448 2.578939 0.000000
-0.220553 0.137259 2.684694 0.000000
-0.332221 -0.043354 2.503407 0.653846
-0.028124 -0.034599 2.626057 0.461538
-0.222257 -0.041906 2.669285 0.000000
-0.399190 0.058793 2.587795 1.000000
0.214373 0.317863 2.698428 1.000000
-0.373543 -0.193386 2.498831 1.000000
0.111904 0.557186 2.632318 1.000000
-0.383949 -0.255600 2.496455 1.000000
0.079086 0.605807 2.655630 0.879808
-0.302748 -0.553526 2.634773 1.000000
-0.058096 -0.560253 2.619536 1.000000
-0.323668 -0.957343 2.755514 1.000000
0.020484 -0.955170 2.745831 1.000000
-0.269852 -1.000503 2.620491 0.115385
0.074101 -0.988581 2.607994 0.000000
-0.123560 0.543962 2.675355 0.394231
-0.347589 0.305422 2.623826 1.000000
-0.024520 0.266266 2.649143 1.000000
-0.167299 0.360304 2.561202 0.000000
-0.202985 0.136728 2.670798 0.000000
-0.350563 -0.035579 2.536301 0.346154
-0.024815 -0.040259 2.574520 0.375000
-0.200825 -0.037778 2.667385 0.000000
-0.404168 0.058996 2.615929 1.000000
0.209546 0.357822 2.620744 1.000000
-0.395694 -0.190673 2.525243 1.000000
0.029562 0.542908 2.683710 1.000000
-0.395650 -0.251363 2.507888 0.711538
0.026569 0.603238 2.665382 0.004808
-0.311312 -0.551782 2.639823 1.000000
-0.064887 -0.559999 2.618525 1.000000
-0.327064 -0.954983 2.763376 1.000000
0.010993 -0.954415 2.747996 1.000000
-0.313050 -0.999717 2.619179 0.134615
0.028818 -0.998270 2.603951 0.000000
-0.137883 0.550573 2.673278 0.341346
-0.347853 0.309101 2.654671 1.000000
-0.029331 0.276831 2.602749 1.000000
-0.189480 0.364665 2.548517 0.000000
-0.191794 0.144915 2.670890 0.000000
-0.354506 -0.033753 2.578891 0.125000
-0.029261 -0.034016 2.536345 0.750000
-0.177260 -0.032371 2.669399 0.000000
-0.396870 0.059711 2.634192 1.000000
0.166885 0.406866 2.504786 1.000000
-0.392728 -0.190811 2.539393 1.000000
-0.005028 0.535474 2.664971 1.000000
-0.399593 -0.251634 2.523969 0.509615
-0.046659 0.563948 2.702927 0.000000
-0.310568 -0.551346 2.649852 1.000000
-0.061093 -0.551236 2.624365 1.000000
-0.324230 -0.957771 2.762617 1.000000
0.021670 -0.947388 2.743938 1.000000
-0.346174 -0.997197 2.617861 0.134615
0.004027 -0.994271 2.600827 0.000000
-0.141856 0.558830 2.669106 0.269231
-0.334173 0.308218 2.693243 1.000000
-0.034820 0.290229 2.563516 1.000000
-0.209569 0.370159 2.551557 0.000000
-0.171328 0.151629 2.670102 0.000000
-0.345305 -0.024758 2.629669 0.000000
-0.043493 -0.033270 2.501483 1.000000
-0.150307 -0.028199 2.669337 0.000000
-0.386990 0.062012 2.649654 1.000000
0.091442 0.413523 2.378710 1.000000
-0.379767 -0.190485 2.558670 1.000000
0.021854 0.657431 2.466689 1.000000
-0.375505 -0.251480 2.542986 0.829327
0.004479 0.713928 2.488841 0.000000
-0.307250 -0.548298 2.654586 1.000000
-0.054021 -0.542144 2.631479 1.000000
-0.319220 -0.958642 2.752354 1.000000
0.021712 -0.943097 2.739113 1.000000
-0.380559 -0.989084 2.617073 0.000000
-0.035138 -0.989457 2.606414 0.000000
-0.133367 0.553525 2.677224 0.288462
-0.301116 0.305761 2.735305 1.000000
-0.059973 0.307100 2.525330 1.000000
-0.233749 0.366825 2.558751 0.000000
-0.133982 0.165623 2.672044 0.000000
-0.309407 -0.016961 2.692723 0.000000
-0.065777 -0.042367 2.474563 1.000000
-0.112406 -0.030073 2.667655 0.000000
-0.366184 0.060167 2.707138 0.476923
-0.022275 0.498855 2.360573 1.000000
-0.364489 -0.181008 2.588996 1.000000
-0.018168 0.700372 2.183116 1.000000
-0.371987 -0.238871 2.564910 0.475962
-0.022971 0.747537 2.141441 0.879808
-0.297854 -0.546210 2.672952 1.000000
-0.048883 -0.540134 2.646108 1.000000
-0.317077 -0.959457 2.756265 1.000000
0.020226 -0.944560 2.744834 1.000000
-0.419088 -0.977048 2.645475 0.000000
-0.079400 -0.987449 2.638884 0.000000
-0.129957 0.532736 2.671840 0.158654
-0.290087 0.276834 2.757706 0.663462
-0.061029 0.335124 2.529938 0.653846
-0.243452 0.366967 2.587005 0.000000
-0.113197 0.167149 2.666860 0.000000
-0.282352 -0.012099 2.708380 0.000000
-0.063227 -0.045395 2.466574 1.000000
-0.089199 -0.028031 2.663129 0.000000
-0.355418 0.032387 2.717962 0.353846
-0.044780 0.475489 2.316329 1.000000
-0.354355 -0.206812 2.594699 1.000000
-0.044185 0.678603 2.139844 1.000000
-0.362147 -0.269436 2.593288 0.576923
-0.040334 0.720200 2.092522 0.762019
-0.287623 -0.542107 2.680706 1.000000
-0.039766 -0.540855 2.647006 1.000000
-0.311795 -0.956794 2.755098 1.000000
0.025822 -0.945919 2.745522 1.000000
-0.424845 -0.968215 2.654701 0.000000
-0.085227 -0.986942 2.650783 0.000000
-0.125688 0.556548 2.631208 0.769231
-0.288042 0.262542 2.759117 0.980769
-0.049407 0.304079 2.538996 1.000000
-0.229543 0.350103 2.590746 0.000000
-0.118011 0.139785 2.671972 0.000000
-0.279989 -0.022732 2.702760 0.000000
-0.054833 -0.062960 2.467640 1.000000
-0.085758 -0.039889 2.662886 0.000000
-0.352793 0.017120 2.721552 0.292308
-0.023462 0.451950 2.330934 1.000000
-0.344826 -0.221674 2.596722 1.000000
-0.046550 0.640040 2.139230 1.000000
-0.340120 -0.280177 2.573490 0.459135
-0.057177 0.673000 2.086455 0.829327
-0.282867 -0.554683 2.674557 1.000000
-0.036412 -0.558117 2.643995 1.000000
-0.308675 -0.967483 2.758306 1.000000
0.031507 -0.960043 2.753205 1.000000
-0.418203 -0.981711 2.654423 0.000000
-0.076789 -1.004523 2.656854 0.000000
-0.161199 0.545996 2.582453 0.975962
-0.288640 0.280706 2.741890 1.000000
-0.030680 0.298007 2.544627 1.000000
-0.212568 0.350307 2.572165 0.000000
-0.112938 0.148648 2.684763 0.000000
-0.293906 -0.031237 2.680761 0.000000
-0.039159 -0.059116 2.476013 1.000000
-0.095624 -0.039750 2.665872 0.000000
-0.352097 0.027656 2.712717 0.523077
0.039806 0.448080 2.341116 1.000000
-0.346344 -0.217470 2.586445 1.000000
-0.054205 0.636937 2.163481 1.000000
-0.342809 -0.272522 2.555764 0.593750
-0.076851 0.664914 2.111627 1.000000
-0.281204 -0.560625 2.661956 1.000000
-0.036027 -0.559959 2.642000 0.965385
-0.309485 -0.970433 2.758608 1.000000
0.027266 -0.961413 2.755634 1.000000
-0.404721 -0.991250 2.642475 0.000000
-0.065915 -1.007363 2.645199 0.000000
-0.125977 0.552750 2.583170 1.000000
-0.297921 0.280786 2.736043 1.000000
-0.011476 0.315908 2.577961 1.000000
-0.199155 0.366065 2.586341 0.000000
-0.114960 0.153758 2.691733 0.000000
-0.302508 -0.022551 2.662011 0.000000
-0.023325 -0.044138 2.491174 1.000000
-0.103997 -0.031966 2.672705 0.000000
-0.358487 0.025729 2.694215 0.830769
0.090887 0.448565 2.372069 1.000000
-0.341624 -0.214934 2.554276 1.000000
-0.049982 0.640273 2.226517 1.000000
-0.338343 -0.277625 2.547670 0.560096
-0.084989 0.663183 2.179250 1.000000
-0.278405 -0.551463 2.649240 1.000000
-0.033814 -0.548699 2.640597 1.000000
-0.307925 -0.958288 2.757433 1.000000
0.023959 -0.950050 2.757488 1.000000
-0.387112 -0.986123 2.631160 0.000000
-0.053214 -0.996664 2.635580 0.000000
-0.152638 0.554472 2.584842 0.817308
-0.312021 0.288346 2.706534 1.000000
-0.002242 0.313484 2.601008 1.000000
-0.185742 0.371087 2.577516 0.000000
-0.129076 0.154547 2.692278 0.000000
-0.308201 -0.019165 2.630607 0.000000
-0.002380 -0.036415 2.513258 1.000000
-0.114874 -0.027254 2.677181 0.000000
-0.357041 0.031958 2.666409 1.000000
0.142772 0.445832 2.425442 1.000000
-0.337806 -0.214550 2.542168 1.000000
-0.024689 0.636555 2.315216 1.000000
-0.333849 -0.277549 2.542036 0.677885
-0.061667 0.671306 2.277673 0.980769
-0.276826 -0.546472 2.639651 1.000000
-0.036243 -0.546485 2.637621 1.000000
-0.309109 -0.951168 2.754815 0.991106
0.026916 -0.946652 2.755779 1.000000
-0.364950 -0.985613 2.618120 0.000000
-0.025804 -0.994501 2.621908 0.038462
-0.142001 0.555440 2.589379 0.586538
-0.320391 0.288548 2.673621 1.000000
0.003041 0.307043 2.626772 1.000000
-0.170700 0.371739 2.573073 0.000000
-0.141516 0.149241 2.686712 0.000000
-0.313305 -0.026169 2.587752 0.096154
0.011589 -0.029161 2.542697 1.000000
-0.135383 -0.028870 2.676894 0.000000
-0.363459 0.031026 2.634749 1.000000
0.192257 0.445833 2.505876 1.000000
-0.344200 -0.222974 2.525069 1.000000
-0.000533 0.638491 2.454610 1.000000
-0.341930 -0.285657 2.532150 0.644231
-0.048591 0.666851 2.425102 0.913462
-0.276325 -0.546939 2.637226 1.000000
-0.037549 -0.547026 2.632437 1.000000
-0.309966 -0.948862 2.761362 0.991106
0.033607 -0.936775 2.777754 0.925481
-0.333890 -0.991215 2.617752 0.134615
0.014377 -0.992388 2.638013 0.326923
-0.127815 0.548631 2.595872 0.668269
-0.322843 0.287035 2.654794 1.000000
0.002739 0.293657 2.636720 1.000000
-0.161856 0.367259 2.570620 0.000000
-0.151269 0.140089 2.678100 0.000000
-0.310381 -0.029509 2.563654 0.259615
0.017534 -0.033215 2.556396 0.951923
-0.143957 -0.033836 2.672714 0.000000
-0.362077 0.028585 2.619871 1.000000
0.209116 0.436734 2.556152 1.000000
-0.345682 -0.224254 2.507718 1.000000
0.016049 0.632467 2.521711 1.000000
-0.349029 -0.286819 2.515399 0.576923
-0.034798 0.651284 2.489384 0.812500
-0.277800 -0.547019 2.640190 1.000000
-0.040937 -0.553194 2.624936 1.000000
-0.309303 -0.947919 2.768139 0.950481
0.033071 -0.938897 2.779335 0.887981
-0.316476 -0.993456 2.623691 0.250000
0.028582 -0.995964 2.638931 0.269231
-0.113172 0.542916 2.586929 0.778846
-0.321684 0.291823 2.634637 1.000000
0.003141 0.290309 2.629199 1.000000
-0.155621 0.367324 2.556147 0.000000
-0.154841 0.140929 2.665761 0.000000
-0.312812 -0.032485 2.550393 0.250000
0.015066 -0.035102 2.559551 0.750000
-0.152035 -0.035650 2.667655 0.000000
-0.361808 0.032883 2.607015 1.000000
0.217362 0.434923 2.578038 1.000000
-0.354404 -0.226039 2.509378 1.000000
0.016910 0.625531 2.567351 1.000000
-0.341007 -0.287379 2.515891 0.610577
-0.030635 0.661518 2.588062 0.627404
-0.282836 -0.547271 2.642215 1.000000
-0.042453 -0.555439 2.623293 1.000000
-0.310030 -0.947555 2.773049 0.981731
0.032240 -0.940906 2.777952 0.994231
-0.309848 -0.994672 2.628931 0.307692
0.034724 -0.996945 2.637084 0.346154
-0.110916 0.545282 2.586804 0.769231
-0.323493 0.298619 2.645802 1.000000
-0.003179 0.296067 2.593214 1.000000
-0.170735 0.371432 2.541873 0.000000
-0.153687 0.148203 2.656542 0.000000
-0.316424 -0.030046 2.564717 0.134615
0.010092 -0.028190 2.533443 1.000000
-0.142430 -0.026981 2.661290 0.000000
-0.367587 0.041414 2.617498 1.000000
0.212950 0.432243 2.532859 1.000000
-0.348884 -0.214893 2.517462 1.000000
0.017023 0.610337 2.609957 1.000000
-0.343635 -0.277707 2.520823 0.459135
-0.022018 0.646659 2.643737 0.223558
-0.277230 -0.544397 2.649336 1.000000
-0.039439 -0.546564 2.626704 1.000000
-0.310010 -0.946781 2.772203 1.000000
0.034119 -0.937039 2.768838 1.000000
-0.326127 -0.989608 2.627648 0.269231
0.020617 -0.990936 2.627760 0.230769
-0.118215 0.552748 2.586127 0.913462
-0.314625 0.304961 2.654448 1.000000
0.000159 0.309354 2.567485 1.000000
-0.176119 0.377990 2.532297 0.000000
-0.139949 0.159849 2.652201 0.000000
-0.316692 -0.022722 2.587691 0.134615
0.004872 -0.023156 2.522953 1.000000
-0.133664 -0.019698 2.665801 0.000000
-0.368426 0.051194 2.633854 1.000000
0.181854 0.438107 2.432856 1.000000
-0.342888 -0.201466 2.532585 1.000000
0.038120 0.616175 2.582442 1.000000
-0.335336 -0.258874 2.507449 0.576923
0.004565 0.656792 2.617210 0.000000
-0.278078 -0.538868 2.658408 1.000000
-0.036256 -0.539185 2.631233 1.000000
-0.306233 -0.944646 2.770815 1.000000
0.038937 -0.931392 2.767627 1.000000
-0.337688 -0.982213 2.627325 0.269231
0.011238 -0.985067 2.628551 0.346154
-0.127060 0.564729 2.581507 0.985577
-0.313256 0.308844 2.683646 1.000000
-0.018905 0.324644 2.536756 0.913462
-0.206015 0.378200 2.531570 0.000000
-0.130967 0.175454 2.660149 0.000000
-0.309013 -0.016876 2.638992 0.000000
-0.018097 -0.022981 2.487581 1.000000
-0.111498 -0.012319 2.663002 0.000000
-0.355428 0.056647 2.650567 1.000000
0.101844 0.424103 2.331810 1.000000
-0.333670 -0.197058 2.558176 1.000000
0.080473 0.690259 2.377409 1.000000
-0.332776 -0.258820 2.545172 0.459135
0.074793 0.751967 2.389419 0.000000
-0.275514 -0.538726 2.661879 1.000000
-0.032446 -0.530855 2.641425 1.000000
-0.306407 -0.948036 2.759836 1.000000
0.042761 -0.926461 2.767613 0.991106
-0.377811 -0.974047 2.628630 0.096154
-0.023445 -0.979177 2.641804 0.269231
-0.120949 0.571227 2.583019 0.817308
-0.297889 0.292793 2.727986 1.000000
-0.042585 0.317240 2.529429 0.846154
-0.223909 0.367488 2.559505 0.000000
-0.121781 0.163629 2.665721 0.000000
-0.286390 -0.015945 2.682580 0.000000
-0.033675 -0.037369 2.474564 1.000000
-0.088166 -0.015949 2.664778 0.000000
-0.342183 0.046015 2.676467 0.600000
0.002666 0.473648 2.331935 1.000000
-0.328342 -0.200127 2.569053 1.000000
0.031892 0.644333 2.126200 1.000000
-0.330449 -0.263160 2.566419 0.644231
0.034875 0.663753 2.066213 0.627404
-0.274788 -0.542008 2.671447 1.000000
-0.026604 -0.536563 2.656448 1.000000
-0.308159 -0.953357 2.759549 1.000000
0.029562 -0.943112 2.754669 1.000000
-0.405644 -0.970063 2.644624 0.000000
-0.065486 -0.983100 2.643507 0.000000
-0.132802 0.555297 2.568621 1.000000
-0.282733 0.287300 2.737603 1.000000
-0.034769 0.310143 2.524681 1.000000
-0.216410 0.361751 2.565858 0.000000
-0.111102 0.156684 2.666497 0.000000
-0.272949 -0.019760 2.693613 0.000000
-0.031243 -0.045293 2.473338 1.000000
-0.075879 -0.023586 2.666071 0.000000
-0.346985 0.040737 2.708698 0.461538
-0.004975 0.429662 2.299772 1.000000
-0.325231 -0.194683 2.579522 1.000000
-0.004050 0.585817 2.080236 1.000000
-0.337734 -0.254143 2.562414 0.593750
-0.007775 0.605598 2.020408 0.610577
-0.271706 -0.546569 2.671319 1.000000
-0.022168 -0.544596 2.653704 1.000000
-0.307583 -0.957774 2.759108 1.000000
0.030975 -0.950785 2.755047 1.000000
-0.410473 -0.972370 2.648696 0.000000
-0.069875 -0.990439 2.648995 0.000000
-0.138205 0.556605 2.561784 1.000000
-0.286729 0.281921 2.731132 0.961538
-0.028544 0.304311 2.529387 0.836538
-0.213948 0.352087 2.560200 0.000000
-0.108334 0.153815 2.673357 0.000000
-0.281719 -0.025895 2.686261 0.000000
-0.028926 -0.053468 2.479065 1.000000
-0.083480 -0.027667 2.668717 0.000000
-0.351524 0.028387 2.714404 0.476923
0.007025 0.414558 2.294147 1.000000
-0.317586 -0.208853 2.578539 1.000000
-0.024672 0.569397 2.068507 1.000000
-0.326554 -0.270550 2.568666 0.644231
-0.035855 0.586060 2.008659 1.000000
-0.271264 -0.553813 2.667400 1.000000
-0.025028 -0.553102 2.655242 1.000000
-0.307032 -0.964533 2.757474 1.000000
0.028827 -0.959083 2.757042 1.000000
-0.403514 -0.981511 2.641745 0.000000
-0.066461 -0.999506 2.646244 0.000000
-0.147610 0.552250 2.547721 1.000000
-0.301503 0.292777 2.715907 1.000000
-0.017228 0.302338 2.553538 1.000000
-0.202086 0.358289 2.556965 0.000000
-0.122438 0.156666 2.684539 0.000000
-0.299504 -0.027293 2.659862 0.000000
-0.017812 -0.047556 2.493029 1.000000
-0.100895 -0.026423 2.672640 0.000000
-0.356651 0.030346 2.704466 0.676923
0.052103 0.427283 2.326329 1.000000
-0.326362 -0.210175 2.560413 1.000000
-0.029840 0.578572 2.102911 1.000000
-0.337468 -0.272278 2.562512 0.745192
-0.053679 0.592332 2.046106 0.997596
-0.276809 -0.553744 2.660735 1.000000
-0.031400 -0.552091 2.651433 1.000000
-0.307220 -0.962492 2.761155 1.000000
0.027521 -0.955744 2.759492 1.000000
-0.385908 -0.987863 2.634055 0.000000
-0.048489 -0.999911 2.635952 0.000000
-0.146931 0.557396 2.560525 0.836538
-0.311096 0.295813 2.705443 1.000000
-0.004904 0.314018 2.586014 1.000000
-0.189806 0.371647 2.567689 0.000000
-0.129533 0.160276 2.689999 0.000000
-0.310275 -0.020480 2.639107 0.000000
-0.007805 -0.032952 2.512811 1.000000
-0.115453 -0.020941 2.679775 0.000000
-0.359681 0.031527 2.685366 0.830769
0.105806 0.434046 2.371661 1.000000
-0.340961 -0.222749 2.562322 1.000000
-0.013830 0.618118 2.192912 1.000000
-0.334058 -0.284847 2.553338 0.745192
-0.039101 0.631417 2.136617 0.475962
-0.274004 -0.546392 2.650405 1.000000
-0.034701 -0.543315 2.645301 1.000000
-0.307480 -0.952280 2.760939 1.000000
0.026103 -0.945704 2.756971 1.000000
-0.366906 -0.984350 2.625181 0.096154
-0.030486 -0.991195 2.623861 0.019231
-0.152300 0.553893 2.561330 0.769231
-0.324700 0.294173 2.688499 1.000000
-0.006391 0.314517 2.610193 1.000000
-0.186356 0.375598 2.571585 0.000000
-0.143561 0.157196 2.688802 0.000000
-0.317926 -0.024325 2.614380 0.000000
0.000688 -0.023143 2.536414 1.000000
-0.131831 -0.022014 2.684898 0.000000
-0.365687 0.029248 2.662349 1.000000
0.149891 0.448186 2.436247 1.000000
-0.349990 -0.232728 2.556515 1.000000
0.004790 0.649807 2.300698 1.000000
-0.349994 -0.291395 2.579810 0.509615
-0.041182 0.679627 2.269364 0.829327
-0.275286 -0.545592 2.647983 1.000000
-0.037866 -0.540564 2.641596 1.000000
-0.310520 -0.949528 2.764936 0.984856
0.025009 -0.941111 2.758611 1.000000
-0.348182 -0.987335 2.623013 0.115385
-0.008541 -0.987404 2.618177 0.115385
-0.137835 0.551133 2.567296 0.754808
-0.339536 0.294835 2.673985 1.000000
-0.014286 0.315584 2.641851 1.000000
-0.185941 0.381257 2.582454 0.000000
-0.160832 0.155730 2.690978 0.000000
-0.321283 -0.024622 2.588715 0.173077
0.004636 -0.013402 2.553413 0.548077
-0.146127 -0.020688 2.683133 0.000000
-0.364355 0.030462 2.637461 1.000000
0.194496 0.455186 2.548234 1.000000
-0.360192 -0.235132 2.543964 1.000000
0.034990 0.670186 2.460873 1.000000
-0.360114 -0.295368 2.562836 0.459135
-0.018528 0.701733 2.472055 0.728365
-0.280004 -0.540448 2.646809 1.000000
-0.045224 -0.535609 2.638926 1.000000
-0.310749 -0.941226 2.775325 0.984856
0.025493 -0.932661 2.763153 1.000000
-0.329610 -0.985851 2.631648 0.269231
0.010471 -0.980144 2.619940 0.134615
-0.117603 0.537612 2.584073 0.754808
-0.339681 0.298318 2.664350 1.000000
-0.015180 0.310326 2.643454 1.000000
-0.180792 0.381471 2.579039 0.000000
-0.165518 0.154132 2.685595 0.000000
-0.318325 -0.018735 2.574138 0.182692
0.009530 -0.021745 2.564286 0.740385
-0.151031 -0.022400 2.681884 0.000000
-0.366986 0.034774 2.634046 1.000000
0.208650 0.451461 2.610282 1.000000
-0.362774 -0.226423 2.532759 1.000000
0.037653 0.662385 2.541203 1.000000
-0.365163 -0.284417 2.557567 0.661058
-0.008031 0.692354 2.572815 0.661058
-0.278410 -0.537815 2.645310 1.000000
-0.042935 -0.541276 2.634845 1.000000
-0.308766 -0.937981 2.775809 1.000000
0.028843 -0.931300 2.779112 0.941106
-0.316759 -0.984377 2.631678 0.307692
0.024402 -0.984597 2.637232 0.288462
-0.118675 0.536874 2.589803 0.788462
-0.338228 0.299017 2.656459 1.000000
-0.014143 0.310497 2.637997 1.000000
-0.178562 0.382740 2.573179 0.000000
-0.164534 0.154212 2.677336 0.000000
-0.317532 -0.018809 2.571407 0.173077
0.010276 -0.020269 2.559806 0.586538
-0.149650 -0.021391 2.678264 0.000000
-0.368349 0.037264 2.630394 1.000000
0.214757 0.443530 2.640790 1.000000
-0.361116 -0.223305 2.533295 1.000000
0.023000 0.644572 2.627068 1.000000
-0.359951 -0.285633 2.543211 0.576923
-0.024436 0.680447 2.648219 0.408654
-0.281064 -0.535958 2.648141 1.000000
-0.046904 -0.540484 2.632154 1.000000
-0.311130 -0.937089 2.775712 1.000000
0.028658 -0.930202 2.775313 0.934856
-0.319753 -0.982380 2.631267 0.230769
0.022406 -0.983506 2.633504 0.326923
-0.115524 0.538139 2.589002 0.913462
-0.335100 0.310592 2.684308 1.000000
-0.019020 0.311425 2.611861 1.000000
-0.189100 0.388731 2.574689 0.000000
-0.165008 0.160285 2.677171 0.000000
-0.315828 -0.011394 2.592956 0.086538
0.005903 -0.018925 2.529499 0.951923
-0.133178 -0.016519 2.671838 0.000000
-0.362304 0.058502 2.635382 1.000000
0.205764 0.436215 2.587726 1.000000
-0.358330 -0.200476 2.554644 1.000000
0.003331 0.597990 2.668059 1.000000
-0.352020 -0.261283 2.538922 0.543269
-0.019746 0.598738 2.726808 0.307692
-0.279843 -0.530573 2.655789 1.000000
-0.044856 -0.534242 2.631958 1.000000
-0.307546 -0.935302 2.772029 1.000000
0.029656 -0.923376 2.777240 0.909856
-0.339273 -0.974220 2.628959 0.230769
0.001584 -0.980180 2.639489 0.326923
-0.129217 0.541789 2.584045 1.000000
-0.327730 0.313882 2.690730 1.000000
-0.018270 0.321907 2.588634 1.000000
-0.195848 0.390040 2.563274 0.000000
-0.152568 0.169979 2.677161 0.000000
-0.309647 -0.006107 2.619652 0.000000
-0.001821 -0.026334 2.508168 1.000000
-0.117289 -0.015275 2.669891 0.000000
-0.354351 0.061167 2.649118 1.000000
0.190091 0.441722 2.496249 1.000000
-0.351358 -0.197980 2.571524 1.000000
0.010317 0.585726 2.638133 1.000000
-0.348299 -0.259978 2.560060 0.661058
-0.032263 0.618441 2.671317 0.000000
-0.277274 -0.530685 2.661647 1.000000
-0.043059 -0.535526 2.634894 1.000000
-0.308069 -0.938858 2.764263 1.000000
0.028962 -0.934046 2.753548 1.000000
-0.361802 -0.969601 2.625852 0.115385
-0.021988 -0.983178 2.619457 0.115385
-0.124153 0.552468 2.588975 0.932692
-0.307380 0.306896 2.716074 1.000000
-0.020554 0.327691 2.555577 1.000000
-0.205808 0.386755 2.565264 0.000000
-0.131022 0.171109 2.670974 0.000000
-0.299894 -0.003029 2.656787 0.000000
-0.020661 -0.026363 2.486262 1.000000
-0.101407 -0.012738 2.667657 0.000000
-0.345821 0.062903 2.657404 0.907692
0.139128 0.422150 2.382281 1.000000
-0.344787 -0.195963 2.593148 1.000000
0.039284 0.653184 2.470577 1.000000
-0.349715 -0.252221 2.564948 0.543269
0.014446 0.706788 2.492807 0.000000
-0.273980 -0.530608 2.667728 1.000000
-0.035192 -0.528690 2.645805 1.000000
-0.308690 -0.942190 2.754213 1.000000
0.027531 -0.931443 2.755074 1.000000
-0.388929 -0.962131 2.627114 0.000000
-0.050523 -0.976664 2.633201 0.076923
-0.131579 0.556588 2.583218 0.937500
-0.270148 0.293284 2.739755 1.000000
-0.031040 0.322532 2.517097 0.615385
-0.214920 0.362975 2.562185 0.000000
-0.091617 0.171782 2.669482 0.000000
-0.270863 -0.015284 2.704801 0.000000
-0.037071 -0.048925 2.477196 1.000000
-0.074939 -0.024421 2.671040 0.000000
-0.332159 0.049408 2.714500 0.507692
0.022967 0.431724 2.295468 1.000000
-0.332456 -0.197936 2.617454 1.000000
0.043055 0.637496 2.128580 1.000000
-0.330759 -0.255930 2.592587 0.576923
0.043572 0.693470 2.099406 0.930288
-0.271224 -0.544596 2.681845 1.000000
-0.026756 -0.544333 2.665569 1.000000
-0.306756 -0.957872 2.759461 1.000000
0.034071 -0.951787 2.757034 1.000000
-0.413050 -0.968934 2.651900 0.000000
-0.071321 -0.990403 2.655096 0.000000
-0.135394 0.561770 2.571940 0.826923
-0.249552 0.278293 2.748151 0.769231
-0.023779 0.304254 2.510583 0.913462
-0.202948 0.350856 2.569263 0.000000
-0.081345 0.151644 2.663059 0.000000
-0.254057 -0.018730 2.721655 0.000000
-0.037417 -0.058246 2.478549 1.000000
-0.061116 -0.029692 2.674081 0.000000
-0.321482 0.035656 2.730759 0.384615
-0.034011 0.412527 2.281408 1.000000
-0.323392 -0.208534 2.624012 1.000000
-0.036321 0.511869 2.034115 1.000000
-0.327265 -0.262186 2.590981 0.644231
-0.027384 0.514834 1.971698 1.000000
-0.267358 -0.548131 2.689013 1.000000
-0.019102 -0.552666 2.667781 1.000000
-0.306833 -0.962222 2.760105 1.000000
0.033847 -0.961204 2.759311 1.000000
-0.420071 -0.968703 2.659481 0.000000
-0.079234 -0.997020 2.664865 0.000000
-0.135261 0.553774 2.562324 1.000000
-0.258614 0.277050 2.728934 0.000000
-0.024527 0.290322 2.495343 0.375000
-0.212025 0.323958 2.541671 0.000000
-0.073129 0.159272 2.671506 0.000000
-0.256482 -0.031990 2.715714 0.000000
-0.024177 -0.068475 2.487027 1.000000
-0.060733 -0.037873 2.680255 0.000000
-0.322329 0.030827 2.733068 0.292308
-0.017001 0.340260 2.246041 0.661539
-0.319662 -0.215990 2.630639 1.000000
-0.075518 0.437968 2.004284 1.000000
-0.320334 -0.268597 2.595760 0.610577
-0.092967 0.451123 1.945064 1.000000
-0.265518 -0.559918 2.687619 1.000000
-0.017394 -0.567313 2.664601 0.984615
-0.305379 -0.973343 2.762287 1.000000
0.037541 -0.974502 2.760846 1.000000
-0.412225 -0.982402 2.655086 0.000000
-0.068457 -1.012779 2.659409 0.000000
-0.142364 0.554609 2.557913 0.759615
-0.284389 0.286711 2.691943 0.000000
0.004554 0.276730 2.524705 0.000000
-0.188722 0.322255 2.521582 0.000000
-0.098072 0.156922 2.688070 0.000000
-0.289339 -0.047638 2.676759 0.000000
-0.004716 -0.064793 2.514617 1.000000
-0.091073 -0.039721 2.692166 0.000000
-0.333711 0.040876 2.741685 0.476923
0.030677 0.261518 2.270878 0.507692
-0.320931 -0.195615 2.615066 1.000000
-0.110948 0.309666 2.047836 1.000000
-0.334904 -0.257015 2.610667 0.526442
-0.141822 0.302067 1.993305 1.000000
-0.270032 -0.570683 2.691464 1.000000
-0.026587 -0.574547 2.658176 1.000000
-0.304574 -0.984746 2.765236 1.000000
0.036305 -0.978483 2.762886 1.000000
-0.381876 -1.001348 2.635857 0.000000
-0.036940 -1.022367 2.637589 0.019231
-0.184013 0.543889 2.536819 0.956731
-0.274993 0.293140 2.694182 1.000000
0.026014 0.296095 2.549467 1.000000
-0.165673 0.346538 2.537224 0.000000
-0.091029 0.160095 2.688676 0.000000
-0.296177 -0.038014 2.661935 0.000000
0.002015 -0.053385 2.526142 1.000000
-0.100128 -0.031004 2.695481 0.000000
-0.339512 0.047114 2.724329 0.723077
0.047527 0.202705 2.311947 0.623077
-0.330804 -0.198681 2.615160 1.000000
-0.092391 0.179511 2.083268 1.000000
-0.343428 -0.260432 2.611696 0.795673
-0.126398 0.156204 2.035468 1.000000
-0.270776 -0.561186 2.686488 1.000000
-0.030964 -0.565725 2.655036 1.000000
-0.307033 -0.973789 2.767287 1.000000
0.034798 -0.969027 2.760421 1.000000
-0.372055 -0.994587 2.631900 0.000000
-0.026464 -1.013358 2.628999 0.038462
-0.175122 0.548442 2.545425 0.677885
-0.290992 0.287460 2.708088 1.000000
0.010438 0.299066 2.564697 1.000000
-0.181726 0.347949 2.553686 0.000000
-0.105624 0.156638 2.698182 0.000000
-0.307644 -0.041708 2.664142 0.000000
-0.008908 -0.042832 2.528680 1.000000
-0.111909 -0.031104 2.698570 0.000000
-0.350997 0.039207 2.708785 0.892308
0.063521 0.138954 2.372923 1.000000
-0.338555 -0.203081 2.594144 1.000000
-0.053102 0.041715 2.151690 0.961538
-0.350035 -0.262374 2.575786 0.711538
-0.083209 0.006893 2.108498 0.980769
-0.275030 -0.562530 2.681352 0.992308
-0.035020 -0.558775 2.654971 1.000000
-0.309117 -0.973631 2.770333 1.000000
0.033171 -0.960737 2.763881 1.000000
-0.373573 -0.997538 2.635189 0.019231
-0.026343 -1.006523 2.632154 0.134615
-0.175058 0.537210 2.531951 0.668269
-0.311614 0.295237 2.697252 1.000000
0.003789 0.291664 2.587414 1.000000
-0.183364 0.350145 2.555918 0.000000
-0.133036 0.155261 2.706776 0.000000
-0.313515 -0.038524 2.644900 0.000000
-0.003044 -0.047458 2.539435 0.788462
-0.121900 -0.033942 2.698496 0.000000
-0.353757 0.036852 2.685883 1.000000
0.050367 0.049485 2.498826 1.000000
-0.350923 -0.221911 2.591918 1.000000
0.048928 -0.174162 2.338278 1.000000
-0.347185 -0.278208 2.563614 0.812500
0.040193 -0.226396 2.303929 1.000000
-0.274771 -0.561498 2.679839 0.980769
-0.037194 -0.561850 2.655591 1.000000
-0.311016 -0.971984 2.770788 1.000000
0.034338 -0.962898 2.765715 1.000000
-0.361271 -0.998685 2.630247 0.057692
-0.012542 -1.008796 2.629019 0.076923
-0.165688 0.536044 2.531034 0.629808
-0.321030 0.296627 2.679744 1.000000
0.005038 0.288341 2.607861 1.000000
-0.175787 0.352168 2.556222 0.000000
-0.147814 0.152154 2.706163 0.000000
-0.320008 -0.039102 2.624814 0.105769
0.000681 -0.045552 2.556172 0.634615
-0.135970 -0.034126 2.700413 0.000000
-0.365837 0.034010 2.678202 1.000000
0.041333 0.024935 2.591193 1.000000
-0.358836 -0.228884 2.582375 1.000000
0.097259 -0.244031 2.537580 1.000000
-0.347196 -0.287757 2.562805 0.745192
0.121272 -0.299811 2.520361 0.492788
-0.275710 -0.560658 2.678587 0.976923
-0.036707 -0.561483 2.656851 1.000000
-0.311462 -0.970565 2.772302 1.000000
0.039340 -0.957646 2.780771 0.950481
-0.344500 -1.000802 2.627442 0.076923
0.009699 -1.007191 2.640568 0.326923
-0.161082 0.528402 2.521054 0.802885
-0.325038 0.294247 2.663052 1.000000
0.006698 0.286516 2.625008 1.000000
-0.168026 0.349585 2.554780 0.000000
-0.155116 0.150387 2.707829 0.000000
-0.323492 -0.042676 2.603683 0.201923
0.003091 -0.045660 2.573189 0.644231
-0.149671 -0.035222 2.700330 0.000000
-0.371696 0.028220 2.659726 1.000000
0.049491 0.026958 2.686302 1.000000
-0.365802 -0.244645 2.582007 1.000000
0.123055 -0.246507 2.704630 1.000000
-0.338217 -0.295941 2.557669 0.475962
0.130048 -0.306466 2.723085 0.442308
-0.275352 -0.562036 2.677731 0.984615
-0.037986 -0.564370 2.652984 1.000000
-0.310730 -0.970748 2.776658 1.000000
0.034111 -0.959985 2.780949 1.000000
-0.325953 -1.004992 2.629737 0.134615
0.021933 -1.008502 2.637813 0.307692
-0.156291 0.522493 2.515378 0.855769
-0.336840 0.298102 2.636297 1.000000
-0.004351 0.285915 2.665596 1.000000
-0.160628 0.353647 2.563479 0.000000
-0.181009 0.150358 2.710206 0.000000
-0.322642 -0.044876 2.572731 0.365385
0.003122 -0.037539 2.610395 0.711538
-0.172822 -0.035313 2.703392 0.000000
-0.384762 0.029057 2.659870 1.000000
0.052784 0.050243 2.793783 1.000000
-0.362269 -0.242459 2.565959 1.000000
0.139616 -0.214000 2.869163 1.000000
-0.367480 -0.302542 2.584598 0.526442
0.131357 -0.258045 2.913619 0.375000
-0.280861 -0.559627 2.670412 1.000000
-0.040304 -0.561565 2.653775 1.000000
-0.316113 -0.963916 2.786134 1.000000
0.030404 -0.957394 2.781853 1.000000
-0.300570 -1.006673 2.641495 0.269231
0.047908 -1.000921 2.637668 0.269231
-0.163994 0.512680 2.508964 0.980769
-0.339951 0.293287 2.612975 1.000000
-0.014460 0.293482 2.687886 1.000000
-0.157315 0.353859 2.563849 0.000000
-0.191002 0.152470 2.710744 0.000000
-0.322252 -0.043896 2.560038 0.682692
-0.002388 -0.036445 2.632330 0.817308
-0.187228 -0.037371 2.706106 0.000000
-0.394664 0.028123 2.651688 1.000000
0.035778 0.062798 2.825963 1.000000
-0.382950 -0.252355 2.590344 1.000000
0.147750 -0.181649 2.927333 1.000000
-0.353223 -0.308004 2.588369 0.526442
0.172396 -0.235352 2.949537 0.000000
-0.280426 -0.558063 2.669756 1.000000
-0.038451 -0.560245 2.661693 1.000000
-0.322522 -0.961998 2.784422 0.975481
0.029080 -0.961253 2.774460 1.000000
-0.290766 -1.005539 2.642698 0.365385
0.062968 -0.995944 2.630800 0.192308
-0.169530 0.514049 2.507902 0.875000
-0.341903 0.292193 2.593979 1.000000
-0.024050 0.284979 2.696319 1.000000
-0.154174 0.347231 2.559825 0.000000
-0.205682 0.148989 2.705830 0.000000
-0.317164 -0.047047 2.553087 0.971154
-0.004268 -0.041546 2.651373 0.692308
-0.194528 -0.042460 2.709768 0.000000
-0.399687 0.027117 2.644095 1.000000
0.028532 0.057389 2.843131 1.000000
-0.386987 -0.255634 2.581595 1.000000
0.134269 -0.193453 2.942697 1.000000
-0.362871 -0.302226 2.616696 0.576923
0.126669 -0.236235 2.988484 0.307692
-0.280659 -0.560872 2.672090 0.961538
-0.036448 -0.564654 2.671367 1.000000
-0.328468 -0.965019 2.783729 1.000000
0.030939 -0.969275 2.770487 1.000000
-0.284973 -1.008452 2.645122 0.269231
0.076835 -0.996403 2.628544 0.000000
-0.156376 0.520433 2.518692 0.889423
-0.344675 0.291770 2.583642 1.000000
-0.034194 0.273611 2.705410 1.000000
-0.152996 0.337934 2.559853 0.000000
-0.221857 0.145724 2.706769 0.000000
-0.313266 -0.047421 2.555865 0.923077
-0.005850 -0.046813 2.670274 0.509615
-0.198880 -0.045329 2.718718 0.000000
-0.406701 0.023261 2.621856 1.000000
0.020018 0.027789 2.823889 1.000000
-0.407393 -0.261675 2.556669 1.000000
0.108615 -0.238799 2.904635 1.000000
-0.378635 -0.310866 2.583829 0.408654
0.109461 -0.292019 2.938568 0.408654
-0.279882 -0.563492 2.674236 1.000000
-0.036629 -0.569042 2.677713 1.000000
-0.335634 -0.967979 2.780849 1.000000
0.030219 -0.975256 2.770477 1.000000
-0.285239 -1.010881 2.644431 0.307692
0.083475 -0.998475 2.630424 0.000000
-0.171669 0.519166 2.521898 1.000000
-0.348288 0.293389 2.588854 1.000000
-0.035094 0.271734 2.702856 1.000000
-0.156729 0.337218 2.560185 0.000000
-0.224172 0.146101 2.709169 0.000000
-0.320907 -0.055842 2.563932 0.951923
-0.014086 -0.044206 2.679345 0.278846
-0.207251 -0.048003 2.727121 0.000000
-0.406784 0.021572 2.610007 1.000000
0.017337 0.014710 2.797425 0.892308
-0.404903 -0.262232 2.537380 1.000000
0.083145 -0.270204 2.815214 1.000000
-0.375473 -0.311164 2.564287 0.492788
0.093681 -0.331034 2.828374 0.762019
-0.282821 -0.570233 2.677694 1.000000
-0.035125 -0.569152 2.676929 1.000000
-0.332210 -0.977100 2.778216 1.000000
0.029589 -0.976760 2.764973 1.000000
-0.280171 -1.017180 2.641557 0.230769
0.084080 -0.998315 2.625129 0.019231
-0.167929 0.519057 2.524021 1.000000
-0.350540 0.294291 2.596745 1.000000
-0.032403 0.270667 2.695674 1.000000
-0.160107 0.335104 2.557915 0.000000
-0.222441 0.147629 2.713601 0.000000
-0.327861 -0.057995 2.574065 0.971154
-0.015824 -0.044768 2.674329 0.048077
-0.206482 -0.046717 2.731385 0.000000
-0.399577 0.019507 2.605566 1.000000
0.006895 -0.001860 2.742298 0.846154
-0.386221 -0.260293 2.518291 1.000000
0.053722 -0.290724 2.721140 1.000000
-0.367993 -0.319724 2.507329 0.341346
0.031581 -0.349796 2.723326 0.442308
-0.282100 -0.573036 2.682445 1.000000
-0.039190 -0.569877 2.682145 1.000000
-0.327587 -0.982330 2.774605 1.000000
0.030700 -0.977164 2.767685 1.000000
-0.281785 -1.018907 2.634768 0.192308
0.078122 -0.998926 2.625321 0.000000
-0.153449 0.525036 2.536710 0.802885
-0.353851 0.293584 2.625885 1.000000
-0.024087 0.281841 2.677595 1.000000
-0.172730 0.342229 2.560563 0.000000
-0.204701 0.151218 2.721072 0.000000
-0.347735 -0.044166 2.597884 0.528846
-0.022712 -0.051183 2.641537 0.182692
-0.200039 -0.040186 2.731225 0.000000
-0.391021 0.018360 2.616927 1.000000
0.012806 0.009626 2.719406 1.000000
-0.358607 -0.244240 2.493581 1.000000
0.019916 -0.274824 2.654130 1.000000
-0.355515 -0.303514 2.472096 0.223558
0.014552 -0.336754 2.643153 0.408654
-0.277561 -0.567183 2.685936 1.000000
-0.036724 -0.566071 2.685254 1.000000
-0.327450 -0.976065 2.777644 1.000000
0.036150 -0.973757 2.766283 1.000000
-0.307088 -1.011310 2.631585 0.269231
0.058413 -0.999156 2.618468 0.000000
-0.174007 0.526684 2.531895 0.879808
-0.348170 0.292974 2.646030 1.000000
-0.014812 0.286707 2.665757 1.000000
-0.174997 0.344232 2.563435 0.000000
-0.188250 0.153400 2.726770 0.000000
-0.345243 -0.045623 2.620210 0.250000
-0.017263 -0.048619 2.616284 0.365385
-0.179855 -0.041630 2.730848 0.000000
-0.391973 0.019235 2.625418 1.000000
0.019882 0.015165 2.714103 1.000000
-0.333686 -0.237597 2.499177 1.000000
0.031643 -0.272586 2.665544 1.000000
-0.337820 -0.287145 2.460287 0.274038
0.016801 -0.323957 2.631999 0.341346
-0.282398 -0.568278 2.686953 1.000000
-0.040750 -0.565845 2.679978 1.000000
-0.319293 -0.977909 2.781427 1.000000
0.034010 -0.972103 2.766286 1.000000
-0.321651 -1.011778 2.633652 0.211538
0.033731 -1.003661 2.617982 0.000000
-0.160015 0.527667 2.535194 0.826923
