-0.380879 0.399215 2.777710 1.000000
0.061654 0.374378 2.662332 1.000000
-0.175543 0.479196 2.639030 0.000000
-0.153351 0.228657 2.778081 0.000000
-0.381272 0.027953 2.712016 0.134615
0.017110 0.014386 2.606248 0.682692
-0.144415 0.014178 2.801899 0.000000
-0.427571 0.140724 2.670376 1.000000
0.106736 0.097813 2.707032 1.000000
-0.406135 -0.167726 2.619424 1.000000
0.056981 -0.202448 2.632440 1.000000
-0.355808 -0.224935 2.572003 0.812500
0.039951 -0.278678 2.676637 0.762019
-0.255628 -0.600791 2.683088 1.000000
-0.019542 -0.593115 2.709431 1.000000
-0.278619 -1.092199 2.753791 1.000000
-0.000707 -1.089225 2.732427 1.000000
-0.325234 -1.121426 2.535492 0.000000
-0.059287 -1.101509 2.515404 0.000000
-0.137077 0.707743 2.616605 1.000000
-0.384779 0.393666 2.771507 1.000000
0.059278 0.371134 2.661644 1.000000
-0.178400 0.473928 2.634547 0.000000
-0.156000 0.224853 2.776170 0.000000
-0.381802 0.029524 2.717780 0.125000
0.014561 0.015802 2.604698 0.663462
-0.143388 0.014526 2.803243 0.000000
-0.429991 0.131202 2.674794 1.000000
0.107380 0.095605 2.706967 1.000000
-0.406334 -0.176330 2.622106 1.000000
0.052124 -0.200930 2.623749 1.000000
-0.352652 -0.237589 2.584424 0.711538
0.036026 -0.279473 2.664076 0.778846
-0.255238 -0.599189 2.676788 1.000000
-0.018961 -0.591928 2.703416 1.000000
-0.274291 -1.089455 2.756063 1.000000
-0.009942 -1.087792 2.735765 1.000000
-0.320520 -1.122873 2.538285 0.000000
-0.070465 -1.103004 2.519462 0.000000
-0.126109 0.699383 2.611437 1.000000
-0.387434 0.401339 2.781565 1.000000
0.054884 0.378274 2.665003 1.000000
-0.182183 0.483927 2.644296 0.000000
-0.160174 0.230463 2.777968 0.000000
-0.378628 0.038825 2.717690 0.086538
0.016324 0.018563 2.600726 0.701923
-0.139593 0.021075 2.800858 0.000000
-0.427719 0.141972 2.675833 1.000000
0.110176 0.102513 2.696171 1.000000
-0.408284 -0.166353 2.628802 1.000000
0.053239 -0.195112 2.619806 1.000000
-0.359296 -0.222962 2.579304 0.930288
0.041333 -0.270073 2.667697 0.829327
-0.256020 -0.591709 2.670290 1.000000
-0.017761 -0.586966 2.701431 1.000000
-0.254472 -1.078336 2.771287 0.678606
-0.013538 -1.082250 2.742476 1.000000
-0.296992 -1.123391 2.554854 0.000000
-0.075606 -1.100648 2.526860 0.000000
-0.150436 0.708043 2.609152 1.000000
-0.385022 0.390105 2.791109 1.000000
0.051429 0.373428 2.653282 1.000000
-0.187057 0.477685 2.646432 0.000000
-0.157043 0.221171 2.772514 0.000000
-0.378204 0.034088 2.724200 0.057692
0.013160 0.020997 2.594810 0.961538
-0.136485 0.018443 2.799676 0.000000
-0.430450 0.132721 2.681738 1.000000
0.112117 0.098719 2.686805 1.000000
-0.406829 -0.175217 2.631603 1.000000
0.050242 -0.199200 2.613918 1.000000
-0.376351 -0.232865 2.569942 0.475962
0.041999 -0.275299 2.660774 0.812500
-0.254827 -0.594407 2.674435 1.000000
-0.021944 -0.587028 2.701244 1.000000
-0.278404 -1.085447 2.747459 1.000000
-0.004512 -1.082287 2.738968 1.000000
-0.334128 -1.114911 2.531339 0.000000
-0.075000 -1.100991 2.525982 0.000000
-0.150553 0.699652 2.607577 1.000000
-0.388690 0.395069 2.793503 1.000000
0.047396 0.382161 2.654125 1.000000
-0.192123 0.484055 2.647781 0.000000
-0.159137 0.228306 2.774673 0.000000
-0.377779 0.032361 2.716401 0.067308
0.016297 0.019089 2.595544 0.721154
-0.137687 0.018218 2.797181 0.000000
-0.434888 0.137396 2.686776 1.000000
0.106214 0.107534 2.686383 1.000000
-0.409056 -0.169737 2.637082 1.000000
0.056077 -0.189700 2.605108 1.000000
-0.388358 -0.244124 2.591338 0.509615
0.017222 -0.260428 2.644380 0.728365
-0.256661 -0.596307 2.674398 1.000000
-0.019708 -0.589075 2.699849 1.000000
-0.268053 -1.086717 2.754254 0.875481
-0.006593 -1.083922 2.744156 1.000000
-0.322303 -1.120605 2.538407 0.000000
-0.071478 -1.104853 2.529603 0.000000
-0.165494 0.708315 2.609375 1.000000
-0.395024 0.395923 2.790383 1.000000
0.042212 0.384577 2.654514 1.000000
-0.198012 0.484551 2.645045 0.000000
-0.164082 0.230691 2.775431 0.000000
-0.375662 0.031037 2.713704 0.038462
0.018847 0.025556 2.593657 0.663462
-0.135498 0.021869 2.794986 0.000000
-0.433459 0.136055 2.686107 1.000000
0.096595 0.108600 2.682099 1.000000
-0.407208 -0.172185 2.644641 1.000000
0.073781 -0.178605 2.562042 1.000000
-0.387995 -0.229959 2.578707 0.677885
0.020198 -0.243328 2.593573 0.543269
-0.257015 -0.595332 2.672112 1.000000
-0.023105 -0.586689 2.696475 1.000000
-0.277749 -1.084811 2.755716 1.000000
-0.008286 -1.081579 2.739753 1.000000
-0.337184 -1.118920 2.541274 0.000000
-0.072641 -1.102284 2.525017 0.000000
-0.161421 0.708276 2.607350 1.000000
-0.389791 0.392980 2.766718 1.000000
0.053833 0.372625 2.654700 1.000000
-0.184653 0.473681 2.628162 0.000000
-0.159886 0.225701 2.771304 0.000000
-0.367795 0.024433 2.691333 0.115385
0.035545 0.019995 2.605447 1.000000
-0.135400 0.017821 2.792912 0.000000
-0.427098 0.120648 2.701661 1.000000
0.095689 0.094253 2.678063 1.000000
-0.410651 -0.182990 2.632085 1.000000
0.138135 -0.097530 2.435731 1.000000
-0.395433 -0.250870 2.575382 0.442308
0.085144 -0.167463 2.416870 0.762019
-0.258519 -0.601419 2.674768 1.000000
-0.022115 -0.595156 2.695019 1.000000
-0.267672 -1.093825 2.741561 1.000000
-0.009724 -1.089406 2.745730 1.000000
-0.314473 -1.122570 2.523238 0.000000
-0.055187 -1.113038 2.526514 0.000000
-0.152193 0.704138 2.606044 1.000000
-0.391689 0.396616 2.767330 1.000000
0.053593 0.375922 2.662162 1.000000
-0.184018 0.478375 2.633240 0.000000
-0.162577 0.228294 2.773228 0.000000
-0.370367 0.024360 2.687185 0.201923
0.034650 0.025039 2.609471 1.000000
-0.140013 0.019508 2.793406 0.000000
-0.428712 0.125716 2.701906 1.000000
0.118498 0.102681 2.674982 1.000000
-0.411272 -0.176683 2.633779 1.000000
0.178447 0.041255 2.376613 1.000000
-0.397152 -0.252432 2.587767 0.391827
0.150600 -0.029784 2.329365 1.000000
-0.257659 -0.599936 2.675002 1.000000
-0.023274 -0.591278 2.699925 1.000000
-0.270514 -1.091716 2.745683 1.000000
-0.007171 -1.085489 2.749978 1.000000
-0.312538 -1.122103 2.526613 0.000000
-0.048319 -1.109118 2.529911 0.000000
-0.165850 0.706950 2.613307 1.000000
-0.390506 0.403871 2.754544 1.000000
0.057644 0.373058 2.665234 1.000000
-0.177620 0.476457 2.623385 0.000000
-0.163812 0.233611 2.776460 0.000000
-0.374411 0.022007 2.680350 0.115385
0.031631 0.028339 2.608453 1.000000
-0.145561 0.020697 2.789876 0.000000
-0.428692 0.130758 2.705669 1.000000
0.132995 0.103973 2.646435 1.000000
-0.415354 -0.171290 2.640482 1.000000
0.197536 0.159461 2.349088 0.644231
-0.392068 -0.227622 2.574612 0.745192
0.195257 0.103744 2.278769 0.980769
-0.258033 -0.600540 2.671794 1.000000
-0.024374 -0.589144 2.700935 1.000000
-0.273050 -1.090607 2.753141 1.000000
-0.005785 -1.084245 2.740156 1.000000
-0.311386 -1.125789 2.534112 0.000000
-0.044039 -1.103192 2.519116 0.000000
-0.165363 0.714516 2.610765 1.000000
-0.382756 0.398462 2.736501 1.000000
0.068526 0.371349 2.663194 1.000000
-0.167118 0.467247 2.607812 0.000000
-0.153812 0.234458 2.775827 0.000000
-0.370954 0.017940 2.673519 0.278846
0.036995 0.025849 2.613573 1.000000
-0.145425 0.018144 2.789735 0.000000
-0.424785 0.126695 2.706190 1.000000
0.157333 0.115627 2.606080 1.000000
-0.410566 -0.170357 2.636144 1.000000
0.225557 0.253394 2.342046 0.788462
-0.402649 -0.227058 2.567031 0.509615
0.227598 0.248009 2.252485 1.000000
-0.254191 -0.604002 2.672542 1.000000
-0.022245 -0.592996 2.699482 1.000000
-0.275259 -1.095292 2.744644 1.000000
-0.000369 -1.087338 2.745916 1.000000
-0.307211 -1.126309 2.523967 0.000000
-0.031941 -1.109568 2.524127 0.000000
-0.154281 0.700781 2.613133 1.000000
-0.345283 0.413602 2.694507 1.000000
0.108951 0.358611 2.674219 1.000000
-0.114221 0.456325 2.582360 0.014423
-0.130862 0.246624 2.778180 0.000000
-0.366803 0.013153 2.649373 0.375000
0.045335 0.014216 2.634532 1.000000
-0.155414 0.013125 2.789673 0.000000
-0.421238 0.146713 2.714776 1.000000
0.174921 0.111424 2.564871 1.000000
-0.409845 -0.149312 2.633256 1.000000
0.239567 0.312003 2.341275 1.000000
-0.415882 -0.238650 2.627203 0.560096
0.240027 0.321626 2.252048 0.980769
-0.256289 -0.610047 2.679414 1.000000
-0.020244 -0.604333 2.697164 1.000000
-0.277676 -1.102694 2.741465 1.000000
-0.005463 -1.099239 2.740281 1.000000
-0.285979 -1.130453 2.518213 0.000000
-0.012177 -1.118968 2.516122 0.000000
-0.183789 0.721256 2.622197 1.000000
-0.347394 0.403618 2.682924 1.000000
0.108147 0.356869 2.675133 1.000000
-0.114694 0.445785 2.574001 0.000000
-0.131798 0.244975 2.778890 0.000000
-0.361301 0.014964 2.643379 0.548077
0.051015 0.009058 2.637136 1.000000
-0.152885 0.013447 2.788050 0.000000
-0.412480 0.132105 2.713317 1.000000
0.212838 0.135614 2.537420 1.000000
-0.406112 -0.168113 2.635687 1.000000
0.245427 0.381920 2.351762 1.000000
-0.383722 -0.235624 2.580958 0.644231
0.249002 0.388629 2.262338 1.000000
-0.256355 -0.610053 2.679329 1.000000
-0.015019 -0.607281 2.696578 1.000000
-0.278968 -1.102237 2.744541 1.000000
-0.006692 -1.101728 2.746195 1.000000
-0.283035 -1.131618 2.521379 0.000000
-0.007892 -1.124226 2.522200 0.000000
-0.188890 0.719681 2.631254 1.000000
-0.353277 0.402536 2.700049 1.000000
0.102386 0.376595 2.661809 1.000000
-0.129747 0.462027 2.580522 0.000000
-0.125896 0.247616 2.771858 0.000000
-0.359252 0.018859 2.649832 0.307692
0.052726 0.015672 2.631304 1.000000
-0.146626 0.016614 2.788235 0.000000
-0.410994 0.127473 2.714023 1.000000
0.295656 0.268284 2.488312 1.000000
-0.399195 -0.171861 2.631365 1.000000
0.256090 0.534605 2.333135 1.000000
-0.362002 -0.229497 2.573494 0.593750
0.269477 0.547220 2.245294 1.000000
-0.253701 -0.605220 2.683289 1.000000
-0.021098 -0.602512 2.693824 1.000000
-0.276936 -1.098327 2.740865 1.000000
-0.001701 -1.095407 2.754546 1.000000
-0.287446 -1.123918 2.517446 0.000000
-0.010508 -1.123254 2.531323 0.000000
-0.205695 0.715500 2.627104 1.000000
-0.350626 0.406346 2.697358 1.000000
0.103852 0.373789 2.650948 1.000000
-0.128614 0.461358 2.572954 0.000000
-0.124011 0.249250 2.766824 0.000000
-0.353997 0.028662 2.655050 0.298077
0.056730 0.012096 2.621774 0.875000
-0.136687 0.020630 2.785746 0.000000
-0.407981 0.133793 2.717884 1.000000
0.325138 0.344863 2.483044 1.000000
-0.407653 -0.165508 2.643455 1.000000
0.247110 0.618138 2.363240 1.000000
-0.363226 -0.235110 2.608295 0.930288
0.277139 0.652174 2.285818 1.000000
-0.258219 -0.599459 2.679644 1.000000
-0.018239 -0.601306 2.692801 1.000000
-0.265413 -1.092409 2.742557 1.000000
-0.007178 -1.094265 2.755076 1.000000
-0.285338 -1.120511 2.520083 0.000000
-0.024272 -1.122776 2.532419 0.000000
-0.212660 0.718567 2.630950 1.000000
-0.348676 0.410473 2.707968 1.000000
0.096446 0.379007 2.633667 1.000000
-0.135313 0.464732 2.568958 0.000000
-0.117542 0.254727 2.764352 0.000000
-0.350415 0.034811 2.667565 0.201923
0.056589 0.007066 2.607097 1.000000
-0.125235 0.020268 2.783549 0.000000
-0.404639 0.135287 2.710521 1.000000
0.326634 0.441989 2.485639 1.000000
-0.405694 -0.167027 2.641339 1.000000
0.240780 0.711597 2.358666 1.000000
-0.376480 -0.241761 2.601142 0.862981
0.298777 0.769006 2.321318 1.000000
-0.259698 -0.596853 2.677416 1.000000
-0.024083 -0.602285 2.694024 1.000000
-0.266433 -1.088860 2.747361 0.931731
-0.003073 -1.097021 2.736496 1.000000
-0.301087 -1.119703 2.527068 0.000000
-0.038135 -1.117519 2.515065 0.000000
-0.210799 0.714049 2.631056 1.000000
-0.356203 0.399794 2.718239 1.000000
0.082058 0.391562 2.624951 1.000000
-0.151784 0.468608 2.572399 0.000000
-0.116098 0.253024 2.759073 0.000000
-0.347158 0.038565 2.681236 0.144231
0.054664 0.015201 2.591393 1.000000
-0.114105 0.024911 2.780581 0.000000
-0.401821 0.120656 2.713593 1.000000
0.284104 0.526938 2.480480 1.000000
-0.400525 -0.181576 2.634571 1.000000
0.301859 0.830001 2.406808 1.000000
-0.387433 -0.260867 2.594621 0.475962
0.305739 0.917277 2.386259 0.000000
-0.260662 -0.591731 2.679361 1.000000
-0.026427 -0.595710 2.688506 1.000000
-0.271645 -1.083314 2.751714 1.000000
-0.005918 -1.089018 2.745382 1.000000
-0.322618 -1.114129 2.534611 0.000000
-0.056271 -1.116215 2.527652 0.000000
-0.206347 0.715092 2.630341 1.000000
-0.363366 0.386632 2.726238 1.000000
0.069847 0.397006 2.608265 1.000000
-0.170973 0.461392 2.567532 0.000000
-0.114442 0.252603 2.756763 0.000000
-0.347512 0.035075 2.689718 0.096154
0.049139 0.009990 2.579640 1.000000
-0.109711 0.021651 2.777124 0.000000
-0.403011 0.105433 2.718656 1.000000
0.285672 0.527937 2.477964 1.000000
-0.404161 -0.196376 2.633039 1.000000
0.303497 0.836764 2.425724 1.000000
-0.362386 -0.255722 2.580244 0.459135
0.307399 0.918964 2.389915 0.206731
-0.262640 -0.595835 2.678422 1.000000
-0.021856 -0.598546 2.690737 1.000000
-0.273611 -1.087754 2.748447 1.000000
-0.007718 -1.092229 2.746285 1.000000
-0.335336 -1.116915 2.533922 0.000000
-0.069104 -1.118182 2.531251 0.000000
-0.200726 0.713871 2.638363 1.000000
-0.369565 0.381321 2.739038 1.000000
0.059542 0.392569 2.605065 1.000000
-0.182955 0.458243 2.574564 0.000000
-0.120112 0.246150 2.758041 0.000000
-0.341025 0.039903 2.694474 0.000000
0.050334 0.006185 2.568856 1.000000
-0.100370 0.020554 2.772452 0.000000
-0.394259 0.097948 2.718814 1.000000
0.269534 0.518623 2.459008 1.000000
-0.406484 -0.202801 2.626218 1.000000
0.303932 0.825051 2.395039 1.000000
-0.342644 -0.263761 2.610008 0.408654
0.342184 0.882474 2.452431 0.728365
-0.262858 -0.593363 2.677678 1.000000
-0.020892 -0.598608 2.690233 1.000000
-0.268996 -1.080659 2.775216 0.900481
-0.007632 -1.093427 2.734803 1.000000
-0.338539 -1.121840 2.565099 0.000000
-0.079015 -1.114478 2.522336 0.000000
-0.189924 0.724083 2.634578 1.000000
-0.359418 0.372703 2.737912 1.000000
0.068193 0.404468 2.593346 1.000000
-0.180634 0.457117 2.568493 0.000000
-0.103004 0.250675 2.752754 0.000000
-0.343733 0.032694 2.698637 0.000000
0.045881 0.021713 2.563880 1.000000
-0.100777 0.021798 2.770910 0.000000
-0.397588 0.088997 2.724072 1.000000
0.263414 0.501162 2.407129 1.000000
-0.395133 -0.213091 2.629692 1.000000
0.324741 0.800168 2.323431 1.000000
-0.397979 -0.298420 2.602027 0.173077
0.347250 0.861895 2.384567 0.745192
-0.261200 -0.593751 2.681299 1.000000
-0.022704 -0.590307 2.687216 1.000000
-0.276396 -1.086210 2.746590 1.000000
-0.018108 -1.082608 2.755237 0.834856
-0.351311 -1.111838 2.535848 0.000000
-0.090848 -1.112434 2.544286 0.000000
-0.183552 0.725812 2.644818 0.961538
-0.361773 0.357765 2.751907 1.000000
0.058549 0.404943 2.582320 1.000000
-0.196133 0.447008 2.571931 0.000000
-0.100213 0.246223 2.753815 0.000000
-0.342307 0.032832 2.713947 0.000000
0.038681 0.006174 2.558330 1.000000
-0.096237 0.014701 2.773026 0.000000
-0.406331 0.075011 2.725768 1.000000
0.249524 0.461114 2.374975 1.000000
-0.390427 -0.226450 2.627651 1.000000
0.319290 0.743312 2.247478 1.000000
-0.387602 -0.311768 2.599950 0.000000
0.360417 0.809910 2.291384 0.661058
-0.262057 -0.598825 2.680726 1.000000
-0.024394 -0.600456 2.687755 1.000000
-0.263296 -1.087692 2.770262 0.778606
-0.007584 -1.094860 2.735616 1.000000
-0.348931 -1.124990 2.565428 0.000000
-0.094527 -1.117796 2.529228 0.000000
-0.178108 0.728817 2.639441 1.000000
-0.361617 0.357989 2.752688 1.000000
0.060953 0.399087 2.580904 1.000000
-0.195270 0.444511 2.572038 0.000000
-0.101651 0.242773 2.754066 0.000000
-0.344085 0.024781 2.711444 0.000000
0.036601 0.003095 2.554325 1.000000
-0.097420 0.012519 2.769544 0.000000
-0.408859 0.074441 2.732105 1.000000
0.219612 0.416769 2.340968 1.000000
-0.387017 -0.228097 2.635752 1.000000
0.295976 0.668674 2.162076 1.000000
-0.384059 -0.311858 2.603665 0.173077
0.321408 0.736430 2.109003 0.223558
-0.263581 -0.605154 2.683589 1.000000
-0.023053 -0.603754 2.693686 1.000000
-0.267975 -1.098643 2.742390 1.000000
-0.007325 -1.098473 2.738574 1.000000
-0.355204 -1.122433 2.536219 0.000000
-0.094798 -1.119974 2.532255 0.000000
-0.171051 0.727896 2.651475 0.956731
-0.336090 0.379902 2.716831 1.000000
0.108141 0.388038 2.605673 0.000000
-0.140438 0.450886 2.560391 0.000000
-0.087757 0.247029 2.756003 0.000000
-0.342319 0.023239 2.681626 0.067308
0.056517 -0.003103 2.580065 1.000000
-0.106187 0.014132 2.773973 0.000000
-0.396034 0.098205 2.743012 1.000000
0.131997 0.240274 2.358229 1.000000
-0.394802 -0.210356 2.660658 1.000000
0.146976 0.420228 2.094816 1.000000
-0.406126 -0.294254 2.630871 0.189904
0.147494 0.433703 2.006089 0.795673
-0.259430 -0.606960 2.690899 1.000000
-0.019556 -0.611050 2.695894 1.000000
-0.272819 -1.100854 2.744734 1.000000
-0.013198 -1.106358 2.736367 1.000000
-0.330038 -1.122914 2.528122 0.000000
-0.070397 -1.124821 2.519414 0.000000
-0.164785 0.731001 2.640423 0.673077
-0.321960 0.390073 2.709087 1.000000
0.120548 0.363846 2.593925 1.000000
-0.125025 0.435083 2.544824 0.000000
-0.080350 0.248659 2.758943 0.000000
-0.337519 0.029395 2.683498 0.163462
0.060179 -0.009687 2.581577 0.990385
-0.101884 0.010828 2.775701 0.000000
-0.394814 0.112695 2.748634 1.000000
0.115340 0.199030 2.355978 0.600000
-0.393663 -0.201226 2.688109 1.000000
-0.007496 0.283300 2.073098 1.000000
-0.382271 -0.266869 2.627979 0.408654
-0.064972 0.227152 2.033118 1.000000
-0.256126 -0.604912 2.688383 1.000000
-0.014052 -0.613252 2.693844 1.000000
-0.268507 -1.099062 2.740067 1.000000
-0.012794 -1.107788 2.743252 1.000000
-0.322851 -1.120441 2.522648 0.000000
-0.070529 -1.129566 2.526749 0.000000
-0.181602 0.730714 2.622962 0.879808
-0.360829 0.380221 2.815446 1.000000
0.031335 0.391171 2.579117 1.000000
-0.217834 0.458895 2.612580 0.014423
-0.115545 0.242981 2.772314 0.000000
-0.323667 0.030382 2.747425 0.000000
0.027123 0.004657 2.532103 1.000000
-0.071185 0.013521 2.765826 0.000000
-0.391261 0.102214 2.742982 1.000000
0.060999 0.182766 2.381248 1.000000
-0.384699 -0.209988 2.677582 1.000000
-0.198282 0.175338 2.195482 1.000000
-0.382204 -0.290915 2.638865 0.240385
-0.254560 0.105749 2.202154 1.000000
-0.255839 -0.600744 2.681627 1.000000
-0.011711 -0.597955 2.695348 1.000000
-0.268677 -1.094706 2.734970 1.000000
-0.007980 -1.093567 2.732271 1.000000
-0.385052 -1.112404 2.543072 0.000000
-0.127069 -1.108652 2.541820 0.000000
-0.182091 0.718982 2.623108 0.995192
-0.349822 0.376873 2.852127 1.000000
0.006316 0.411221 2.566209 1.000000
-0.234803 0.475598 2.640430 0.000000
-0.114975 0.244337 2.761906 0.000000
-0.314828 0.026325 2.772134 0.000000
0.002441 0.026762 2.508659 1.000000
-0.061783 0.022904 2.754077 0.000000
-0.393925 0.109552 2.755854 0.846154
0.018222 0.194159 2.378016 1.000000
-0.386363 -0.199612 2.683837 1.000000
-0.287296 0.274161 2.345079 1.000000
-0.372756 -0.284515 2.709543 0.408654
-0.355263 0.218892 2.364578 1.000000
-0.254918 -0.596605 2.682852 1.000000
-0.017354 -0.581317 2.694930 1.000000
-0.270200 -1.090804 2.733280 1.000000
-0.005503 -1.076373 2.737221 1.000000
-0.413815 -1.104002 2.560416 0.000000
-0.147860 -1.094597 2.563775 0.000000
-0.163701 0.716908 2.610125 1.000000
-0.404563 0.359461 2.754946 0.000000
0.018980 0.415677 2.589977 1.000000
-0.239903 0.429067 2.565647 0.216346
-0.134132 0.277003 2.785388 0.000000
-0.339056 0.036089 2.699124 0.000000
0.049375 0.023287 2.561152 1.000000
-0.095342 0.030473 2.769419 0.000000
-0.382504 0.074208 2.759349 1.000000
-0.031547 0.269509 2.349233 1.000000
-0.388923 -0.233190 2.686430 1.000000
-0.317704 0.402671 2.364518 1.000000
-0.398422 -0.319614 2.664179 0.004808
-0.400067 0.378826 2.391016 1.000000
-0.252176 -0.590825 2.688686 1.000000
-0.018836 -0.588667 2.687335 1.000000
-0.255268 -1.081423 2.768139 0.756731
-0.006357 -1.082286 2.743846 1.000000
-0.332223 -1.114772 2.559221 0.000000
-0.081875 -1.108292 2.533366 0.000000
-0.195405 0.754657 2.631954 0.610577
-0.333501 0.386562 2.821944 1.000000
0.010322 0.394070 2.519464 1.000000
-0.234614 0.448328 2.589139 0.000000
-0.087792 0.262020 2.751403 0.000000
-0.314379 0.031893 2.771613 0.000000
-0.003416 0.013335 2.501361 1.000000
-0.061908 0.023429 2.748032 0.000000
-0.386241 0.114703 2.751006 1.000000
-0.100828 0.339406 2.261825 1.000000
-0.387502 -0.196972 2.700807 1.000000
-0.308041 0.544753 2.382483 1.000000
-0.392440 -0.286502 2.704612 0.189904
-0.379561 0.522448 2.431896 0.492788
-0.259616 -0.596405 2.685158 1.000000
-0.017897 -0.588485 2.693301 1.000000
-0.267609 -1.090350 2.739596 1.000000
-0.006521 -1.083091 2.740668 1.000000
-0.414423 -1.106697 2.569715 0.000000
-0.154239 -1.102650 2.571914 0.000000
-0.195217 0.729451 2.634866 0.735577
-0.327452 0.383876 2.831923 1.000000
0.002669 0.390285 2.525252 1.000000
-0.232813 0.450501 2.598692 0.000000
-0.088306 0.253574 2.750133 0.000000
-0.317881 0.016451 2.780677 0.000000
-0.016328 0.012730 2.499375 1.000000
-0.066277 0.014205 2.748117 0.000000
-0.385599 0.117784 2.749065 1.000000
-0.115539 0.485590 2.284430 1.000000
-0.386412 -0.191568 2.692963 1.000000
-0.321892 0.691073 2.402928 1.000000
-0.347396 -0.246014 2.633232 0.560096
-0.384265 0.747247 2.434685 0.442308
-0.262210 -0.607508 2.685078 1.000000
-0.017678 -0.592712 2.689846 1.000000
-0.274347 -1.101344 2.739733 1.000000
-0.011226 -1.087626 2.734869 1.000000
-0.426994 -1.115835 2.574899 0.000000
-0.162950 -1.104654 2.569427 0.000000
-0.180476 0.741002 2.655191 0.581731
-0.327726 0.390864 2.839426 1.000000
0.003495 0.397501 2.534508 1.000000
-0.229823 0.462980 2.609195 0.000000
-0.092837 0.255585 2.753484 0.000000
-0.322027 0.022024 2.776559 0.000000
-0.015691 0.021610 2.500449 1.000000
-0.069894 0.021951 2.748303 0.000000
-0.386214 0.129300 2.746556 1.000000
-0.099572 0.511804 2.296237 1.000000
-0.386542 -0.180683 2.701412 1.000000
-0.289025 0.746944 2.379570 1.000000
-0.350419 -0.233894 2.638817 1.000000
-0.341044 0.798714 2.431225 0.492788
-0.261398 -0.600947 2.677662 1.000000
-0.017461 -0.584992 2.688172 1.000000
-0.269067 -1.094561 2.735065 1.000000
-0.010160 -1.078961 2.742487 1.000000
-0.418450 -1.111724 2.567520 0.000000
-0.158239 -1.099655 2.574185 0.000000
-0.192783 0.721665 2.674379 0.000000
-0.326916 0.390354 2.845913 1.000000
0.000560 0.392517 2.536995 1.000000
-0.229843 0.463324 2.615600 0.000000
-0.097009 0.249918 2.754919 0.000000
-0.320934 0.024126 2.774409 0.000000
-0.015558 0.019949 2.497269 1.000000
-0.068906 0.022095 2.745299 0.000000
-0.387968 0.133579 2.741134 1.000000
-0.077736 0.512313 2.291724 1.000000
-0.386141 -0.174125 2.680642 1.000000
-0.254058 0.765267 2.348898 1.000000
-0.351071 -0.244942 2.638104 1.000000
-0.304453 0.811136 2.407300 0.324519
-0.260224 -0.599849 2.670647 1.000000
-0.016208 -0.584734 2.688181 1.000000
-0.275226 -1.090912 2.745757 1.000000
-0.006156 -1.079684 2.732147 1.000000
-0.422754 -1.112209 2.577046 0.000000
-0.155879 -1.097574 2.564981 0.000000
-0.231791 0.702404 2.649785 0.009615
-0.332132 0.395224 2.848497 1.000000
-0.003917 0.357314 2.543890 1.000000
-0.227570 0.450220 2.616475 0.000000
-0.114123 0.232451 2.765818 0.000000
-0.317526 0.009699 2.770411 0.000000
-0.013225 0.000049 2.492227 1.000000
-0.065620 0.006222 2.740393 0.000000
-0.394199 0.141105 2.736492 1.000000
-0.026919 0.473818 2.285293 1.000000
-0.381959 -0.166527 2.673517 1.000000
-0.218854 0.722402 2.274346 1.000000
-0.357212 -0.239663 2.627767 0.896635
-0.239470 0.800353 2.313754 0.627404
-0.258216 -0.615986 2.671999 1.000000
-0.013497 -0.601655 2.690594 1.000000
-0.273794 -1.107731 2.742378 1.000000
-0.007502 -1.096402 2.737479 1.000000
-0.422622 -1.127033 2.574572 0.000000
-0.158040 -1.114001 2.571017 0.000000
-0.267197 0.679600 2.625975 0.125000
-0.321658 0.423053 2.825727 1.000000
0.030646 0.354561 2.551113 0.788462
-0.194752 0.462553 2.601837 0.000000
-0.106921 0.245609 2.768625 0.000000
-0.324753 0.020524 2.753132 0.000000
0.003039 0.000126 2.503703 1.000000
-0.071388 0.009311 2.746078 0.000000
-0.395562 0.159002 2.735218 1.000000
0.006776 0.424629 2.272011 1.000000
-0.381416 -0.154191 2.676965 1.000000
-0.182667 0.663152 2.177663 1.000000
-0.366451 -0.229930 2.631203 1.000000
-0.236468 0.730481 2.152630 0.000000
-0.252754 -0.609080 2.664719 1.000000
-0.007681 -0.597915 2.694431 1.000000
-0.281369 -1.096153 2.759323 1.000000
-0.012759 -1.093658 2.729388 1.000000
-0.407935 -1.124458 2.575310 0.000000
-0.149008 -1.104875 2.550527 0.000000
-0.293537 0.665954 2.628528 0.240385
-0.337422 0.378084 2.732978 1.000000
0.095228 0.328455 2.592360 0.115385
-0.145923 0.420840 2.561829 0.000000
-0.105207 0.216099 2.759364 0.000000
-0.338907 0.017620 2.693732 0.000000
0.051481 -0.015723 2.565028 1.000000
-0.097471 0.000435 2.769777 0.000000
-0.398931 0.092230 2.731716 1.000000
0.070788 0.315719 2.301262 1.000000
-0.390200 -0.214779 2.632021 1.000000
-0.074195 0.495888 2.075898 1.000000
-0.389014 -0.276756 2.567122 0.105769
-0.104836 0.539313 2.003581 0.088942
-0.245925 -0.616404 2.667845 1.000000
-0.006310 -0.617751 2.696383 1.000000
-0.279753 -1.105327 2.750419 1.000000
-0.017796 -1.113235 2.733433 1.000000
-0.338487 -1.137562 2.535495 0.000000
-0.088927 -1.127522 2.520318 0.000000
-0.261069 0.651679 2.621903 0.817308
-0.313967 0.403458 2.673048 1.000000
0.140788 0.352051 2.655193 0.500000
-0.083192 0.444129 2.559556 0.062500
-0.098074 0.241778 2.763098 0.000000
-0.341830 0.018788 2.625450 0.442308
0.069679 -0.007654 2.619131 1.000000
-0.133224 0.014687 2.769798 0.000000
-0.398725 0.132526 2.738104 1.000000
0.075302 0.230571 2.398728 1.000000
-0.394438 -0.175350 2.645165 1.000000
0.141845 0.235790 2.084104 0.298077
-0.384975 -0.264594 2.644557 0.425481
0.198439 0.173509 2.052918 1.000000
-0.248964 -0.610893 2.676010 1.000000
-0.009746 -0.616568 2.696181 1.000000
-0.271806 -1.102672 2.744126 1.000000
-0.008761 -1.112147 2.733718 1.000000
-0.275111 -1.133405 2.521133 0.000000
-0.012406 -1.129155 2.509266 0.000000
-0.161960 0.723053 2.604495 1.000000
-0.385603 0.370023 2.799376 1.000000
0.024963 0.404136 2.599287 1.000000
-0.228109 0.463474 2.614296 0.038462
-0.133452 0.241735 2.770722 0.000000
-0.345313 0.023041 2.717330 0.000000
0.023440 0.022816 2.532666 1.000000
-0.094750 0.024180 2.757164 0.000000
-0.409813 0.089286 2.725510 1.000000
0.161157 0.175310 2.481196 1.000000
-0.399132 -0.219041 2.634370 1.000000
0.320525 0.113014 2.208786 1.000000
-0.400730 -0.304863 2.608172 0.038462
0.364309 0.034884 2.203043 1.000000
-0.252775 -0.601030 2.669021 1.000000
-0.010996 -0.586889 2.689512 1.000000
-0.283105 -1.091057 2.746238 1.000000
-0.009418 -1.081181 2.741295 1.000000
-0.381891 -1.116565 2.545559 0.000000
-0.107865 -1.102587 2.539972 0.000000
-0.151702 0.715159 2.597398 1.000000
-0.383336 0.376704 2.796174 1.000000
0.026249 0.399931 2.592546 1.000000
-0.224391 0.467921 2.611221 0.168269
-0.136205 0.240105 2.762614 0.000000
-0.344238 0.027983 2.717016 0.000000
0.022470 0.015818 2.528716 1.000000
-0.093364 0.021871 2.754361 0.000000
-0.410135 0.098488 2.724645 1.000000
0.184737 0.160163 2.567416 1.000000
-0.402899 -0.208055 2.638080 1.000000
0.427563 0.031671 2.406049 1.000000
-0.392134 -0.293645 2.613322 0.257212
0.457274 -0.050799 2.425293 0.509615
-0.254626 -0.599775 2.671635 1.000000
-0.016315 -0.590186 2.688621 1.000000
-0.271088 -1.092569 2.734016 0.909856
-0.007584 -1.084347 2.740939 1.000000
-0.373301 -1.114396 2.534624 0.000000
-0.110037 -1.107242 2.541790 0.000000
-0.147801 0.710543 2.584177 1.000000
-0.374339 0.385185 2.796460 1.000000
0.038348 0.399738 2.598363 1.000000
-0.208191 0.480585 2.620149 0.000000
-0.135056 0.237354 2.754637 0.000000
-0.340988 0.037982 2.706169 0.000000
0.031198 0.020059 2.529434 1.000000
-0.091543 0.027697 2.751348 0.000000
-0.409152 0.117085 2.701663 1.000000
0.183285 0.164540 2.674199 1.000000
-0.404493 -0.195237 2.651371 1.000000
0.471928 0.036693 2.653319 1.000000
-0.395840 -0.283802 2.639716 0.274038
0.503870 -0.047088 2.657185 0.644231
-0.260747 -0.590890 2.672917 1.000000
-0.019915 -0.584703 2.688882 1.000000
-0.276505 -1.081190 2.752703 1.000000
-0.004390 -1.079255 2.735639 1.000000
-0.373191 -1.110813 2.551568 0.000000
-0.102157 -1.101382 2.534062 0.000000
-0.142799 0.706333 2.559094 1.000000
-0.375613 0.387814 2.801003 1.000000
0.041333 0.393863 2.611574 1.000000
-0.200267 0.487679 2.636465 0.000000
-0.144881 0.229592 2.750134 0.000000
-0.344124 0.042773 2.706130 0.000000
0.030730 0.030590 2.534621 1.000000
-0.095361 0.031815 2.754778 0.000000
-0.410239 0.129527 2.679958 1.000000
0.175720 0.168334 2.728364 1.000000
-0.401197 -0.185938 2.646927 1.000000
0.472262 0.055614 2.735261 1.000000
-0.395146 -0.274885 2.636623 0.358173
0.526158 -0.007427 2.769545 0.475962
-0.261603 -0.584609 2.669319 1.000000
-0.022132 -0.577153 2.684267 1.000000
-0.269397 -1.073879 2.756285 1.000000
-0.005777 -1.069834 2.747565 1.000000
-0.363205 -1.108244 2.554542 0.000000
-0.099322 -1.098980 2.544880 0.000000
-0.094431 0.690490 2.542897 1.000000
-0.377697 0.406448 2.730245 1.000000
0.072967 0.384160 2.651698 1.000000
-0.161800 0.488860 2.610292 0.000000
-0.150454 0.236336 2.747040 0.000000
-0.349135 0.044162 2.658886 0.192308
0.056135 0.022856 2.585528 1.000000
-0.120320 0.030682 2.767660 0.000000
-0.403966 0.125746 2.673420 1.000000
0.190428 0.144959 2.759859 1.000000
-0.408685 -0.189098 2.631894 1.000000
0.499424 0.072125 2.769341 1.000000
-0.374181 -0.269864 2.650352 0.341346
0.544005 0.008265 2.813938 0.425481
-0.253152 -0.585691 2.667437 1.000000
-0.017044 -0.586637 2.684987 1.000000
-0.263888 -1.075984 2.748095 1.000000
-0.008460 -1.079858 2.745552 1.000000
-0.305352 -1.111019 2.529613 0.000000
-0.048931 -1.107543 2.525832 0.000000
-0.095708 0.704264 2.550004 1.000000
-0.356546 0.401145 2.616379 1.000000
0.081895 0.383225 2.747575 1.000000
-0.108286 0.477071 2.596526 0.000000
-0.163527 0.239607 2.748697 0.000000
-0.323302 0.050436 2.564429 0.605769
0.071159 0.009455 2.677565 0.750000
-0.166723 0.030984 2.763110 0.000000
-0.402140 0.121240 2.665073 1.000000
0.200322 0.121239 2.759221 1.000000
-0.399914 -0.191911 2.611154 1.000000
0.516415 0.088892 2.763050 1.000000
-0.367621 -0.244047 2.545629 0.576923
0.556023 0.011743 2.786148 0.509615
-0.247498 -0.580774 2.667221 1.000000
-0.018024 -0.597592 2.693929 1.000000
-0.266510 -1.069695 2.754419 1.000000
-0.003138 -1.092295 2.739273 1.000000
-0.199899 -1.109960 2.543177 0.000000
0.058349 -1.110227 2.523451 0.000000
-0.111922 0.713398 2.545416 1.000000
-0.350509 0.397736 2.598669 1.000000
0.076614 0.387478 2.763670 1.000000
-0.102288 0.476311 2.596653 0.057692
-0.166598 0.240929 2.748495 0.000000
-0.310594 0.048232 2.550536 0.692308
0.071596 0.023708 2.703535 0.519231
-0.174518 0.034419 2.764223 0.000000
-0.403415 0.122095 2.658196 1.000000
0.191536 0.125197 2.745727 1.000000
-0.392180 -0.185082 2.581312 1.000000
0.504924 0.078688 2.741313 1.000000
-0.333075 -0.231676 2.532425 0.930288
0.542049 -0.002790 2.747426 0.425481
-0.238572 -0.577241 2.670082 1.000000
-0.019992 -0.591241 2.687347 1.000000
-0.259592 -1.063388 2.771219 0.644231
0.008547 -1.079640 2.774872 0.737981
-0.177907 -1.109495 2.566566 0.000000
0.092174 -1.111766 2.568340 0.000000
-0.117507 0.716374 2.555512 1.000000
-0.349104 0.393938 2.593529 1.000000
0.075324 0.389728 2.765598 1.000000
-0.101333 0.473947 2.593868 0.057692
-0.166772 0.241430 2.749593 0.000000
-0.308359 0.034533 2.546958 0.826923
0.072586 0.016945 2.703961 0.423077
-0.174092 0.028531 2.762146 0.000000
-0.401697 0.118598 2.654737 1.000000
0.180029 0.124041 2.737828 1.000000
-0.379612 -0.180254 2.551786 1.000000
0.488009 0.051135 2.722583 1.000000
-0.321211 -0.243877 2.576194 0.913462
0.518318 -0.027479 2.691670 0.492788
-0.245593 -0.587324 2.676163 1.000000
-0.018711 -0.599749 2.695926 1.000000
-0.279103 -1.079414 2.737270 1.000000
-0.005476 -1.094435 2.741966 1.000000
-0.195264 -1.110774 2.530706 0.000000
0.080682 -1.111423 2.534676 0.000000
-0.121612 0.715333 2.550236 1.000000
-0.355625 0.397686 2.600529 1.000000
0.073488 0.393287 2.760548 1.000000
-0.108224 0.478625 2.594747 0.062500
-0.168443 0.244249 2.749790 0.000000
-0.315641 0.032218 2.553187 0.778846
0.071856 0.018693 2.693694 0.471154
-0.172152 0.029127 2.762403 0.000000
-0.401118 0.119579 2.647382 1.000000
0.167026 0.124410 2.736790 1.000000
-0.377404 -0.173728 2.533649 1.000000
0.427073 -0.030854 2.648501 1.000000
-0.313668 -0.234819 2.549774 0.694712
0.444146 -0.097499 2.590870 0.307692
-0.237782 -0.589490 2.677929 1.000000
-0.016554 -0.598779 2.694894 1.000000
-0.275622 -1.080484 2.745030 1.000000
-0.006894 -1.093660 2.739707 1.000000
-0.200188 -1.114901 2.535730 0.000000
0.070541 -1.111224 2.529049 0.000000
-0.143308 0.708911 2.556190 1.000000
-0.360847 0.388986 2.607820 1.000000
0.069326 0.399703 2.764665 1.000000
-0.117594 0.481706 2.603023 0.000000
-0.165391 0.239796 2.750643 0.000000
-0.314688 0.037351 2.555577 0.740385
0.073124 0.019578 2.694734 0.528846
-0.170649 0.029814 2.764301 0.000000
-0.401204 0.111358 2.651637 1.000000
0.145254 0.128653 2.727349 1.000000
-0.375762 -0.176780 2.530572 1.000000
0.344482 -0.095484 2.635707 1.000000
-0.321067 -0.240988 2.561236 0.677885
0.401643 -0.159197 2.608732 0.000000
-0.242528 -0.585882 2.674006 1.000000
-0.014321 -0.596697 2.692085 1.000000
-0.275788 -1.076239 2.747849 1.000000
-0.011499 -1.090952 2.744165 1.000000
-0.201823 -1.112799 2.538388 0.000000
0.065921 -1.112667 2.533890 0.000000
-0.148444 0.707859 2.557627 1.000000
-0.364021 0.384786 2.612164 1.000000
0.066340 0.402425 2.767861 1.000000
-0.123335 0.484052 2.609267 0.000000
-0.164106 0.236795 2.749975 0.000000
-0.314850 0.037204 2.558849 0.721154
0.075504 0.023342 2.691178 0.451923
-0.167138 0.030005 2.765003 0.000000
-0.403819 0.106286 2.652264 1.000000
0.130049 0.130315 2.716371 1.000000
-0.362464 -0.190146 2.557916 1.000000
0.268884 -0.139185 2.635262 1.000000
-0.346585 -0.252891 2.495744 0.324519
0.224358 -0.213500 2.611830 0.459135
-0.244418 -0.585214 2.670067 1.000000
-0.015051 -0.594713 2.687275 1.000000
-0.272408 -1.074637 2.751858 1.000000
-0.009509 -1.088632 2.742250 1.000000
-0.202847 -1.113793 2.541361 0.000000
0.063896 -1.111360 2.530646 0.000000
-0.151296 0.706133 2.556233 1.000000
-0.370423 0.384355 2.623045 1.000000
0.067456 0.395500 2.756843 1.000000
-0.129476 0.482193 2.610234 0.038462
-0.164818 0.231773 2.746754 0.000000
-0.325062 0.031603 2.571817 0.596154
0.075089 0.026700 2.671486 0.317308
-0.160717 0.028805 2.765085 0.000000
-0.404716 0.106114 2.667544 1.000000
0.118239 0.124005 2.691376 1.000000
-0.373872 -0.190835 2.571966 1.000000
0.163582 -0.183045 2.647444 1.000000
-0.309405 -0.252522 2.562314 0.846154
0.099107 -0.244602 2.657841 0.661058
-0.248040 -0.588183 2.674229 1.000000
-0.017328 -0.593737 2.686175 1.000000
-0.272281 -1.079824 2.742860 1.000000
-0.001665 -1.086923 2.745594 1.000000
-0.219073 -1.112638 2.526588 0.000000
0.053373 -1.111310 2.528667 0.000000
-0.160407 0.703258 2.560409 1.000000
-0.372807 0.359692 2.618953 1.000000
0.065834 0.377442 2.749501 1.000000
-0.132825 0.459332 2.602461 0.000000
-0.165044 0.211526 2.744414 0.000000
-0.333152 0.016566 2.572299 0.625000
0.068272 0.023660 2.666572 0.240385
-0.166193 0.017864 2.763330 0.000000
-0.412252 0.084522 2.675965 1.000000
0.122208 0.110078 2.672932 1.000000
-0.385151 -0.211965 2.578164 1.000000
0.114297 -0.202629 2.654067 1.000000
-0.317128 -0.265572 2.601695 0.576923
0.049695 -0.264905 2.655705 0.509615
-0.246586 -0.599069 2.679035 1.000000
-0.009318 -0.599913 2.678521 1.000000
-0.263251 -1.090964 2.748101 0.934856
-0.011211 -1.091938 2.748637 1.000000
-0.211898 -1.123147 2.531286 0.000000
0.043758 -1.122945 2.532539 0.000000
-0.171464 0.679711 2.552068 0.721154
-0.375941 0.376772 2.633399 1.000000
0.063160 0.398016 2.761866 1.000000
-0.138417 0.482633 2.620449 0.000000
-0.163919 0.227283 2.749844 0.000000
-0.342699 0.024167 2.570780 0.721154
0.059122 0.027882 2.663544 0.298077
-0.175016 0.023790 2.761179 0.000000
-0.422979 0.099642 2.676805 1.000000
0.119008 0.142129 2.650959 1.000000
-0.389769 -0.203344 2.600938 1.000000
0.101604 -0.171485 2.649319 1.000000
-0.394239 -0.291727 2.586008 0.189904
0.084795 -0.252163 2.613780 0.762019
-0.243855 -0.593613 2.674926 1.000000
-0.012524 -0.593995 2.675741 1.000000
-0.267870 -1.083591 2.754634 1.000000
-0.011125 -1.085333 2.750530 1.000000
-0.217709 -1.121223 2.538419 0.000000
0.043745 -1.118036 2.534657 0.000000
-0.163484 0.705086 2.577015 1.000000
-0.373813 0.375163 2.639215 1.000000
0.067255 0.399562 2.760158 1.000000
-0.137380 0.482908 2.622427 0.000000
-0.158661 0.227084 2.751647 0.000000
-0.338312 0.022344 2.570171 0.798077
0.063630 0.032019 2.661972 0.336538
-0.170120 0.022157 2.760121 0.000000
-0.418027 0.097056 2.681081 1.000000
0.120534 0.143529 2.647646 1.000000
-0.393841 -0.208501 2.611110 1.000000
0.109971 -0.170681 2.645023 1.000000
-0.398561 -0.282070 2.559928 0.341346
0.071363 -0.248494 2.622462 0.677885
-0.245264 -0.592089 2.679176 1.000000
-0.010820 -0.592124 2.673579 1.000000
-0.268791 -1.083018 2.752964 1.000000
-0.001447 -1.076900 2.782727 0.825481
-0.218386 -1.117989 2.536359 0.000000
0.052840 -1.123890 2.569358 0.000000
-0.171036 0.702642 2.568022 1.000000
-0.374831 0.377531 2.642231 1.000000
0.067799 0.403024 2.757088 1.000000
-0.138519 0.484739 2.620900 0.000000
-0.158395 0.230731 2.753872 0.000000
-0.335173 0.022536 2.573554 0.769231
0.064124 0.032147 2.676260 0.221154
-0.172232 0.022951 2.768027 0.000000
-0.414801 0.097682 2.678010 1.000000
0.112499 0.147054 2.640149 1.000000
-0.400956 -0.209916 2.613108 1.000000
0.105730 -0.166963 2.620981 1.000000
-0.397739 -0.296655 2.590297 0.223558
0.071962 -0.250094 2.619163 0.745192
-0.248984 -0.592918 2.677016 1.000000
-0.010163 -0.592568 2.676760 1.000000
-0.275625 -1.084473 2.745375 1.000000
-0.007383 -1.084783 2.745500 1.000000
-0.219412 -1.117485 2.529895 0.000000
0.052178 -1.114481 2.530437 0.000000
-0.166360 0.706930 2.571239 1.000000
