-0.417928 0.222186 2.539613 1.000000
-0.062995 0.232641 2.480342 1.000000
-0.257141 0.272273 2.418006 0.000000
-0.221630 0.098318 2.599973 0.000000
-0.436312 -0.112644 2.516846 1.000000
-0.014525 -0.122819 2.458027 1.000000
-0.208587 -0.110041 2.606806 0.000000
-0.477336 -0.045500 2.550564 1.000000
0.030126 -0.023541 2.512034 1.000000
-0.482881 -0.319349 2.453602 1.000000
0.041510 -0.311429 2.474399 1.000000
-0.473376 -0.376040 2.491234 0.358173
0.063466 -0.376245 2.480494 0.762019
-0.349301 -0.619121 2.491919 1.000000
-0.106081 -0.622666 2.506749 1.000000
-0.357250 -0.991830 2.625488 1.000000
-0.126391 -0.999193 2.627706 1.000000
-0.384244 -1.047004 2.469926 0.038462
-0.138593 -1.049613 2.468704 0.336538
-0.254121 0.512741 2.383114 1.000000
-0.418886 0.223621 2.534978 1.000000
-0.061876 0.230278 2.489159 1.000000
-0.253070 0.272538 2.419819 0.000000
-0.226431 0.097118 2.601895 0.000000
-0.435375 -0.110491 2.505871 1.000000
-0.010935 -0.124432 2.472346 1.000000
-0.213418 -0.110003 2.609279 0.000000
-0.477516 -0.045501 2.546351 1.000000
0.027992 -0.028455 2.520381 1.000000
-0.486484 -0.328353 2.474858 1.000000
0.048961 -0.315963 2.474590 1.000000
-0.455183 -0.388426 2.486340 0.459135
0.063320 -0.383151 2.474396 0.677885
-0.347557 -0.618263 2.492599 1.000000
-0.102877 -0.623361 2.508057 1.000000
-0.361483 -0.995947 2.610821 1.000000
-0.137510 -0.995102 2.640059 1.000000
-0.379062 -1.045042 2.451908 0.000000
-0.135978 -1.051192 2.482502 0.418269
-0.252536 0.514447 2.387627 1.000000
-0.418433 0.218968 2.528735 1.000000
-0.060121 0.235701 2.498192 1.000000
-0.249297 0.272864 2.420856 0.000000
-0.225544 0.097639 2.603519 0.000000
-0.433079 -0.112155 2.507994 1.000000
-0.008635 -0.121238 2.472898 0.951923
-0.210763 -0.109184 2.610584 0.000000
-0.476197 -0.051268 2.546422 1.000000
0.031597 -0.024922 2.516637 1.000000
-0.495269 -0.336829 2.482747 1.000000
0.049369 -0.307398 2.440120 1.000000
-0.470579 -0.390202 2.518275 0.274038
0.069490 -0.373042 2.442664 0.627404
-0.346939 -0.618297 2.494302 1.000000
-0.101660 -0.621873 2.507884 1.000000
-0.357664 -0.991588 2.626040 1.000000
-0.134096 -0.994514 2.637893 1.000000
-0.377246 -1.046364 2.469232 0.038462
-0.134171 -1.049602 2.479976 0.355769
-0.249826 0.515943 2.391196 1.000000
-0.420078 0.220939 2.527389 1.000000
-0.061137 0.235799 2.504131 1.000000
-0.248513 0.274627 2.423309 0.000000
-0.229419 0.097944 2.605112 0.000000
-0.429860 -0.111439 2.499117 1.000000
-0.004242 -0.120539 2.483828 0.875000
-0.212581 -0.109447 2.612007 0.000000
-0.474811 -0.050412 2.546661 1.000000
0.031625 -0.025427 2.516591 1.000000
-0.496057 -0.335474 2.478747 1.000000
0.045620 -0.300696 2.414832 1.000000
-0.478510 -0.387256 2.520354 0.408654
0.064445 -0.358604 2.446656 0.543269
-0.346577 -0.617408 2.498293 1.000000
-0.101436 -0.621628 2.508932 1.000000
-0.361681 -0.997287 2.609107 1.000000
-0.143421 -0.992826 2.640330 1.000000
-0.373998 -1.043544 2.448854 0.000000
-0.135513 -1.049368 2.483126 0.302885
-0.245454 0.514750 2.390936 1.000000
-0.415451 0.223311 2.530974 1.000000
-0.056480 0.234381 2.506120 1.000000
-0.243783 0.277211 2.427174 0.000000
-0.225897 0.096369 2.604966 0.000000
-0.429543 -0.115712 2.509005 1.000000
-0.004677 -0.119240 2.478281 0.807692
-0.208360 -0.111790 2.613986 0.000000
-0.476182 -0.047844 2.539121 1.000000
0.032893 -0.028790 2.511890 1.000000
-0.486192 -0.329559 2.454412 1.000000
0.044396 -0.299463 2.396812 1.000000
-0.470286 -0.384658 2.492247 0.257212
0.058620 -0.358564 2.428831 0.711538
-0.348203 -0.619730 2.496273 1.000000
-0.103053 -0.622200 2.506806 1.000000
-0.362913 -1.000647 2.603518 1.000000
-0.129156 -0.996423 2.633659 1.000000
-0.381474 -1.045029 2.443336 0.000000
-0.130394 -1.050037 2.475240 0.182692
-0.248342 0.514724 2.394679 1.000000
-0.420132 0.220556 2.536882 1.000000
-0.061606 0.237745 2.509241 1.000000
-0.250232 0.279323 2.432815 0.000000
-0.228004 0.095036 2.606533 0.000000
-0.432236 -0.115259 2.503003 1.000000
-0.006713 -0.115501 2.483082 0.875000
-0.213829 -0.109466 2.613560 0.000000
-0.477295 -0.051272 2.536429 1.000000
0.031151 -0.024050 2.513443 1.000000
-0.482235 -0.329768 2.441993 1.000000
0.035137 -0.276305 2.362267 1.000000
-0.492067 -0.394963 2.422669 0.004808
0.026669 -0.344444 2.364670 0.728365
-0.349000 -0.618452 2.496757 1.000000
-0.102720 -0.619409 2.505823 1.000000
-0.359767 -0.998526 2.607408 1.000000
-0.140304 -0.990648 2.638429 1.000000
-0.374923 -1.044688 2.447371 0.000000
-0.134569 -1.047390 2.481203 0.423077
-0.246303 0.512931 2.396456 1.000000
-0.416424 0.221094 2.531609 1.000000
-0.057596 0.235171 2.506227 1.000000
-0.245367 0.276315 2.427496 0.000000
-0.225697 0.095854 2.605486 0.000000
-0.428761 -0.116666 2.501387 1.000000
-0.002983 -0.114793 2.488087 0.961538
-0.212128 -0.110333 2.615353 0.000000
-0.474198 -0.049271 2.538836 1.000000
0.032331 -0.026361 2.507431 1.000000
-0.480682 -0.322178 2.432863 1.000000
0.036339 -0.232518 2.299504 1.000000
-0.489863 -0.388209 2.416250 0.139423
0.026148 -0.300122 2.292708 0.661058
-0.351662 -0.618476 2.493849 1.000000
-0.105743 -0.619741 2.508937 1.000000
-0.359247 -0.996974 2.610029 1.000000
-0.138785 -0.992500 2.638456 1.000000
-0.374764 -1.045555 2.450744 0.000000
-0.133889 -1.047757 2.480674 0.360577
-0.246951 0.516440 2.397613 1.000000
-0.419850 0.223027 2.532048 1.000000
-0.060910 0.239272 2.509719 1.000000
-0.248250 0.279283 2.429392 0.000000
-0.229005 0.098940 2.607548 0.000000
-0.429872 -0.118199 2.494208 1.000000
-0.003979 -0.109232 2.495517 0.903846
-0.217400 -0.108791 2.615556 0.000000
-0.475549 -0.046237 2.537542 1.000000
0.030454 -0.020114 2.506999 1.000000
-0.480405 -0.316411 2.429013 1.000000
0.029183 -0.115050 2.231714 0.951923
-0.486811 -0.381980 2.409518 0.088942
0.044557 -0.165127 2.187258 0.576923
-0.351933 -0.617854 2.495659 1.000000
-0.105426 -0.616429 2.505763 1.000000
-0.361306 -0.997540 2.607763 1.000000
-0.139252 -0.987109 2.640922 1.000000
-0.371154 -1.044594 2.447571 0.000000
-0.128636 -1.045141 2.484423 0.307692
-0.243682 0.517293 2.397342 1.000000
-0.419461 0.225822 2.535625 1.000000
-0.060578 0.234875 2.508782 1.000000
-0.248084 0.277902 2.430426 0.000000
-0.230145 0.098631 2.609797 0.000000
-0.433927 -0.119732 2.508665 1.000000
-0.008503 -0.106605 2.491068 1.000000
-0.216304 -0.110573 2.620534 0.000000
-0.479935 -0.042117 2.533403 1.000000
0.024177 -0.011046 2.420503 1.000000
-0.493695 -0.318257 2.443131 1.000000
0.050758 0.039340 2.135291 0.211538
-0.497809 -0.379775 2.412817 0.072115
0.076809 0.061237 2.075606 1.000000
-0.353477 -0.618234 2.493161 1.000000
-0.107352 -0.614816 2.508271 1.000000
-0.356004 -0.997664 2.606487 1.000000
-0.140807 -0.986344 2.641174 1.000000
-0.373709 -1.045151 2.447100 0.000000
-0.136467 -1.043004 2.483873 0.288462
-0.242532 0.512282 2.390964 1.000000
-0.408464 0.230186 2.528486 1.000000
-0.048718 0.234850 2.515795 0.000000
-0.232452 0.280566 2.430348 0.000000
-0.223798 0.100310 2.609419 0.000000
-0.434490 -0.119381 2.514392 1.000000
-0.009029 -0.106868 2.497269 1.000000
-0.216919 -0.112545 2.626527 0.000000
-0.480285 -0.033161 2.547325 1.000000
0.018353 0.014144 2.368638 1.000000
-0.493822 -0.304638 2.447082 1.000000
0.067045 0.132681 2.108812 0.855769
-0.512309 -0.370025 2.436926 0.274038
0.069277 0.179585 2.058658 1.000000
-0.356189 -0.617714 2.493942 1.000000
-0.108458 -0.615026 2.507654 1.000000
-0.358901 -0.996957 2.607885 1.000000
-0.137956 -0.986085 2.642786 1.000000
-0.377223 -1.044672 2.448636 0.000000
-0.133728 -1.043595 2.485791 0.225962
-0.244229 0.511873 2.388327 1.000000
-0.396916 0.228776 2.526660 1.000000
-0.037091 0.235933 2.517976 0.000000
-0.220178 0.280835 2.430726 0.000000
-0.212274 0.099744 2.608989 0.000000
-0.431481 -0.113097 2.518872 1.000000
-0.006402 -0.114234 2.491065 1.000000
-0.211055 -0.112980 2.625504 0.000000
-0.478919 -0.029466 2.564609 1.000000
-0.003904 0.044396 2.325451 1.000000
-0.505423 -0.302978 2.472917 1.000000
0.035757 0.200522 2.084681 1.000000
-0.502727 -0.348541 2.421564 0.307692
0.038617 0.257274 2.046062 1.000000
-0.356015 -0.615462 2.493143 1.000000
-0.106388 -0.618322 2.504058 1.000000
-0.359936 -0.994804 2.606719 1.000000
-0.131517 -0.991345 2.634587 1.000000
-0.381308 -1.042179 2.447749 0.000000
-0.131159 -1.046607 2.476731 0.278846
-0.244805 0.505006 2.380700 1.000000
-0.393863 0.229414 2.526334 1.000000
-0.034150 0.233188 2.512472 0.000000
-0.218059 0.278091 2.426971 0.000000
-0.209200 0.100294 2.608474 0.000000
-0.437024 -0.116897 2.514158 1.000000
-0.011303 -0.113074 2.499533 1.000000
-0.220002 -0.116637 2.627558 0.000000
-0.472071 -0.027754 2.576865 1.000000
-0.037753 0.042078 2.316847 0.661539
-0.500207 -0.298402 2.477751 1.000000
-0.007007 0.167514 2.057645 1.000000
-0.510795 -0.355247 2.514858 0.391827
0.003402 0.223051 2.018558 1.000000
-0.356865 -0.618114 2.489704 1.000000
-0.106280 -0.618286 2.492696 1.000000
-0.359912 -0.997039 2.604695 1.000000
-0.130812 -0.988279 2.631692 1.000000
-0.376340 -1.045251 2.445389 0.000000
-0.123282 -1.047474 2.475449 0.331731
-0.247395 0.499799 2.368762 1.000000
-0.416708 0.220834 2.558719 1.000000
-0.060758 0.231279 2.505895 1.000000
-0.253274 0.280051 2.445000 0.000000
-0.223262 0.088409 2.609336 0.000000
-0.438502 -0.121783 2.534776 1.000000
-0.016445 -0.112263 2.477819 1.000000
-0.211295 -0.118135 2.625999 0.000000
-0.476215 -0.045480 2.592598 1.000000
-0.028818 0.039037 2.311898 1.000000
-0.499462 -0.317363 2.491069 1.000000
-0.064208 0.027596 2.023133 0.250000
-0.481953 -0.383603 2.485968 0.492788
-0.097204 0.063737 1.974909 0.274038
-0.358265 -0.620770 2.487477 1.000000
-0.103247 -0.618686 2.486022 1.000000
-0.357765 -0.994807 2.617522 1.000000
-0.129470 -0.986222 2.631095 1.000000
-0.389057 -1.048798 2.462350 0.000000
-0.132579 -1.047425 2.475477 0.456731
-0.248953 0.486686 2.371691 1.000000
-0.416642 0.213578 2.590647 1.000000
-0.081750 0.223592 2.458938 1.000000
-0.283997 0.267029 2.439990 0.000000
-0.213995 0.086026 2.604219 0.000000
-0.435028 -0.131474 2.577441 0.423077
-0.038539 -0.117971 2.422262 1.000000
-0.192783 -0.123902 2.612345 0.000000
-0.476381 -0.051777 2.600370 1.000000
-0.052393 -0.008960 2.320611 1.000000
-0.498679 -0.327861 2.520819 1.000000
-0.221102 -0.084166 2.099411 1.000000
-0.512671 -0.391808 2.499952 0.072115
-0.260370 -0.136235 2.077796 0.576923
-0.356408 -0.627778 2.480499 1.000000
-0.105216 -0.623443 2.490894 1.000000
-0.357580 -0.997639 2.621984 1.000000
-0.131969 -0.991030 2.635737 1.000000
-0.412958 -1.053871 2.474526 0.000000
-0.169866 -1.048355 2.483257 0.355769
-0.258161 0.496049 2.386283 1.000000
-0.417264 0.210934 2.591177 1.000000
-0.084225 0.222521 2.454976 1.000000
-0.287395 0.262005 2.437309 0.000000
-0.212332 0.087229 2.605987 0.000000
-0.440647 -0.134377 2.574704 0.721154
-0.041730 -0.123062 2.425693 1.000000
-0.198967 -0.126993 2.613361 0.000000
-0.475512 -0.052052 2.608835 1.000000
-0.069435 -0.006898 2.313504 1.000000
-0.503394 -0.329451 2.545881 1.000000
-0.248114 -0.031533 2.091788 1.000000
-0.507881 -0.385334 2.506165 0.105769
-0.291897 -0.078751 2.067831 0.980769
-0.359269 -0.632153 2.485558 1.000000
-0.107437 -0.627655 2.494241 1.000000
-0.357959 -1.004694 2.619823 1.000000
-0.119102 -1.001616 2.623982 1.000000
-0.412636 -1.058455 2.471187 0.000000
-0.160354 -1.053592 2.470459 0.201923
-0.257721 0.498528 2.384546 1.000000
-0.416382 0.215419 2.595198 1.000000
-0.086360 0.223608 2.451605 1.000000
-0.289608 0.264308 2.438074 0.000000
-0.211986 0.090467 2.606560 0.000000
-0.445583 -0.137799 2.578083 0.298077
-0.049073 -0.120897 2.423290 1.000000
-0.203501 -0.126876 2.613223 0.000000
-0.476642 -0.044788 2.617301 1.000000
-0.071521 0.016015 2.282748 1.000000
-0.503421 -0.317489 2.543520 1.000000
-0.261054 0.077493 2.080699 1.000000
-0.491360 -0.380323 2.568556 0.358173
-0.305166 0.043382 2.040562 1.000000
-0.357255 -0.634926 2.492012 1.000000
-0.111214 -0.626623 2.497406 1.000000
-0.362211 -1.012090 2.612589 1.000000
-0.118870 -1.003493 2.618759 1.000000
-0.418251 -1.059407 2.462278 0.000000
-0.164702 -1.051949 2.465384 0.081731
-0.254107 0.494265 2.372602 1.000000
-0.449325 0.207188 2.541724 0.000000
-0.096647 0.232047 2.473898 1.000000
-0.293718 0.246322 2.409798 0.009615
-0.243964 0.110006 2.618547 0.000000
-0.453605 -0.139852 2.539404 0.980769
-0.035037 -0.109056 2.466469 1.000000
-0.223700 -0.122876 2.621948 0.000000
-0.486980 -0.050124 2.625109 0.984615
-0.097480 0.080170 2.246933 1.000000
-0.511965 -0.328022 2.549207 1.000000
-0.289960 0.212422 2.076424 1.000000
-0.497613 -0.385034 2.584761 0.492788
-0.342408 0.237561 2.039848 1.000000
-0.359976 -0.633918 2.499422 1.000000
-0.109527 -0.620615 2.501311 1.000000
-0.358857 -1.013646 2.611766 1.000000
-0.120207 -0.999063 2.617410 1.000000
-0.393054 -1.060185 2.454803 0.000000
-0.135850 -1.047496 2.458092 0.033654
-0.247939 0.502778 2.364966 1.000000
-0.445098 0.235785 2.563668 0.000000
-0.094962 0.244113 2.480387 1.000000
-0.293257 0.277196 2.428099 0.000000
-0.243717 0.118596 2.620519 0.000000
-0.451454 -0.120767 2.561846 0.788462
-0.041396 -0.094484 2.449466 1.000000
-0.214559 -0.106611 2.622168 0.000000
-0.489804 -0.031990 2.623770 0.923077
-0.104036 0.102180 2.241458 1.000000
-0.510127 -0.317695 2.555673 1.000000
-0.295219 0.246176 2.070018 1.000000
-0.490615 -0.382126 2.569396 0.509615
-0.343577 0.285985 2.041783 1.000000
-0.353731 -0.616084 2.495973 1.000000
-0.109689 -0.604011 2.499523 1.000000
-0.357925 -0.992727 2.618195 1.000000
-0.118893 -0.981893 2.617577 1.000000
-0.401012 -1.042174 2.464341 0.000000
-0.148296 -1.030337 2.460220 0.057692
-0.238500 0.503525 2.368924 1.000000
-0.441981 0.230240 2.537077 0.000000
-0.084270 0.244251 2.499044 1.000000
-0.274798 0.272344 2.421203 0.000000
-0.247462 0.118215 2.621530 0.000000
-0.450851 -0.120797 2.526572 1.000000
-0.027466 -0.094047 2.487878 1.000000
-0.228036 -0.109511 2.627489 0.000000
-0.491868 -0.031802 2.613459 0.984615
-0.093224 0.106123 2.258568 1.000000
-0.519902 -0.316419 2.546232 1.000000
-0.265399 0.213569 2.046145 1.000000
-0.495991 -0.380609 2.540912 0.442308
-0.309790 0.257699 2.017818 1.000000
-0.356930 -0.616090 2.495895 1.000000
-0.109187 -0.605182 2.490785 1.000000
-0.357345 -0.992124 2.620048 1.000000
-0.121760 -0.979675 2.618898 1.000000
-0.380093 -1.044050 2.462699 0.000000
-0.123252 -1.033764 2.460642 0.096154
-0.234833 0.504315 2.363269 1.000000
-0.412121 0.227000 2.589729 1.000000
-0.074054 0.226408 2.465995 1.000000
-0.275035 0.272215 2.440355 0.000000
-0.212014 0.096933 2.613381 0.000000
-0.443704 -0.125153 2.581236 1.000000
-0.041685 -0.106110 2.441648 1.000000
-0.202899 -0.120499 2.625389 0.000000
-0.482781 -0.038599 2.601808 1.000000
-0.024404 0.014836 2.297313 1.000000
-0.513403 -0.308538 2.496726 1.000000
-0.098203 0.009012 2.015592 0.615385
-0.529431 -0.375204 2.501101 0.105769
-0.152749 0.024025 1.976608 0.711538
-0.357544 -0.620451 2.486224 1.000000
-0.108698 -0.613201 2.492486 1.000000
-0.359836 -0.995040 2.614653 1.000000
-0.118915 -0.986018 2.625597 1.000000
-0.410814 -1.046422 2.463876 0.000000
-0.154543 -1.040099 2.471395 0.173077
-0.243670 0.484101 2.354489 1.000000
-0.412909 0.220236 2.585280 1.000000
-0.071509 0.219155 2.471065 1.000000
-0.271653 0.265085 2.439729 0.000000
-0.213656 0.090045 2.614746 0.000000
-0.430122 -0.120941 2.579100 1.000000
-0.028797 -0.123460 2.436275 1.000000
-0.189010 -0.126594 2.621424 0.000000
-0.477410 -0.045001 2.591453 1.000000
-0.023361 -0.007061 2.325953 1.000000
-0.510510 -0.317565 2.500949 1.000000
-0.045212 -0.045172 2.040212 0.548077
-0.524031 -0.381941 2.481114 0.173077
-0.060610 -0.108922 2.019738 1.000000
-0.357596 -0.621244 2.480443 1.000000
-0.103456 -0.624840 2.488065 1.000000
-0.363066 -0.997347 2.604268 1.000000
-0.130786 -0.992002 2.633876 1.000000
-0.416102 -1.046253 2.453378 0.000000
-0.162573 -1.050558 2.480470 0.201923
-0.244870 0.481831 2.358832 1.000000
-0.417096 0.220707 2.574294 1.000000
-0.070224 0.216643 2.478050 1.000000
-0.268190 0.263336 2.435877 0.000000
-0.220421 0.089744 2.615370 0.000000
-0.434250 -0.126303 2.567104 0.971154
-0.024111 -0.125745 2.451983 1.000000
-0.196559 -0.131126 2.625738 0.000000
-0.479270 -0.043532 2.588498 1.000000
-0.004388 -0.011879 2.346395 1.000000
-0.507716 -0.311234 2.486694 1.000000
-0.018819 -0.072231 2.065348 0.692308
-0.490963 -0.376628 2.499476 0.459135
-0.037104 -0.136054 2.047663 0.913462
-0.355707 -0.625636 2.473350 1.000000
-0.098803 -0.627868 2.493106 1.000000
-0.362397 -0.994857 2.616342 1.000000
-0.134050 -0.995663 2.635584 1.000000
-0.405055 -1.052588 2.465279 0.000000
-0.154101 -1.053968 2.480114 0.355769
-0.242897 0.481827 2.358364 1.000000
-0.409981 0.226922 2.557371 1.000000
-0.056870 0.214740 2.488346 1.000000
-0.249852 0.265788 2.430888 0.000000
-0.220121 0.091652 2.613717 0.000000
-0.428912 -0.121112 2.548402 1.000000
-0.010706 -0.128593 2.467689 0.932692
-0.196959 -0.126985 2.626640 0.000000
-0.476916 -0.034946 2.566666 1.000000
-0.009492 -0.024414 2.371286 1.000000
-0.496239 -0.309529 2.487729 1.000000
-0.013298 -0.082091 2.090824 0.692308
-0.492428 -0.378065 2.490684 0.341346
-0.020040 -0.136921 2.049976 0.812500
-0.350968 -0.623650 2.475006 1.000000
-0.096697 -0.629375 2.501871 1.000000
-0.360447 -0.993651 2.615808 1.000000
-0.131188 -1.004597 2.623669 1.000000
-0.394622 -1.051115 2.462502 0.000000
-0.145689 -1.054833 2.464803 0.197115
-0.229675 0.492870 2.367812 1.000000
-0.408444 0.228541 2.543974 1.000000
-0.051880 0.216956 2.495720 1.000000
-0.241367 0.266529 2.426536 0.000000
-0.221729 0.094727 2.612900 0.000000
-0.427106 -0.119199 2.538196 1.000000
-0.005968 -0.125954 2.474444 0.826923
-0.198467 -0.123191 2.625754 0.000000
-0.476546 -0.031968 2.559286 1.000000
0.012310 -0.022895 2.390417 1.000000
-0.500714 -0.306041 2.482822 1.000000
0.005069 -0.096276 2.114538 0.480769
-0.510705 -0.372009 2.466423 0.139423
-0.016784 -0.148139 2.075128 0.795673
-0.349070 -0.622550 2.481785 1.000000
-0.097844 -0.627431 2.506840 1.000000
-0.360335 -0.995466 2.614535 1.000000
-0.129470 -1.005946 2.618830 1.000000
-0.390558 -1.049821 2.459279 0.000000
-0.141531 -1.052346 2.458599 0.000000
-0.224848 0.507797 2.385061 1.000000
-0.404041 0.229321 2.544252 1.000000
-0.047261 0.219156 2.497298 1.000000
-0.236580 0.269211 2.427999 0.000000
-0.217303 0.095029 2.612180 0.000000
-0.421081 -0.117106 2.535208 1.000000
0.000475 -0.126017 2.474560 0.913462
-0.193093 -0.121141 2.624445 0.000000
-0.471655 -0.030867 2.554483 1.000000
0.024064 -0.028891 2.421410 1.000000
-0.499562 -0.299158 2.462941 1.000000
0.011072 -0.147471 2.162742 1.000000
-0.505066 -0.355621 2.501698 0.391827
0.003647 -0.181297 2.103403 0.408654
-0.349288 -0.620935 2.487215 1.000000
-0.099488 -0.627305 2.509913 1.000000
-0.360479 -0.997852 2.608145 1.000000
-0.135199 -1.000858 2.636400 1.000000
-0.391698 -1.047208 2.451422 0.000000
-0.146010 -1.053458 2.478004 0.341346
-0.222607 0.507397 2.382198 1.000000
-0.403657 0.228306 2.545234 1.000000
-0.047058 0.226207 2.495917 1.000000
-0.237832 0.273105 2.428425 0.000000
-0.213709 0.097158 2.610344 0.000000
-0.419162 -0.115990 2.520208 1.000000
0.005213 -0.118918 2.483271 0.865385
-0.196488 -0.115525 2.622063 0.000000
-0.464325 -0.034377 2.553134 1.000000
0.036105 -0.030228 2.487545 1.000000
-0.486623 -0.297791 2.445102 1.000000
0.033016 -0.216577 2.271168 1.000000
-0.501734 -0.358183 2.416037 0.206731
0.036866 -0.280162 2.245427 0.997596
-0.343835 -0.618899 2.491794 1.000000
-0.098194 -0.622338 2.510921 1.000000
-0.359657 -0.998364 2.603920 1.000000
-0.130912 -0.995966 2.637993 1.000000
-0.382153 -1.044464 2.444730 0.000000
-0.134661 -1.049511 2.479591 0.254808
-0.226450 0.512309 2.388665 1.000000
-0.402649 0.227229 2.544277 1.000000
-0.045911 0.227394 2.495927 1.000000
-0.236773 0.273420 2.428084 0.000000
-0.212112 0.096960 2.609432 0.000000
-0.421865 -0.120736 2.521667 1.000000
0.001950 -0.115537 2.478988 1.000000
-0.197881 -0.116094 2.620500 0.000000
-0.464918 -0.036421 2.555138 1.000000
0.037800 -0.030468 2.498422 1.000000
-0.485535 -0.300725 2.445012 1.000000
0.056918 -0.272263 2.344868 1.000000
-0.455675 -0.362539 2.442209 0.324519
0.053845 -0.333104 2.376639 0.644231
-0.341022 -0.621763 2.493171 1.000000
-0.099041 -0.621094 2.512365 1.000000
-0.363118 -0.998635 2.612732 1.000000
-0.127286 -0.999292 2.626312 1.000000
-0.385939 -1.047520 2.454422 0.000000
-0.135143 -1.046949 2.466188 0.100962
-0.230332 0.515330 2.395143 1.000000
-0.400451 0.225726 2.544915 1.000000
-0.043313 0.227911 2.499663 1.000000
-0.233714 0.274972 2.431236 0.000000
-0.210119 0.094503 2.608741 0.000000
-0.419556 -0.119604 2.519928 1.000000
0.004417 -0.119865 2.478531 1.000000
-0.195832 -0.116973 2.619421 0.000000
-0.462491 -0.039414 2.555504 1.000000
0.042698 -0.030403 2.511364 1.000000
-0.475406 -0.305455 2.444556 1.000000
0.063288 -0.301610 2.415047 1.000000
-0.464921 -0.368202 2.470506 0.375000
0.064915 -0.364955 2.441604 0.829327
-0.340531 -0.622106 2.490966 1.000000
-0.098529 -0.623885 2.512184 1.000000
-0.360946 -0.995922 2.620040 1.000000
-0.138553 -0.996142 2.641177 1.000000
-0.383833 -1.048878 2.463055 0.000000
-0.142911 -1.050465 2.483055 0.370192
-0.227897 0.510095 2.387369 1.000000
-0.398545 0.228340 2.539378 1.000000
-0.040782 0.226490 2.499355 1.000000
-0.229749 0.273570 2.427076 0.000000
-0.210314 0.097019 2.608971 0.000000
-0.421058 -0.115588 2.507354 1.000000
0.004564 -0.119029 2.489998 0.903846
-0.203313 -0.115679 2.619359 0.000000
-0.461930 -0.038346 2.554666 1.000000
0.042204 -0.034500 2.518605 1.000000
-0.472967 -0.312535 2.458748 1.000000
0.064293 -0.317609 2.456457 1.000000
-0.465986 -0.374165 2.488302 0.492788
0.074472 -0.383795 2.471828 0.610577
-0.338542 -0.619717 2.495087 1.000000
-0.095544 -0.622085 2.511537 1.000000
-0.363283 -0.999410 2.604803 1.000000
-0.134327 -0.995075 2.638777 1.000000
-0.375826 -1.044953 2.444363 0.000000
-0.129236 -1.049523 2.480720 0.254808
-0.230420 0.513727 2.390894 1.000000
