-0.349476 0.329365 2.782428 1.000000
0.014600 0.320966 2.757874 1.000000
-0.173887 0.373966 2.657843 0.000000
-0.164011 0.188309 2.867772 0.000000
-0.380101 -0.029397 2.774540 0.163462
0.031261 -0.038472 2.728764 0.451923
-0.158898 -0.043472 2.893025 0.000000
-0.426279 0.055868 2.778566 1.000000
0.085690 0.046174 2.770113 1.000000
-0.405715 -0.232703 2.713150 1.000000
0.051994 -0.245327 2.726904 1.000000
-0.397122 -0.300070 2.697119 0.593750
0.036007 -0.312598 2.717515 0.459135
-0.288218 -0.564291 2.798219 1.000000
-0.058672 -0.567107 2.781994 1.000000
-0.293942 -0.982398 2.902693 1.000000
-0.070141 -0.986254 2.881722 1.000000
-0.314328 -1.021004 2.747076 0.000000
-0.083217 -1.023204 2.724922 0.000000
-0.161917 0.614635 2.688467 0.586538
-0.349594 0.327303 2.783281 1.000000
0.014643 0.324560 2.759850 1.000000
-0.174315 0.375188 2.659480 0.000000
-0.162273 0.188657 2.868520 0.000000
-0.380254 -0.031707 2.765222 0.336538
0.032714 -0.041317 2.737628 0.519231
-0.164472 -0.044699 2.893428 0.000000
-0.429143 0.054624 2.770716 1.000000
0.082071 0.048660 2.773010 1.000000
-0.408303 -0.235420 2.711109 1.000000
0.054885 -0.243988 2.731409 1.000000
-0.395373 -0.302044 2.694885 0.492788
0.044555 -0.312998 2.731514 0.593750
-0.289108 -0.566202 2.800035 1.000000
-0.061343 -0.570642 2.781398 1.000000
-0.289543 -0.984152 2.905291 1.000000
-0.066069 -0.988904 2.885299 1.000000
-0.303518 -1.023461 2.749143 0.000000
-0.072653 -1.027767 2.728555 0.000000
-0.158967 0.609409 2.702932 0.548077
-0.353061 0.322584 2.778190 1.000000
0.011463 0.323101 2.759553 1.000000
-0.176651 0.369683 2.655700 0.000000
-0.165501 0.187677 2.868740 0.000000
-0.377778 -0.034380 2.773191 0.221154
0.033773 -0.038850 2.728450 0.451923
-0.156699 -0.044087 2.892342 0.000000
-0.427852 0.045374 2.775340 1.000000
0.082063 0.045513 2.779759 1.000000
-0.398015 -0.245920 2.711131 1.000000
0.067446 -0.244985 2.707217 1.000000
-0.376388 -0.312202 2.708276 0.711538
0.054290 -0.305999 2.676020 0.778846
-0.287066 -0.567951 2.797156 1.000000
-0.055585 -0.568998 2.782975 1.000000
-0.289348 -0.985046 2.905724 1.000000
-0.068914 -0.987585 2.884800 1.000000
-0.309878 -1.025325 2.750551 0.000000
-0.081164 -1.025310 2.728117 0.000000
-0.171286 0.610415 2.697670 0.466346
-0.357161 0.314631 2.782191 1.000000
0.006940 0.328636 2.760759 1.000000
-0.183567 0.368683 2.658555 0.000000
-0.164065 0.186352 2.870714 0.000000
-0.371997 -0.034798 2.768844 0.115385
0.040657 -0.040434 2.735960 0.480769
-0.154483 -0.046151 2.894248 0.000000
-0.422527 0.035169 2.777224 1.000000
0.078707 0.052081 2.788386 1.000000
-0.390593 -0.252034 2.697824 1.000000
0.084484 -0.216067 2.654697 1.000000
-0.378821 -0.312789 2.730063 0.375000
0.077518 -0.278577 2.624481 0.593750
-0.287131 -0.568060 2.796996 1.000000
-0.056238 -0.571148 2.781904 1.000000
-0.292122 -0.985625 2.903655 1.000000
-0.068038 -0.989223 2.885997 1.000000
-0.308719 -1.025227 2.747838 0.000000
-0.076450 -1.027996 2.729317 0.000000
-0.191047 0.608790 2.685640 0.644231
-0.362619 0.319083 2.785204 1.000000
0.001425 0.333957 2.763391 1.000000
-0.189287 0.373720 2.661458 0.000000
-0.169132 0.191115 2.873320 0.000000
-0.367912 -0.032557 2.766433 0.153846
0.045208 -0.037007 2.739824 0.769231
-0.152307 -0.043909 2.895091 0.000000
-0.417945 0.038041 2.775877 1.000000
0.094707 0.064469 2.791799 1.000000
-0.388516 -0.251422 2.706118 1.000000
0.105611 -0.141663 2.575208 1.000000
-0.374990 -0.319875 2.706693 0.408654
0.101500 -0.197683 2.533808 0.492788
-0.285818 -0.565453 2.792863 1.000000
-0.054879 -0.568491 2.781070 1.000000
-0.290878 -0.981188 2.906443 1.000000
-0.068005 -0.986344 2.885892 1.000000
-0.305985 -1.023426 2.751168 0.000000
-0.074162 -1.025460 2.729193 0.000000
-0.191196 0.614320 2.701490 0.562500
-0.368921 0.315879 2.793264 1.000000
-0.005419 0.335524 2.766709 1.000000
-0.197984 0.374338 2.667943 0.000000
-0.172704 0.189098 2.876950 0.000000
-0.371369 -0.034754 2.763729 0.163462
0.042316 -0.029771 2.748357 0.663462
-0.159126 -0.042314 2.898128 0.000000
-0.419408 0.039305 2.769908 1.000000
0.141238 0.094578 2.761771 1.000000
-0.390390 -0.246648 2.705593 1.000000
0.116353 0.089555 2.468338 0.000000
-0.376943 -0.315060 2.708433 0.459135
0.102072 0.087818 2.400058 0.391827
-0.286270 -0.564749 2.793361 1.000000
-0.052957 -0.564171 2.782198 1.000000
-0.288878 -0.982152 2.900736 1.000000
-0.069494 -0.981861 2.887191 1.000000
-0.299274 -1.022273 2.744515 0.000000
-0.070246 -1.021234 2.730437 0.000000
-0.199033 0.608301 2.703386 0.644231
-0.362486 0.320699 2.779641 1.000000
0.002081 0.338454 2.778805 0.000000
-0.182816 0.377947 2.666575 0.000000
-0.173335 0.193180 2.877307 0.000000
-0.372832 -0.032076 2.760537 0.221154
0.041079 -0.029672 2.752339 0.778846
-0.162998 -0.042088 2.898509 0.000000
-0.419491 0.047998 2.766343 1.000000
0.153853 0.123633 2.686016 1.000000
-0.395069 -0.236448 2.709026 1.000000
0.119082 0.297169 2.454785 1.000000
-0.376350 -0.303543 2.704907 0.627404
0.077467 0.334362 2.412905 0.879808
-0.288447 -0.562294 2.796222 1.000000
-0.057067 -0.563532 2.781446 1.000000
-0.289903 -0.979474 2.904482 1.000000
-0.069993 -0.981576 2.885528 1.000000
-0.297588 -1.020000 2.748209 0.000000
-0.068763 -1.020659 2.728704 0.000000
-0.188555 0.614126 2.698742 0.673077
-0.357073 0.327685 2.776156 1.000000
0.007266 0.343410 2.791489 1.000000
-0.172509 0.388079 2.673049 0.000000
-0.172781 0.195569 2.876951 0.000000
-0.373052 -0.024047 2.748839 0.259615
0.040781 -0.031820 2.757665 0.855769
-0.169331 -0.036565 2.895497 0.000000
-0.416876 0.056367 2.764266 1.000000
0.166814 0.209164 2.607494 1.000000
-0.400491 -0.228060 2.708396 1.000000
0.080821 0.456902 2.482916 1.000000
-0.387626 -0.296231 2.715901 0.526442
0.054932 0.519418 2.465870 1.000000
-0.285500 -0.557584 2.794371 1.000000
-0.058906 -0.562740 2.782794 1.000000
-0.291535 -0.974071 2.905115 1.000000
-0.067501 -0.981306 2.885211 1.000000
-0.292154 -1.015595 2.748916 0.000000
-0.060501 -1.019820 2.728398 0.000000
-0.175636 0.611179 2.688919 0.778846
-0.348399 0.327017 2.779787 1.000000
0.015765 0.324539 2.804344 0.576923
-0.159125 0.397143 2.692610 0.000000
-0.171849 0.171426 2.858521 0.000000
-0.365640 -0.014393 2.739562 0.326923
0.047338 -0.038531 2.755768 0.836538
-0.164913 -0.029444 2.890060 0.000000
-0.407578 0.053368 2.769859 1.000000
0.121588 0.288994 2.547394 1.000000
-0.400806 -0.230167 2.698387 1.000000
0.036742 0.563757 2.493987 1.000000
-0.385826 -0.298249 2.695306 0.661058
0.015974 0.624387 2.521586 1.000000
-0.284888 -0.551928 2.796996 1.000000
-0.058585 -0.564859 2.779866 1.000000
-0.292111 -0.969497 2.903507 1.000000
-0.070171 -0.982054 2.887452 1.000000
-0.290410 -1.009470 2.746912 0.000000
-0.060570 -1.022593 2.731288 0.000000
-0.176627 0.603043 2.696033 0.774038
-0.345021 0.330989 2.783356 1.000000
0.019340 0.317395 2.800124 0.278846
-0.155619 0.392209 2.689967 0.000000
-0.171795 0.172207 2.863098 0.000000
-0.364272 -0.016403 2.736580 0.240385
0.048369 -0.042462 2.757666 0.971154
-0.165399 -0.032196 2.889444 0.000000
-0.409739 0.057500 2.788756 1.000000
0.097865 0.279352 2.532916 1.000000
-0.399525 -0.223266 2.703972 1.000000
-0.027019 0.536607 2.466993 1.000000
-0.382654 -0.289426 2.689575 0.661058
-0.036299 0.602032 2.444574 0.862981
-0.287000 -0.554117 2.796372 1.000000
-0.052721 -0.567766 2.781701 1.000000
-0.290022 -0.972001 2.901845 1.000000
-0.070790 -0.985282 2.887130 1.000000
-0.287092 -1.011568 2.745165 0.000000
-0.058186 -1.025244 2.731031 0.000000
-0.172326 0.606200 2.684826 1.000000
-0.331568 0.344463 2.790040 1.000000
0.032162 0.315786 2.800187 0.000000
-0.141812 0.393085 2.690186 0.000000
-0.163566 0.182060 2.873575 0.000000
-0.365713 -0.014868 2.744847 0.240385
0.047367 -0.042402 2.746544 0.826923
-0.160041 -0.032869 2.888172 0.000000
-0.406861 0.073433 2.796267 1.000000
0.101042 0.270151 2.531230 0.984615
-0.403731 -0.207784 2.711448 1.000000
-0.104916 0.420593 2.385505 1.000000
-0.384102 -0.273163 2.696978 0.560096
-0.145043 0.456441 2.341077 0.475962
-0.282801 -0.553971 2.794258 1.000000
-0.052189 -0.566787 2.779258 1.000000
-0.289916 -0.971540 2.900778 1.000000
-0.070751 -0.983231 2.888760 1.000000
-0.293619 -1.011420 2.744194 0.000000
-0.065096 -1.024543 2.732607 0.000000
-0.201513 0.605345 2.689163 1.000000
-0.342393 0.322955 2.787408 1.000000
0.022427 0.312667 2.792460 0.000000
-0.156710 0.382848 2.686032 0.000000
-0.165262 0.167934 2.865963 0.000000
-0.362869 -0.023799 2.752781 0.230769
0.050194 -0.048149 2.739305 0.653846
-0.151990 -0.041034 2.888430 0.000000
-0.404112 0.050004 2.807305 1.000000
0.095788 0.286283 2.522961 1.000000
-0.399264 -0.225165 2.707069 1.000000
-0.164353 0.366193 2.414657 1.000000
-0.368977 -0.287632 2.700021 0.442308
-0.228611 0.339244 2.410949 0.778846
-0.287403 -0.561400 2.796030 1.000000
-0.051538 -0.573536 2.778411 1.000000
-0.288767 -0.979533 2.900547 1.000000
-0.071549 -0.989460 2.889625 1.000000
-0.299383 -1.018610 2.744077 0.000000
-0.071872 -1.031195 2.733481 0.000000
-0.203094 0.602496 2.700172 0.836538
-0.333937 0.338959 2.791215 1.000000
0.029592 0.307543 2.781982 0.000000
-0.148965 0.390485 2.684103 0.000000
-0.163382 0.172132 2.859461 0.000000
-0.364692 -0.021958 2.763415 0.163462
0.047139 -0.045950 2.728556 0.826923
-0.146950 -0.037270 2.887998 0.000000
-0.408821 0.069374 2.804846 1.000000
0.077673 0.308165 2.506016 1.000000
-0.401247 -0.212495 2.727248 1.000000
-0.170805 0.449083 2.443328 1.000000
-0.377655 -0.270520 2.696497 0.492788
-0.233627 0.425605 2.424063 0.610577
-0.287420 -0.560175 2.797509 1.000000
-0.052076 -0.570983 2.779472 1.000000
-0.288631 -0.979669 2.896427 1.000000
-0.069296 -0.987415 2.889238 1.000000
-0.306894 -1.016475 2.740112 0.000000
-0.078042 -1.028212 2.733091 0.000000
-0.207815 0.605358 2.700628 0.432692
-0.311755 0.359063 2.790049 1.000000
0.047436 0.300465 2.773914 0.000000
-0.126230 0.392836 2.676991 0.000000
-0.152290 0.182524 2.860638 0.000000
-0.368853 -0.016130 2.752660 0.221154
0.044233 -0.040461 2.739847 1.000000
-0.158063 -0.031199 2.888703 0.000000
-0.408201 0.094521 2.795679 1.000000
0.057242 0.335763 2.494676 1.000000
-0.405074 -0.191747 2.728658 1.000000
-0.169610 0.519131 2.457716 1.000000
-0.398703 -0.259119 2.711641 0.627404
-0.217470 0.562761 2.483694 1.000000
-0.287762 -0.554750 2.793417 1.000000
-0.054904 -0.565803 2.779257 1.000000
-0.288782 -0.973213 2.896613 1.000000
-0.068391 -0.982709 2.887737 1.000000
-0.298537 -1.011818 2.739970 0.000000
-0.068792 -1.023397 2.731318 0.000000
-0.202377 0.601318 2.702615 0.052885
-0.306294 0.368015 2.789339 1.000000
0.049432 0.299176 2.766931 0.019231
-0.123443 0.389615 2.669167 0.000000
-0.149236 0.192082 2.866530 0.000000
-0.370920 -0.010128 2.755741 0.250000
0.041314 -0.040990 2.733231 0.875000
-0.157472 -0.031376 2.886721 0.000000
-0.409961 0.101151 2.798106 1.000000
0.068953 0.324400 2.482286 1.000000
-0.410754 -0.188602 2.724190 1.000000
-0.127278 0.547975 2.451808 1.000000
-0.400790 -0.257643 2.722407 0.644231
-0.185187 0.586391 2.458118 0.677885
-0.287502 -0.550804 2.792572 1.000000
-0.058967 -0.563938 2.776419 1.000000
-0.289334 -0.969579 2.894482 1.000000
-0.068403 -0.980620 2.886185 1.000000
-0.302342 -1.007618 2.737936 0.000000
-0.073167 -1.021673 2.729933 0.000000
-0.195505 0.606900 2.689370 0.235577
-0.301130 0.368361 2.783781 1.000000
0.057261 0.299451 2.789453 0.000000
-0.109477 0.389770 2.678173 0.019231
-0.150434 0.192841 2.873565 0.000000
-0.372529 -0.011078 2.739686 0.240385
0.040399 -0.039111 2.749710 1.000000
-0.169988 -0.031991 2.887019 0.000000
-0.410550 0.101415 2.797369 1.000000
0.092003 0.278174 2.503520 1.000000
-0.410572 -0.191649 2.726404 1.000000
-0.096169 0.484482 2.389720 1.000000
-0.396847 -0.259204 2.715585 0.627404
-0.139415 0.531959 2.362428 0.000000
-0.287087 -0.550175 2.791817 1.000000
-0.059044 -0.563667 2.772655 1.000000
-0.289782 -0.967120 2.900956 1.000000
-0.070136 -0.978382 2.889486 1.000000
-0.290433 -1.008043 2.744599 0.000000
-0.061308 -1.022361 2.734210 0.000000
-0.191192 0.607451 2.684295 0.706731
-0.321856 0.342814 2.785151 1.000000
0.041573 0.315585 2.805228 0.000000
-0.129736 0.389908 2.689160 0.000000
-0.155598 0.182816 2.876458 0.000000
-0.372475 -0.013712 2.742922 0.278846
0.040855 -0.035798 2.751080 1.000000
-0.169101 -0.033807 2.889218 0.000000
-0.412927 0.066593 2.799300 1.000000
0.124563 0.210486 2.546656 0.692308
-0.406417 -0.227294 2.721784 1.000000
-0.019990 0.331802 2.308313 1.000000
-0.391137 -0.293959 2.707949 0.543269
-0.060592 0.373918 2.270276 0.072115
-0.287747 -0.550751 2.793845 1.000000
-0.063788 -0.562886 2.768481 1.000000
-0.290735 -0.967194 2.904876 1.000000
-0.068968 -0.976821 2.888445 1.000000
-0.292137 -1.008820 2.748709 0.000000
-0.061946 -1.021850 2.733378 0.000000
-0.196109 0.607659 2.697637 0.615385
-0.357201 0.318448 2.794151 1.000000
0.006686 0.334774 2.770806 1.000000
-0.184678 0.377854 2.671477 0.000000
-0.162997 0.187726 2.876459 0.000000
-0.378197 -0.034185 2.766225 0.173077
0.035132 -0.031388 2.742831 1.000000
-0.163423 -0.046245 2.896202 0.000000
-0.425815 0.038085 2.800852 1.000000
0.130132 0.131857 2.606668 1.000000
-0.401495 -0.247996 2.709083 1.000000
0.093292 0.088174 2.310712 0.750000
-0.393457 -0.316058 2.722199 0.509615
0.085387 0.077221 2.242253 0.000000
-0.291471 -0.564109 2.798409 1.000000
-0.062932 -0.565522 2.770852 1.000000
-0.291860 -0.981431 2.906129 1.000000
-0.070887 -0.980809 2.885894 1.000000
-0.304785 -1.021685 2.750131 0.000000
-0.074866 -1.023873 2.730162 0.000000
-0.189130 0.612898 2.740530 0.466346
-0.369167 0.316306 2.799940 1.000000
-0.007347 0.331304 2.754261 1.000000
-0.204371 0.369604 2.664500 0.000000
-0.170108 0.189640 2.876810 0.000000
-0.379727 -0.036315 2.770788 0.144231
0.032644 -0.034377 2.734149 0.961538
-0.160918 -0.048131 2.893874 0.000000
-0.426164 0.037069 2.798109 1.000000
0.120149 0.096092 2.656049 1.000000
-0.404640 -0.248135 2.716080 1.000000
0.114038 0.035632 2.364775 0.528846
-0.398911 -0.317214 2.724105 0.375000
0.133837 -0.021030 2.329187 0.576923
-0.290795 -0.567063 2.797014 1.000000
-0.060549 -0.567242 2.775604 1.000000
-0.293899 -0.984299 2.905023 1.000000
-0.068817 -0.983915 2.885497 1.000000
-0.311390 -1.024444 2.749443 0.000000
-0.077818 -1.024901 2.729414 0.000000
-0.188647 0.610377 2.734901 0.475962
-0.367721 0.319613 2.805199 1.000000
-0.006389 0.331633 2.755008 1.000000
-0.204105 0.375093 2.669206 0.000000
-0.169253 0.188213 2.875356 0.000000
-0.381733 -0.036697 2.782510 0.134615
0.028430 -0.033028 2.726394 1.000000
-0.157293 -0.046739 2.895173 0.000000
-0.428733 0.043032 2.799694 1.000000
0.110916 0.081584 2.692039 1.000000
-0.407230 -0.243309 2.728870 1.000000
0.120454 -0.047888 2.426303 0.951923
-0.400804 -0.312031 2.718615 0.358173
0.135600 -0.110626 2.399777 0.980769
-0.290079 -0.567938 2.796306 1.000000
-0.058192 -0.565536 2.779165 1.000000
-0.293115 -0.985527 2.902942 1.000000
-0.072223 -0.983519 2.883348 1.000000
-0.317645 -1.024886 2.748114 0.000000
-0.087943 -1.021926 2.727142 0.000000
-0.191389 0.610107 2.744587 0.384615
-0.363763 0.322039 2.809371 1.000000
-0.003358 0.332424 2.752584 1.000000
-0.202392 0.377229 2.670607 0.000000
-0.164718 0.189353 2.875350 0.000000
-0.382483 -0.032788 2.796505 0.153846
0.022531 -0.032173 2.710716 1.000000
-0.150506 -0.043183 2.892663 0.000000
-0.433664 0.046370 2.800016 1.000000
0.090444 0.064786 2.729395 1.000000
-0.405527 -0.240118 2.726640 1.000000
0.096404 -0.182659 2.565119 1.000000
-0.386125 -0.307003 2.722280 0.543269
0.092679 -0.245270 2.534541 0.947115
-0.292040 -0.565462 2.798380 1.000000
-0.059427 -0.563006 2.777487 1.000000
-0.294968 -0.983337 2.903893 1.000000
-0.068812 -0.981048 2.881957 1.000000
-0.330518 -1.021702 2.750965 0.000000
-0.096180 -1.019089 2.727275 0.000000
-0.194964 0.611792 2.728881 0.365385
-0.360980 0.323149 2.803087 1.000000
0.000768 0.327062 2.754629 1.000000
-0.195439 0.376382 2.668533 0.000000
-0.166070 0.186102 2.872413 0.000000
-0.378908 -0.033210 2.792975 0.173077
0.027773 -0.035362 2.715500 0.480769
-0.149011 -0.044404 2.893919 0.000000
-0.428879 0.045256 2.800237 1.000000
0.071903 0.050536 2.736862 1.000000
-0.403933 -0.244148 2.730747 1.000000
0.064873 -0.241473 2.674512 1.000000
-0.381020 -0.309927 2.734889 0.307692
0.047423 -0.307422 2.659840 0.879808
-0.291087 -0.566449 2.799082 1.000000
-0.060625 -0.566166 2.777688 1.000000
-0.297275 -0.984935 2.902000 1.000000
-0.068617 -0.983156 2.886391 1.000000
-0.329878 -1.022285 2.748167 0.000000
-0.093176 -1.023013 2.731694 0.000000
-0.167030 0.605538 2.714351 0.456731
