-0.291898 0.335717 2.755857 1.000000
-0.005639 0.344971 2.717242 1.000000
-0.164864 0.374508 2.625412 0.000000
-0.131927 0.202863 2.828451 0.000000
-0.320935 -0.027271 2.740073 0.413462
0.012008 -0.037050 2.698161 0.509615
-0.140469 -0.017315 2.826823 0.000000
-0.369967 0.073756 2.777724 1.000000
0.055690 0.078368 2.698320 1.000000
-0.388047 -0.207896 2.744223 1.000000
0.066459 -0.202264 2.654653 1.000000
-0.399239 -0.260084 2.741189 0.206731
0.048769 -0.250257 2.639101 0.307692
-0.280233 -0.516337 2.806702 1.000000
-0.059807 -0.525337 2.775684 1.000000
-0.323650 -0.901726 2.836881 1.000000
-0.060040 -0.908001 2.845610 1.000000
-0.336901 -0.908757 2.728035 0.000000
-0.072966 -0.927607 2.738274 0.000000
-0.151005 0.601577 2.656717 1.000000
-0.293208 0.339467 2.757841 1.000000
-0.006598 0.349053 2.722014 1.000000
-0.164946 0.380283 2.629230 0.000000
-0.134034 0.205253 2.829681 0.000000
-0.329290 -0.016248 2.741667 0.221154
0.003280 -0.036589 2.700594 0.471154
-0.149042 -0.016816 2.829433 0.000000
-0.370909 0.075813 2.757686 1.000000
0.050945 0.080446 2.731488 1.000000
-0.384912 -0.207492 2.731236 1.000000
0.036860 -0.203806 2.718835 1.000000
-0.388418 -0.256238 2.752908 0.324519
0.044594 -0.256693 2.717703 0.358173
-0.278756 -0.510691 2.804328 1.000000
-0.059952 -0.521059 2.777539 1.000000
-0.325323 -0.895631 2.835535 1.000000
-0.059704 -0.905386 2.837655 1.000000
-0.338656 -0.902840 2.726710 0.000000
-0.072775 -0.922253 2.729872 0.000000
-0.146833 0.600887 2.648057 1.000000
-0.294054 0.344293 2.753070 1.000000
-0.006677 0.351585 2.723371 1.000000
-0.162769 0.381728 2.626496 0.000000
-0.137279 0.210749 2.831162 0.000000
-0.323728 -0.016552 2.736738 0.317308
0.010039 -0.030715 2.703537 0.403846
-0.145662 -0.014929 2.828839 0.000000
-0.371733 0.080744 2.752128 1.000000
0.055045 0.084896 2.747038 1.000000
-0.386201 -0.203372 2.739322 1.000000
0.049412 -0.199508 2.733692 1.000000
-0.381427 -0.254508 2.724475 0.257212
0.046598 -0.250109 2.716671 0.223558
-0.280904 -0.507920 2.803114 1.000000
-0.058887 -0.517678 2.777681 1.000000
-0.323808 -0.892910 2.838660 1.000000
-0.058137 -0.902172 2.836717 1.000000
-0.334490 -0.901783 2.729666 0.000000
-0.068758 -0.918789 2.728626 0.000000
-0.142774 0.605502 2.648513 1.000000
-0.299742 0.343240 2.752778 1.000000
-0.011682 0.347523 2.729875 1.000000
-0.165097 0.381590 2.630067 0.000000
-0.146457 0.206175 2.831695 0.000000
-0.325015 -0.023534 2.733041 0.500000
0.009667 -0.023922 2.706756 0.519231
-0.149106 -0.015541 2.828876 0.000000
-0.373366 0.077504 2.755142 1.000000
0.051522 0.080694 2.759017 1.000000
-0.385415 -0.206587 2.726295 1.000000
0.056227 -0.202746 2.722630 1.000000
-0.382224 -0.258857 2.737055 0.576923
0.044684 -0.250236 2.700961 0.543269
-0.285514 -0.509831 2.801896 1.000000
-0.066016 -0.516062 2.774697 1.000000
-0.322910 -0.895446 2.836876 1.000000
-0.063358 -0.899467 2.840379 1.000000
-0.330861 -0.904581 2.727670 0.000000
-0.071328 -0.918025 2.732376 0.000000
-0.150141 0.602414 2.650706 1.000000
-0.305555 0.338330 2.741564 1.000000
-0.016639 0.339887 2.734805 1.000000
-0.163909 0.372320 2.625636 0.000000
-0.158150 0.202369 2.832652 0.000000
-0.329385 -0.023941 2.725745 0.451923
0.006024 -0.030426 2.713008 0.528846
-0.157379 -0.019261 2.828626 0.000000
-0.379080 0.071728 2.753096 1.000000
0.046845 0.070755 2.747174 1.000000
-0.393912 -0.212555 2.717541 1.000000
0.059821 -0.212445 2.703236 1.000000
-0.384965 -0.265120 2.713663 0.475962
0.036462 -0.252339 2.676385 0.375000
-0.287209 -0.512409 2.800114 1.000000
-0.065562 -0.520505 2.776382 1.000000
-0.322960 -0.898306 2.833680 1.000000
-0.065298 -0.904014 2.841513 1.000000
-0.326699 -0.907478 2.724253 0.000000
-0.068736 -0.922404 2.733243 0.000000
-0.155787 0.600531 2.658905 1.000000
-0.311639 0.330137 2.748074 1.000000
-0.023118 0.335802 2.732451 1.000000
-0.174120 0.367264 2.628207 0.000000
-0.159646 0.195345 2.833161 0.000000
-0.337685 -0.031074 2.725033 0.490385
-0.002353 -0.036058 2.709828 0.557692
-0.164925 -0.023499 2.826469 0.000000
-0.385422 0.062638 2.742670 1.000000
0.043890 0.066666 2.742689 1.000000
-0.396723 -0.223938 2.720495 1.000000
0.055467 -0.205232 2.649508 1.000000
-0.392871 -0.277048 2.715747 0.307692
0.041997 -0.255311 2.636516 0.240385
-0.282117 -0.520440 2.800327 1.000000
-0.064464 -0.525324 2.778212 1.000000
-0.323446 -0.905570 2.836221 1.000000
-0.063093 -0.908357 2.846070 1.000000
-0.327783 -0.915296 2.726863 0.000000
-0.066817 -0.927526 2.737944 0.000000
-0.156700 0.595150 2.663939 1.000000
-0.316483 0.320434 2.745606 1.000000
-0.028454 0.341079 2.734014 1.000000
-0.179358 0.363735 2.627370 0.000000
-0.158909 0.194489 2.834032 0.000000
-0.329436 -0.029549 2.723033 0.625000
0.005904 -0.039804 2.710992 1.000000
-0.157576 -0.025874 2.826199 0.000000
-0.382389 0.050229 2.742435 1.000000
0.054773 0.075750 2.727851 1.000000
-0.394712 -0.236627 2.716594 1.000000
0.075547 -0.170585 2.579549 1.000000
-0.391391 -0.285733 2.737465 0.408654
0.051632 -0.213565 2.558598 0.644231
-0.281181 -0.520196 2.796602 1.000000
-0.063524 -0.527808 2.779951 1.000000
-0.322994 -0.904825 2.837018 1.000000
-0.063583 -0.911157 2.846017 1.000000
-0.326750 -0.915897 2.727767 0.000000
-0.066925 -0.929809 2.737788 0.000000
-0.167083 0.593705 2.665533 1.000000
-0.325621 0.321254 2.743727 1.000000
-0.039353 0.358421 2.757521 1.000000
-0.182198 0.378712 2.639869 0.000000
-0.168485 0.199402 2.838444 0.000000
-0.327097 -0.025743 2.709918 0.596154
0.008217 -0.030756 2.725474 0.990385
-0.164419 -0.022051 2.827028 0.000000
-0.384031 0.050090 2.739254 1.000000
0.089200 0.120602 2.695250 1.000000
-0.393983 -0.236445 2.717546 1.000000
0.120803 -0.060331 2.474032 1.000000
-0.388619 -0.288925 2.726221 0.341346
0.105225 -0.105529 2.450102 0.358173
-0.283367 -0.513292 2.796202 1.000000
-0.060733 -0.521203 2.779198 1.000000
-0.324982 -0.897999 2.836075 1.000000
-0.061265 -0.904273 2.846857 1.000000
-0.319339 -0.909915 2.726994 0.000000
-0.055167 -0.923363 2.738825 0.000000
-0.183406 0.598565 2.665426 1.000000
-0.336165 0.325003 2.746769 1.000000
-0.050430 0.365464 2.762230 1.000000
-0.192869 0.384475 2.643875 0.000000
-0.178126 0.204681 2.841937 0.000000
-0.331527 -0.022827 2.709978 0.673077
0.003734 -0.021800 2.727363 0.692308
-0.169581 -0.018452 2.828075 0.000000
-0.388392 0.054143 2.746165 1.000000
0.105893 0.154659 2.677276 1.000000
-0.393093 -0.229419 2.709971 1.000000
0.138538 0.064696 2.407868 0.538462
-0.383723 -0.281682 2.716210 0.543269
0.144778 0.017099 2.384338 0.257212
-0.282659 -0.509735 2.792177 1.000000
-0.060760 -0.514325 2.775783 1.000000
-0.321232 -0.894631 2.833261 1.000000
-0.058568 -0.897363 2.843592 1.000000
-0.314800 -0.906910 2.724264 0.000000
-0.051526 -0.916438 2.735615 0.000000
-0.188950 0.603489 2.668164 1.000000
-0.336377 0.327392 2.749092 1.000000
-0.050696 0.368916 2.762610 1.000000
-0.194008 0.387412 2.645232 0.000000
-0.177245 0.207647 2.843160 0.000000
-0.332712 -0.017401 2.709542 0.692308
0.002662 -0.018519 2.724585 0.961538
-0.169925 -0.014939 2.826533 0.000000
-0.388877 0.057923 2.739660 1.000000
0.123857 0.183207 2.660130 1.000000
-0.394907 -0.225354 2.711799 1.000000
0.139392 0.228578 2.379490 0.461538
-0.390687 -0.278605 2.709631 0.576923
0.108846 0.248324 2.340309 0.391827
-0.281192 -0.505063 2.791942 1.000000
-0.063562 -0.510164 2.776437 1.000000
-0.325707 -0.889425 2.832010 1.000000
-0.062698 -0.894847 2.834226 1.000000
-0.319967 -0.901459 2.722946 0.000000
-0.056933 -0.911134 2.725718 0.000000
-0.184589 0.607211 2.671719 1.000000
-0.333996 0.321946 2.752042 1.000000
-0.046491 0.350156 2.760177 1.000000
-0.191154 0.377047 2.646126 0.000000
-0.178664 0.193573 2.840941 0.000000
-0.331673 -0.023140 2.712150 0.740385
0.003806 -0.032620 2.720353 1.000000
-0.166526 -0.024857 2.825799 0.000000
-0.393427 0.056499 2.740534 1.000000
0.173283 0.290108 2.611113 1.000000
-0.397271 -0.224057 2.710524 1.000000
0.126184 0.462221 2.392513 1.000000
-0.389147 -0.274340 2.694283 0.543269
0.103386 0.492901 2.355135 0.408654
-0.280725 -0.513258 2.793113 1.000000
-0.066723 -0.522008 2.773794 1.000000
-0.323127 -0.897798 2.833761 1.000000
-0.062793 -0.906073 2.835434 1.000000
-0.320138 -0.909670 2.724570 0.000000
-0.059675 -0.923447 2.726986 0.000000
-0.193820 0.598203 2.681439 1.000000
-0.329946 0.313574 2.753544 1.000000
-0.043405 0.350997 2.749680 1.000000
-0.193394 0.372360 2.641490 0.000000
-0.167064 0.190925 2.836836 0.000000
-0.331314 -0.027508 2.715131 0.759615
0.004186 -0.037972 2.709343 1.000000
-0.161555 -0.028913 2.821772 0.000000
-0.396489 0.049071 2.754636 1.000000
0.172931 0.368271 2.584478 1.000000
-0.395397 -0.229495 2.706556 1.000000
0.113891 0.591388 2.421243 1.000000
-0.393044 -0.282863 2.704443 0.560096
0.087109 0.632039 2.399147 0.459135
-0.284370 -0.517352 2.793058 1.000000
-0.068284 -0.526734 2.770962 1.000000
-0.323743 -0.902251 2.833351 1.000000
-0.061086 -0.910174 2.836095 1.000000
-0.325375 -0.913525 2.724068 0.000000
-0.062780 -0.928604 2.727790 0.000000
-0.194102 0.597748 2.688406 1.000000
-0.329422 0.310733 2.765131 1.000000
-0.048507 0.349511 2.739552 1.000000
-0.202477 0.371857 2.643447 0.000000
-0.159791 0.188098 2.833664 0.000000
-0.325893 -0.023566 2.727958 0.730769
0.007862 -0.039265 2.695330 1.000000
-0.148203 -0.028159 2.820681 0.000000
-0.395143 0.045159 2.760443 1.000000
0.140412 0.441878 2.564484 1.000000
-0.394274 -0.234093 2.711004 1.000000
0.109132 0.697643 2.446025 1.000000
-0.395816 -0.287294 2.716048 0.492788
0.089182 0.741898 2.423629 0.341346
-0.284882 -0.514823 2.795260 1.000000
-0.069870 -0.526459 2.767127 1.000000
-0.325842 -0.900062 2.830386 1.000000
-0.063544 -0.909897 2.832368 1.000000
-0.336340 -0.908886 2.721370 0.000000
-0.074439 -0.928411 2.724614 0.000000
-0.202750 0.595561 2.689313 1.000000
-0.332366 0.298756 2.786114 1.000000
-0.061748 0.348293 2.721068 1.000000
-0.226765 0.364848 2.647772 0.000000
-0.149948 0.182964 2.828850 0.000000
-0.323288 -0.024986 2.747262 0.173077
0.002066 -0.043028 2.666499 1.000000
-0.134002 -0.029821 2.813140 0.000000
-0.393078 0.032861 2.784121 1.000000
0.106556 0.475728 2.548371 1.000000
-0.394957 -0.242297 2.719348 1.000000
0.106310 0.745366 2.463483 1.000000
-0.391023 -0.295567 2.717145 0.526442
0.110553 0.798650 2.464464 0.576923
-0.284763 -0.516892 2.801030 1.000000
-0.071800 -0.527808 2.764124 1.000000
-0.327838 -0.902448 2.829524 1.000000
-0.064716 -0.911901 2.825309 1.000000
-0.353913 -0.907415 2.722904 0.000000
-0.091720 -0.929142 2.720209 0.000000
-0.199084 0.589252 2.687837 1.000000
-0.332787 0.308953 2.805864 1.000000
-0.070669 0.344543 2.708577 1.000000
-0.241542 0.365777 2.653866 0.000000
-0.151240 0.186965 2.831752 0.000000
-0.317575 -0.020570 2.766336 0.067308
-0.003686 -0.041809 2.649181 1.000000
-0.122081 -0.027065 2.810295 0.000000
-0.389925 0.042087 2.792745 1.000000
0.083596 0.465465 2.518223 1.000000
-0.396803 -0.237077 2.745683 1.000000
0.103178 0.730319 2.419919 1.000000
-0.395841 -0.290357 2.749980 0.459135
0.097502 0.782781 2.411339 0.846154
-0.283986 -0.514257 2.802998 1.000000
-0.073764 -0.525157 2.760474 1.000000
-0.329710 -0.899595 2.830292 1.000000
-0.064440 -0.908201 2.827640 1.000000
-0.367845 -0.902366 2.727284 0.000000
-0.103351 -0.926866 2.726595 0.000000
-0.202860 0.594645 2.697444 1.000000
-0.334341 0.286589 2.809087 1.000000
-0.078572 0.334316 2.697961 0.913462
-0.253781 0.345783 2.652039 0.000000
-0.145651 0.174454 2.827327 0.000000
-0.316764 -0.030244 2.773804 0.288462
-0.008727 -0.050185 2.641824 1.000000
-0.119314 -0.034332 2.808292 0.000000
-0.392515 0.018710 2.807445 1.000000
0.054326 0.446676 2.486161 1.000000
-0.393280 -0.260403 2.754357 1.000000
0.079250 0.694528 2.349520 1.000000
-0.406078 -0.309038 2.772495 0.206731
0.073282 0.745127 2.333327 0.913462
-0.288539 -0.522405 2.809218 1.000000
-0.075804 -0.533192 2.762176 1.000000
-0.328814 -0.908713 2.830787 1.000000
-0.066045 -0.916968 2.824957 0.931731
-0.372049 -0.909845 2.729782 0.000000
-0.109756 -0.934324 2.725657 0.000000
-0.207339 0.580152 2.700633 1.000000
-0.331283 0.289066 2.788805 1.000000
-0.064688 0.317910 2.690538 0.740385
-0.238473 0.331753 2.633170 0.000000
-0.149110 0.171877 2.828683 0.000000
-0.322346 -0.042224 2.765208 0.307692
-0.006353 -0.063914 2.653940 1.000000
-0.127495 -0.043456 2.812365 0.000000
-0.390842 0.023804 2.819044 1.000000
0.001443 0.381145 2.432752 0.676923
-0.395360 -0.257313 2.782558 1.000000
-0.022346 0.546638 2.203787 1.000000
-0.416462 -0.306407 2.784153 0.173077
-0.030514 0.586726 2.169374 0.795673
-0.290520 -0.533805 2.814980 1.000000
-0.073445 -0.546727 2.766435 1.000000
-0.330761 -0.920323 2.832458 1.000000
-0.066051 -0.930506 2.829523 1.000000
-0.367071 -0.921232 2.728761 0.000000
-0.103081 -0.947980 2.727562 0.000000
-0.209373 0.576040 2.709471 1.000000
-0.303866 0.287069 2.802469 0.000000
-0.046659 0.303883 2.673951 0.000000
-0.227370 0.320945 2.636160 0.000000
-0.121736 0.165723 2.827260 0.000000
-0.314841 -0.042179 2.787332 0.076923
-0.013249 -0.071410 2.642794 1.000000
-0.116133 -0.048069 2.813272 0.000000
-0.386859 0.029309 2.825316 1.000000
0.007914 0.303917 2.407733 0.461538
-0.388763 -0.248749 2.780465 1.000000
-0.102856 0.345891 2.152196 1.000000
-0.393015 -0.298678 2.799094 0.156250
-0.131054 0.323927 2.112439 1.000000
-0.289747 -0.537347 2.816454 1.000000
-0.072835 -0.551618 2.765714 1.000000
-0.327732 -0.924206 2.831211 1.000000
-0.062833 -0.934845 2.831728 1.000000
-0.375485 -0.923292 2.732259 0.000000
-0.111022 -0.952828 2.734636 0.000000
-0.208084 0.569405 2.729629 1.000000
-0.239414 0.273468 2.824939 0.000000
0.016775 0.279381 2.691323 0.855769
-0.162096 0.322399 2.662810 0.067308
-0.072543 0.129719 2.825986 0.000000
-0.312255 -0.060085 2.799665 0.528846
-0.016860 -0.088247 2.642654 1.000000
-0.112671 -0.066668 2.817431 0.000000
-0.384319 0.045905 2.838852 0.938462
-0.002309 0.260426 2.422525 0.707692
-0.386447 -0.231555 2.801397 1.000000
-0.165920 0.171442 2.213468 1.000000
-0.393610 -0.283952 2.793564 0.072115
-0.203269 0.139915 2.191808 0.778846
-0.290892 -0.554457 2.826147 1.000000
-0.072024 -0.568471 2.769757 1.000000
-0.330766 -0.941346 2.833062 1.000000
-0.063203 -0.952211 2.832895 1.000000
-0.382512 -0.937744 2.736201 0.000000
-0.115399 -0.969075 2.737692 0.000000
-0.196691 0.526380 2.736222 1.000000
-0.332482 0.274719 2.787047 1.000000
-0.066116 0.307475 2.679823 0.461538
-0.244644 0.312277 2.627260 0.019231
-0.145619 0.165744 2.828491 0.000000
-0.313775 -0.050706 2.778684 0.086538
0.000247 -0.069212 2.661421 1.000000
-0.118056 -0.049806 2.822108 0.000000
-0.386939 0.025527 2.873443 0.569231
-0.056644 0.202089 2.432173 1.000000
-0.384436 -0.247863 2.817226 0.634615
-0.262427 0.043379 2.330323 1.000000
-0.383971 -0.300302 2.806831 0.000000
-0.296535 0.005233 2.345802 0.677885
-0.284361 -0.540409 2.829429 1.000000
-0.068181 -0.554698 2.765490 1.000000
-0.329619 -0.926746 2.833421 1.000000
-0.064982 -0.937745 2.833208 1.000000
-0.367355 -0.923391 2.730284 0.000000
-0.103381 -0.955978 2.731889 0.000000
-0.209610 0.565963 2.709166 1.000000
-0.307097 0.290551 2.829668 0.644231
-0.067534 0.331216 2.673217 0.346154
-0.252862 0.341845 2.659123 0.000000
-0.118446 0.177129 2.822133 0.000000
-0.299304 -0.029265 2.812085 0.182692
-0.016547 -0.045372 2.631830 1.000000
-0.098839 -0.027409 2.813758 0.000000
-0.370474 0.033154 2.859206 0.246154
-0.065553 0.228035 2.427265 1.000000
-0.380915 -0.242244 2.837554 0.769231
-0.310448 0.107618 2.383133 1.000000
-0.382397 -0.295483 2.832909 0.000000
-0.351582 0.083376 2.407184 0.543269
-0.285397 -0.518651 2.830545 1.000000
-0.068751 -0.530096 2.761695 1.000000
-0.326568 -0.905451 2.834032 1.000000
-0.068389 -0.912999 2.830294 1.000000
-0.386153 -0.899939 2.741881 0.000000
-0.127116 -0.929429 2.738895 0.000000
-0.213221 0.579088 2.699809 1.000000
-0.295245 0.273340 2.805551 0.000000
-0.044828 0.286195 2.664460 0.000000
-0.226927 0.301865 2.634738 0.000000
-0.111830 0.153034 2.825458 0.000000
-0.303381 -0.050686 2.798074 0.250000
-0.009137 -0.085687 2.640281 1.000000
-0.103693 -0.057031 2.814723 0.000000
-0.378704 0.025004 2.849232 0.676923
-0.070515 0.282522 2.400129 1.000000
-0.376476 -0.247566 2.810759 0.817308
-0.342587 0.246830 2.422098 1.000000
-0.376054 -0.300518 2.803412 0.000000
-0.391224 0.239029 2.442874 0.375000
-0.287115 -0.544173 2.837048 1.000000
-0.068442 -0.563789 2.770531 1.000000
-0.330099 -0.930790 2.838020 1.000000
-0.066768 -0.947081 2.836903 1.000000
-0.382340 -0.925224 2.741519 0.000000
-0.119498 -0.963752 2.741960 0.000000
-0.199566 0.552250 2.703999 1.000000
-0.315316 0.302991 2.804676 1.000000
-0.065617 0.308245 2.679959 0.278846
-0.237779 0.330136 2.637615 0.000000
-0.137077 0.176689 2.832769 0.000000
-0.310664 -0.041606 2.791836 0.096154
-0.009424 -0.066004 2.645676 1.000000
-0.111681 -0.040972 2.816291 0.000000
-0.373682 0.046556 2.829027 0.984615
-0.084718 0.398752 2.432569 1.000000
-0.385822 -0.226288 2.810485 1.000000
-0.320972 0.536690 2.422959 1.000000
-0.381428 -0.276041 2.791422 0.324519
-0.356908 0.528284 2.461637 0.762019
-0.285902 -0.533134 2.831402 1.000000
-0.067848 -0.547674 2.769456 1.000000
-0.329443 -0.919626 2.838394 1.000000
-0.065126 -0.930404 2.838960 1.000000
-0.377273 -0.916026 2.739541 0.000000
-0.113277 -0.948382 2.741848 0.000000
-0.185594 0.582540 2.733820 0.721154
-0.314497 0.306624 2.789271 1.000000
-0.062805 0.310309 2.676387 0.596154
-0.230303 0.327407 2.624536 0.000000
-0.135775 0.184733 2.830644 0.000000
-0.316119 -0.036321 2.783633 0.000000
-0.008659 -0.059905 2.650911 1.000000
-0.118409 -0.035014 2.816826 0.000000
-0.374080 0.051133 2.815841 0.876923
-0.091727 0.453180 2.456652 1.000000
-0.387265 -0.221481 2.801702 1.000000
-0.279311 0.651329 2.441133 1.000000
-0.388162 -0.274316 2.793593 0.408654
-0.317155 0.676182 2.469563 1.000000
-0.288180 -0.527703 2.828439 1.000000
-0.067833 -0.541333 2.773052 1.000000
-0.329109 -0.914391 2.839292 1.000000
-0.064335 -0.925614 2.833360 0.897356
-0.372590 -0.912621 2.738402 0.000000
-0.108346 -0.941614 2.733964 0.000000
-0.193729 0.584393 2.742962 0.028846
-0.314331 0.306038 2.784839 1.000000
-0.062400 0.309630 2.679714 0.836538
-0.225831 0.326792 2.622373 0.000000
-0.136781 0.184117 2.830906 0.000000
-0.317100 -0.034990 2.779742 0.000000
-0.006302 -0.063165 2.655992 1.000000
-0.120423 -0.036153 2.818593 0.000000
-0.374899 0.052164 2.820711 0.923077
-0.087255 0.477841 2.478483 1.000000
-0.388815 -0.219283 2.794628 1.000000
-0.234219 0.705637 2.445796 1.000000
-0.385150 -0.268510 2.774101 0.408654
-0.264849 0.743013 2.468663 1.000000
-0.287343 -0.528148 2.826871 1.000000
-0.067603 -0.543521 2.773628 1.000000
-0.329164 -0.914860 2.831963 1.000000
-0.063934 -0.927309 2.836987 1.000000
-0.369635 -0.911828 2.729858 0.000000
-0.105205 -0.944279 2.736582 0.000000
-0.190601 0.582488 2.751476 0.605769
-0.310546 0.323599 2.788127 1.000000
-0.051213 0.320172 2.692789 0.750000
-0.214299 0.345787 2.630322 0.000000
-0.140103 0.193181 2.837634 0.000000
-0.317299 -0.023657 2.777894 0.000000
-0.002508 -0.056346 2.665906 1.000000
-0.122353 -0.029317 2.824333 0.000000
-0.366156 0.064836 2.807220 1.000000
-0.047207 0.459093 2.466735 1.000000
-0.387936 -0.208229 2.782670 1.000000
-0.170455 0.695193 2.398119 1.000000
-0.389360 -0.261257 2.776031 0.492788
-0.206358 0.733498 2.388032 0.913462
-0.285765 -0.520389 2.816424 1.000000
-0.059160 -0.534751 2.779382 1.000000
-0.327819 -0.906790 2.832145 1.000000
-0.064203 -0.919877 2.833915 0.975481
-0.364663 -0.906991 2.728632 0.000000
-0.101700 -0.933875 2.731590 0.000000
-0.173218 0.592580 2.692249 1.000000
-0.319935 0.309934 2.804335 1.000000
-0.061621 0.316832 2.699458 0.538462
-0.229837 0.337969 2.643853 0.000000
-0.143733 0.184467 2.845831 0.000000
-0.314739 -0.033221 2.787174 0.009615
-0.003037 -0.056029 2.664600 1.000000
-0.118276 -0.033577 2.827106 0.000000
-0.372109 0.048788 2.805793 1.000000
-0.039951 0.431761 2.460202 0.923077
-0.386241 -0.225348 2.776905 1.000000
-0.126689 0.627218 2.285681 1.000000
-0.381455 -0.278574 2.775416 0.593750
-0.154525 0.656991 2.251086 0.762019
-0.284205 -0.527624 2.815321 1.000000
-0.056087 -0.536360 2.787311 1.000000
-0.328849 -0.913674 2.832448 1.000000
-0.062657 -0.922016 2.837782 1.000000
-0.368903 -0.913581 2.730134 0.000000
-0.103126 -0.934593 2.736409 0.000000
-0.169723 0.579074 2.685345 1.000000
-0.297422 0.334469 2.788812 1.000000
-0.026339 0.314336 2.705985 0.711538
-0.190849 0.353144 2.637315 0.000000
-0.139507 0.191448 2.844656 0.000000
-0.321459 -0.023226 2.785507 0.086538
-0.006879 -0.052107 2.671891 1.000000
-0.126252 -0.027171 2.831016 0.000000
-0.378373 0.082223 2.801621 1.000000
0.003904 0.359068 2.446312 0.600000
-0.393111 -0.191670 2.783409 1.000000
-0.032786 0.476072 2.200284 1.000000
-0.385191 -0.243526 2.773095 0.509615
-0.052882 0.498342 2.156031 0.677885
-0.280913 -0.521831 2.807437 1.000000
-0.053630 -0.530022 2.789750 1.000000
-0.327518 -0.907280 2.831477 1.000000
-0.064356 -0.915486 2.840968 1.000000
-0.364848 -0.909211 2.728156 0.000000
-0.101756 -0.928071 2.738424 0.000000
-0.167637 0.591990 2.687539 1.000000
-0.316504 0.317111 2.796003 1.000000
-0.035899 0.320619 2.726941 1.000000
-0.203418 0.353406 2.652642 0.000000
-0.152379 0.181023 2.851264 0.000000
-0.329281 -0.035095 2.767526 0.163462
-0.001515 -0.051489 2.696788 1.000000
-0.141832 -0.031022 2.838509 0.000000
-0.383774 0.060416 2.795592 1.000000
0.084908 0.262503 2.497930 0.953846
-0.393593 -0.214091 2.781697 1.000000
0.156283 0.201034 2.239529 0.451923
-0.391018 -0.266491 2.771416 0.307692
0.167997 0.183012 2.190579 0.560096
-0.282031 -0.529522 2.809097 1.000000
-0.055377 -0.535370 2.791392 1.000000
-0.327408 -0.914948 2.835711 1.000000
-0.062981 -0.920492 2.845656 1.000000
-0.350430 -0.919649 2.728378 0.000000
-0.085395 -0.935066 2.739083 0.000000
-0.170534 0.581847 2.686921 1.000000
-0.315803 0.329581 2.792749 1.000000
-0.034186 0.335647 2.728125 1.000000
-0.200761 0.367777 2.651453 0.000000
-0.151562 0.194274 2.849564 0.000000
-0.322959 -0.024266 2.771881 0.134615
0.003445 -0.050200 2.697781 1.000000
-0.134800 -0.026585 2.841040 0.000000
-0.381969 0.072240 2.793524 1.000000
0.110984 0.182043 2.567085 1.000000
-0.394639 -0.202470 2.778835 1.000000
0.243948 0.061001 2.358491 1.000000
-0.388819 -0.253661 2.764561 0.324519
0.266382 0.033890 2.318244 0.778846
-0.281676 -0.521310 2.810486 1.000000
-0.056251 -0.532354 2.788096 1.000000
-0.327239 -0.906681 2.837593 1.000000
-0.064121 -0.917505 2.842113 1.000000
-0.351690 -0.911318 2.730573 0.000000
-0.088147 -0.931915 2.735870 0.000000
-0.169835 0.590310 2.671098 1.000000
-0.317106 0.316697 2.766677 1.000000
-0.030879 0.339717 2.734035 1.000000
-0.189336 0.360428 2.638533 0.000000
-0.152399 0.192647 2.844098 0.000000
-0.325564 -0.027899 2.749174 0.490385
0.007721 -0.046460 2.713398 1.000000
-0.146581 -0.023985 2.839408 0.000000
-0.388637 0.061381 2.789590 1.000000
0.123665 0.146999 2.635021 1.000000
-0.398904 -0.214158 2.782019 1.000000
0.288132 -0.005685 2.474638 1.000000
-0.393086 -0.267287 2.783270 0.543269
0.307426 -0.038371 2.436989 0.492788
-0.283287 -0.520792 2.812931 1.000000
-0.061001 -0.532588 2.782091 1.000000
-0.326292 -0.906552 2.838640 1.000000
-0.063189 -0.916048 2.847471 1.000000
-0.337847 -0.912535 2.729538 0.000000
-0.073916 -0.934368 2.739666 0.000000
-0.165198 0.589815 2.672390 1.000000
-0.309972 0.313506 2.740914 1.000000
-0.021793 0.335274 2.740136 1.000000
-0.168332 0.352751 2.626650 0.000000
-0.155622 0.192126 2.840682 0.000000
-0.321711 -0.032393 2.725899 0.778846
0.013741 -0.045426 2.728187 1.000000
-0.154154 -0.024175 2.835669 0.000000
-0.381656 0.057381 2.774770 1.000000
0.143618 0.133674 2.677834 1.000000
-0.399899 -0.219893 2.772375 1.000000
0.308009 -0.027823 2.522546 1.000000
-0.402453 -0.271603 2.785702 0.543269
0.325053 -0.064279 2.487353 0.593750
-0.283310 -0.521214 2.812548 1.000000
-0.062817 -0.533707 2.783960 1.000000
-0.327256 -0.906495 2.843346 1.000000
-0.061465 -0.916959 2.850569 1.000000
-0.326121 -0.915378 2.733836 0.000000
-0.059986 -0.935767 2.742326 0.000000
-0.152444 0.586848 2.665148 1.000000
-0.307836 0.317037 2.740589 1.000000
-0.019329 0.331871 2.748620 1.000000
-0.161968 0.354482 2.631143 0.000000
-0.159439 0.190570 2.843034 0.000000
-0.321049 -0.034269 2.719940 1.000000
0.014271 -0.045902 2.731267 1.000000
-0.156544 -0.025320 2.834179 0.000000
-0.379066 0.057769 2.756960 1.000000
0.145455 0.128682 2.684417 1.000000
-0.398523 -0.220718 2.760506 1.000000
0.296373 -0.025140 2.506911 1.000000
-0.398678 -0.274093 2.763533 0.576923
0.316346 -0.059943 2.471584 0.576923
-0.285551 -0.522596 2.807387 1.000000
-0.057509 -0.534352 2.783474 1.000000
-0.322881 -0.908232 2.842198 1.000000
-0.061541 -0.916578 2.855640 1.000000
-0.319107 -0.918467 2.732866 0.000000
-0.056299 -0.936993 2.747805 0.000000
-0.145057 0.584714 2.663885 1.000000
-0.306770 0.316147 2.738837 1.000000
-0.018896 0.335321 2.755640 1.000000
-0.158314 0.356964 2.634181 0.000000
-0.159525 0.190911 2.844411 0.000000
-0.321326 -0.031280 2.715478 0.846154
0.013409 -0.044982 2.737110 1.000000
-0.160397 -0.024088 2.834820 0.000000
-0.378712 0.055551 2.753434 1.000000
0.140613 0.130992 2.677504 1.000000
-0.396053 -0.224367 2.744281 1.000000
0.269148 -0.015393 2.475541 1.000000
-0.396337 -0.276695 2.755227 0.543269
0.286758 -0.033467 2.428411 0.509615
-0.284478 -0.521357 2.800958 1.000000
-0.056986 -0.532411 2.789117 1.000000
-0.323780 -0.906425 2.839674 1.000000
-0.056923 -0.915343 2.857559 1.000000
-0.316898 -0.918091 2.730636 0.000000
-0.048718 -0.934619 2.749700 0.000000
-0.146146 0.585141 2.663566 1.000000
-0.310226 0.316367 2.737699 1.000000
-0.022861 0.342880 2.753170 1.000000
-0.163179 0.359386 2.631941 0.000000
-0.159572 0.196283 2.844441 0.000000
-0.321454 -0.028923 2.711728 0.971154
0.013364 -0.041394 2.732811 1.000000
-0.160407 -0.022249 2.830941 0.000000
-0.381810 0.054243 2.742777 1.000000
0.127838 0.131419 2.672961 1.000000
-0.392347 -0.226258 2.719345 1.000000
0.228147 -0.000231 2.445042 1.000000
-0.399123 -0.278885 2.725870 0.644231
0.239511 -0.020923 2.397075 0.358173
-0.284509 -0.518133 2.800097 1.000000
-0.059008 -0.529709 2.782563 1.000000
-0.320878 -0.903885 2.834656 1.000000
-0.060188 -0.912260 2.853094 1.000000
-0.313989 -0.914314 2.725494 0.000000
-0.052110 -0.932152 2.745337 0.000000
-0.148066 0.588081 2.659642 1.000000
-0.313590 0.317947 2.744436 1.000000
-0.026515 0.349687 2.754493 1.000000
-0.169847 0.367584 2.637047 0.000000
-0.158251 0.197271 2.843519 0.000000
-0.319505 -0.024352 2.713339 0.913462
0.015570 -0.040001 2.726882 1.000000
-0.155827 -0.020529 2.829042 0.000000
-0.381575 0.053736 2.750644 1.000000
0.109335 0.123814 2.683822 1.000000
-0.394531 -0.227199 2.720601 1.000000
0.195799 -0.024388 2.458977 1.000000
-0.391228 -0.280168 2.727047 0.728365
0.210127 -0.051874 2.415419 0.576923
-0.283256 -0.514038 2.801666 1.000000
-0.058965 -0.527798 2.776423 1.000000
-0.324035 -0.899311 2.836633 1.000000
-0.062530 -0.909789 2.849849 1.000000
-0.319604 -0.909700 2.727340 0.000000
-0.056836 -0.930553 2.742104 0.000000
-0.160492 0.593068 2.664947 1.000000
-0.319573 0.319579 2.746681 1.000000
-0.032387 0.351883 2.745394 1.000000
-0.180231 0.369039 2.633563 0.000000
-0.160244 0.199591 2.840105 0.000000
-0.319203 -0.021895 2.715747 0.846154
0.015980 -0.040734 2.716406 1.000000
-0.151231 -0.020723 2.825184 0.000000
-0.384022 0.053205 2.754682 1.000000
0.089111 0.110322 2.700017 1.000000
-0.391851 -0.228688 2.719659 1.000000
0.168072 -0.077533 2.501959 1.000000
-0.402318 -0.279678 2.707473 0.459135
0.184569 -0.106702 2.460304 0.610577
-0.283142 -0.511997 2.802993 1.000000
-0.061174 -0.527622 2.771431 1.000000
-0.323668 -0.897363 2.837230 1.000000
-0.059308 -0.910105 2.842310 1.000000
-0.323519 -0.907102 2.727788 0.000000
-0.058487 -0.930121 2.734276 0.000000
-0.168984 0.596774 2.666564 1.000000
-0.316498 0.316892 2.768982 1.000000
-0.030784 0.342182 2.733642 1.000000
-0.190501 0.365808 2.640957 0.000000
-0.150418 0.190689 2.839700 0.000000
-0.323054 -0.031586 2.737015 0.653846
0.009878 -0.046052 2.696392 1.000000
-0.142986 -0.030285 2.825142 0.000000
-0.387143 0.050139 2.769163 1.000000
0.053301 0.080745 2.706644 1.000000
-0.395041 -0.233184 2.730887 1.000000
0.111678 -0.176486 2.596084 1.000000
-0.393040 -0.286558 2.733207 0.526442
0.113248 -0.219932 2.564970 0.576923
-0.283084 -0.522553 2.801968 1.000000
-0.061710 -0.533217 2.772232 1.000000
-0.324087 -0.907533 2.839787 1.000000
-0.061613 -0.915208 2.845743 1.000000
-0.337315 -0.916801 2.731106 0.000000
-0.074266 -0.935836 2.738566 0.000000
-0.176409 0.587991 2.664578 1.000000
-0.317437 0.316400 2.774912 1.000000
-0.032886 0.329627 2.726162 1.000000
-0.195633 0.360728 2.641283 0.000000
-0.153816 0.182695 2.837057 0.000000
-0.335857 -0.036669 2.743325 0.278846
-0.005088 -0.042333 2.686204 0.548077
-0.151735 -0.031517 2.822476 0.000000
-0.391221 0.049574 2.777917 1.000000
0.035344 0.061848 2.709185 1.000000
-0.398469 -0.235114 2.742739 1.000000
0.071021 -0.219294 2.664192 1.000000
-0.395051 -0.287220 2.731274 0.408654
0.072666 -0.267241 2.640603 0.475962
-0.285893 -0.525624 2.806124 1.000000
-0.065219 -0.531357 2.767612 1.000000
-0.327340 -0.911194 2.836767 1.000000
-0.065448 -0.914485 2.834945 1.000000
-0.345162 -0.917878 2.728553 0.000000
-0.082971 -0.933250 2.728112 0.000000
-0.177626 0.582429 2.666543 1.000000
-0.315490 0.312857 2.766238 1.000000
-0.030128 0.334563 2.726009 1.000000
-0.191097 0.360129 2.636046 0.000000
-0.149812 0.184631 2.834207 0.000000
-0.336127 -0.035383 2.736933 0.346154
-0.003765 -0.044342 2.690479 0.480769
-0.154621 -0.033048 2.822036 0.000000
-0.391759 0.046325 2.780375 1.000000
0.037383 0.065700 2.711465 1.000000
-0.400470 -0.240230 2.756188 1.000000
0.039104 -0.221971 2.707312 1.000000
-0.397857 -0.292035 2.769132 0.408654
0.037211 -0.274582 2.698007 0.509615
-0.287386 -0.524557 2.806504 1.000000
-0.067386 -0.533069 2.764713 1.000000
-0.325564 -0.910353 2.838521 1.000000
-0.064002 -0.915802 2.834177 1.000000
-0.340103 -0.917930 2.729876 0.000000
-0.078214 -0.935380 2.726999 0.000000
-0.181972 0.582789 2.661495 1.000000
-0.320637 0.316346 2.788293 1.000000
-0.041353 0.338387 2.717329 1.000000
-0.211119 0.367793 2.646810 0.004808
-0.149440 0.185120 2.832817 0.000000
-0.343918 -0.035289 2.756403 0.125000
-0.018742 -0.039017 2.673034 0.548077
-0.154081 -0.031450 2.820745 0.000000
-0.390836 0.047167 2.777550 1.000000
0.031994 0.069844 2.719842 1.000000
-0.405409 -0.240204 2.756142 1.000000
0.037033 -0.218644 2.718619 1.000000
-0.405558 -0.289012 2.777956 0.425481
0.024591 -0.269944 2.727080 0.543269
-0.287507 -0.525458 2.804810 1.000000
-0.069538 -0.527140 2.767102 1.000000
-0.330696 -0.910524 2.839167 1.000000
-0.067735 -0.911132 2.829292 1.000000
-0.357126 -0.917057 2.732718 0.000000
-0.093946 -0.928311 2.723981 0.000000
-0.180892 0.581205 2.655868 1.000000
