-0.373452 0.373607 2.647894 1.000000
0.070447 0.395314 2.758560 1.000000
-0.137183 0.480970 2.626861 0.000000
-0.156093 0.223529 2.753207 0.000000
-0.338827 0.024447 2.580452 0.721154
0.063319 0.029152 2.671750 0.201923
-0.170433 0.023374 2.770220 0.000000
-0.414890 0.093443 2.679036 1.000000
0.111967 0.142818 2.633259 1.000000
-0.394308 -0.212773 2.609676 1.000000
0.105858 -0.171629 2.623872 1.000000
-0.351520 -0.249187 2.539693 0.610577
0.058666 -0.223205 2.567593 0.963942
-0.246474 -0.593746 2.675297 1.000000
-0.015015 -0.594134 2.677545 1.000000
-0.269377 -1.083750 2.755174 1.000000
-0.014271 -1.084556 2.758132 1.000000
-0.220281 -1.121332 2.538705 0.000000
0.039393 -1.119928 2.542377 0.000000
-0.165242 0.700036 2.580098 1.000000
-0.376872 0.369394 2.649936 1.000000
0.068182 0.393928 2.755239 1.000000
-0.141586 0.478326 2.626141 0.000000
-0.157273 0.220662 2.752474 0.000000
-0.347547 0.021064 2.585184 0.480769
0.055322 0.027389 2.673132 0.134615
-0.177555 0.019625 2.773519 0.000000
-0.423298 0.090721 2.683374 1.000000
0.107067 0.135194 2.643538 1.000000
-0.379189 -0.204787 2.586258 1.000000
0.093633 -0.178050 2.623551 1.000000
-0.371339 -0.290455 2.560689 0.223558
0.045267 -0.236501 2.575608 0.846154
-0.246142 -0.597454 2.675255 1.000000
-0.013974 -0.595536 2.679732 1.000000
-0.273076 -1.086216 2.761249 1.000000
-0.018290 -1.086671 2.755736 1.000000
-0.225669 -1.126883 2.544962 0.000000
0.035089 -1.120576 2.539675 0.000000
-0.166323 0.702737 2.587007 1.000000
-0.379339 0.367873 2.659600 1.000000
0.067137 0.394182 2.758248 1.000000
-0.145743 0.480331 2.635560 0.000000
-0.156353 0.218431 2.753428 0.000000
-0.347802 0.015932 2.595914 0.480769
0.058544 0.030030 2.664929 0.125000
-0.169209 0.018271 2.776104 0.000000
-0.421106 0.088320 2.680610 1.000000
0.111121 0.143641 2.633225 1.000000
-0.375146 -0.206363 2.585613 1.000000
0.088436 -0.166953 2.601738 1.000000
-0.395279 -0.292159 2.568642 0.173077
0.052800 -0.234519 2.554629 0.610577
-0.247562 -0.600180 2.678234 1.000000
-0.014851 -0.595737 2.677970 1.000000
-0.265576 -1.091620 2.750143 1.000000
-0.013079 -1.089350 2.735867 1.000000
-0.227704 -1.125108 2.530767 0.000000
0.028139 -1.114986 2.516037 0.000000
-0.169770 0.701344 2.591155 1.000000
-0.379313 0.367004 2.659080 1.000000
0.066081 0.401066 2.760212 1.000000
-0.146626 0.480888 2.633027 0.000000
-0.155659 0.223049 2.759653 0.000000
-0.339933 0.023913 2.590888 0.500000
0.064761 0.022351 2.670254 0.144231
-0.166038 0.020057 2.775591 0.000000
-0.413992 0.087437 2.683084 1.000000
0.111151 0.148710 2.640958 1.000000
-0.376844 -0.207156 2.586533 1.000000
0.090385 -0.154248 2.568344 1.000000
-0.350817 -0.285238 2.550753 0.290865
0.039416 -0.207845 2.517512 0.795673
-0.250441 -0.596454 2.679002 1.000000
-0.016799 -0.598871 2.682725 1.000000
-0.270238 -1.087575 2.752599 1.000000
-0.003348 -1.091409 2.747793 1.000000
-0.227977 -1.122011 2.534174 0.000000
0.042094 -1.119067 2.529044 0.000000
-0.168330 0.703677 2.586477 1.000000
-0.375050 0.367126 2.657385 1.000000
0.069456 0.392580 2.764767 1.000000
-0.139863 0.476492 2.634627 0.000000
-0.155653 0.218881 2.761055 0.000000
-0.327760 0.028511 2.587843 0.519231
0.075884 0.015099 2.671333 0.269231
-0.156004 0.017477 2.774251 0.000000
-0.403242 0.087392 2.689684 1.000000
0.112517 0.142507 2.639473 1.000000
-0.375779 -0.207991 2.591356 1.000000
0.123306 -0.123682 2.476070 1.000000
-0.312786 -0.269899 2.575430 0.492788
0.063159 -0.173423 2.431769 0.728365
-0.248108 -0.594953 2.675652 1.000000
-0.013052 -0.602439 2.685965 1.000000
-0.277544 -1.083354 2.762865 1.000000
-0.005545 -1.095701 2.746340 1.000000
-0.234619 -1.124707 2.545774 0.000000
0.041332 -1.121749 2.527696 0.000000
-0.166215 0.698853 2.593891 1.000000
-0.375451 0.371042 2.662208 1.000000
0.072728 0.392455 2.754084 1.000000
-0.139164 0.474584 2.627006 0.000000
-0.155540 0.223270 2.765461 0.000000
-0.331920 0.026828 2.594589 0.490385
0.073489 0.017231 2.669623 1.000000
-0.156210 0.017402 2.777364 0.000000
-0.402717 0.091529 2.685215 1.000000
0.113998 0.145885 2.624082 1.000000
-0.376667 -0.208487 2.606827 1.000000
0.188066 -0.009979 2.365134 1.000000
-0.388209 -0.291418 2.574520 0.156250
0.131448 -0.060234 2.316935 1.000000
-0.245300 -0.595870 2.680058 1.000000
-0.016664 -0.601253 2.691720 1.000000
-0.264561 -1.088238 2.744948 1.000000
-0.004848 -1.095268 2.744813 1.000000
-0.224879 -1.118719 2.525454 0.000000
0.036641 -1.117931 2.524708 0.000000
-0.166174 0.705579 2.597111 1.000000
-0.367257 0.381815 2.668275 1.000000
0.086122 0.390160 2.732637 1.000000
-0.129054 0.468406 2.608665 0.000000
-0.148477 0.235346 2.775707 0.000000
-0.338939 0.027201 2.607011 0.509615
0.070231 0.015844 2.657304 0.980769
-0.152448 0.019191 2.778845 0.000000
-0.401169 0.104539 2.687191 1.000000
0.124642 0.160446 2.577276 1.000000
-0.387094 -0.192822 2.603651 1.000000
0.231444 0.162128 2.287119 0.586538
-0.331490 -0.257207 2.632235 0.425481
0.209705 0.215573 2.218377 0.947115
-0.243960 -0.597477 2.678092 1.000000
-0.014388 -0.601099 2.692717 1.000000
-0.267727 -1.088729 2.749610 1.000000
0.002331 -1.094979 2.745747 1.000000
-0.241661 -1.122178 2.528515 0.000000
0.030222 -1.117894 2.523534 0.000000
-0.167189 0.718482 2.604277 1.000000
-0.340649 0.400594 2.655208 1.000000
0.102510 0.385920 2.769919 0.000000
-0.093978 0.478858 2.626576 0.120192
-0.141427 0.240095 2.779343 0.000000
-0.329768 0.037556 2.585213 0.682692
0.070863 0.021219 2.681684 0.855769
-0.164071 0.029034 2.777154 0.000000
-0.405046 0.129244 2.687231 1.000000
0.144113 0.229853 2.540320 1.000000
-0.386949 -0.174774 2.629342 1.000000
0.269771 0.356010 2.286548 1.000000
-0.370840 -0.217569 2.552118 0.778846
0.231225 0.397668 2.217027 1.000000
-0.245735 -0.587544 2.676811 1.000000
-0.014277 -0.595288 2.690026 1.000000
-0.274045 -1.078464 2.748961 1.000000
-0.004856 -1.088950 2.746756 1.000000
-0.223355 -1.113216 2.532387 0.000000
0.049521 -1.112866 2.529609 0.000000
-0.169337 0.714744 2.602594 1.000000
-0.321594 0.408736 2.653438 1.000000
0.127459 0.380617 2.739025 0.903846
-0.074203 0.470987 2.601338 0.307692
-0.121751 0.249335 2.777991 0.000000
-0.334445 0.034577 2.595895 0.769231
0.071161 0.022006 2.669410 1.000000
-0.157982 0.028987 2.778102 0.000000
-0.404280 0.141852 2.694429 1.000000
0.193410 0.291317 2.479371 1.000000
-0.392633 -0.161423 2.622722 1.000000
0.277734 0.533666 2.302144 1.000000
-0.359234 -0.228750 2.573672 1.000000
0.239799 0.592106 2.245576 1.000000
-0.250482 -0.589852 2.675866 1.000000
-0.014062 -0.595772 2.684039 1.000000
-0.269048 -1.081801 2.744055 1.000000
-0.009743 -1.088962 2.745308 1.000000
-0.230775 -1.113677 2.524509 0.000000
0.032868 -1.115847 2.525894 0.000000
-0.171451 0.723207 2.595139 1.000000
-0.323841 0.408976 2.678392 1.000000
0.117808 0.362319 2.640416 1.000000
-0.099716 0.446305 2.551245 0.009615
-0.101696 0.253843 2.764673 0.000000
-0.336343 0.034341 2.646322 0.413462
0.072865 -0.002100 2.610270 1.000000
-0.118681 0.017087 2.775532 0.000000
-0.398822 0.133928 2.697119 1.000000
0.254239 0.497037 2.428610 1.000000
-0.406204 -0.174206 2.629710 1.000000
0.261979 0.794977 2.325085 1.000000
-0.356663 -0.215407 2.567240 1.000000
0.263808 0.879721 2.295599 0.000000
-0.254268 -0.598539 2.678473 1.000000
-0.019271 -0.609379 2.690088 1.000000
-0.263271 -1.090831 2.746124 1.000000
-0.002762 -1.102584 2.749123 1.000000
-0.284803 -1.120952 2.524064 0.000000
-0.024490 -1.129932 2.526724 0.000000
-0.169002 0.730998 2.608613 1.000000
-0.345026 0.396721 2.719179 1.000000
0.088607 0.381147 2.613743 1.000000
-0.144634 0.457617 2.564497 0.000000
-0.104758 0.249986 2.759166 0.000000
-0.339286 0.039127 2.673817 0.182692
0.060093 -0.002997 2.580000 1.000000
-0.105843 0.017565 2.770820 0.000000
-0.397855 0.114526 2.708438 1.000000
0.257453 0.530605 2.435716 1.000000
-0.398823 -0.188636 2.614873 1.000000
0.271255 0.836663 2.353249 1.000000
-0.343692 -0.242732 2.569172 0.560096
0.276717 0.926242 2.353023 0.223558
-0.256563 -0.596346 2.677190 1.000000
-0.013658 -0.605146 2.689720 1.000000
-0.272994 -1.088371 2.745385 1.000000
-0.011952 -1.098801 2.747264 1.000000
-0.320080 -1.117051 2.527115 0.000000
-0.065193 -1.124309 2.530018 0.000000
-0.169057 0.727795 2.622865 1.000000
-0.352172 0.391676 2.731871 1.000000
0.075057 0.373683 2.606359 1.000000
-0.158457 0.453582 2.569286 0.000000
-0.112026 0.241608 2.757721 0.000000
-0.335250 0.032583 2.687946 0.086538
0.057860 -0.007153 2.569777 1.000000
-0.096257 0.011488 2.770451 0.000000
-0.402580 0.108257 2.721094 1.000000
0.239924 0.538189 2.436829 1.000000
-0.383230 -0.190885 2.614589 1.000000
0.284837 0.836327 2.335340 1.000000
-0.362792 -0.248034 2.548478 0.391827
0.299967 0.901365 2.395303 1.000000
-0.256164 -0.602190 2.681707 1.000000
-0.013142 -0.608887 2.694884 1.000000
-0.274199 -1.095243 2.741560 1.000000
-0.008409 -1.103117 2.747064 1.000000
-0.336950 -1.119034 2.526670 0.000000
-0.075765 -1.126309 2.533507 0.000000
-0.169024 0.725852 2.624695 1.000000
-0.358235 0.372003 2.753541 1.000000
0.063182 0.388473 2.600270 1.000000
-0.180457 0.450719 2.580364 0.000000
-0.106321 0.240345 2.761591 0.000000
-0.330450 0.033097 2.700825 0.000000
0.053631 -0.008764 2.556574 1.000000
-0.086689 0.009622 2.767149 0.000000
-0.396638 0.087502 2.722410 1.000000
0.238204 0.532067 2.421014 1.000000
-0.376530 -0.210574 2.610881 1.000000
0.301868 0.825134 2.312612 1.000000
-0.325647 -0.283628 2.599549 0.644231
0.310403 0.892323 2.371494 1.000000
-0.254915 -0.602578 2.677774 1.000000
-0.009923 -0.608856 2.691352 1.000000
-0.274369 -1.093998 2.749444 1.000000
-0.015151 -1.102663 2.747353 1.000000
-0.347627 -1.121876 2.538405 0.000000
-0.095984 -1.125495 2.538484 0.000000
-0.166276 0.726314 2.629200 1.000000
-0.357014 0.354536 2.758257 1.000000
0.063918 0.407205 2.598202 1.000000
-0.188581 0.448893 2.583560 0.000000
-0.095089 0.243898 2.761980 0.000000
-0.332597 0.030190 2.703468 0.000000
0.051180 0.016776 2.553087 1.000000
-0.086900 0.019999 2.765909 0.000000
-0.398086 0.069535 2.726590 1.000000
0.223483 0.501532 2.375588 1.000000
-0.372281 -0.235472 2.633610 1.000000
0.311076 0.773537 2.231781 1.000000
-0.328637 -0.306632 2.600659 0.425481
0.343364 0.857274 2.231556 0.257212
-0.254924 -0.597014 2.675058 1.000000
-0.015576 -0.593525 2.688557 1.000000
-0.265420 -1.089590 2.740381 1.000000
-0.055525 -1.078516 2.789537 1.000000
-0.349168 -1.115307 2.533001 0.000000
-0.130439 -1.115858 2.580552 0.000000
-0.156463 0.719981 2.647915 0.932692
-0.352951 0.347876 2.752391 1.000000
0.071017 0.394889 2.593547 1.000000
-0.182901 0.436572 2.576301 0.000000
-0.091368 0.236742 2.761467 0.000000
-0.330840 0.022325 2.707352 0.000000
0.053621 -0.004641 2.560581 1.000000
-0.085978 0.007448 2.772090 0.000000
-0.399400 0.062560 2.726605 1.000000
0.202190 0.451892 2.341016 1.000000
-0.368393 -0.242821 2.634402 1.000000
0.294827 0.687504 2.144482 1.000000
-0.334933 -0.322962 2.611769 0.341346
0.333111 0.762920 2.114462 0.105769
-0.253073 -0.609102 2.677184 1.000000
-0.014306 -0.610409 2.697383 1.000000
-0.271255 -1.102659 2.732671 0.956731
-0.011435 -1.105116 2.744977 1.000000
-0.352390 -1.123166 2.523678 0.000000
-0.093136 -1.125675 2.536211 0.000000
-0.154060 0.723281 2.648285 0.942308
-0.333735 0.368170 2.732679 1.000000
0.108650 0.383996 2.615167 0.000000
-0.141150 0.445868 2.575625 0.000000
-0.083644 0.236497 2.763917 0.000000
-0.327428 0.022864 2.685986 0.019231
0.068887 -0.012621 2.577568 1.000000
-0.090205 0.005860 2.774337 0.000000
-0.391406 0.083211 2.743314 1.000000
0.146135 0.299609 2.339279 1.000000
-0.381009 -0.223413 2.647935 1.000000
0.143627 0.445240 2.052907 1.000000
-0.382808 -0.305536 2.611782 0.156250
0.161266 0.481476 1.972718 0.475962
-0.252330 -0.610454 2.677176 1.000000
-0.014644 -0.617864 2.696023 1.000000
-0.277933 -1.102368 2.743310 1.000000
-0.011642 -1.112378 2.745575 1.000000
-0.337694 -1.128230 2.527809 0.000000
-0.073258 -1.134337 2.530163 0.000000
-0.151235 0.715413 2.650593 0.903846
-0.315897 0.381342 2.713667 1.000000
0.133176 0.378830 2.623715 1.000000
-0.112194 0.441246 2.562973 0.000000
-0.071331 0.248668 2.772355 0.000000
-0.328940 0.032353 2.671461 0.230769
0.073465 -0.010012 2.591745 1.000000
-0.098990 0.011395 2.776598 0.000000
-0.389984 0.101568 2.747137 1.000000
0.142756 0.216038 2.382282 0.384615
-0.389906 -0.207701 2.658412 1.000000
0.032640 0.314607 2.096488 1.000000
-0.353961 -0.289935 2.658499 0.442308
-0.027810 0.265449 2.051949 1.000000
-0.248615 -0.603103 2.676499 1.000000
-0.012870 -0.613997 2.692592 1.000000
-0.265046 -1.094947 2.745985 1.000000
-0.005403 -1.108552 2.741253 1.000000
-0.304739 -1.124645 2.526386 0.000000
-0.051825 -1.130817 2.522094 0.000000
-0.190846 0.719275 2.638962 0.884615
-0.355580 0.369896 2.811244 1.000000
0.045942 0.396409 2.592517 1.000000
-0.204574 0.461787 2.620076 0.000000
-0.108364 0.235793 2.769297 0.000000
-0.318089 0.030741 2.736848 0.000000
0.039490 0.003419 2.533206 1.000000
-0.066433 0.012700 2.763562 0.000000
-0.385517 0.090577 2.736065 1.000000
0.068506 0.205900 2.373967 1.000000
-0.378018 -0.222017 2.662833 1.000000
-0.184180 0.203364 2.175780 1.000000
-0.344298 -0.297830 2.628630 0.375000
-0.245277 0.138718 2.187717 0.778846
-0.247529 -0.600954 2.675226 1.000000
-0.010319 -0.599537 2.694289 1.000000
-0.276722 -1.092154 2.745077 1.000000
-0.009881 -1.094227 2.742145 1.000000
-0.384090 -1.113744 2.548387 0.000000
-0.122283 -1.113107 2.548004 0.000000
-0.185360 0.715461 2.640171 1.000000
-0.358027 0.370906 2.861411 0.000000
-0.001940 0.416524 2.577007 1.000000
-0.247565 0.467841 2.646484 0.028846
-0.113979 0.250536 2.778885 0.000000
-0.302248 0.028594 2.769779 0.000000
0.016706 0.021716 2.508436 1.000000
-0.049276 0.018259 2.753393 0.000000
-0.381908 0.105266 2.746364 0.984615
0.015512 0.207229 2.376354 1.000000
-0.382100 -0.207917 2.677000 1.000000
-0.292329 0.275825 2.317845 1.000000
-0.328684 -0.249734 2.618242 0.728365
-0.367241 0.249494 2.359669 1.000000
-0.254719 -0.595565 2.673679 1.000000
-0.013688 -0.584623 2.695617 1.000000
-0.270703 -1.087089 2.745496 1.000000
-0.007699 -1.079491 2.741204 1.000000
-0.412042 -1.107913 2.571511 0.000000
-0.149231 -1.097248 2.567035 0.000000
-0.175838 0.721817 2.591583 1.000000
-0.349230 0.373437 2.866906 0.000000
-0.003748 0.435150 2.572631 1.000000
-0.249416 0.475196 2.649020 0.000000
-0.102336 0.264330 2.777473 0.000000
-0.295762 0.044335 2.771727 0.000000
0.013791 0.022362 2.500115 1.000000
-0.043799 0.027607 2.747149 0.000000
-0.384218 0.112402 2.743310 1.000000
-0.013293 0.256879 2.342920 1.000000
-0.382982 -0.203781 2.686314 1.000000
-0.292131 0.416342 2.336309 1.000000
-0.335648 -0.249085 2.624983 0.930288
-0.374573 0.405072 2.369933 1.000000
-0.256490 -0.584055 2.677861 1.000000
-0.017040 -0.580653 2.687844 1.000000
-0.262676 -1.077823 2.734107 1.000000
-0.007025 -1.074859 2.739503 1.000000
-0.410648 -1.095194 2.565335 0.000000
-0.155675 -1.095413 2.571689 0.000000
-0.170666 0.727742 2.575919 1.000000
-0.336340 0.372817 2.827969 1.000000
0.004382 0.391265 2.522466 1.000000
-0.241076 0.439159 2.594912 0.000000
-0.088501 0.254690 2.753937 0.000000
-0.308180 0.024990 2.770774 0.000000
-0.000069 0.006347 2.497279 1.000000
-0.055967 0.016604 2.744544 0.000000
-0.380253 0.098395 2.745957 1.000000
-0.111956 0.352871 2.259877 1.000000
-0.381456 -0.214206 2.677578 1.000000
-0.301855 0.581860 2.377771 1.000000
-0.334096 -0.267733 2.623297 0.526442
-0.389776 0.565919 2.386154 0.795673
-0.260880 -0.602764 2.684642 1.000000
-0.018402 -0.596143 2.690710 1.000000
-0.272324 -1.096303 2.742064 1.000000
-0.005066 -1.090819 2.736820 1.000000
-0.421179 -1.112411 2.573945 0.000000
-0.154690 -1.110426 2.569759 0.000000
-0.176136 0.742861 2.566689 0.947115
-0.323558 0.384266 2.837803 1.000000
0.001672 0.383463 2.526341 1.000000
-0.230608 0.449857 2.603602 0.000000
-0.089529 0.247772 2.751438 0.000000
-0.314166 0.015268 2.776436 0.000000
-0.016314 0.005519 2.491361 1.000000
-0.063054 0.009323 2.740701 0.000000
-0.380418 0.118801 2.745714 1.000000
-0.123144 0.490207 2.291369 1.000000
-0.383453 -0.193464 2.693651 1.000000
-0.307345 0.733101 2.376822 1.000000
-0.349525 -0.249699 2.632488 0.610577
-0.359387 0.801774 2.401922 0.000000
-0.261803 -0.610620 2.686056 1.000000
-0.015158 -0.597015 2.686138 1.000000
-0.273675 -1.104078 2.744088 1.000000
-0.007042 -1.091491 2.735497 1.000000
-0.428463 -1.119493 2.581347 0.000000
-0.161303 -1.110282 2.572611 0.000000
-0.191520 0.729592 2.560750 0.000000
-0.324355 0.393398 2.829943 1.000000
0.003687 0.387801 2.523941 1.000000
-0.229457 0.452687 2.594845 0.000000
-0.086932 0.258165 2.751194 0.000000
-0.317694 0.022771 2.771242 0.000000
-0.013959 0.012308 2.492469 1.000000
-0.065877 0.017433 2.740759 0.000000
-0.380408 0.126837 2.745521 1.000000
-0.112132 0.505362 2.291371 1.000000
-0.390066 -0.184502 2.699118 1.000000
-0.259310 0.777936 2.348121 1.000000
-0.355117 -0.253736 2.653957 0.661058
-0.301162 0.855408 2.365468 0.000000
-0.264098 -0.603096 2.678205 1.000000
-0.018589 -0.591390 2.683093 1.000000
-0.261998 -1.097197 2.731770 1.000000
-0.003442 -1.085682 2.732640 1.000000
-0.413678 -1.115763 2.566453 0.000000
-0.154753 -1.106891 2.567302 0.000000
-0.207584 0.728835 2.583787 0.000000
-0.318942 0.403977 2.839178 1.000000
0.002714 0.382221 2.526373 1.000000
-0.224767 0.460892 2.603204 0.000000
-0.092309 0.254996 2.753731 0.000000
-0.317026 0.024978 2.770131 0.000000
-0.018852 0.016128 2.485363 1.000000
-0.065842 0.020905 2.734640 0.000000
-0.384072 0.146657 2.739638 1.000000
-0.078433 0.502324 2.282746 1.000000
-0.387434 -0.165030 2.710505 1.000000
-0.223252 0.778266 2.312612 1.000000
-0.361027 -0.233080 2.658292 0.879808
-0.266972 0.856362 2.319249 0.072115
-0.262442 -0.600446 2.672158 1.000000
-0.017357 -0.586485 2.681958 1.000000
-0.266611 -1.093032 2.738117 1.000000
-0.013575 -1.080564 2.735625 1.000000
-0.420133 -1.113608 2.574749 0.000000
-0.167102 -1.099505 2.572064 0.000000
-0.235475 0.717015 2.618415 0.153846
-0.305473 0.426537 2.841943 0.721154
0.002795 0.358555 2.522322 1.000000
-0.215980 0.458678 2.599560 0.000000
-0.092658 0.255895 2.761633 0.000000
-0.309905 0.022066 2.771335 0.000000
-0.022447 0.007485 2.475980 1.000000
-0.060345 0.011724 2.726810 0.000000
-0.391734 0.174160 2.737371 0.892308
-0.013050 0.453237 2.252407 1.000000
-0.391445 -0.139448 2.695662 1.000000
-0.170507 0.719218 2.184947 1.000000
-0.377515 -0.216229 2.651334 1.000000
-0.215309 0.794727 2.166361 0.000000
-0.259202 -0.605216 2.665599 1.000000
-0.012542 -0.590393 2.681279 1.000000
-0.276778 -1.096538 2.738416 1.000000
-0.010371 -1.084994 2.730005 1.000000
-0.433806 -1.114678 2.578121 0.000000
-0.170376 -1.101215 2.572472 0.000000
-0.286236 0.681799 2.624822 0.264423
-0.319765 0.406349 2.756477 1.000000
0.080715 0.333995 2.553524 0.278846
-0.154607 0.438519 2.557782 0.000000
-0.094998 0.232333 2.748913 0.000000
-0.340468 0.023936 2.711374 0.000000
0.026879 -0.006981 2.526499 1.000000
-0.090682 0.003915 2.751066 0.000000
-0.407133 0.129526 2.734611 1.000000
0.041285 0.362454 2.266509 1.000000
-0.395328 -0.185602 2.672134 1.000000
-0.079248 0.588760 2.072588 1.000000
-0.382951 -0.249520 2.610363 0.694712
-0.113216 0.651815 2.018508 0.000000
-0.254974 -0.609492 2.664452 1.000000
-0.011995 -0.605769 2.685333 1.000000
-0.270743 -1.099911 2.743503 1.000000
-0.006986 -1.099681 2.740421 0.884856
-0.363025 -1.129693 2.540332 0.000000
-0.109531 -1.122923 2.541359 0.000000
-0.228529 0.682378 2.589500 1.000000
-0.329985 0.399027 2.721285 1.000000
0.106770 0.337754 2.597774 0.000000
-0.130667 0.436966 2.558115 0.000000
-0.103593 0.230554 2.756251 0.000000
-0.350275 0.011719 2.671560 0.048077
0.046414 -0.012928 2.561519 1.000000
-0.112391 -0.000125 2.758970 0.000000
-0.403053 0.117227 2.740276 1.000000
0.079655 0.251409 2.320429 1.000000
-0.402621 -0.189212 2.640814 1.000000
0.099265 0.378196 2.024898 1.000000
-0.391935 -0.278299 2.642758 0.543269
0.098391 0.404231 1.939016 0.004808
-0.253444 -0.619365 2.667180 1.000000
-0.015822 -0.618106 2.688813 1.000000
-0.276353 -1.109884 2.743832 1.000000
-0.011050 -1.112684 2.737589 1.000000
-0.335379 -1.140732 2.528784 0.000000
-0.072373 -1.134529 2.522081 0.000000
-0.188491 0.717610 2.601791 1.000000
-0.352964 0.383378 2.738682 1.000000
0.078934 0.368832 2.586971 1.000000
-0.168440 0.447444 2.566524 0.000000
-0.110665 0.235089 2.751360 0.000000
-0.346438 0.019503 2.690165 0.000000
0.038308 -0.003962 2.543540 1.000000
-0.101413 0.008006 2.754975 0.000000
-0.404034 0.098949 2.725436 1.000000
0.115146 0.137814 2.416669 1.000000
-0.400808 -0.204494 2.625590 1.000000
0.309268 0.167321 2.164670 1.000000
-0.405312 -0.290902 2.601763 0.206731
0.361844 0.176558 2.092526 0.004808
-0.256388 -0.611223 2.670958 1.000000
-0.020340 -0.609676 2.682184 1.000000
-0.267444 -1.102083 2.748046 0.891106
-0.012184 -1.103832 2.734640 1.000000
-0.347856 -1.132937 2.540047 0.000000
-0.093438 -1.127320 2.526008 0.000000
-0.187979 0.715106 2.614476 1.000000
-0.371682 0.383160 2.756021 1.000000
0.055532 0.380005 2.590970 1.000000
-0.193131 0.456591 2.581323 0.000000
-0.127624 0.237237 2.755075 0.000000
-0.350403 0.020147 2.688939 0.000000
0.033838 0.004715 2.539944 1.000000
-0.104808 0.013418 2.752244 0.000000
-0.405486 0.102589 2.718286 1.000000
0.170086 0.135245 2.500104 1.000000
-0.403455 -0.200454 2.632879 1.000000
0.396132 0.088714 2.285926 1.000000
-0.415122 -0.285408 2.606401 0.206731
0.460378 0.075121 2.224754 0.000000
-0.259893 -0.608010 2.671598 1.000000
-0.022385 -0.603068 2.681888 1.000000
-0.270009 -1.100531 2.737395 0.997356
-0.010594 -1.095871 2.745253 1.000000
-0.352117 -1.126630 2.529408 0.000000
-0.092052 -1.124552 2.537351 0.000000
-0.189481 0.721619 2.612752 1.000000
-0.376298 0.391274 2.754096 1.000000
0.055340 0.380949 2.601301 1.000000
-0.190477 0.465671 2.587580 0.000000
-0.136880 0.237852 2.754383 0.000000
-0.350409 0.026518 2.684447 0.000000
0.037635 0.008541 2.545964 1.000000
-0.106682 0.018065 2.754415 0.000000
-0.411140 0.113676 2.706773 1.000000
0.179766 0.127880 2.569864 1.000000
-0.398783 -0.190127 2.630994 1.000000
0.432864 0.126133 2.385121 1.000000
-0.400863 -0.275854 2.657469 0.425481
0.469978 0.051149 2.352649 0.963942
-0.263147 -0.602154 2.671905 1.000000
-0.023226 -0.599433 2.680748 1.000000
-0.278248 -1.094201 2.740247 1.000000
-0.007717 -1.092376 2.742195 1.000000
-0.354829 -1.121017 2.530253 0.000000
-0.084037 -1.120937 2.532336 0.000000
-0.177245 0.716597 2.598196 1.000000
-0.377372 0.403317 2.727865 1.000000
0.068243 0.379575 2.624777 1.000000
-0.170530 0.476556 2.587708 0.000000
-0.146292 0.238741 2.747250 0.000000
-0.358268 0.038767 2.660921 0.000000
0.043315 0.016223 2.569805 1.000000
-0.124813 0.026680 2.759524 0.000000
-0.410156 0.128048 2.677585 1.000000
0.186807 0.124022 2.621380 1.000000
-0.409056 -0.182175 2.653833 1.000000
0.445771 0.181328 2.458722 1.000000
-0.407253 -0.230757 2.578395 0.593750
0.500709 0.119932 2.423131 1.000000
-0.257620 -0.591638 2.665284 1.000000
-0.024394 -0.590638 2.687275 1.000000
-0.276113 -1.080354 2.753731 1.000000
-0.007299 -1.083069 2.752297 1.000000
-0.325423 -1.117664 2.537265 0.000000
-0.058341 -1.113512 2.535158 0.000000
-0.168206 0.708722 2.572119 1.000000
-0.377904 0.406607 2.708050 1.000000
0.074717 0.376829 2.644711 1.000000
-0.158589 0.476663 2.586457 0.000000
-0.151576 0.239210 2.748209 0.000000
-0.359530 0.035359 2.655588 0.346154
0.045624 0.016115 2.581031 1.000000
-0.130200 0.025742 2.763686 0.000000
-0.411379 0.128870 2.666956 1.000000
0.191726 0.119455 2.640889 1.000000
-0.410508 -0.181790 2.635495 1.000000
0.437161 0.212723 2.471883 1.000000
-0.394725 -0.239499 2.568599 0.593750
0.487984 0.160989 2.419015 1.000000
-0.255464 -0.594167 2.664017 1.000000
-0.022515 -0.592048 2.692234 1.000000
-0.270008 -1.083268 2.751065 1.000000
-0.005204 -1.085695 2.747208 1.000000
-0.310657 -1.120895 2.532860 0.000000
-0.047252 -1.111629 2.527570 0.000000
-0.142129 0.710184 2.567667 1.000000
-0.374619 0.410931 2.695853 1.000000
0.079951 0.373388 2.654366 1.000000
-0.148820 0.475482 2.583425 0.000000
-0.153013 0.241052 2.749623 0.000000
-0.357303 0.034915 2.635461 0.394231
0.053434 0.019959 2.601540 0.846154
-0.139665 0.030351 2.765779 0.000000
-0.411848 0.133921 2.655768 1.000000
0.183252 0.110604 2.653359 1.000000
-0.402449 -0.173006 2.601544 1.000000
0.410358 0.224490 2.472569 1.000000
-0.402113 -0.249691 2.554923 0.593750
0.465918 0.183733 2.415068 1.000000
-0.246333 -0.592713 2.668528 1.000000
-0.019306 -0.591194 2.693889 1.000000
-0.269856 -1.082708 2.748280 1.000000
-0.005718 -1.085147 2.747131 1.000000
-0.288096 -1.117901 2.526672 0.000000
-0.024722 -1.109703 2.524158 0.000000
-0.144576 0.714221 2.567740 1.000000
-0.371164 0.407484 2.649776 1.000000
0.082588 0.372120 2.700987 1.000000
-0.127590 0.471986 2.584179 0.024038
-0.164329 0.239587 2.749218 0.000000
-0.346567 0.037144 2.598609 0.423077
0.062963 0.013225 2.640943 0.894231
-0.156665 0.030802 2.766737 0.000000
-0.407540 0.129260 2.656281 1.000000
0.161728 0.107751 2.649802 1.000000
-0.396862 -0.168209 2.569870 1.000000
0.395425 0.199805 2.468194 1.000000
-0.380330 -0.251390 2.540509 0.475962
0.427925 0.156731 2.396481 0.997596
-0.246913 -0.591303 2.672675 1.000000
-0.022797 -0.596938 2.703287 1.000000
-0.268017 -1.082147 2.747742 1.000000
-0.001869 -1.091188 2.751116 1.000000
-0.242996 -1.117021 2.526746 0.000000
0.019684 -1.111868 2.527982 0.000000
-0.147160 0.713291 2.551299 1.000000
-0.365763 0.398722 2.620622 1.000000
0.080302 0.374581 2.721655 1.000000
-0.117648 0.466013 2.579359 0.052885
-0.168095 0.238652 2.747761 0.000000
-0.338804 0.035659 2.580384 0.605769
0.063587 0.006868 2.666006 0.692308
-0.167967 0.026868 2.767753 0.000000
-0.405086 0.123889 2.660787 1.000000
0.154360 0.113200 2.651741 1.000000
-0.397139 -0.169360 2.561229 1.000000
0.386594 0.140833 2.448581 1.000000
-0.341388 -0.226457 2.520168 0.694712
0.411739 0.077919 2.389726 0.576923
-0.242247 -0.593519 2.672853 1.000000
-0.018129 -0.603035 2.698811 1.000000
-0.274808 -1.082760 2.754039 1.000000
-0.006954 -1.098126 2.740865 1.000000
-0.220725 -1.122033 2.539065 0.000000
0.040131 -1.115703 2.521421 0.000000
-0.147771 0.711385 2.552177 1.000000
-0.363794 0.396023 2.616130 1.000000
0.079026 0.380052 2.731971 1.000000
-0.116176 0.470328 2.585212 0.000000
-0.166639 0.237537 2.746019 0.000000
-0.332072 0.039383 2.573637 0.625000
0.067123 0.019045 2.675169 0.586538
-0.168810 0.031249 2.767670 0.000000
-0.406094 0.123727 2.662493 1.000000
0.128994 0.112313 2.669498 1.000000
-0.388282 -0.163923 2.552181 1.000000
0.354640 0.061129 2.465312 1.000000
-0.334074 -0.235421 2.550200 0.627404
0.357168 -0.003789 2.403394 0.930288
-0.246857 -0.586174 2.674909 1.000000
-0.018546 -0.595258 2.693246 1.000000
-0.281393 -1.077897 2.738348 1.000000
-0.001228 -1.086928 2.763742 0.706731
-0.226822 -1.109609 2.522252 0.000000
0.055350 -1.115901 2.547777 0.000000
-0.149148 0.712428 2.549152 1.000000
-0.365031 0.395145 2.616542 1.000000
0.074462 0.391428 2.745369 1.000000
-0.119069 0.477514 2.593953 0.000000
-0.166904 0.241171 2.750321 0.000000
-0.327469 0.035137 2.573418 0.596154
0.071396 0.012775 2.675817 0.509615
-0.164566 0.028017 2.767793 0.000000
-0.403670 0.121851 2.659899 1.000000
0.118591 0.124320 2.676316 1.000000
-0.379597 -0.168528 2.558400 1.000000
0.261398 -0.105310 2.527729 1.000000
-0.325213 -0.238828 2.570837 0.644231
0.257837 -0.145926 2.447778 0.391827
-0.247666 -0.590456 2.677719 1.000000
-0.016002 -0.600990 2.693259 1.000000
-0.281685 -1.080943 2.750341 1.000000
-0.005955 -1.095179 2.745076 1.000000
-0.227260 -1.116627 2.534827 0.000000
0.050843 -1.116753 2.528305 0.000000
-0.148155 0.709003 2.555634 1.000000
-0.370845 0.394261 2.625303 1.000000
0.069512 0.390929 2.751152 1.000000
-0.126481 0.482033 2.605968 0.000000
-0.169222 0.236460 2.749020 0.000000
-0.322186 0.038491 2.569494 0.644231
0.074476 0.013877 2.679641 0.576923
-0.163260 0.028600 2.767015 0.000000
-0.402998 0.118195 2.659289 1.000000
0.119503 0.124660 2.680422 1.000000
-0.376356 -0.176882 2.570775 1.000000
0.193590 -0.160814 2.587518 1.000000
-0.320280 -0.246564 2.578146 0.745192
0.156897 -0.242432 2.580694 0.475962
-0.244597 -0.587273 2.678077 1.000000
-0.017449 -0.599889 2.690059 1.000000
-0.272014 -1.077618 2.754357 1.000000
-0.005378 -1.093135 2.749822 1.000000
-0.213170 -1.114229 2.540165 0.000000
0.055556 -1.117733 2.534501 0.000000
-0.146615 0.703534 2.548146 1.000000
-0.371127 0.387601 2.624527 1.000000
0.067021 0.388641 2.757903 1.000000
-0.127860 0.479420 2.611028 0.000000
-0.169216 0.230626 2.748825 0.000000
-0.328852 0.032939 2.571739 0.586538
0.070315 0.013717 2.673598 0.509615
-0.165796 0.023787 2.765901 0.000000
-0.407404 0.112058 2.667240 1.000000
0.117842 0.128917 2.662903 1.000000
-0.379315 -0.184432 2.579328 1.000000
0.139601 -0.180227 2.643408 1.000000
-0.322565 -0.249527 2.554905 0.829327
0.079856 -0.246987 2.638110 0.829327
-0.246901 -0.591637 2.675519 1.000000
-0.016478 -0.601405 2.687634 1.000000
-0.268590 -1.082222 2.752098 1.000000
-0.004642 -1.094925 2.745136 1.000000
-0.214969 -1.118256 2.536442 0.000000
0.051990 -1.118801 2.528563 0.000000
-0.147794 0.695686 2.541812 1.000000
