-0.425957 0.228791 2.504718 1.000000
-0.066686 0.238695 2.525357 1.000000
-0.242278 0.280131 2.422403 0.000000
-0.247880 0.103152 2.604833 0.000000
-0.438733 -0.113573 2.470448 1.000000
-0.015495 -0.112513 2.518777 0.913462
-0.240802 -0.103972 2.614286 0.000000
-0.488134 -0.037062 2.526178 1.000000
0.018547 -0.021551 2.521843 1.000000
-0.486942 -0.311775 2.433333 1.000000
0.035184 -0.302219 2.450872 1.000000
-0.484850 -0.375698 2.458430 0.290865
0.045031 -0.369121 2.438722 0.661058
-0.344177 -0.617031 2.506222 1.000000
-0.107360 -0.616551 2.519986 1.000000
-0.358900 -0.996191 2.619520 1.000000
-0.144020 -0.992570 2.638652 1.000000
-0.345752 -1.044396 2.459908 0.000000
-0.114937 -1.044709 2.482421 0.211538
-0.244179 0.521131 2.390933 1.000000
-0.426919 0.226886 2.504964 1.000000
-0.068310 0.239358 2.534025 1.000000
-0.241910 0.281881 2.428174 0.000000
-0.249998 0.100284 2.605912 0.000000
-0.436996 -0.113731 2.469466 1.000000
-0.014543 -0.111555 2.524197 0.673077
-0.241287 -0.102713 2.616213 0.000000
-0.488350 -0.039806 2.524133 1.000000
0.018783 -0.020729 2.528098 1.000000
-0.490493 -0.315288 2.432016 1.000000
0.033110 -0.297169 2.440026 1.000000
-0.496415 -0.380496 2.411199 0.189904
0.048150 -0.361098 2.419846 0.677885
-0.344632 -0.616711 2.506888 1.000000
-0.109443 -0.616198 2.521124 1.000000
-0.357770 -0.993299 2.628646 1.000000
-0.140404 -0.993715 2.636617 1.000000
-0.343686 -1.045013 2.470217 0.173077
-0.110945 -1.044082 2.479876 0.230769
-0.245363 0.519008 2.396604 1.000000
-0.423938 0.224645 2.505404 1.000000
-0.065711 0.240368 2.537436 1.000000
-0.238778 0.281019 2.429990 0.000000
-0.246771 0.099932 2.608253 0.000000
-0.431847 -0.111193 2.467045 1.000000
-0.010708 -0.110774 2.531143 0.615385
-0.239419 -0.102764 2.618236 0.000000
-0.483666 -0.043152 2.521107 1.000000
0.023422 -0.019264 2.524169 1.000000
-0.490945 -0.316562 2.421753 1.000000
0.026023 -0.293020 2.425538 1.000000
-0.496038 -0.381469 2.399809 0.122596
0.038376 -0.354488 2.397439 0.728365
-0.346128 -0.614202 2.507053 1.000000
-0.107386 -0.615162 2.518492 1.000000
-0.356667 -0.995917 2.611924 1.000000
-0.140827 -0.992241 2.634720 1.000000
-0.338966 -1.040431 2.451682 0.000000
-0.108223 -1.043195 2.478793 0.250000
-0.245418 0.519301 2.397458 1.000000
-0.425729 0.225388 2.512193 1.000000
-0.067085 0.245374 2.536165 1.000000
-0.243065 0.284710 2.433048 0.000000
-0.244710 0.102089 2.609911 0.000000
-0.435139 -0.111594 2.486677 1.000000
-0.010098 -0.108118 2.514881 0.692308
-0.230660 -0.102706 2.621093 0.000000
-0.484801 -0.043551 2.521309 1.000000
0.028183 -0.012614 2.519823 1.000000
-0.483638 -0.311253 2.405432 1.000000
0.026697 -0.284603 2.414405 1.000000
-0.488725 -0.372078 2.373890 0.122596
0.034289 -0.347474 2.387759 0.694712
-0.345622 -0.614104 2.508738 1.000000
-0.108384 -0.613428 2.519687 1.000000
-0.354074 -0.994706 2.617763 1.000000
-0.138766 -0.990680 2.636194 1.000000
-0.350284 -1.040829 2.457043 0.000000
-0.119412 -1.041121 2.477911 0.230769
-0.246509 0.519269 2.398284 1.000000
-0.424861 0.224142 2.515896 1.000000
-0.066342 0.246782 2.539382 1.000000
-0.242881 0.286157 2.437239 0.000000
-0.242593 0.100939 2.611388 0.000000
-0.433216 -0.109353 2.485193 1.000000
-0.008081 -0.108447 2.512149 0.682692
-0.228293 -0.101399 2.618990 0.000000
-0.482335 -0.045344 2.521688 1.000000
0.031619 -0.009425 2.512520 1.000000
-0.481233 -0.313754 2.407168 1.000000
0.017919 -0.275004 2.392357 1.000000
-0.481974 -0.377067 2.380499 0.000000
0.026919 -0.343064 2.389651 0.677885
-0.347766 -0.612243 2.508687 1.000000
-0.110952 -0.613206 2.518363 1.000000
-0.354876 -0.993526 2.615407 1.000000
-0.137893 -0.989945 2.637348 1.000000
-0.352137 -1.038647 2.454381 0.000000
-0.120405 -1.041175 2.479101 0.230769
-0.246014 0.516925 2.403075 1.000000
-0.422074 0.224068 2.519861 1.000000
-0.063111 0.244817 2.537598 1.000000
-0.241110 0.285778 2.438663 0.000000
-0.238869 0.099302 2.611451 0.000000
-0.428919 -0.110073 2.488353 1.000000
-0.003376 -0.108289 2.507773 0.711538
-0.221673 -0.102907 2.618568 0.000000
-0.478530 -0.046011 2.528877 1.000000
0.032472 -0.012414 2.507477 1.000000
-0.479931 -0.314514 2.413356 1.000000
0.028640 -0.247362 2.333621 1.000000
-0.480953 -0.377721 2.386444 0.000000
0.009599 -0.302686 2.297607 0.762019
-0.349850 -0.611966 2.510188 1.000000
-0.110598 -0.613488 2.517256 1.000000
-0.356371 -0.993687 2.615366 1.000000
-0.136231 -0.990000 2.637247 1.000000
-0.357603 -1.038094 2.454124 0.000000
-0.122693 -1.041453 2.478685 0.230769
-0.246622 0.517640 2.400304 1.000000
-0.422351 0.222621 2.522722 1.000000
-0.063274 0.245371 2.534789 1.000000
-0.242880 0.283414 2.437611 0.000000
-0.237238 0.100660 2.614254 0.000000
-0.431881 -0.112654 2.481474 1.000000
-0.007655 -0.105595 2.519541 0.788462
-0.230626 -0.104940 2.620740 0.000000
-0.480307 -0.046475 2.542150 1.000000
0.027496 -0.012537 2.497456 1.000000
-0.488974 -0.317225 2.432646 1.000000
0.035230 -0.173948 2.254027 1.000000
-0.492762 -0.378315 2.401436 0.122596
0.009960 -0.228187 2.220263 0.644231
-0.347709 -0.613346 2.510385 1.000000
-0.109581 -0.612315 2.516592 1.000000
-0.359208 -0.996517 2.609699 1.000000
-0.136849 -0.987696 2.639722 1.000000
-0.351256 -1.038657 2.448040 0.000000
-0.115558 -1.040794 2.482560 0.216346
-0.246557 0.517900 2.401612 1.000000
-0.422831 0.226103 2.524179 1.000000
-0.063269 0.241996 2.532080 1.000000
-0.243260 0.283974 2.437261 0.000000
-0.238993 0.100152 2.612833 0.000000
-0.429405 -0.109430 2.499840 1.000000
-0.003475 -0.110435 2.506925 0.740385
-0.218444 -0.107787 2.624142 0.000000
-0.479240 -0.043494 2.543959 1.000000
0.028910 -0.012271 2.476338 1.000000
-0.500412 -0.321746 2.456672 1.000000
0.026357 -0.062888 2.188375 0.317308
-0.499648 -0.385926 2.432161 0.173077
0.052999 -0.109889 2.145931 0.778846
-0.346297 -0.612751 2.511075 1.000000
-0.111680 -0.614823 2.517546 1.000000
-0.358140 -0.994457 2.615843 1.000000
-0.128329 -0.993548 2.632029 1.000000
-0.362525 -1.038583 2.454578 0.000000
-0.120600 -1.042201 2.472199 0.115385
-0.240774 0.521519 2.412306 1.000000
-0.422345 0.223267 2.540639 1.000000
-0.063509 0.239643 2.516794 1.000000
-0.251207 0.280204 2.437588 0.000000
-0.231171 0.098664 2.614437 0.000000
-0.436386 -0.113832 2.509745 1.000000
-0.010599 -0.108998 2.497540 0.855769
-0.220049 -0.109917 2.624379 0.000000
-0.480167 -0.044919 2.554901 1.000000
0.020922 -0.000970 2.414580 1.000000
-0.501845 -0.323185 2.472995 1.000000
0.072489 0.022117 2.129241 0.355769
-0.509004 -0.390111 2.459211 0.156250
0.084160 0.065423 2.077195 0.963942
-0.352003 -0.615560 2.503640 1.000000
-0.109918 -0.614403 2.520064 1.000000
-0.361332 -0.996435 2.611636 1.000000
-0.138757 -0.991666 2.636926 1.000000
-0.373787 -1.041650 2.451096 0.000000
-0.134681 -1.041424 2.477301 0.225962
-0.245465 0.515963 2.402067 1.000000
-0.417901 0.227245 2.548196 1.000000
-0.059507 0.239951 2.516696 1.000000
-0.248396 0.284897 2.442870 0.000000
-0.226718 0.098399 2.614283 0.000000
-0.438886 -0.116030 2.522460 1.000000
-0.014717 -0.108379 2.483872 1.000000
-0.215890 -0.110427 2.623454 0.000000
-0.480198 -0.038149 2.569865 1.000000
-0.002205 0.013765 2.374075 1.000000
-0.509406 -0.309226 2.472369 1.000000
0.079586 0.097063 2.109097 0.951923
-0.503949 -0.372887 2.497626 0.459135
0.099608 0.144854 2.063981 1.000000
-0.352606 -0.616986 2.499968 1.000000
-0.110970 -0.614413 2.515350 1.000000
-0.357891 -0.994270 2.620151 1.000000
-0.125586 -0.992485 2.632242 1.000000
-0.380331 -1.044290 2.462142 0.038462
-0.132465 -1.041603 2.472515 0.115385
-0.243297 0.514239 2.403677 1.000000
-0.418212 0.228046 2.560837 1.000000
-0.061255 0.233774 2.514482 1.000000
-0.252030 0.284161 2.449554 0.000000
-0.227316 0.093897 2.616355 0.000000
-0.434965 -0.114062 2.530647 1.000000
-0.012592 -0.111307 2.475326 1.000000
-0.208108 -0.110391 2.622739 0.000000
-0.477646 -0.037537 2.575293 1.000000
-0.031946 0.028094 2.338095 1.000000
-0.514148 -0.311781 2.493267 1.000000
0.053261 0.099842 2.071894 1.000000
-0.507741 -0.372976 2.462698 0.274038
0.081847 0.161037 2.059313 1.000000
-0.355056 -0.615566 2.493105 1.000000
-0.109122 -0.616261 2.504443 1.000000
-0.362554 -0.996558 2.600830 1.000000
-0.129857 -0.990062 2.633511 1.000000
-0.391339 -1.040859 2.442143 0.000000
-0.139894 -1.044052 2.475534 0.302885
-0.245068 0.503347 2.395223 1.000000
-0.421663 0.222488 2.577694 1.000000
-0.068258 0.236866 2.510625 1.000000
-0.263546 0.284096 2.457890 0.000000
-0.225041 0.091688 2.619538 0.000000
-0.434859 -0.118028 2.543582 1.000000
-0.015956 -0.112634 2.466390 1.000000
-0.203530 -0.114343 2.623779 0.000000
-0.477412 -0.045908 2.581939 1.000000
-0.048164 0.020964 2.342860 1.000000
-0.505907 -0.321537 2.495440 1.000000
-0.104689 0.033460 2.058407 0.028846
-0.487732 -0.387745 2.492872 0.425481
-0.059108 0.001203 2.018380 0.812500
-0.355778 -0.617592 2.482769 1.000000
-0.101546 -0.617741 2.495667 1.000000
-0.362338 -0.995728 2.600183 1.000000
-0.123183 -0.989382 2.630687 1.000000
-0.398329 -1.043593 2.444023 0.000000
-0.136585 -1.045619 2.473746 0.230769
-0.247933 0.499682 2.400705 1.000000
-0.419985 0.219024 2.590614 1.000000
-0.074958 0.229825 2.488439 1.000000
-0.274461 0.276217 2.453861 0.000000
-0.220328 0.088760 2.616843 0.000000
-0.439882 -0.123418 2.546900 1.000000
-0.025000 -0.112595 2.450861 1.000000
-0.205244 -0.116311 2.616561 0.000000
-0.479486 -0.047384 2.586429 1.000000
-0.046901 0.003714 2.338048 1.000000
-0.500760 -0.322261 2.499554 1.000000
-0.216580 -0.016471 2.104897 1.000000
-0.484008 -0.388891 2.499134 0.576923
-0.246196 -0.077718 2.095299 0.980769
-0.351908 -0.622346 2.481862 1.000000
-0.098013 -0.617768 2.498112 1.000000
-0.358968 -0.993463 2.619841 1.000000
-0.136572 -0.986322 2.637743 1.000000
-0.397178 -1.049567 2.466985 0.000000
-0.151016 -1.044032 2.481431 0.283654
-0.248465 0.505934 2.408380 1.000000
-0.417395 0.216794 2.592649 1.000000
-0.075049 0.229197 2.481989 1.000000
-0.275717 0.273546 2.451738 0.000000
-0.216068 0.088483 2.615529 0.000000
-0.441721 -0.127430 2.552705 0.798077
-0.028640 -0.113382 2.449583 1.000000
-0.205917 -0.120594 2.618340 0.000000
-0.480673 -0.046405 2.584193 1.000000
-0.058549 0.004290 2.332008 1.000000
-0.494707 -0.319474 2.497768 1.000000
-0.286307 0.014909 2.158094 1.000000
-0.490646 -0.377292 2.534660 0.425481
-0.331684 -0.036633 2.160295 0.778846
-0.353620 -0.625567 2.485782 1.000000
-0.101584 -0.619361 2.499846 1.000000
-0.360934 -1.001139 2.611113 1.000000
-0.135746 -0.987507 2.641682 1.000000
-0.402073 -1.051734 2.457099 0.000000
-0.153885 -1.045812 2.485977 0.283654
-0.250467 0.505749 2.406918 1.000000
-0.411753 0.225313 2.622642 0.000000
-0.082692 0.236883 2.477092 1.000000
-0.284247 0.286709 2.470583 0.000000
-0.212426 0.092041 2.617483 0.000000
-0.441012 -0.126551 2.577240 0.269231
-0.044901 -0.105213 2.421971 1.000000
-0.198953 -0.114250 2.612089 0.000000
-0.486347 -0.026388 2.574298 1.000000
-0.064594 0.037512 2.300517 1.000000
-0.501990 -0.299191 2.502059 1.000000
-0.281506 0.149965 2.158431 1.000000
-0.491307 -0.366953 2.498243 0.526442
-0.336307 0.113594 2.138572 1.000000
-0.352684 -0.622792 2.495520 1.000000
-0.107433 -0.611377 2.505322 1.000000
-0.361651 -1.001267 2.611675 1.000000
-0.121713 -0.987617 2.628025 1.000000
-0.418787 -1.046147 2.461030 0.000000
-0.168146 -1.035840 2.474757 0.163462
-0.243675 0.495312 2.391159 1.000000
-0.442384 0.205033 2.531338 0.000000
-0.086882 0.235396 2.483414 1.000000
-0.280129 0.244401 2.407755 0.192308
-0.240069 0.113591 2.622040 0.000000
-0.447649 -0.138735 2.523784 1.000000
-0.025797 -0.102624 2.476845 1.000000
-0.223535 -0.118690 2.620371 0.000000
-0.484228 -0.046289 2.606858 1.000000
-0.070203 0.067808 2.277859 1.000000
-0.507694 -0.306104 2.501434 1.000000
-0.279100 0.219623 2.166130 1.000000
-0.483462 -0.369905 2.493516 0.459135
-0.332809 0.206024 2.125500 1.000000
-0.353018 -0.631329 2.505688 1.000000
-0.105874 -0.616313 2.501865 1.000000
-0.357860 -1.012360 2.613430 1.000000
-0.137648 -0.987140 2.637117 1.000000
-0.382385 -1.057087 2.454148 0.000000
-0.139618 -1.044296 2.479949 0.288462
-0.237672 0.517713 2.390153 0.951923
-0.441485 0.236923 2.560232 0.000000
-0.087557 0.245232 2.494918 1.000000
-0.282961 0.277546 2.432289 0.000000
-0.243114 0.120546 2.628240 0.000000
-0.444535 -0.120407 2.551591 0.942308
-0.028658 -0.094084 2.463158 1.000000
-0.211538 -0.106181 2.625537 0.000000
-0.489520 -0.023820 2.601589 0.661539
-0.082098 0.097209 2.271168 1.000000
-0.498688 -0.295324 2.518361 1.000000
-0.289194 0.253335 2.155147 1.000000
-0.489534 -0.361695 2.503147 0.644231
-0.345187 0.284151 2.129936 1.000000
-0.353622 -0.615672 2.503967 1.000000
-0.108497 -0.604744 2.504719 1.000000
-0.362322 -0.998562 2.604640 1.000000
-0.120734 -0.982710 2.622225 1.000000
-0.400687 -1.039142 2.446988 0.000000
-0.143119 -1.031255 2.463748 0.038462
-0.234289 0.515624 2.390621 0.966346
-0.412501 0.235387 2.585411 1.000000
-0.064524 0.245633 2.493722 1.000000
-0.262744 0.292932 2.453461 0.000000
-0.214151 0.104269 2.616796 0.000000
-0.442127 -0.121591 2.559938 0.855769
-0.028461 -0.086470 2.464472 1.000000
-0.208013 -0.105511 2.629869 0.000000
-0.478207 -0.025319 2.594653 1.000000
-0.057394 0.069383 2.290608 1.000000
-0.497812 -0.299581 2.520286 1.000000
-0.226867 0.157089 2.079134 1.000000
-0.481080 -0.365906 2.526722 0.526442
-0.254559 0.179528 2.020397 0.644231
-0.352551 -0.613601 2.502728 1.000000
-0.108044 -0.599828 2.500611 1.000000
-0.356765 -0.992948 2.616280 1.000000
-0.134806 -0.972397 2.632111 1.000000
-0.398538 -1.038963 2.461005 0.000000
-0.155447 -1.026317 2.475142 0.230769
-0.230786 0.490401 2.371087 1.000000
-0.418152 0.228932 2.590203 1.000000
-0.075620 0.242475 2.480255 1.000000
-0.276658 0.283944 2.448419 0.000000
-0.215531 0.103365 2.616611 0.000000
-0.440154 -0.123784 2.588006 0.769231
-0.039995 -0.091093 2.445630 1.000000
-0.199354 -0.110804 2.630493 0.000000
-0.485538 -0.030267 2.588560 1.000000
-0.025450 0.042169 2.309702 1.000000
-0.492786 -0.303589 2.513348 1.000000
-0.180048 0.089806 2.076797 1.000000
-0.483964 -0.368009 2.535545 0.206731
-0.179969 0.082105 2.008525 0.644231
-0.352521 -0.615452 2.497832 1.000000
-0.106395 -0.602251 2.501024 1.000000
-0.356205 -0.991280 2.622554 1.000000
-0.123753 -0.979902 2.618899 1.000000
-0.409819 -1.040705 2.472037 0.019231
-0.163506 -1.026638 2.463310 0.057692
-0.234569 0.490258 2.362055 1.000000
-0.414256 0.223170 2.584996 1.000000
-0.073535 0.229141 2.468919 1.000000
-0.274790 0.270663 2.438561 0.000000
-0.212086 0.097382 2.613705 0.000000
-0.434020 -0.123531 2.577700 0.759615
-0.033775 -0.112115 2.432304 1.000000
-0.192633 -0.118672 2.618527 0.000000
-0.474537 -0.035987 2.602274 1.000000
-0.019111 0.007853 2.330482 1.000000
-0.496238 -0.300891 2.507089 1.000000
-0.066406 -0.024609 2.054049 0.461538
-0.487958 -0.364839 2.530807 0.408654
-0.066403 -0.079791 2.013119 0.947115
-0.352479 -0.621759 2.492065 1.000000
-0.106433 -0.617295 2.498409 1.000000
-0.358624 -0.997420 2.617192 1.000000
-0.120831 -0.992819 2.623269 1.000000
-0.412552 -1.046656 2.466726 0.000000
-0.162773 -1.042452 2.469159 0.173077
-0.239121 0.495301 2.373101 1.000000
-0.416302 0.224254 2.567253 1.000000
-0.067366 0.226735 2.478721 1.000000
-0.265097 0.270569 2.432563 0.000000
-0.218444 0.096152 2.611549 0.000000
-0.438543 -0.121513 2.540914 0.865385
-0.018936 -0.117711 2.467550 0.951923
-0.207928 -0.120574 2.623216 0.000000
-0.473810 -0.035286 2.589733 1.000000
-0.006267 -0.001897 2.355565 1.000000
-0.488953 -0.306700 2.512936 1.000000
-0.016976 -0.082920 2.085170 0.894231
-0.503812 -0.364515 2.546951 0.408654
-0.018519 -0.143668 2.053111 0.862981
-0.356707 -0.622304 2.484946 1.000000
-0.103453 -0.622072 2.496375 1.000000
-0.358721 -0.996339 2.614981 1.000000
-0.132190 -0.992277 2.633990 1.000000
-0.393099 -1.049922 2.460321 0.000000
-0.142331 -1.049753 2.477254 0.307692
-0.247262 0.496733 2.376511 1.000000
-0.417381 0.228295 2.556267 1.000000
-0.064795 0.225080 2.483655 1.000000
-0.259595 0.271118 2.428131 0.000000
-0.223560 0.097982 2.610775 0.000000
-0.431826 -0.114896 2.541451 1.000000
-0.013110 -0.121608 2.463355 1.000000
-0.200321 -0.118270 2.621150 0.000000
-0.476028 -0.031751 2.571826 1.000000
-0.011404 -0.006900 2.362659 1.000000
-0.493243 -0.307609 2.512271 1.000000
-0.008654 -0.088856 2.092073 0.798077
-0.480626 -0.374440 2.522016 0.408654
-0.026819 -0.145546 2.057770 0.661058
-0.354392 -0.618306 2.481986 1.000000
-0.101485 -0.622804 2.502005 1.000000
-0.358340 -0.988181 2.623381 1.000000
-0.136977 -0.997388 2.625467 1.000000
-0.393630 -1.046229 2.470549 0.076923
-0.151382 -1.048316 2.466811 0.192308
-0.240469 0.497133 2.366383 1.000000
-0.416465 0.228733 2.550720 1.000000
-0.062928 0.226467 2.482850 1.000000
-0.257024 0.272636 2.425020 0.000000
-0.223217 0.098296 2.606944 0.000000
-0.427379 -0.112883 2.540491 1.000000
-0.009123 -0.121268 2.460126 1.000000
-0.195430 -0.115531 2.618918 0.000000
-0.473713 -0.033142 2.565659 1.000000
-0.003804 -0.013420 2.377789 1.000000
-0.488474 -0.305191 2.484545 1.000000
-0.033248 -0.092251 2.106262 0.730769
-0.498929 -0.359073 2.525871 0.391827
-0.021276 -0.140030 2.058363 0.745192
-0.353195 -0.616825 2.486154 1.000000
-0.100724 -0.622161 2.503192 1.000000
-0.358380 -0.989336 2.620410 1.000000
-0.137404 -0.993907 2.634629 1.000000
-0.395362 -1.044184 2.466798 0.038462
-0.152464 -1.048109 2.477124 0.312500
-0.236957 0.505366 2.374122 1.000000
-0.416206 0.227171 2.541287 1.000000
-0.061702 0.228753 2.478645 1.000000
-0.255586 0.270560 2.416917 0.000000
-0.221879 0.101078 2.603393 0.000000
-0.427205 -0.111334 2.532760 1.000000
-0.007621 -0.120180 2.459693 0.884615
-0.196640 -0.113072 2.615191 0.000000
-0.471995 -0.035753 2.561497 1.000000
0.016610 -0.023730 2.426022 1.000000
-0.499872 -0.296735 2.449431 1.000000
-0.009798 -0.148459 2.170693 1.000000
-0.492395 -0.357808 2.480002 0.408654
-0.044778 -0.164471 2.113768 0.644231
-0.353205 -0.615978 2.491576 1.000000
-0.105056 -0.621150 2.505327 1.000000
-0.354601 -0.989982 2.621712 1.000000
-0.136271 -0.993266 2.637127 1.000000
-0.390463 -1.043547 2.467383 0.000000
-0.151705 -1.047715 2.479743 0.312500
-0.240442 0.513107 2.379235 1.000000
-0.414694 0.228862 2.544834 1.000000
-0.061740 0.228202 2.473963 1.000000
-0.256645 0.272260 2.417216 0.000000
-0.220051 0.100519 2.601062 0.000000
-0.430783 -0.112668 2.522799 1.000000
-0.009943 -0.119544 2.457120 1.000000
-0.201673 -0.111148 2.609197 0.000000
-0.474688 -0.034388 2.548480 1.000000
0.024011 -0.027841 2.472501 1.000000
-0.507037 -0.299201 2.445661 1.000000
-0.000685 -0.180433 2.231982 1.000000
-0.480011 -0.340093 2.397516 0.324519
-0.010244 -0.241863 2.202735 0.896635
-0.352366 -0.617471 2.495402 1.000000
-0.108016 -0.620990 2.505105 1.000000
-0.355204 -0.996342 2.610574 1.000000
-0.124864 -0.994337 2.636038 1.000000
-0.387597 -1.043843 2.453516 0.000000
-0.140477 -1.048817 2.478683 0.206731
-0.243116 0.516204 2.385355 1.000000
-0.416423 0.224138 2.547604 1.000000
-0.064408 0.229123 2.472366 1.000000
-0.260576 0.271296 2.418618 0.000000
-0.219407 0.097697 2.599732 0.000000
-0.433529 -0.113618 2.533610 1.000000
-0.016901 -0.121205 2.445118 0.980769
-0.200042 -0.111163 2.607342 0.000000
-0.478609 -0.039473 2.549677 1.000000
0.028395 -0.024434 2.493774 1.000000
-0.502179 -0.299062 2.430076 1.000000
0.025234 -0.259126 2.328981 1.000000
-0.489953 -0.362494 2.406681 0.307692
0.021624 -0.326878 2.318166 0.795673
-0.350954 -0.618998 2.496591 1.000000
-0.110110 -0.621949 2.504113 1.000000
-0.357859 -0.994852 2.621097 1.000000
-0.123855 -0.998495 2.625931 1.000000
-0.395555 -1.045467 2.466211 0.019231
-0.148890 -1.048568 2.468329 0.221154
-0.246448 0.514548 2.385063 1.000000
