-0.293604 0.379781 2.690731 1.000000
0.063137 0.357054 2.671143 1.000000
-0.117208 0.417396 2.588165 0.000000
-0.120309 0.209811 2.772528 0.000000
-0.276090 -0.011809 2.652413 1.000000
0.004608 -0.014142 2.634951 1.000000
-0.127906 0.004862 2.767258 0.000000
-0.357673 0.120361 2.678073 1.000000
0.099693 0.092190 2.662516 1.000000
-0.360592 -0.164626 2.630816 1.000000
0.099605 -0.195427 2.635394 1.000000
-0.339733 -0.224674 2.655730 0.593750
0.078087 -0.259416 2.645590 0.913462
-0.291820 -0.577079 2.700031 1.000000
-0.038495 -0.587587 2.698537 1.000000
-0.305438 -0.997003 2.776240 1.000000
-0.061454 -1.010959 2.749115 1.000000
-0.328553 -1.026058 2.612009 0.000000
-0.067495 -1.030596 2.581999 0.000000
-0.098201 0.676616 2.580781 1.000000
-0.291740 0.378101 2.690711 1.000000
0.065185 0.357903 2.671723 1.000000
-0.115494 0.416362 2.588126 0.000000
-0.117294 0.209959 2.773830 0.000000
-0.279822 -0.013463 2.656307 0.990385
0.000697 -0.011350 2.636153 0.971154
-0.130800 0.004128 2.769924 0.000000
-0.356765 0.118554 2.682900 1.000000
0.093896 0.092088 2.658624 1.000000
-0.358693 -0.166431 2.634485 1.000000
0.085714 -0.196105 2.637591 1.000000
-0.353219 -0.221121 2.674990 0.560096
0.060035 -0.259028 2.644138 0.745192
-0.289279 -0.578258 2.705347 1.000000
-0.036601 -0.586249 2.696202 1.000000
-0.304974 -0.999435 2.773851 1.000000
-0.061349 -1.008933 2.751475 1.000000
-0.327083 -1.025429 2.608970 0.000000
-0.067648 -1.030387 2.584592 0.000000
-0.095537 0.676239 2.578976 1.000000
-0.292591 0.376727 2.695988 1.000000
0.063748 0.356425 2.668163 1.000000
-0.118902 0.415212 2.589211 0.000000
-0.116240 0.208260 2.774293 0.000000
-0.280398 -0.016031 2.660753 0.990385
-0.000038 -0.014732 2.638437 0.701923
-0.130433 -0.000364 2.773406 0.000000
-0.357269 0.117214 2.693364 1.000000
0.093363 0.090691 2.661401 1.000000
-0.364395 -0.167404 2.644683 1.000000
0.072221 -0.195740 2.630772 1.000000
-0.339343 -0.225690 2.669917 0.644231
0.041295 -0.255991 2.622112 0.627404
-0.287095 -0.581642 2.712353 1.000000
-0.040530 -0.590120 2.694776 1.000000
-0.303394 -1.002821 2.780703 1.000000
-0.063389 -1.012932 2.749882 1.000000
-0.325556 -1.028722 2.615814 0.000000
-0.071536 -1.034234 2.583059 0.000000
-0.101251 0.673768 2.577507 1.000000
-0.294012 0.374747 2.702273 1.000000
0.061622 0.357136 2.665148 1.000000
-0.123459 0.414606 2.591037 0.000000
-0.114424 0.207554 2.775805 0.000000
-0.278185 -0.011481 2.670093 0.682692
0.001561 -0.017838 2.641751 0.586538
-0.125478 -0.001647 2.779682 0.000000
-0.356002 0.114527 2.698545 1.000000
0.092707 0.091652 2.654073 1.000000
-0.364045 -0.169806 2.647968 1.000000
0.072956 -0.194329 2.618115 1.000000
-0.343160 -0.234491 2.641544 0.442308
0.046890 -0.254161 2.638170 0.627404
-0.289467 -0.580063 2.711723 1.000000
-0.043624 -0.591555 2.693833 1.000000
-0.303294 -1.002083 2.775257 1.000000
-0.062585 -1.014438 2.749867 1.000000
-0.329992 -1.025976 2.610738 0.000000
-0.074934 -1.035951 2.583329 0.000000
-0.100437 0.674568 2.584021 1.000000
-0.295812 0.371539 2.705550 1.000000
0.059028 0.357112 2.660334 1.000000
-0.128324 0.411741 2.589869 0.000000
-0.112807 0.207139 2.776922 0.000000
-0.280965 -0.010980 2.677184 0.961538
-0.004081 -0.018453 2.628391 0.625000
-0.120582 -0.000717 2.775152 0.000000
-0.356784 0.110887 2.703945 1.000000
0.091841 0.091856 2.645426 1.000000
-0.369678 -0.173797 2.655363 1.000000
0.071154 -0.192443 2.597286 1.000000
-0.351124 -0.238458 2.643689 0.358173
0.043670 -0.252028 2.616150 0.795673
-0.290543 -0.580182 2.712743 1.000000
-0.045385 -0.591396 2.689194 1.000000
-0.302998 -1.001287 2.782347 1.000000
-0.062139 -1.013923 2.748520 1.000000
-0.342438 -1.026845 2.620663 0.000000
-0.086678 -1.036130 2.583429 0.000000
-0.111776 0.672224 2.578752 1.000000
-0.302718 0.371471 2.726260 1.000000
0.047742 0.369351 2.653200 1.000000
-0.145985 0.420742 2.599541 0.000000
-0.110251 0.210262 2.777059 0.000000
-0.285203 -0.007890 2.682916 0.576923
-0.009606 -0.019773 2.628083 0.528846
-0.122592 -0.001130 2.777457 0.000000
-0.359799 0.109998 2.714607 1.000000
0.085484 0.105593 2.625459 1.000000
-0.373179 -0.173474 2.658430 1.000000
0.078448 -0.163220 2.518776 1.000000
-0.349339 -0.237140 2.652120 0.576923
0.053424 -0.223774 2.537972 0.560096
-0.288282 -0.580631 2.712786 1.000000
-0.049333 -0.591363 2.685990 1.000000
-0.303914 -1.002442 2.777282 1.000000
-0.065276 -1.013377 2.749071 1.000000
-0.344610 -1.025662 2.615558 0.000000
-0.092635 -1.036927 2.584611 0.000000
-0.119850 0.675193 2.581474 1.000000
-0.309901 0.366479 2.731119 1.000000
0.040072 0.377982 2.656617 1.000000
-0.155652 0.422707 2.604249 0.000000
-0.111406 0.211996 2.779563 0.000000
-0.290561 -0.004808 2.683770 0.932692
-0.015011 -0.016356 2.628627 0.730769
-0.127838 0.002865 2.778048 0.000000
-0.363668 0.104055 2.723517 1.000000
0.080783 0.119728 2.597775 1.000000
-0.384049 -0.181101 2.678541 1.000000
0.058898 -0.113563 2.427927 1.000000
-0.340929 -0.230154 2.698442 0.425481
0.020415 -0.169380 2.435992 0.829327
-0.288959 -0.578203 2.714034 1.000000
-0.051488 -0.587920 2.681130 1.000000
-0.303455 -1.000609 2.774800 1.000000
-0.060734 -1.009780 2.746535 1.000000
-0.343491 -1.022550 2.612733 0.000000
-0.087686 -1.034667 2.582205 0.000000
-0.127345 0.676460 2.586911 1.000000
-0.317885 0.358246 2.737576 1.000000
0.029933 0.381200 2.655971 1.000000
-0.168114 0.420481 2.608170 0.000000
-0.113828 0.209392 2.780175 0.000000
-0.293231 -0.008321 2.681781 1.000000
-0.019658 -0.015256 2.616884 0.711538
-0.127426 0.004747 2.769894 0.000000
-0.367587 0.095049 2.726897 1.000000
0.089242 0.136515 2.563944 1.000000
-0.388689 -0.190408 2.683647 1.000000
0.021993 -0.028800 2.336019 1.000000
-0.356684 -0.237435 2.721405 0.341346
-0.010429 -0.088165 2.345300 0.778846
-0.288384 -0.579843 2.712770 1.000000
-0.055922 -0.587859 2.683623 1.000000
-0.304324 -1.001097 2.780741 1.000000
-0.063471 -1.009846 2.748423 1.000000
-0.350319 -1.025201 2.620574 0.000000
-0.097746 -1.034268 2.585392 0.000000
-0.135402 0.671578 2.583574 1.000000
-0.319243 0.355385 2.752953 1.000000
0.023942 0.387464 2.656211 1.000000
-0.176813 0.423916 2.618538 0.076923
-0.110630 0.209672 2.782277 0.000000
-0.274618 0.004407 2.694158 1.000000
-0.005502 -0.019061 2.615880 1.000000
-0.104496 0.001534 2.774632 0.000000
-0.367153 0.092851 2.729045 1.000000
0.106730 0.190823 2.494132 1.000000
-0.392205 -0.193188 2.693294 1.000000
-0.035200 0.162644 2.243560 1.000000
-0.345563 -0.243041 2.694190 0.509615
-0.089375 0.137070 2.210810 0.475962
-0.289870 -0.571288 2.709007 1.000000
-0.060257 -0.588107 2.681978 1.000000
-0.306219 -0.992014 2.780078 1.000000
-0.062100 -1.010557 2.744121 1.000000
-0.362078 -1.016359 2.623116 0.000000
-0.107188 -1.033975 2.583594 0.000000
-0.145125 0.674273 2.596320 1.000000
-0.314017 0.357815 2.737174 1.000000
0.031709 0.362057 2.644332 1.000000
-0.166123 0.406072 2.599882 0.173077
-0.114438 0.203963 2.783109 0.000000
-0.279768 -0.002705 2.693029 1.000000
-0.008877 -0.025463 2.620906 1.000000
-0.111735 -0.008577 2.777625 0.000000
-0.370712 0.096387 2.732297 1.000000
0.064565 0.219915 2.420058 0.984615
-0.397351 -0.188864 2.694839 1.000000
-0.086324 0.310301 2.190833 1.000000
-0.353102 -0.236529 2.674061 0.425481
-0.129159 0.326248 2.140114 0.139423
-0.290848 -0.579161 2.710814 1.000000
-0.057750 -0.594533 2.678296 1.000000
-0.305988 -0.999934 2.781876 1.000000
-0.062530 -1.016234 2.745192 1.000000
-0.357442 -1.024830 2.623500 0.000000
-0.102263 -1.041430 2.583524 0.000000
-0.147798 0.670605 2.591814 1.000000
-0.312620 0.355498 2.743333 1.000000
0.028749 0.362329 2.635702 0.000000
-0.171485 0.402011 2.598529 0.000000
-0.108766 0.206108 2.785022 0.000000
-0.280848 -0.006759 2.695215 1.000000
-0.013074 -0.030180 2.612448 1.000000
-0.109801 -0.015635 2.773253 0.000000
-0.369515 0.094954 2.735363 1.000000
0.038404 0.278051 2.382744 1.000000
-0.395712 -0.188708 2.692172 1.000000
-0.121123 0.432887 2.199461 1.000000
-0.359161 -0.245740 2.683629 0.526442
-0.181628 0.444383 2.169988 0.324519
-0.293820 -0.583074 2.713255 1.000000
-0.063394 -0.598251 2.685064 1.000000
-0.307494 -1.004703 2.779370 1.000000
-0.064232 -1.021374 2.742472 1.000000
-0.364838 -1.027411 2.622698 0.000000
-0.113134 -1.042940 2.582804 0.000000
-0.148597 0.670544 2.592840 1.000000
-0.302620 0.369088 2.757453 1.000000
0.024333 0.361880 2.612686 0.000000
-0.176714 0.409567 2.597579 0.000000
-0.101545 0.211637 2.777202 0.000000
-0.281488 -0.001835 2.707659 0.653846
-0.023990 -0.027203 2.597421 1.000000
-0.103344 -0.012537 2.767461 0.000000
-0.370837 0.111287 2.744437 1.000000
-0.006414 0.356520 2.347525 1.000000
-0.396476 -0.172000 2.697266 1.000000
-0.164951 0.567556 2.231490 1.000000
-0.360527 -0.225759 2.675375 0.913462
-0.221829 0.594205 2.204726 0.677885
-0.297566 -0.579269 2.710624 1.000000
-0.064067 -0.593930 2.677876 1.000000
-0.299082 -1.001059 2.777106 1.000000
-0.064554 -1.015661 2.744747 1.000000
-0.373858 -1.024285 2.628045 0.000000
-0.128970 -1.039951 2.591089 0.000000
-0.155779 0.681886 2.614309 0.274038
-0.315256 0.348235 2.770246 1.000000
-0.001328 0.368419 2.605059 0.173077
-0.204156 0.399230 2.602595 0.081731
-0.100855 0.208178 2.775567 0.000000
-0.277891 -0.003921 2.713504 0.663462
-0.028438 -0.027166 2.585698 1.000000
-0.096076 -0.014928 2.760916 0.000000
-0.373628 0.090253 2.742294 1.000000
-0.040985 0.397965 2.343720 1.000000
-0.391339 -0.192420 2.694495 1.000000
-0.192498 0.626284 2.257601 1.000000
-0.356209 -0.250185 2.684969 0.644231
-0.241486 0.671750 2.243649 0.862981
-0.296630 -0.580676 2.709011 1.000000
-0.062035 -0.593083 2.682000 1.000000
-0.306059 -1.002496 2.774647 1.000000
-0.069554 -1.016165 2.739221 1.000000
-0.389920 -1.023113 2.630105 0.000000
-0.145448 -1.034984 2.590103 0.000000
-0.154390 0.672308 2.612118 0.264423
-0.320228 0.346884 2.785604 1.000000
-0.013459 0.369600 2.608120 0.480769
-0.215735 0.402300 2.615132 0.000000
-0.107248 0.204814 2.777369 0.000000
-0.276580 -0.008092 2.716482 0.365385
-0.033022 -0.030813 2.577683 1.000000
-0.092839 -0.019156 2.755762 0.000000
-0.375443 0.090106 2.755910 0.969231
-0.074339 0.409371 2.354000 1.000000
-0.393887 -0.188300 2.695675 1.000000
-0.210717 0.647061 2.274104 1.000000
-0.363038 -0.248244 2.684872 0.610577
-0.247796 0.704268 2.277848 1.000000
-0.297816 -0.584247 2.712289 1.000000
-0.066686 -0.596846 2.680053 1.000000
-0.306923 -1.007385 2.768862 1.000000
-0.069904 -1.019225 2.742622 1.000000
-0.397040 -1.024326 2.627646 0.000000
-0.152629 -1.040098 2.597463 0.000000
-0.164418 0.673987 2.624934 0.076923
-0.311051 0.356835 2.796050 1.000000
-0.024800 0.380492 2.588874 0.567308
-0.225330 0.409110 2.614475 0.000000
-0.096517 0.219183 2.770765 0.000000
-0.269875 -0.003025 2.725797 0.000000
-0.040751 -0.023863 2.564026 1.000000
-0.083250 -0.014884 2.747164 0.000000
-0.377138 0.106256 2.754594 0.923077
-0.127380 0.421620 2.350837 1.000000
-0.396731 -0.172471 2.707144 1.000000
-0.268568 0.659494 2.289141 1.000000
-0.369868 -0.232009 2.687264 0.593750
-0.289638 0.724388 2.291671 0.980769
-0.301119 -0.577589 2.710706 1.000000
-0.067866 -0.589688 2.676956 1.000000
-0.302039 -0.999425 2.776907 1.000000
-0.065085 -1.012158 2.738925 1.000000
-0.406920 -1.019624 2.646745 0.000000
-0.161917 -1.032773 2.602731 0.000000
-0.167846 0.681069 2.593103 0.721154
-0.312028 0.335408 2.790015 1.000000
-0.028923 0.373652 2.579944 0.836538
-0.230809 0.391654 2.607558 0.000000
-0.090751 0.209218 2.763097 0.000000
-0.270193 -0.009058 2.721596 0.000000
-0.041472 -0.033936 2.559827 1.000000
-0.083520 -0.020463 2.742792 0.000000
-0.381200 0.084508 2.759144 0.784615
-0.149155 0.403333 2.348963 1.000000
-0.397460 -0.192563 2.703699 1.000000
-0.324259 0.601233 2.247569 1.000000
-0.364913 -0.251558 2.692660 0.543269
-0.359621 0.659331 2.241595 1.000000
-0.301643 -0.584272 2.715024 1.000000
-0.068052 -0.598434 2.675326 1.000000
-0.303151 -1.005155 2.787027 1.000000
-0.067690 -1.020829 2.737867 1.000000
-0.408105 -1.026991 2.657189 0.000000
-0.164791 -1.041057 2.601808 0.000000
-0.160769 0.673649 2.606987 1.000000
-0.322077 0.331670 2.795580 0.000000
-0.039377 0.388607 2.583441 0.480769
-0.244458 0.395711 2.614129 0.000000
-0.095104 0.216907 2.765172 0.000000
-0.269379 -0.006220 2.720421 0.000000
-0.040136 -0.031834 2.559508 1.000000
-0.082816 -0.018100 2.742308 0.000000
-0.382686 0.079929 2.767410 0.769231
-0.143501 0.352465 2.347449 1.000000
-0.400392 -0.193130 2.702281 1.000000
-0.358689 0.439923 2.188823 1.000000
-0.366669 -0.252497 2.702075 0.442308
-0.398361 0.483230 2.154005 0.290865
-0.304971 -0.581004 2.710729 1.000000
-0.074791 -0.597186 2.672788 1.000000
-0.302831 -1.002702 2.777773 1.000000
-0.068744 -1.019259 2.737185 1.000000
-0.408278 -1.023835 2.648218 0.000000
-0.165656 -1.041382 2.601285 0.000000
-0.176822 0.678733 2.612110 1.000000
-0.311951 0.325238 2.801671 0.567308
-0.036673 0.362472 2.575840 0.990385
-0.239164 0.383016 2.616161 0.019231
-0.094551 0.195848 2.761579 0.000000
-0.266955 -0.014946 2.721054 0.000000
-0.047372 -0.047792 2.548410 1.000000
-0.079605 -0.028611 2.732853 0.000000
-0.384538 0.078430 2.780694 0.430769
-0.115919 0.256789 2.354088 1.000000
-0.398523 -0.190458 2.708576 1.000000
-0.313899 0.168621 2.178795 1.000000
-0.387906 -0.257266 2.717826 0.576923
-0.367113 0.127742 2.191396 0.762019
-0.306735 -0.591794 2.705318 1.000000
-0.073660 -0.609704 2.670398 1.000000
-0.304563 -1.012279 2.779599 1.000000
-0.065541 -1.032202 2.731704 1.000000
-0.415800 -1.034824 2.655228 0.000000
-0.170436 -1.053087 2.601662 0.000000
-0.191804 0.666698 2.626076 1.000000
-0.324679 0.326358 2.794576 1.000000
-0.036062 0.370414 2.587396 1.000000
-0.241303 0.385300 2.613953 0.024038
-0.101484 0.203105 2.769988 0.000000
-0.274176 -0.015572 2.714182 0.000000
-0.042684 -0.043586 2.556929 1.000000
-0.087979 -0.027609 2.738916 0.000000
-0.388232 0.078782 2.770460 0.630769
-0.069601 0.225222 2.378330 1.000000
-0.398067 -0.195801 2.733337 1.000000
-0.233521 0.137961 2.172450 1.000000
-0.410583 -0.262211 2.723604 0.206731
-0.287753 0.099198 2.157687 1.000000
-0.310374 -0.590770 2.706817 1.000000
-0.073236 -0.607411 2.671276 1.000000
-0.304707 -1.011955 2.776819 1.000000
-0.072411 -1.030236 2.730840 1.000000
-0.408733 -1.035022 2.646448 0.000000
-0.167355 -1.049815 2.593173 0.000000
-0.196222 0.672787 2.635589 1.000000
-0.329836 0.324197 2.795912 0.000000
-0.036293 0.376040 2.597646 1.000000
-0.241919 0.391707 2.620517 0.033654
-0.107343 0.200024 2.769641 0.000000
-0.276307 -0.013193 2.713285 0.009615
-0.041802 -0.039035 2.560181 1.000000
-0.090646 -0.025891 2.741475 0.000000
-0.397805 0.077968 2.790434 0.507692
-0.018706 0.260083 2.370660 1.000000
-0.397903 -0.194292 2.745679 1.000000
-0.158596 0.221426 2.136000 1.000000
-0.377381 -0.238866 2.698207 0.358173
-0.207197 0.196482 2.095045 1.000000
-0.308382 -0.588640 2.705818 1.000000
-0.074924 -0.603271 2.674736 1.000000
-0.304460 -1.009537 2.777643 1.000000
-0.067871 -1.026759 2.728935 1.000000
-0.405444 -1.033115 2.644992 0.000000
-0.160762 -1.046107 2.589841 0.000000
-0.197983 0.670524 2.627318 1.000000
-0.322615 0.355263 2.774035 1.000000
-0.028529 0.368240 2.570297 0.000000
-0.233184 0.395304 2.591144 0.000000
-0.105573 0.219590 2.764151 0.000000
-0.283750 -0.012380 2.719972 0.000000
-0.050554 -0.031701 2.563932 1.000000
-0.097598 -0.022355 2.745936 0.000000
-0.397823 0.113839 2.796420 0.507692
0.015837 0.355352 2.320680 0.923077
-0.412788 -0.159403 2.779985 1.000000
-0.033933 0.458128 2.071451 1.000000
-0.412385 -0.227672 2.780824 0.189904
-0.061853 0.468298 2.009980 1.000000
-0.309250 -0.587062 2.709636 1.000000
-0.076232 -0.597653 2.677093 1.000000
-0.306879 -1.007864 2.782089 1.000000
-0.066595 -1.021388 2.728912 1.000000
-0.408549 -1.031194 2.649918 0.000000
-0.160590 -1.040450 2.590522 0.000000
-0.199367 0.684640 2.606947 1.000000
-0.321937 0.360850 2.768203 1.000000
-0.022823 0.372119 2.584177 0.826923
-0.221274 0.407646 2.592911 0.000000
-0.110810 0.216000 2.760723 0.000000
-0.296374 -0.013371 2.715223 0.451923
-0.061819 -0.024500 2.560428 1.000000
-0.110074 -0.013476 2.742020 0.000000
-0.398834 0.121695 2.797317 0.507692
0.034785 0.453955 2.351927 1.000000
-0.420324 -0.149605 2.774481 1.000000
0.048743 0.611111 2.129005 1.000000
-0.400740 -0.208524 2.746080 0.492788
0.043420 0.648908 2.072396 1.000000
-0.309776 -0.586402 2.709134 1.000000
-0.081658 -0.592855 2.678008 1.000000
-0.306681 -1.005771 2.789441 1.000000
-0.063495 -1.015884 2.733200 1.000000
-0.407097 -1.031905 2.656838 0.000000
-0.155994 -1.037983 2.594255 0.000000
-0.195908 0.684932 2.600131 1.000000
-0.332161 0.364846 2.766227 1.000000
-0.028274 0.384287 2.594393 1.000000
-0.225837 0.417386 2.595977 0.000000
-0.119117 0.222679 2.762683 0.000000
-0.303752 -0.009424 2.707695 0.384615
-0.059398 -0.015793 2.568584 1.000000
-0.119634 -0.006754 2.746674 0.000000
-0.397523 0.119851 2.781227 0.646154
0.063459 0.495830 2.385437 1.000000
-0.422356 -0.153069 2.769317 1.000000
0.104061 0.691365 2.197390 1.000000
-0.415357 -0.220705 2.775476 0.459135
0.107822 0.733845 2.144071 1.000000
-0.311473 -0.580919 2.710062 1.000000
-0.079913 -0.586066 2.676990 1.000000
-0.306436 -1.002246 2.779254 1.000000
-0.066267 -1.008899 2.734915 1.000000
-0.398315 -1.026180 2.640202 0.000000
-0.148626 -1.031437 2.589798 0.000000
-0.193311 0.684610 2.580975 1.000000
-0.340698 0.357523 2.750657 1.000000
-0.021846 0.388880 2.607440 1.000000
-0.220764 0.416559 2.591972 0.009615
-0.124265 0.221178 2.764035 0.000000
-0.297518 0.002794 2.696377 0.451923
-0.040643 -0.017600 2.583678 1.000000
-0.118738 -0.006152 2.754547 0.000000
-0.396796 0.108361 2.753631 1.000000
0.113708 0.495771 2.419193 1.000000
-0.415297 -0.165946 2.731388 1.000000
0.159551 0.706803 2.247596 1.000000
-0.410044 -0.228670 2.757840 0.644231
0.151809 0.753685 2.198569 1.000000
-0.307893 -0.573414 2.706162 1.000000
-0.078151 -0.584434 2.678105 1.000000
-0.310939 -0.994122 2.779133 1.000000
-0.065596 -1.007591 2.733870 1.000000
-0.386346 -1.019319 2.630711 0.000000
-0.133643 -1.029696 2.581452 0.000000
-0.181536 0.678854 2.577544 1.000000
-0.337956 0.368878 2.739753 1.000000
-0.006228 0.390162 2.623507 1.000000
-0.203281 0.424310 2.591969 0.004808
-0.127951 0.225480 2.770529 0.000000
-0.297358 0.009167 2.686859 0.711538
-0.032432 -0.015481 2.595708 1.000000
-0.124239 -0.003699 2.759594 0.000000
-0.391100 0.118546 2.730487 1.000000
0.133346 0.476452 2.426912 1.000000
-0.418894 -0.155728 2.708617 1.000000
0.192417 0.666429 2.234828 1.000000
-0.407705 -0.222803 2.714722 0.980769
0.188275 0.708535 2.181242 1.000000
-0.301762 -0.569781 2.696839 1.000000
-0.069162 -0.580320 2.679595 1.000000
-0.306271 -0.990158 2.771618 1.000000
-0.068829 -1.002735 2.742002 1.000000
-0.368212 -1.016934 2.617357 0.000000
-0.122739 -1.026090 2.584210 0.000000
-0.179858 0.685538 2.581209 1.000000
-0.337686 0.364951 2.726411 1.000000
0.008986 0.384085 2.641376 1.000000
-0.188862 0.421742 2.593458 0.000000
-0.133472 0.217620 2.773340 0.000000
-0.300924 0.007307 2.676644 1.000000
-0.028710 -0.017221 2.610317 1.000000
-0.135151 -0.004358 2.765013 0.000000
-0.393165 0.112586 2.722552 1.000000
0.167521 0.407383 2.438634 1.000000
-0.419030 -0.163390 2.690150 1.000000
0.231587 0.554897 2.210563 1.000000
-0.400246 -0.228512 2.698389 0.795673
0.233382 0.594249 2.154797 1.000000
-0.292711 -0.573550 2.690018 1.000000
-0.057879 -0.581618 2.678457 1.000000
-0.313590 -0.989352 2.784894 1.000000
-0.068199 -1.003680 2.742378 1.000000
-0.359006 -1.023249 2.626343 0.000000
-0.103770 -1.027473 2.579533 0.000000
-0.174348 0.680490 2.586555 1.000000
-0.335225 0.368740 2.716219 1.000000
0.018523 0.376996 2.661826 1.000000
-0.173509 0.422867 2.598029 0.000000
-0.141096 0.213069 2.776986 0.000000
-0.284599 0.007294 2.664710 1.000000
-0.008288 -0.022551 2.621544 1.000000
-0.126724 -0.003650 2.766601 0.000000
-0.388375 0.113240 2.707235 1.000000
0.180303 0.254378 2.497577 1.000000
-0.409137 -0.158225 2.633778 1.000000
0.290189 0.259396 2.237923 1.000000
-0.402486 -0.226146 2.631768 0.913462
0.304668 0.234382 2.176067 0.576923
-0.285313 -0.573926 2.682538 1.000000
-0.050493 -0.586017 2.688408 1.000000
-0.312674 -0.990821 2.770739 1.000000
-0.066009 -1.009847 2.737968 1.000000
-0.345406 -1.022948 2.608731 0.000000
-0.089581 -1.028358 2.572282 0.000000
-0.166479 0.677942 2.583206 1.000000
-0.333702 0.366347 2.712137 1.000000
0.021151 0.391736 2.672155 1.000000
-0.170151 0.432171 2.602736 0.000000
-0.135409 0.216523 2.774143 0.000000
-0.281446 0.003506 2.652238 1.000000
-0.002545 -0.010910 2.618944 1.000000
-0.126816 0.003690 2.759548 0.000000
-0.378907 0.110571 2.693841 1.000000
0.141668 0.175282 2.592013 1.000000
-0.408134 -0.159306 2.620479 1.000000
0.290055 0.086508 2.370269 1.000000
-0.407105 -0.221988 2.593432 0.795673
0.275234 0.035379 2.327516 0.728365
-0.286504 -0.570834 2.679481 1.000000
-0.044040 -0.579661 2.690911 1.000000
-0.314569 -0.988240 2.765003 1.000000
-0.060900 -1.003595 2.739121 1.000000
-0.343042 -1.019710 2.602065 0.000000
-0.078242 -1.021838 2.572638 0.000000
-0.155867 0.681011 2.583658 1.000000
-0.319664 0.368410 2.698429 1.000000
0.037132 0.372918 2.669449 1.000000
-0.149373 0.420317 2.591861 0.000000
-0.131964 0.211181 2.773659 0.000000
-0.276002 -0.000919 2.641611 1.000000
0.004883 -0.010960 2.631399 1.000000
-0.130751 0.001676 2.761282 0.000000
-0.367188 0.112195 2.672147 1.000000
0.139061 0.137380 2.617225 1.000000
-0.402791 -0.158763 2.599269 1.000000
0.245625 -0.092300 2.491174 1.000000
-0.419355 -0.215032 2.564325 0.711538
0.238768 -0.157626 2.472544 0.930288
-0.287784 -0.572317 2.673737 1.000000
-0.039702 -0.581829 2.693506 1.000000
-0.317022 -0.989029 2.762199 1.000000
-0.062498 -1.005506 2.741540 1.000000
-0.333884 -1.022684 2.598086 0.000000
-0.065022 -1.024338 2.574241 0.000000
-0.119827 0.675215 2.580287 1.000000
-0.295040 0.382739 2.681834 1.000000
0.061273 0.350881 2.668049 1.000000
-0.116510 0.411971 2.580233 0.000000
-0.126915 0.212258 2.772841 0.000000
-0.273742 -0.011249 2.646828 1.000000
0.007133 -0.016217 2.633173 1.000000
-0.126970 0.004791 2.763562 0.000000
-0.361109 0.127914 2.667034 1.000000
0.118471 0.094312 2.688563 1.000000
-0.394868 -0.141936 2.582670 1.000000
0.134757 -0.189376 2.670341 1.000000
-0.415740 -0.200975 2.555460 0.778846
0.099656 -0.246044 2.685112 0.947115
-0.292990 -0.577696 2.667798 1.000000
-0.030130 -0.587689 2.699223 1.000000
-0.306819 -0.996541 2.749696 1.000000
-0.062747 -1.011019 2.744581 1.000000
-0.332203 -1.027675 2.586184 0.000000
-0.064596 -1.028815 2.577159 0.000000
-0.090956 0.675534 2.579498 1.000000
-0.287036 0.380618 2.681234 1.000000
0.069393 0.348325 2.672341 1.000000
-0.107124 0.409322 2.581946 0.000000
-0.120343 0.210253 2.775048 0.000000
-0.271676 -0.013448 2.648114 1.000000
0.009428 -0.017275 2.639886 1.000000
-0.127234 0.005146 2.767349 0.000000
-0.354559 0.125917 2.657504 1.000000
0.105742 0.091311 2.723503 1.000000
-0.374987 -0.145016 2.569143 1.000000
0.099868 -0.194329 2.721168 1.000000
-0.381098 -0.200998 2.530539 0.930288
0.065562 -0.253358 2.720638 0.459135
-0.291588 -0.578501 2.654521 1.000000
-0.022890 -0.588357 2.703627 1.000000
-0.308034 -0.992653 2.757169 1.000000
-0.062766 -1.010776 2.751598 1.000000
-0.335033 -1.031625 2.595607 0.000000
-0.058760 -1.030143 2.584389 0.000000
-0.076370 0.670839 2.572618 1.000000
-0.279200 0.383327 2.674412 1.000000
0.077543 0.354571 2.682883 1.000000
-0.094958 0.413902 2.584021 0.000000
-0.115591 0.214533 2.776160 0.000000
-0.267899 -0.012526 2.648049 1.000000
0.013302 -0.014000 2.653073 1.000000
-0.129417 0.004478 2.774381 0.000000
-0.347291 0.128812 2.651693 1.000000
0.107913 0.096915 2.734082 1.000000
-0.355541 -0.144279 2.568580 1.000000
0.092016 -0.188214 2.736044 1.000000
-0.341080 -0.210927 2.565324 0.913462
0.081776 -0.255605 2.739944 0.543269
-0.290091 -0.576824 2.653963 1.000000
-0.023030 -0.586920 2.708649 1.000000
-0.307368 -0.989470 2.762378 1.000000
-0.055587 -1.009405 2.761332 1.000000
-0.328936 -1.031057 2.600652 0.000000
-0.045163 -1.030990 2.594671 0.000000
-0.060433 0.674393 2.578177 1.000000
