-0.337702 0.349106 2.816789 1.000000
0.041701 0.370955 2.628769 1.000000
-0.198543 0.445297 2.630697 0.000000
-0.111479 0.227980 2.781130 0.000000
-0.320800 0.057154 2.735322 0.000000
-0.014527 0.061120 2.576557 0.875000
-0.107894 0.035549 2.770652 0.000000
-0.388791 0.080098 2.724411 1.000000
0.083606 0.085033 2.629921 1.000000
-0.401006 -0.232163 2.685386 1.000000
0.059351 -0.228843 2.621417 1.000000
-0.366861 -0.307204 2.685991 0.812500
0.019321 -0.300424 2.612984 1.000000
-0.282226 -0.527118 2.723829 1.000000
-0.042929 -0.517792 2.685951 1.000000
-0.291103 -0.984624 2.743154 0.731731
-0.044209 -0.968000 2.770063 0.206731
-0.392599 -0.990806 2.550181 0.000000
-0.138791 -1.003838 2.576805 0.000000
-0.161093 0.660182 2.598815 1.000000
-0.340471 0.351132 2.807634 1.000000
0.041873 0.369889 2.625323 1.000000
-0.199002 0.442037 2.620629 0.000000
-0.112638 0.230922 2.780031 0.000000
-0.325709 0.056935 2.716547 0.000000
-0.005571 0.058575 2.587961 0.615385
-0.117114 0.037803 2.772815 0.000000
-0.387785 0.078169 2.724358 1.000000
0.077689 0.082880 2.630340 1.000000
-0.404958 -0.234693 2.689623 1.000000
0.061593 -0.231737 2.618475 1.000000
-0.371003 -0.308674 2.676542 0.576923
0.023962 -0.304949 2.613861 1.000000
-0.282365 -0.527305 2.725416 1.000000
-0.039014 -0.522681 2.680516 1.000000
-0.299630 -0.983973 2.755767 0.744231
-0.039634 -0.970978 2.774287 0.550481
-0.381081 -0.994324 2.553685 0.000000
-0.114116 -1.012854 2.573594 0.000000
-0.164632 0.665414 2.593083 1.000000
-0.337480 0.348684 2.816101 1.000000
0.039995 0.369401 2.624114 1.000000
-0.200332 0.443411 2.627779 0.000000
-0.111439 0.227571 2.779265 0.000000
-0.320821 0.050613 2.730290 0.000000
-0.014296 0.062453 2.572406 0.625000
-0.107441 0.036595 2.766569 0.000000
-0.390109 0.079898 2.723707 1.000000
0.081298 0.083313 2.624378 1.000000
-0.408052 -0.232646 2.688725 1.000000
0.059689 -0.230832 2.615692 1.000000
-0.368644 -0.303393 2.673252 0.627404
0.017304 -0.300602 2.604154 1.000000
-0.284019 -0.530721 2.724322 1.000000
-0.042859 -0.520397 2.681666 1.000000
-0.292643 -0.987396 2.758044 0.637981
-0.042082 -0.967406 2.781398 0.341106
-0.393880 -0.999722 2.565228 0.000000
-0.134185 -1.010615 2.588451 0.000000
-0.163325 0.662048 2.598567 1.000000
-0.333478 0.353685 2.816600 1.000000
0.043770 0.368425 2.623616 1.000000
-0.195486 0.445811 2.627605 0.000000
-0.109249 0.229283 2.779644 0.000000
-0.323827 0.069312 2.728774 0.000000
-0.014234 0.062680 2.576678 0.875000
-0.112915 0.037584 2.768188 0.000000
-0.389103 0.085445 2.723445 1.000000
0.078108 0.081118 2.622654 1.000000
-0.404907 -0.226683 2.681475 1.000000
0.056279 -0.232754 2.601614 1.000000
-0.374415 -0.301379 2.698451 0.593750
0.017590 -0.305520 2.599224 1.000000
-0.284218 -0.516953 2.721786 1.000000
-0.041956 -0.511058 2.680185 1.000000
-0.261806 -0.974280 2.732451 0.875481
-0.036168 -0.959851 2.771372 0.328606
-0.363103 -0.983744 2.539506 0.000000
-0.127299 -1.000439 2.577397 0.000000
-0.161377 0.664987 2.601462 1.000000
-0.337112 0.352915 2.804362 1.000000
0.046730 0.363916 2.624584 1.000000
-0.192819 0.440190 2.617786 0.000000
-0.111216 0.228611 2.779069 0.000000
-0.323764 0.059724 2.719959 0.000000
-0.010416 0.054727 2.575692 0.682692
-0.113174 0.035141 2.765694 0.000000
-0.390317 0.078098 2.730168 1.000000
0.078158 0.076071 2.620354 1.000000
-0.402744 -0.233771 2.683490 1.000000
0.047922 -0.234263 2.571632 1.000000
-0.375641 -0.311633 2.682892 0.560096
0.009109 -0.306948 2.568835 1.000000
-0.279787 -0.526518 2.725494 1.000000
-0.042867 -0.522927 2.677001 1.000000
-0.289210 -0.983637 2.752272 0.837981
-0.037889 -0.969670 2.777800 0.247356
-0.381279 -0.993309 2.554767 0.000000
-0.123011 -1.014774 2.582100 0.000000
-0.159373 0.666098 2.607288 1.000000
-0.335703 0.347427 2.806744 1.000000
0.046684 0.364749 2.624383 1.000000
-0.194304 0.436451 2.618785 0.000000
-0.107666 0.227282 2.780584 0.000000
-0.323860 0.056863 2.718929 0.000000
-0.009936 0.052629 2.575895 0.653846
-0.113325 0.033647 2.765617 0.000000
-0.388613 0.074347 2.725666 1.000000
0.073529 0.076682 2.608817 1.000000
-0.402824 -0.238240 2.683427 1.000000
0.044156 -0.231340 2.545918 1.000000
-0.365492 -0.310029 2.667614 0.694712
0.005348 -0.297761 2.516260 1.000000
-0.282835 -0.529089 2.724717 1.000000
-0.042447 -0.525445 2.678046 1.000000
-0.289476 -0.985804 2.758357 0.772356
-0.038115 -0.972440 2.777750 0.131731
-0.381248 -0.999012 2.560919 0.000000
-0.122526 -1.017006 2.581620 0.000000
-0.162637 0.666138 2.614233 1.000000
-0.326721 0.349049 2.816315 1.000000
0.049707 0.363680 2.621727 1.000000
-0.189756 0.440398 2.626200 0.000000
-0.102280 0.225068 2.779229 0.000000
-0.320879 0.055002 2.724639 0.000000
-0.011885 0.052954 2.571200 0.817308
-0.108771 0.032921 2.764218 0.000000
-0.386782 0.078880 2.728460 1.000000
0.082078 0.077581 2.584097 1.000000
-0.400702 -0.233971 2.682980 1.000000
0.045925 -0.217455 2.475537 1.000000
-0.366322 -0.307607 2.669079 0.694712
-0.007241 -0.260138 2.429181 1.000000
-0.281468 -0.530909 2.722893 1.000000
-0.042198 -0.525513 2.677574 1.000000
-0.296799 -0.987348 2.757430 0.716106
-0.050504 -0.974148 2.769346 0.397356
-0.394396 -0.998805 2.562695 0.000000
-0.140729 -1.012343 2.574464 0.000000
-0.156963 0.665502 2.616159 1.000000
-0.324217 0.345106 2.823131 1.000000
0.048271 0.358652 2.621029 1.000000
-0.191517 0.434068 2.628903 0.000000
-0.099796 0.221808 2.783726 0.000000
-0.321176 0.047309 2.720917 0.000000
-0.009419 0.053357 2.573281 0.759615
-0.109554 0.026884 2.763849 0.000000
-0.388625 0.079661 2.725888 1.000000
0.101224 0.087424 2.533299 1.000000
-0.402354 -0.232608 2.679638 1.000000
-0.014980 -0.110718 2.316329 1.000000
-0.367944 -0.306370 2.666505 0.728365
-0.085728 -0.101848 2.274935 0.509615
-0.280501 -0.535038 2.721046 1.000000
-0.037401 -0.525361 2.682708 1.000000
-0.290669 -0.990689 2.766237 0.931731
-0.048623 -0.973899 2.774645 0.397356
-0.384721 -1.008033 2.570196 0.000000
-0.133969 -1.012154 2.577589 0.000000
-0.146932 0.663154 2.633895 1.000000
-0.328437 0.347498 2.822661 1.000000
0.047427 0.363947 2.627131 1.000000
-0.193393 0.436371 2.630014 0.000000
-0.101811 0.226714 2.788424 0.000000
-0.314775 0.041967 2.729717 0.307692
-0.010445 0.063707 2.568672 0.586538
-0.100781 0.029841 2.762931 0.000000
-0.387207 0.082187 2.729228 1.000000
0.108176 0.123207 2.482467 1.000000
-0.405669 -0.225783 2.675553 1.000000
-0.071890 0.006519 2.254372 1.000000
-0.373449 -0.301668 2.674666 0.745192
-0.108233 0.062095 2.205506 0.509615
-0.281844 -0.534569 2.722368 1.000000
-0.038927 -0.520810 2.679428 1.000000
-0.282279 -0.990403 2.766849 0.681731
-0.039035 -0.969189 2.772811 0.531731
-0.386789 -1.008899 2.576287 0.000000
-0.133160 -1.009287 2.580169 0.000000
-0.147809 0.666153 2.625005 1.000000
-0.323761 0.344558 2.823277 1.000000
0.057655 0.365072 2.639222 1.000000
-0.182087 0.441042 2.639247 0.000000
-0.098016 0.222129 2.789067 0.000000
-0.307908 0.052813 2.718848 0.000000
0.002612 0.056320 2.568547 0.903846
-0.096124 0.030332 2.759910 0.000000
-0.382056 0.083553 2.724468 1.000000
0.107014 0.161583 2.445725 1.000000
-0.405601 -0.222289 2.675037 1.000000
-0.108501 0.157545 2.221953 1.000000
-0.364880 -0.292879 2.662536 0.947115
-0.154518 0.207450 2.175162 0.509615
-0.282762 -0.527861 2.722668 1.000000
-0.039231 -0.522396 2.683712 1.000000
-0.278571 -0.984250 2.760815 0.825481
-0.039329 -0.971090 2.775566 0.222356
-0.377835 -1.001333 2.567338 0.000000
-0.129470 -1.010907 2.580970 0.000000
-0.149612 0.657616 2.621895 1.000000
-0.312144 0.382300 2.758641 0.000000
0.096721 0.354974 2.649744 0.884615
-0.133885 0.435039 2.589259 0.000000
-0.092018 0.250041 2.792876 0.000000
-0.296970 0.096431 2.678929 0.461538
0.035537 0.057461 2.595593 0.980769
-0.102133 0.051733 2.763098 0.000000
-0.377468 0.103994 2.737547 0.907692
0.087332 0.216971 2.398680 1.000000
-0.404048 -0.202171 2.681507 1.000000
-0.133958 0.332489 2.210876 1.000000
-0.381178 -0.276047 2.652929 0.896635
-0.206733 0.370106 2.201595 1.000000
-0.283838 -0.492985 2.715666 1.000000
-0.043720 -0.513223 2.672654 1.000000
-0.279550 -0.949981 2.745686 0.925481
-0.039345 -0.961748 2.765228 0.462981
-0.340549 -0.964278 2.536752 0.000000
-0.093613 -1.004960 2.558428 0.000000
-0.165019 0.683939 2.622665 0.653846
-0.308546 0.361005 2.737060 0.000000
0.103818 0.356548 2.638513 0.173077
-0.129418 0.422752 2.571687 0.129808
-0.082109 0.241907 2.777827 0.000000
-0.293255 0.074566 2.672548 0.336538
0.039937 0.037082 2.591286 0.730769
-0.096728 0.045265 2.759511 0.000000
-0.375619 0.082780 2.737229 1.000000
0.077806 0.263105 2.369255 1.000000
-0.395639 -0.221841 2.673335 1.000000
-0.151336 0.403660 2.211091 1.000000
-0.370104 -0.300233 2.673397 0.509615
-0.225332 0.438814 2.220370 1.000000
-0.283116 -0.516402 2.718129 1.000000
-0.041804 -0.536678 2.681758 1.000000
-0.270925 -0.973307 2.747344 0.631731
-0.035879 -0.987415 2.762784 0.459856
-0.332988 -0.988299 2.538773 0.000000
-0.089789 -1.025496 2.554884 0.000000
-0.167313 0.683295 2.625057 0.682692
-0.309257 0.359053 2.745833 0.000000
0.097600 0.346906 2.627108 0.000000
-0.136770 0.420700 2.573508 0.000000
-0.084329 0.233268 2.772396 0.000000
-0.293908 0.070995 2.673269 0.576923
0.036075 0.036289 2.578759 1.000000
-0.093101 0.049823 2.752467 0.000000
-0.378871 0.085501 2.755829 0.830769
0.068766 0.295788 2.350825 1.000000
-0.398234 -0.212953 2.683058 1.000000
-0.161014 0.449201 2.215137 1.000000
-0.373691 -0.290090 2.667409 0.543269
-0.240007 0.471961 2.221432 1.000000
-0.281820 -0.519352 2.723433 1.000000
-0.045067 -0.539834 2.674610 1.000000
-0.280982 -0.976364 2.753490 0.869231
-0.031440 -0.986399 2.775395 0.459856
-0.348953 -0.990090 2.546681 0.000000
-0.091978 -1.034289 2.571385 0.000000
-0.165904 0.683471 2.629449 0.697115
-0.286130 0.401520 2.748271 0.000000
0.108738 0.374392 2.596222 0.000000
-0.130111 0.441549 2.555129 0.000000
-0.058602 0.279497 2.769751 0.000000
-0.282798 0.091981 2.687972 0.057692
0.031352 0.070062 2.547067 1.000000
-0.072973 0.067622 2.737209 0.000000
-0.367844 0.131671 2.753678 0.846154
0.062131 0.327024 2.322162 1.000000
-0.393440 -0.170796 2.705664 1.000000
-0.183410 0.489530 2.234138 1.000000
-0.378670 -0.242156 2.667102 1.000000
-0.264964 0.497732 2.225252 1.000000
-0.282754 -0.493485 2.712077 1.000000
-0.047255 -0.507146 2.664657 1.000000
-0.285638 -0.949320 2.756468 0.694231
-0.033838 -0.955284 2.758234 0.481731
-0.382971 -0.967630 2.562124 0.000000
-0.123462 -0.998500 2.564125 0.000000
-0.166407 0.703113 2.650563 0.293269
-0.286277 0.398911 2.763169 0.000000
0.102820 0.382309 2.595526 0.000000
-0.138158 0.447889 2.565913 0.000000
-0.056738 0.279074 2.771605 0.000000
-0.273612 0.103426 2.684715 0.028846
0.042472 0.072165 2.550036 1.000000
-0.065846 0.071124 2.737946 0.000000
-0.370909 0.128206 2.766854 0.846154
0.067597 0.338821 2.317451 1.000000
-0.389494 -0.173880 2.703978 1.000000
-0.188122 0.488172 2.228815 1.000000
-0.372410 -0.244332 2.664708 0.980769
-0.270158 0.492724 2.235662 1.000000
-0.284535 -0.482120 2.712981 1.000000
-0.047934 -0.502457 2.661142 1.000000
-0.281722 -0.938157 2.755242 0.987981
-0.039108 -0.949581 2.759966 0.266106
-0.378409 -0.956791 2.560607 0.000000
-0.125777 -0.994409 2.564883 0.000000
-0.165089 0.707627 2.643769 0.312500
-0.277790 0.391048 2.786949 0.000000
0.104836 0.388784 2.604278 0.000000
-0.135729 0.460999 2.591568 0.000000
-0.050432 0.267665 2.772630 0.000000
-0.267092 0.102445 2.701524 0.182692
0.035378 0.093281 2.535834 1.000000
-0.055338 0.065845 2.730929 0.000000
-0.367835 0.122746 2.767389 0.723077
0.097573 0.342460 2.324496 1.000000
-0.389887 -0.179844 2.707971 1.000000
-0.167946 0.461624 2.220201 1.000000
-0.373583 -0.254380 2.676728 1.000000
-0.243419 0.440411 2.194683 0.963942
-0.283113 -0.473884 2.705572 1.000000
-0.046816 -0.482509 2.654660 1.000000
-0.281582 -0.929094 2.756020 0.766106
-0.056825 -0.935654 2.720415 0.656731
-0.396412 -0.949903 2.571739 0.000000
-0.160498 -0.960969 2.530179 0.000000
-0.163451 0.701752 2.654388 0.375000
-0.283057 0.391604 2.765093 0.000000
0.117487 0.394974 2.626061 0.000000
-0.121000 0.464710 2.587214 0.000000
-0.054100 0.270790 2.775246 0.000000
-0.271286 0.105438 2.678156 0.000000
0.052956 0.086142 2.561883 1.000000
-0.068051 0.062062 2.740268 0.000000
-0.372090 0.122870 2.792496 0.692308
0.129093 0.337740 2.347699 1.000000
-0.384275 -0.176236 2.712111 1.000000
-0.119863 0.426381 2.185718 1.000000
-0.376742 -0.257401 2.699751 1.000000
-0.191806 0.390998 2.166492 1.000000
-0.278078 -0.470332 2.711518 1.000000
-0.061982 -0.489261 2.650562 1.000000
-0.284833 -0.926190 2.755249 1.000000
-0.005360 -0.932931 2.749128 0.528606
-0.366370 -0.944311 2.553750 0.000000
-0.082324 -0.986505 2.552189 0.000000
-0.195523 0.687249 2.661038 0.778846
-0.275895 0.392764 2.769461 0.000000
0.123649 0.377890 2.628326 0.000000
-0.108589 0.469541 2.598108 0.000000
-0.057193 0.253912 2.766332 0.000000
-0.257196 0.123455 2.678416 0.317308
0.063270 0.081198 2.557831 1.000000
-0.055744 0.070444 2.738839 0.000000
-0.373469 0.126913 2.800519 0.661539
0.147313 0.360329 2.344966 1.000000
-0.383004 -0.171497 2.715365 1.000000
-0.081866 0.433535 2.148729 1.000000
-0.379050 -0.251863 2.697390 1.000000
-0.152417 0.404548 2.117427 1.000000
-0.281874 -0.459317 2.704669 1.000000
-0.052434 -0.487920 2.647077 1.000000
-0.285208 -0.914477 2.755483 1.000000
-0.031682 -0.931286 2.760038 0.472356
-0.374078 -0.935936 2.557442 0.000000
-0.110975 -0.984932 2.564045 0.000000
-0.197129 0.679984 2.655413 0.730769
-0.251891 0.399896 2.742357 1.000000
0.157470 0.318072 2.668166 0.000000
-0.041885 0.463440 2.619445 0.024038
-0.067868 0.217599 2.747210 0.000000
-0.268391 0.100219 2.652980 1.000000
0.072142 0.067517 2.608334 1.000000
-0.083471 0.060854 2.759278 0.000000
-0.390607 0.159278 2.816473 0.815385
0.127887 0.354940 2.384621 1.000000
-0.376572 -0.137690 2.717730 1.000000
0.003834 0.469818 2.120895 1.000000
-0.382006 -0.219049 2.705539 1.000000
-0.053601 0.468178 2.061769 1.000000
-0.296984 -0.474560 2.716894 1.000000
-0.057434 -0.511006 2.645877 1.000000
-0.275778 -0.930769 2.751363 1.000000
-0.029793 -0.954708 2.756007 0.687981
-0.328092 -0.949140 2.540402 0.000000
-0.062812 -1.008584 2.547235 0.000000
-0.185657 0.634831 2.640629 0.875000
-0.283300 0.356511 2.797110 1.000000
0.078802 0.368682 2.579304 1.000000
-0.160427 0.441122 2.594648 0.000000
-0.058993 0.235060 2.751767 0.000000
-0.248802 0.071643 2.718004 0.028846
0.045991 0.057997 2.539297 1.000000
-0.035608 0.037858 2.739247 0.000000
-0.380409 0.085706 2.787367 0.923077
0.136519 0.420387 2.302075 1.000000
-0.379787 -0.218391 2.710340 1.000000
0.099929 0.614737 2.058563 1.000000
-0.374999 -0.300238 2.701643 1.000000
0.053432 0.605544 1.991103 1.000000
-0.284913 -0.503004 2.725240 1.000000
-0.054485 -0.518317 2.668139 1.000000
-0.275491 -0.960225 2.750238 0.894231
-0.048354 -0.972082 2.729973 0.678606
-0.405883 -0.972448 2.575804 0.000000
-0.162996 -0.998658 2.546317 0.000000
-0.188416 0.683163 2.662277 0.706731
-0.281246 0.350562 2.796588 1.000000
0.069502 0.373556 2.565367 1.000000
-0.169400 0.438587 2.589248 0.019231
-0.055251 0.236125 2.742271 0.000000
-0.255183 0.063497 2.719417 0.903846
0.027968 0.057398 2.522405 1.000000
-0.040245 0.035455 2.727123 0.000000
-0.373052 0.078926 2.779603 1.000000
0.149279 0.459759 2.303246 1.000000
-0.384218 -0.226686 2.712822 1.000000
0.175927 0.670156 2.073015 1.000000
-0.376436 -0.305909 2.691362 0.795673
0.139757 0.676648 1.999212 1.000000
-0.284402 -0.510091 2.728397 1.000000
-0.050169 -0.517527 2.673510 1.000000
-0.277558 -0.967408 2.752441 0.866106
-0.053429 -0.970344 2.742143 0.566106
-0.416753 -0.978302 2.584857 0.000000
-0.179078 -0.996179 2.565725 0.000000
-0.186048 0.683869 2.659446 0.706731
-0.289520 0.341860 2.797539 1.000000
0.051040 0.375882 2.556340 1.000000
-0.189758 0.424727 2.582066 0.000000
-0.056981 0.241155 2.743646 0.000000
-0.252773 0.074624 2.719442 0.471154
0.026993 0.060465 2.518058 1.000000
-0.038882 0.038882 2.723578 0.000000
-0.369600 0.066200 2.777047 1.000000
0.170526 0.485132 2.318413 1.000000
-0.384423 -0.241439 2.717877 1.000000
0.206300 0.689571 2.083280 1.000000
-0.370142 -0.312394 2.678396 0.627404
0.180936 0.739754 2.022983 1.000000
-0.281388 -0.502532 2.723170 1.000000
-0.049680 -0.512040 2.664695 1.000000
-0.296001 -0.960018 2.739187 1.000000
-0.031795 -0.960151 2.757653 0.453606
-0.432106 -0.961638 2.568743 0.000000
-0.158855 -1.001011 2.585128 0.000000
-0.175137 0.691259 2.657938 0.721154
-0.296077 0.334314 2.813703 1.000000
0.034264 0.379941 2.559754 1.000000
-0.206813 0.422457 2.595734 0.000000
-0.063462 0.240078 2.749439 0.000000
-0.249555 0.069874 2.721740 0.567308
0.021676 0.053214 2.509181 1.000000
-0.035869 0.032959 2.717321 0.000000
-0.367684 0.058877 2.768171 1.000000
0.182669 0.486832 2.337008 1.000000
-0.385633 -0.249641 2.712080 1.000000
0.238081 0.703673 2.116640 1.000000
-0.367128 -0.329536 2.703601 0.677885
0.220093 0.751077 2.051627 1.000000
-0.285186 -0.508469 2.717701 1.000000
-0.042654 -0.514714 2.672313 1.000000
-0.290148 -0.965284 2.750259 1.000000
-0.045148 -0.963382 2.764263 0.425481
-0.435043 -0.975309 2.587522 0.000000
-0.178578 -0.997313 2.595078 0.000000
-0.153360 0.667516 2.690730 0.884615
-0.296288 0.337148 2.797635 1.000000
0.045837 0.380698 2.560288 1.000000
-0.196523 0.422564 2.583161 0.000000
-0.060322 0.243167 2.746572 0.000000
-0.253175 0.060483 2.720773 0.048077
0.029387 0.061005 2.522826 1.000000
-0.038251 0.031942 2.726846 0.000000
-0.371814 0.060410 2.769504 1.000000
0.191970 0.489586 2.336976 1.000000
-0.385291 -0.247572 2.709224 1.000000
0.247646 0.715894 2.126374 1.000000
-0.366746 -0.327900 2.708235 0.778846
0.231408 0.744556 2.050795 1.000000
-0.281182 -0.511220 2.722258 1.000000
-0.043766 -0.515934 2.665192 1.000000
-0.280810 -0.968526 2.747456 0.800481
-0.038623 -0.961666 2.770360 0.541106
-0.418347 -0.977952 2.578419 0.000000
-0.163696 -1.004069 2.596760 0.000000
-0.138103 0.658452 2.695173 0.932692
-0.295128 0.337294 2.796512 1.000000
0.048140 0.380869 2.560604 1.000000
-0.194234 0.423566 2.582911 0.000000
-0.059355 0.242662 2.745756 0.000000
-0.248431 0.066434 2.720360 0.221154
0.034236 0.053123 2.523009 1.000000
-0.034281 0.032839 2.727797 0.000000
-0.368007 0.060792 2.762485 1.000000
0.197886 0.490456 2.340400 1.000000
-0.385757 -0.247510 2.706650 1.000000
0.244218 0.715213 2.126344 1.000000
-0.366752 -0.318674 2.669611 0.711538
0.232949 0.748093 2.051583 1.000000
-0.283688 -0.510443 2.717557 1.000000
-0.046144 -0.519773 2.671501 1.000000
-0.293459 -0.966707 2.756181 0.900481
-0.034553 -0.966366 2.772417 0.316106
-0.428924 -0.978246 2.585610 0.000000
-0.159319 -1.008877 2.598621 0.000000
-0.139091 0.654291 2.712512 1.000000
-0.304782 0.320542 2.806333 1.000000
0.034407 0.389265 2.566393 1.000000
-0.211129 0.419709 2.595044 0.000000
-0.065851 0.238712 2.748574 0.000000
-0.244909 0.064843 2.726632 0.000000
0.033139 0.039116 2.524018 1.000000
-0.031853 0.024388 2.730423 0.000000
-0.368668 0.044672 2.755094 1.000000
0.192869 0.484772 2.345986 1.000000
-0.384661 -0.263475 2.699069 1.000000
0.241741 0.707974 2.131180 1.000000
-0.353257 -0.324312 2.653133 0.610577
0.229876 0.733660 2.053741 1.000000
-0.285689 -0.517291 2.713204 1.000000
-0.044985 -0.530862 2.670097 1.000000
-0.283180 -0.973067 2.758209 0.800481
-0.031284 -0.977188 2.771924 0.531731
-0.423911 -0.990211 2.592440 0.000000
-0.159636 -1.020153 2.600874 0.000000
-0.162223 0.668091 2.701417 0.990385
-0.301266 0.330472 2.791361 1.000000
0.050023 0.384576 2.567302 1.000000
-0.194357 0.424899 2.584233 0.000000
-0.063392 0.239052 2.744688 0.000000
-0.258371 0.064628 2.721424 0.288462
0.029843 0.051513 2.532253 1.000000
-0.044151 0.033650 2.735354 0.000000
-0.371292 0.054512 2.754563 1.000000
0.196239 0.483944 2.341120 1.000000
-0.385968 -0.252265 2.695004 1.000000
0.237875 0.708390 2.127190 1.000000
-0.359514 -0.315714 2.649487 0.509615
0.216061 0.736804 2.052933 1.000000
-0.283970 -0.515405 2.713958 1.000000
-0.042921 -0.523587 2.670869 1.000000
-0.279271 -0.970784 2.762658 0.909856
-0.036110 -0.977081 2.734595 0.712981
-0.410833 -0.990627 2.589811 0.000000
-0.155553 -1.004237 2.554111 0.000000
-0.147112 0.657605 2.708954 0.865385
-0.302043 0.322968 2.803606 1.000000
0.043254 0.385869 2.568698 1.000000
-0.202231 0.424774 2.596432 0.000000
-0.065801 0.233697 2.745809 0.000000
-0.244905 0.072386 2.726927 0.000000
0.034424 0.043409 2.526526 1.000000
-0.031974 0.031502 2.732666 0.000000
-0.373180 0.049345 2.750578 1.000000
0.198461 0.464584 2.339664 1.000000
-0.386227 -0.258128 2.690939 1.000000
0.226062 0.692750 2.126485 1.000000
-0.354322 -0.319222 2.645695 0.812500
0.203516 0.718222 2.051383 1.000000
-0.283941 -0.511656 2.712578 1.000000
-0.044033 -0.525688 2.673632 1.000000
-0.284936 -0.966914 2.762612 0.906731
-0.034244 -0.975419 2.759716 0.384856
-0.423229 -0.985043 2.594907 0.000000
-0.162013 -1.011334 2.586616 0.000000
-0.163602 0.663949 2.696526 1.000000
-0.302059 0.334298 2.778421 1.000000
0.066553 0.374176 2.575259 1.000000
-0.179464 0.421124 2.576730 0.000000
-0.064338 0.235536 2.749183 0.000000
-0.259344 0.059516 2.712950 0.096154
0.040132 0.036414 2.543228 1.000000
-0.047190 0.024524 2.741414 0.000000
-0.379390 0.058867 2.760182 1.000000
0.202174 0.431002 2.329185 1.000000
-0.386090 -0.245536 2.690269 1.000000
0.185694 0.647563 2.104632 1.000000
-0.359646 -0.320916 2.669873 0.829327
0.182893 0.704915 2.045469 0.257212
-0.284463 -0.522111 2.720031 1.000000
-0.043890 -0.535348 2.680753 1.000000
-0.287239 -0.978069 2.763144 0.903606
-0.042631 -0.984802 2.768809 0.378606
-0.405955 -0.994578 2.580902 0.000000
-0.150471 -1.021546 2.582801 0.000000
-0.176902 0.675534 2.689877 0.764423
-0.297935 0.344158 2.764304 1.000000
0.093636 0.369564 2.603673 1.000000
-0.149374 0.430014 2.580439 0.000000
-0.063909 0.233218 2.757651 0.000000
-0.259814 0.051659 2.696817 0.000000
0.055304 0.067204 2.557232 1.000000
-0.049097 0.030942 2.743859 0.000000
-0.383948 0.070726 2.764168 1.000000
0.204705 0.278617 2.355568 1.000000
-0.389173 -0.235175 2.701094 1.000000
0.174264 0.517916 2.157100 1.000000
-0.363986 -0.307924 2.671589 0.879808
0.130258 0.524360 2.087679 0.930288
-0.284146 -0.508868 2.723992 1.000000
-0.066822 -0.514510 2.677345 1.000000
-0.266136 -0.965526 2.754036 0.597356
0.040379 -0.946452 2.785503 0.778606
-0.375352 -0.982207 2.565961 0.000000
-0.078462 -1.018088 2.617207 0.000000
-0.182712 0.666022 2.672695 1.000000
-0.339549 0.317502 2.844621 1.000000
0.013554 0.405304 2.626939 1.000000
-0.233959 0.441470 2.652969 0.024038
-0.101868 0.234344 2.783689 0.000000
-0.276688 0.055450 2.728219 0.000000
0.010384 0.070287 2.537445 1.000000
-0.060645 0.040416 2.740192 0.000000
-0.384016 0.053552 2.742481 1.000000
0.091422 0.155274 2.510745 1.000000
-0.386869 -0.255436 2.697766 1.000000
0.158697 0.169308 2.206182 0.605769
-0.362535 -0.333819 2.689934 0.644231
0.130651 0.205494 2.137616 0.459135
-0.282591 -0.518341 2.717416 1.000000
-0.044631 -0.512709 2.673395 1.000000
-0.282501 -0.975112 2.750947 1.000000
0.006159 -0.952978 2.788928 0.312981
-0.411926 -0.987992 2.575842 0.000000
-0.113083 -1.012084 2.616108 0.000000
-0.180771 0.663328 2.649307 0.899038
-0.334556 0.330223 2.839058 1.000000
0.019535 0.380866 2.611394 1.000000
-0.225201 0.432737 2.637117 0.004808
-0.102739 0.229399 2.782353 0.000000
-0.304720 0.037510 2.724994 0.000000
-0.010784 0.078269 2.549025 1.000000
-0.088958 0.037278 2.747147 0.000000
-0.385532 0.064297 2.746611 0.984615
0.107584 0.110722 2.577759 1.000000
-0.390535 -0.244393 2.702936 1.000000
0.095803 -0.042563 2.306490 1.000000
-0.367700 -0.313547 2.664288 0.475962
0.100497 -0.102999 2.250607 1.000000
-0.281275 -0.529769 2.721337 1.000000
-0.043208 -0.512240 2.668641 1.000000
-0.288700 -0.986100 2.759683 0.797356
-0.015301 -0.953499 2.788121 0.203606
-0.403573 -0.999771 2.574763 0.000000
-0.125505 -1.009159 2.608300 0.000000
-0.187957 0.665749 2.642336 1.000000
-0.339467 0.330106 2.822409 1.000000
0.023765 0.374116 2.608163 1.000000
-0.222328 0.424376 2.620816 0.000000
-0.104475 0.229370 2.780567 0.000000
-0.309527 0.027783 2.725203 0.000000
-0.013545 0.072980 2.553807 0.740385
-0.094144 0.030477 2.750634 0.000000
-0.383752 0.059050 2.735134 1.000000
0.077166 0.091897 2.584706 1.000000
-0.385815 -0.252353 2.694425 1.000000
0.090618 -0.198726 2.466425 1.000000
-0.364889 -0.331191 2.682421 0.593750
0.068657 -0.268407 2.428220 1.000000
-0.282134 -0.538027 2.723848 1.000000
-0.038304 -0.518286 2.670399 1.000000
-0.295979 -0.994285 2.761278 0.834856
-0.020409 -0.960490 2.788296 0.328606
-0.406600 -1.006319 2.573670 0.000000
-0.126062 -1.013631 2.605014 0.000000
-0.185888 0.667559 2.625299 1.000000
-0.331507 0.332429 2.812404 1.000000
0.035378 0.366500 2.602618 1.000000
-0.209002 0.424933 2.613197 0.000000
-0.099600 0.224257 2.771934 0.000000
-0.312290 0.037368 2.725561 0.000000
-0.013710 0.057467 2.553891 0.769231
-0.097150 0.030869 2.752321 0.000000
-0.383241 0.058665 2.731101 1.000000
0.082455 0.080135 2.599073 1.000000
-0.386187 -0.256106 2.700278 1.000000
0.056723 -0.234898 2.587620 1.000000
-0.365559 -0.330790 2.672095 0.560096
0.038946 -0.301149 2.633361 1.000000
-0.280184 -0.540145 2.723726 1.000000
-0.040743 -0.528047 2.673131 1.000000
-0.296366 -0.996565 2.758124 0.716106
-0.021047 -0.970577 2.789505 0.147356
-0.406009 -1.006868 2.569840 0.000000
-0.121634 -1.023977 2.603469 0.000000
-0.172601 0.665837 2.620056 1.000000
-0.329299 0.333092 2.810772 1.000000
0.038770 0.373120 2.604134 1.000000
-0.205822 0.430679 2.614614 0.000000
-0.096867 0.226499 2.769134 0.000000
-0.314042 0.040191 2.722723 0.000000
-0.008199 0.057207 2.563992 0.826923
-0.100320 0.031573 2.758673 0.000000
-0.386405 0.061391 2.728449 1.000000
0.090763 0.090318 2.638478 1.000000
-0.392755 -0.251062 2.684546 1.000000
0.072642 -0.224746 2.637416 1.000000
-0.361872 -0.324729 2.704964 0.593750
0.039821 -0.300062 2.630512 1.000000
-0.280829 -0.538359 2.723565 1.000000
-0.041106 -0.528219 2.677190 1.000000
-0.289008 -0.994770 2.760797 0.781731
-0.021928 -0.971769 2.789706 0.194231
-0.391342 -1.008609 2.568664 0.000000
-0.114956 -1.024050 2.599467 0.000000
-0.167364 0.666739 2.610169 1.000000
-0.332564 0.345649 2.804462 1.000000
0.044827 0.371835 2.612979 1.000000
-0.198078 0.436987 2.612580 0.000000
-0.102037 0.231480 2.773762 0.000000
-0.315394 0.045077 2.719470 0.000000
-0.003124 0.062873 2.573881 0.788462
-0.103417 0.033739 2.763978 0.000000
-0.385137 0.071371 2.729419 1.000000
0.092241 0.089237 2.651888 1.000000
-0.401402 -0.239934 2.683156 1.000000
0.072983 -0.224756 2.633094 1.000000
-0.363988 -0.313299 2.687048 0.644231
0.043260 -0.299529 2.651063 0.997596
-0.281499 -0.532908 2.719590 1.000000
-0.037400 -0.522603 2.677951 1.000000
-0.291094 -0.988843 2.761968 0.778606
-0.072397 -0.976400 2.729020 0.550481
-0.384921 -1.005108 2.565727 0.000000
-0.155710 -0.992587 2.528083 0.000000
-0.161304 0.667701 2.608437 1.000000
-0.337200 0.353670 2.798315 1.000000
0.048525 0.370419 2.623067 1.000000
-0.192215 0.442466 2.612997 0.000000
-0.108890 0.233194 2.776396 0.000000
-0.323905 0.050571 2.716045 0.000000
-0.009915 0.093020 2.579540 0.509615
-0.112449 0.039656 2.763069 0.000000
-0.390266 0.078407 2.729412 1.000000
0.077746 0.083416 2.633488 1.000000
-0.404881 -0.229829 2.668203 1.000000
0.072563 -0.231136 2.633397 1.000000
-0.365715 -0.301107 2.654683 0.862981
0.031686 -0.302613 2.629215 1.000000
-0.277960 -0.514854 2.720941 1.000000
-0.044724 -0.496511 2.669079 1.000000
-0.291115 -0.971924 2.746981 1.000000
-0.019937 -0.936912 2.792353 0.741106
-0.375763 -0.980929 2.546152 0.000000
-0.098472 -0.995852 2.597579 0.000000
-0.153038 0.667375 2.600189 1.000000
-0.337558 0.349109 2.792744 1.000000
0.049440 0.368508 2.620604 1.000000
-0.191949 0.437926 2.607927 0.000000
-0.107820 0.230876 2.773727 0.000000
-0.320125 0.049451 2.713810 0.000000
-0.005184 0.068535 2.574264 0.759615
-0.109124 0.033128 2.761311 0.000000
-0.389897 0.073365 2.723050 1.000000
0.087503 0.081970 2.629438 1.000000
-0.396600 -0.236606 2.666509 1.000000
0.067546 -0.232533 2.633150 1.000000
-0.368964 -0.312702 2.682101 0.846154
0.028318 -0.305009 2.630754 0.997596
-0.281309 -0.526536 2.718697 1.000000
-0.042216 -0.514742 2.679529 1.000000
-0.297130 -0.983033 2.752233 0.728606
-0.023307 -0.956437 2.799161 0.203606
-0.385179 -0.994618 2.553005 0.000000
-0.103410 -1.012664 2.604224 0.000000
-0.152786 0.668117 2.603804 1.000000
