-0.395651 0.301163 2.685559 1.000000
-0.020974 0.316711 2.685609 1.000000
-0.210757 0.368071 2.619249 0.000000
-0.202190 0.161183 2.754662 0.000000
-0.368610 -0.040985 2.628863 0.942308
-0.054626 -0.043058 2.631247 1.000000
-0.212614 -0.056336 2.748810 0.000000
-0.463240 0.020641 2.711088 1.000000
0.029403 0.031502 2.691136 1.000000
-0.415371 -0.266629 2.618222 1.000000
-0.015923 -0.263193 2.623755 1.000000
-0.407276 -0.333191 2.592196 0.778846
-0.010030 -0.334860 2.622220 0.745192
-0.310645 -0.593719 2.673715 1.000000
-0.076916 -0.587426 2.690975 1.000000
-0.327196 -1.018066 2.741209 1.000000
-0.096388 -1.011266 2.760840 1.000000
-0.326948 -1.045781 2.567025 0.000000
-0.086615 -1.040345 2.587154 0.000000
-0.211083 0.584157 2.611565 0.846154
-0.395524 0.299343 2.688153 1.000000
-0.021076 0.318851 2.682399 1.000000
-0.212404 0.368377 2.619153 0.000000
-0.199543 0.161234 2.753835 0.000000
-0.370110 -0.051280 2.626105 1.000000
-0.056165 -0.046249 2.629207 1.000000
-0.214105 -0.061743 2.746565 0.000000
-0.463274 0.018643 2.717213 1.000000
0.024424 0.032473 2.694455 1.000000
-0.412902 -0.265387 2.614357 1.000000
-0.014228 -0.263065 2.624078 1.000000
-0.411163 -0.336696 2.605119 0.879808
-0.014047 -0.334748 2.629983 0.879808
-0.312662 -0.600806 2.679119 1.000000
-0.078155 -0.592542 2.694420 1.000000
-0.320432 -1.026718 2.737758 1.000000
-0.094333 -1.017391 2.758775 1.000000
-0.319201 -1.050796 2.563039 0.019231
-0.085154 -1.044112 2.584678 0.000000
-0.218131 0.585390 2.622681 0.971154
-0.397127 0.298907 2.689891 1.000000
-0.022687 0.319029 2.686031 1.000000
-0.213831 0.369531 2.623000 0.000000
-0.201214 0.159798 2.753635 0.000000
-0.368321 -0.057000 2.630595 1.000000
-0.054397 -0.052135 2.625666 1.000000
-0.209299 -0.067006 2.747083 0.000000
-0.463311 0.016581 2.710939 1.000000
0.025103 0.032341 2.693614 1.000000
-0.412409 -0.270901 2.616640 1.000000
-0.013427 -0.264309 2.625475 1.000000
-0.393664 -0.331080 2.581993 0.812500
-0.009516 -0.335744 2.618055 0.745192
-0.313422 -0.606695 2.679500 1.000000
-0.078134 -0.597719 2.699006 1.000000
-0.327123 -1.033363 2.731137 1.000000
-0.104058 -1.023083 2.756395 1.000000
-0.330047 -1.054459 2.556053 0.000000
-0.098438 -1.046990 2.581738 0.000000
-0.210774 0.583917 2.626410 0.923077
-0.396665 0.297816 2.691637 1.000000
-0.022478 0.320690 2.682359 1.000000
-0.214851 0.368987 2.621369 0.000000
-0.198836 0.160965 2.754347 0.000000
-0.372033 -0.048947 2.633831 1.000000
-0.058226 -0.046016 2.623225 1.000000
-0.210990 -0.060762 2.747335 0.000000
-0.460536 0.015484 2.715108 1.000000
0.024520 0.034230 2.690902 1.000000
-0.418630 -0.272878 2.620196 1.000000
-0.014727 -0.262208 2.623807 1.000000
-0.406701 -0.341311 2.601545 0.745192
-0.014180 -0.331995 2.606408 0.812500
-0.311664 -0.600616 2.673300 1.000000
-0.078337 -0.590806 2.694141 1.000000
-0.327382 -1.025716 2.736097 1.000000
-0.101273 -1.015588 2.756861 1.000000
-0.333957 -1.051235 2.561702 0.019231
-0.098504 -1.041494 2.582421 0.000000
-0.209763 0.586278 2.614253 0.884615
-0.397454 0.298969 2.694331 1.000000
-0.023138 0.318824 2.683455 1.000000
-0.215378 0.368834 2.623434 0.000000
-0.200473 0.160361 2.755833 0.000000
-0.371507 -0.053265 2.627455 0.990385
-0.057579 -0.047448 2.624037 1.000000
-0.213017 -0.062813 2.744705 0.000000
-0.464839 0.016273 2.713238 1.000000
0.027022 0.031946 2.683392 1.000000
-0.415870 -0.271494 2.617131 1.000000
-0.010014 -0.261068 2.598446 1.000000
-0.406650 -0.342801 2.619043 0.913462
-0.011125 -0.328134 2.572481 0.812500
-0.312619 -0.602935 2.677263 1.000000
-0.076844 -0.593010 2.694820 1.000000
-0.324090 -1.027507 2.744397 1.000000
-0.089485 -1.018805 2.753468 1.000000
-0.326607 -1.054985 2.570194 0.000000
-0.084608 -1.043004 2.578829 0.000000
-0.211233 0.590189 2.618095 0.966346
-0.399047 0.300673 2.695228 1.000000
-0.024439 0.314772 2.685476 1.000000
-0.215709 0.367991 2.625121 0.000000
-0.204409 0.158786 2.756720 0.000000
-0.370542 -0.056263 2.623327 1.000000
-0.057123 -0.043642 2.637660 1.000000
-0.218707 -0.063720 2.749218 0.000000
-0.465570 0.017713 2.720359 1.000000
0.038961 0.030683 2.665554 1.000000
-0.416049 -0.269099 2.619990 1.000000
-0.001960 -0.238975 2.522734 1.000000
-0.414318 -0.340928 2.616687 0.677885
-0.003274 -0.306521 2.498055 0.391827
-0.314760 -0.603420 2.675249 1.000000
-0.075314 -0.592722 2.694784 1.000000
-0.323177 -1.028496 2.739585 1.000000
-0.100340 -1.016775 2.761518 1.000000
-0.315788 -1.055010 2.565371 0.076923
-0.081951 -1.045103 2.588406 0.000000
-0.213457 0.587019 2.616797 0.894231
-0.399130 0.297041 2.699518 1.000000
-0.024621 0.315214 2.693395 1.000000
-0.215906 0.367608 2.632370 0.000000
-0.203552 0.156015 2.759995 0.000000
-0.368705 -0.069807 2.632907 1.000000
-0.056928 -0.032546 2.631176 0.961538
-0.210774 -0.062738 2.751084 0.000000
-0.464063 0.012887 2.719283 1.000000
0.059156 0.048873 2.607402 1.000000
-0.411111 -0.272468 2.615314 1.000000
-0.035650 -0.123283 2.369883 1.000000
-0.402170 -0.342461 2.601373 0.812500
-0.061074 -0.177813 2.330470 0.711538
-0.312930 -0.608449 2.677269 1.000000
-0.077524 -0.590609 2.692866 1.000000
-0.331202 -1.034131 2.735244 1.000000
-0.102725 -1.014454 2.760843 1.000000
-0.331173 -1.057934 2.560483 0.038462
-0.093435 -1.042884 2.587022 0.000000
-0.215127 0.583520 2.631551 0.841346
-0.400799 0.296610 2.697706 1.000000
-0.026422 0.317286 2.704015 1.000000
-0.215978 0.369169 2.637409 0.000000
-0.206326 0.156137 2.762855 0.000000
-0.360482 -0.071900 2.632921 1.000000
-0.049276 -0.031196 2.642388 1.000000
-0.206958 -0.063340 2.756673 0.000000
-0.467646 0.014055 2.717446 1.000000
0.050515 0.079159 2.555449 1.000000
-0.406456 -0.269778 2.617416 1.000000
-0.076410 0.001901 2.286687 0.615385
-0.394551 -0.334182 2.587689 0.947115
-0.117558 -0.027902 2.235777 0.644231
-0.314160 -0.608714 2.672904 1.000000
-0.075246 -0.591580 2.697458 1.000000
-0.321538 -1.032884 2.743084 1.000000
-0.094150 -1.017076 2.756578 1.000000
-0.318781 -1.061717 2.569104 0.000000
-0.080846 -1.041860 2.582461 0.000000
-0.219741 0.584639 2.634585 0.884615
-0.395452 0.296291 2.700622 1.000000
-0.021423 0.320583 2.712331 1.000000
-0.210573 0.371503 2.643857 0.000000
-0.200472 0.156863 2.766494 0.000000
-0.354422 -0.060571 2.632249 1.000000
-0.042617 -0.025533 2.644344 1.000000
-0.201809 -0.054849 2.757287 0.000000
-0.463190 0.013915 2.718336 1.000000
0.023881 0.137927 2.490469 0.707692
-0.394725 -0.267477 2.616463 1.000000
-0.136566 0.136724 2.228738 0.865385
-0.392740 -0.339207 2.611543 1.000000
-0.174209 0.118987 2.170072 0.341346
-0.307036 -0.599822 2.673095 1.000000
-0.077243 -0.585511 2.696572 1.000000
-0.329219 -1.023982 2.740155 1.000000
-0.092064 -1.011659 2.752053 1.000000
-0.323343 -1.051809 2.566088 0.000000
-0.079228 -1.034808 2.577676 0.000000
-0.217061 0.589114 2.629725 1.000000
-0.383418 0.297944 2.691350 0.000000
-0.008727 0.310835 2.699461 0.634615
-0.196671 0.363540 2.629043 0.000000
-0.192485 0.156596 2.764575 0.000000
-0.345135 -0.072316 2.634915 1.000000
-0.033754 -0.033134 2.645064 1.000000
-0.192259 -0.061258 2.759271 0.000000
-0.465592 0.021584 2.719711 1.000000
-0.038446 0.238153 2.420595 0.769231
-0.395922 -0.257878 2.617201 1.000000
-0.229517 0.339114 2.204355 1.000000
-0.385157 -0.324801 2.593143 1.000000
-0.293331 0.359153 2.177905 0.778846
-0.315069 -0.607045 2.679503 1.000000
-0.076991 -0.594693 2.704904 1.000000
-0.322352 -1.033637 2.733040 1.000000
-0.096786 -1.020432 2.761949 1.000000
-0.319869 -1.055639 2.558061 0.057692
-0.086425 -1.044288 2.587502 0.000000
-0.205252 0.597494 2.639030 0.793269
-0.391321 0.289151 2.692320 1.000000
-0.018059 0.324802 2.686916 0.048077
-0.211101 0.363774 2.621529 0.000000
-0.189780 0.162016 2.763133 0.000000
-0.344699 -0.068723 2.639433 1.000000
-0.034051 -0.023192 2.634876 1.000000
-0.187031 -0.049989 2.756683 0.000000
-0.460953 0.009305 2.711216 1.000000
-0.072129 0.289018 2.405286 0.753846
-0.389049 -0.271485 2.616408 1.000000
-0.263191 0.446972 2.227669 1.000000
-0.368213 -0.337716 2.597629 1.000000
-0.329026 0.467457 2.207188 0.778846
-0.312570 -0.602061 2.673649 1.000000
-0.078795 -0.587353 2.698210 1.000000
-0.326933 -1.027565 2.733980 1.000000
-0.096151 -1.012412 2.760854 1.000000
-0.334015 -1.052071 2.559459 0.000000
-0.099145 -1.038005 2.586372 0.000000
-0.211363 0.607373 2.647573 0.533654
-0.391689 0.300537 2.701650 1.000000
-0.017831 0.323892 2.684057 0.663462
-0.211551 0.370867 2.626394 0.000000
-0.192296 0.165057 2.762349 0.000000
-0.342401 -0.072517 2.641898 1.000000
-0.031599 -0.030592 2.626390 1.000000
-0.180932 -0.052352 2.753607 0.000000
-0.461764 0.021125 2.714571 1.000000
-0.095768 0.332946 2.406582 1.000000
-0.388222 -0.257826 2.617795 1.000000
-0.290274 0.510984 2.254732 1.000000
-0.391075 -0.327890 2.601787 1.000000
-0.352402 0.538680 2.231358 0.829327
-0.319066 -0.605224 2.679264 1.000000
-0.079974 -0.593310 2.700108 1.000000
-0.315417 -1.030519 2.742597 1.000000
-0.094997 -1.019213 2.757385 1.000000
-0.333196 -1.056515 2.569056 0.000000
-0.105193 -1.042328 2.582828 0.000000
-0.219413 0.603620 2.623010 0.610577
-0.390087 0.305261 2.708169 1.000000
-0.017256 0.333818 2.679768 0.778846
-0.213201 0.378192 2.627846 0.000000
-0.187164 0.172465 2.762794 0.000000
-0.346104 -0.057326 2.646214 1.000000
-0.034034 -0.028319 2.627053 1.000000
-0.182379 -0.046740 2.755941 0.000000
-0.460713 0.025687 2.710537 1.000000
-0.105749 0.336172 2.405325 1.000000
-0.397008 -0.258053 2.620928 1.000000
-0.309817 0.521995 2.277178 1.000000
-0.390853 -0.324966 2.595277 1.000000
-0.367007 0.538317 2.236728 0.728365
-0.318929 -0.596710 2.674887 1.000000
-0.079106 -0.587075 2.699366 1.000000
-0.325340 -1.021914 2.738614 1.000000
-0.090537 -1.012360 2.761833 1.000000
-0.342975 -1.047665 2.565022 0.000000
-0.096839 -1.037809 2.587417 0.000000
-0.223636 0.593154 2.617899 0.750000
-0.392010 0.299857 2.702102 1.000000
-0.018372 0.323476 2.680624 0.817308
-0.212695 0.368831 2.623694 0.000000
-0.191816 0.166096 2.763963 0.000000
-0.350604 -0.062899 2.649674 1.000000
-0.038277 -0.037589 2.629500 1.000000
-0.186478 -0.053402 2.758899 0.000000
-0.460276 0.020479 2.712498 1.000000
-0.104861 0.306086 2.406695 1.000000
-0.399328 -0.263483 2.623765 1.000000
-0.314488 0.473090 2.263906 1.000000
-0.378520 -0.328771 2.601904 1.000000
-0.370524 0.499151 2.227107 0.459135
-0.318616 -0.604854 2.675479 1.000000
-0.079207 -0.594929 2.702265 1.000000
-0.319907 -1.030927 2.733448 1.000000
-0.092580 -1.021021 2.758540 1.000000
-0.337807 -1.054528 2.559578 0.000000
-0.099022 -1.043901 2.583774 0.000000
-0.204908 0.584534 2.637262 1.000000
-0.404002 0.307163 2.714362 0.000000
-0.031049 0.336157 2.688089 0.894231
-0.226772 0.382232 2.636815 0.000000
-0.201391 0.172618 2.765774 0.000000
-0.351484 -0.055811 2.656050 1.000000
-0.040682 -0.034255 2.616886 1.000000
-0.180972 -0.047361 2.755106 0.000000
-0.460489 0.025514 2.715488 1.000000
-0.080162 0.248688 2.418914 0.969231
-0.398414 -0.256438 2.623095 1.000000
-0.303753 0.369806 2.253916 1.000000
-0.389225 -0.321207 2.593195 1.000000
-0.362925 0.380085 2.214339 0.509615
-0.319104 -0.599444 2.674916 1.000000
-0.082198 -0.588991 2.705261 1.000000
-0.317662 -1.024507 2.739877 1.000000
-0.088839 -1.015903 2.756278 1.000000
-0.347241 -1.050873 2.568010 0.000000
-0.107008 -1.036441 2.582048 0.000000
-0.212012 0.592624 2.647114 0.956731
-0.395506 0.313953 2.713748 1.000000
-0.020678 0.318136 2.703157 1.000000
-0.210522 0.381433 2.648273 0.000000
-0.204843 0.162123 2.762655 0.000000
-0.355810 -0.053598 2.635910 1.000000
-0.043033 -0.026615 2.629719 1.000000
-0.196624 -0.045118 2.752296 0.000000
-0.465464 0.036095 2.709130 1.000000
-0.014490 0.137011 2.481175 1.000000
-0.404587 -0.247976 2.625216 1.000000
-0.238543 0.201063 2.288453 1.000000
-0.411154 -0.317190 2.606787 1.000000
-0.277244 0.172951 2.234739 0.778846
-0.318009 -0.595159 2.673463 1.000000
-0.084680 -0.584072 2.699814 1.000000
-0.325811 -1.021219 2.731018 1.000000
-0.088871 -1.010279 2.756652 1.000000
-0.332792 -1.044686 2.556350 0.000000
-0.088301 -1.033599 2.581826 0.000000
-0.214021 0.587467 2.636311 1.000000
-0.400678 0.302580 2.690599 1.000000
-0.026832 0.320486 2.713916 1.000000
-0.212662 0.372706 2.637760 0.000000
-0.210616 0.161723 2.766968 0.000000
-0.351933 -0.060153 2.622646 1.000000
-0.040368 -0.027778 2.644447 1.000000
-0.203947 -0.049237 2.752795 0.000000
-0.467969 0.024875 2.706082 1.000000
0.002614 0.108495 2.523967 1.000000
-0.398328 -0.256721 2.622187 1.000000
-0.206808 0.115907 2.306545 1.000000
-0.403351 -0.328424 2.624800 1.000000
-0.260342 0.081881 2.272640 0.543269
-0.315576 -0.598909 2.674385 1.000000
-0.079424 -0.588441 2.694354 1.000000
-0.325552 -1.024490 2.735057 1.000000
-0.093428 -1.013375 2.758660 1.000000
-0.315805 -1.049569 2.560746 0.019231
-0.075520 -1.040206 2.585260 0.000000
-0.215690 0.590162 2.655358 0.894231
-0.401346 0.299064 2.680400 1.000000
-0.028819 0.322163 2.716662 1.000000
-0.212607 0.371825 2.634109 0.000000
-0.212102 0.160833 2.763317 0.000000
-0.344154 -0.066116 2.617514 1.000000
-0.034979 -0.040371 2.665930 1.000000
-0.207526 -0.059647 2.759812 0.000000
-0.463828 0.020414 2.701171 1.000000
0.011154 0.101745 2.538338 1.000000
-0.404600 -0.265150 2.622217 1.000000
-0.194064 0.084802 2.317233 1.000000
-0.395959 -0.336525 2.624290 1.000000
-0.248530 0.053379 2.282313 0.543269
-0.320257 -0.606130 2.670211 1.000000
-0.080120 -0.600077 2.704169 1.000000
-0.325436 -1.031259 2.734544 1.000000
-0.092119 -1.025928 2.762539 1.000000
-0.303823 -1.057707 2.561507 0.000000
-0.060723 -1.050365 2.590710 0.000000
-0.213356 0.589580 2.638800 0.701923
-0.398789 0.301874 2.675977 1.000000
-0.027995 0.319796 2.729032 1.000000
-0.207347 0.373011 2.639253 0.000000
-0.215035 0.160034 2.764928 0.000000
-0.346706 -0.066194 2.621572 1.000000
-0.039550 -0.022914 2.670333 1.000000
-0.210430 -0.054631 2.763884 0.000000
-0.461358 0.021622 2.692827 1.000000
0.028082 0.112843 2.537287 1.000000
-0.403174 -0.267118 2.619489 1.000000
-0.150909 0.120326 2.292256 1.000000
-0.391817 -0.337624 2.610934 1.000000
-0.214364 0.102175 2.263667 0.509615
-0.313455 -0.600831 2.667928 1.000000
-0.077319 -0.587826 2.699276 1.000000
-0.309535 -1.025106 2.737750 1.000000
-0.086749 -1.013670 2.758169 1.000000
-0.288621 -1.053357 2.564913 0.000000
-0.055847 -1.038130 2.586254 0.000000
-0.213251 0.589497 2.640297 0.937500
-0.396671 0.306625 2.675747 1.000000
-0.025519 0.316645 2.728383 1.000000
-0.203726 0.373223 2.638380 0.000000
-0.216038 0.161343 2.765532 0.000000
-0.348411 -0.070864 2.621033 1.000000
-0.042122 -0.022831 2.670795 1.000000
-0.212946 -0.056283 2.763843 0.000000
-0.461662 0.025656 2.688098 1.000000
0.057470 0.135911 2.519174 1.000000
-0.399965 -0.262559 2.611249 1.000000
-0.092245 0.180204 2.257632 0.923077
-0.392834 -0.333363 2.600793 1.000000
-0.150622 0.168904 2.217164 0.408654
-0.314771 -0.603656 2.667998 1.000000
-0.078818 -0.589461 2.695727 1.000000
-0.321722 -1.028995 2.730759 1.000000
-0.097184 -1.013653 2.763726 1.000000
-0.297698 -1.054885 2.557956 0.000000
-0.066628 -1.042436 2.592419 0.000000
-0.218654 0.588114 2.635501 0.903846
-0.389621 0.308015 2.673442 1.000000
-0.020288 0.319596 2.737353 0.000000
-0.196244 0.377111 2.643593 0.000000
-0.210458 0.161855 2.764735 0.000000
-0.346354 -0.067618 2.617731 1.000000
-0.040733 -0.026105 2.676627 1.000000
-0.214951 -0.055748 2.764531 0.000000
-0.464506 0.028516 2.688987 1.000000
0.085205 0.182584 2.504827 0.830769
-0.396339 -0.258896 2.609930 1.000000
0.022302 0.288299 2.224880 0.692308
-0.389838 -0.326969 2.587632 1.000000
-0.026052 0.290411 2.171675 0.627404
-0.313865 -0.602758 2.672128 1.000000
-0.078843 -0.591325 2.696832 1.000000
-0.320483 -1.028442 2.732534 1.000000
-0.100748 -1.015085 2.766459 1.000000
-0.290464 -1.053318 2.560522 0.000000
-0.062610 -1.044922 2.596861 0.000000
-0.214832 0.591619 2.636713 0.947115
-0.385957 0.301487 2.680699 1.000000
-0.011115 0.307520 2.689752 1.000000
-0.197797 0.361263 2.616808 0.000000
-0.197994 0.159215 2.759599 0.000000
-0.347319 -0.058123 2.637570 1.000000
-0.035438 -0.023113 2.647607 1.000000
-0.194317 -0.048646 2.761902 0.000000
-0.457675 0.019878 2.677353 1.000000
0.159971 0.314632 2.454939 1.000000
-0.393008 -0.270626 2.603372 1.000000
0.148254 0.469768 2.190660 1.000000
-0.363478 -0.332324 2.581131 1.000000
0.196073 0.508450 2.153374 0.156250
-0.313264 -0.596538 2.668497 1.000000
-0.083230 -0.585845 2.693113 1.000000
-0.328602 -1.021093 2.734965 1.000000
-0.087487 -1.009931 2.764056 1.000000
-0.327924 -1.048397 2.560717 0.000000
-0.078714 -1.039081 2.590328 0.000000
-0.212911 0.602923 2.630061 0.625000
-0.383525 0.298270 2.670260 1.000000
-0.011800 0.313216 2.694006 1.000000
-0.194377 0.361541 2.612994 0.000000
-0.195654 0.161657 2.758793 0.000000
-0.342449 -0.070473 2.633904 1.000000
-0.032532 -0.025088 2.655987 1.000000
-0.194820 -0.055691 2.764077 0.000000
-0.457862 0.017752 2.681301 1.000000
0.172322 0.366504 2.475836 1.000000
-0.396525 -0.272558 2.604672 1.000000
0.214895 0.539167 2.226259 1.000000
-0.364839 -0.333912 2.584548 1.000000
0.241550 0.578221 2.172059 0.139423
-0.315662 -0.602307 2.680050 1.000000
-0.079808 -0.591326 2.693029 1.000000
-0.311835 -1.029742 2.726796 1.000000
-0.103527 -1.014880 2.763307 1.000000
-0.304328 -1.048833 2.551618 0.000000
-0.091211 -1.044351 2.589849 0.000000
-0.222684 0.604935 2.641438 0.538462
-0.382835 0.306042 2.672283 1.000000
-0.011672 0.318972 2.695760 1.000000
-0.193538 0.370042 2.616337 0.000000
-0.195346 0.166526 2.757016 0.000000
-0.343192 -0.053602 2.633358 1.000000
-0.031553 -0.021264 2.654137 1.000000
-0.194542 -0.044916 2.762917 0.000000
-0.465697 0.027954 2.684458 1.000000
0.184936 0.386837 2.493060 1.000000
-0.400891 -0.263121 2.613750 1.000000
0.229703 0.579582 2.259031 1.000000
-0.410942 -0.332335 2.596966 1.000000
0.244608 0.633093 2.213340 0.189904
-0.317194 -0.591891 2.665291 1.000000
-0.082642 -0.584363 2.689215 1.000000
-0.323857 -1.015732 2.737498 1.000000
-0.105384 -1.007081 2.764663 1.000000
-0.320551 -1.045399 2.563668 0.000000
-0.089027 -1.038790 2.591935 0.000000
-0.214588 0.607510 2.628873 0.543269
-0.382173 0.303258 2.671390 1.000000
-0.012282 0.311879 2.696296 1.000000
-0.191944 0.365321 2.616431 0.000000
-0.196610 0.161323 2.756345 0.000000
-0.334736 -0.062752 2.628000 1.000000
-0.022484 -0.037323 2.649170 1.000000
-0.186363 -0.054143 2.757882 0.000000
-0.458866 0.023284 2.681310 1.000000
0.191074 0.390829 2.504516 1.000000
-0.399804 -0.270422 2.616557 1.000000
0.237685 0.592176 2.278172 1.000000
-0.396383 -0.341285 2.628397 1.000000
0.239513 0.618679 2.211332 0.492788
-0.320127 -0.601428 2.666593 1.000000
-0.083657 -0.598206 2.695090 1.000000
-0.314686 -1.026196 2.733249 1.000000
-0.100736 -1.022020 2.765736 1.000000
-0.314136 -1.053532 2.559006 0.000000
-0.085714 -1.051503 2.592493 0.000000
-0.213119 0.604089 2.632617 0.567308
-0.382536 0.301056 2.672073 1.000000
-0.011913 0.314720 2.697843 1.000000
-0.193071 0.365952 2.617748 0.000000
-0.195201 0.161367 2.756864 0.000000
-0.332915 -0.051277 2.628418 1.000000
-0.020740 -0.025182 2.649914 1.000000
-0.184595 -0.043535 2.758415 0.000000
-0.461923 0.021173 2.686481 1.000000
0.194735 0.384683 2.504851 1.000000
-0.400895 -0.271004 2.613098 1.000000
0.239736 0.580209 2.271995 1.000000
-0.395940 -0.342226 2.621827 1.000000
0.245226 0.620022 2.212345 0.391827
-0.315731 -0.590501 2.661463 1.000000
-0.084709 -0.586694 2.692003 1.000000
-0.328044 -1.014273 2.733340 1.000000
-0.094094 -1.010576 2.763668 1.000000
-0.325116 -1.043845 2.559487 0.000000
-0.080203 -1.040186 2.590352 0.000000
-0.222348 0.599919 2.632344 0.562500
-0.381256 0.298933 2.668492 1.000000
-0.010231 0.314791 2.699111 1.000000
-0.191439 0.364503 2.616247 0.000000
-0.194317 0.160793 2.756628 0.000000
-0.329274 -0.065634 2.626775 1.000000
-0.017964 -0.034083 2.652967 1.000000
-0.183244 -0.053821 2.759037 0.000000
-0.463545 0.019969 2.683489 1.000000
0.189112 0.376254 2.495882 1.000000
-0.390499 -0.268667 2.607329 1.000000
0.244282 0.570481 2.264194 1.000000
-0.378654 -0.339543 2.604233 1.000000
0.253623 0.621860 2.214734 0.189904
-0.320495 -0.600447 2.667805 1.000000
-0.083800 -0.597184 2.695338 1.000000
-0.317048 -1.024585 2.738485 1.000000
-0.100090 -1.020835 2.767132 1.000000
-0.315104 -1.053560 2.564517 0.000000
-0.086148 -1.050733 2.593870 0.000000
-0.217986 0.597443 2.647280 0.557692
-0.381912 0.303854 2.672470 1.000000
-0.008038 0.309311 2.700988 1.000000
-0.190718 0.364903 2.619768 0.000000
-0.198240 0.159618 2.757660 0.000000
-0.325376 -0.062819 2.628893 1.000000
-0.012664 -0.048749 2.653583 1.000000
-0.178307 -0.058592 2.760464 0.000000
-0.458497 0.022609 2.686821 1.000000
0.190441 0.333957 2.488460 1.000000
-0.393605 -0.268936 2.611790 1.000000
0.244350 0.504039 2.237451 1.000000
-0.371830 -0.330021 2.580680 1.000000
0.256444 0.544637 2.179323 0.122596
-0.323741 -0.603419 2.667769 1.000000
-0.083811 -0.606176 2.704079 1.000000
-0.321478 -1.027044 2.741504 1.000000
-0.087742 -1.032386 2.760911 1.000000
-0.322071 -1.057291 2.567743 0.019231
-0.072500 -1.055749 2.586756 0.000000
-0.216641 0.598666 2.632613 0.673077
-0.383511 0.302367 2.669902 1.000000
-0.010392 0.306356 2.707196 1.000000
-0.190925 0.362984 2.621989 0.000000
-0.202386 0.157075 2.758674 0.000000
-0.330032 -0.063387 2.626139 1.000000
-0.018964 -0.036552 2.659495 1.000000
-0.187014 -0.052716 2.761748 0.000000
-0.458593 0.020602 2.685817 1.000000
0.189273 0.254991 2.500369 1.000000
-0.394335 -0.271827 2.612873 1.000000
0.227547 0.404112 2.233418 1.000000
-0.387090 -0.343074 2.619562 1.000000
0.237248 0.438352 2.170913 0.000000
-0.318876 -0.600839 2.670107 1.000000
-0.080779 -0.598670 2.695818 1.000000
-0.324963 -1.024805 2.741632 1.000000
-0.091980 -1.023065 2.764112 1.000000
-0.316447 -1.054230 2.567938 0.000000
-0.071238 -1.051426 2.591272 0.000000
-0.217963 0.593741 2.641977 0.687500
-0.388457 0.302335 2.668707 1.000000
-0.017052 0.319631 2.717542 1.000000
-0.197101 0.371844 2.628571 0.000000
-0.204401 0.161480 2.758595 0.000000
-0.336239 -0.072428 2.618441 1.000000
-0.028112 -0.031461 2.662889 1.000000
-0.198947 -0.054273 2.759080 0.000000
-0.457441 0.018895 2.691195 1.000000
0.157997 0.156041 2.549617 1.000000
-0.389847 -0.269285 2.603415 1.000000
0.193798 0.257992 2.260400 0.653846
-0.382318 -0.340770 2.600863 1.000000
0.242421 0.247288 2.208491 0.711538
-0.321398 -0.604471 2.671997 1.000000
-0.083536 -0.597193 2.697348 1.000000
-0.305961 -1.030413 2.728875 1.000000
-0.091847 -1.021462 2.766823 1.000000
-0.291533 -1.053167 2.554570 0.000000
-0.070344 -1.050162 2.594132 0.038462
-0.214715 0.593433 2.632486 0.778846
-0.399552 0.295209 2.674776 1.000000
-0.026929 0.316690 2.711046 1.000000
-0.210363 0.366237 2.627640 0.000000
-0.211168 0.157076 2.759791 0.000000
-0.350897 -0.080980 2.618188 1.000000
-0.042537 -0.032640 2.652440 1.000000
-0.209573 -0.059056 2.754219 0.000000
-0.460235 0.009159 2.696720 1.000000
0.111148 0.091462 2.583783 1.000000
-0.397503 -0.280932 2.609180 1.000000
0.181028 0.203149 2.303793 0.057692
-0.365741 -0.336392 2.576184 1.000000
0.199346 0.227843 2.238770 0.000000
-0.321738 -0.612062 2.675791 1.000000
-0.082171 -0.598143 2.700725 1.000000
-0.317524 -1.038570 2.730322 1.000000
-0.092662 -1.023094 2.765585 1.000000
-0.302725 -1.060716 2.555970 0.000000
-0.073033 -1.050014 2.592386 0.000000
-0.217701 0.586661 2.634665 0.966346
-0.398283 0.297230 2.679902 1.000000
-0.023962 0.313182 2.695835 1.000000
-0.210795 0.364069 2.621248 0.000000
-0.207812 0.157739 2.757746 0.000000
-0.357370 -0.082970 2.626505 1.000000
-0.047301 -0.036468 2.643553 1.000000
-0.207831 -0.066802 2.754312 0.000000
-0.459678 0.011256 2.701674 1.000000
0.074226 0.043844 2.633859 1.000000
-0.399445 -0.278535 2.611205 1.000000
0.122251 -0.169342 2.414686 1.000000
-0.373786 -0.341841 2.588683 1.000000
0.125475 -0.241041 2.409980 0.593750
-0.318031 -0.615798 2.680115 1.000000
-0.081985 -0.599640 2.701629 1.000000
-0.315448 -1.042676 2.731768 1.000000
-0.089999 -1.025906 2.757603 1.000000
-0.307942 -1.063800 2.556823 0.000000
-0.076713 -1.049049 2.583258 0.000000
-0.218511 0.591694 2.618533 0.817308
-0.396706 0.302128 2.680870 1.000000
-0.021804 0.306463 2.688291 1.000000
-0.208580 0.361848 2.616828 0.000000
-0.209004 0.158146 2.757249 0.000000
-0.359761 -0.064696 2.630779 1.000000
-0.048197 -0.026817 2.640208 1.000000
-0.206004 -0.058697 2.754394 0.000000
-0.462407 0.016827 2.709430 1.000000
0.045842 0.022000 2.656139 1.000000
-0.402756 -0.273125 2.616033 1.000000
0.067354 -0.256989 2.521766 1.000000
-0.395249 -0.344359 2.622575 0.913462
0.057030 -0.315473 2.481191 0.846154
-0.312521 -0.602146 2.674898 1.000000
-0.080246 -0.586967 2.694186 1.000000
-0.326546 -1.026423 2.743398 1.000000
-0.098496 -1.011667 2.758976 1.000000
-0.322221 -1.054666 2.569353 0.000000
-0.085998 -1.038724 2.585138 0.000000
-0.215242 0.585284 2.630883 0.865385
-0.387726 0.302778 2.681679 1.000000
-0.012794 0.305291 2.688384 1.000000
-0.199436 0.361674 2.617354 0.000000
-0.200576 0.157789 2.757504 0.000000
-0.372506 -0.064314 2.629840 1.000000
-0.059265 -0.043850 2.637437 0.980769
-0.218036 -0.065362 2.752706 0.000000
-0.466195 0.019570 2.711172 1.000000
0.020748 0.011852 2.690128 1.000000
-0.413452 -0.273166 2.618099 1.000000
-0.004520 -0.287621 2.607568 1.000000
-0.398973 -0.343569 2.620770 0.913462
-0.009401 -0.356212 2.586478 0.610577
-0.316553 -0.608779 2.682482 1.000000
-0.083769 -0.596743 2.698994 1.000000
-0.321173 -1.034744 2.741076 1.000000
-0.088883 -1.020671 2.770824 1.000000
-0.317166 -1.058815 2.566398 0.000000
-0.078281 -1.050207 2.597263 0.000000
-0.204548 0.586352 2.612334 1.000000
-0.386143 0.308930 2.681517 1.000000
-0.011257 0.308958 2.690741 1.000000
-0.197046 0.366910 2.618746 0.000000
-0.200454 0.162348 2.757870 0.000000
-0.372574 -0.047622 2.621501 1.000000
-0.059717 -0.054100 2.647479 1.000000
-0.226241 -0.062906 2.753073 0.000000
-0.461039 0.025369 2.703424 1.000000
0.022370 0.016953 2.700626 1.000000
-0.428667 -0.272540 2.622687 1.000000
-0.021599 -0.281889 2.629378 1.000000
-0.401778 -0.339101 2.618229 0.745192
-0.024083 -0.352485 2.615839 0.711538
-0.311028 -0.602073 2.676659 1.000000
-0.078177 -0.596734 2.700265 1.000000
-0.329674 -1.026643 2.742180 1.000000
-0.090228 -1.021754 2.764399 1.000000
-0.316194 -1.054043 2.568468 0.000000
-0.067976 -1.048477 2.591486 0.000000
-0.203759 0.586913 2.616476 0.990385
-0.383686 0.310584 2.682355 1.000000
-0.008842 0.311597 2.693106 1.000000
-0.194476 0.368608 2.619968 0.000000
-0.197954 0.164974 2.760445 0.000000
-0.373664 -0.039484 2.624290 1.000000
-0.060343 -0.044846 2.644215 1.000000
-0.224754 -0.053532 2.753078 0.000000
-0.465082 0.030363 2.703254 1.000000
0.023192 0.020875 2.699441 1.000000
-0.429634 -0.266545 2.626496 1.000000
-0.019168 -0.276717 2.629105 1.000000
-0.412921 -0.336450 2.623788 0.879808
-0.020013 -0.348072 2.620101 0.711538
-0.310280 -0.594441 2.672518 1.000000
-0.077085 -0.587984 2.696908 1.000000
-0.325890 -1.018673 2.740955 1.000000
-0.096123 -1.012723 2.761206 1.000000
-0.316016 -1.047073 2.567162 0.000000
-0.075309 -1.039850 2.588177 0.000000
-0.201433 0.587016 2.608847 1.000000
-0.383067 0.303582 2.679493 1.000000
-0.008420 0.311499 2.693712 1.000000
-0.194384 0.365018 2.618796 0.000000
-0.195422 0.161485 2.759458 0.000000
-0.372930 -0.039738 2.629853 1.000000
-0.059143 -0.043043 2.640918 1.000000
-0.220368 -0.055046 2.754144 0.000000
-0.462639 0.024139 2.708577 1.000000
0.022219 0.021216 2.701668 1.000000
-0.425833 -0.269167 2.621608 1.000000
-0.022843 -0.273861 2.625207 1.000000
-0.400053 -0.334206 2.604913 0.745192
-0.014786 -0.345079 2.619173 0.745192
-0.309182 -0.593957 2.672797 1.000000
-0.077660 -0.586784 2.696131 1.000000
-0.324252 -1.018366 2.740246 1.000000
-0.099224 -1.011382 2.760570 1.000000
-0.319190 -1.046213 2.566157 0.000000
-0.083486 -1.038521 2.587008 0.000000
-0.206790 0.584535 2.617355 1.000000
-0.386352 0.308118 2.686179 1.000000
-0.011480 0.313138 2.694583 1.000000
-0.198220 0.369760 2.624003 0.000000
-0.198488 0.162810 2.759592 0.000000
-0.373640 -0.047188 2.631739 1.000000
-0.059718 -0.045129 2.638431 1.000000
-0.219125 -0.059464 2.753937 0.000000
-0.459372 0.027777 2.706234 1.000000
0.020829 0.024663 2.702517 1.000000
-0.423900 -0.264645 2.621800 1.000000
-0.019818 -0.269193 2.625738 1.000000
-0.402508 -0.329342 2.598779 0.812500
-0.017169 -0.339501 2.610801 0.778846
-0.311644 -0.598713 2.680741 1.000000
-0.076957 -0.590519 2.696151 1.000000
-0.329821 -1.024324 2.739264 1.000000
-0.103085 -1.013920 2.766500 1.000000
-0.326288 -1.048494 2.564589 0.000000
-0.088221 -1.043618 2.593280 0.000000
-0.200140 0.582714 2.618004 0.846154
-0.388148 0.302137 2.682472 1.000000
-0.013546 0.314229 2.694818 1.000000
-0.200539 0.366847 2.621850 0.000000
-0.198409 0.160892 2.758928 0.000000
-0.370474 -0.039591 2.621577 1.000000
-0.057796 -0.040358 2.650352 1.000000
-0.225050 -0.054660 2.754176 0.000000
-0.463742 0.024578 2.709060 1.000000
0.022896 0.027655 2.697672 1.000000
-0.419278 -0.266013 2.628334 1.000000
-0.017681 -0.267081 2.631185 1.000000
-0.405159 -0.325046 2.589746 0.846154
-0.011145 -0.337396 2.617531 0.576923
-0.304978 -0.592413 2.673942 1.000000
-0.077220 -0.586482 2.691267 1.000000
-0.333291 -1.016103 2.741655 1.000000
-0.104005 -1.008857 2.767309 1.000000
-0.317769 -1.044840 2.568331 0.000000
-0.076122 -1.041426 2.596224 0.000000
-0.201606 0.585181 2.617365 1.000000
