-0.314714 0.370106 2.681571 1.000000
0.042745 0.350704 2.678358 1.000000
-0.134141 0.409697 2.587356 0.000000
-0.143798 0.201429 2.770720 0.000000
-0.285753 -0.019313 2.633998 1.000000
-0.004552 -0.019033 2.639247 1.000000
-0.147490 -0.010315 2.761389 0.000000
-0.373965 0.108562 2.670814 1.000000
0.087570 0.086366 2.666182 1.000000
-0.375239 -0.177270 2.622819 1.000000
0.079039 -0.200677 2.626958 1.000000
-0.338011 -0.234405 2.619464 0.492788
0.048431 -0.261675 2.628960 0.728365
-0.282629 -0.587885 2.693474 1.000000
-0.045607 -0.593633 2.693060 1.000000
-0.298906 -1.006194 2.777628 1.000000
-0.063153 -1.017748 2.739408 1.000000
-0.303314 -1.039225 2.612584 0.000000
-0.056292 -1.036305 2.572200 0.000000
-0.117364 0.659996 2.559711 1.000000
-0.310029 0.366078 2.683412 1.000000
0.047515 0.350037 2.675129 1.000000
-0.131265 0.406058 2.585968 0.000000
-0.136178 0.200307 2.772337 0.000000
-0.285512 -0.019962 2.640148 1.000000
-0.004363 -0.019642 2.632637 1.000000
-0.141613 -0.011568 2.761179 0.000000
-0.369056 0.104866 2.665608 1.000000
0.089275 0.085128 2.664527 1.000000
-0.375496 -0.181068 2.618631 1.000000
0.079987 -0.202207 2.627667 1.000000
-0.342390 -0.236739 2.640225 0.492788
0.044819 -0.260642 2.624482 0.745192
-0.282879 -0.588178 2.696826 1.000000
-0.044858 -0.593738 2.694997 1.000000
-0.300722 -1.006859 2.778782 1.000000
-0.063635 -1.017659 2.742612 1.000000
-0.312336 -1.038651 2.613844 0.000000
-0.064501 -1.036415 2.575287 0.000000
-0.116695 0.658726 2.559737 1.000000
-0.308505 0.371188 2.687274 1.000000
0.048577 0.350020 2.672845 1.000000
-0.130876 0.408757 2.586839 0.000000
-0.135565 0.202784 2.772970 0.000000
-0.284351 -0.020849 2.639869 1.000000
-0.003172 -0.019144 2.633784 1.000000
-0.141114 -0.011375 2.761603 0.000000
-0.370189 0.110494 2.670918 1.000000
0.091352 0.085145 2.666115 1.000000
-0.369335 -0.175436 2.623471 1.000000
0.079269 -0.201889 2.627731 1.000000
-0.347513 -0.237815 2.640626 0.627404
0.049702 -0.259843 2.607025 0.644231
-0.280383 -0.589000 2.694973 1.000000
-0.046081 -0.594189 2.693736 1.000000
-0.301288 -1.006981 2.779729 1.000000
-0.059748 -1.018064 2.743458 1.000000
-0.312027 -1.039858 2.614945 0.000000
-0.060392 -1.037660 2.576229 0.000000
-0.116084 0.658002 2.554087 1.000000
-0.305082 0.372025 2.686694 1.000000
0.052052 0.350013 2.675101 1.000000
-0.126499 0.410117 2.588167 0.000000
-0.133337 0.202281 2.772148 0.000000
-0.284077 -0.019386 2.635916 1.000000
-0.002832 -0.017885 2.635216 1.000000
-0.143198 -0.008635 2.760267 0.000000
-0.367521 0.111400 2.672158 1.000000
0.092923 0.085011 2.663321 1.000000
-0.374882 -0.174779 2.626808 1.000000
0.081639 -0.202325 2.626994 1.000000
-0.336751 -0.231323 2.630019 0.475962
0.056062 -0.262658 2.607830 0.644231
-0.281099 -0.587322 2.694291 1.000000
-0.043595 -0.592557 2.694446 1.000000
-0.301643 -1.005741 2.776954 1.000000
-0.064455 -1.016964 2.736545 1.000000
-0.309103 -1.037990 2.611865 0.000000
-0.061038 -1.033747 2.569044 0.000000
-0.118625 0.659271 2.556949 1.000000
-0.301185 0.372948 2.684892 1.000000
0.056051 0.351519 2.675552 1.000000
-0.122079 0.410889 2.587261 0.000000
-0.129660 0.203919 2.772185 0.000000
-0.286302 -0.018823 2.643616 1.000000
-0.005379 -0.016434 2.630267 1.000000
-0.140002 -0.008013 2.761537 0.000000
-0.366281 0.112905 2.671622 1.000000
0.090958 0.085560 2.666431 1.000000
-0.374406 -0.173402 2.627210 1.000000
0.075977 -0.200898 2.624866 1.000000
-0.334408 -0.226427 2.643022 0.442308
0.051829 -0.260558 2.602081 0.745192
-0.278686 -0.587351 2.696529 1.000000
-0.043327 -0.591127 2.693878 1.000000
-0.303828 -1.006306 2.775101 1.000000
-0.060149 -1.015066 2.742065 1.000000
-0.317470 -1.036449 2.610009 0.000000
-0.064398 -1.033909 2.574802 0.000000
-0.108516 0.659327 2.554002 1.000000
-0.296401 0.373605 2.686849 1.000000
0.060757 0.351874 2.675431 1.000000
-0.117815 0.411632 2.588302 0.000000
-0.124540 0.204196 2.772738 0.000000
-0.281727 -0.017625 2.637332 1.000000
-0.000486 -0.017240 2.639461 1.000000
-0.142065 -0.005904 2.762963 0.000000
-0.361875 0.113624 2.674211 1.000000
0.097510 0.086348 2.661950 1.000000
-0.367467 -0.172759 2.629899 1.000000
0.082987 -0.200306 2.621589 1.000000
-0.357585 -0.240113 2.624661 0.257212
0.050946 -0.252989 2.592272 0.677885
-0.275863 -0.586780 2.694793 1.000000
-0.039238 -0.591641 2.694238 1.000000
-0.303438 -1.002471 2.788439 1.000000
-0.063791 -1.015493 2.739794 1.000000
-0.309498 -1.039069 2.624202 0.000000
-0.057519 -1.033833 2.572538 0.000000
-0.109302 0.658348 2.551876 1.000000
-0.291809 0.374795 2.685599 1.000000
0.065399 0.354497 2.673158 1.000000
-0.113825 0.411327 2.585410 0.000000
-0.118769 0.208287 2.774730 0.000000
-0.282934 -0.014673 2.646338 1.000000
-0.001946 -0.015634 2.634227 0.817308
-0.137041 0.000231 2.764318 0.000000
-0.358875 0.115140 2.676577 1.000000
0.100123 0.089282 2.651816 1.000000
-0.369497 -0.171741 2.637142 1.000000
0.069513 -0.188390 2.574810 1.000000
-0.336528 -0.230180 2.649773 0.459135
0.023440 -0.238196 2.582439 0.745192
-0.279571 -0.583789 2.696701 1.000000
-0.038052 -0.588954 2.696270 1.000000
-0.302708 -1.003510 2.771721 1.000000
-0.066187 -1.012401 2.743495 1.000000
-0.317049 -1.032261 2.606440 0.000000
-0.067583 -1.030971 2.576153 0.000000
-0.107270 0.662524 2.553250 1.000000
-0.293586 0.377045 2.695096 1.000000
0.063641 0.368763 2.673102 1.000000
-0.119661 0.419725 2.590316 0.000000
-0.112754 0.216255 2.779111 0.000000
-0.282928 -0.011960 2.656280 0.894231
-0.002004 -0.010081 2.642866 0.701923
-0.136626 0.002603 2.773794 0.000000
-0.356382 0.116517 2.687159 1.000000
0.108460 0.106604 2.639266 1.000000
-0.364055 -0.168867 2.638923 1.000000
0.053804 -0.133028 2.486235 1.000000
-0.343405 -0.232426 2.652899 0.341346
0.012167 -0.186023 2.475302 0.509615
-0.277098 -0.581178 2.697132 1.000000
-0.036185 -0.584937 2.697625 1.000000
-0.305667 -1.000200 2.774163 1.000000
-0.066661 -1.008147 2.745517 1.000000
-0.320826 -1.029519 2.609055 0.000000
-0.067932 -1.026989 2.578205 0.000000
-0.108958 0.669228 2.558512 1.000000
-0.294250 0.374880 2.703780 1.000000
0.062884 0.379272 2.679284 1.000000
-0.122650 0.425314 2.598613 0.000000
-0.107411 0.218986 2.783782 0.000000
-0.259634 0.000496 2.657123 1.000000
0.020991 -0.013878 2.645106 1.000000
-0.113193 0.009363 2.775031 0.000000
-0.344882 0.112167 2.690609 1.000000
0.123396 0.135220 2.586917 1.000000
-0.355879 -0.171982 2.637499 1.000000
0.006389 -0.004729 2.362404 1.000000
-0.337480 -0.230696 2.667091 0.560096
-0.051652 -0.000850 2.326658 0.442308
-0.272194 -0.571317 2.696821 1.000000
-0.033673 -0.584916 2.695805 1.000000
-0.302381 -0.990401 2.772893 1.000000
-0.060480 -1.007940 2.747396 1.000000
-0.318943 -1.019172 2.607824 0.000000
-0.063250 -1.028147 2.580261 0.000000
-0.108227 0.664167 2.552185 1.000000
-0.280809 0.374863 2.707066 1.000000
0.075438 0.369027 2.672164 1.000000
-0.111483 0.412155 2.593099 0.009615
-0.094819 0.222233 2.794949 0.000000
-0.248407 -0.003887 2.655761 1.000000
0.032577 -0.012722 2.647304 1.000000
-0.103600 0.010657 2.775114 0.000000
-0.337329 0.115420 2.702113 1.000000
0.106636 0.200976 2.468904 1.000000
-0.344625 -0.165068 2.642733 1.000000
-0.082709 0.259346 2.261552 1.000000
-0.326035 -0.226393 2.666299 0.745192
-0.131144 0.280994 2.218576 0.341346
-0.275714 -0.569529 2.697189 1.000000
-0.029940 -0.585786 2.699860 1.000000
-0.300633 -0.990038 2.767045 1.000000
-0.058361 -1.008313 2.754562 1.000000
-0.318722 -1.016428 2.601737 0.000000
-0.059846 -1.029832 2.587574 0.000000
-0.111276 0.666739 2.557770 1.000000
-0.272711 0.366524 2.719149 0.000000
0.076712 0.360434 2.641495 1.000000
-0.119133 0.395635 2.582706 0.009615
-0.074848 0.222897 2.795525 0.000000
-0.243961 -0.001930 2.695210 1.000000
0.029032 -0.023665 2.631149 1.000000
-0.077998 0.001406 2.783930 0.000000
-0.330865 0.108319 2.706518 1.000000
0.053151 0.262122 2.396565 1.000000
-0.344228 -0.172246 2.651866 1.000000
-0.132987 0.419769 2.246959 1.000000
-0.328994 -0.220919 2.697258 0.627404
-0.180690 0.465364 2.229433 0.862981
-0.277360 -0.572127 2.699796 1.000000
-0.028733 -0.592649 2.701962 1.000000
-0.304063 -0.991375 2.776264 1.000000
-0.060076 -1.015398 2.753251 1.000000
-0.356026 -1.016903 2.618155 0.000000
-0.095292 -1.032653 2.589507 0.000000
-0.111060 0.668325 2.560744 1.000000
-0.273564 0.371033 2.740615 1.000000
0.059452 0.363836 2.611522 0.000000
-0.142021 0.400841 2.582950 0.000000
-0.067552 0.225378 2.784838 0.000000
-0.241408 0.002777 2.715380 0.923077
0.020618 -0.028437 2.618068 1.000000
-0.065816 -0.001227 2.783037 0.000000
-0.324649 0.113652 2.716224 1.000000
-0.000738 0.333286 2.356780 1.000000
-0.337184 -0.164470 2.657193 1.000000
-0.171547 0.542461 2.266979 1.000000
-0.320653 -0.224562 2.685073 0.610577
-0.217877 0.592596 2.265738 0.610577
-0.277423 -0.571119 2.703613 1.000000
-0.027502 -0.593656 2.698582 1.000000
-0.304199 -0.991673 2.772508 1.000000
-0.057596 -1.015533 2.757262 1.000000
-0.372836 -1.012264 2.620143 0.000000
-0.112382 -1.033627 2.599082 0.000000
-0.108785 0.665570 2.544998 1.000000
-0.275764 0.364672 2.766833 1.000000
0.030012 0.374087 2.590115 0.346154
-0.172027 0.397925 2.590245 0.000000
-0.056382 0.233271 2.781574 0.000000
-0.232174 0.006895 2.725380 0.000000
0.013718 -0.028184 2.593442 1.000000
-0.049007 0.001658 2.768373 0.000000
-0.329467 0.109054 2.724583 1.000000
-0.071249 0.392211 2.346338 1.000000
-0.347711 -0.173658 2.687325 1.000000
-0.213761 0.634181 2.293536 1.000000
-0.324589 -0.237028 2.697867 0.778846
-0.243825 0.695462 2.291980 0.425481
-0.276491 -0.566521 2.710891 1.000000
-0.032739 -0.591788 2.694123 1.000000
-0.300947 -0.987168 2.780081 1.000000
-0.060906 -1.012799 2.759588 1.000000
-0.389328 -1.005411 2.637933 0.000000
-0.138194 -1.030721 2.611077 0.000000
-0.101638 0.672829 2.559052 0.894231
-0.279111 0.352467 2.771823 1.000000
0.022916 0.373114 2.586983 0.605769
-0.180573 0.393695 2.593943 0.000000
-0.057515 0.224057 2.776072 0.000000
-0.235062 0.002882 2.725479 0.000000
0.007747 -0.029303 2.587242 1.000000
-0.050878 -0.001751 2.763962 0.000000
-0.337260 0.098366 2.729902 1.000000
-0.094456 0.376001 2.350505 1.000000
-0.351961 -0.182950 2.685880 1.000000
-0.238214 0.610608 2.275766 1.000000
-0.338278 -0.244866 2.711196 0.442308
-0.264599 0.671112 2.293221 0.745192
-0.279261 -0.569850 2.710506 1.000000
-0.034243 -0.594108 2.685817 1.000000
-0.304508 -0.989662 2.784328 1.000000
-0.061237 -1.014098 2.757988 1.000000
-0.396437 -1.008712 2.644556 0.000000
-0.141185 -1.034189 2.611173 0.000000
-0.098646 0.666815 2.562017 1.000000
-0.282070 0.345139 2.771152 1.000000
0.020153 0.369632 2.581945 0.817308
-0.185635 0.388936 2.592736 0.000000
-0.059823 0.217789 2.771541 0.000000
-0.241458 -0.003268 2.721371 0.153846
-0.000001 -0.034674 2.580609 1.000000
-0.056813 -0.006102 2.757759 0.000000
-0.347154 0.094365 2.731742 1.000000
-0.097260 0.338789 2.349696 1.000000
-0.357345 -0.185481 2.690815 1.000000
-0.278327 0.521296 2.231381 1.000000
-0.329537 -0.247458 2.697686 0.762019
-0.329168 0.565305 2.219547 0.644231
-0.281329 -0.576435 2.710025 1.000000
-0.044073 -0.599703 2.683647 1.000000
-0.309939 -0.996465 2.781339 1.000000
-0.061430 -1.020509 2.754002 1.000000
-0.402311 -1.013890 2.641647 0.000000
-0.144365 -1.041339 2.608958 0.000000
-0.118089 0.668777 2.575159 1.000000
-0.324457 0.339657 2.767960 0.000000
-0.008653 0.391868 2.607631 0.855769
-0.215885 0.400378 2.601902 0.000000
-0.096494 0.223412 2.779441 0.000000
-0.255833 -0.000239 2.703805 0.586538
-0.002298 -0.026015 2.584821 1.000000
-0.075137 -0.000470 2.756483 0.000000
-0.353015 0.083148 2.741115 0.938462
-0.057202 0.279350 2.378904 1.000000
-0.366160 -0.192961 2.695110 1.000000
-0.280884 0.242674 2.214142 1.000000
-0.345772 -0.257205 2.706004 0.408654
-0.343916 0.216475 2.212684 1.000000
-0.285653 -0.573273 2.706696 1.000000
-0.052801 -0.593404 2.678296 1.000000
-0.303632 -0.994554 2.773991 1.000000
-0.063496 -1.014772 2.746588 1.000000
-0.384554 -1.014471 2.627686 0.000000
-0.133462 -1.037542 2.595141 0.000000
-0.147536 0.673762 2.582975 1.000000
-0.318041 0.325086 2.797801 1.000000
-0.019227 0.390123 2.611670 1.000000
-0.226026 0.397854 2.626662 0.000000
-0.090181 0.209599 2.778968 0.000000
-0.253618 -0.004435 2.707750 0.000000
-0.013178 -0.033758 2.564816 1.000000
-0.068782 -0.009194 2.742947 0.000000
-0.364758 0.077319 2.743207 0.953846
-0.016564 0.224757 2.413682 1.000000
-0.387923 -0.198179 2.708876 1.000000
-0.209699 0.119886 2.242466 1.000000
-0.348383 -0.247080 2.682290 0.408654
-0.259511 0.075126 2.229166 1.000000
-0.288730 -0.578653 2.702219 1.000000
-0.056958 -0.599011 2.673682 1.000000
-0.306186 -0.998451 2.778340 1.000000
-0.067750 -1.020689 2.740016 1.000000
-0.400402 -1.019546 2.640396 0.000000
-0.153211 -1.041096 2.596384 0.000000
-0.156925 0.661917 2.594759 1.000000
-0.329653 0.316938 2.798815 1.000000
-0.034082 0.390302 2.610615 1.000000
-0.240897 0.392457 2.627148 0.000000
-0.098926 0.207637 2.778069 0.000000
-0.260506 -0.011038 2.708938 0.048077
-0.020470 -0.037136 2.564705 1.000000
-0.075588 -0.016914 2.743532 0.000000
-0.373686 0.065405 2.751296 0.938462
0.010372 0.224123 2.416002 1.000000
-0.389494 -0.210309 2.702183 1.000000
-0.153254 0.118071 2.214360 1.000000
-0.392155 -0.278351 2.707164 0.189904
-0.195084 0.074061 2.183136 1.000000
-0.290604 -0.585848 2.702632 1.000000
-0.066434 -0.603270 2.676407 1.000000
-0.309347 -1.004704 2.783488 1.000000
-0.066455 -1.026284 2.734620 1.000000
-0.403407 -1.027104 2.645644 0.000000
-0.153696 -1.045912 2.591953 0.000000
-0.168767 0.659995 2.598834 1.000000
-0.335538 0.322483 2.781830 1.000000
-0.040601 0.369412 2.584412 0.000000
-0.247197 0.376813 2.602123 0.000000
-0.106737 0.207761 2.771781 0.000000
-0.269402 -0.014246 2.705852 0.182692
-0.030681 -0.042351 2.559824 1.000000
-0.084307 -0.022039 2.739094 0.000000
-0.384124 0.071325 2.741407 0.907692
0.055410 0.277659 2.362065 1.000000
-0.399158 -0.206600 2.713916 1.000000
-0.060132 0.303421 2.108667 1.000000
-0.419432 -0.271768 2.712019 0.122596
-0.101167 0.290615 2.055622 0.543269
-0.300682 -0.589883 2.696079 1.000000
-0.066760 -0.605705 2.680562 1.000000
-0.308847 -1.008649 2.779131 1.000000
-0.067602 -1.029218 2.735015 1.000000
-0.404811 -1.033761 2.643079 0.000000
-0.156364 -1.047291 2.593083 0.000000
-0.187028 0.659705 2.590584 1.000000
-0.320751 0.362491 2.752328 1.000000
-0.000803 0.363284 2.595296 0.894231
-0.203200 0.401065 2.585762 0.000000
-0.111869 0.215401 2.770907 0.000000
-0.291077 -0.012235 2.700111 0.365385
-0.038385 -0.029977 2.577908 1.000000
-0.110039 -0.016465 2.751427 0.000000
-0.391428 0.114010 2.749609 0.892308
0.044598 0.367980 2.341009 1.000000
-0.411344 -0.162471 2.717970 1.000000
0.022240 0.502327 2.097512 1.000000
-0.400551 -0.228821 2.729922 0.644231
-0.009474 0.527851 2.042701 0.795673
-0.304095 -0.587778 2.692945 1.000000
-0.071304 -0.597807 2.676501 1.000000
-0.312960 -1.005425 2.781380 1.000000
-0.064763 -1.021264 2.731009 1.000000
-0.394147 -1.034331 2.636731 0.000000
-0.137917 -1.041736 2.580744 0.000000
-0.186393 0.675346 2.584893 1.000000
-0.337769 0.360244 2.750643 1.000000
-0.019768 0.373212 2.602399 0.961538
-0.217463 0.410192 2.589143 0.000000
-0.127994 0.213850 2.763890 0.000000
-0.295787 -0.004767 2.693923 0.442308
-0.041062 -0.028961 2.577168 1.000000
-0.115893 -0.010949 2.748930 0.000000
-0.395339 0.110125 2.738383 1.000000
0.040315 0.464313 2.369774 1.000000
-0.421840 -0.165075 2.714689 1.000000
0.083615 0.640287 2.159638 1.000000
-0.402156 -0.230245 2.709487 0.980769
0.092030 0.682477 2.106620 1.000000
-0.304966 -0.582819 2.695799 1.000000
-0.079152 -0.594838 2.675792 1.000000
-0.311242 -1.002002 2.776890 1.000000
-0.065137 -1.017438 2.735308 1.000000
-0.388597 -1.029289 2.629847 0.000000
-0.135729 -1.041049 2.584280 0.000000
-0.186561 0.681472 2.586821 1.000000
-0.348698 0.359742 2.753121 1.000000
-0.033815 0.374861 2.604765 1.000000
-0.228903 0.413584 2.592496 0.014423
-0.139817 0.211693 2.761004 0.000000
-0.301113 -0.001625 2.688195 0.375000
-0.047581 -0.029933 2.569782 1.000000
-0.120986 -0.010695 2.742025 0.000000
-0.401731 0.112745 2.726840 1.000000
0.069370 0.503881 2.411846 1.000000
-0.432646 -0.158877 2.704485 1.000000
0.129085 0.708481 2.239201 1.000000
-0.418816 -0.224939 2.714784 0.963942
0.130496 0.751603 2.186285 1.000000
-0.311631 -0.580494 2.697771 1.000000
-0.082529 -0.593557 2.671283 1.000000
-0.313620 -0.999924 2.777796 1.000000
-0.064946 -1.014607 2.740110 1.000000
-0.392258 -1.027467 2.631483 0.000000
-0.136518 -1.042100 2.590204 0.000000
-0.180916 0.678714 2.582727 1.000000
-0.352303 0.360479 2.744971 1.000000
-0.029027 0.377878 2.613645 1.000000
-0.223966 0.417571 2.592260 0.028846
-0.144521 0.211492 2.760520 0.000000
-0.302068 0.003764 2.679553 0.326923
-0.043180 -0.028236 2.574414 1.000000
-0.125247 -0.009237 2.742729 0.000000
-0.408895 0.113023 2.728074 1.000000
0.089847 0.500294 2.424949 1.000000
-0.436310 -0.157546 2.689061 1.000000
0.132018 0.708650 2.250907 1.000000
-0.417135 -0.222093 2.700359 0.963942
0.124465 0.751049 2.197927 1.000000
-0.307978 -0.577146 2.692430 1.000000
-0.087592 -0.591898 2.663407 1.000000
-0.311160 -0.996177 2.774483 1.000000
-0.062590 -1.011511 2.738433 1.000000
-0.381305 -1.025078 2.624168 0.000000
-0.125930 -1.042619 2.585559 0.000000
-0.177999 0.678076 2.578090 1.000000
-0.353779 0.366959 2.732022 1.000000
-0.018014 0.383161 2.627095 1.000000
-0.212889 0.424545 2.591011 0.000000
-0.149087 0.216115 2.762992 0.000000
-0.317270 0.005221 2.668368 1.000000
-0.050123 -0.020912 2.584397 1.000000
-0.145871 -0.004145 2.745572 0.000000
-0.410369 0.117277 2.716599 1.000000
0.106286 0.475336 2.422560 1.000000
-0.418501 -0.151767 2.651293 1.000000
0.133090 0.679758 2.237604 1.000000
-0.418098 -0.217142 2.631609 0.762019
0.124824 0.721705 2.184371 1.000000
-0.304627 -0.576708 2.680013 1.000000
-0.081050 -0.585258 2.662167 1.000000
-0.310377 -0.991741 2.780234 1.000000
-0.065166 -1.005189 2.737897 1.000000
-0.366433 -1.028275 2.625724 0.000000
-0.113493 -1.035583 2.579497 0.000000
-0.177017 0.683446 2.581284 1.000000
-0.356032 0.370468 2.718168 1.000000
-0.007032 0.375840 2.644994 1.000000
-0.200354 0.424919 2.592272 0.000000
-0.160729 0.211664 2.765603 0.000000
-0.312963 0.003501 2.659162 1.000000
-0.038918 -0.020458 2.600622 1.000000
-0.149808 -0.008497 2.752234 0.000000
-0.413866 0.117420 2.709763 1.000000
0.127591 0.409226 2.425424 1.000000
-0.419850 -0.151924 2.631797 1.000000
0.145976 0.583067 2.206103 1.000000
-0.406521 -0.218874 2.630567 0.963942
0.115814 0.609050 2.150634 1.000000
-0.301333 -0.577453 2.676426 1.000000
-0.077097 -0.585940 2.668534 1.000000
-0.314800 -0.993952 2.769575 1.000000
-0.066611 -1.007334 2.736692 1.000000
-0.355909 -1.028322 2.609954 0.000000
-0.100381 -1.034491 2.573989 0.000000
-0.187443 0.682895 2.595942 1.000000
-0.352265 0.369683 2.701908 1.000000
0.002307 0.374232 2.652699 1.000000
-0.188242 0.422712 2.586432 0.000000
-0.160825 0.211408 2.764450 0.000000
-0.309035 0.001072 2.650158 1.000000
-0.031421 -0.021154 2.610937 1.000000
-0.152690 -0.009571 2.754413 0.000000
-0.411711 0.115372 2.691845 1.000000
0.147368 0.328622 2.440128 1.000000
-0.426031 -0.159375 2.628815 1.000000
0.165640 0.470927 2.197065 1.000000
-0.407711 -0.225131 2.630262 0.930288
0.129503 0.484902 2.140848 0.728365
-0.299762 -0.578868 2.672391 1.000000
-0.072225 -0.587211 2.675401 1.000000
-0.315295 -0.993529 2.773110 1.000000
-0.064631 -1.009879 2.735595 1.000000
-0.346245 -1.031497 2.612018 0.000000
-0.087355 -1.033801 2.570484 0.000000
-0.193032 0.683433 2.601387 0.798077
-0.349955 0.367764 2.695324 1.000000
0.006062 0.369089 2.657722 1.000000
-0.181783 0.419115 2.585181 0.000000
-0.162073 0.207932 2.764359 0.000000
-0.309222 -0.003605 2.637080 1.000000
-0.030505 -0.019531 2.602952 1.000000
-0.154284 -0.004473 2.743941 0.000000
-0.410509 0.112403 2.683747 1.000000
0.148272 0.234323 2.482723 1.000000
-0.426222 -0.162453 2.615275 1.000000
0.176703 0.331157 2.217588 1.000000
-0.415154 -0.229645 2.620204 0.677885
0.152797 0.361940 2.161530 0.963942
-0.299081 -0.579864 2.680893 1.000000
-0.071582 -0.587124 2.679374 1.000000
-0.312112 -0.996009 2.775670 1.000000
-0.064617 -1.011031 2.730205 1.000000
-0.339812 -1.032065 2.613551 0.000000
-0.084961 -1.031260 2.564292 0.000000
-0.189012 0.681378 2.596280 1.000000
-0.353909 0.371729 2.697231 1.000000
0.002125 0.373436 2.659801 1.000000
-0.185683 0.424294 2.587745 0.000000
-0.166073 0.211111 2.764548 0.000000
-0.304019 -0.002199 2.631211 1.000000
-0.023632 -0.015386 2.613577 1.000000
-0.155576 0.000131 2.746904 0.000000
-0.408831 0.113876 2.679339 1.000000
0.116827 0.158306 2.557885 1.000000
-0.423076 -0.164571 2.618553 1.000000
0.174935 0.130448 2.279896 0.653846
-0.393498 -0.224843 2.630969 0.913462
0.176672 0.126730 2.211743 0.543269
-0.300471 -0.576149 2.682053 1.000000
-0.070210 -0.584960 2.681841 1.000000
-0.315718 -0.993110 2.772830 1.000000
-0.063398 -1.008811 2.733153 1.000000
-0.334364 -1.028057 2.609180 0.000000
-0.073608 -1.029172 2.566326 0.000000
-0.187183 0.681310 2.603357 1.000000
-0.356694 0.369032 2.687654 1.000000
-0.000095 0.383226 2.659378 1.000000
-0.187662 0.426309 2.581834 0.000000
-0.165018 0.216212 2.761939 0.000000
-0.305831 -0.004456 2.635994 1.000000
-0.025754 -0.016434 2.613305 1.000000
-0.155321 -0.001073 2.748960 0.000000
-0.405986 0.108712 2.680856 1.000000
0.104612 0.148881 2.593336 1.000000
-0.425535 -0.169964 2.618596 1.000000
0.156351 0.005103 2.351325 1.000000
-0.399775 -0.230458 2.636993 0.829327
0.164697 -0.051802 2.314532 0.593750
-0.299930 -0.578134 2.687424 1.000000
-0.067893 -0.586349 2.680480 1.000000
-0.317874 -0.993568 2.784489 1.000000
-0.064543 -1.009772 2.735530 1.000000
-0.339303 -1.030687 2.621661 0.000000
-0.076813 -1.031518 2.569016 0.000000
-0.181488 0.684144 2.608734 0.947115
-0.347226 0.369790 2.683216 1.000000
0.009954 0.373772 2.659328 1.000000
-0.175351 0.421600 2.579172 0.000000
-0.160866 0.212134 2.760847 0.000000
-0.296913 -0.005382 2.631545 1.000000
-0.016316 -0.019667 2.618781 1.000000
-0.150289 0.000714 2.749402 0.000000
-0.400933 0.109657 2.677881 1.000000
0.083588 0.120628 2.626492 1.000000
-0.418316 -0.170600 2.618988 1.000000
0.134804 -0.112805 2.467747 1.000000
-0.388790 -0.230433 2.633469 0.879808
0.126390 -0.169971 2.431376 0.862981
-0.296972 -0.578845 2.685698 1.000000
-0.062175 -0.589067 2.682607 1.000000
-0.308580 -0.994437 2.783050 1.000000
-0.064176 -1.013015 2.733531 1.000000
-0.326325 -1.032155 2.619916 0.000000
-0.070215 -1.033054 2.566462 0.000000
-0.162288 0.684374 2.591928 1.000000
