-0.431014 0.223932 2.530548 1.000000
-0.072838 0.234157 2.495829 1.000000
-0.262229 0.272926 2.419820 0.000000
-0.239309 0.100912 2.605615 0.000000
-0.452672 -0.131596 2.509013 0.538462
-0.028009 -0.106008 2.487243 0.826923
-0.234532 -0.112679 2.618627 0.000000
-0.495466 -0.042584 2.538001 1.000000
0.011491 -0.026353 2.512061 1.000000
-0.484788 -0.325246 2.472118 1.000000
0.013805 -0.302118 2.420950 1.000000
-0.484864 -0.392226 2.456819 0.000000
0.054282 -0.357561 2.418121 0.375000
-0.341471 -0.627072 2.540971 1.000000
-0.111658 -0.615935 2.525757 1.000000
-0.355444 -1.014510 2.621669 1.000000
-0.127500 -0.998210 2.627887 1.000000
-0.364079 -1.048270 2.458090 0.000000
-0.127781 -1.041368 2.466302 0.057692
-0.259718 0.494457 2.349231 1.000000
-0.429741 0.219471 2.532241 1.000000
-0.072166 0.235640 2.493790 1.000000
-0.262960 0.270600 2.419461 0.000000
-0.235182 0.100309 2.606178 0.000000
-0.449773 -0.130791 2.505665 0.490385
-0.024829 -0.104734 2.491153 0.913462
-0.233543 -0.111875 2.619002 0.000000
-0.492182 -0.046196 2.547645 1.000000
0.014013 -0.023073 2.512657 1.000000
-0.480964 -0.323599 2.465881 1.000000
0.019456 -0.298560 2.424109 1.000000
-0.480557 -0.389534 2.446574 0.000000
0.033744 -0.363517 2.406878 0.526442
-0.340110 -0.625688 2.543318 1.000000
-0.111488 -0.615237 2.524684 1.000000
-0.359237 -1.013319 2.622009 1.000000
-0.128589 -0.996931 2.628764 1.000000
-0.364762 -1.046313 2.458139 0.000000
-0.126304 -1.041021 2.467446 0.067308
-0.262168 0.493930 2.351886 1.000000
-0.430473 0.224696 2.534140 1.000000
-0.073070 0.234951 2.492210 1.000000
-0.263966 0.273371 2.419878 0.000000
-0.237240 0.102023 2.605779 0.000000
-0.450596 -0.128266 2.521547 0.519231
-0.028320 -0.103611 2.471127 0.894231
-0.225608 -0.108260 2.616089 0.000000
-0.492786 -0.040585 2.549564 1.000000
0.015613 -0.022451 2.511565 1.000000
-0.485658 -0.320467 2.477928 1.000000
0.016437 -0.299165 2.428228 1.000000
-0.492233 -0.388700 2.473284 0.055288
0.048740 -0.359679 2.424346 0.442308
-0.339207 -0.624353 2.542328 1.000000
-0.108774 -0.612700 2.522947 1.000000
-0.353917 -1.012422 2.619797 1.000000
-0.140274 -0.988817 2.642779 1.000000
-0.373625 -1.044217 2.456784 0.000000
-0.146778 -1.039055 2.483386 0.307692
-0.259122 0.493364 2.347155 1.000000
-0.430424 0.223712 2.538429 1.000000
-0.073427 0.239251 2.494708 1.000000
-0.265195 0.277211 2.424470 0.000000
-0.235338 0.101578 2.605840 0.000000
-0.449571 -0.130867 2.524633 0.567308
-0.027666 -0.103635 2.472456 0.923077
-0.224191 -0.111267 2.618325 0.000000
-0.492514 -0.040985 2.549307 1.000000
0.017905 -0.016630 2.509575 1.000000
-0.484512 -0.317438 2.468597 1.000000
0.021614 -0.293722 2.430768 1.000000
-0.485548 -0.383512 2.449795 0.000000
0.020907 -0.357932 2.406335 0.543269
-0.337785 -0.626082 2.544817 1.000000
-0.108970 -0.613969 2.518650 1.000000
-0.357958 -1.014462 2.619445 1.000000
-0.139413 -0.987107 2.647714 1.000000
-0.377955 -1.044794 2.456188 0.000000
-0.145494 -1.041299 2.489604 0.225962
-0.263267 0.495570 2.355072 1.000000
-0.428430 0.222477 2.541456 1.000000
-0.072167 0.237272 2.491880 1.000000
-0.264995 0.275202 2.424587 0.000000
-0.232454 0.100355 2.606255 0.000000
-0.448229 -0.127811 2.526978 0.394231
-0.027010 -0.104420 2.467869 0.894231
-0.221219 -0.109488 2.616916 0.000000
-0.492058 -0.041980 2.548107 1.000000
0.017904 -0.018726 2.511439 1.000000
-0.478841 -0.320365 2.475149 1.000000
0.023532 -0.295145 2.430469 1.000000
-0.487212 -0.386398 2.458120 0.105769
-0.002924 -0.357242 2.417643 0.694712
-0.337433 -0.624448 2.542576 1.000000
-0.110329 -0.613234 2.523410 1.000000
-0.358313 -1.012924 2.616512 1.000000
-0.123655 -0.994462 2.629726 1.000000
-0.381142 -1.042716 2.453527 0.000000
-0.138378 -1.038738 2.469116 0.000000
-0.258833 0.492221 2.351924 1.000000
-0.427706 0.222380 2.531562 1.000000
-0.070018 0.239610 2.494650 1.000000
-0.260593 0.273709 2.419366 0.000000
-0.233087 0.104091 2.606734 0.000000
-0.448409 -0.128072 2.506989 0.461538
-0.023287 -0.107353 2.489421 0.961538
-0.231142 -0.112049 2.618775 0.000000
-0.488905 -0.042321 2.550019 1.000000
0.015350 -0.018488 2.510474 1.000000
-0.485065 -0.320451 2.474111 1.000000
0.019103 -0.291968 2.419219 1.000000
-0.483972 -0.386993 2.457039 0.223558
0.002400 -0.358526 2.422607 0.913462
-0.341242 -0.624522 2.543701 1.000000
-0.110257 -0.616310 2.523459 1.000000
-0.360949 -1.013062 2.617620 1.000000
-0.139433 -0.992272 2.644359 1.000000
-0.367825 -1.043957 2.453392 0.000000
-0.134987 -1.043768 2.485296 0.264423
-0.256811 0.493201 2.345195 1.000000
-0.424561 0.222237 2.531305 1.000000
-0.066840 0.238204 2.494149 1.000000
-0.257340 0.274269 2.419595 0.000000
-0.230435 0.101972 2.604591 0.000000
-0.446467 -0.125627 2.510028 0.509615
-0.021599 -0.107711 2.484852 0.836538
-0.227134 -0.110999 2.617905 0.000000
-0.488046 -0.042925 2.543583 1.000000
0.017897 -0.020898 2.507477 1.000000
-0.479508 -0.320044 2.462064 1.000000
0.007891 -0.250787 2.332652 1.000000
-0.478950 -0.388094 2.471516 0.257212
-0.002642 -0.317219 2.318642 0.593750
-0.342726 -0.623106 2.540976 1.000000
-0.111010 -0.615882 2.523086 1.000000
-0.357895 -1.011504 2.616689 1.000000
-0.138336 -0.992731 2.641636 1.000000
-0.368432 -1.043045 2.452779 0.000000
-0.137791 -1.042956 2.482106 0.288462
-0.255057 0.500245 2.354792 1.000000
-0.426344 0.221830 2.526632 1.000000
-0.067745 0.238683 2.499755 1.000000
-0.256101 0.273020 2.419179 0.000000
-0.234034 0.103298 2.607171 0.000000
-0.445283 -0.125925 2.503018 0.528846
-0.019921 -0.104759 2.493759 0.759615
-0.230166 -0.111490 2.619097 0.000000
-0.487028 -0.043112 2.549429 1.000000
0.035747 -0.013441 2.488839 1.000000
-0.482276 -0.316708 2.457079 1.000000
-0.015118 -0.123280 2.226628 0.961538
-0.470427 -0.382922 2.471066 0.324519
-0.027042 -0.189534 2.212896 1.000000
-0.343384 -0.622358 2.536064 1.000000
-0.112366 -0.614182 2.524894 1.000000
-0.353318 -1.009390 2.619274 1.000000
-0.130473 -0.995448 2.630363 1.000000
-0.358481 -1.044401 2.455811 0.000000
-0.127075 -1.040180 2.469242 0.052885
-0.257985 0.505599 2.363302 1.000000
-0.425744 0.221018 2.534101 1.000000
-0.067144 0.237146 2.506793 1.000000
-0.255561 0.276008 2.428446 0.000000
-0.233831 0.098026 2.608679 0.000000
-0.446275 -0.126870 2.507965 0.519231
-0.021728 -0.104368 2.481113 1.000000
-0.226631 -0.110917 2.615017 0.000000
-0.489463 -0.042050 2.543726 1.000000
0.048235 0.003936 2.431571 1.000000
-0.482510 -0.314080 2.453210 1.000000
-0.012395 0.005363 2.151279 0.480769
-0.487204 -0.379214 2.431856 0.240385
-0.060476 -0.017322 2.107759 1.000000
-0.342294 -0.623058 2.535976 1.000000
-0.112481 -0.613454 2.525663 1.000000
-0.359465 -1.010077 2.618054 1.000000
-0.138299 -0.991495 2.640706 1.000000
-0.370725 -1.044219 2.454714 0.000000
-0.139797 -1.040091 2.480679 0.264423
-0.256965 0.501497 2.368446 1.000000
-0.420477 0.224068 2.531950 1.000000
-0.060988 0.241719 2.524459 0.000000
-0.245122 0.284088 2.438153 0.000000
-0.232382 0.097843 2.610733 0.000000
-0.445317 -0.127034 2.492785 0.625000
-0.020045 -0.102710 2.497158 1.000000
-0.234107 -0.111656 2.615715 0.000000
-0.487602 -0.039568 2.542208 1.000000
0.024470 0.069921 2.331334 0.792308
-0.483376 -0.312036 2.448216 1.000000
-0.081372 0.191674 2.092453 1.000000
-0.463292 -0.367719 2.413338 0.593750
-0.117522 0.239012 2.058206 0.930288
-0.340844 -0.621903 2.536720 1.000000
-0.109701 -0.613059 2.521213 1.000000
-0.354045 -1.009895 2.614843 1.000000
-0.140958 -0.989094 2.641367 1.000000
-0.352781 -1.042949 2.450897 0.000000
-0.129160 -1.040762 2.482736 0.211538
-0.254769 0.498177 2.368057 1.000000
-0.426923 0.227697 2.535542 1.000000
-0.067153 0.235571 2.525401 0.000000
-0.250705 0.284115 2.441131 0.000000
-0.241780 0.095325 2.611168 0.000000
-0.444655 -0.126583 2.488482 0.730769
-0.019666 -0.098996 2.497980 1.000000
-0.235140 -0.108433 2.613910 0.000000
-0.490750 -0.036086 2.557857 1.000000
0.011416 0.101819 2.301591 1.000000
-0.471737 -0.295039 2.432497 1.000000
-0.135939 0.247921 2.101405 1.000000
-0.482525 -0.358388 2.456806 0.459135
-0.159012 0.310343 2.084331 1.000000
-0.343213 -0.620562 2.531417 1.000000
-0.107036 -0.610531 2.514544 1.000000
-0.355512 -1.007535 2.614581 1.000000
-0.141619 -0.984712 2.639476 1.000000
-0.353009 -1.042749 2.451099 0.000000
-0.126428 -1.038722 2.481918 0.250000
-0.258338 0.492650 2.365649 1.000000
-0.429285 0.219346 2.553793 1.000000
-0.074200 0.245634 2.500659 1.000000
-0.268814 0.279120 2.436212 0.000000
-0.229076 0.101861 2.614070 0.000000
-0.449155 -0.130375 2.520054 0.519231
-0.027510 -0.097411 2.469102 1.000000
-0.224185 -0.109545 2.614463 0.000000
-0.492564 -0.045096 2.564810 1.000000
0.007559 0.093046 2.290689 1.000000
-0.475880 -0.308488 2.449181 1.000000
-0.168013 0.200658 2.089150 1.000000
-0.463830 -0.367214 2.415618 0.307692
-0.200934 0.258755 2.072982 1.000000
-0.344503 -0.624597 2.518323 1.000000
-0.109513 -0.609582 2.512243 1.000000
-0.358578 -1.009389 2.610806 1.000000
-0.137140 -0.983450 2.639817 1.000000
-0.380368 -1.047386 2.449394 0.000000
-0.143837 -1.036976 2.481505 0.288462
-0.261338 0.496282 2.369620 1.000000
-0.433355 0.209297 2.581134 1.000000
-0.087630 0.244858 2.487274 1.000000
-0.289017 0.277597 2.448277 0.000000
-0.225790 0.092971 2.611217 0.000000
-0.451989 -0.140212 2.555917 0.307692
-0.043199 -0.098330 2.443649 1.000000
-0.215750 -0.117759 2.616295 0.000000
-0.499113 -0.053384 2.568317 1.000000
0.023844 0.103982 2.284254 1.000000
-0.485644 -0.323058 2.470929 1.000000
-0.179858 0.075540 2.084038 1.000000
-0.468053 -0.389108 2.463974 0.442308
-0.227695 0.028593 2.068939 1.000000
-0.352606 -0.631243 2.501197 1.000000
-0.107771 -0.611336 2.504873 1.000000
-0.355606 -1.006526 2.627568 1.000000
-0.121388 -0.986814 2.629957 1.000000
-0.400112 -1.057656 2.474671 0.000000
-0.150305 -1.037934 2.473358 0.153846
-0.268539 0.500366 2.394094 1.000000
-0.429476 0.210834 2.585288 1.000000
-0.087483 0.244027 2.477869 1.000000
-0.290281 0.274628 2.444916 0.000000
-0.220435 0.096394 2.612211 0.000000
-0.452464 -0.137809 2.546714 0.586538
-0.039138 -0.100582 2.450573 1.000000
-0.218357 -0.120107 2.616276 0.000000
-0.490973 -0.050228 2.585005 1.000000
0.032701 0.130240 2.266816 1.000000
-0.489920 -0.316855 2.487248 1.000000
-0.162447 0.036349 2.083107 1.000000
-0.480957 -0.381312 2.465219 0.375000
-0.202888 -0.019003 2.087709 0.778846
-0.351749 -0.630614 2.502234 1.000000
-0.108647 -0.612459 2.506416 1.000000
-0.359398 -1.009098 2.618457 1.000000
-0.120329 -0.990430 2.623963 1.000000
-0.398246 -1.056132 2.462729 0.000000
-0.145164 -1.038846 2.465812 0.134615
-0.270175 0.498739 2.382134 1.000000
-0.428501 0.207986 2.573071 1.000000
-0.082782 0.249664 2.481737 0.855769
-0.284521 0.274687 2.439018 0.000000
-0.218039 0.099288 2.610625 0.000000
-0.451306 -0.130168 2.546658 0.490385
-0.037030 -0.103782 2.451026 1.000000
-0.216925 -0.118204 2.616518 0.000000
-0.483296 -0.053292 2.589983 1.000000
0.053131 0.171576 2.264979 1.000000
-0.499399 -0.326322 2.516392 1.000000
-0.108066 0.125237 2.036750 1.000000
-0.496455 -0.390878 2.539720 0.290865
-0.137479 0.063959 2.026734 0.475962
-0.349712 -0.626606 2.505207 1.000000
-0.110412 -0.612736 2.507751 1.000000
-0.354144 -1.000762 2.634837 1.000000
-0.129388 -0.988557 2.631097 1.000000
-0.391546 -1.053732 2.480669 0.019231
-0.152706 -1.039138 2.473393 0.235577
-0.271561 0.501418 2.379869 1.000000
-0.421436 0.226522 2.569631 1.000000
-0.068377 0.231965 2.499488 0.000000
-0.262409 0.288119 2.451032 0.000000
-0.229037 0.087382 2.603428 0.000000
-0.451474 -0.117411 2.535107 0.509615
-0.032106 -0.108280 2.460846 1.000000
-0.220740 -0.112258 2.616922 0.000000
-0.484515 -0.034909 2.595284 1.000000
0.034196 0.159225 2.260383 1.000000
-0.513504 -0.316441 2.553789 1.000000
-0.016837 0.333534 2.039398 1.000000
-0.506926 -0.384689 2.558192 0.610577
-0.015548 0.375891 1.985319 1.000000
-0.350324 -0.619277 2.514569 1.000000
-0.113993 -0.612781 2.514020 1.000000
-0.359066 -1.002381 2.614422 1.000000
-0.130327 -0.989758 2.634174 1.000000
-0.389316 -1.043222 2.455081 0.000000
-0.147912 -1.039575 2.475487 0.197115
-0.262510 0.489717 2.372657 1.000000
-0.425181 0.223972 2.571739 1.000000
-0.077356 0.246045 2.481570 0.778846
-0.276880 0.286710 2.440513 0.000000
-0.222670 0.099553 2.603813 0.000000
-0.448357 -0.112172 2.549205 0.442308
-0.036946 -0.108635 2.438774 1.000000
-0.211397 -0.105752 2.610578 0.000000
-0.482592 -0.040898 2.593268 1.000000
0.036246 0.164854 2.248294 1.000000
-0.516584 -0.324567 2.558012 1.000000
0.008682 0.401934 2.087358 1.000000
-0.508337 -0.391825 2.569357 0.475962
0.021574 0.464974 2.063269 1.000000
-0.345275 -0.615966 2.520692 1.000000
-0.113944 -0.609817 2.519617 1.000000
-0.356506 -1.001323 2.611188 1.000000
-0.120071 -0.991065 2.626520 1.000000
-0.398953 -1.037134 2.453427 0.000000
-0.155542 -1.034665 2.468997 0.105769
-0.252211 0.503951 2.375054 1.000000
-0.425941 0.226197 2.572205 1.000000
-0.076636 0.244337 2.487019 0.932692
-0.275014 0.287997 2.443553 0.000000
-0.225564 0.098826 2.606043 0.000000
-0.446823 -0.110112 2.544204 0.557692
-0.033893 -0.109974 2.439532 1.000000
-0.210727 -0.103171 2.608770 0.000000
-0.482597 -0.040071 2.589484 1.000000
0.046815 0.168982 2.255743 1.000000
-0.518029 -0.324581 2.554595 1.000000
0.010718 0.408770 2.098845 1.000000
-0.508204 -0.389503 2.574817 0.475962
0.023960 0.473776 2.080976 1.000000
-0.341566 -0.614930 2.521209 1.000000
-0.112601 -0.609994 2.522722 1.000000
-0.362243 -0.999196 2.614632 1.000000
-0.124771 -0.990538 2.631600 1.000000
-0.401326 -1.035624 2.456145 0.000000
-0.157609 -1.034677 2.473657 0.153846
-0.249638 0.494299 2.362263 1.000000
-0.419215 0.229143 2.561526 1.000000
-0.065679 0.243188 2.495084 1.000000
-0.261087 0.286941 2.439853 0.000000
-0.221884 0.101461 2.609246 0.000000
-0.442429 -0.105403 2.540967 0.692308
-0.027342 -0.111375 2.445393 1.000000
-0.207736 -0.103173 2.610768 0.000000
-0.479963 -0.036674 2.583332 1.000000
0.052824 0.136268 2.272937 1.000000
-0.510178 -0.316885 2.516590 1.000000
0.004131 0.367757 2.105820 1.000000
-0.519199 -0.384059 2.505332 0.139423
0.009993 0.431153 2.079993 1.000000
-0.341826 -0.611876 2.519458 1.000000
-0.111200 -0.610068 2.523525 1.000000
-0.357473 -0.993392 2.624416 1.000000
-0.135410 -0.988250 2.638451 1.000000
-0.393775 -1.035312 2.466626 0.000000
-0.163000 -1.034594 2.480136 0.192308
-0.239248 0.497380 2.362458 1.000000
-0.409428 0.229619 2.553679 1.000000
-0.053568 0.245251 2.501529 0.894231
-0.246774 0.288477 2.438662 0.000000
-0.213670 0.102501 2.608810 0.000000
-0.440996 -0.104453 2.529777 0.625000
-0.021239 -0.111803 2.457547 1.000000
-0.210572 -0.103807 2.612618 0.000000
-0.475022 -0.034660 2.576842 1.000000
0.059633 0.098221 2.300905 1.000000
-0.496895 -0.304969 2.475935 1.000000
-0.001472 0.309986 2.113424 1.000000
-0.506481 -0.372794 2.470623 0.223558
-0.010588 0.366196 2.074983 0.980769
-0.339363 -0.611167 2.522601 1.000000
-0.113032 -0.610694 2.527595 1.000000
-0.359996 -0.996478 2.611625 1.000000
-0.136395 -0.989770 2.639716 1.000000
-0.388189 -1.032155 2.450675 0.000000
-0.156731 -1.035701 2.480188 0.173077
-0.240171 0.501296 2.366286 1.000000
-0.397426 0.233233 2.537288 1.000000
-0.038568 0.238635 2.509140 0.000000
-0.225881 0.284705 2.432062 0.000000
-0.209257 0.103042 2.609137 0.000000
-0.435229 -0.104908 2.520696 0.586538
-0.012247 -0.114535 2.471090 1.000000
-0.209593 -0.106105 2.615802 0.000000
-0.475312 -0.026127 2.573838 1.000000
0.053983 0.045031 2.339961 0.923077
-0.483284 -0.293023 2.462412 1.000000
0.003926 0.226052 2.119874 1.000000
-0.509040 -0.351949 2.438230 0.375000
-0.034547 0.257053 2.072133 0.997596
-0.338707 -0.611688 2.526755 1.000000
-0.110233 -0.613821 2.527545 1.000000
-0.361077 -0.997473 2.613273 1.000000
-0.137473 -0.991986 2.641848 1.000000
-0.381673 -1.032656 2.451068 0.000000
-0.148844 -1.039513 2.481897 0.283654
-0.240359 0.509324 2.374940 1.000000
-0.410971 0.224843 2.556379 1.000000
-0.056272 0.237149 2.496075 1.000000
-0.250537 0.280842 2.436904 0.000000
-0.214905 0.097137 2.608998 0.000000
-0.431213 -0.110381 2.530179 0.365385
-0.010068 -0.111155 2.466121 1.000000
-0.202477 -0.107745 2.617533 0.000000
-0.472693 -0.041520 2.562882 1.000000
0.046263 -0.008901 2.434860 1.000000
-0.467098 -0.297843 2.428242 1.000000
-0.018857 0.015344 2.153733 0.528846
-0.479912 -0.361800 2.406662 0.206731
-0.064938 -0.017531 2.114796 0.745192
-0.336612 -0.614500 2.528735 1.000000
-0.109909 -0.613534 2.524063 1.000000
-0.357374 -1.001268 2.611170 1.000000
-0.138353 -0.989574 2.644895 1.000000
-0.383870 -1.034330 2.449376 0.000000
-0.154664 -1.039376 2.486067 0.235577
-0.239117 0.511126 2.390260 1.000000
-0.411307 0.225591 2.558485 1.000000
-0.057386 0.235261 2.493323 1.000000
-0.252099 0.280598 2.436926 0.000000
-0.215541 0.096244 2.608130 0.000000
-0.429614 -0.117253 2.527503 0.346154
-0.007497 -0.110963 2.470541 0.682692
-0.202461 -0.110519 2.618686 0.000000
-0.474886 -0.039990 2.565597 1.000000
0.030265 -0.023421 2.498542 1.000000
-0.452502 -0.295806 2.432477 1.000000
-0.019692 -0.124946 2.232345 1.000000
-0.446166 -0.317784 2.367691 0.139423
-0.050415 -0.175415 2.197283 1.000000
-0.340174 -0.618863 2.524941 1.000000
-0.112879 -0.615899 2.524982 1.000000
-0.362725 -1.004684 2.611252 1.000000
-0.135597 -0.993979 2.640546 1.000000
-0.387532 -1.039410 2.449538 0.000000
-0.151537 -1.041769 2.481064 0.293269
-0.243846 0.513760 2.396444 1.000000
-0.410230 0.229954 2.566994 1.000000
-0.057314 0.231833 2.495951 1.000000
-0.251555 0.284536 2.444549 0.000000
-0.217470 0.093522 2.608823 0.000000
-0.428186 -0.124739 2.529250 0.326923
-0.007111 -0.106134 2.467472 0.913462
-0.200363 -0.110078 2.617792 0.000000
-0.486886 -0.032584 2.553566 1.000000
0.028871 -0.027898 2.486230 1.000000
-0.428744 -0.290579 2.434733 1.000000
-0.000846 -0.232892 2.283355 1.000000
-0.469366 -0.331190 2.397035 0.492788
-0.009072 -0.300177 2.272157 0.947115
-0.341975 -0.622144 2.523500 1.000000
-0.111589 -0.614539 2.525479 1.000000
-0.362415 -1.006527 2.616494 1.000000
-0.136315 -0.992521 2.640952 1.000000
-0.390423 -1.043891 2.455895 0.000000
-0.155668 -1.039899 2.481725 0.230769
-0.239773 0.503662 2.383498 1.000000
-0.406794 0.228476 2.555507 1.000000
-0.050832 0.233801 2.501998 1.000000
-0.242919 0.282970 2.440074 0.000000
-0.214666 0.095407 2.609354 0.000000
-0.435879 -0.127578 2.522006 0.509615
-0.013465 -0.104450 2.472020 0.990385
-0.210923 -0.108292 2.616774 0.000000
-0.475900 -0.036815 2.563510 1.000000
0.028515 -0.028701 2.498012 1.000000
-0.467383 -0.310212 2.465989 1.000000
0.033526 -0.292600 2.376928 1.000000
-0.478276 -0.375470 2.447463 0.173077
0.040711 -0.360928 2.377067 0.879808
-0.342741 -0.623950 2.525239 1.000000
-0.113362 -0.613928 2.528641 1.000000
-0.361409 -1.008844 2.616473 1.000000
-0.135562 -0.993841 2.638139 1.000000
-0.384079 -1.046022 2.454991 0.000000
-0.150875 -1.039138 2.477870 0.197115
-0.240140 0.502218 2.378203 1.000000
-0.404429 0.231659 2.550139 1.000000
-0.047178 0.233267 2.505764 1.000000
-0.237176 0.283154 2.438227 0.000000
-0.214910 0.097769 2.610767 0.000000
-0.437778 -0.124348 2.513166 0.557692
-0.012860 -0.107540 2.488077 0.836538
-0.218410 -0.110758 2.621107 0.000000
-0.474832 -0.033588 2.560245 1.000000
0.027192 -0.031079 2.503570 1.000000
-0.488841 -0.314381 2.486036 1.000000
0.044428 -0.308909 2.419539 1.000000
-0.490668 -0.372924 2.450120 0.173077
0.052548 -0.376560 2.428365 0.745192
-0.342505 -0.622855 2.525059 1.000000
-0.112727 -0.615937 2.527158 1.000000
-0.362158 -1.007016 2.619136 1.000000
-0.124117 -0.997908 2.631006 1.000000
-0.374903 -1.046067 2.457009 0.000000
-0.128859 -1.041637 2.469643 0.081731
-0.234245 0.504186 2.375935 1.000000
-0.402992 0.228195 2.542480 1.000000
-0.044503 0.228524 2.509537 1.000000
-0.232184 0.276700 2.434677 0.000000
-0.215668 0.095866 2.612609 0.000000
-0.435687 -0.121533 2.523109 0.461538
-0.011667 -0.111711 2.483396 0.769231
-0.212492 -0.113361 2.623484 0.000000
-0.474937 -0.036759 2.559632 1.000000
0.031549 -0.035820 2.506535 1.000000
-0.489142 -0.319229 2.490032 1.000000
0.055969 -0.316785 2.433750 1.000000
-0.497580 -0.384848 2.471503 0.156250
0.056814 -0.379845 2.461011 0.560096
-0.342465 -0.622228 2.527195 1.000000
-0.109639 -0.617767 2.527398 1.000000
-0.359189 -1.007488 2.617257 1.000000
-0.130101 -0.999789 2.629656 1.000000
-0.377652 -1.044566 2.455217 0.000000
-0.139166 -1.042518 2.468211 0.105769
-0.230490 0.503992 2.379667 1.000000
-0.403816 0.230398 2.548398 1.000000
-0.045705 0.233277 2.511675 1.000000
-0.234373 0.282867 2.440298 0.000000
-0.215217 0.096834 2.612514 0.000000
-0.438088 -0.123918 2.525615 0.557692
-0.014534 -0.113166 2.481413 1.000000
-0.213857 -0.115376 2.623623 0.000000
-0.475694 -0.035012 2.566719 1.000000
0.032055 -0.030941 2.520971 1.000000
-0.491307 -0.315853 2.489090 1.000000
0.056349 -0.310377 2.440554 1.000000
-0.498233 -0.381844 2.471267 0.000000
0.054267 -0.378924 2.444735 0.711538
-0.339051 -0.624678 2.530346 1.000000
-0.109483 -0.619152 2.528590 1.000000
-0.356460 -1.011291 2.614271 1.000000
-0.136191 -0.998438 2.639246 1.000000
-0.375466 -1.045723 2.451711 0.000000
-0.144997 -1.044643 2.478747 0.288462
-0.232832 0.500453 2.375021 1.000000
