-0.290607 0.104127 2.952554 0.000000
0.029741 0.199172 2.755355 1.000000
-0.196907 0.247408 2.792121 0.677885
-0.049084 -0.024389 2.901258 0.000000
-0.200667 -0.172061 2.827631 0.000000
0.006129 -0.201557 2.648417 0.451923
0.032227 -0.217716 2.892536 0.000000
-0.526177 0.095859 2.844564 0.000000
0.117785 -0.042367 2.770386 1.000000
-0.361962 -0.075085 2.690282 0.875000
0.108332 -0.322117 2.794162 1.000000
-0.333412 -0.119140 2.637116 0.038462
0.153325 -0.380049 2.779947 0.105769
-0.006816 -0.678689 2.746302 1.000000
-0.299110 -0.638054 2.769773 1.000000
-0.083909 -1.079494 2.831747 0.991106
-0.247021 -1.047479 2.829330 1.000000
0.007058 -1.128297 2.684901 0.000000
-0.424982 -1.070651 2.825687 0.000000
-0.141792 0.454141 2.653459 1.000000
-0.312058 0.148121 2.916883 0.000000
0.032834 0.216935 2.752999 1.000000
-0.196965 0.264047 2.748471 0.730769
-0.065081 0.019905 2.923506 0.000000
-0.237077 -0.154032 2.817058 0.000000
0.000743 -0.181406 2.681248 0.259615
-0.021267 -0.200904 2.925526 0.000000
-0.389296 -0.007114 2.724436 0.784615
0.083688 -0.032215 2.793773 1.000000
-0.316609 -0.270148 2.651131 1.000000
0.088463 -0.313019 2.800674 1.000000
-0.322604 -0.340752 2.627430 0.173077
0.071674 -0.365977 2.750711 0.375000
-0.015476 -0.653032 2.757191 1.000000
-0.302737 -0.630209 2.763656 1.000000
-0.070923 -1.061550 2.819863 1.000000
-0.259880 -1.039806 2.829102 1.000000
0.056239 -1.097448 2.698367 0.000000
-0.435683 -1.062690 2.801000 0.000000
-0.136609 0.466512 2.604250 1.000000
-0.306101 0.176986 2.907767 0.000000
0.045408 0.215715 2.748125 1.000000
-0.180850 0.276656 2.736227 0.951923
-0.067843 0.034252 2.926244 0.000000
-0.251994 -0.170555 2.810126 0.000000
-0.005980 -0.183166 2.687363 0.201923
-0.040491 -0.209988 2.929491 0.000000
-0.396992 0.019211 2.723720 0.861538
0.082463 -0.033860 2.799762 1.000000
-0.303322 -0.244312 2.684490 1.000000
0.064269 -0.312008 2.764723 1.000000
-0.278719 -0.314348 2.675993 0.000000
0.077805 -0.385227 2.770921 0.324519
-0.004217 -0.657746 2.760229 1.000000
-0.304275 -0.637936 2.764353 1.000000
-0.076013 -1.065092 2.813173 0.909856
-0.255527 -1.046200 2.833872 1.000000
0.064188 -1.103490 2.707866 0.000000
-0.432251 -1.070666 2.814116 0.000000
-0.148490 0.480557 2.592636 1.000000
-0.301662 0.195889 2.902589 0.057692
0.050667 0.205252 2.740353 1.000000
-0.170016 0.284193 2.729617 0.971154
-0.075571 0.034490 2.920313 0.000000
-0.252572 -0.168997 2.809675 0.000000
-0.005435 -0.183319 2.689382 0.134615
-0.042468 -0.209171 2.931242 0.000000
-0.394501 0.032834 2.724387 0.938462
0.081182 -0.044359 2.795973 1.000000
-0.309558 -0.234191 2.690300 1.000000
0.064006 -0.321088 2.750644 1.000000
-0.295666 -0.305249 2.671851 0.139423
0.080269 -0.393683 2.757588 0.324519
-0.006781 -0.657394 2.759584 1.000000
-0.306703 -0.636529 2.763488 1.000000
-0.079008 -1.064755 2.811827 1.000000
-0.251176 -1.043041 2.838011 1.000000
0.062126 -1.103125 2.707764 0.000000
-0.427144 -1.071054 2.816317 0.000000
-0.143364 0.492268 2.601409 1.000000
-0.334544 0.197738 2.906091 0.038462
0.005358 0.261729 2.730262 1.000000
-0.227345 0.289294 2.718545 1.000000
-0.078478 0.092409 2.934672 0.000000
-0.259289 -0.157391 2.807858 0.000000
-0.016380 -0.159256 2.678461 0.230769
-0.042893 -0.184492 2.921764 0.000000
-0.390691 0.009496 2.734046 0.815385
0.065874 0.011948 2.770470 1.000000
-0.321504 -0.259523 2.670966 1.000000
0.069271 -0.271189 2.788994 1.000000
-0.315582 -0.330278 2.647699 0.173077
0.064644 -0.334906 2.750246 0.694712
-0.011828 -0.644054 2.756577 1.000000
-0.301543 -0.620233 2.766806 1.000000
-0.070847 -1.053120 2.811992 0.991106
-0.250387 -1.026728 2.844483 1.000000
0.045988 -1.087828 2.680215 0.000000
-0.427535 -1.051795 2.829972 0.000000
-0.150940 0.503986 2.581415 1.000000
-0.342460 0.191521 2.905937 0.057692
-0.005583 0.261449 2.726583 1.000000
-0.238915 0.283988 2.716792 1.000000
-0.083966 0.091854 2.932919 0.000000
-0.265343 -0.163313 2.804429 0.000000
-0.023550 -0.154878 2.673214 0.307692
-0.047382 -0.188293 2.915808 0.000000
-0.393526 -0.000875 2.730476 0.923077
0.068139 0.010005 2.762993 1.000000
-0.322032 -0.274672 2.669586 1.000000
0.072651 -0.277404 2.737454 1.000000
-0.288795 -0.341518 2.666486 0.442308
0.078053 -0.351683 2.731445 1.000000
-0.010608 -0.645126 2.756316 1.000000
-0.302015 -0.619497 2.767884 1.000000
-0.074157 -1.052963 2.815639 1.000000
-0.249150 -1.025703 2.845930 1.000000
0.034552 -1.089970 2.677678 0.000000
-0.427124 -1.049042 2.845007 0.000000
-0.154716 0.498585 2.579614 1.000000
-0.350113 0.171870 2.906004 0.038462
-0.014675 0.257149 2.730640 1.000000
-0.248594 0.271361 2.719341 1.000000
-0.088364 0.081204 2.933357 0.000000
-0.262179 -0.165823 2.801171 0.000000
-0.019749 -0.158079 2.671094 1.000000
-0.044939 -0.194003 2.913192 0.000000
-0.397596 -0.018253 2.722344 0.923077
0.087044 0.009840 2.747193 1.000000
-0.329221 -0.297393 2.665447 1.000000
0.118780 -0.266856 2.658602 1.000000
-0.287507 -0.358296 2.653896 0.711538
0.107425 -0.329962 2.620245 0.661058
-0.014359 -0.650964 2.760107 1.000000
-0.302614 -0.620014 2.767289 1.000000
-0.074647 -1.060381 2.811410 1.000000
-0.254505 -1.028812 2.834061 1.000000
0.020278 -1.093006 2.662597 0.000000
-0.432791 -1.048866 2.839745 0.000000
-0.158509 0.491540 2.591753 1.000000
-0.365023 0.166779 2.907687 0.076923
-0.028734 0.260264 2.738234 1.000000
-0.262694 0.268083 2.722446 1.000000
-0.101490 0.083367 2.940458 0.000000
-0.264183 -0.161798 2.797382 0.000000
-0.019471 -0.159459 2.671433 1.000000
-0.049210 -0.189440 2.913824 0.000000
-0.393421 -0.027862 2.724739 1.000000
0.118359 0.037458 2.713185 1.000000
-0.322763 -0.303880 2.656272 1.000000
0.158212 -0.098355 2.457196 0.961538
-0.323503 -0.374026 2.681997 0.459135
0.143969 -0.147197 2.402477 0.728365
-0.013200 -0.646727 2.759929 1.000000
-0.302414 -0.622602 2.758530 1.000000
-0.072183 -1.056698 2.808237 1.000000
-0.256279 -1.030696 2.830778 1.000000
0.039352 -1.088877 2.671325 0.000000
-0.434174 -1.052545 2.820960 0.000000
-0.143121 0.478069 2.598500 1.000000
-0.364957 0.149923 2.916064 0.269231
-0.032949 0.256707 2.746028 1.000000
-0.267208 0.266646 2.737546 1.000000
-0.101102 0.063100 2.934050 0.000000
-0.261592 -0.161225 2.801998 0.000000
-0.020850 -0.161789 2.668599 1.000000
-0.043515 -0.191760 2.911754 0.000000
-0.393482 -0.032247 2.721395 0.969231
0.130573 0.072734 2.640657 1.000000
-0.314743 -0.305104 2.651402 1.000000
0.150420 0.049401 2.350198 0.000000
-0.277149 -0.368533 2.639318 0.274038
0.142498 0.074372 2.280224 0.459135
-0.013662 -0.647272 2.762168 1.000000
-0.302518 -0.625194 2.756710 1.000000
-0.067956 -1.057804 2.811203 1.000000
-0.256639 -1.033733 2.826567 1.000000
0.038518 -1.088746 2.670043 0.000000
-0.434430 -1.055651 2.815152 0.000000
-0.146231 0.475686 2.615990 1.000000
-0.371242 0.162313 2.910372 0.000000
-0.031912 0.255579 2.746971 1.000000
-0.265557 0.267625 2.729298 1.000000
-0.109381 0.073723 2.942950 0.000000
-0.264400 -0.166717 2.797220 0.000000
-0.018343 -0.160938 2.674032 1.000000
-0.050609 -0.196086 2.915403 0.000000
-0.397463 -0.024573 2.721483 0.907692
0.098220 0.081634 2.592288 1.000000
-0.315035 -0.292411 2.642095 1.000000
0.154082 0.178156 2.323610 0.567308
-0.302417 -0.363609 2.660917 0.610577
0.130112 0.208688 2.259768 0.862981
-0.015174 -0.651914 2.762288 1.000000
-0.301960 -0.624449 2.759356 1.000000
-0.071130 -1.062415 2.809692 1.000000
-0.258349 -1.034198 2.823327 1.000000
0.030216 -1.092970 2.664725 0.000000
-0.436757 -1.053696 2.820068 0.000000
-0.155137 0.499392 2.630548 1.000000
-0.308614 0.193141 2.900797 0.115385
0.030842 0.222068 2.715117 0.778846
-0.196640 0.279491 2.713571 1.000000
-0.067431 0.054882 2.914798 0.000000
-0.258606 -0.172792 2.813961 0.000000
-0.019176 -0.171104 2.678230 0.759615
-0.039758 -0.208712 2.920507 0.000000
-0.391901 0.006252 2.731344 0.953846
0.145737 0.174305 2.480710 1.000000
-0.332794 -0.267485 2.656794 1.000000
0.136794 0.346081 2.247862 1.000000
-0.320885 -0.336541 2.630870 0.173077
0.126538 0.378505 2.181333 0.274038
-0.015464 -0.659610 2.760090 1.000000
-0.307456 -0.631788 2.760556 1.000000
-0.074540 -1.069331 2.810363 1.000000
-0.256183 -1.040229 2.827156 1.000000
0.028807 -1.101794 2.667234 0.000000
-0.434096 -1.063435 2.821808 0.000000
-0.173472 0.514637 2.622392 1.000000
-0.287761 0.188952 2.897179 0.365385
0.044335 0.218358 2.698706 0.750000
-0.183089 0.275579 2.705901 1.000000
-0.046101 0.050895 2.901828 0.000000
-0.255460 -0.173885 2.827571 0.000000
-0.021107 -0.174868 2.683244 0.817308
-0.033149 -0.210676 2.926368 0.000000
-0.402872 0.012091 2.737083 0.984615
0.129286 0.189358 2.449771 1.000000
-0.320671 -0.258064 2.675877 1.000000
0.162463 0.359987 2.219312 1.000000
-0.304790 -0.327786 2.654214 0.240385
0.166630 0.415282 2.169235 0.492788
-0.018636 -0.662303 2.755042 1.000000
-0.309426 -0.633855 2.772898 1.000000
-0.080289 -1.071152 2.809177 1.000000
-0.257182 -1.043460 2.831065 1.000000
0.024871 -1.105719 2.667874 0.000000
-0.435203 -1.066399 2.829419 0.000000
-0.174285 0.520789 2.630228 1.000000
-0.282430 0.193173 2.892135 0.269231
0.046762 0.212214 2.687651 0.711538
-0.180313 0.270700 2.695642 0.990385
-0.041245 0.054400 2.899383 0.000000
-0.250280 -0.169648 2.832017 0.000000
-0.018719 -0.183802 2.683925 1.000000
-0.027520 -0.209915 2.928418 0.000000
-0.398384 0.000168 2.753970 0.938462
0.098900 0.177897 2.431197 1.000000
-0.332118 -0.273920 2.694600 1.000000
0.182976 0.278890 2.175019 1.000000
-0.317063 -0.338430 2.660041 0.475962
0.189332 0.340399 2.133081 0.610577
-0.024305 -0.663475 2.751996 1.000000
-0.312163 -0.635769 2.789546 1.000000
-0.079938 -1.071364 2.818482 1.000000
-0.257265 -1.046796 2.833498 1.000000
0.032659 -1.108681 2.683762 0.000000
-0.435202 -1.070357 2.835415 0.000000
-0.196595 0.530629 2.647271 1.000000
-0.212604 0.111268 2.907685 1.000000
0.074150 0.175643 2.654364 0.000000
-0.138645 0.242091 2.727509 0.000000
0.006657 -0.036762 2.821126 0.000000
-0.219125 -0.178796 2.861743 0.634615
-0.032510 -0.191350 2.659828 0.432692
0.022287 -0.208136 2.899102 0.105769
-0.422389 0.002121 2.792063 0.569231
0.031745 0.166562 2.394927 0.353846
-0.316461 -0.229294 2.659101 0.750000
0.101142 0.127892 2.119215 0.634615
-0.332709 -0.299237 2.679754 0.442308
0.157977 0.083360 2.099998 0.391827
-0.013498 -0.672930 2.739967 1.000000
-0.310004 -0.639936 2.797086 1.000000
-0.086138 -1.075005 2.823321 1.000000
-0.250206 -1.050675 2.837173 1.000000
-0.004399 -1.121471 2.670416 0.000000
-0.427617 -1.075365 2.848841 0.000000
-0.191270 0.478497 2.669902 1.000000
-0.205944 0.119769 2.900671 1.000000
0.069077 0.175158 2.632643 0.538462
-0.141167 0.242891 2.711746 0.125000
0.011113 -0.030011 2.811604 0.000000
-0.220051 -0.190192 2.870217 0.317308
-0.033403 -0.184607 2.668019 0.509615
0.022622 -0.208557 2.906397 0.302885
-0.414555 -0.006377 2.802838 0.600000
0.003770 0.130818 2.382287 0.538462
-0.328699 -0.245956 2.671160 0.817308
0.000909 0.006414 2.124386 0.990385
-0.320794 -0.319921 2.664139 0.341346
-0.002494 -0.067704 2.115582 0.947115
-0.014092 -0.676991 2.723467 1.000000
-0.306435 -0.637331 2.801359 1.000000
-0.084183 -1.073945 2.830252 1.000000
-0.250231 -1.048980 2.837065 1.000000
-0.012948 -1.128359 2.674737 0.000000
-0.427079 -1.071291 2.858212 0.000000
-0.202923 0.483609 2.673713 1.000000
-0.219588 0.123553 2.897980 0.000000
0.035533 0.165125 2.608619 1.000000
-0.172742 0.230614 2.694531 0.115385
-0.000919 -0.024169 2.809418 0.000000
-0.204980 -0.182282 2.863358 0.057692
-0.033396 -0.195278 2.648550 0.586538
0.038829 -0.208606 2.883374 0.100962
-0.426234 -0.013929 2.811966 0.476923
-0.053717 0.081374 2.376933 1.000000
-0.335449 -0.261536 2.699907 0.990385
-0.179184 -0.060048 2.162558 1.000000
-0.332023 -0.334958 2.713325 0.610577
-0.211693 -0.097025 2.106358 0.000000
-0.015993 -0.673744 2.704843 1.000000
-0.301010 -0.645474 2.793769 1.000000
-0.080361 -1.065292 2.833044 1.000000
-0.246188 -1.056431 2.838473 1.000000
-0.003956 -1.127042 2.682813 0.000000
-0.423947 -1.078986 2.849120 0.000000
-0.207355 0.488426 2.674277 1.000000
-0.216083 0.114754 2.905128 1.000000
-0.017313 0.216418 2.587798 1.000000
-0.224374 0.224357 2.697845 0.000000
0.023459 0.030620 2.791016 0.000000
-0.206056 -0.201208 2.866512 0.000000
-0.064029 -0.198632 2.630770 0.798077
0.039617 -0.205654 2.853805 0.576923
-0.379211 -0.052166 2.785672 0.384615
-0.152431 0.155128 2.372590 1.000000
-0.306415 -0.283704 2.634380 0.894231
-0.394659 0.116834 2.227109 1.000000
-0.283366 -0.344881 2.598204 0.341346
-0.457959 0.106503 2.188783 0.000000
-0.016899 -0.687067 2.695214 1.000000
-0.300769 -0.658583 2.785676 1.000000
-0.082385 -1.069906 2.846986 1.000000
-0.235591 -1.068315 2.827635 1.000000
-0.024526 -1.140988 2.692649 0.000000
-0.412143 -1.094438 2.846797 0.000000
-0.191302 0.506195 2.676249 1.000000
-0.212261 0.155683 2.919038 1.000000
-0.019645 0.227030 2.589869 1.000000
-0.223210 0.249618 2.704319 0.000000
0.021440 0.055840 2.805477 0.000000
-0.213570 -0.188490 2.858444 0.461538
-0.076993 -0.181612 2.619590 0.846154
0.031786 -0.186270 2.840229 0.764423
-0.382407 -0.010984 2.809426 0.276923
-0.166547 0.259025 2.376490 1.000000
-0.329504 -0.262756 2.684483 1.000000
-0.430073 0.306079 2.279458 1.000000
-0.278944 -0.304030 2.648113 0.274038
-0.499271 0.318426 2.254124 0.000000
-0.020928 -0.674555 2.694375 1.000000
-0.298523 -0.647178 2.780443 1.000000
-0.083268 -1.056404 2.849919 1.000000
-0.241925 -1.057870 2.825359 1.000000
-0.033957 -1.128359 2.693039 0.000000
-0.418762 -1.079884 2.846904 0.000000
-0.191548 0.530200 2.671926 1.000000
-0.195784 0.112013 2.906874 1.000000
0.011268 0.234725 2.606015 1.000000
-0.194555 0.244774 2.713429 0.000000
0.038926 0.025591 2.784713 0.000000
-0.206588 -0.180071 2.850756 0.461538
-0.064838 -0.183425 2.614858 0.701923
0.039064 -0.185143 2.837878 0.524038
-0.368279 -0.026588 2.766241 0.153846
-0.126045 0.335184 2.410726 1.000000
-0.328585 -0.247043 2.588414 0.769231
-0.354912 0.469777 2.314129 1.000000
-0.281876 -0.282383 2.542024 0.576923
-0.422462 0.491998 2.291198 0.257212
-0.024217 -0.670652 2.685291 1.000000
-0.304443 -0.639126 2.775405 1.000000
-0.083253 -1.051173 2.845316 0.997356
-0.248193 -1.048989 2.827728 1.000000
-0.030828 -1.124571 2.690124 0.000000
-0.425642 -1.071406 2.842889 0.000000
-0.139545 0.518013 2.687004 0.735577
-0.190991 0.076440 2.907118 1.000000
0.024549 0.226604 2.627699 1.000000
-0.183158 0.228484 2.728599 0.000000
0.046373 0.000498 2.783134 0.000000
-0.193644 -0.183803 2.847194 0.000000
-0.049940 -0.190844 2.612562 0.634615
0.050419 -0.212907 2.836119 0.153846
-0.362478 -0.049479 2.753889 0.000000
-0.056301 0.381661 2.436908 1.000000
-0.334367 -0.241628 2.543919 0.000000
-0.184213 0.615229 2.343168 1.000000
-0.292698 -0.270960 2.489276 0.000000
-0.218510 0.680982 2.334064 1.000000
-0.027330 -0.681931 2.690633 1.000000
-0.313268 -0.635886 2.778989 1.000000
-0.086677 -1.064015 2.846771 0.944231
-0.250792 -1.045460 2.826264 1.000000
-0.042602 -1.135660 2.688201 0.000000
-0.426009 -1.068564 2.857654 0.000000
-0.136267 0.487129 2.654905 1.000000
-0.211889 0.074772 2.932597 1.000000
-0.002987 0.210249 2.638916 1.000000
-0.207214 0.220592 2.748851 0.000000
0.018295 -0.011666 2.802120 0.000000
-0.193180 -0.185141 2.840570 0.000000
-0.059408 -0.200099 2.600500 0.759615
0.050138 -0.215484 2.820271 0.052885
-0.393390 -0.054282 2.794231 0.000000
0.008211 0.364835 2.431799 1.000000
-0.388799 -0.248480 2.584316 0.000000
-0.046529 0.612299 2.307723 1.000000
-0.354417 -0.279800 2.525839 0.000000
-0.070862 0.680750 2.290259 1.000000
-0.027673 -0.685912 2.691227 1.000000
-0.315047 -0.641433 2.786783 1.000000
-0.090639 -1.068908 2.843670 0.912981
-0.248172 -1.050858 2.829064 1.000000
-0.046105 -1.139484 2.684748 0.000000
-0.421640 -1.075140 2.868301 0.000000
-0.156088 0.478720 2.670909 1.000000
-0.204848 0.058536 2.927746 1.000000
-0.008333 0.212703 2.630831 1.000000
-0.209815 0.212815 2.751051 0.000000
0.021589 -0.017303 2.784724 0.000000
-0.190458 -0.193020 2.847058 0.000000
-0.069242 -0.209191 2.600486 0.807692
0.051650 -0.222222 2.814383 0.009615
-0.389673 -0.070460 2.793797 0.000000
0.078387 0.318636 2.408971 1.000000
-0.400163 -0.249652 2.571135 0.000000
0.091838 0.545655 2.238226 1.000000
-0.371992 -0.276675 2.507426 0.000000
0.077118 0.616863 2.221039 1.000000
-0.028259 -0.694800 2.698677 1.000000
-0.318217 -0.649550 2.795027 1.000000
-0.088977 -1.079982 2.846451 0.947356
-0.246323 -1.058849 2.829578 1.000000
-0.055364 -1.147734 2.683662 0.000000
-0.418191 -1.085279 2.874110 0.000000
-0.165039 0.474012 2.679904 1.000000
-0.203198 0.051013 2.927565 1.000000
-0.007507 0.209127 2.632186 0.961538
-0.210531 0.203802 2.749661 0.000000
0.027438 -0.018733 2.788197 0.000000
-0.187218 -0.200273 2.849239 0.000000
-0.061978 -0.213482 2.604509 0.817308
0.054244 -0.237422 2.820045 0.076923
-0.382131 -0.089140 2.796863 0.000000
0.127598 0.209757 2.409955 1.000000
-0.399224 -0.264427 2.571517 0.000000
0.213829 0.272530 2.147066 1.000000
-0.375976 -0.290168 2.505339 0.000000
0.259264 0.315547 2.106227 1.000000
-0.027895 -0.704310 2.711749 1.000000
-0.314704 -0.649124 2.813108 1.000000
-0.087122 -1.093433 2.849460 1.000000
-0.237112 -1.058195 2.836107 1.000000
-0.075701 -1.154740 2.681141 0.000000
-0.402636 -1.086015 2.899733 0.000000
-0.162817 0.467609 2.681300 1.000000
-0.200505 0.051318 2.923732 1.000000
-0.005744 0.212072 2.629163 0.798077
-0.210580 0.200589 2.742998 0.000000
0.035334 -0.011462 2.789869 0.000000
-0.181089 -0.203211 2.854711 0.000000
-0.049478 -0.210297 2.613090 0.701923
0.060726 -0.241811 2.830802 0.149038
-0.370921 -0.101046 2.795334 0.000000
0.123485 0.163579 2.413898 1.000000
-0.386596 -0.278059 2.571238 0.000000
0.203609 0.172056 2.146844 1.000000
-0.365392 -0.303787 2.504371 0.000000
0.261654 0.142555 2.110195 0.963942
-0.026259 -0.706368 2.710205 1.000000
-0.310511 -0.644772 2.815866 1.000000
-0.088862 -1.095338 2.846849 1.000000
-0.237027 -1.054713 2.836771 1.000000
-0.079247 -1.156122 2.678228 0.000000
-0.401720 -1.080847 2.903206 0.000000
-0.160840 0.466313 2.674315 1.000000
-0.205455 0.052919 2.922591 1.000000
0.003469 0.208617 2.635097 1.000000
-0.206205 0.200320 2.740053 0.000000
0.035315 -0.013552 2.799741 0.000000
-0.179404 -0.204837 2.853205 0.000000
-0.037842 -0.216559 2.617461 0.692308
0.062573 -0.247357 2.839957 0.081731
-0.371395 -0.101957 2.791366 0.000000
0.112456 0.138941 2.414299 0.984615
-0.388567 -0.278946 2.567360 0.000000
0.190067 0.157808 2.146825 0.740385
-0.368883 -0.305496 2.500351 0.000000
0.230025 0.112097 2.103277 1.000000
-0.019988 -0.708999 2.716055 1.000000
-0.310135 -0.645931 2.817405 1.000000
-0.092100 -1.096853 2.851179 1.000000
-0.239349 -1.056562 2.833545 1.000000
-0.065934 -1.159595 2.685050 0.000000
-0.404685 -1.082513 2.898436 0.000000
-0.158750 0.462175 2.663165 1.000000
-0.188192 0.057955 2.916916 1.000000
0.007980 0.216868 2.622286 1.000000
-0.197105 0.206846 2.735809 0.000000
0.047499 -0.006513 2.783594 0.000000
-0.176730 -0.197571 2.859768 0.000000
-0.044767 -0.207450 2.618437 0.711538
0.064260 -0.241313 2.836388 0.072115
-0.357987 -0.100562 2.795326 0.000000
0.119105 0.139327 2.404921 0.876923
-0.397263 -0.273272 2.570766 0.000000
0.189494 0.168770 2.136131 0.557692
-0.386309 -0.299271 2.501580 0.000000
0.191012 0.221223 2.082942 1.000000
-0.019595 -0.701166 2.721267 1.000000
-0.308435 -0.644084 2.813185 1.000000
-0.088112 -1.092838 2.846914 1.000000
-0.241803 -1.054876 2.839620 1.000000
-0.079884 -1.148915 2.676597 0.000000
-0.409393 -1.078204 2.899534 0.000000
-0.147723 0.471692 2.665145 1.000000
-0.187747 0.063630 2.914124 1.000000
0.014430 0.215628 2.619905 0.855769
-0.191570 0.211663 2.732136 0.000000
0.047010 -0.007786 2.782710 0.000000
-0.168909 -0.192282 2.854986 0.000000
-0.036701 -0.209952 2.614234 0.692308
0.070580 -0.244220 2.832987 0.110577
-0.360222 -0.093653 2.794722 0.000000
0.132890 0.143925 2.404249 0.815385
-0.410978 -0.265185 2.571565 0.000000
0.180007 0.240733 2.146248 1.000000
-0.404080 -0.291955 2.502150 0.000000
0.181645 0.284029 2.085376 0.846154
-0.020714 -0.698192 2.711621 1.000000
-0.307782 -0.641643 2.810312 1.000000
-0.086966 -1.086721 2.847801 1.000000
-0.242711 -1.052684 2.836783 1.000000
-0.061811 -1.149313 2.681458 0.000000
-0.411015 -1.075589 2.894830 0.000000
-0.140445 0.475247 2.661640 1.000000
-0.190345 0.066161 2.915883 1.000000
0.015247 0.221040 2.625560 0.942308
-0.192836 0.214011 2.733724 0.000000
0.048008 -0.001757 2.789172 0.000000
-0.175316 -0.192491 2.850419 0.000000
-0.036799 -0.201715 2.612763 0.673077
0.065787 -0.238481 2.833356 0.115385
-0.357272 -0.096296 2.795526 0.000000
0.151319 0.140703 2.423625 0.984615
-0.408976 -0.267849 2.572603 0.000000
0.169431 0.271895 2.177260 1.000000
-0.403937 -0.294809 2.503102 0.000000
0.194435 0.295283 2.110850 1.000000
-0.020641 -0.695717 2.706048 1.000000
-0.304014 -0.638741 2.803732 1.000000
-0.085170 -1.081121 2.851613 0.947356
-0.243400 -1.049913 2.837687 1.000000
-0.062325 -1.147363 2.686355 0.000000
-0.411928 -1.069929 2.896151 0.000000
-0.143434 0.477197 2.660818 1.000000
-0.190180 0.051107 2.922120 1.000000
0.019420 0.220795 2.643161 1.000000
-0.189670 0.209457 2.748993 0.000000
0.048639 -0.011574 2.793600 0.000000
-0.171640 -0.195233 2.845986 0.000000
-0.033563 -0.203389 2.608035 0.634615
0.069391 -0.241339 2.828255 0.197115
-0.356305 -0.106092 2.793926 0.000000
0.165318 0.104944 2.470422 1.000000
-0.418726 -0.263056 2.563135 0.000000
0.202163 0.211112 2.217092 0.971154
-0.418430 -0.286428 2.492168 0.000000
0.244952 0.202389 2.156465 1.000000
-0.018538 -0.699756 2.707025 1.000000
-0.306498 -0.636991 2.797904 1.000000
-0.086075 -1.084859 2.852021 0.919231
-0.246107 -1.048140 2.832515 1.000000
-0.072523 -1.150004 2.685309 0.000000
-0.414674 -1.067983 2.890924 0.000000
-0.140583 0.472149 2.679775 1.000000
-0.195675 0.036115 2.932635 1.000000
0.022860 0.200914 2.657629 1.000000
-0.185905 0.199667 2.764697 0.000000
0.037822 -0.037644 2.800272 0.000000
-0.175983 -0.209349 2.843163 0.000000
-0.040033 -0.216178 2.603949 0.682692
0.064522 -0.257120 2.822875 0.129808
-0.371614 -0.108261 2.802468 0.000000
0.183822 0.075846 2.508764 1.000000
-0.452227 -0.252853 2.569244 0.000000
0.238739 0.096362 2.239736 0.548077
-0.457056 -0.274125 2.497782 0.000000
0.270283 0.067062 2.178669 0.711538
-0.016264 -0.712846 2.714090 1.000000
-0.307140 -0.651093 2.801363 1.000000
-0.092065 -1.094064 2.865139 0.916106
-0.242854 -1.062097 2.830210 1.000000
-0.079445 -1.162185 2.699548 0.000000
-0.408135 -1.083265 2.896950 0.000000
-0.140315 0.457863 2.693164 1.000000
-0.201801 0.049425 2.946742 1.000000
0.029025 0.199773 2.673504 1.000000
-0.181976 0.208802 2.775705 0.000000
0.031580 -0.036029 2.821395 0.000000
-0.184809 -0.204290 2.840973 0.028846
-0.041682 -0.212816 2.606038 0.740385
0.057131 -0.247315 2.828709 0.072115
-0.379507 -0.093351 2.817212 0.000000
0.185578 0.031267 2.568316 1.000000
-0.466805 -0.239433 2.587348 0.000000
0.258634 -0.042588 2.312728 0.846154
-0.473882 -0.262287 2.516565 0.000000
0.274898 -0.109156 2.282950 0.694712
-0.016338 -0.706736 2.714225 1.000000
-0.304430 -0.650770 2.802539 1.000000
-0.092693 -1.087618 2.865842 0.887981
-0.243373 -1.062367 2.829897 1.000000
-0.064391 -1.158043 2.703178 0.000000
-0.409906 -1.082832 2.893679 0.000000
-0.143762 0.460565 2.692452 1.000000
-0.208360 0.062067 2.954116 1.000000
0.029301 0.199348 2.679862 1.000000
-0.181970 0.217423 2.780288 0.000000
0.022848 -0.033568 2.832142 0.000000
-0.185120 -0.188557 2.836880 0.086538
-0.040816 -0.207083 2.603244 0.759615
0.056660 -0.233208 2.827637 0.048077
-0.388859 -0.080498 2.828268 0.000000
0.153347 -0.020269 2.649021 1.000000
-0.488339 -0.227498 2.604006 0.000000
0.226060 -0.248666 2.509804 1.000000
-0.499935 -0.251801 2.534310 0.000000
0.238568 -0.321664 2.519680 0.661058
-0.014419 -0.694886 2.729738 1.000000
-0.301383 -0.645118 2.801097 1.000000
-0.090713 -1.086959 2.849516 0.872356
-0.251356 -1.058203 2.828434 1.000000
-0.078314 -1.141481 2.678947 0.000000
-0.421070 -1.075051 2.884413 0.000000
-0.143244 0.462124 2.683809 1.000000
-0.203522 0.061265 2.957840 0.865385
0.052797 0.207833 2.706121 1.000000
-0.162603 0.227196 2.797091 0.000000
0.030104 -0.034694 2.840829 0.000000
-0.186384 -0.181442 2.835155 0.173077
-0.033050 -0.195591 2.607030 0.759615
0.055435 -0.226828 2.834475 0.048077
-0.381661 -0.067250 2.814687 0.000000
0.127133 -0.033139 2.672208 1.000000
-0.480168 -0.194255 2.578119 0.000000
0.182449 -0.302561 2.634902 1.000000
-0.491656 -0.213449 2.506829 0.000000
0.168252 -0.375367 2.643867 0.745192
-0.013819 -0.687140 2.731093 1.000000
-0.299916 -0.635670 2.793095 1.000000
-0.087172 -1.083859 2.836556 1.000000
-0.252480 -1.048780 2.824381 1.000000
-0.088007 -1.129831 2.663045 0.000000
-0.423393 -1.064424 2.876957 0.000000
-0.141493 0.455846 2.679639 1.000000
-0.216541 0.062110 2.949321 1.000000
0.062573 0.216224 2.728214 1.000000
-0.160002 0.234214 2.800219 0.000000
0.025942 -0.031511 2.849731 0.000000
-0.186016 -0.182139 2.836657 0.230769
-0.014225 -0.191613 2.621831 0.596154
0.054756 -0.229359 2.854968 0.000000
-0.381493 -0.060433 2.786482 0.000000
0.110832 -0.030820 2.688967 1.000000
-0.464620 -0.176485 2.538651 0.000000
0.112112 -0.307107 2.718797 1.000000
-0.472308 -0.192872 2.466159 0.000000
0.105328 -0.381449 2.721949 1.000000
-0.007534 -0.685994 2.733203 1.000000
-0.297666 -0.630235 2.787978 1.000000
-0.088141 -1.081000 2.839792 0.884856
-0.255619 -1.043249 2.827225 1.000000
-0.067774 -1.131324 2.668699 0.000000
-0.428623 -1.056492 2.873210 0.000000
-0.142229 0.456784 2.678523 1.000000
-0.273858 0.150828 2.924587 0.000000
0.056991 0.237295 2.741266 1.000000
-0.172512 0.282672 2.759076 1.000000
-0.026965 0.024644 2.900050 0.000000
-0.220932 -0.151624 2.817281 0.000000
0.001487 -0.179623 2.657599 0.471154
0.003468 -0.206117 2.902202 0.000000
-0.369791 -0.009613 2.741679 0.753846
0.091111 -0.015574 2.740841 1.000000
-0.299549 -0.269772 2.648009 1.000000
0.096804 -0.291796 2.774624 1.000000
-0.309189 -0.343804 2.645014 0.543269
0.087619 -0.354923 2.735723 0.442308
-0.016012 -0.654255 2.739048 1.000000
-0.298257 -0.625560 2.768197 1.000000
-0.074203 -1.059043 2.820591 0.978606
-0.253277 -1.036135 2.825591 1.000000
0.034455 -1.102107 2.684358 0.000000
-0.431559 -1.056378 2.820504 0.000000
-0.144542 0.489302 2.617625 1.000000
-0.277374 0.168162 2.911675 0.057692
0.064697 0.213326 2.734216 1.000000
-0.162113 0.273326 2.736452 0.889423
-0.037897 0.026283 2.913019 0.000000
-0.234791 -0.160952 2.809365 0.000000
0.001283 -0.184186 2.669789 0.298077
-0.018382 -0.215260 2.913066 0.000000
-0.370720 -0.002310 2.737247 0.892308
0.095632 -0.038118 2.766579 1.000000
-0.314707 -0.270662 2.659775 1.000000
0.084167 -0.315495 2.743178 1.000000
-0.298251 -0.339233 2.635080 0.105769
0.083214 -0.387549 2.762924 0.526442
-0.011798 -0.657465 2.742524 1.000000
-0.297942 -0.635630 2.761147 1.000000
-0.074823 -1.062752 2.817756 0.897356
-0.253227 -1.044529 2.829639 1.000000
0.053080 -1.104686 2.699002 0.000000
-0.430830 -1.066331 2.815424 0.000000
-0.160824 0.489449 2.609408 1.000000
-0.277566 0.180630 2.907576 0.000000
0.073215 0.194241 2.742315 1.000000
-0.148237 0.271307 2.734084 0.942308
-0.049922 0.021111 2.922159 0.000000
-0.242903 -0.172494 2.801341 0.000000
0.001900 -0.191531 2.676997 0.336538
-0.032206 -0.220655 2.918917 0.000000
-0.373835 0.008517 2.736907 0.923077
0.099271 -0.056192 2.786385 1.000000
-0.325372 -0.260779 2.659008 1.000000
0.085720 -0.328944 2.730079 1.000000
-0.313057 -0.333181 2.645264 0.206731
0.076927 -0.392838 2.767800 0.526442
-0.008452 -0.665887 2.753014 1.000000
-0.298380 -0.644977 2.754671 1.000000
-0.080079 -1.072350 2.812567 0.903606
-0.250851 -1.052601 2.828653 1.000000
0.056428 -1.112441 2.703121 0.000000
-0.427352 -1.077104 2.807036 0.000000
-0.158540 0.487529 2.612662 1.000000
