-0.379398 0.319711 2.784772 1.000000
-0.015714 0.328308 2.755025 1.000000
-0.207865 0.373457 2.658163 0.000000
-0.186435 0.186594 2.866153 0.000000
-0.408137 -0.034027 2.777930 0.134615
0.001980 -0.036446 2.721415 0.336538
-0.183774 -0.048094 2.890315 0.000000
-0.457013 0.046023 2.786504 1.000000
0.054095 0.054264 2.785980 1.000000
-0.431961 -0.239928 2.710234 1.000000
0.043063 -0.242138 2.801374 1.000000
-0.426119 -0.308579 2.721278 0.408654
0.023270 -0.306663 2.783657 0.543269
-0.299810 -0.567909 2.791920 1.000000
-0.073845 -0.564833 2.782572 1.000000
-0.293484 -0.982796 2.908498 1.000000
-0.071582 -0.983957 2.883029 1.000000
-0.316620 -1.026393 2.754593 0.000000
-0.088609 -1.021506 2.726752 0.000000
-0.194750 0.608165 2.692996 0.725962
-0.378521 0.321731 2.775701 1.000000
-0.014008 0.330315 2.758924 1.000000
-0.202572 0.372059 2.653836 0.000000
-0.188465 0.191594 2.868008 0.000000
-0.408885 -0.036053 2.758074 0.115385
0.004755 -0.035833 2.740824 0.384615
-0.196141 -0.048235 2.891336 0.000000
-0.450912 0.047081 2.779366 1.000000
0.049220 0.055796 2.795363 1.000000
-0.434337 -0.242092 2.715727 1.000000
0.039532 -0.240540 2.801429 1.000000
-0.412693 -0.308404 2.717525 0.509615
0.020513 -0.302817 2.776351 0.408654
-0.298893 -0.567896 2.795957 1.000000
-0.071145 -0.566354 2.779147 1.000000
-0.295980 -0.985086 2.904148 1.000000
-0.071050 -0.983583 2.887228 1.000000
-0.304034 -1.025661 2.747906 0.000000
-0.071253 -1.024113 2.730767 0.000000
-0.194733 0.604474 2.693750 0.663462
-0.377298 0.324539 2.768794 1.000000
-0.012344 0.328569 2.764613 1.000000
-0.196620 0.370905 2.652397 0.000000
-0.192174 0.193613 2.869617 0.000000
-0.404940 -0.039424 2.752872 0.259615
0.008962 -0.031545 2.748527 0.355769
-0.196281 -0.046876 2.892776 0.000000
-0.452961 0.050067 2.763225 1.000000
0.048841 0.051429 2.787860 1.000000
-0.429524 -0.243167 2.720205 1.000000
0.041420 -0.245717 2.781898 1.000000
-0.416820 -0.307614 2.743749 0.492788
0.022332 -0.300413 2.743000 0.442308
-0.297720 -0.568565 2.797252 1.000000
-0.064298 -0.565232 2.772988 1.000000
-0.296187 -0.984922 2.908632 1.000000
-0.073644 -0.981109 2.885769 1.000000
-0.299514 -1.026692 2.752533 0.000000
-0.066469 -1.023521 2.729973 0.000000
-0.193914 0.615335 2.700794 0.533654
-0.378008 0.324546 2.774433 1.000000
-0.013042 0.324894 2.769477 1.000000
-0.197098 0.373611 2.659513 0.000000
-0.194070 0.187760 2.869481 0.000000
-0.400307 -0.041359 2.765279 0.326923
0.012324 -0.034332 2.732374 0.509615
-0.182520 -0.047792 2.890558 0.000000
-0.451845 0.049388 2.759110 1.000000
0.061141 0.049403 2.769904 1.000000
-0.424056 -0.243846 2.714799 1.000000
0.044065 -0.247202 2.748560 1.000000
-0.407666 -0.311476 2.709649 0.526442
0.031611 -0.308860 2.718354 0.610577
-0.300255 -0.570835 2.799431 1.000000
-0.064615 -0.567594 2.774050 1.000000
-0.294724 -0.986825 2.912046 1.000000
-0.072894 -0.983182 2.887974 1.000000
-0.309971 -1.029060 2.756784 0.000000
-0.077581 -1.025807 2.732141 0.000000
-0.196990 0.608087 2.695898 0.653846
-0.377416 0.326853 2.777959 1.000000
-0.012737 0.328751 2.762791 1.000000
-0.200028 0.374759 2.657208 0.000000
-0.190224 0.192534 2.870127 0.000000
-0.395922 -0.035736 2.759928 0.173077
0.017565 -0.030382 2.740029 0.461538
-0.182231 -0.041336 2.892111 0.000000
-0.444614 0.049505 2.765026 1.000000
0.060592 0.052662 2.761163 1.000000
-0.420647 -0.242791 2.710853 1.000000
0.043962 -0.242646 2.722914 1.000000
-0.402274 -0.307594 2.692627 0.543269
0.026591 -0.307902 2.705337 0.492788
-0.298925 -0.565815 2.797354 1.000000
-0.065676 -0.564276 2.773437 1.000000
-0.292060 -0.983333 2.904090 1.000000
-0.074319 -0.978924 2.890710 1.000000
-0.302845 -1.023442 2.747893 0.000000
-0.074514 -1.022907 2.735185 0.000000
-0.196281 0.615159 2.706577 0.389423
-0.375413 0.319786 2.787813 1.000000
-0.012010 0.329770 2.755203 1.000000
-0.205120 0.371167 2.658575 0.000000
-0.181055 0.190045 2.871300 0.000000
-0.395205 -0.035438 2.770286 0.192308
0.017031 -0.032432 2.732226 0.442308
-0.175943 -0.042919 2.892907 0.000000
-0.447365 0.042658 2.775258 1.000000
0.060266 0.052472 2.751136 1.000000
-0.409876 -0.244649 2.700607 1.000000
0.040418 -0.244437 2.719920 1.000000
-0.402517 -0.309261 2.675302 0.391827
0.021710 -0.306545 2.694196 0.492788
-0.300242 -0.566519 2.798380 1.000000
-0.068787 -0.565728 2.771347 1.000000
-0.290364 -0.984909 2.901402 1.000000
-0.071890 -0.978362 2.895783 1.000000
-0.308428 -1.023712 2.745548 0.000000
-0.079247 -1.024928 2.741186 0.000000
-0.198856 0.596617 2.723186 0.485577
-0.373168 0.318366 2.788326 1.000000
-0.009485 0.330148 2.759673 1.000000
-0.201734 0.372329 2.661674 0.000000
-0.179206 0.188058 2.871849 0.000000
-0.396529 -0.034836 2.768385 0.211538
0.016211 -0.033890 2.736114 0.442308
-0.179050 -0.043399 2.894071 0.000000
-0.449201 0.042145 2.775200 1.000000
0.063155 0.053362 2.740582 1.000000
-0.410220 -0.245362 2.701232 1.000000
0.039118 -0.244012 2.715235 1.000000
-0.393882 -0.311946 2.688238 0.459135
0.025348 -0.311658 2.705064 0.745192
-0.301451 -0.566741 2.796498 1.000000
-0.072241 -0.566959 2.770618 1.000000
-0.290691 -0.984399 2.902365 1.000000
-0.071834 -0.979140 2.896586 1.000000
-0.306852 -1.024303 2.746580 0.000000
-0.077520 -1.026354 2.742115 0.000000
-0.208443 0.603990 2.708513 0.427885
-0.373782 0.317701 2.792310 1.000000
-0.011439 0.327101 2.749360 1.000000
-0.207179 0.367823 2.657872 0.000000
-0.177218 0.188524 2.871392 0.000000
-0.390533 -0.035706 2.791558 0.182692
0.016426 -0.038115 2.715566 0.480769
-0.160991 -0.045824 2.893417 0.000000
-0.440554 0.040107 2.778800 1.000000
0.069046 0.053263 2.734028 1.000000
-0.402743 -0.245969 2.702764 1.000000
0.038363 -0.239784 2.686782 1.000000
-0.393128 -0.314152 2.714062 0.576923
0.023164 -0.307616 2.680703 0.711538
-0.301302 -0.569365 2.796478 1.000000
-0.071075 -0.569426 2.772070 1.000000
-0.292769 -0.986381 2.905040 1.000000
-0.070542 -0.982792 2.894094 1.000000
-0.325886 -1.026870 2.752113 0.000000
-0.093387 -1.028118 2.740645 0.000000
-0.199337 0.610608 2.711651 0.533654
-0.374741 0.317719 2.806088 1.000000
-0.014461 0.327629 2.748424 1.000000
-0.213831 0.367747 2.664852 0.000000
-0.174886 0.189113 2.877477 0.000000
-0.388937 -0.038802 2.785491 0.240385
0.020233 -0.037211 2.722454 0.548077
-0.162665 -0.048264 2.894482 0.000000
-0.444125 0.039694 2.795328 1.000000
0.058427 0.053669 2.705287 1.000000
-0.404093 -0.245314 2.712905 1.000000
0.004844 -0.207057 2.568261 1.000000
-0.400333 -0.312819 2.695645 0.324519
-0.020993 -0.256636 2.526506 0.879808
-0.296099 -0.571152 2.795451 1.000000
-0.062411 -0.568981 2.776824 1.000000
-0.294856 -0.988497 2.903072 1.000000
-0.070725 -0.984517 2.890937 1.000000
-0.322166 -1.028351 2.748837 0.000000
-0.088045 -1.026748 2.735891 0.000000
-0.215425 0.610277 2.708192 0.399038
-0.378049 0.314859 2.812048 1.000000
-0.018212 0.328472 2.752411 1.000000
-0.218258 0.372162 2.672315 0.000000
-0.177421 0.183388 2.875621 0.000000
-0.383611 -0.033734 2.795632 0.115385
0.022082 -0.039335 2.713303 0.432692
-0.152583 -0.045221 2.893926 0.000000
-0.438996 0.035057 2.796854 1.000000
0.046968 0.068345 2.650823 1.000000
-0.399047 -0.249794 2.713803 1.000000
-0.038562 -0.145837 2.459920 1.000000
-0.394855 -0.319302 2.718285 0.375000
-0.069391 -0.169495 2.401964 0.778846
-0.294484 -0.568465 2.798569 1.000000
-0.065548 -0.569153 2.777256 1.000000
-0.296593 -0.987364 2.899961 1.000000
-0.073382 -0.984307 2.892784 1.000000
-0.331084 -1.024346 2.746451 0.000000
-0.099059 -1.026637 2.738928 0.000000
-0.197676 0.608559 2.710150 0.485577
-0.374832 0.314489 2.819611 1.000000
-0.015537 0.330668 2.757401 1.000000
-0.216388 0.374896 2.679651 0.000000
-0.173168 0.182785 2.879305 0.000000
-0.382570 -0.033016 2.795938 0.105769
0.024078 -0.038053 2.718431 0.375000
-0.152741 -0.045459 2.896889 0.000000
-0.437623 0.035276 2.799665 1.000000
0.024690 0.093945 2.600414 1.000000
-0.398703 -0.251025 2.720783 1.000000
-0.079197 -0.072984 2.374478 1.000000
-0.403526 -0.319942 2.710977 0.290865
-0.106920 -0.096376 2.314868 0.913462
-0.292336 -0.567910 2.794757 1.000000
-0.062606 -0.567997 2.778905 1.000000
-0.293936 -0.985652 2.900825 1.000000
-0.073317 -0.984921 2.887626 1.000000
-0.326629 -1.024488 2.747379 0.000000
-0.097259 -1.024678 2.732808 0.000000
-0.208255 0.606243 2.719000 0.548077
-0.374570 0.307059 2.837985 1.000000
-0.019396 0.340225 2.760677 0.807692
-0.225203 0.376616 2.692404 0.000000
-0.164893 0.183601 2.886683 0.000000
-0.381606 -0.031781 2.801810 0.134615
0.022611 -0.034897 2.712392 1.000000
-0.148922 -0.045918 2.895756 0.000000
-0.435631 0.031370 2.795907 1.000000
0.010741 0.167030 2.535736 1.000000
-0.394290 -0.253577 2.718891 1.000000
-0.169219 0.068719 2.319438 1.000000
-0.382004 -0.321997 2.712816 0.762019
-0.212168 0.036311 2.275006 0.947115
-0.287662 -0.566308 2.794260 1.000000
-0.057013 -0.564206 2.778792 1.000000
-0.295869 -0.984892 2.896637 1.000000
-0.069520 -0.981898 2.884331 1.000000
-0.331855 -1.021661 2.743419 0.000000
-0.097555 -1.020102 2.729808 0.000000
-0.214116 0.610874 2.735636 0.596154
-0.379756 0.311014 2.860381 0.000000
-0.032836 0.353810 2.755311 0.528846
-0.244245 0.386733 2.704670 0.000000
-0.164216 0.191522 2.889399 0.000000
-0.377336 -0.023744 2.818418 0.000000
0.018172 -0.025855 2.696086 1.000000
-0.137643 -0.035875 2.893034 0.000000
-0.422372 0.035471 2.790541 1.000000
0.002497 0.216775 2.505129 1.000000
-0.387775 -0.254678 2.722222 1.000000
-0.235799 0.202428 2.323305 1.000000
-0.380024 -0.322704 2.708749 0.677885
-0.302134 0.191395 2.304677 0.846154
-0.284907 -0.558684 2.791088 1.000000
-0.058272 -0.554539 2.781369 1.000000
-0.296830 -0.976831 2.894875 1.000000
-0.066461 -0.973507 2.882167 1.000000
-0.344282 -1.012774 2.744612 0.000000
-0.108726 -1.009216 2.730308 0.000000
-0.206541 0.607522 2.728224 0.586538
-0.365697 0.338566 2.800820 0.000000
-0.004855 0.350269 2.747148 0.000000
-0.203547 0.386865 2.660404 0.000000
-0.165650 0.213245 2.877328 0.000000
-0.379105 -0.023608 2.778787 0.240385
0.031671 -0.015535 2.727861 1.000000
-0.156057 -0.027190 2.894563 0.000000
-0.422573 0.057954 2.805064 1.000000
-0.015874 0.294692 2.466460 1.000000
-0.402929 -0.230564 2.729276 1.000000
-0.287854 0.364294 2.363722 1.000000
-0.394231 -0.298224 2.714595 0.829327
-0.354927 0.346004 2.357743 0.812500
-0.288965 -0.553824 2.792685 1.000000
-0.063030 -0.551087 2.772839 1.000000
-0.291088 -0.971830 2.897697 1.000000
-0.067849 -0.967931 2.882288 1.000000
-0.314192 -1.010696 2.742525 0.000000
-0.082584 -1.008646 2.726571 0.000000
-0.210736 0.626568 2.735000 0.298077
-0.349260 0.339936 2.799449 1.000000
0.015131 0.334244 2.779159 0.000000
-0.172060 0.397424 2.682670 0.000000
-0.164744 0.190730 2.872039 0.000000
-0.384295 -0.020970 2.765369 0.317308
0.028978 -0.022124 2.740871 0.769231
-0.169267 -0.030731 2.895119 0.000000
-0.432616 0.066968 2.800207 1.000000
-0.000118 0.360841 2.495399 1.000000
-0.413026 -0.221875 2.729676 1.000000
-0.219195 0.549443 2.423126 1.000000
-0.402815 -0.289497 2.715816 0.492788
-0.288438 0.557765 2.425407 0.593750
-0.288131 -0.553692 2.794699 1.000000
-0.060894 -0.554627 2.772939 1.000000
-0.291538 -0.971038 2.902272 1.000000
-0.070143 -0.970598 2.885386 1.000000
-0.303742 -1.011170 2.746185 0.000000
-0.073237 -1.012703 2.729373 0.000000
-0.200723 0.605683 2.747481 0.000000
-0.341587 0.347911 2.795315 1.000000
0.020313 0.321515 2.778072 0.211538
-0.160808 0.391475 2.677997 0.000000
-0.166053 0.191310 2.874321 0.000000
-0.383635 -0.017834 2.771597 0.230769
0.028596 -0.027089 2.734509 0.932692
-0.164968 -0.031271 2.894768 0.000000
-0.429849 0.077516 2.800930 1.000000
0.024585 0.361124 2.496384 1.000000
-0.415362 -0.211183 2.732673 1.000000
-0.138112 0.603697 2.442492 1.000000
-0.408027 -0.277306 2.711623 0.627404
-0.188625 0.644893 2.467399 0.947115
-0.289606 -0.553300 2.794482 1.000000
-0.064337 -0.557241 2.770907 1.000000
-0.294301 -0.969278 2.907181 1.000000
-0.072048 -0.973424 2.882680 1.000000
-0.311556 -1.011120 2.752022 0.000000
-0.080456 -1.015144 2.726758 0.000000
-0.199593 0.596450 2.707056 0.649038
-0.350441 0.339480 2.804864 1.000000
0.013099 0.321180 2.777861 0.250000
-0.173422 0.392097 2.685541 0.000000
-0.170073 0.182982 2.872346 0.000000
-0.388027 -0.022268 2.768519 0.230769
0.024295 -0.029953 2.732083 0.875000
-0.169467 -0.033257 2.892123 0.000000
-0.433707 0.067786 2.796654 1.000000
0.053201 0.318787 2.496428 1.000000
-0.420235 -0.220318 2.726626 1.000000
-0.040806 0.594681 2.440445 1.000000
-0.406930 -0.288173 2.717260 0.526442
-0.068710 0.652386 2.468023 0.997596
-0.292921 -0.557098 2.795548 1.000000
-0.065475 -0.560282 2.771377 1.000000
-0.295705 -0.973120 2.908151 1.000000
-0.071996 -0.974709 2.889568 1.000000
-0.312675 -1.015007 2.752973 0.000000
-0.079429 -1.018880 2.734274 0.000000
-0.180837 0.610763 2.688224 0.899038
-0.358516 0.326025 2.795076 1.000000
0.005728 0.330599 2.772056 0.951923
-0.184008 0.382611 2.673886 0.000000
-0.168899 0.186780 2.874032 0.000000
-0.389731 -0.029235 2.764967 0.105769
0.023724 -0.031707 2.743872 1.000000
-0.175817 -0.040440 2.896431 0.000000
-0.431615 0.050537 2.800977 1.000000
0.063848 0.186939 2.532774 1.000000
-0.416577 -0.238530 2.731709 1.000000
0.084536 0.457225 2.409887 1.000000
-0.404281 -0.303784 2.710266 0.576923
0.100631 0.524696 2.417475 0.862981
-0.299929 -0.561549 2.798001 1.000000
-0.070205 -0.564296 2.770874 1.000000
-0.294008 -0.980314 2.899791 1.000000
-0.072108 -0.978357 2.890501 1.000000
-0.306057 -1.018544 2.743215 0.000000
-0.074596 -1.023203 2.735242 0.000000
-0.197384 0.616883 2.702215 0.634615
-0.361897 0.321084 2.790055 1.000000
0.002663 0.327046 2.773153 1.000000
-0.185615 0.374766 2.670116 0.000000
-0.172943 0.185560 2.876700 0.000000
-0.386920 -0.034653 2.766030 0.201923
0.026116 -0.032266 2.737897 0.798077
-0.170682 -0.043590 2.893813 0.000000
-0.429397 0.043956 2.801164 1.000000
0.036482 0.125888 2.573473 1.000000
-0.412573 -0.243156 2.723097 1.000000
0.108608 0.331370 2.370039 1.000000
-0.404894 -0.312163 2.716160 0.492788
0.142838 0.383171 2.338194 0.745192
-0.298206 -0.564918 2.800509 1.000000
-0.070765 -0.566281 2.771313 1.000000
-0.290998 -0.983020 2.904911 1.000000
-0.071508 -0.980590 2.890096 1.000000
-0.305828 -1.022252 2.748823 0.000000
-0.077552 -1.025092 2.734836 0.000000
-0.213392 0.615014 2.700210 0.514423
-0.359859 0.319802 2.788801 1.000000
0.004880 0.326805 2.776884 0.000000
-0.182119 0.377001 2.672701 0.000000
-0.171796 0.182279 2.874228 0.000000
-0.384814 -0.037754 2.766135 0.182692
0.028407 -0.033910 2.741050 1.000000
-0.169492 -0.046461 2.895471 0.000000
-0.429868 0.043606 2.796388 1.000000
0.031887 0.110190 2.593605 0.538462
-0.409290 -0.244023 2.722918 1.000000
0.027875 0.211010 2.313656 0.961538
-0.405046 -0.313238 2.730688 0.459135
0.044555 0.269646 2.279705 0.627404
-0.295440 -0.568213 2.795285 1.000000
-0.062140 -0.567966 2.772506 1.000000
-0.294098 -0.984757 2.905967 1.000000
-0.072119 -0.982484 2.890134 1.000000
-0.307820 -1.026154 2.750337 0.000000
-0.075178 -1.026531 2.734657 0.000000
-0.204765 0.612617 2.706535 0.538462
-0.358609 0.319625 2.781927 1.000000
0.006230 0.330166 2.784370 1.000000
-0.176899 0.375357 2.671394 0.000000
-0.172835 0.186622 2.878755 0.000000
-0.380608 -0.033121 2.742867 0.298077
0.033113 -0.038622 2.757024 0.855769
-0.178732 -0.044882 2.892116 0.000000
-0.425625 0.044424 2.785768 1.000000
0.028494 0.127231 2.587996 1.000000
-0.406800 -0.240709 2.709575 1.000000
-0.133514 0.210935 2.355170 1.000000
-0.391178 -0.308444 2.715662 0.543269
-0.170035 0.256979 2.317551 0.913462
-0.291568 -0.565266 2.796118 1.000000
-0.061954 -0.570182 2.777261 1.000000
-0.290740 -0.983991 2.898245 1.000000
-0.073182 -0.985910 2.890420 1.000000
-0.288803 -1.022282 2.741233 0.000000
-0.062643 -1.028534 2.734873 0.000000
-0.211818 0.613543 2.713612 0.596154
-0.373083 0.313366 2.796801 0.000000
-0.009856 0.339223 2.771856 1.000000
-0.202629 0.375061 2.672376 0.000000
-0.175107 0.189679 2.880973 0.000000
-0.381682 -0.030848 2.763503 0.201923
0.031314 -0.035266 2.735035 1.000000
-0.165500 -0.042226 2.891186 0.000000
-0.430149 0.035136 2.776914 1.000000
0.018968 0.142429 2.568128 1.000000
-0.404437 -0.251199 2.701360 1.000000
-0.191099 0.255915 2.391070 1.000000
-0.396407 -0.317473 2.721664 0.290865
-0.241150 0.298155 2.366991 1.000000
-0.291051 -0.564386 2.790102 1.000000
-0.059857 -0.565645 2.781897 1.000000
-0.291752 -0.980667 2.901776 1.000000
-0.069100 -0.984164 2.884448 1.000000
-0.306548 -1.022345 2.746320 0.000000
-0.075560 -1.022465 2.727560 0.000000
-0.200839 0.618718 2.716704 0.509615
-0.371387 0.312576 2.806194 1.000000
-0.009253 0.338728 2.768776 0.942308
-0.205426 0.376943 2.677135 0.000000
-0.170701 0.186877 2.880372 0.000000
-0.383388 -0.031503 2.768506 0.173077
0.028479 -0.032091 2.726534 1.000000
-0.163051 -0.041478 2.889002 0.000000
-0.436789 0.036572 2.778865 1.000000
0.018885 0.154553 2.553159 1.000000
-0.398203 -0.245666 2.693068 1.000000
-0.205146 0.281277 2.403964 1.000000
-0.385386 -0.313665 2.702062 0.627404
-0.254784 0.330189 2.400384 0.947115
-0.290065 -0.563959 2.791480 1.000000
-0.063098 -0.563452 2.779538 1.000000
-0.294496 -0.981150 2.899616 1.000000
-0.067648 -0.981275 2.885200 1.000000
-0.313483 -1.021233 2.744195 0.000000
-0.079605 -1.020669 2.728906 0.000000
-0.186346 0.613407 2.720260 0.649038
-0.371255 0.312170 2.810459 1.000000
-0.010028 0.340669 2.766546 1.000000
-0.208053 0.377340 2.678321 0.000000
-0.168434 0.188005 2.881345 0.000000
-0.381580 -0.029765 2.774115 0.192308
0.029253 -0.034423 2.723220 1.000000
-0.158822 -0.043467 2.889693 0.000000
-0.436188 0.033651 2.786284 1.000000
0.033499 0.139789 2.566231 1.000000
-0.396062 -0.249359 2.696399 1.000000
-0.175764 0.262924 2.390644 1.000000
-0.377884 -0.315657 2.684432 0.576923
-0.227298 0.309149 2.381892 0.812500
-0.291902 -0.563179 2.793627 1.000000
-0.060025 -0.564804 2.772002 1.000000
-0.294161 -0.980017 2.903183 1.000000
-0.072056 -0.980004 2.887003 1.000000
-0.317064 -1.020570 2.748414 0.000000
-0.085223 -1.022648 2.731663 0.000000
-0.196737 0.620806 2.703426 0.634615
-0.371833 0.309760 2.813569 1.000000
-0.011387 0.335672 2.762267 1.000000
-0.210918 0.378096 2.680231 0.000000
-0.169025 0.180534 2.874784 0.000000
-0.383810 -0.035706 2.781629 0.259615
0.025573 -0.031450 2.720121 1.000000
-0.157896 -0.046475 2.891237 0.000000
-0.440765 0.032762 2.787586 1.000000
0.054422 0.112630 2.594708 1.000000
-0.394426 -0.251013 2.704700 1.000000
-0.132136 0.174105 2.368958 1.000000
-0.382540 -0.319614 2.700047 0.661058
-0.182511 0.210198 2.336885 0.711538
-0.291467 -0.566704 2.793897 1.000000
-0.060500 -0.564435 2.769715 1.000000
-0.295420 -0.983924 2.901939 1.000000
-0.070451 -0.978218 2.889906 1.000000
-0.321758 -1.023666 2.747506 0.000000
-0.086746 -1.022710 2.735382 0.000000
-0.197283 0.607013 2.704720 0.778846
-0.370454 0.313148 2.805094 1.000000
-0.008885 0.328991 2.757745 1.000000
-0.206320 0.373369 2.671767 0.000000
-0.171540 0.181286 2.873091 0.000000
-0.384369 -0.033499 2.776477 0.173077
0.026023 -0.039152 2.722230 0.942308
-0.160685 -0.046759 2.890306 0.000000
-0.438715 0.037377 2.790356 1.000000
0.069020 0.081130 2.641891 1.000000
-0.399436 -0.242875 2.700229 1.000000
-0.063062 0.030841 2.380678 1.000000
-0.391606 -0.309363 2.719904 0.560096
-0.111078 0.044680 2.331975 0.576923
-0.294736 -0.567314 2.795356 1.000000
-0.062024 -0.569314 2.771162 1.000000
-0.295501 -0.985755 2.898639 1.000000
-0.071569 -0.983659 2.889435 1.000000
-0.319597 -1.024012 2.743467 0.000000
-0.085634 -1.027554 2.734522 0.000000
-0.199629 0.610229 2.715638 0.528846
-0.369468 0.310438 2.799639 1.000000
-0.008002 0.326445 2.751561 1.000000
-0.205705 0.365925 2.663826 0.000000
-0.169755 0.182799 2.873133 0.000000
-0.378366 -0.036108 2.777961 0.096154
0.031146 -0.042831 2.717535 0.403846
-0.153043 -0.050530 2.888365 0.000000
-0.429120 0.031876 2.796699 1.000000
0.054193 0.053382 2.699287 1.000000
-0.403481 -0.251963 2.711586 1.000000
0.010042 -0.197190 2.545241 1.000000
-0.399628 -0.320258 2.725371 0.358173
-0.017417 -0.246627 2.504363 0.812500
-0.297281 -0.569284 2.797373 1.000000
-0.067355 -0.573215 2.770034 1.000000
-0.293985 -0.987186 2.902771 1.000000
-0.070718 -0.985384 2.895997 1.000000
-0.321762 -1.026329 2.748437 0.000000
-0.088845 -1.032188 2.742363 0.000000
-0.201803 0.607175 2.712955 0.605769
-0.370497 0.310526 2.795144 1.000000
-0.008739 0.325491 2.748970 1.000000
-0.205862 0.365526 2.660190 0.000000
-0.171542 0.182325 2.869703 0.000000
-0.388099 -0.040918 2.785035 0.105769
0.020464 -0.040012 2.718165 0.451923
-0.160856 -0.053022 2.891719 0.000000
-0.436057 0.033556 2.795865 1.000000
0.058653 0.051853 2.709073 1.000000
-0.411680 -0.254240 2.726020 1.000000
0.035695 -0.242334 2.674053 1.000000
-0.402457 -0.323393 2.724654 0.324519
0.024074 -0.309708 2.688006 0.475962
-0.298405 -0.573110 2.793009 1.000000
-0.066677 -0.572216 2.767960 1.000000
-0.293620 -0.991211 2.897554 1.000000
-0.072680 -0.983976 2.895157 1.000000
-0.322902 -1.030084 2.743431 0.000000
-0.090724 -1.031141 2.741624 0.000000
-0.214871 0.609054 2.716013 0.475962
-0.366762 0.314362 2.796075 1.000000
-0.005691 0.327877 2.744402 1.000000
-0.203988 0.368321 2.658468 0.000000
-0.167158 0.185700 2.868061 0.000000
-0.387570 -0.039707 2.787531 0.057692
0.020235 -0.039887 2.716179 0.471154
-0.159221 -0.053560 2.891610 0.000000
-0.434933 0.038770 2.802011 1.000000
0.070107 0.054637 2.729304 1.000000
-0.417015 -0.248130 2.729521 1.000000
0.047802 -0.240979 2.728200 1.000000
-0.407214 -0.317206 2.730774 0.492788
0.030237 -0.308510 2.728496 0.492788
-0.293917 -0.572355 2.794707 1.000000
-0.067006 -0.569283 2.787522 1.000000
-0.295473 -0.989361 2.903635 1.000000
-0.071792 -0.990125 2.880421 1.000000
-0.325392 -1.029399 2.749933 0.000000
-0.096263 -1.024297 2.724357 0.000000
-0.190696 0.605779 2.706342 0.625000
