-0.322393 0.320027 2.761266 1.000000
-0.034723 0.332645 2.736619 1.000000
-0.189653 0.361754 2.637585 0.004808
-0.164695 0.187867 2.839853 0.000000
-0.338690 -0.033805 2.733603 0.307692
-0.004135 -0.040695 2.706616 0.461538
-0.162433 -0.027426 2.828919 0.000000
-0.394203 0.049674 2.772951 1.000000
0.034611 0.061401 2.734835 1.000000
-0.398885 -0.238272 2.737370 1.000000
0.042537 -0.227740 2.711693 1.000000
-0.394413 -0.290637 2.747172 0.459135
0.026162 -0.275496 2.694104 0.543269
-0.285631 -0.522808 2.809386 1.000000
-0.067305 -0.530319 2.771595 1.000000
-0.328895 -0.908064 2.841436 1.000000
-0.063413 -0.912736 2.842752 1.000000
-0.336881 -0.916259 2.732159 0.000000
-0.070799 -0.932863 2.734989 0.000000
-0.178594 0.586938 2.667793 1.000000
-0.328496 0.321438 2.780739 1.000000
-0.044143 0.339390 2.732341 1.000000
-0.207285 0.369716 2.647941 0.000000
-0.163072 0.188935 2.840646 0.000000
-0.343524 -0.032248 2.747899 0.240385
-0.012472 -0.031728 2.692151 0.394231
-0.159867 -0.023183 2.827777 0.000000
-0.393051 0.048832 2.776678 1.000000
0.029527 0.069075 2.732424 1.000000
-0.402436 -0.239345 2.742200 1.000000
0.039987 -0.219620 2.702947 1.000000
-0.395045 -0.291941 2.748293 0.543269
0.021972 -0.269893 2.700462 0.408654
-0.286735 -0.520698 2.806560 1.000000
-0.069806 -0.523084 2.767812 1.000000
-0.324775 -0.906272 2.841292 1.000000
-0.066778 -0.906126 2.835567 1.000000
-0.342173 -0.914301 2.733100 0.000000
-0.083425 -0.925171 2.728643 0.000000
-0.183579 0.588547 2.669557 1.000000
-0.325154 0.322959 2.784625 1.000000
-0.041131 0.336477 2.732960 1.000000
-0.204722 0.370225 2.650758 0.000000
-0.161310 0.187207 2.841524 0.000000
-0.344450 -0.031526 2.752065 0.182692
-0.014952 -0.033884 2.687808 0.490385
-0.158718 -0.024879 2.827245 0.000000
-0.392750 0.051101 2.775829 1.000000
0.029268 0.065277 2.726060 1.000000
-0.407964 -0.237902 2.750764 1.000000
0.039204 -0.223975 2.701213 1.000000
-0.398296 -0.289745 2.741989 0.425481
0.022720 -0.273160 2.688280 0.307692
-0.287384 -0.520747 2.809476 1.000000
-0.070642 -0.524029 2.767806 1.000000
-0.327611 -0.906283 2.842108 1.000000
-0.066050 -0.906838 2.836781 1.000000
-0.347738 -0.913306 2.734320 0.000000
-0.085610 -0.926237 2.730416 0.000000
-0.184233 0.582959 2.660076 1.000000
-0.320224 0.317753 2.785459 1.000000
-0.037054 0.335656 2.730545 1.000000
-0.202068 0.367953 2.650635 0.000000
-0.153878 0.183714 2.839064 0.000000
-0.343127 -0.033234 2.750802 0.173077
-0.013392 -0.036358 2.687810 0.480769
-0.157667 -0.028032 2.826762 0.000000
-0.395710 0.047772 2.781877 1.000000
0.029988 0.063750 2.717379 1.000000
-0.408185 -0.240445 2.747104 1.000000
0.032648 -0.223562 2.674039 1.000000
-0.394521 -0.291167 2.737170 0.408654
0.036415 -0.276205 2.682561 0.509615
-0.287422 -0.522503 2.808807 1.000000
-0.071415 -0.526635 2.765997 1.000000
-0.331994 -0.907767 2.838910 1.000000
-0.066679 -0.909573 2.834237 1.000000
-0.351522 -0.913943 2.730961 0.000000
-0.085977 -0.928781 2.727789 0.000000
-0.185676 0.584031 2.669915 1.000000
-0.326010 0.312727 2.781720 1.000000
-0.042934 0.345378 2.733526 1.000000
-0.207401 0.367867 2.649246 0.000000
-0.154074 0.188454 2.840920 0.000000
-0.337759 -0.028945 2.746079 0.153846
-0.006955 -0.035477 2.689253 0.471154
-0.153704 -0.025512 2.825480 0.000000
-0.396948 0.041418 2.785578 1.000000
0.033421 0.077242 2.703052 1.000000
-0.402695 -0.247312 2.752487 1.000000
0.034324 -0.194117 2.598857 1.000000
-0.399393 -0.298282 2.768275 0.459135
0.001871 -0.236583 2.597619 0.543269
-0.289042 -0.517918 2.809429 1.000000
-0.073125 -0.525051 2.767850 1.000000
-0.329493 -0.903638 2.839509 1.000000
-0.062839 -0.908772 2.830886 1.000000
-0.347242 -0.910217 2.731277 0.000000
-0.081018 -0.926812 2.724038 0.000000
-0.191420 0.585882 2.667670 1.000000
-0.329965 0.319604 2.791135 1.000000
-0.048673 0.355475 2.735378 1.000000
-0.215759 0.379535 2.656884 0.000000
-0.155648 0.194629 2.841188 0.000000
-0.339056 -0.024957 2.755160 0.105769
-0.010190 -0.031076 2.687984 0.596154
-0.152624 -0.023732 2.828877 0.000000
-0.396550 0.047177 2.789458 1.000000
0.032897 0.091188 2.688987 1.000000
-0.410713 -0.241524 2.758776 1.000000
0.025002 -0.150886 2.528275 1.000000
-0.399382 -0.293717 2.756406 0.425481
0.005868 -0.200660 2.532079 0.711538
-0.289341 -0.514972 2.808910 1.000000
-0.075550 -0.521398 2.764042 1.000000
-0.329434 -0.900803 2.838042 1.000000
-0.064978 -0.904434 2.831065 1.000000
-0.350634 -0.906728 2.730395 0.000000
-0.086249 -0.923584 2.724983 0.000000
-0.193661 0.592745 2.669545 1.000000
-0.334183 0.310540 2.784694 1.000000
-0.052521 0.359001 2.741809 1.000000
-0.216673 0.374907 2.655441 0.000000
-0.156872 0.194001 2.843772 0.000000
-0.336937 -0.023506 2.745948 0.394231
-0.005345 -0.029224 2.693820 0.413462
-0.154058 -0.022002 2.828077 0.000000
-0.396480 0.037193 2.791716 1.000000
0.059832 0.131289 2.622760 1.000000
-0.409897 -0.251477 2.760489 1.000000
-0.001520 -0.086410 2.440197 1.000000
-0.392902 -0.301933 2.765337 0.341346
-0.029919 -0.130467 2.429682 0.677885
-0.288965 -0.512432 2.808212 1.000000
-0.073797 -0.520184 2.762315 1.000000
-0.329692 -0.898229 2.836899 1.000000
-0.065684 -0.903458 2.828313 1.000000
-0.345831 -0.904593 2.728402 0.000000
-0.081984 -0.922233 2.721288 0.000000
-0.198069 0.590545 2.670852 1.000000
-0.343666 0.312180 2.792660 1.000000
-0.063150 0.359407 2.741654 1.000000
-0.229723 0.376742 2.660346 0.000000
-0.165314 0.194318 2.845669 0.000000
-0.338666 -0.019548 2.751611 0.125000
-0.008766 -0.024407 2.689601 0.413462
-0.153428 -0.018753 2.828284 0.000000
-0.399627 0.037994 2.796160 1.000000
0.063916 0.205001 2.545862 1.000000
-0.409868 -0.250452 2.767385 1.000000
-0.067823 0.062769 2.330110 1.000000
-0.397256 -0.300231 2.752514 0.358173
-0.102353 0.022309 2.335470 0.442308
-0.287892 -0.509422 2.805526 1.000000
-0.074568 -0.515189 2.763203 1.000000
-0.328203 -0.894888 2.838872 1.000000
-0.063481 -0.899239 2.824061 1.000000
-0.347755 -0.902176 2.730997 0.000000
-0.083265 -0.916711 2.717404 0.000000
-0.203134 0.595770 2.686146 1.000000
-0.340270 0.310799 2.812566 1.000000
-0.061467 0.338682 2.741767 1.000000
-0.231773 0.367018 2.672117 0.000000
-0.167013 0.181273 2.853987 0.000000
-0.338056 -0.028010 2.762670 0.057692
-0.013149 -0.034841 2.678455 1.000000
-0.148038 -0.027498 2.826588 0.000000
-0.398432 0.039138 2.796590 1.000000
0.065388 0.266270 2.504908 0.923077
-0.404579 -0.246691 2.758524 1.000000
-0.108120 0.168002 2.296524 1.000000
-0.398398 -0.299017 2.767573 0.408654
-0.149878 0.135937 2.287237 0.543269
-0.288958 -0.519106 2.806072 1.000000
-0.072950 -0.523759 2.765953 1.000000
-0.331307 -0.904586 2.836615 1.000000
-0.064026 -0.907521 2.828944 1.000000
-0.358214 -0.910059 2.730226 0.000000
-0.091060 -0.925383 2.723955 0.000000
-0.204728 0.583399 2.692319 1.000000
-0.312860 0.281305 2.798335 0.000000
-0.037305 0.315061 2.718017 0.000000
-0.210356 0.332805 2.651710 0.000000
-0.133712 0.161014 2.842459 0.000000
-0.326730 -0.034077 2.759873 0.250000
-0.004563 -0.053989 2.667594 1.000000
-0.135162 -0.037995 2.818857 0.000000
-0.400222 0.016745 2.793771 1.000000
0.064171 0.294558 2.459314 0.769231
-0.396725 -0.268607 2.749402 1.000000
-0.157435 0.294556 2.274117 1.000000
-0.397866 -0.319866 2.764545 0.425481
-0.193121 0.255705 2.265445 0.644231
-0.287941 -0.527662 2.804678 1.000000
-0.070417 -0.537507 2.770858 1.000000
-0.331335 -0.912797 2.837986 1.000000
-0.064299 -0.921461 2.833014 1.000000
-0.361483 -0.918524 2.732483 0.000000
-0.095006 -0.938796 2.728951 0.000000
-0.199713 0.564390 2.701971 1.000000
-0.319638 0.309964 2.778633 1.000000
-0.043112 0.311716 2.716801 0.413462
-0.203193 0.347278 2.638254 0.000000
-0.158021 0.171469 2.835289 0.000000
-0.336212 -0.037015 2.750873 0.096154
-0.009493 -0.062958 2.678177 1.000000
-0.148392 -0.040071 2.820921 0.000000
-0.397763 0.044522 2.793242 1.000000
-0.018081 0.383764 2.450420 0.923077
-0.401259 -0.239014 2.747754 1.000000
-0.226896 0.467926 2.272130 1.000000
-0.407592 -0.289565 2.763957 0.358173
-0.271474 0.484352 2.247613 0.139423
-0.288224 -0.532459 2.807799 1.000000
-0.070131 -0.544847 2.770480 1.000000
-0.330970 -0.917454 2.843476 1.000000
-0.062316 -0.928323 2.835333 1.000000
-0.354983 -0.924701 2.736502 0.000000
-0.086411 -0.946676 2.729715 0.000000
-0.177468 0.587184 2.749073 1.000000
-0.335215 0.316522 2.803012 1.000000
-0.070928 0.335191 2.708795 0.711538
-0.239347 0.357487 2.648774 0.000000
-0.158496 0.191171 2.842614 0.000000
-0.330461 -0.021152 2.768111 0.009615
-0.013884 -0.037434 2.657579 1.000000
-0.135813 -0.023136 2.816076 0.000000
-0.395723 0.049424 2.794600 1.000000
-0.049229 0.439863 2.456513 1.000000
-0.400074 -0.232110 2.757664 1.000000
-0.243904 0.560805 2.288825 1.000000
-0.406222 -0.284811 2.764213 0.526442
-0.286312 0.583920 2.265903 0.240385
-0.287551 -0.514857 2.803342 1.000000
-0.069148 -0.521234 2.767100 1.000000
-0.329887 -0.900301 2.834343 1.000000
-0.065040 -0.905058 2.830214 1.000000
-0.365864 -0.904692 2.730618 0.000000
-0.101215 -0.922269 2.727902 0.000000
-0.183822 0.592403 2.735986 0.447115
-0.349155 0.295728 2.811288 1.000000
-0.091455 0.333055 2.710360 1.000000
-0.260993 0.347359 2.655661 0.000000
-0.164126 0.180031 2.841107 0.000000
-0.326253 -0.021076 2.773397 0.076923
-0.013045 -0.035785 2.653447 1.000000
-0.130314 -0.024707 2.815675 0.000000
-0.391806 0.025820 2.788351 1.000000
-0.064753 0.470065 2.474328 0.846154
-0.396555 -0.255256 2.746525 1.000000
-0.230847 0.625214 2.303689 1.000000
-0.387339 -0.307815 2.749810 0.526442
-0.280756 0.636088 2.287911 0.307692
-0.288767 -0.514174 2.802482 1.000000
-0.070574 -0.519863 2.767413 1.000000
-0.330981 -0.899531 2.834722 1.000000
-0.067017 -0.903021 2.834486 1.000000
-0.370118 -0.903825 2.732144 0.000000
-0.106176 -0.921075 2.733427 0.000000
-0.179846 0.577541 2.695124 1.000000
-0.356777 0.257363 2.822768 1.000000
-0.113232 0.304181 2.703686 1.000000
-0.283298 0.311708 2.660578 0.471154
-0.165242 0.149741 2.838346 0.000000
-0.321534 -0.049020 2.781019 0.307692
-0.018177 -0.069715 2.638720 1.000000
-0.122976 -0.051213 2.808624 0.000000
-0.394337 -0.007953 2.779044 1.000000
-0.065030 0.483639 2.505729 0.769231
-0.397459 -0.287318 2.745405 1.000000
-0.169944 0.679342 2.332873 1.000000
-0.364309 -0.325235 2.727476 0.358173
-0.206948 0.704703 2.303794 0.762019
-0.291801 -0.542426 2.808491 1.000000
-0.070421 -0.548724 2.777110 1.000000
-0.335410 -0.928220 2.832616 1.000000
-0.069001 -0.932795 2.838820 1.000000
-0.381965 -0.929181 2.733095 0.000000
-0.115945 -0.948724 2.740763 0.000000
-0.194731 0.550580 2.715741 1.000000
-0.369045 0.242530 2.835361 1.000000
-0.128700 0.290466 2.708152 0.817308
-0.300854 0.294304 2.670050 0.125000
-0.175507 0.138159 2.848036 0.000000
-0.322899 -0.065042 2.786580 0.000000
-0.023215 -0.084436 2.636524 1.000000
-0.123653 -0.063046 2.808707 0.000000
-0.397358 -0.020988 2.784262 1.000000
-0.004020 0.464042 2.543287 1.000000
-0.395255 -0.297503 2.741879 1.000000
-0.087982 0.661426 2.363700 1.000000
-0.384181 -0.346089 2.722517 0.156250
-0.104245 0.703372 2.334818 0.913462
-0.290352 -0.557890 2.814218 1.000000
-0.072132 -0.563120 2.781029 1.000000
-0.333038 -0.943768 2.838645 1.000000
-0.065475 -0.945792 2.850589 1.000000
-0.382119 -0.944562 2.740345 0.000000
-0.114800 -0.964181 2.754145 0.000000
-0.190566 0.532927 2.722272 1.000000
-0.366730 0.229428 2.816343 1.000000
-0.121436 0.288956 2.700506 1.000000
-0.292678 0.282561 2.654012 0.086538
-0.168832 0.135918 2.840907 0.000000
-0.328412 -0.067570 2.778083 0.269231
-0.020393 -0.091295 2.646690 1.000000
-0.130852 -0.066606 2.812164 0.000000
-0.404815 -0.036550 2.786579 1.000000
0.021135 0.464908 2.552876 1.000000
-0.394727 -0.313636 2.746266 1.000000
-0.020271 0.666728 2.362985 1.000000
-0.382482 -0.364495 2.735243 0.173077
-0.030345 0.709135 2.332030 0.627404
-0.295352 -0.560314 2.820029 1.000000
-0.071756 -0.569560 2.781544 1.000000
-0.337582 -0.946582 2.838310 1.000000
-0.064588 -0.952323 2.850549 1.000000
-0.380503 -0.946677 2.737165 0.000000
-0.108203 -0.971006 2.751448 0.000000
-0.187610 0.524787 2.724637 1.000000
-0.358759 0.288195 2.787028 1.000000
-0.092149 0.308267 2.712158 1.000000
-0.252774 0.327378 2.639076 0.057692
-0.183780 0.166023 2.841501 0.000000
-0.343745 -0.050060 2.762201 0.192308
-0.019910 -0.059115 2.674156 1.000000
-0.152927 -0.043298 2.823316 0.000000
-0.410084 0.023027 2.785584 1.000000
0.070540 0.460482 2.559469 1.000000
-0.408794 -0.255666 2.759258 1.000000
0.105721 0.652583 2.358910 1.000000
-0.400786 -0.308432 2.756146 0.274038
0.109898 0.697301 2.329910 0.846154
-0.292916 -0.539688 2.819491 1.000000
-0.076806 -0.545814 2.773726 1.000000
-0.335772 -0.925774 2.840033 1.000000
-0.066960 -0.927673 2.847264 1.000000
-0.363565 -0.928344 2.733763 0.000000
-0.095058 -0.948458 2.743096 0.000000
-0.197508 0.567524 2.700204 1.000000
-0.356973 0.299411 2.776158 1.000000
-0.080409 0.324929 2.720429 1.000000
-0.241093 0.346380 2.638230 0.000000
-0.185298 0.175510 2.836881 0.000000
-0.353721 -0.045945 2.750131 0.115385
-0.024421 -0.049591 2.684928 1.000000
-0.167777 -0.035927 2.824408 0.000000
-0.414677 0.035109 2.783867 1.000000
0.118263 0.415520 2.560532 1.000000
-0.417002 -0.244946 2.768258 1.000000
0.196305 0.601383 2.365483 1.000000
-0.414230 -0.298153 2.772666 0.492788
0.200120 0.639468 2.328159 0.728365
-0.301687 -0.533639 2.815516 1.000000
-0.079692 -0.538489 2.771510 1.000000
-0.332137 -0.920883 2.836403 1.000000
-0.066128 -0.920866 2.841687 1.000000
-0.352700 -0.925083 2.728551 0.000000
-0.086431 -0.941055 2.735608 0.000000
-0.211272 0.582482 2.699404 1.000000
-0.349138 0.298541 2.768831 1.000000
-0.068091 0.328088 2.723466 1.000000
-0.228661 0.348151 2.635856 0.000000
-0.178434 0.176067 2.834944 0.000000
-0.351120 -0.042187 2.741600 0.163462
-0.019671 -0.052671 2.689301 1.000000
-0.168046 -0.035665 2.823048 0.000000
-0.416496 0.035067 2.786969 1.000000
0.149412 0.390778 2.571653 1.000000
-0.415475 -0.245943 2.758154 1.000000
0.270123 0.539069 2.363720 1.000000
-0.414020 -0.299130 2.752940 0.509615
0.283653 0.572763 2.324480 0.829327
-0.301712 -0.530561 2.817496 1.000000
-0.078905 -0.539788 2.771330 1.000000
-0.331930 -0.917843 2.837989 1.000000
-0.063877 -0.923216 2.835186 1.000000
-0.348515 -0.922292 2.729464 0.000000
-0.080592 -0.941693 2.728173 0.000000
-0.212114 0.583302 2.698525 1.000000
-0.345042 0.293364 2.758523 1.000000
-0.061017 0.337533 2.728527 1.000000
-0.220260 0.351238 2.633071 0.000000
-0.172331 0.177860 2.831603 0.000000
-0.348773 -0.038215 2.732690 0.423077
-0.015018 -0.049695 2.698348 0.769231
-0.170356 -0.032873 2.823966 0.000000
-0.417543 0.031180 2.788490 1.000000
0.178222 0.310555 2.598406 1.000000
-0.422296 -0.251764 2.769192 1.000000
0.346374 0.380265 2.380879 1.000000
-0.408749 -0.297003 2.744133 0.408654
0.377779 0.403220 2.344207 0.694712
-0.302987 -0.525777 2.817224 1.000000
-0.082809 -0.538095 2.766839 1.000000
-0.330316 -0.913103 2.840739 1.000000
-0.062772 -0.920401 2.835843 1.000000
-0.341266 -0.918958 2.731568 0.000000
-0.073524 -0.940370 2.728334 0.000000
-0.215667 0.583018 2.688101 1.000000
-0.345502 0.296068 2.759923 1.000000
-0.062273 0.346249 2.731923 1.000000
-0.221212 0.357396 2.635630 0.000000
-0.170886 0.183585 2.833187 0.000000
-0.348377 -0.035848 2.732654 0.509615
-0.014336 -0.044156 2.700242 1.000000
-0.170555 -0.029211 2.825000 0.000000
-0.417197 0.033517 2.791822 1.000000
0.166536 0.246765 2.618610 1.000000
-0.418465 -0.249845 2.772638 1.000000
0.356655 0.252954 2.407708 1.000000
-0.415389 -0.303166 2.774976 0.290865
0.391343 0.248189 2.367308 0.459135
-0.303848 -0.521381 2.821676 1.000000
-0.083780 -0.533949 2.765586 1.000000
-0.327626 -0.909069 2.842968 1.000000
-0.065789 -0.914722 2.843106 1.000000
-0.337908 -0.914439 2.733707 0.000000
-0.075486 -0.936995 2.735950 0.000000
-0.217624 0.587638 2.687130 1.000000
-0.346516 0.301869 2.762971 1.000000
-0.064221 0.356443 2.733782 1.000000
-0.223880 0.366158 2.638531 0.000000
-0.169844 0.191276 2.834153 0.000000
-0.343925 -0.026777 2.735353 0.490385
-0.010291 -0.041212 2.700952 1.000000
-0.165495 -0.024346 2.826728 0.000000
-0.416699 0.039047 2.794052 1.000000
0.141385 0.204654 2.635527 1.000000
-0.419980 -0.244299 2.778706 1.000000
0.319438 0.129760 2.427636 1.000000
-0.417420 -0.296735 2.768608 0.492788
0.353089 0.121787 2.386866 0.560096
-0.302900 -0.513927 2.823097 1.000000
-0.084753 -0.529918 2.762322 1.000000
-0.330013 -0.901622 2.839786 1.000000
-0.066821 -0.910592 2.840337 1.000000
-0.341111 -0.905548 2.730543 0.000000
-0.077390 -0.933027 2.733298 0.000000
-0.220725 0.592882 2.680380 1.000000
-0.348798 0.315252 2.792960 1.000000
-0.069835 0.361582 2.733345 1.000000
-0.238876 0.380759 2.657742 0.000000
-0.169484 0.195827 2.838730 0.000000
-0.344383 -0.021259 2.759155 0.182692
-0.016812 -0.030106 2.686201 1.000000
-0.156641 -0.019128 2.829448 0.000000
-0.410704 0.047392 2.798102 1.000000
0.083805 0.152603 2.642075 1.000000
-0.421736 -0.237075 2.784866 1.000000
0.221469 -0.006661 2.449976 1.000000
-0.411950 -0.287177 2.768988 0.425481
0.238020 -0.038170 2.410085 0.610577
-0.298854 -0.509098 2.826071 1.000000
-0.083433 -0.520279 2.759305 1.000000
-0.330846 -0.896566 2.838958 1.000000
-0.070247 -0.903362 2.825597 1.000000
-0.353969 -0.898229 2.731556 0.000000
-0.093385 -0.922450 2.719896 0.000000
-0.218793 0.597351 2.679667 1.000000
-0.346043 0.314368 2.799186 1.000000
-0.069399 0.358986 2.728488 1.000000
-0.241125 0.377870 2.659122 0.000000
-0.165496 0.194854 2.839558 0.000000
-0.340324 -0.020341 2.766368 0.086538
-0.015764 -0.030654 2.681178 1.000000
-0.150067 -0.018775 2.829550 0.000000
-0.408632 0.045505 2.801365 1.000000
0.048838 0.129099 2.631629 1.000000
-0.416220 -0.240318 2.790726 1.000000
0.128719 -0.067204 2.439407 1.000000
-0.402868 -0.289095 2.773387 0.408654
0.135598 -0.108908 2.406672 0.812500
-0.296700 -0.509753 2.823032 1.000000
-0.081393 -0.519588 2.765047 1.000000
-0.329863 -0.896907 2.841267 1.000000
-0.068265 -0.903165 2.828427 1.000000
-0.357229 -0.899574 2.734888 0.000000
-0.095806 -0.921423 2.723639 0.000000
-0.221885 0.593145 2.674642 1.000000
-0.345401 0.316107 2.818427 1.000000
-0.076223 0.359110 2.722433 1.000000
-0.253520 0.379603 2.669483 0.000000
-0.162798 0.195080 2.841216 0.000000
-0.343869 -0.023644 2.783578 0.000000
-0.028468 -0.028115 2.668666 0.855769
-0.148641 -0.017979 2.828816 0.000000
-0.405177 0.046116 2.808844 1.000000
0.019340 0.125832 2.608376 1.000000
-0.410018 -0.240128 2.792040 1.000000
0.022634 -0.085038 2.414045 1.000000
-0.410661 -0.293482 2.795369 0.358173
0.019040 -0.131447 2.387750 0.778846
-0.295085 -0.513945 2.819079 1.000000
-0.078935 -0.517110 2.767233 1.000000
-0.330235 -0.900746 2.840764 1.000000
-0.064385 -0.901117 2.827633 1.000000
-0.367280 -0.903177 2.737351 0.000000
-0.101371 -0.918559 2.725651 0.000000
-0.221648 0.594049 2.680536 1.000000
-0.344880 0.306622 2.809978 1.000000
-0.074107 0.357273 2.722586 1.000000
-0.249870 0.368218 2.662205 0.000000
-0.158535 0.194378 2.844439 0.000000
-0.334681 -0.023605 2.781805 0.153846
-0.015232 -0.036290 2.679359 0.980769
-0.141295 -0.022825 2.834663 0.000000
-0.404147 0.036806 2.812980 1.000000
-0.023520 0.145643 2.552363 1.000000
-0.407537 -0.248394 2.787760 1.000000
-0.138499 -0.022551 2.351174 1.000000
-0.405230 -0.300138 2.801000 0.240385
-0.169956 -0.056979 2.325034 0.509615
-0.289839 -0.517315 2.811501 1.000000
-0.071335 -0.523107 2.774359 1.000000
-0.334025 -0.902835 2.838756 1.000000
-0.063140 -0.908426 2.827114 1.000000
-0.367284 -0.906422 2.734097 0.000000
-0.096614 -0.923320 2.723527 0.000000
-0.219379 0.593565 2.689534 1.000000
-0.350882 0.308481 2.804909 1.000000
-0.078295 0.352179 2.719423 1.000000
-0.253039 0.362623 2.656069 0.000000
-0.166447 0.195613 2.846807 0.000000
-0.335044 -0.025016 2.779316 0.000000
-0.014034 -0.035079 2.681570 1.000000
-0.142457 -0.020970 2.834870 0.000000
-0.398999 0.036248 2.808533 1.000000
-0.057213 0.175688 2.507655 0.907692
-0.403433 -0.249278 2.784710 1.000000
-0.229845 0.065123 2.307441 1.000000
-0.398190 -0.302435 2.786936 0.391827
-0.275536 0.048757 2.285022 0.745192
-0.288794 -0.517750 2.811794 1.000000
-0.069003 -0.522731 2.774216 1.000000
-0.327696 -0.903781 2.839865 1.000000
-0.066499 -0.907572 2.830894 1.000000
-0.359507 -0.908216 2.734789 0.000000
-0.097898 -0.923114 2.726755 0.000000
-0.219696 0.594612 2.692313 1.000000
-0.338842 0.287986 2.808857 0.000000
-0.067102 0.333358 2.721564 0.673077
-0.242238 0.341392 2.658945 0.000000
-0.153119 0.177391 2.851125 0.000000
-0.330315 -0.030167 2.780299 0.009615
-0.009728 -0.041900 2.681357 1.000000
-0.137494 -0.025881 2.835018 0.000000
-0.398082 0.017318 2.808522 1.000000
-0.072814 0.215038 2.471086 0.892308
-0.398446 -0.267922 2.775257 1.000000
-0.290138 0.177029 2.287255 1.000000
-0.394209 -0.319586 2.788334 0.459135
-0.341171 0.192767 2.289713 0.560096
-0.289411 -0.522757 2.811861 1.000000
-0.069869 -0.529589 2.773613 1.000000
-0.329500 -0.908708 2.839350 1.000000
-0.065231 -0.914087 2.832438 1.000000
-0.361832 -0.912823 2.734421 0.000000
-0.097218 -0.930361 2.728589 0.000000
-0.214447 0.579464 2.711545 1.000000
-0.320119 0.271625 2.804971 0.000000
-0.057428 0.293958 2.692607 0.000000
-0.234571 0.307007 2.643454 0.000000
-0.137127 0.154447 2.840942 0.000000
-0.324459 -0.051141 2.793499 0.461538
-0.014324 -0.077867 2.667779 1.000000
-0.127562 -0.052256 2.831222 0.000000
-0.402140 0.010069 2.810013 1.000000
-0.088972 0.300290 2.420340 1.000000
-0.392416 -0.270387 2.765374 1.000000
-0.323158 0.365782 2.273334 1.000000
-0.404671 -0.317853 2.786703 0.425481
-0.365910 0.377547 2.243468 0.000000
-0.290168 -0.547621 2.817304 1.000000
-0.067117 -0.558523 2.782506 1.000000
-0.337114 -0.933145 2.839393 1.000000
-0.062857 -0.943089 2.840917 1.000000
-0.378292 -0.933967 2.737529 0.000000
-0.104591 -0.958804 2.740499 0.000000
-0.206427 0.558569 2.736044 1.000000
-0.332661 0.309658 2.807078 1.000000
-0.065599 0.313201 2.708822 0.048077
-0.236719 0.339819 2.650414 0.000000
-0.160886 0.178894 2.850725 0.000000
-0.329651 -0.040079 2.781805 0.134615
-0.014080 -0.061919 2.669374 1.000000
-0.134540 -0.038087 2.827847 0.000000
-0.392474 0.043026 2.805209 1.000000
-0.089576 0.343729 2.438329 1.000000
-0.399861 -0.238551 2.775625 1.000000
-0.283395 0.477964 2.281388 1.000000
-0.407191 -0.290644 2.785151 0.341346
-0.326882 0.495605 2.255780 0.189904
-0.288919 -0.534884 2.816653 1.000000
-0.069615 -0.544656 2.777032 1.000000
-0.331711 -0.920861 2.839280 1.000000
-0.065444 -0.928114 2.842328 1.000000
-0.368419 -0.922861 2.735738 0.000000
-0.102254 -0.945881 2.740339 0.000000
-0.199047 0.588262 2.757385 1.000000
-0.331555 0.314119 2.808351 1.000000
-0.063613 0.316688 2.716386 0.259615
-0.232088 0.344041 2.653854 0.000000
-0.161289 0.182644 2.855622 0.000000
-0.331437 -0.031272 2.776835 0.048077
-0.013817 -0.049643 2.669676 1.000000
-0.137189 -0.029428 2.826402 0.000000
-0.394094 0.046850 2.801895 1.000000
-0.078365 0.381785 2.450059 1.000000
-0.405223 -0.236815 2.782142 1.000000
-0.242538 0.562460 2.303827 1.000000
-0.405650 -0.290101 2.786452 0.593750
-0.292446 0.578077 2.292720 0.459135
-0.289634 -0.525252 2.813101 1.000000
-0.069670 -0.533185 2.777334 1.000000
-0.328184 -0.911549 2.837795 1.000000
-0.066686 -0.916863 2.841389 1.000000
-0.363220 -0.914707 2.733704 0.000000
-0.101701 -0.934278 2.738709 0.000000
-0.210062 0.590789 2.784388 0.000000
-0.333220 0.320169 2.798002 1.000000
-0.067402 0.317561 2.711038 0.557692
-0.231057 0.347146 2.644727 0.000000
-0.165869 0.186289 2.848805 0.000000
-0.336053 -0.033134 2.769538 0.009615
-0.015312 -0.051143 2.672049 1.000000
-0.143413 -0.031709 2.825036 0.000000
-0.395917 0.053584 2.803927 1.000000
-0.062339 0.430586 2.461572 1.000000
-0.401863 -0.228290 2.770555 1.000000
-0.166914 0.657182 2.326220 1.000000
-0.405855 -0.281259 2.776593 0.492788
-0.199805 0.698727 2.333311 0.375000
-0.291011 -0.527276 2.809465 1.000000
-0.072326 -0.534925 2.775883 1.000000
-0.333779 -0.912967 2.836559 1.000000
-0.066871 -0.918973 2.837514 1.000000
-0.365500 -0.916835 2.731433 0.000000
-0.098861 -0.936071 2.733799 0.000000
-0.203669 0.592660 2.726977 1.000000
-0.338971 0.308578 2.813236 1.000000
-0.073279 0.321296 2.720931 0.423077
-0.240823 0.350923 2.660816 0.048077
-0.166735 0.176317 2.850012 0.000000
-0.331437 -0.031731 2.773943 0.000000
-0.014578 -0.049630 2.664477 1.000000
-0.136851 -0.030374 2.822182 0.000000
-0.390965 0.041811 2.800238 1.000000
-0.039008 0.420871 2.470038 1.000000
-0.403009 -0.238300 2.769842 1.000000
-0.115945 0.660992 2.343729 1.000000
-0.400717 -0.291536 2.765504 0.560096
-0.149997 0.702205 2.343770 0.408654
-0.288992 -0.525402 2.811821 1.000000
-0.073300 -0.533258 2.774847 1.000000
-0.332301 -0.911049 2.838685 1.000000
-0.068338 -0.917211 2.837109 1.000000
-0.367906 -0.914288 2.734789 0.000000
-0.104353 -0.934280 2.734717 0.000000
-0.189095 0.583398 2.712028 1.000000
-0.352771 0.282149 2.814491 1.000000
-0.086416 0.324170 2.721298 0.528846
-0.259535 0.333510 2.661758 0.000000
-0.166865 0.170542 2.853136 0.000000
-0.334244 -0.039598 2.776311 0.067308
-0.016286 -0.050759 2.669159 1.000000
-0.140088 -0.035062 2.826064 0.000000
-0.395892 0.014865 2.790067 1.000000
-0.020168 0.405290 2.470444 0.938462
-0.402696 -0.266234 2.772222 1.000000
-0.089936 0.645921 2.341562 1.000000
-0.378718 -0.300818 2.739251 0.341346
-0.122430 0.686956 2.352439 0.358173
-0.291807 -0.531517 2.811514 1.000000
-0.073299 -0.536377 2.778251 1.000000
-0.334057 -0.917398 2.836652 1.000000
-0.066254 -0.920409 2.839822 1.000000
-0.368773 -0.920385 2.732449 0.000000
-0.101188 -0.937525 2.737065 0.000000
-0.188425 0.570367 2.716433 1.000000
-0.338875 0.301653 2.798592 1.000000
-0.062634 0.313487 2.722360 0.576923
-0.231034 0.339057 2.651523 0.009615
-0.168620 0.172465 2.851831 0.000000
-0.336747 -0.040615 2.767912 0.009615
-0.013112 -0.058358 2.680456 1.000000
-0.145929 -0.038999 2.829377 0.000000
-0.393021 0.036965 2.794428 1.000000
0.018182 0.347976 2.466845 0.830769
-0.408756 -0.241467 2.768841 1.000000
-0.068951 0.573770 2.325949 1.000000
-0.402723 -0.294243 2.762806 0.475962
-0.089028 0.620595 2.309749 0.240385
-0.288090 -0.534933 2.811574 1.000000
-0.068676 -0.542191 2.779840 1.000000
-0.333821 -0.920306 2.838356 1.000000
-0.068141 -0.926096 2.842592 1.000000
-0.362134 -0.924319 2.732267 0.000000
-0.096459 -0.943260 2.737826 0.000000
-0.197342 0.579761 2.722034 1.000000
-0.327665 0.329129 2.804378 1.000000
-0.048192 0.320376 2.731309 0.865385
-0.214985 0.362059 2.659889 0.000000
-0.169414 0.184697 2.855434 0.000000
-0.337806 -0.028178 2.765903 0.019231
-0.011592 -0.047138 2.688907 1.000000
-0.149118 -0.028954 2.833643 0.000000
-0.394341 0.068573 2.791707 1.000000
0.050957 0.276603 2.484836 0.707692
-0.404195 -0.209156 2.766319 1.000000
-0.051767 0.474160 2.316627 1.000000
-0.406053 -0.261071 2.753691 0.661058
-0.083155 0.510327 2.292861 0.223558
-0.289906 -0.523406 2.808220 1.000000
-0.067353 -0.531910 2.774576 1.000000
-0.332462 -0.908940 2.837776 1.000000
-0.066230 -0.915374 2.839959 1.000000
-0.357619 -0.914352 2.730956 0.000000
-0.090586 -0.933452 2.734354 0.000000
-0.194144 0.593216 2.714183 1.000000
-0.337186 0.315833 2.797608 1.000000
-0.064125 0.306762 2.703396 0.000000
-0.237483 0.334624 2.641517 0.000000
-0.169884 0.183316 2.852012 0.000000
-0.339529 -0.036902 2.772254 0.057692
-0.015756 -0.050961 2.684638 1.000000
-0.148764 -0.036087 2.833903 0.000000
-0.398186 0.050742 2.799237 1.000000
0.077258 0.137099 2.544580 1.000000
-0.404554 -0.229485 2.768891 1.000000
-0.000093 0.217569 2.285679 1.000000
-0.397596 -0.280985 2.756342 0.526442
-0.029676 0.256564 2.264175 0.072115
-0.289843 -0.530832 2.811652 1.000000
-0.068421 -0.536838 2.775420 1.000000
-0.334913 -0.915946 2.842905 1.000000
-0.063959 -0.920476 2.839630 1.000000
-0.363317 -0.921225 2.736896 0.000000
-0.091885 -0.938333 2.734874 0.000000
-0.198949 0.581583 2.703310 1.000000
-0.331522 0.318753 2.814736 1.000000
-0.055626 0.364269 2.741724 1.000000
-0.228240 0.387757 2.676066 0.000000
-0.151456 0.196005 2.846675 0.000000
-0.334919 -0.016711 2.771201 0.057692
-0.011986 -0.028597 2.680228 1.000000
-0.143563 -0.016360 2.830993 0.000000
-0.394563 0.053644 2.800028 1.000000
0.052425 0.133548 2.643915 1.000000
-0.406665 -0.228262 2.780448 1.000000
0.041171 0.015752 2.387014 0.230769
-0.400155 -0.281296 2.778680 0.593750
0.035196 -0.011571 2.341452 0.846154
-0.288560 -0.509347 2.811559 1.000000
-0.071862 -0.516153 2.769591 1.000000
-0.327122 -0.895371 2.840182 1.000000
-0.064148 -0.899647 2.834347 1.000000
-0.356600 -0.900266 2.734448 0.000000
-0.093439 -0.917852 2.730025 0.000000
-0.198314 0.603390 2.703833 1.000000
-0.325326 0.321734 2.798629 1.000000
-0.045136 0.363439 2.741397 1.000000
-0.213120 0.384375 2.663929 0.000000
-0.148244 0.200139 2.847286 0.000000
-0.332624 -0.015942 2.762171 0.086538
-0.004440 -0.028747 2.692641 1.000000
-0.145665 -0.017931 2.834524 0.000000
-0.390905 0.055301 2.798708 1.000000
0.039149 0.107016 2.692100 1.000000
-0.404373 -0.228174 2.780413 1.000000
0.075556 -0.119547 2.524117 1.000000
-0.407064 -0.281521 2.782646 0.459135
0.074554 -0.152107 2.481727 0.644231
-0.287414 -0.508226 2.811353 1.000000
-0.072359 -0.517302 2.768600 1.000000
-0.328694 -0.894247 2.835947 1.000000
-0.066404 -0.901579 2.828740 1.000000
-0.350936 -0.898718 2.728440 0.000000
-0.088845 -0.918549 2.722528 0.000000
-0.195127 0.599325 2.681217 1.000000
-0.323161 0.326601 2.809661 1.000000
-0.046001 0.347753 2.730567 1.000000
-0.217539 0.381087 2.666366 0.000000
-0.152200 0.192263 2.844827 0.000000
-0.340766 -0.024142 2.773265 0.086538
-0.018440 -0.029173 2.679543 0.548077
-0.148956 -0.021537 2.831529 0.000000
-0.393552 0.059833 2.799069 1.000000
0.025799 0.081697 2.713515 1.000000
-0.405797 -0.225687 2.784295 1.000000
0.046009 -0.202912 2.691626 1.000000
-0.399129 -0.278720 2.783228 0.408654
0.057256 -0.244730 2.660276 0.408654
-0.288614 -0.515213 2.812869 1.000000
-0.073111 -0.518636 2.767583 1.000000
-0.332495 -0.900971 2.837084 1.000000
-0.066218 -0.902773 2.828513 1.000000
-0.362279 -0.904219 2.731373 0.000000
-0.096061 -0.919861 2.724158 0.000000
-0.191455 0.591588 2.674958 1.000000
-0.319091 0.317556 2.797886 1.000000
-0.040345 0.342165 2.725666 1.000000
-0.210695 0.369389 2.655683 0.024038
-0.146335 0.188393 2.842418 0.000000
-0.339418 -0.025741 2.769297 0.086538
-0.014817 -0.037823 2.684494 0.615385
-0.149246 -0.025997 2.832756 0.000000
-0.393806 0.050844 2.797434 1.000000
0.031773 0.074850 2.717959 1.000000
-0.407329 -0.235390 2.780174 1.000000
0.036194 -0.212137 2.723406 1.000000
-0.402077 -0.288138 2.787113 0.307692
0.019076 -0.262548 2.728281 0.576923
-0.288490 -0.518769 2.812547 1.000000
-0.072918 -0.525395 2.769629 1.000000
-0.331574 -0.904423 2.839671 1.000000
-0.065096 -0.909088 2.833184 1.000000
-0.358799 -0.908862 2.733315 0.000000
-0.092262 -0.927025 2.728242 0.000000
-0.188264 0.585731 2.669581 1.000000
