-0.420795 0.222611 2.529866 1.000000
-0.062522 0.238730 2.498549 1.000000
-0.251802 0.278853 2.422966 0.000000
-0.228166 0.098413 2.600496 0.000000
-0.446587 -0.125497 2.497032 0.625000
-0.021517 -0.108886 2.474533 0.903846
-0.228011 -0.108761 2.606131 0.000000
-0.488618 -0.043503 2.527336 1.000000
0.019810 -0.022937 2.485347 1.000000
-0.479467 -0.321193 2.441537 1.000000
0.004743 -0.284121 2.358410 1.000000
-0.483478 -0.386314 2.420007 0.055288
-0.013258 -0.350243 2.363335 0.795673
-0.340092 -0.623603 2.529719 1.000000
-0.109391 -0.616195 2.518087 1.000000
-0.349625 -1.008130 2.623869 1.000000
-0.139499 -0.990354 2.644239 1.000000
-0.359742 -1.047596 2.461657 0.000000
-0.136688 -1.043984 2.485845 0.269231
-0.240130 0.513622 2.384251 1.000000
-0.421817 0.222672 2.523817 1.000000
-0.063184 0.235288 2.495133 1.000000
-0.251517 0.274517 2.416768 0.000000
-0.230717 0.099237 2.599738 0.000000
-0.444573 -0.126780 2.493310 0.528846
-0.019114 -0.112145 2.477917 0.826923
-0.227777 -0.111004 2.606044 0.000000
-0.488091 -0.043904 2.533411 1.000000
0.019107 -0.026818 2.486433 1.000000
-0.477637 -0.319066 2.439217 1.000000
0.007655 -0.287634 2.357825 1.000000
-0.488289 -0.384870 2.422581 0.139423
-0.025575 -0.339729 2.387863 0.745192
-0.339690 -0.625191 2.530620 1.000000
-0.110790 -0.619031 2.520712 1.000000
-0.356670 -1.011102 2.617797 1.000000
-0.122761 -0.998333 2.633860 1.000000
-0.363554 -1.047636 2.454731 0.000000
-0.121811 -1.046170 2.473599 0.168269
-0.240834 0.515763 2.386222 1.000000
-0.418138 0.223689 2.527911 1.000000
-0.059443 0.234523 2.499275 1.000000
-0.247545 0.276968 2.422040 0.000000
-0.227855 0.097106 2.600633 0.000000
-0.446482 -0.127463 2.502058 0.711538
-0.022220 -0.110269 2.467816 0.788462
-0.225011 -0.110127 2.605052 0.000000
-0.487336 -0.042329 2.533352 1.000000
0.021057 -0.028102 2.487818 1.000000
-0.483050 -0.320090 2.446359 1.000000
0.007310 -0.288522 2.358474 1.000000
-0.484242 -0.384875 2.423513 0.122596
-0.012335 -0.354100 2.352636 0.661058
-0.339811 -0.625537 2.529735 1.000000
-0.109053 -0.617271 2.519621 1.000000
-0.358146 -1.010835 2.619320 1.000000
-0.139760 -0.993782 2.638417 1.000000
-0.372110 -1.047949 2.456839 0.000000
-0.142064 -1.043931 2.478879 0.336538
-0.241751 0.512458 2.381416 1.000000
-0.419198 0.225404 2.527409 1.000000
-0.060394 0.234173 2.499431 1.000000
-0.248123 0.276648 2.421310 0.000000
-0.229688 0.098735 2.601978 0.000000
-0.445485 -0.126935 2.488837 0.682692
-0.019742 -0.112873 2.485360 0.798077
-0.231894 -0.111874 2.607624 0.000000
-0.488206 -0.041155 2.523941 1.000000
0.018011 -0.029344 2.483965 1.000000
-0.480210 -0.322832 2.449075 1.000000
0.001724 -0.293565 2.361766 1.000000
-0.484454 -0.389052 2.431264 0.088942
-0.020194 -0.353267 2.387761 0.644231
-0.341869 -0.625275 2.531339 1.000000
-0.108866 -0.619663 2.521116 1.000000
-0.354725 -1.010830 2.620770 1.000000
-0.132083 -0.999026 2.632295 1.000000
-0.357398 -1.048532 2.457847 0.000000
-0.124707 -1.046433 2.472074 0.221154
-0.241921 0.512676 2.384965 1.000000
-0.420920 0.223300 2.531285 1.000000
-0.062415 0.238700 2.502362 1.000000
-0.251104 0.281043 2.426512 0.000000
-0.229159 0.096987 2.600511 0.000000
-0.446235 -0.126161 2.503911 0.807692
-0.021721 -0.111430 2.471697 0.788462
-0.225136 -0.110741 2.608005 0.000000
-0.488907 -0.043893 2.529183 1.000000
0.019788 -0.023926 2.485367 1.000000
-0.479878 -0.323879 2.447018 1.000000
0.003246 -0.286239 2.358312 1.000000
-0.482386 -0.390539 2.430567 0.139423
-0.017138 -0.350205 2.372912 0.627404
-0.343420 -0.624838 2.531321 1.000000
-0.108341 -0.618151 2.517078 1.000000
-0.353943 -1.009990 2.622770 1.000000
-0.125340 -0.997126 2.630674 1.000000
-0.368163 -1.048119 2.460546 0.000000
-0.128842 -1.044993 2.470459 0.182692
-0.246523 0.510441 2.379139 1.000000
-0.421986 0.225047 2.527319 1.000000
-0.063464 0.236072 2.496650 1.000000
-0.252049 0.276474 2.419495 0.000000
-0.231048 0.100436 2.601712 0.000000
-0.448579 -0.131109 2.498077 0.759615
-0.023462 -0.113076 2.477651 0.894231
-0.230574 -0.114116 2.608272 0.000000
-0.489587 -0.042245 2.531151 1.000000
0.016937 -0.027339 2.483222 1.000000
-0.481330 -0.320156 2.442075 1.000000
-0.008607 -0.290062 2.358476 1.000000
-0.482508 -0.388410 2.434297 0.206731
-0.016077 -0.357427 2.369724 0.694712
-0.342234 -0.628711 2.531698 1.000000
-0.109700 -0.620726 2.519788 1.000000
-0.361482 -1.014595 2.618524 1.000000
-0.139137 -0.996167 2.642238 1.000000
-0.370037 -1.050855 2.455476 0.000000
-0.135638 -1.048263 2.483347 0.326923
-0.244934 0.513368 2.377382 1.000000
-0.423390 0.223716 2.528040 1.000000
-0.065147 0.238768 2.495868 1.000000
-0.254495 0.277317 2.419640 0.000000
-0.230777 0.100997 2.601251 0.000000
-0.445493 -0.122359 2.505300 0.855769
-0.021425 -0.108249 2.467433 0.875000
-0.222980 -0.107903 2.606478 0.000000
-0.488088 -0.043211 2.533548 1.000000
0.023274 -0.021188 2.487483 1.000000
-0.482629 -0.323615 2.456417 1.000000
-0.011699 -0.252745 2.314961 1.000000
-0.489633 -0.389894 2.439730 0.105769
-0.035526 -0.315754 2.328474 0.576923
-0.341463 -0.621580 2.527335 1.000000
-0.109771 -0.614601 2.517918 1.000000
-0.354913 -1.006535 2.619229 1.000000
-0.129877 -0.993305 2.631913 1.000000
-0.371016 -1.044656 2.457180 0.000000
-0.135712 -1.041199 2.471773 0.110577
-0.248840 0.515110 2.384106 1.000000
-0.424058 0.226850 2.534794 1.000000
-0.066106 0.238524 2.498277 1.000000
-0.255969 0.280091 2.424973 0.000000
-0.231876 0.101131 2.603933 0.000000
-0.443800 -0.122894 2.511052 0.836538
-0.020429 -0.104631 2.467569 0.740385
-0.220050 -0.107647 2.609346 0.000000
-0.488596 -0.039097 2.529453 1.000000
0.027582 -0.018310 2.484850 1.000000
-0.483342 -0.319059 2.454693 1.000000
-0.038835 -0.200858 2.269768 1.000000
-0.484472 -0.385479 2.437157 0.000000
-0.042697 -0.266451 2.249689 0.644231
-0.339359 -0.620981 2.528746 1.000000
-0.109224 -0.612098 2.520601 1.000000
-0.356637 -1.005887 2.620206 1.000000
-0.127931 -0.992892 2.627662 1.000000
-0.374590 -1.043565 2.458247 0.000000
-0.137045 -1.037677 2.466777 0.052885
-0.244377 0.515059 2.387202 1.000000
-0.422137 0.228719 2.537457 1.000000
-0.064488 0.236462 2.497122 1.000000
-0.254657 0.280042 2.425807 0.000000
-0.230610 0.100963 2.604654 0.000000
-0.443974 -0.125383 2.512451 0.673077
-0.021215 -0.104180 2.464576 0.817308
-0.219286 -0.109321 2.608449 0.000000
-0.487826 -0.036552 2.531290 1.000000
0.035712 -0.015726 2.464210 1.000000
-0.477063 -0.313969 2.449464 1.000000
-0.064637 -0.117073 2.212357 1.000000
-0.486429 -0.378470 2.427732 0.156250
-0.082610 -0.175734 2.181433 0.745192
-0.340224 -0.622499 2.528413 1.000000
-0.108657 -0.612277 2.519837 1.000000
-0.359137 -1.007584 2.618788 1.000000
-0.140714 -0.992241 2.626682 1.000000
-0.378723 -1.044622 2.456870 0.000000
-0.149604 -1.036756 2.465710 0.201923
-0.245845 0.513871 2.384170 1.000000
-0.427024 0.224281 2.534148 1.000000
-0.068006 0.239919 2.512663 1.000000
-0.255109 0.282101 2.432898 0.000000
-0.236654 0.098128 2.607388 0.000000
-0.443849 -0.124241 2.489257 0.740385
-0.018462 -0.101591 2.489346 1.000000
-0.231401 -0.108784 2.610025 0.000000
-0.489760 -0.037892 2.522127 1.000000
0.060951 0.038403 2.387856 1.000000
-0.482148 -0.312857 2.444861 1.000000
-0.114687 0.050091 2.162804 1.000000
-0.450889 -0.356189 2.401669 0.391827
-0.155078 0.008836 2.125561 0.846154
-0.339608 -0.620495 2.523766 1.000000
-0.107043 -0.611184 2.518072 1.000000
-0.356182 -1.004311 2.619823 1.000000
-0.140712 -0.985843 2.641815 1.000000
-0.357670 -1.044853 2.457568 0.000000
-0.129561 -1.039082 2.483657 0.192308
-0.246892 0.507377 2.378652 1.000000
-0.421767 0.232673 2.531019 1.000000
-0.062099 0.238903 2.516880 1.000000
-0.246365 0.285838 2.433259 0.000000
-0.236295 0.101702 2.608262 0.000000
-0.445606 -0.122986 2.491670 0.615385
-0.020321 -0.098508 2.491898 1.000000
-0.233182 -0.108071 2.612549 0.000000
-0.489087 -0.027543 2.522506 1.000000
0.067492 0.073601 2.348958 1.000000
-0.482146 -0.303342 2.452071 1.000000
-0.128123 0.150225 2.156765 1.000000
-0.462115 -0.338109 2.396300 0.560096
-0.174696 0.127512 2.111648 0.980769
-0.339109 -0.618815 2.524684 1.000000
-0.108363 -0.608610 2.519190 1.000000
-0.355210 -1.002335 2.621996 1.000000
-0.139133 -0.984037 2.641352 1.000000
-0.356429 -1.043419 2.459875 0.000000
-0.128451 -1.036474 2.482895 0.250000
-0.245581 0.512350 2.383728 1.000000
-0.415406 0.233566 2.518084 1.000000
-0.055459 0.239581 2.519517 1.000000
-0.235835 0.282820 2.426007 0.000000
-0.233610 0.106100 2.608761 0.000000
-0.443883 -0.119546 2.485153 0.788462
-0.018592 -0.098163 2.496865 1.000000
-0.234728 -0.105543 2.611708 0.000000
-0.487015 -0.026169 2.518651 1.000000
0.044495 0.110734 2.305044 0.892308
-0.477796 -0.301385 2.444130 1.000000
-0.146661 0.238017 2.135809 1.000000
-0.486076 -0.349261 2.395553 0.307692
-0.200013 0.226470 2.094089 1.000000
-0.339118 -0.615616 2.529124 1.000000
-0.109312 -0.607613 2.520567 1.000000
-0.354063 -1.001443 2.617044 1.000000
-0.140729 -0.983193 2.642092 1.000000
-0.350451 -1.038727 2.454043 0.000000
-0.126439 -1.035574 2.483900 0.288462
-0.241831 0.515961 2.382923 1.000000
-0.421722 0.244557 2.523605 1.000000
-0.062022 0.230078 2.526001 0.163462
-0.239265 0.287017 2.433849 0.000000
-0.247820 0.103615 2.609703 0.000000
-0.451561 -0.119361 2.488463 0.865385
-0.026172 -0.096998 2.491790 1.000000
-0.240051 -0.103601 2.610829 0.000000
-0.497247 -0.015890 2.531453 1.000000
0.011180 0.147375 2.278211 1.000000
-0.482961 -0.285476 2.433318 1.000000
-0.123716 0.343656 2.117625 1.000000
-0.472079 -0.338998 2.391635 0.610577
-0.173808 0.361971 2.074314 1.000000
-0.340394 -0.615725 2.528347 1.000000
-0.109586 -0.606179 2.518625 1.000000
-0.353142 -1.000104 2.622718 1.000000
-0.140926 -0.981870 2.639826 1.000000
-0.352501 -1.040002 2.460298 0.000000
-0.127769 -1.034054 2.481471 0.250000
-0.238427 0.505651 2.378577 1.000000
-0.424540 0.242154 2.533817 1.000000
-0.065576 0.227776 2.510632 0.346154
-0.249063 0.282992 2.430427 0.000000
-0.244696 0.102838 2.609757 0.000000
-0.451936 -0.116789 2.507615 0.961538
-0.027236 -0.098523 2.479978 1.000000
-0.231890 -0.104266 2.614298 0.000000
-0.497144 -0.019525 2.530430 1.000000
0.007106 0.147719 2.261500 1.000000
-0.488733 -0.291488 2.437389 1.000000
-0.078519 0.369903 2.100274 1.000000
-0.500677 -0.352781 2.466040 0.173077
-0.102377 0.426394 2.069292 1.000000
-0.342458 -0.615063 2.529060 1.000000
-0.109537 -0.606155 2.517697 1.000000
-0.353757 -1.000849 2.617704 1.000000
-0.140362 -0.980480 2.643183 1.000000
-0.365367 -1.037889 2.455021 0.000000
-0.137685 -1.033831 2.484694 0.192308
-0.240582 0.501779 2.374841 1.000000
-0.430293 0.230440 2.539001 1.000000
-0.072289 0.239906 2.502353 0.846154
-0.261943 0.281687 2.428632 0.000000
-0.238750 0.104458 2.609423 0.000000
-0.456790 -0.123551 2.526902 0.711538
-0.036107 -0.098075 2.464904 1.000000
-0.229111 -0.106381 2.615365 0.000000
-0.498910 -0.032085 2.545241 1.000000
0.005431 0.104741 2.280189 1.000000
-0.495947 -0.297794 2.435796 1.000000
-0.008667 0.320927 2.091368 1.000000
-0.494187 -0.366429 2.438367 0.408654
-0.001454 0.366854 2.040781 1.000000
-0.346153 -0.620405 2.525752 1.000000
-0.113158 -0.607307 2.515329 1.000000
-0.357418 -1.005953 2.615431 1.000000
-0.125677 -0.986743 2.627967 1.000000
-0.382157 -1.042741 2.454164 0.000000
-0.139312 -1.033768 2.468045 0.192308
-0.246921 0.508155 2.376873 1.000000
-0.428182 0.220004 2.545976 1.000000
-0.072225 0.241192 2.496522 1.000000
-0.265658 0.277722 2.430201 0.000000
-0.230350 0.099413 2.607945 0.000000
-0.453147 -0.125570 2.525541 0.567308
-0.032476 -0.104846 2.461722 1.000000
-0.224862 -0.111856 2.613038 0.000000
-0.490717 -0.043986 2.569433 1.000000
-0.021088 0.031068 2.331040 1.000000
-0.499599 -0.313696 2.467899 1.000000
0.054689 0.056792 2.054042 0.605769
-0.487955 -0.381296 2.464019 0.290865
0.065085 0.114484 2.018209 0.879808
-0.348313 -0.623710 2.521465 1.000000
-0.115639 -0.613400 2.509417 1.000000
-0.361523 -1.009078 2.611648 1.000000
-0.123035 -0.991824 2.625849 1.000000
-0.387569 -1.045876 2.450589 0.000000
-0.138503 -1.040521 2.466595 0.057692
-0.261970 0.501643 2.370476 1.000000
-0.437100 0.212980 2.566092 1.000000
-0.087703 0.241524 2.484197 1.000000
-0.287122 0.274036 2.435984 0.000000
-0.231969 0.096517 2.609417 0.000000
-0.449364 -0.124543 2.546988 0.269231
-0.035253 -0.107985 2.448474 1.000000
-0.214383 -0.115466 2.615251 0.000000
-0.489908 -0.054022 2.576207 1.000000
-0.014750 0.015074 2.351610 1.000000
-0.497523 -0.328712 2.488732 1.000000
-0.011427 -0.070605 2.076269 0.701923
-0.496076 -0.391129 2.517412 0.358173
0.020893 -0.130305 2.065697 1.000000
-0.350686 -0.623998 2.508689 1.000000
-0.115608 -0.614859 2.507120 1.000000
-0.360738 -1.003909 2.619966 1.000000
-0.124010 -0.994188 2.620501 1.000000
-0.399449 -1.048701 2.463544 0.000000
-0.152585 -1.040799 2.462440 0.000000
-0.268095 0.492350 2.364274 1.000000
-0.436339 0.209971 2.577009 1.000000
-0.091667 0.238238 2.476996 1.000000
-0.293341 0.270345 2.438966 0.000000
-0.229137 0.093888 2.610356 0.000000
-0.449805 -0.126854 2.553476 0.288462
-0.039939 -0.112463 2.438283 1.000000
-0.212251 -0.117876 2.612172 0.000000
-0.490457 -0.056739 2.580402 1.000000
-0.032859 -0.004392 2.368612 1.000000
-0.495380 -0.334546 2.503947 1.000000
-0.069416 -0.179950 2.143026 1.000000
-0.510127 -0.401496 2.499405 0.240385
-0.099209 -0.241476 2.149907 0.644231
-0.349977 -0.626958 2.503942 1.000000
-0.111751 -0.617556 2.507005 1.000000
-0.359602 -1.006668 2.615940 1.000000
-0.118119 -0.993957 2.629876 1.000000
-0.402961 -1.051354 2.460712 0.000000
-0.150853 -1.044354 2.473795 0.182692
-0.272234 0.490703 2.365919 1.000000
-0.434428 0.214608 2.583569 1.000000
-0.089866 0.237562 2.481833 1.000000
-0.291016 0.275001 2.445964 0.000000
-0.229654 0.093224 2.612774 0.000000
-0.452468 -0.129323 2.555650 0.192308
-0.041773 -0.109585 2.444263 1.000000
-0.215473 -0.120096 2.616531 0.000000
-0.491423 -0.051084 2.588022 1.000000
-0.065613 -0.008485 2.368992 1.000000
-0.498376 -0.328393 2.511491 1.000000
-0.215655 -0.166795 2.181292 1.000000
-0.512929 -0.375119 2.559713 0.408654
-0.260654 -0.211777 2.155367 0.644231
-0.350015 -0.627969 2.508480 1.000000
-0.111596 -0.615711 2.511961 1.000000
-0.357375 -1.009096 2.615736 1.000000
-0.130133 -0.991756 2.634688 1.000000
-0.399900 -1.052153 2.459818 0.000000
-0.159480 -1.041532 2.477737 0.211538
-0.270723 0.488134 2.367188 1.000000
-0.434741 0.210707 2.585795 1.000000
-0.091407 0.238885 2.481258 1.000000
-0.293424 0.272801 2.446787 0.000000
-0.227754 0.092886 2.613974 0.000000
-0.454601 -0.132197 2.562181 0.326923
-0.044910 -0.108209 2.447968 1.000000
-0.217255 -0.121380 2.621409 0.000000
-0.495289 -0.053058 2.588306 1.000000
-0.066780 0.002568 2.351673 1.000000
-0.502594 -0.330302 2.516217 1.000000
-0.264269 -0.065531 2.155522 1.000000
-0.500001 -0.398064 2.527260 0.290865
-0.315444 -0.094206 2.119756 0.879808
-0.350134 -0.629626 2.514148 1.000000
-0.113451 -0.615488 2.515676 1.000000
-0.358601 -1.011972 2.616887 1.000000
-0.134161 -0.992339 2.635552 1.000000
-0.402051 -1.052986 2.460674 0.000000
-0.164503 -1.040680 2.478342 0.201923
-0.267760 0.492357 2.375083 1.000000
-0.433527 0.217540 2.586426 1.000000
-0.090315 0.236647 2.479466 1.000000
-0.291995 0.271995 2.444465 0.000000
-0.228074 0.098040 2.618499 0.000000
-0.456556 -0.130551 2.561687 0.394231
-0.045537 -0.108359 2.451971 1.000000
-0.219894 -0.119422 2.623537 0.000000
-0.497738 -0.044553 2.585895 1.000000
-0.064687 0.017574 2.324010 1.000000
-0.510451 -0.317095 2.501077 1.000000
-0.270330 0.065185 2.131451 1.000000
-0.512790 -0.383947 2.485399 0.139423
-0.327965 0.054372 2.095649 0.947115
-0.348301 -0.628770 2.518695 1.000000
-0.113857 -0.615301 2.517500 1.000000
-0.361569 -1.012152 2.616969 1.000000
-0.125103 -0.996885 2.622778 1.000000
-0.402558 -1.051082 2.459562 0.000000
-0.157062 -1.039671 2.464284 0.100962
-0.261892 0.488072 2.363320 1.000000
-0.429305 0.223395 2.574575 1.000000
-0.080121 0.239565 2.488503 1.000000
-0.278941 0.277640 2.441920 0.000000
-0.227480 0.101164 2.617538 0.000000
-0.459895 -0.128619 2.566690 0.663462
-0.050834 -0.104732 2.450221 1.000000
-0.222312 -0.116209 2.624639 0.000000
-0.498744 -0.037729 2.580663 1.000000
-0.057481 0.057537 2.290015 1.000000
-0.514172 -0.307884 2.487557 1.000000
-0.209921 0.226488 2.116498 1.000000
-0.520233 -0.373717 2.468854 0.105769
-0.253535 0.262972 2.077934 1.000000
-0.350140 -0.626417 2.523449 1.000000
-0.116601 -0.611829 2.519311 1.000000
-0.362213 -1.010990 2.617114 1.000000
-0.134931 -0.989535 2.636863 1.000000
-0.405799 -1.047908 2.459920 0.000000
-0.166302 -1.036964 2.479577 0.173077
-0.258570 0.494333 2.365200 1.000000
-0.433311 0.223757 2.586290 1.000000
-0.085154 0.234891 2.495391 1.000000
-0.283387 0.281812 2.454753 0.000000
-0.234745 0.093031 2.617938 0.000000
-0.462365 -0.126975 2.564040 0.548077
-0.051691 -0.104451 2.453107 1.000000
-0.225600 -0.114323 2.625201 0.000000
-0.501906 -0.035985 2.585162 1.000000
-0.044416 0.081389 2.278711 1.000000
-0.509533 -0.299845 2.479177 1.000000
-0.162188 0.276568 2.108569 1.000000
-0.519481 -0.362205 2.452108 0.072115
-0.185188 0.330043 2.072075 1.000000
-0.350587 -0.625295 2.528994 1.000000
-0.117602 -0.611393 2.518945 1.000000
-0.361274 -1.012391 2.611807 1.000000
-0.137034 -0.988432 2.638443 1.000000
-0.403485 -1.045132 2.453318 0.000000
-0.165414 -1.036899 2.480905 0.240385
-0.259880 0.490597 2.376540 1.000000
-0.429458 0.225433 2.566676 1.000000
-0.077282 0.232775 2.492393 0.173077
-0.273294 0.277103 2.439821 0.000000
-0.232683 0.096953 2.614550 0.000000
-0.460731 -0.129556 2.551945 0.653846
-0.045439 -0.102480 2.461025 1.000000
-0.227444 -0.113036 2.624489 0.000000
-0.498634 -0.034583 2.575798 1.000000
-0.039352 0.080150 2.273889 0.507692
-0.506202 -0.303925 2.482782 1.000000
-0.136906 0.282036 2.097879 1.000000
-0.511405 -0.363161 2.517197 0.156250
-0.166552 0.329601 2.058141 1.000000
-0.348960 -0.626309 2.531851 1.000000
-0.118506 -0.611785 2.519665 1.000000
-0.359587 -1.013868 2.612479 1.000000
-0.125393 -0.993303 2.625554 1.000000
-0.395039 -1.046227 2.452265 0.000000
-0.151099 -1.037069 2.466192 0.115385
-0.257322 0.500407 2.376217 1.000000
-0.432668 0.221182 2.549545 1.000000
-0.074308 0.236739 2.518942 0.000000
-0.263359 0.280966 2.445095 0.000000
-0.240701 0.093145 2.614929 0.000000
-0.458852 -0.130849 2.512370 0.759615
-0.034735 -0.099474 2.487720 1.000000
-0.240326 -0.107991 2.620453 0.000000
-0.497076 -0.039297 2.574371 1.000000
-0.027884 0.073029 2.309998 1.000000
-0.502487 -0.309147 2.481851 1.000000
-0.140466 0.243257 2.110610 1.000000
-0.498446 -0.369949 2.513588 0.425481
-0.162084 0.293828 2.069432 1.000000
-0.347725 -0.625250 2.533976 1.000000
-0.112979 -0.611315 2.516785 1.000000
-0.356860 -1.013385 2.611978 1.000000
-0.138974 -0.986199 2.641693 1.000000
-0.367326 -1.046036 2.448280 0.000000
-0.134875 -1.039308 2.483152 0.211538
-0.258377 0.494343 2.374203 1.000000
-0.420530 0.227566 2.532970 1.000000
-0.060869 0.239578 2.522998 0.000000
-0.244902 0.284548 2.437799 0.000000
-0.233895 0.098664 2.610888 0.000000
-0.457325 -0.129629 2.512310 0.625000
-0.033520 -0.096911 2.484288 1.000000
-0.237968 -0.106724 2.618686 0.000000
-0.494551 -0.028535 2.570671 1.000000
-0.020140 0.047682 2.338591 1.000000
-0.493352 -0.300500 2.485224 1.000000
-0.154052 0.186676 2.128791 1.000000
-0.502253 -0.365853 2.465983 0.307692
-0.176814 0.244785 2.100057 0.913462
-0.345990 -0.623704 2.531106 1.000000
-0.112716 -0.608909 2.519980 1.000000
-0.356095 -1.010583 2.615002 1.000000
-0.127817 -0.989162 2.629502 1.000000
-0.367960 -1.045642 2.451899 0.000000
-0.128865 -1.035413 2.468778 0.096154
-0.258360 0.499506 2.368068 1.000000
-0.425913 0.229547 2.540513 1.000000
-0.068489 0.236991 2.498176 1.000000
-0.259002 0.281120 2.428129 0.000000
-0.234178 0.101258 2.606081 0.000000
-0.455257 -0.127704 2.519485 0.701923
-0.033264 -0.098308 2.469234 1.000000
-0.230477 -0.106073 2.614165 0.000000
-0.494968 -0.029056 2.567620 1.000000
0.005160 0.003993 2.385630 1.000000
-0.489795 -0.297127 2.471412 1.000000
-0.148708 0.098660 2.165386 1.000000
-0.508530 -0.356669 2.500121 0.425481
-0.195843 0.126298 2.123734 0.778846
-0.345711 -0.622749 2.532106 1.000000
-0.113676 -0.608725 2.521329 1.000000
-0.359327 -1.009887 2.614292 1.000000
-0.126700 -0.990132 2.627041 1.000000
-0.379556 -1.043682 2.451746 0.000000
-0.137594 -1.034363 2.466114 0.115385
-0.266964 0.513309 2.380789 1.000000
-0.434505 0.221643 2.542736 1.000000
-0.079284 0.240746 2.487481 1.000000
-0.273612 0.276042 2.423137 0.000000
-0.236008 0.102194 2.604787 0.000000
-0.449644 -0.124575 2.525496 0.586538
-0.029413 -0.101904 2.459472 1.000000
-0.221111 -0.107370 2.611722 0.000000
-0.492273 -0.038777 2.561845 1.000000
0.025581 -0.004741 2.471337 1.000000
-0.491190 -0.305618 2.467097 1.000000
-0.110895 -0.067340 2.231257 1.000000
-0.507478 -0.362311 2.502325 0.358173
-0.158878 -0.096551 2.191700 0.677885
-0.347525 -0.621301 2.534044 1.000000
-0.114644 -0.610472 2.518603 1.000000
-0.357124 -1.009301 2.612653 1.000000
-0.137941 -0.986522 2.640500 1.000000
-0.384299 -1.041424 2.450782 0.000000
-0.152828 -1.037055 2.481763 0.182692
-0.270258 0.516194 2.387182 1.000000
-0.435573 0.220447 2.545317 1.000000
-0.080932 0.241900 2.487268 1.000000
-0.275960 0.277387 2.425188 0.000000
-0.236055 0.100871 2.603747 0.000000
-0.451539 -0.126848 2.514724 0.365385
-0.028543 -0.102544 2.470557 0.798077
-0.227787 -0.109771 2.612711 0.000000
-0.492583 -0.039779 2.557297 1.000000
0.015370 -0.006770 2.488189 1.000000
-0.492602 -0.305627 2.462171 1.000000
-0.062467 -0.169290 2.270813 1.000000
-0.494403 -0.366588 2.493808 0.408654
-0.100230 -0.221217 2.246359 0.745192
-0.347912 -0.623029 2.530402 1.000000
-0.116318 -0.612138 2.518316 1.000000
-0.355158 -1.009649 2.615772 1.000000
-0.137487 -0.988454 2.639781 1.000000
-0.374121 -1.045140 2.453434 0.000000
-0.144737 -1.039411 2.480648 0.235577
-0.274282 0.514058 2.384115 1.000000
-0.431726 0.220603 2.544276 1.000000
-0.076831 0.239546 2.486913 1.000000
-0.271455 0.277380 2.424950 0.000000
-0.233344 0.098687 2.601726 0.000000
-0.452930 -0.125607 2.516269 0.394231
-0.030230 -0.104714 2.467739 0.894231
-0.228117 -0.109068 2.611892 0.000000
-0.493368 -0.039231 2.554240 1.000000
0.008237 -0.013785 2.486880 1.000000
-0.487184 -0.306696 2.462123 1.000000
-0.025548 -0.233195 2.311441 1.000000
-0.506694 -0.370575 2.446024 0.223558
-0.029249 -0.301752 2.308855 1.000000
-0.346195 -0.623346 2.527043 1.000000
-0.115263 -0.612864 2.520251 1.000000
-0.356035 -1.009050 2.616213 1.000000
-0.138265 -0.987693 2.645910 1.000000
-0.376252 -1.045956 2.454343 0.000000
-0.145905 -1.040377 2.487359 0.197115
-0.274528 0.509178 2.377704 1.000000
-0.432791 0.221926 2.534405 1.000000
-0.076518 0.236784 2.484922 1.000000
-0.269355 0.273864 2.417185 0.000000
-0.236687 0.100640 2.600379 0.000000
-0.452857 -0.132033 2.517883 0.538462
-0.031618 -0.107950 2.459191 0.961538
-0.226174 -0.110163 2.607855 0.000000
-0.492956 -0.039385 2.554206 1.000000
0.010613 -0.017582 2.485942 1.000000
-0.487868 -0.308293 2.460863 1.000000
0.018952 -0.281547 2.379627 1.000000
-0.490951 -0.374485 2.442712 0.105769
0.003298 -0.344565 2.402082 0.846154
-0.347384 -0.628652 2.526867 1.000000
-0.115657 -0.616550 2.521477 1.000000
-0.358147 -1.013634 2.619000 1.000000
-0.124691 -0.996096 2.634079 1.000000
-0.382481 -1.051503 2.457922 0.000000
-0.139605 -1.043150 2.474279 0.105769
-0.271389 0.510862 2.372309 1.000000
-0.434160 0.217204 2.527702 1.000000
-0.077487 0.240006 2.484520 1.000000
-0.269865 0.271343 2.412699 0.000000
-0.236452 0.101750 2.599127 0.000000
-0.452658 -0.126323 2.506778 0.576923
-0.028579 -0.105775 2.472109 0.961538
-0.231183 -0.108054 2.609603 0.000000
-0.493974 -0.045297 2.544937 1.000000
0.010333 -0.014897 2.494188 1.000000
-0.486125 -0.316232 2.454779 1.000000
0.025050 -0.285859 2.404972 1.000000
-0.494327 -0.383097 2.441281 0.088942
0.020317 -0.354010 2.412278 0.644231
-0.347490 -0.623571 2.529949 1.000000
-0.111941 -0.613999 2.517878 1.000000
-0.360447 -1.010376 2.613794 1.000000
-0.139239 -0.988233 2.644445 1.000000
-0.375125 -1.045200 2.450869 0.000000
-0.140215 -1.041752 2.485992 0.274038
-0.267403 0.513805 2.374557 1.000000
