-0.428043 0.220399 2.523130 1.000000
-0.069796 0.237136 2.491849 1.000000
-0.259122 0.272473 2.414028 0.000000
-0.234864 0.100868 2.600030 0.000000
-0.448898 -0.130397 2.492815 0.615385
-0.023548 -0.109579 2.482298 0.855769
-0.233648 -0.111741 2.608042 0.000000
-0.492329 -0.045285 2.531961 1.000000
0.013388 -0.023392 2.489760 1.000000
-0.486196 -0.321473 2.445129 1.000000
0.009815 -0.279727 2.355087 1.000000
-0.464565 -0.385029 2.430532 0.391827
0.011531 -0.348392 2.353465 0.560096
-0.343230 -0.627176 2.528445 1.000000
-0.110400 -0.618183 2.520759 1.000000
-0.356670 -1.012195 2.620073 1.000000
-0.139299 -0.994641 2.640176 1.000000
-0.362035 -1.050719 2.457409 0.000000
-0.132730 -1.045630 2.481023 0.355769
-0.266368 0.511293 2.374167 1.000000
-0.430092 0.223219 2.529778 1.000000
-0.072174 0.238736 2.494373 1.000000
-0.262248 0.277708 2.420194 0.000000
-0.236732 0.100104 2.600304 0.000000
-0.449646 -0.126850 2.494546 0.759615
-0.024394 -0.107006 2.479263 0.865385
-0.233107 -0.108057 2.607310 0.000000
-0.495049 -0.043083 2.523132 1.000000
0.011995 -0.022167 2.489328 1.000000
-0.481562 -0.324469 2.452949 1.000000
-0.006827 -0.274895 2.347695 1.000000
-0.493544 -0.387195 2.427606 0.139423
-0.017106 -0.342762 2.344734 0.778846
-0.343546 -0.624062 2.527827 1.000000
-0.111086 -0.615393 2.518270 1.000000
-0.361007 -1.009556 2.616738 1.000000
-0.138641 -0.989480 2.645217 1.000000
-0.367883 -1.046816 2.453837 0.000000
-0.133173 -1.043558 2.487045 0.182692
-0.262380 0.511108 2.373010 1.000000
-0.429207 0.224074 2.529281 1.000000
-0.071367 0.236176 2.491817 1.000000
-0.261502 0.275961 2.418231 0.000000
-0.236513 0.100086 2.600102 0.000000
-0.449877 -0.124160 2.495503 0.615385
-0.024448 -0.106776 2.482255 0.740385
-0.233714 -0.108020 2.609395 0.000000
-0.494164 -0.042084 2.531221 1.000000
0.014094 -0.024077 2.486489 1.000000
-0.479267 -0.318076 2.443128 1.000000
-0.029987 -0.243759 2.302232 1.000000
-0.468864 -0.384320 2.428162 0.274038
-0.046608 -0.310422 2.301693 0.543269
-0.344701 -0.622239 2.527042 1.000000
-0.112011 -0.614713 2.516989 1.000000
-0.360483 -1.007812 2.615927 1.000000
-0.139870 -0.988685 2.644209 1.000000
-0.366844 -1.045108 2.453013 0.000000
-0.133544 -1.042933 2.486127 0.173077
-0.264615 0.509574 2.369414 1.000000
-0.430407 0.223942 2.528277 1.000000
-0.071734 0.239327 2.501494 1.000000
-0.259957 0.278911 2.423041 0.000000
-0.238880 0.100233 2.602662 0.000000
-0.451708 -0.127049 2.502625 0.644231
-0.027188 -0.100862 2.478879 1.000000
-0.233071 -0.108088 2.611236 0.000000
-0.495884 -0.041516 2.534254 1.000000
0.024196 -0.014630 2.468409 1.000000
-0.482595 -0.318000 2.449232 1.000000
-0.075160 -0.160654 2.238945 1.000000
-0.471166 -0.385368 2.442065 0.425481
-0.115927 -0.198950 2.199046 0.543269
-0.345053 -0.622651 2.527027 1.000000
-0.112763 -0.611010 2.519247 1.000000
-0.356631 -1.008642 2.614733 1.000000
-0.127252 -0.992228 2.625451 1.000000
-0.367168 -1.045327 2.451896 0.000000
-0.128578 -1.037065 2.464328 0.057692
-0.262822 0.507892 2.371637 1.000000
-0.432273 0.223326 2.525982 1.000000
-0.072960 0.238583 2.509815 1.000000
-0.258756 0.277704 2.425562 0.000000
-0.243060 0.100059 2.606750 0.000000
-0.453147 -0.130680 2.497193 0.788462
-0.028548 -0.098430 2.485266 1.000000
-0.237742 -0.110802 2.611926 0.000000
-0.496836 -0.039965 2.527554 1.000000
0.031475 0.016185 2.395251 1.000000
-0.485990 -0.318505 2.459062 1.000000
-0.119236 0.047030 2.152912 0.923077
-0.491829 -0.382114 2.433759 0.173077
-0.167346 0.019235 2.112498 0.745192
-0.342952 -0.624361 2.525778 1.000000
-0.110500 -0.610045 2.520863 1.000000
-0.358170 -1.009615 2.616128 1.000000
-0.139337 -0.986977 2.638790 1.000000
-0.363462 -1.047586 2.453332 0.000000
-0.132687 -1.037339 2.479441 0.245192
-0.257228 0.503726 2.371291 1.000000
-0.427288 0.229748 2.505840 1.000000
-0.068232 0.236557 2.530992 0.000000
-0.242053 0.277604 2.424923 0.014423
-0.251791 0.104438 2.610806 0.000000
-0.449279 -0.129777 2.476183 0.903846
-0.026221 -0.095388 2.512333 1.000000
-0.248116 -0.111572 2.614603 0.000000
-0.497356 -0.030759 2.531925 1.000000
0.027981 0.070586 2.339547 1.000000
-0.491310 -0.305675 2.449856 1.000000
-0.134478 0.169585 2.124706 1.000000
-0.497194 -0.371153 2.429898 0.223558
-0.185627 0.175951 2.079278 0.644231
-0.343250 -0.621407 2.528797 1.000000
-0.111821 -0.608886 2.516976 1.000000
-0.355889 -1.007089 2.617712 1.000000
-0.140376 -0.983785 2.641281 1.000000
-0.342404 -1.044958 2.455364 0.000000
-0.117263 -1.037500 2.484586 0.173077
-0.244334 0.500611 2.360276 1.000000
-0.426220 0.233487 2.509501 1.000000
-0.068063 0.233606 2.545876 0.000000
-0.237916 0.282362 2.436687 0.000000
-0.255816 0.100603 2.613539 0.000000
-0.450262 -0.129299 2.477450 1.000000
-0.026762 -0.099529 2.512509 1.000000
-0.248584 -0.112882 2.615344 0.000000
-0.499127 -0.025844 2.531683 1.000000
0.009713 0.104467 2.321523 0.938462
-0.490079 -0.296741 2.439806 1.000000
-0.111678 0.273552 2.125098 1.000000
-0.501084 -0.357200 2.470532 0.324519
-0.163120 0.293635 2.084223 1.000000
-0.344054 -0.622142 2.532819 1.000000
-0.114064 -0.611688 2.520468 1.000000
-0.355404 -1.008305 2.619796 1.000000
-0.127115 -0.991703 2.631077 1.000000
-0.342193 -1.045309 2.457227 0.000000
-0.107038 -1.038741 2.471838 0.076923
-0.237908 0.482316 2.347219 1.000000
-0.430674 0.237507 2.520037 1.000000
-0.070790 0.231636 2.513050 0.519231
-0.251828 0.278889 2.422819 0.000000
-0.251031 0.105985 2.609199 0.000000
-0.454787 -0.120678 2.495585 1.000000
-0.029459 -0.098106 2.488284 1.000000
-0.240320 -0.104340 2.612610 0.000000
-0.500310 -0.024418 2.545804 1.000000
0.004156 0.116057 2.278225 1.000000
-0.504819 -0.290032 2.433897 1.000000
-0.036463 0.342345 2.104334 1.000000
-0.489858 -0.356533 2.425285 0.475962
-0.041824 0.400833 2.068686 1.000000
-0.347994 -0.616998 2.529883 1.000000
-0.114273 -0.607682 2.515108 1.000000
-0.354403 -1.003700 2.614948 1.000000
-0.124842 -0.986992 2.628369 1.000000
-0.358568 -1.039555 2.451639 0.000000
-0.119290 -1.034960 2.468241 0.134615
-0.236912 0.487325 2.344344 1.000000
-0.427440 0.232594 2.530306 1.000000
-0.069395 0.238840 2.493363 1.000000
-0.258840 0.278785 2.418101 0.000000
-0.236538 0.108375 2.605443 0.000000
-0.461346 -0.122528 2.516186 0.894231
-0.038170 -0.098790 2.473452 1.000000
-0.237927 -0.105361 2.614916 0.000000
-0.499526 -0.028657 2.548039 1.000000
0.005990 0.078553 2.287480 1.000000
-0.505500 -0.295191 2.440243 1.000000
0.051996 0.272543 2.080242 1.000000
-0.500858 -0.355203 2.407115 0.173077
0.045026 0.335679 2.054056 1.000000
-0.352773 -0.619667 2.524309 1.000000
-0.119559 -0.608323 2.512795 1.000000
-0.360295 -1.005821 2.611742 1.000000
-0.123333 -0.986842 2.629090 1.000000
-0.378403 -1.042202 2.449505 0.000000
-0.130808 -1.035844 2.469354 0.115385
-0.235863 0.494684 2.344785 1.000000
-0.425081 0.228212 2.542542 1.000000
-0.070127 0.241592 2.483989 1.000000
-0.264471 0.279525 2.421213 0.000000
-0.227873 0.106062 2.603435 0.000000
-0.458489 -0.124187 2.536455 0.634615
-0.041547 -0.098881 2.452875 1.000000
-0.226562 -0.106925 2.613071 0.000000
-0.495958 -0.032754 2.564499 1.000000
-0.007744 0.034775 2.319842 1.000000
-0.505136 -0.298098 2.454808 1.000000
0.082590 0.101647 2.055472 0.894231
-0.497080 -0.365542 2.465147 0.425481
0.113208 0.151097 2.018897 0.930288
-0.355378 -0.621005 2.520610 1.000000
-0.120850 -0.608734 2.504702 1.000000
-0.351712 -1.005539 2.615140 1.000000
-0.131493 -0.981734 2.637268 1.000000
-0.386960 -1.044885 2.456452 0.000000
-0.151040 -1.036864 2.480580 0.211538
-0.249527 0.501908 2.358919 1.000000
-0.430679 0.216338 2.550532 1.000000
-0.081013 0.230293 2.466040 1.000000
-0.279815 0.263363 2.415706 0.000000
-0.228073 0.099086 2.602707 0.000000
-0.450588 -0.126068 2.548563 0.423077
-0.040441 -0.114549 2.434045 1.000000
-0.213130 -0.116948 2.607628 0.000000
-0.489283 -0.045037 2.577973 1.000000
-0.000338 0.004065 2.344314 1.000000
-0.498966 -0.315467 2.488199 1.000000
-0.000233 -0.130668 2.093052 1.000000
-0.480237 -0.380976 2.479350 0.375000
-0.000256 -0.199368 2.093882 1.000000
-0.354352 -0.627002 2.507162 1.000000
-0.117791 -0.619192 2.506085 1.000000
-0.353195 -1.002789 2.632056 1.000000
-0.134351 -0.992223 2.637953 1.000000
-0.397903 -1.053742 2.479159 0.000000
-0.165474 -1.045763 2.482590 0.245192
-0.258830 0.506768 2.373041 1.000000
-0.429843 0.216733 2.565102 1.000000
-0.083971 0.233571 2.466671 1.000000
-0.284425 0.270925 2.427021 0.000000
-0.226269 0.095220 2.601318 0.000000
-0.447505 -0.123490 2.550113 0.192308
-0.039768 -0.118097 2.426873 1.000000
-0.208749 -0.117062 2.604080 0.000000
-0.487089 -0.045222 2.577441 1.000000
-0.033637 -0.009324 2.364113 1.000000
-0.493529 -0.321660 2.511742 1.000000
-0.093996 -0.197941 2.160260 1.000000
-0.497486 -0.380785 2.476972 0.105769
-0.134146 -0.252794 2.170238 0.812500
-0.351385 -0.626316 2.504770 1.000000
-0.116521 -0.620232 2.507940 1.000000
-0.356301 -1.002550 2.628219 1.000000
-0.120230 -0.994760 2.636510 1.000000
-0.402532 -1.052116 2.475319 0.000000
-0.157593 -1.047361 2.482206 0.187500
-0.260768 0.499887 2.366169 1.000000
-0.431790 0.216854 2.565562 1.000000
-0.085723 0.232033 2.467548 1.000000
-0.286022 0.269551 2.427273 0.000000
-0.228574 0.095143 2.603100 0.000000
-0.450624 -0.128129 2.555509 0.182692
-0.045210 -0.114668 2.425412 1.000000
-0.211092 -0.118879 2.605478 0.000000
-0.492534 -0.044319 2.577866 1.000000
-0.048694 -0.014568 2.368202 1.000000
-0.493837 -0.320462 2.510621 1.000000
-0.208292 -0.160066 2.183440 1.000000
-0.478891 -0.385329 2.527632 0.257212
-0.228927 -0.225420 2.178588 0.745192
-0.350656 -0.628744 2.507238 1.000000
-0.112625 -0.617644 2.512218 1.000000
-0.360565 -1.009542 2.615456 1.000000
-0.134979 -0.991637 2.640459 1.000000
-0.409205 -1.052113 2.461202 0.000000
-0.171235 -1.042652 2.485360 0.206731
-0.260612 0.499389 2.365683 1.000000
-0.428721 0.226277 2.562507 1.000000
-0.079437 0.232804 2.475570 1.000000
-0.277254 0.276274 2.429438 0.000000
-0.230215 0.098598 2.605086 0.000000
-0.456553 -0.131894 2.550792 0.259615
-0.047330 -0.104907 2.435572 1.000000
-0.219325 -0.116472 2.609474 0.000000
-0.493301 -0.031924 2.583979 1.000000
-0.062415 0.006917 2.334203 1.000000
-0.498141 -0.306345 2.516127 1.000000
-0.284107 -0.005047 2.159150 1.000000
-0.477104 -0.371711 2.518386 0.358173
-0.334540 -0.037748 2.125870 1.000000
-0.349364 -0.628645 2.513154 1.000000
-0.115569 -0.612131 2.515660 1.000000
-0.356936 -1.010286 2.618551 1.000000
-0.116770 -0.993264 2.623138 1.000000
-0.400746 -1.052446 2.462744 0.000000
-0.153018 -1.037473 2.465963 0.120192
-0.256813 0.503703 2.369161 1.000000
-0.431397 0.228274 2.569500 1.000000
-0.083167 0.236717 2.478592 1.000000
-0.281725 0.279158 2.434746 0.000000
-0.231741 0.101629 2.609728 0.000000
-0.457629 -0.129174 2.561312 0.490385
-0.052291 -0.101088 2.433329 1.000000
-0.218640 -0.114333 2.612524 0.000000
-0.501794 -0.028629 2.573334 1.000000
-0.056596 0.034261 2.307493 1.000000
-0.498376 -0.299142 2.493489 1.000000
-0.267365 0.120903 2.141258 1.000000
-0.498380 -0.367832 2.492075 0.442308
-0.326787 0.106341 2.109995 1.000000
-0.349099 -0.625642 2.514102 1.000000
-0.114432 -0.608115 2.514814 1.000000
-0.365045 -1.008024 2.615816 1.000000
-0.132132 -0.984864 2.635492 1.000000
-0.412078 -1.047448 2.460232 0.000000
-0.168096 -1.033154 2.479456 0.201923
-0.258028 0.499659 2.365443 1.000000
-0.429043 0.223572 2.565239 1.000000
-0.078403 0.237861 2.484943 1.000000
-0.276089 0.278742 2.435969 0.009615
-0.229103 0.098589 2.609090 0.000000
-0.458621 -0.127725 2.537338 0.711538
-0.042305 -0.100268 2.451352 1.000000
-0.226108 -0.112774 2.612653 0.000000
-0.494796 -0.035201 2.575555 1.000000
-0.050153 0.058059 2.289326 1.000000
-0.507294 -0.301002 2.479469 1.000000
-0.219459 0.219941 2.130678 1.000000
-0.501735 -0.368273 2.492282 0.492788
-0.273597 0.236654 2.091818 1.000000
-0.349796 -0.624220 2.516861 1.000000
-0.116884 -0.609176 2.513306 1.000000
-0.357775 -1.007806 2.614910 1.000000
-0.123747 -0.987414 2.630373 1.000000
-0.391656 -1.047705 2.456062 0.000000
-0.146889 -1.036005 2.472019 0.192308
-0.253852 0.501298 2.372760 1.000000
-0.429563 0.219866 2.553324 1.000000
-0.076617 0.235004 2.484041 0.278846
-0.273000 0.271174 2.426814 0.000000
-0.229819 0.099486 2.609276 0.000000
-0.459672 -0.128816 2.539914 0.509615
-0.044536 -0.103029 2.447913 1.000000
-0.226137 -0.113181 2.611853 0.000000
-0.496362 -0.038681 2.572087 1.000000
-0.040905 0.074917 2.272481 0.646154
-0.506446 -0.302941 2.470086 1.000000
-0.141429 0.282203 2.107354 1.000000
-0.502165 -0.368894 2.451318 0.257212
-0.164802 0.331065 2.065086 1.000000
-0.350130 -0.625846 2.521170 1.000000
-0.115783 -0.611273 2.511826 1.000000
-0.357969 -1.007511 2.626461 1.000000
-0.131721 -0.987651 2.633896 1.000000
-0.393587 -1.050289 2.468746 0.019231
-0.154477 -1.037897 2.476003 0.153846
-0.261527 0.499996 2.364628 1.000000
-0.429479 0.227006 2.543387 1.000000
-0.072700 0.233938 2.495840 0.000000
-0.264171 0.277944 2.428373 0.000000
-0.236923 0.098822 2.606717 0.000000
-0.459051 -0.129546 2.520791 0.740385
-0.038120 -0.101093 2.461846 1.000000
-0.232154 -0.110671 2.610900 0.000000
-0.496061 -0.031596 2.572530 1.000000
-0.041518 0.078020 2.279335 0.569231
-0.496282 -0.294298 2.463519 1.000000
-0.116353 0.271380 2.084635 1.000000
-0.501871 -0.360227 2.445010 0.307692
-0.138982 0.320345 2.042082 1.000000
-0.350455 -0.625281 2.521982 1.000000
-0.116370 -0.611324 2.511501 1.000000
-0.356963 -1.010581 2.613180 1.000000
-0.123664 -0.988055 2.633306 1.000000
-0.381323 -1.048303 2.452071 0.000000
-0.136097 -1.039147 2.474537 0.173077
-0.263623 0.507579 2.377624 1.000000
-0.427061 0.227634 2.533702 1.000000
-0.068203 0.234678 2.505921 0.000000
-0.255674 0.278517 2.427933 0.000000
-0.238244 0.099612 2.607719 0.000000
-0.457994 -0.129866 2.515627 0.711538
-0.036038 -0.098717 2.466137 1.000000
-0.233312 -0.109402 2.610797 0.000000
-0.495726 -0.029580 2.567277 1.000000
-0.040052 0.067317 2.298079 0.446154
-0.491496 -0.294153 2.463818 1.000000
-0.117514 0.255081 2.099420 1.000000
-0.510016 -0.360287 2.461902 0.223558
-0.148893 0.299516 2.057453 1.000000
-0.350521 -0.624621 2.520422 1.000000
-0.113718 -0.609874 2.510695 1.000000
-0.357495 -1.009044 2.615217 1.000000
-0.134827 -0.984222 2.638107 1.000000
-0.378615 -1.048405 2.454043 0.000000
-0.140865 -1.037771 2.479776 0.192308
-0.264114 0.507507 2.377428 1.000000
-0.424233 0.226286 2.520934 1.000000
-0.064554 0.239105 2.512767 0.000000
-0.248113 0.277536 2.423443 0.004808
-0.237710 0.103637 2.608604 0.000000
-0.458151 -0.131096 2.504017 0.692308
-0.034489 -0.096135 2.476525 1.000000
-0.238874 -0.109112 2.610752 0.000000
-0.496490 -0.031151 2.561796 1.000000
-0.029515 0.060584 2.312598 0.892308
-0.493741 -0.304793 2.477307 1.000000
-0.130181 0.236553 2.110293 1.000000
-0.507563 -0.372051 2.474907 0.274038
-0.156802 0.289424 2.075418 1.000000
-0.349050 -0.624450 2.519658 1.000000
-0.113307 -0.608308 2.516797 1.000000
-0.356458 -1.008325 2.616617 1.000000
-0.126590 -0.988714 2.626024 1.000000
-0.369043 -1.048938 2.454862 0.000000
-0.128057 -1.034823 2.465262 0.153846
-0.258487 0.511988 2.374780 1.000000
-0.420301 0.226109 2.511482 1.000000
-0.060760 0.242884 2.518463 0.000000
-0.240840 0.279910 2.421769 0.000000
-0.236254 0.104914 2.606130 0.000000
-0.457328 -0.131344 2.486928 0.644231
-0.033027 -0.094128 2.494037 1.000000
-0.247473 -0.109624 2.611215 0.000000
-0.498824 -0.030548 2.553881 1.000000
-0.012441 0.043618 2.340153 1.000000
-0.493547 -0.308305 2.479040 1.000000
-0.130850 0.187046 2.120640 1.000000
-0.496478 -0.370198 2.508722 0.341346
-0.177714 0.225881 2.088766 0.846154
-0.348794 -0.622831 2.526355 1.000000
-0.112167 -0.607557 2.515367 1.000000
-0.356019 -1.009262 2.612579 1.000000
-0.138307 -0.982886 2.638901 1.000000
-0.354135 -1.045716 2.449361 0.000000
-0.123948 -1.035883 2.480921 0.211538
-0.260298 0.513161 2.373358 1.000000
-0.427401 0.223217 2.523400 1.000000
-0.068687 0.236461 2.496030 1.000000
-0.256801 0.275134 2.416865 0.000000
-0.236348 0.100338 2.600337 0.000000
-0.454257 -0.131282 2.503449 0.701923
-0.030941 -0.097484 2.469859 1.000000
-0.233526 -0.108461 2.606962 0.000000
-0.493407 -0.040216 2.552820 1.000000
0.008090 0.001743 2.379275 1.000000
-0.495604 -0.317604 2.470921 1.000000
-0.125828 0.099667 2.142350 0.980769
-0.484358 -0.383546 2.486593 0.560096
-0.188885 0.101206 2.115111 0.576923
-0.348126 -0.623820 2.531657 1.000000
-0.115511 -0.609660 2.514647 1.000000
-0.351247 -1.009900 2.619680 1.000000
-0.139376 -0.983915 2.641847 1.000000
-0.365758 -1.046826 2.457204 0.000000
-0.141755 -1.037594 2.483463 0.230769
-0.266074 0.513495 2.378470 1.000000
-0.436490 0.218520 2.531224 1.000000
-0.080702 0.235722 2.479080 1.000000
-0.274329 0.268958 2.411602 0.000000
-0.238721 0.101101 2.599191 0.000000
-0.452407 -0.127348 2.508410 0.586538
-0.029787 -0.107324 2.458823 1.000000
-0.227450 -0.108886 2.603340 0.000000
-0.494286 -0.045902 2.545929 1.000000
0.010152 -0.018581 2.455600 1.000000
-0.489927 -0.322271 2.468625 1.000000
-0.094858 -0.097503 2.200415 1.000000
-0.504961 -0.381210 2.500571 0.324519
-0.125417 -0.136703 2.152982 0.543269
-0.344612 -0.624977 2.526522 1.000000
-0.113437 -0.614626 2.518084 1.000000
-0.358809 -1.010537 2.615726 1.000000
-0.132929 -0.991927 2.636744 1.000000
-0.378829 -1.047266 2.453792 0.000000
-0.142309 -1.041583 2.477311 0.187500
-0.268210 0.515016 2.377786 1.000000
-0.436253 0.217812 2.538159 1.000000
-0.081416 0.239480 2.481403 1.000000
-0.276247 0.274409 2.418392 0.000000
-0.236805 0.098784 2.597930 0.000000
-0.448121 -0.125311 2.517334 0.576923
-0.027773 -0.107938 2.450458 0.711538
-0.219382 -0.107641 2.602918 0.000000
-0.490287 -0.046325 2.552368 1.000000
0.015307 -0.012238 2.468280 1.000000
-0.490642 -0.317358 2.461494 1.000000
-0.045899 -0.207054 2.268236 1.000000
-0.494618 -0.385864 2.458108 0.156250
-0.061404 -0.263641 2.232487 0.677885
-0.347101 -0.623867 2.522911 1.000000
-0.115427 -0.614575 2.517355 1.000000
-0.359982 -1.007997 2.618274 1.000000
-0.138173 -0.990537 2.639631 1.000000
-0.387716 -1.046861 2.457984 0.000000
-0.154333 -1.041138 2.481040 0.201923
-0.269579 0.510428 2.374782 1.000000
