-0.365480 0.324196 2.786012 1.000000
-0.001532 0.327759 2.758551 1.000000
-0.192500 0.372285 2.659096 0.000000
-0.174623 0.191286 2.872535 0.000000
-0.391819 -0.033173 2.774700 0.163462
0.019890 -0.034260 2.731216 0.471154
-0.171059 -0.043972 2.894348 0.000000
-0.438616 0.048294 2.784600 1.000000
0.064295 0.050170 2.749378 1.000000
-0.416142 -0.241110 2.717198 1.000000
0.041563 -0.245963 2.725070 1.000000
-0.393394 -0.303785 2.696622 0.576923
0.023531 -0.313083 2.718842 0.509615
-0.300242 -0.565670 2.796564 1.000000
-0.071460 -0.566208 2.776335 1.000000
-0.290502 -0.983531 2.901726 1.000000
-0.066656 -0.981390 2.891927 1.000000
-0.311246 -1.023105 2.746400 0.000000
-0.078642 -1.024749 2.736689 0.000000
-0.176395 0.610594 2.717400 0.591346
-0.365120 0.321720 2.788668 1.000000
-0.001109 0.326727 2.762289 1.000000
-0.191920 0.372612 2.663153 0.000000
-0.174153 0.187708 2.873227 0.000000
-0.388247 -0.035147 2.771388 0.153846
0.024169 -0.034750 2.735206 0.413462
-0.169606 -0.045614 2.894895 0.000000
-0.438446 0.045401 2.784981 1.000000
0.067898 0.049359 2.755359 1.000000
-0.405784 -0.241450 2.709180 1.000000
0.045483 -0.246400 2.721886 1.000000
-0.391301 -0.309507 2.703932 0.711538
0.022388 -0.311318 2.710871 0.509615
-0.296665 -0.567038 2.796036 1.000000
-0.068223 -0.567473 2.774894 1.000000
-0.292944 -0.983930 2.905343 1.000000
-0.070786 -0.982227 2.892087 1.000000
-0.310633 -1.024823 2.749980 0.000000
-0.079276 -1.026066 2.736753 0.000000
-0.191729 0.612944 2.703046 0.533654
-0.366992 0.323658 2.778594 1.000000
-0.002537 0.328363 2.759209 1.000000
-0.191416 0.369185 2.654324 0.000000
-0.177527 0.194136 2.872960 0.000000
-0.386794 -0.033819 2.777162 0.163462
0.024285 -0.035091 2.728086 0.461538
-0.164449 -0.046056 2.893696 0.000000
-0.436252 0.046699 2.788944 1.000000
0.070854 0.052278 2.758266 1.000000
-0.409767 -0.241579 2.717200 1.000000
0.057058 -0.241638 2.709521 1.000000
-0.395700 -0.309740 2.722227 0.526442
0.030957 -0.303438 2.690324 0.593750
-0.295085 -0.566725 2.792260 1.000000
-0.067968 -0.566482 2.779073 1.000000
-0.294328 -0.982576 2.905522 1.000000
-0.070308 -0.983304 2.888685 1.000000
-0.316742 -1.024677 2.751095 0.000000
-0.084744 -1.024169 2.732980 0.000000
-0.183494 0.585283 2.715386 0.322115
-0.371382 0.317291 2.775901 1.000000
-0.006915 0.326475 2.758469 1.000000
-0.195729 0.366956 2.653337 0.000000
-0.180913 0.188317 2.868988 0.000000
-0.385644 -0.036632 2.764625 0.163462
0.027338 -0.037735 2.735628 0.432692
-0.169211 -0.045809 2.892060 0.000000
-0.432403 0.037126 2.786356 1.000000
0.070127 0.050420 2.744917 1.000000
-0.411022 -0.253555 2.717226 1.000000
0.061072 -0.237966 2.664402 1.000000
-0.393603 -0.319544 2.731758 0.425481
0.047094 -0.302291 2.641249 0.677885
-0.296433 -0.568621 2.795461 1.000000
-0.068986 -0.570321 2.775026 1.000000
-0.289881 -0.985550 2.904493 1.000000
-0.069044 -0.985406 2.891068 1.000000
-0.305383 -1.026482 2.748907 0.000000
-0.075782 -1.028883 2.735546 0.000000
-0.202731 0.603421 2.725829 0.389423
-0.371577 0.315347 2.783437 1.000000
-0.007963 0.330904 2.755717 1.000000
-0.200330 0.366284 2.655288 0.000000
-0.176238 0.191342 2.873122 0.000000
-0.384442 -0.034364 2.774182 0.067308
0.026907 -0.039888 2.727727 0.846154
-0.162934 -0.046652 2.892294 0.000000
-0.430203 0.035188 2.790116 1.000000
0.072787 0.056499 2.743398 1.000000
-0.413675 -0.255001 2.720385 1.000000
0.070822 -0.218563 2.626427 1.000000
-0.380828 -0.316518 2.717978 0.341346
0.051912 -0.266681 2.579562 0.560096
-0.296723 -0.568484 2.790692 1.000000
-0.070089 -0.570864 2.774405 1.000000
-0.293465 -0.984878 2.901895 1.000000
-0.069978 -0.986245 2.889382 1.000000
-0.315685 -1.026347 2.747269 0.000000
-0.083570 -1.029212 2.734167 0.000000
-0.182594 0.588380 2.728718 0.807692
-0.372785 0.317884 2.787355 1.000000
-0.009403 0.332293 2.756196 1.000000
-0.202620 0.372491 2.659276 0.000000
-0.177274 0.189501 2.870246 0.000000
-0.388391 -0.041229 2.781383 0.057692
0.021704 -0.031535 2.725492 1.000000
-0.163894 -0.047623 2.894199 0.000000
-0.434098 0.039236 2.796681 1.000000
0.078211 0.061159 2.738839 1.000000
-0.411373 -0.250157 2.729173 1.000000
0.068015 -0.184547 2.570475 1.000000
-0.404403 -0.318536 2.741210 0.324519
0.068543 -0.239745 2.527790 0.576923
-0.295365 -0.570578 2.796392 1.000000
-0.067705 -0.566886 2.771296 1.000000
-0.293182 -0.988863 2.900288 1.000000
-0.070335 -0.981789 2.887957 1.000000
-0.317752 -1.027492 2.745282 0.000000
-0.085873 -1.025243 2.733060 0.000000
-0.186411 0.609514 2.714025 0.543269
-0.373912 0.315722 2.805340 1.000000
-0.013760 0.330147 2.747831 1.000000
-0.213532 0.369782 2.664990 0.000000
-0.172798 0.187835 2.874448 0.000000
-0.383116 -0.036371 2.795747 0.067308
0.021636 -0.033721 2.708772 0.971154
-0.150822 -0.046818 2.891129 0.000000
-0.435212 0.037298 2.801252 1.000000
0.082952 0.064339 2.711954 1.000000
-0.406589 -0.250418 2.730484 1.000000
0.055819 -0.124358 2.483338 1.000000
-0.400303 -0.319675 2.736229 0.324519
0.058686 -0.161592 2.424393 0.492788
-0.291715 -0.568650 2.793500 1.000000
-0.065516 -0.566219 2.769203 1.000000
-0.294171 -0.986647 2.898538 1.000000
-0.070418 -0.981508 2.884408 1.000000
-0.330080 -1.024854 2.745655 0.000000
-0.097775 -1.023789 2.730829 0.000000
-0.226385 0.601740 2.714229 0.418269
-0.379444 0.307504 2.809342 1.000000
-0.019902 0.330880 2.750959 1.000000
-0.220796 0.366578 2.669044 0.000000
-0.175186 0.183738 2.876712 0.000000
-0.381066 -0.037880 2.791513 0.057692
0.025717 -0.037462 2.714547 0.634615
-0.151261 -0.049935 2.892566 0.000000
-0.432390 0.028304 2.804301 1.000000
0.085393 0.078426 2.673751 1.000000
-0.406009 -0.258050 2.731131 1.000000
0.038738 -0.081529 2.428218 1.000000
-0.393820 -0.325945 2.741661 0.543269
0.032044 -0.111874 2.365741 0.745192
-0.291468 -0.570467 2.794563 1.000000
-0.060904 -0.569046 2.772572 1.000000
-0.295767 -0.990291 2.891980 1.000000
-0.071288 -0.985477 2.883201 1.000000
-0.328013 -1.025777 2.737631 0.000000
-0.094739 -1.025989 2.728503 0.000000
-0.203984 0.596158 2.755818 0.432692
-0.381074 0.304811 2.815054 1.000000
-0.021797 0.332606 2.756981 1.000000
-0.223061 0.368956 2.676274 0.000000
-0.175772 0.180854 2.878803 0.000000
-0.379086 -0.039566 2.789786 0.076923
0.029588 -0.037828 2.723614 0.644231
-0.152003 -0.051358 2.896845 0.000000
-0.430976 0.025670 2.802749 1.000000
0.070912 0.106470 2.612659 1.000000
-0.401525 -0.259583 2.728102 1.000000
-0.007946 -0.050114 2.373763 1.000000
-0.385944 -0.327273 2.721440 0.509615
-0.036723 -0.066297 2.312289 0.711538
-0.286414 -0.571979 2.794345 1.000000
-0.059500 -0.570497 2.772567 1.000000
-0.296946 -0.989869 2.899313 1.000000
-0.070378 -0.985655 2.887834 1.000000
-0.324573 -1.028009 2.744702 0.000000
-0.089108 -1.028147 2.733023 0.000000
-0.220160 0.612197 2.735760 0.639423
-0.379517 0.312061 2.821679 1.000000
-0.019838 0.333399 2.763361 0.942308
-0.220470 0.373533 2.682871 0.000000
-0.176458 0.184287 2.885072 0.000000
-0.378512 -0.038025 2.786727 0.048077
0.030769 -0.034463 2.724501 1.000000
-0.152421 -0.048420 2.896006 0.000000
-0.429808 0.036423 2.799369 1.000000
0.058409 0.167061 2.550729 1.000000
-0.402912 -0.249673 2.739900 1.000000
-0.124996 0.077094 2.340065 1.000000
-0.382749 -0.313137 2.719047 0.459135
-0.169715 0.048461 2.294794 0.644231
-0.281447 -0.570433 2.788757 1.000000
-0.054127 -0.566448 2.781997 1.000000
-0.291837 -0.986718 2.899932 1.000000
-0.070294 -0.983507 2.889524 1.000000
-0.317543 -1.027290 2.745608 0.000000
-0.087832 -1.022982 2.733778 0.000000
-0.216085 0.612458 2.737514 0.408654
-0.374733 0.314280 2.813612 1.000000
-0.011804 0.337551 2.782528 0.423077
-0.206172 0.383769 2.690727 0.000000
-0.176754 0.181693 2.882915 0.000000
-0.375564 -0.032345 2.769560 0.125000
0.037020 -0.030996 2.735373 1.000000
-0.157496 -0.040907 2.894222 0.000000
-0.425861 0.039900 2.797151 1.000000
0.040593 0.228916 2.530293 0.969231
-0.399772 -0.242167 2.726724 1.000000
-0.185997 0.205266 2.347810 1.000000
-0.395554 -0.309841 2.710246 0.425481
-0.248718 0.202348 2.317371 0.644231
-0.279239 -0.564687 2.791875 1.000000
-0.053376 -0.563143 2.784001 1.000000
-0.294159 -0.982232 2.897680 1.000000
-0.068199 -0.981817 2.885262 1.000000
-0.309256 -1.021252 2.741564 0.000000
-0.076292 -1.019494 2.728298 0.000000
-0.211620 0.608923 2.738701 0.524038
-0.357748 0.336030 2.783945 0.000000
0.006995 0.334111 2.770367 0.000000
-0.179297 0.384236 2.664890 0.000000
-0.172481 0.197874 2.874317 0.000000
-0.376024 -0.025894 2.767379 0.211538
0.036815 -0.030681 2.736771 0.903846
-0.159165 -0.035712 2.894041 0.000000
-0.422695 0.063467 2.799480 1.000000
0.024503 0.285826 2.494483 1.000000
-0.404819 -0.219146 2.724347 1.000000
-0.228840 0.363912 2.369764 1.000000
-0.393513 -0.285828 2.707178 0.812500
-0.298614 0.364275 2.370520 0.947115
-0.280741 -0.559923 2.794714 1.000000
-0.053991 -0.561400 2.781333 1.000000
-0.293973 -0.978608 2.896146 1.000000
-0.070365 -0.979360 2.885268 1.000000
-0.307851 -1.016108 2.739545 0.000000
-0.076516 -1.018109 2.728477 0.000000
-0.212099 0.624661 2.723093 0.389423
-0.324465 0.366703 2.790031 1.000000
0.036596 0.322809 2.787367 0.019231
-0.137487 0.399186 2.679007 0.019231
-0.159780 0.203676 2.878796 0.000000
-0.380515 -0.011857 2.753447 0.375000
0.033127 -0.029020 2.752028 0.961538
-0.173573 -0.029270 2.895006 0.000000
-0.421597 0.100449 2.789912 1.000000
0.033386 0.356830 2.506017 1.000000
-0.414029 -0.190188 2.734915 1.000000
-0.183264 0.534459 2.410818 1.000000
-0.406183 -0.255155 2.710691 0.677885
-0.245237 0.564852 2.421044 1.000000
-0.283253 -0.549538 2.790346 1.000000
-0.058067 -0.556500 2.776501 1.000000
-0.293878 -0.965120 2.904100 1.000000
-0.073894 -0.972854 2.886774 1.000000
-0.297170 -1.007703 2.748220 0.000000
-0.067833 -1.014420 2.730703 0.000000
-0.203074 0.609253 2.719885 0.000000
-0.337334 0.352414 2.784109 1.000000
0.025496 0.319965 2.805163 0.134615
-0.144290 0.396842 2.688701 0.019231
-0.173644 0.189958 2.875714 0.000000
-0.379859 -0.008642 2.741088 0.288462
0.033225 -0.030868 2.757329 0.875000
-0.179335 -0.027692 2.891402 0.000000
-0.424722 0.083009 2.796016 1.000000
0.048587 0.351295 2.524373 1.000000
-0.415854 -0.203680 2.723095 1.000000
-0.108768 0.587505 2.440524 1.000000
-0.407046 -0.271504 2.709260 0.576923
-0.162182 0.631910 2.447181 0.896635
-0.288175 -0.547155 2.787595 1.000000
-0.062216 -0.557438 2.771193 1.000000
-0.294060 -0.962000 2.904341 1.000000
-0.074965 -0.972648 2.886084 1.000000
-0.291882 -1.005809 2.748782 0.000000
-0.062749 -1.015975 2.730854 0.000000
-0.182650 0.616031 2.691179 0.658654
-0.358144 0.334902 2.789967 1.000000
0.006677 0.324170 2.793878 0.596154
-0.172732 0.393476 2.687334 0.000000
-0.180951 0.180471 2.869536 0.000000
-0.383002 -0.019667 2.753540 0.269231
0.030563 -0.035659 2.743322 0.798077
-0.173009 -0.035542 2.890719 0.000000
-0.423205 0.058944 2.791021 1.000000
0.076782 0.321650 2.519167 1.000000
-0.416078 -0.228085 2.719032 1.000000
-0.016579 0.592147 2.443444 1.000000
-0.396064 -0.294884 2.721550 0.526442
-0.053493 0.647985 2.463154 0.862981
-0.289526 -0.556334 2.793155 1.000000
-0.066301 -0.563858 2.773321 1.000000
-0.293134 -0.972555 2.904995 1.000000
-0.071124 -0.979082 2.888763 1.000000
-0.300468 -1.014394 2.749051 0.000000
-0.070227 -1.022385 2.733049 0.000000
-0.182509 0.610720 2.677526 0.865385
-0.367928 0.321326 2.784150 1.000000
-0.003137 0.333672 2.784032 0.932692
-0.187471 0.383739 2.675144 0.000000
-0.180662 0.184428 2.872287 0.000000
-0.386818 -0.028696 2.755994 0.173077
0.026900 -0.033060 2.741357 0.759615
-0.175013 -0.038998 2.890901 0.000000
-0.429782 0.045734 2.798372 1.000000
0.097838 0.198149 2.557279 1.000000
-0.415019 -0.239128 2.722147 1.000000
0.126224 0.461305 2.426444 1.000000
-0.400870 -0.307449 2.721066 0.509615
0.120122 0.530785 2.424358 1.000000
-0.293721 -0.561130 2.799098 1.000000
-0.067768 -0.564712 2.774347 1.000000
-0.292576 -0.979655 2.902039 1.000000
-0.073870 -0.981273 2.884804 1.000000
-0.301244 -1.018225 2.745323 0.000000
-0.074681 -1.022687 2.728577 0.000000
-0.207268 0.615398 2.709238 0.697115
-0.380276 0.315751 2.793108 1.000000
-0.017071 0.339048 2.765469 1.000000
-0.210436 0.380255 2.669270 0.000000
-0.182720 0.187256 2.870813 0.000000
-0.387633 -0.032392 2.772415 0.211538
0.024121 -0.030813 2.729374 1.000000
-0.166932 -0.040644 2.892375 0.000000
-0.436460 0.038474 2.798998 1.000000
0.070914 0.125498 2.601980 1.000000
-0.412119 -0.246323 2.724329 1.000000
0.164779 0.325671 2.406027 1.000000
-0.401707 -0.314497 2.713697 0.492788
0.178516 0.385529 2.372900 0.846154
-0.293913 -0.563936 2.798228 1.000000
-0.066750 -0.563836 2.772881 1.000000
-0.294420 -0.982251 2.902027 1.000000
-0.071000 -0.979540 2.886605 1.000000
-0.313803 -1.020872 2.746286 0.000000
-0.081993 -1.021985 2.731041 0.000000
-0.215820 0.611385 2.706765 0.500000
-0.390792 0.311933 2.802826 1.000000
-0.029079 0.337609 2.761240 1.000000
-0.226268 0.377569 2.672572 0.000000
-0.189557 0.184718 2.872815 0.000000
-0.390365 -0.037046 2.779469 0.076923
0.020824 -0.029426 2.731910 1.000000
-0.168247 -0.043595 2.896892 0.000000
-0.439413 0.036195 2.794096 1.000000
0.025388 0.093895 2.634319 1.000000
-0.411307 -0.247157 2.727364 1.000000
0.124298 0.211977 2.385712 1.000000
-0.405300 -0.315605 2.715200 0.425481
0.156698 0.237312 2.329343 0.930288
-0.291116 -0.567532 2.797156 1.000000
-0.066199 -0.564176 2.773503 1.000000
-0.295498 -0.985101 2.903825 1.000000
-0.071634 -0.979932 2.886987 1.000000
-0.315829 -1.024586 2.748421 0.000000
-0.083508 -1.022232 2.731448 0.000000
-0.220659 0.606745 2.719086 0.399038
-0.390180 0.313250 2.803518 1.000000
-0.028525 0.335245 2.759396 1.000000
-0.225897 0.373398 2.670342 0.000000
-0.189382 0.187234 2.876851 0.000000
-0.389595 -0.036630 2.790278 0.019231
0.017935 -0.031225 2.717577 1.000000
-0.160730 -0.044806 2.893820 0.000000
-0.439866 0.039866 2.797067 1.000000
0.065963 0.111340 2.624534 0.984615
-0.412396 -0.241126 2.730078 1.000000
-0.043170 0.116770 2.355722 0.653846
-0.396578 -0.307049 2.713553 0.644231
-0.050494 0.161106 2.302339 0.509615
-0.286637 -0.568545 2.794421 1.000000
-0.061019 -0.563746 2.775346 1.000000
-0.299824 -0.984098 2.908011 1.000000
-0.070617 -0.979891 2.887115 1.000000
-0.328290 -1.025208 2.754316 0.000000
-0.091249 -1.021028 2.732181 0.000000
-0.210899 0.618173 2.692783 0.504808
-0.389954 0.318364 2.803383 1.000000
-0.027840 0.335474 2.760890 1.000000
-0.224273 0.377004 2.671271 0.000000
-0.191282 0.189032 2.876732 0.000000
-0.391105 -0.036497 2.786206 0.067308
0.018218 -0.030150 2.724477 0.817308
-0.165079 -0.045751 2.895725 0.000000
-0.439440 0.045301 2.794855 1.000000
0.042456 0.119986 2.600552 1.000000
-0.415879 -0.234284 2.722076 1.000000
-0.141742 0.174181 2.383403 1.000000
-0.401158 -0.300721 2.706635 0.644231
-0.193850 0.194938 2.341893 1.000000
-0.287596 -0.568266 2.789292 1.000000
-0.061503 -0.563013 2.776825 1.000000
-0.295947 -0.983325 2.905125 1.000000
-0.068728 -0.979981 2.885667 1.000000
-0.320694 -1.025796 2.751156 0.000000
-0.085677 -1.020302 2.730073 0.000000
-0.202670 0.612037 2.714077 0.456731
-0.389207 0.314707 2.799360 1.000000
-0.027130 0.338059 2.759615 1.000000
-0.223511 0.373013 2.667121 0.000000
-0.188652 0.191594 2.878091 0.000000
-0.393912 -0.033702 2.775530 0.019231
0.017984 -0.028135 2.734220 1.000000
-0.173627 -0.043377 2.896146 0.000000
-0.443283 0.039732 2.790914 1.000000
0.018395 0.133483 2.573381 1.000000
-0.415934 -0.242240 2.717275 1.000000
-0.203943 0.219674 2.403629 1.000000
-0.405079 -0.311159 2.716079 0.677885
-0.262618 0.253697 2.387239 1.000000
-0.286584 -0.565640 2.787306 1.000000
-0.060112 -0.560585 2.780020 1.000000
-0.295372 -0.981754 2.899259 1.000000
-0.070222 -0.978111 2.886465 1.000000
-0.312187 -1.023186 2.743942 0.000000
-0.079007 -1.017780 2.730030 0.000000
-0.210688 0.607725 2.706019 0.620192
-0.388258 0.312202 2.802218 0.000000
-0.027040 0.340441 2.758075 1.000000
-0.225056 0.375518 2.669184 0.000000
-0.185337 0.189380 2.875124 0.000000
-0.389274 -0.033090 2.775178 0.067308
0.021774 -0.032537 2.725826 1.000000
-0.166795 -0.043953 2.891593 0.000000
-0.439549 0.033634 2.795198 1.000000
0.019626 0.143360 2.559929 1.000000
-0.410752 -0.246635 2.705068 1.000000
-0.214529 0.244668 2.410226 1.000000
-0.396087 -0.314838 2.703532 0.677885
-0.271479 0.282382 2.395961 0.913462
-0.288451 -0.565886 2.791749 1.000000
-0.060227 -0.563596 2.777715 1.000000
-0.297150 -0.982342 2.902430 1.000000
-0.072987 -0.981277 2.883267 1.000000
-0.317698 -1.023117 2.747388 0.000000
-0.085497 -1.020398 2.726948 0.000000
-0.205849 0.610446 2.724696 0.480769
-0.384064 0.316470 2.806521 1.000000
-0.023323 0.343846 2.758130 1.000000
-0.222337 0.383180 2.673343 0.000000
-0.180983 0.189950 2.872311 0.000000
-0.389964 -0.029565 2.780054 0.086538
0.020264 -0.030055 2.724301 1.000000
-0.165745 -0.042522 2.892861 0.000000
-0.440974 0.039096 2.790675 1.000000
0.035537 0.132322 2.578632 1.000000
-0.411438 -0.244138 2.709636 1.000000
-0.185817 0.200133 2.394063 1.000000
-0.392330 -0.310970 2.715755 0.593750
-0.244752 0.236390 2.385055 0.812500
-0.290491 -0.562738 2.791538 1.000000
-0.067240 -0.561265 2.776338 1.000000
-0.293667 -0.982046 2.891197 1.000000
-0.070488 -0.978850 2.882987 1.000000
-0.316979 -1.018861 2.735557 0.000000
-0.086969 -1.018515 2.727174 0.000000
-0.205347 0.613283 2.712859 0.437500
-0.384872 0.314892 2.805197 1.000000
-0.023636 0.335036 2.756953 1.000000
-0.221767 0.380145 2.672981 0.000000
-0.184618 0.182847 2.868762 0.000000
-0.392691 -0.031377 2.776786 0.028846
0.018149 -0.034065 2.725809 1.000000
-0.169861 -0.044881 2.892249 0.000000
-0.445429 0.038856 2.794826 1.000000
0.060516 0.108767 2.609674 1.000000
-0.414640 -0.244923 2.719419 1.000000
-0.138378 0.119906 2.391770 1.000000
-0.404572 -0.313674 2.713011 0.408654
-0.191807 0.134301 2.349258 0.778846
-0.293515 -0.565241 2.790097 1.000000
-0.065533 -0.564334 2.775974 1.000000
-0.296424 -0.982701 2.897241 1.000000
-0.073735 -0.980817 2.886591 1.000000
-0.318127 -1.022375 2.742071 0.000000
-0.086996 -1.021922 2.730844 0.000000
-0.204654 0.611523 2.718328 0.533654
-0.387769 0.313745 2.804386 1.000000
-0.026410 0.336155 2.758100 1.000000
-0.224366 0.378563 2.672324 0.000000
-0.186872 0.184161 2.870915 0.000000
-0.391646 -0.031162 2.776387 0.038462
0.019091 -0.035842 2.724724 0.355769
-0.168645 -0.043560 2.891645 0.000000
-0.442353 0.036854 2.792652 1.000000
0.069355 0.083815 2.674796 1.000000
-0.414787 -0.246260 2.714870 1.000000
-0.045451 -0.052321 2.439742 1.000000
-0.394820 -0.311662 2.700977 0.745192
-0.096997 -0.084584 2.405521 1.000000
-0.296917 -0.565388 2.792305 1.000000
-0.066803 -0.566075 2.773841 1.000000
-0.300060 -0.982641 2.900248 1.000000
-0.074162 -0.981413 2.888739 1.000000
-0.322588 -1.022566 2.745261 0.000000
-0.087504 -1.024139 2.733436 0.000000
-0.210891 0.608598 2.713427 0.524038
-0.390164 0.317169 2.799524 1.000000
-0.027934 0.331159 2.756878 1.000000
-0.223990 0.377447 2.668776 0.000000
-0.192933 0.183538 2.868955 0.000000
-0.391996 -0.033571 2.780537 0.019231
0.017092 -0.033976 2.716956 0.451923
-0.165626 -0.043900 2.889243 0.000000
-0.440442 0.038120 2.788796 1.000000
0.060473 0.065448 2.711127 1.000000
-0.417239 -0.248214 2.716481 1.000000
0.006234 -0.178356 2.551840 1.000000
-0.407679 -0.317118 2.721941 0.627404
-0.026782 -0.226897 2.514121 0.778846
-0.298890 -0.566331 2.793388 1.000000
-0.067785 -0.564961 2.775146 1.000000
-0.293790 -0.982629 2.904884 1.000000
-0.075028 -0.979605 2.892529 1.000000
-0.321543 -1.024139 2.751166 0.000000
-0.093005 -1.023066 2.737899 0.000000
-0.213714 0.593833 2.739721 0.259615
-0.384644 0.318547 2.790526 1.000000
-0.021624 0.327026 2.753512 1.000000
-0.215668 0.371807 2.660323 0.000000
-0.190090 0.185739 2.868556 0.000000
-0.397105 -0.038911 2.771713 0.153846
0.014089 -0.035178 2.723740 0.394231
-0.174944 -0.050459 2.888666 0.000000
-0.444112 0.039858 2.784822 1.000000
0.060659 0.055279 2.728623 1.000000
-0.423153 -0.248333 2.713746 1.000000
0.038213 -0.232503 2.656351 1.000000
-0.409627 -0.311453 2.740242 0.560096
0.015080 -0.297954 2.649277 1.000000
-0.297729 -0.569481 2.796971 1.000000
-0.069103 -0.567650 2.769191 1.000000
-0.295075 -0.988300 2.898682 1.000000
-0.070579 -0.980960 2.891396 1.000000
-0.315583 -1.026257 2.742921 0.000000
-0.081984 -1.026635 2.736779 0.000000
-0.206476 0.611824 2.713586 0.451923
-0.382094 0.318094 2.787767 1.000000
-0.018997 0.332145 2.753299 1.000000
-0.213044 0.374823 2.659135 0.000000
-0.186150 0.187527 2.866098 0.000000
-0.401515 -0.032877 2.774193 0.163462
0.009080 -0.038730 2.721529 0.413462
-0.178340 -0.048743 2.888685 0.000000
-0.447099 0.041191 2.787597 1.000000
0.061475 0.059422 2.760190 1.000000
-0.432533 -0.247377 2.719072 1.000000
0.041045 -0.236495 2.774158 1.000000
-0.402724 -0.310425 2.721396 0.358173
0.025317 -0.299259 2.748037 0.408654
-0.298714 -0.567300 2.792523 1.000000
-0.069847 -0.566409 2.780830 1.000000
-0.295096 -0.982884 2.906706 1.000000
-0.073606 -0.984294 2.886276 1.000000
-0.317376 -1.025476 2.752394 0.000000
-0.088558 -1.023542 2.730204 0.000000
-0.190331 0.606255 2.701236 0.557692
