-0.320834 0.371445 2.650378 1.000000
0.036558 0.357138 2.665538 1.000000
-0.136417 0.404851 2.561358 0.000000
-0.152584 0.214269 2.762624 0.000000
-0.286033 -0.008392 2.617568 1.000000
-0.005036 -0.015005 2.627507 1.000000
-0.149504 0.005724 2.746357 0.000000
-0.382061 0.112988 2.656697 1.000000
0.081790 0.096315 2.688225 1.000000
-0.386328 -0.173297 2.675286 1.000000
0.093522 -0.189955 2.703523 1.000000
-0.369100 -0.233229 2.703087 0.240385
0.073934 -0.255209 2.707975 0.980769
-0.293781 -0.578747 2.651150 1.000000
-0.043619 -0.585199 2.693028 1.000000
-0.317952 -0.995163 2.742490 1.000000
-0.053780 -1.003500 2.778175 1.000000
-0.325222 -1.030802 2.578090 0.000000
-0.042366 -1.037274 2.613617 0.000000
-0.118854 0.668235 2.548821 1.000000
-0.315368 0.366942 2.652410 1.000000
0.041880 0.355926 2.672816 1.000000
-0.129971 0.403326 2.566651 0.000000
-0.147272 0.209941 2.765131 0.000000
-0.282384 -0.013814 2.613599 1.000000
-0.002361 -0.013891 2.639839 1.000000
-0.153969 -0.000070 2.750518 0.000000
-0.375090 0.107531 2.650905 1.000000
0.090331 0.094264 2.679793 1.000000
-0.381543 -0.179866 2.648950 1.000000
0.090745 -0.192303 2.656949 1.000000
-0.385223 -0.239539 2.681923 1.000000
0.096993 -0.253821 2.685899 1.000000
-0.291291 -0.582197 2.643409 1.000000
-0.039877 -0.587256 2.692830 1.000000
-0.319297 -0.995528 2.746861 1.000000
-0.049865 -1.005273 2.779382 1.000000
-0.319652 -1.036386 2.583519 0.000000
-0.028444 -1.039625 2.615946 0.000000
-0.108544 0.663399 2.546415 1.000000
-0.313795 0.362527 2.658007 1.000000
0.043951 0.360719 2.671376 1.000000
-0.131130 0.404582 2.569038 0.000000
-0.139475 0.208944 2.765882 0.000000
-0.278138 -0.015182 2.615160 1.000000
0.002208 -0.014283 2.637672 1.000000
-0.147967 -0.002165 2.750483 0.000000
-0.374856 0.103247 2.646557 1.000000
0.102796 0.100674 2.671655 1.000000
-0.407215 -0.181173 2.615564 1.000000
0.108138 -0.185309 2.638685 1.000000
-0.399594 -0.247559 2.629579 0.879808
0.114666 -0.252495 2.628438 0.980769
-0.294534 -0.581514 2.637560 1.000000
-0.034740 -0.587890 2.692881 1.000000
-0.318638 -0.993337 2.747786 1.000000
-0.051473 -1.005638 2.779690 1.000000
-0.325551 -1.036457 2.585173 0.000000
-0.031572 -1.040419 2.616153 0.000000
-0.110920 0.668154 2.560340 1.000000
-0.308786 0.367074 2.667108 1.000000
0.049117 0.360710 2.672486 1.000000
-0.127611 0.408821 2.575003 0.000000
-0.134058 0.209168 2.767846 0.000000
-0.270827 -0.012367 2.620088 1.000000
0.010419 -0.012488 2.621608 1.000000
-0.130867 0.004071 2.744856 0.000000
-0.380441 0.110922 2.642708 1.000000
0.115236 0.102042 2.664573 1.000000
-0.405966 -0.158361 2.542520 1.000000
0.130185 -0.177461 2.594882 1.000000
-0.402224 -0.224423 2.525688 0.728365
0.116828 -0.238187 2.566678 0.997596
-0.291635 -0.576841 2.630170 1.000000
-0.029133 -0.584489 2.696630 1.000000
-0.318974 -0.989411 2.736793 1.000000
-0.050245 -1.002321 2.782067 1.000000
-0.339313 -1.029967 2.574646 0.000000
-0.043415 -1.036355 2.617309 0.000000
-0.099993 0.666999 2.559195 1.000000
-0.302500 0.366694 2.669100 1.000000
0.055473 0.363082 2.671651 1.000000
-0.122380 0.410489 2.575884 0.000000
-0.125773 0.209459 2.767369 0.000000
-0.274821 -0.019481 2.616697 1.000000
0.005798 -0.011315 2.633648 1.000000
-0.142366 -0.003472 2.749457 0.000000
-0.375924 0.112864 2.628426 1.000000
0.116340 0.103346 2.654113 1.000000
-0.391748 -0.150911 2.512114 1.000000
0.127599 -0.173727 2.573740 1.000000
-0.387153 -0.216017 2.492074 0.762019
0.105666 -0.233766 2.549744 0.728365
-0.288312 -0.583246 2.631876 1.000000
-0.025094 -0.586549 2.693349 1.000000
-0.324813 -0.991629 2.751125 1.000000
-0.050250 -1.004303 2.778068 1.000000
-0.335272 -1.037871 2.589562 0.000000
-0.032062 -1.038624 2.614235 0.000000
-0.097602 0.670716 2.565078 1.000000
-0.300294 0.368121 2.670636 1.000000
0.057591 0.360155 2.674958 1.000000
-0.119159 0.412021 2.579460 0.000000
-0.125986 0.206420 2.765935 0.000000
-0.267018 -0.013821 2.621818 1.000000
0.014161 -0.014713 2.628073 1.000000
-0.129160 -0.002368 2.749451 0.000000
-0.363836 0.114000 2.616163 1.000000
0.113382 0.099966 2.647190 1.000000
-0.371307 -0.147617 2.493765 1.000000
0.115066 -0.174584 2.557189 1.000000
-0.355598 -0.205778 2.461638 0.997596
0.101579 -0.236590 2.531991 0.879808
-0.286746 -0.579856 2.634908 1.000000
-0.024521 -0.587045 2.696039 1.000000
-0.315063 -0.994047 2.734772 1.000000
-0.052231 -1.004758 2.780166 1.000000
-0.330241 -1.032370 2.571520 0.000000
-0.041582 -1.038613 2.615573 0.000000
-0.102331 0.670745 2.569283 1.000000
-0.293896 0.371097 2.669440 1.000000
0.063721 0.357953 2.679493 1.000000
-0.110695 0.412919 2.581471 0.000000
-0.123490 0.206346 2.766552 0.000000
-0.256377 -0.008654 2.610623 0.817308
0.023302 -0.016160 2.639345 0.971154
-0.128905 0.000554 2.748797 0.000000
-0.343741 0.116662 2.602478 1.000000
0.112667 0.097639 2.640171 1.000000
-0.332899 -0.152181 2.496503 1.000000
0.102449 -0.175254 2.545041 1.000000
-0.323580 -0.217774 2.480001 0.543269
0.081199 -0.236740 2.524316 0.879808
-0.281101 -0.576620 2.638569 1.000000
-0.026235 -0.588110 2.691190 1.000000
-0.317763 -0.989082 2.742783 1.000000
-0.050541 -1.005057 2.780037 1.000000
-0.318582 -1.030259 2.579523 0.000000
-0.027637 -1.041097 2.617167 0.000000
-0.099674 0.670656 2.568777 1.000000
-0.289078 0.366650 2.668939 1.000000
0.068555 0.357026 2.681996 1.000000
-0.105559 0.410939 2.582859 0.000000
-0.117856 0.202927 2.766356 0.000000
-0.253152 -0.006768 2.612926 0.182692
0.027002 -0.021849 2.632610 0.576923
-0.121160 -0.002302 2.747030 0.000000
-0.336076 0.112133 2.599795 1.000000
0.118923 0.097177 2.640640 1.000000
-0.305721 -0.163231 2.516416 1.000000
0.088634 -0.173452 2.542962 1.000000
-0.296846 -0.227637 2.495568 0.694712
0.067991 -0.236671 2.527508 0.677885
-0.279768 -0.577291 2.640178 1.000000
-0.026111 -0.590797 2.692332 1.000000
-0.320433 -0.987969 2.749809 1.000000
-0.048621 -1.008428 2.778398 1.000000
-0.325900 -1.030868 2.587083 0.000000
-0.032325 -1.043095 2.614438 0.000000
-0.092528 0.668706 2.571444 1.000000
-0.287152 0.372043 2.666903 1.000000
0.070039 0.356146 2.684957 1.000000
-0.101700 0.413057 2.583382 0.000000
-0.120210 0.205388 2.766747 0.000000
-0.248240 -0.002207 2.620097 0.144231
0.032228 -0.023168 2.620503 1.000000
-0.107268 -0.000395 2.744795 0.000000
-0.335839 0.117403 2.599018 1.000000
0.121925 0.096893 2.641191 1.000000
-0.304445 -0.159733 2.521765 1.000000
0.087409 -0.173725 2.544585 1.000000
-0.293104 -0.225248 2.506246 0.459135
0.054808 -0.231470 2.528327 0.879808
-0.277254 -0.574156 2.639987 1.000000
-0.024897 -0.589307 2.694722 1.000000
-0.320751 -0.984565 2.749537 1.000000
-0.049848 -1.007650 2.776549 1.000000
-0.336828 -1.026198 2.587184 0.000000
-0.046371 -1.040164 2.611379 0.000000
-0.089258 0.669903 2.572561 1.000000
-0.283038 0.366593 2.671616 1.000000
0.074648 0.357237 2.683333 1.000000
-0.099872 0.411438 2.585072 0.000000
-0.111317 0.202588 2.767670 0.000000
-0.249511 -0.008182 2.615565 0.355769
0.030987 -0.021703 2.631043 0.625000
-0.115594 -0.003829 2.747751 0.000000
-0.332278 0.111904 2.603881 1.000000
0.123708 0.096389 2.645516 1.000000
-0.315215 -0.169477 2.537848 1.000000
0.086223 -0.176794 2.557236 1.000000
-0.306625 -0.237154 2.535082 0.610577
0.066307 -0.242018 2.553956 0.913462
-0.283332 -0.576256 2.639203 1.000000
-0.025004 -0.591696 2.690592 1.000000
-0.310449 -0.994556 2.720563 1.000000
-0.051267 -1.008537 2.779376 1.000000
-0.318213 -1.026183 2.555367 0.000000
-0.037335 -1.044332 2.615440 0.000000
-0.081717 0.666193 2.568845 1.000000
-0.282019 0.368986 2.671578 1.000000
0.075595 0.356192 2.682173 1.000000
-0.098709 0.411818 2.584325 0.000000
-0.111586 0.203582 2.767528 0.000000
-0.241649 -0.002689 2.618655 0.442308
0.038648 -0.024284 2.626973 1.000000
-0.104419 -0.003358 2.747472 0.000000
-0.332181 0.113035 2.609269 1.000000
0.126597 0.095352 2.646528 1.000000
-0.324144 -0.169630 2.546833 1.000000
0.097900 -0.184116 2.576268 1.000000
-0.317773 -0.237408 2.552052 0.745192
0.062677 -0.241457 2.564737 0.913462
-0.279439 -0.573016 2.640899 1.000000
-0.025193 -0.591709 2.690221 1.000000
-0.321299 -0.986094 2.740619 1.000000
-0.049581 -1.007935 2.782364 1.000000
-0.333452 -1.024338 2.577096 0.000000
-0.041280 -1.044748 2.618272 0.000000
-0.076281 0.665079 2.564610 1.000000
-0.281039 0.367279 2.671503 1.000000
0.076711 0.355869 2.678463 1.000000
-0.098827 0.409205 2.581550 0.000000
-0.109004 0.204137 2.768460 0.000000
-0.248679 -0.007856 2.609918 1.000000
0.031214 -0.019447 2.634961 1.000000
-0.119393 -0.002789 2.746613 0.000000
-0.339457 0.110028 2.623098 1.000000
0.125161 0.093140 2.654798 1.000000
-0.340231 -0.170461 2.550873 1.000000
0.096184 -0.191095 2.607234 1.000000
-0.320701 -0.233403 2.568718 0.930288
0.085839 -0.258534 2.609795 0.846154
-0.282546 -0.575225 2.641999 1.000000
-0.026415 -0.589985 2.693743 1.000000
-0.316750 -0.992890 2.723946 1.000000
-0.049791 -1.008219 2.776589 1.000000
-0.317036 -1.025285 2.558717 0.000000
-0.031269 -1.041733 2.612626 0.000000
-0.077808 0.666801 2.567506 1.000000
-0.277255 0.369448 2.669628 1.000000
0.080310 0.356344 2.681444 1.000000
-0.093612 0.412033 2.582955 0.000000
-0.107296 0.203983 2.766309 0.000000
-0.252738 -0.008626 2.611307 1.000000
0.027782 -0.017556 2.629493 1.000000
-0.120205 -0.002456 2.744810 0.000000
-0.344621 0.111383 2.640878 1.000000
0.132995 0.093424 2.689169 1.000000
-0.378595 -0.174536 2.608938 1.000000
0.130066 -0.194533 2.657600 1.000000
-0.346518 -0.229761 2.633081 0.862981
0.107685 -0.257990 2.646034 0.913462
-0.282605 -0.575624 2.647270 1.000000
-0.026357 -0.589258 2.686573 1.000000
-0.319260 -0.993000 2.729628 1.000000
-0.049283 -1.005157 2.780553 1.000000
-0.321952 -1.025364 2.564414 0.000000
-0.033560 -1.042930 2.617225 0.000000
-0.080208 0.668109 2.568574 1.000000
-0.274965 0.373373 2.662787 1.000000
0.081745 0.347151 2.678091 1.000000
-0.089135 0.407408 2.577000 0.000000
-0.112148 0.203551 2.764094 0.000000
-0.249048 -0.006710 2.607875 1.000000
0.031419 -0.017430 2.625901 1.000000
-0.116319 0.000504 2.741130 0.000000
-0.353978 0.116989 2.663697 1.000000
0.144828 0.089075 2.715427 1.000000
-0.408733 -0.167390 2.655225 1.000000
0.194042 -0.196301 2.724355 1.000000
-0.386380 -0.229078 2.674106 0.543269
0.165262 -0.257592 2.715596 0.745192
-0.280985 -0.573552 2.649672 1.000000
-0.026501 -0.588393 2.686489 1.000000
-0.318528 -0.986833 2.750264 1.000000
-0.051454 -1.004027 2.781121 1.000000
-0.323764 -1.026184 2.586635 0.000000
-0.036183 -1.042123 2.617825 0.000000
-0.077950 0.665446 2.560814 1.000000
-0.279604 0.372674 2.660714 1.000000
0.077021 0.345910 2.677025 1.000000
-0.093481 0.406445 2.575462 0.000000
-0.117332 0.202585 2.762447 0.000000
-0.254519 -0.010388 2.606704 1.000000
0.026303 -0.018530 2.619907 1.000000
-0.119616 -0.002670 2.737729 0.000000
-0.372846 0.124338 2.701011 1.000000
0.154290 0.094922 2.732010 1.000000
-0.455792 -0.152316 2.724194 1.000000
0.239847 -0.176983 2.783993 1.000000
-0.427353 -0.214294 2.727581 0.661058
0.228627 -0.244231 2.780322 0.795673
-0.276784 -0.577927 2.657642 1.000000
-0.030339 -0.590072 2.684329 1.000000
-0.321141 -0.988376 2.766699 1.000000
-0.048214 -1.005243 2.782528 1.000000
-0.326257 -1.031076 2.603909 0.000000
-0.036417 -1.044384 2.619191 0.000000
-0.078830 0.663836 2.558285 1.000000
-0.289989 0.366311 2.661849 1.000000
0.067699 0.359688 2.675236 1.000000
-0.106769 0.411413 2.575557 0.000000
-0.117523 0.204746 2.760662 0.000000
-0.255493 -0.007866 2.602357 1.000000
0.024824 -0.018212 2.622772 1.000000
-0.124010 -0.002699 2.736936 0.000000
-0.413387 0.137534 2.728455 1.000000
0.180228 0.125289 2.741539 1.000000
-0.538695 -0.115976 2.791706 1.000000
0.322705 -0.115291 2.817646 1.000000
-0.552773 -0.177667 2.817351 0.677885
0.357034 -0.173934 2.824282 0.711538
-0.280251 -0.575586 2.658636 1.000000
-0.032272 -0.589083 2.683742 1.000000
-0.317168 -0.989132 2.758368 1.000000
-0.050918 -1.003999 2.782867 1.000000
-0.317290 -1.028596 2.594683 0.000000
-0.034845 -1.043628 2.620013 0.000000
-0.083308 0.666288 2.557832 1.000000
-0.293803 0.371076 2.661323 1.000000
0.063662 0.360768 2.677948 1.000000
-0.109347 0.415865 2.577535 0.000000
-0.123831 0.206195 2.758974 0.000000
-0.261833 -0.011048 2.596201 1.000000
0.017508 -0.016342 2.628488 1.000000
-0.136238 -0.001771 2.736079 0.000000
-0.441204 0.158979 2.734098 1.000000
0.202864 0.137126 2.729095 1.000000
-0.597504 -0.073904 2.807000 1.000000
0.387762 -0.073195 2.803636 1.000000
-0.640572 -0.126593 2.812534 0.694712
0.428038 -0.125646 2.820615 0.778846
-0.283782 -0.577410 2.658169 1.000000
-0.034130 -0.589093 2.681271 1.000000
-0.314905 -0.993599 2.748428 1.000000
-0.052134 -1.002826 2.785339 1.000000
-0.306767 -1.029824 2.584197 0.000000
-0.027730 -1.044463 2.624029 0.000000
-0.084414 0.667270 2.557377 1.000000
-0.299202 0.369057 2.667870 1.000000
0.058654 0.362980 2.676020 1.000000
-0.117326 0.415808 2.579632 0.000000
-0.125031 0.206409 2.761798 0.000000
-0.267665 -0.012043 2.603914 1.000000
0.013020 -0.013379 2.621683 1.000000
-0.135128 -0.000235 2.737032 0.000000
-0.481045 0.180716 2.726821 1.000000
0.230396 0.158086 2.699207 1.000000
-0.671192 -0.031436 2.779934 1.000000
0.447133 -0.031547 2.731606 1.000000
-0.707255 -0.082371 2.807623 0.997596
0.494276 -0.073857 2.757080 0.963942
-0.283103 -0.578302 2.657927 1.000000
-0.035078 -0.587016 2.681308 1.000000
-0.319640 -0.991570 2.758938 1.000000
-0.050392 -1.001636 2.782231 1.000000
-0.320823 -1.031448 2.595358 0.000000
-0.034533 -1.041833 2.619496 0.000000
-0.091715 0.667817 2.560352 1.000000
-0.306708 0.370866 2.672836 1.000000
0.051284 0.368984 2.674371 1.000000
-0.127069 0.414974 2.578843 0.000000
-0.128947 0.215061 2.771516 0.000000
-0.274342 -0.007548 2.617691 1.000000
0.006898 -0.009410 2.619137 1.000000
-0.134277 0.004364 2.742854 0.000000
-0.516095 0.203073 2.667968 1.000000
0.247850 0.191644 2.630399 1.000000
-0.755681 0.040842 2.651465 1.000000
0.488287 0.038535 2.578053 1.000000
-0.807630 0.002521 2.673698 1.000000
0.545778 0.010564 2.602011 0.862981
-0.285398 -0.574755 2.666831 1.000000
-0.039241 -0.583150 2.680079 1.000000
-0.320785 -0.988319 2.767042 1.000000
-0.053660 -0.998759 2.776981 1.000000
-0.331000 -1.027071 2.603506 0.000000
-0.047188 -1.037176 2.613175 0.000000
-0.103589 0.675084 2.567413 1.000000
-0.309067 0.368966 2.680148 1.000000
0.048856 0.365727 2.673443 1.000000
-0.131546 0.408238 2.580176 0.000000
-0.129509 0.216883 2.781349 0.000000
-0.275338 -0.008717 2.619315 1.000000
0.005849 -0.010568 2.624965 1.000000
-0.137162 0.003017 2.746577 0.000000
-0.522041 0.214692 2.626611 1.000000
0.231750 0.205261 2.560196 1.000000
-0.760564 0.072140 2.544259 1.000000
0.469989 0.081988 2.450460 1.000000
-0.817821 0.035132 2.547961 1.000000
0.535498 0.067820 2.437440 1.000000
-0.287059 -0.576056 2.666676 1.000000
-0.050361 -0.584874 2.686891 1.000000
-0.320366 -0.991810 2.758153 1.000000
-0.051176 -1.002700 2.774922 1.000000
-0.327685 -1.027398 2.593745 0.000000
-0.045361 -1.037403 2.610265 0.000000
-0.103939 0.675623 2.575493 1.000000
-0.313096 0.367564 2.685744 1.000000
0.044603 0.369212 2.671161 1.000000
-0.138420 0.405075 2.580238 0.000000
-0.129057 0.222569 2.789273 0.000000
-0.271512 -0.003075 2.632573 1.000000
0.009416 -0.013716 2.624343 1.000000
-0.127043 0.000898 2.753150 0.000000
-0.504562 0.226372 2.561515 1.000000
0.189847 0.228194 2.494965 1.000000
-0.720505 0.102782 2.412876 1.000000
0.394793 0.118347 2.321961 1.000000
-0.782197 0.077132 2.398812 0.930288
0.450392 0.100513 2.286574 1.000000
-0.287544 -0.573117 2.674633 1.000000
-0.050076 -0.585398 2.688879 1.000000
-0.319386 -0.988496 2.768312 1.000000
-0.051734 -1.003747 2.774380 1.000000
-0.335379 -1.024204 2.604546 0.000000
-0.054833 -1.037445 2.609441 0.000000
-0.105853 0.678905 2.591069 1.000000
-0.321232 0.364281 2.694917 1.000000
0.036041 0.372903 2.673813 1.000000
-0.149271 0.404112 2.585861 0.000000
-0.132479 0.224126 2.796608 0.000000
-0.277310 -0.000752 2.636213 1.000000
0.003513 -0.011551 2.625119 1.000000
-0.131574 0.004377 2.755211 0.000000
-0.434421 0.236370 2.487898 1.000000
0.100925 0.260854 2.438727 1.000000
-0.584850 0.125282 2.266462 1.000000
0.206463 0.150120 2.192550 1.000000
-0.621897 0.092762 2.219222 1.000000
0.235878 0.125389 2.136117 1.000000
-0.290733 -0.570849 2.684154 1.000000
-0.052640 -0.582600 2.693799 1.000000
-0.319671 -0.990313 2.758600 1.000000
-0.053331 -1.002842 2.769463 1.000000
-0.334575 -1.018623 2.593292 0.000000
-0.058560 -1.032655 2.603831 0.000000
-0.122962 0.682192 2.601604 1.000000
-0.303117 0.376255 2.698796 1.000000
0.054207 0.364319 2.680327 1.000000
-0.128189 0.409175 2.592180 0.000000
-0.123839 0.222068 2.797273 0.000000
-0.280633 -0.001541 2.639022 1.000000
-0.000041 -0.007946 2.620895 1.000000
-0.132087 0.004319 2.754459 0.000000
-0.369795 0.255454 2.469336 1.000000
0.028041 0.277698 2.428329 0.646154
-0.460696 0.144697 2.218184 1.000000
0.117933 0.168472 2.176147 1.000000
-0.485083 0.124081 2.157836 1.000000
0.143166 0.142371 2.118322 0.000000
-0.289750 -0.570393 2.688938 1.000000
-0.057466 -0.580532 2.692470 1.000000
-0.323149 -0.991244 2.752954 1.000000
-0.050728 -1.001041 2.766337 1.000000
-0.339644 -1.015162 2.587104 0.000000
-0.060744 -1.030276 2.600823 0.000000
-0.134651 0.685445 2.610049 1.000000
-0.329629 0.367294 2.721102 1.000000
0.023315 0.368839 2.661164 1.000000
-0.169738 0.405322 2.594455 0.000000
-0.134101 0.221608 2.799567 0.000000
-0.284375 0.000902 2.660973 1.000000
-0.007211 -0.006955 2.613860 1.000000
-0.124708 0.001973 2.760627 0.000000
-0.301406 0.278243 2.473249 0.538462
-0.026455 0.261534 2.424169 0.815385
-0.329442 0.164541 2.212278 0.865385
-0.098349 0.161123 2.166160 1.000000
-0.289143 0.149969 2.159125 0.223558
-0.117669 0.140993 2.103845 0.812500
-0.292224 -0.570045 2.688868 1.000000
-0.061886 -0.578610 2.694886 1.000000
-0.320476 -0.990392 2.758438 1.000000
-0.051769 -0.999270 2.767493 1.000000
-0.355854 -1.014954 2.595665 0.000000
-0.079484 -1.028165 2.603948 0.000000
-0.133959 0.683630 2.622492 1.000000
-0.342516 0.342824 2.715626 1.000000
0.007806 0.377547 2.650565 1.000000
-0.188694 0.393209 2.585815 0.000000
-0.132645 0.219057 2.794672 0.000000
-0.285973 -0.002355 2.661272 1.000000
-0.008667 -0.014508 2.615936 1.000000
-0.126911 -0.002697 2.761897 0.000000
-0.285189 0.257533 2.473710 0.276923
-0.068508 0.249345 2.434176 1.000000
-0.252332 0.137964 2.218385 0.644231
-0.174210 0.152958 2.189015 1.000000
-0.242040 0.109518 2.157176 1.000000
-0.201749 0.141371 2.127623 1.000000
-0.292585 -0.575593 2.684943 1.000000
-0.059276 -0.585023 2.691526 1.000000
-0.324545 -0.995112 2.757821 1.000000
-0.055842 -1.004790 2.769710 1.000000
-0.358745 -1.020797 2.594969 0.000000
-0.081471 -1.035464 2.606148 0.000000
-0.134090 0.673865 2.617682 0.975962
-0.340214 0.354107 2.701157 1.000000
0.014255 0.382846 2.660051 1.000000
-0.177042 0.400365 2.581635 0.000000
-0.138223 0.228526 2.796242 0.000000
-0.287827 -0.002350 2.653292 1.000000
-0.008043 -0.012384 2.626423 1.000000
-0.135682 0.001817 2.764019 0.000000
-0.271550 0.252889 2.468978 0.523077
-0.074054 0.241401 2.457415 1.000000
-0.238503 0.121852 2.219877 0.846154
-0.163428 0.125058 2.214947 1.000000
-0.230487 0.090398 2.159811 1.000000
-0.184169 0.114805 2.150711 0.509615
-0.297446 -0.573863 2.683815 1.000000
-0.063804 -0.584869 2.689551 1.000000
-0.319546 -0.992977 2.762451 1.000000
-0.052905 -1.004016 2.770334 1.000000
-0.345583 -1.022326 2.598711 0.000000
-0.067300 -1.036125 2.605677 0.000000
-0.140459 0.684951 2.610974 0.971154
-0.340335 0.352844 2.711105 1.000000
0.012450 0.380358 2.656791 1.000000
-0.181748 0.406986 2.588756 0.000000
-0.136545 0.216997 2.786119 0.000000
-0.287640 0.006660 2.661740 1.000000
-0.009714 -0.010438 2.622163 1.000000
-0.130561 0.006757 2.765433 0.000000
-0.278523 0.242595 2.484128 0.676923
-0.065936 0.225974 2.463102 1.000000
-0.249202 0.098218 2.245361 1.000000
-0.151548 0.098193 2.228462 1.000000
-0.237167 0.063781 2.187648 1.000000
-0.175713 0.073547 2.169553 1.000000
-0.295677 -0.568282 2.682240 1.000000
-0.060458 -0.580223 2.687022 1.000000
-0.318343 -0.988698 2.753411 1.000000
-0.055537 -0.998207 2.774168 1.000000
-0.350640 -1.014586 2.590203 0.000000
-0.076207 -1.032546 2.610633 0.000000
-0.143617 0.678100 2.614052 0.966346
-0.353657 0.336622 2.703430 1.000000
-0.003103 0.381221 2.646100 1.000000
-0.198851 0.396854 2.579102 0.000000
-0.142707 0.212523 2.779005 0.000000
-0.288006 -0.003557 2.661918 1.000000
-0.010221 -0.022170 2.622035 1.000000
-0.130649 -0.001260 2.765163 0.000000
-0.275374 0.234384 2.477617 0.661539
-0.063561 0.213870 2.456600 1.000000
-0.247001 0.078958 2.245579 1.000000
-0.143613 0.073462 2.227076 1.000000
-0.234145 0.043039 2.188956 0.947115
-0.168007 0.044747 2.170137 1.000000
-0.294425 -0.578942 2.685829 1.000000
-0.062894 -0.590925 2.694156 1.000000
-0.324781 -0.998427 2.759583 1.000000
-0.052089 -1.011023 2.769849 1.000000
-0.356309 -1.024853 2.596311 0.000000
-0.074751 -1.041173 2.605753 0.000000
-0.144180 0.670408 2.597764 1.000000
-0.332577 0.370460 2.714074 1.000000
0.021603 0.370346 2.661914 1.000000
-0.169253 0.415834 2.594420 0.000000
-0.141360 0.215145 2.784255 0.000000
-0.288684 0.005255 2.666074 1.000000
-0.011065 -0.015206 2.625944 1.000000
-0.131166 0.007504 2.769073 0.000000
-0.276509 0.241839 2.497097 1.000000
-0.053371 0.216156 2.468599 1.000000
-0.245435 0.090594 2.264668 1.000000
-0.124855 0.073428 2.239726 1.000000
-0.234195 0.054299 2.207941 1.000000
-0.146717 0.042327 2.183013 1.000000
-0.295563 -0.570860 2.682342 1.000000
-0.060091 -0.582966 2.697617 1.000000
-0.324074 -0.990049 2.758480 1.000000
-0.052641 -1.003724 2.769976 1.000000
-0.356563 -1.017432 2.595555 0.000000
-0.075115 -1.032392 2.605588 0.000000
-0.137333 0.681085 2.612025 0.942308
-0.328596 0.372931 2.713141 1.000000
0.026811 0.372867 2.670131 1.000000
-0.162342 0.416658 2.596960 0.000000
-0.138905 0.219375 2.790923 0.000000
-0.285909 0.009691 2.662362 1.000000
-0.007477 -0.012989 2.629765 1.000000
-0.131140 0.011956 2.769447 0.000000
-0.275916 0.240493 2.497192 1.000000
-0.035163 0.216713 2.473347 1.000000
-0.252430 0.091806 2.261782 1.000000
-0.099172 0.074950 2.241218 1.000000
-0.240504 0.057486 2.203976 1.000000
-0.119898 0.043888 2.184059 1.000000
-0.293771 -0.566835 2.684329 1.000000
-0.060829 -0.580500 2.695771 1.000000
-0.321868 -0.985618 2.762820 1.000000
-0.052749 -1.000686 2.771318 1.000000
-0.350149 -1.014360 2.599344 0.000000
-0.070427 -1.030645 2.606576 0.000000
-0.136171 0.680540 2.604578 0.966346
-0.324447 0.369484 2.701833 1.000000
0.032745 0.369826 2.677792 1.000000
-0.152347 0.411688 2.593894 0.000000
-0.138806 0.217960 2.792331 0.000000
-0.273369 0.006915 2.644574 0.644231
0.006632 -0.012665 2.626751 1.000000
-0.124156 0.016710 2.758878 0.000000
-0.293414 0.219677 2.491630 1.000000
-0.008793 0.207284 2.479184 1.000000
-0.286725 0.053403 2.265502 1.000000
-0.037045 0.046741 2.250593 1.000000
-0.276145 0.011943 2.212298 1.000000
-0.053955 0.010264 2.195411 1.000000
-0.292904 -0.564544 2.687090 1.000000
-0.054608 -0.580765 2.696103 1.000000
-0.320187 -0.986419 2.747142 1.000000
-0.052294 -1.000202 2.776082 1.000000
-0.339775 -1.008743 2.581407 0.000000
-0.061243 -1.031743 2.610930 0.000000
-0.131243 0.679400 2.593286 1.000000
-0.319367 0.369525 2.695438 1.000000
0.038037 0.359901 2.677170 1.000000
-0.144529 0.404995 2.589496 0.000000
-0.139304 0.214945 2.791844 0.000000
-0.307771 -0.017054 2.644674 1.000000
-0.027379 -0.002256 2.628456 0.413462
-0.161564 0.011426 2.759732 0.000000
-0.316895 0.193761 2.501722 1.000000
0.024849 0.176378 2.491240 1.000000
-0.334574 0.016709 2.282317 1.000000
0.023079 0.002187 2.268860 1.000000
-0.324550 -0.029253 2.232833 1.000000
0.012140 -0.037273 2.214226 1.000000
-0.294011 -0.581142 2.688577 1.000000
-0.057063 -0.579493 2.695619 1.000000
-0.317572 -1.001551 2.759499 1.000000
-0.051014 -0.999165 2.774155 1.000000
-0.334452 -1.028499 2.594154 0.000000
-0.055918 -1.030192 2.608736 0.000000
-0.122821 0.676651 2.602538 1.000000
-0.309956 0.375760 2.690974 1.000000
0.046969 0.351386 2.677764 1.000000
-0.132343 0.403674 2.587412 0.000000
-0.137773 0.214210 2.790304 0.000000
-0.283944 -0.012903 2.647205 1.000000
-0.003110 -0.023961 2.636642 1.000000
-0.138144 0.000230 2.765509 0.000000
-0.354486 0.159324 2.547560 1.000000
0.067271 0.127400 2.540605 1.000000
-0.410162 -0.049780 2.362883 1.000000
0.116193 -0.086877 2.359989 1.000000
-0.414013 -0.100993 2.317894 0.947115
0.122421 -0.136392 2.313394 1.000000
-0.292031 -0.584142 2.683913 1.000000
-0.051852 -0.594640 2.698198 1.000000
-0.321255 -1.002584 2.763796 1.000000
-0.049866 -1.013910 2.779057 1.000000
-0.337563 -1.032910 2.598979 0.000000
-0.052653 -1.045803 2.613753 0.000000
-0.101241 0.670841 2.579077 1.000000
-0.303381 0.377714 2.688390 1.000000
0.053462 0.351267 2.677099 1.000000
-0.124907 0.406295 2.586507 0.000000
-0.132896 0.213331 2.785986 0.000000
-0.272246 -0.010944 2.640350 1.000000
0.008601 -0.022822 2.631109 1.000000
-0.126901 0.003539 2.759055 0.000000
-0.366077 0.142146 2.586065 1.000000
0.102277 0.107199 2.587983 1.000000
-0.443137 -0.097493 2.451358 1.000000
0.169446 -0.140206 2.462323 1.000000
-0.456020 -0.158323 2.423156 0.711538
0.173744 -0.199505 2.428757 0.846154
-0.290050 -0.579997 2.679549 1.000000
-0.043372 -0.592973 2.696218 1.000000
-0.318731 -0.998293 2.760392 1.000000
-0.050952 -1.011739 2.779326 1.000000
-0.336246 -1.028911 2.595754 0.000000
-0.052527 -1.044486 2.614173 0.000000
-0.101326 0.672192 2.578534 1.000000
-0.294136 0.379417 2.687486 1.000000
0.062690 0.353813 2.673920 1.000000
-0.116401 0.408210 2.584376 0.000000
-0.122615 0.215662 2.784322 0.000000
-0.269781 -0.015622 2.637054 1.000000
0.011371 -0.022410 2.640026 1.000000
-0.130029 0.000907 2.762043 0.000000
-0.369100 0.130809 2.633887 1.000000
0.122296 0.097487 2.641631 1.000000
-0.443737 -0.134571 2.556515 1.000000
0.180601 -0.172506 2.566212 1.000000
-0.461329 -0.200526 2.557945 0.963942
0.170563 -0.238002 2.549748 0.694712
-0.289695 -0.582625 2.673378 1.000000
-0.038007 -0.594410 2.697770 1.000000
-0.318921 -0.999849 2.759398 1.000000
-0.052903 -1.013506 2.778182 1.000000
-0.331306 -1.032923 2.594769 0.000000
-0.046105 -1.045440 2.613003 0.000000
-0.086587 0.672908 2.576060 1.000000
-0.282447 0.372483 2.678109 1.000000
0.074944 0.353694 2.669026 1.000000
-0.104171 0.402166 2.576191 0.000000
-0.108820 0.214748 2.780994 0.000000
-0.260282 -0.007832 2.657199 1.000000
0.019942 -0.022339 2.638082 1.000000
-0.110807 0.003158 2.771051 0.000000
-0.359072 0.118365 2.696011 1.000000
0.129973 0.093820 2.683365 1.000000
-0.405043 -0.165143 2.702410 1.000000
0.147105 -0.192654 2.696401 1.000000
-0.391700 -0.229264 2.683123 0.728365
0.122517 -0.254188 2.679951 0.879808
-0.287824 -0.576143 2.675038 1.000000
-0.024645 -0.591399 2.702822 1.000000
-0.320019 -0.994163 2.755981 1.000000
-0.052865 -1.010360 2.780310 1.000000
-0.346278 -1.023829 2.592334 0.000000
-0.057163 -1.040692 2.614746 0.000000
-0.067950 0.665501 2.559548 1.000000
-0.266305 0.375868 2.673755 1.000000
0.091078 0.355873 2.667297 1.000000
-0.087266 0.403701 2.572658 0.000000
-0.093860 0.218931 2.779801 0.000000
-0.251570 -0.004044 2.668836 1.000000
0.028325 -0.020085 2.646400 1.000000
-0.100862 0.002561 2.781396 0.000000
-0.338987 0.125122 2.721419 1.000000
0.131636 0.095462 2.698428 1.000000
-0.358187 -0.159677 2.747021 1.000000
0.126177 -0.189501 2.728439 1.000000
-0.369025 -0.222195 2.772232 0.206731
0.089201 -0.245967 2.718145 0.694712
-0.285549 -0.571976 2.678290 1.000000
-0.020502 -0.589575 2.708766 1.000000
-0.317253 -0.993082 2.741486 1.000000
-0.049707 -1.008955 2.783579 1.000000
-0.344885 -1.015695 2.576940 0.000000
-0.056848 -1.038016 2.617885 0.000000
-0.061573 0.667186 2.549193 1.000000
-0.258805 0.384214 2.675757 1.000000
0.098031 0.357316 2.665348 1.000000
-0.080409 0.408381 2.572601 0.000000
-0.088236 0.224198 2.780223 0.000000
-0.246001 0.001592 2.675102 1.000000
0.033709 -0.017999 2.653189 1.000000
-0.095426 0.006397 2.787930 0.000000
-0.330326 0.135342 2.722263 1.000000
0.136512 0.098410 2.691855 1.000000
-0.351135 -0.136366 2.802655 1.000000
0.119709 -0.181991 2.734441 1.000000
-0.360481 -0.201101 2.822240 0.000000
0.087132 -0.238662 2.714724 0.593750
-0.285127 -0.566433 2.685613 1.000000
-0.021371 -0.586865 2.713667 1.000000
-0.316801 -0.989281 2.735864 1.000000
-0.044323 -1.006284 2.790418 1.000000
-0.343122 -1.006961 2.570501 0.000000
-0.052512 -1.036122 2.624910 0.009615
-0.051911 0.668371 2.549604 1.000000
