-0.364199 0.319531 2.778294 1.000000
-0.000441 0.331305 2.750607 1.000000
-0.192423 0.369932 2.650641 0.000000
-0.170242 0.192373 2.866552 0.000000
-0.388060 -0.037144 2.772325 0.221154
0.023407 -0.031164 2.726995 0.403846
-0.166598 -0.046657 2.890779 0.000000
-0.433055 0.046716 2.788415 1.000000
0.073624 0.060520 2.772089 1.000000
-0.412849 -0.238847 2.721716 1.000000
0.052610 -0.230769 2.738736 1.000000
-0.403324 -0.307906 2.724760 0.425481
0.034015 -0.296626 2.725091 0.509615
-0.291014 -0.567184 2.796457 1.000000
-0.063975 -0.564749 2.772623 1.000000
-0.293821 -0.983651 2.907401 1.000000
-0.067018 -0.979782 2.888813 1.000000
-0.313567 -1.024820 2.752360 0.000000
-0.078507 -1.023166 2.733544 0.000000
-0.192667 0.616965 2.733598 0.360577
-0.364237 0.317928 2.775678 1.000000
0.000028 0.328494 2.755089 1.000000
-0.189847 0.368926 2.651865 0.000000
-0.172509 0.189082 2.866323 0.000000
-0.391987 -0.039593 2.760014 0.163462
0.021400 -0.033980 2.738198 0.442308
-0.177653 -0.048009 2.891000 0.000000
-0.432769 0.044797 2.790327 1.000000
0.067418 0.055062 2.769420 1.000000
-0.413813 -0.240970 2.722187 1.000000
0.048689 -0.237658 2.744334 1.000000
-0.396843 -0.306093 2.703744 0.375000
0.035900 -0.305698 2.735613 0.408654
-0.287736 -0.569625 2.796916 1.000000
-0.060640 -0.567294 2.774964 1.000000
-0.294750 -0.986725 2.905266 1.000000
-0.069126 -0.981987 2.892091 1.000000
-0.304492 -1.027134 2.749077 0.000000
-0.070182 -1.025897 2.736548 0.000000
-0.203460 0.582242 2.728058 0.341346
-0.365315 0.312334 2.776553 1.000000
-0.001554 0.329610 2.751964 1.000000
-0.193276 0.367094 2.651068 0.000000
-0.170281 0.186546 2.864399 0.000000
-0.389529 -0.039115 2.771481 0.105769
0.021646 -0.036771 2.723253 0.403846
-0.167319 -0.047153 2.888637 0.000000
-0.436568 0.040016 2.782287 1.000000
0.073694 0.058975 2.770967 1.000000
-0.415024 -0.246976 2.722543 1.000000
0.050485 -0.232958 2.745781 1.000000
-0.394281 -0.313305 2.728811 0.391827
0.037009 -0.301216 2.740461 0.459135
-0.288597 -0.570539 2.798622 1.000000
-0.060986 -0.568721 2.774735 1.000000
-0.294982 -0.987330 2.908193 1.000000
-0.069416 -0.983473 2.891656 1.000000
-0.315115 -1.027815 2.753021 0.000000
-0.080906 -1.027000 2.736427 0.000000
-0.192496 0.580251 2.732583 0.288462
-0.368486 0.317720 2.780431 1.000000
-0.004578 0.329002 2.754571 1.000000
-0.196009 0.370312 2.654622 0.000000
-0.175284 0.188141 2.866802 0.000000
-0.392514 -0.039198 2.772556 0.163462
0.018783 -0.033964 2.725616 0.509615
-0.170611 -0.047944 2.890242 0.000000
-0.436517 0.044413 2.790635 1.000000
0.061545 0.055535 2.771084 1.000000
-0.416155 -0.241515 2.724261 1.000000
0.047689 -0.237691 2.751056 1.000000
-0.400072 -0.308542 2.713410 0.358173
0.031106 -0.305387 2.754420 0.459135
-0.290375 -0.569862 2.796743 1.000000
-0.060381 -0.566782 2.770867 1.000000
-0.289468 -0.989819 2.893677 1.000000
-0.070845 -0.980113 2.892557 1.000000
-0.309174 -1.025939 2.737378 0.000000
-0.080199 -1.025466 2.737708 0.000000
-0.181835 0.582987 2.738892 0.278846
-0.367355 0.317446 2.781616 1.000000
-0.003713 0.329799 2.752682 1.000000
-0.196101 0.369263 2.653829 0.000000
-0.172966 0.189574 2.867869 0.000000
-0.392600 -0.039602 2.773970 0.153846
0.018128 -0.031888 2.722597 0.490385
-0.169390 -0.047230 2.889237 0.000000
-0.433924 0.044575 2.794178 1.000000
0.062749 0.057153 2.769847 1.000000
-0.416630 -0.240250 2.725363 1.000000
0.046309 -0.234849 2.744855 1.000000
-0.396819 -0.304491 2.706661 0.274038
0.033061 -0.299774 2.722985 0.492788
-0.291298 -0.569576 2.795396 1.000000
-0.063490 -0.565400 2.772639 1.000000
-0.294987 -0.986324 2.905256 1.000000
-0.068279 -0.980254 2.889404 1.000000
-0.316401 -1.026982 2.750301 0.000000
-0.081096 -1.023769 2.734276 0.000000
-0.189110 0.604084 2.732266 0.365385
-0.371199 0.315485 2.782762 1.000000
-0.007331 0.332999 2.759995 1.000000
-0.198638 0.373545 2.659497 0.000000
-0.176631 0.187033 2.867741 0.000000
-0.390862 -0.039890 2.768959 0.105769
0.021164 -0.032030 2.729356 0.509615
-0.171026 -0.048573 2.890467 0.000000
-0.433663 0.041101 2.799701 1.000000
0.069819 0.062357 2.776600 1.000000
-0.415644 -0.242165 2.721850 1.000000
0.052988 -0.230242 2.749618 1.000000
-0.407991 -0.309742 2.737465 0.694712
0.034830 -0.294507 2.729386 0.442308
-0.291535 -0.569340 2.795659 1.000000
-0.061153 -0.565880 2.771784 1.000000
-0.298279 -0.990222 2.888258 1.000000
-0.071338 -0.980333 2.889626 1.000000
-0.314907 -1.024512 2.731190 0.000000
-0.078931 -1.024314 2.734285 0.000000
-0.195507 0.585178 2.727586 0.384615
-0.371739 0.314871 2.777292 1.000000
-0.007480 0.327464 2.757739 1.000000
-0.197293 0.367571 2.654274 0.000000
-0.179579 0.186443 2.867617 0.000000
-0.392463 -0.039412 2.769540 0.076923
0.019609 -0.034718 2.729915 0.451923
-0.172691 -0.050859 2.890935 0.000000
-0.432141 0.037895 2.807717 1.000000
0.066697 0.053246 2.782084 1.000000
-0.426664 -0.247674 2.723906 1.000000
0.057739 -0.242999 2.754485 1.000000
-0.422369 -0.316622 2.733744 1.000000
0.051210 -0.311846 2.745182 1.000000
-0.287547 -0.570081 2.795490 1.000000
-0.061954 -0.567350 2.772102 1.000000
-0.295387 -0.987165 2.903841 1.000000
-0.073646 -0.981281 2.891623 1.000000
-0.311729 -1.027308 2.748136 0.000000
-0.080802 -1.025888 2.736440 0.000000
-0.192870 0.582850 2.739976 0.235577
-0.369635 0.316104 2.775671 1.000000
-0.005200 0.322271 2.756323 1.000000
-0.194228 0.363054 2.651693 0.000000
-0.179695 0.186690 2.869227 0.000000
-0.382677 -0.038240 2.772099 0.730769
0.028524 -0.041872 2.724172 0.750000
-0.160719 -0.051038 2.889310 0.000000
-0.438856 0.034099 2.807136 1.000000
0.066001 0.040909 2.789107 1.000000
-0.501610 -0.248436 2.711115 1.000000
0.156009 -0.241808 2.718727 1.000000
-0.527542 -0.313217 2.711243 1.000000
0.186082 -0.304771 2.719334 0.879808
-0.290897 -0.570856 2.798720 1.000000
-0.063062 -0.572564 2.774604 1.000000
-0.298460 -0.987921 2.907169 1.000000
-0.074841 -0.987431 2.890827 1.000000
-0.319474 -1.027893 2.751981 0.000000
-0.087363 -1.030570 2.735569 0.000000
-0.197370 0.585454 2.742533 0.322115
-0.370040 0.315938 2.772802 1.000000
-0.005515 0.323491 2.755797 1.000000
-0.194007 0.359934 2.648629 0.000000
-0.180092 0.190566 2.871693 0.000000
-0.371009 -0.037937 2.749676 0.721154
0.022147 -0.042222 2.739957 0.826923
-0.170985 -0.046819 2.887158 0.000000
-0.475334 0.040327 2.794533 1.000000
0.096422 0.045871 2.763324 1.000000
-0.598077 -0.213842 2.669127 1.000000
0.249584 -0.204187 2.666336 1.000000
-0.638265 -0.265376 2.644667 1.000000
0.293726 -0.257831 2.659789 1.000000
-0.291572 -0.569574 2.799175 1.000000
-0.063808 -0.573756 2.776078 1.000000
-0.295752 -0.989452 2.896367 1.000000
-0.072816 -0.987876 2.895176 1.000000
-0.302390 -1.025807 2.739023 0.000000
-0.071623 -1.032571 2.739858 0.000000
-0.193375 0.610251 2.749536 0.100962
-0.371873 0.315376 2.783104 1.000000
-0.007605 0.320869 2.760668 1.000000
-0.197447 0.360781 2.657182 0.000000
-0.181317 0.186720 2.876452 0.000000
-0.362829 -0.036225 2.748261 0.596154
0.016800 -0.046691 2.738714 0.634615
-0.169549 -0.045717 2.885924 0.000000
-0.514586 0.058087 2.746614 1.000000
0.125803 0.057829 2.730532 1.000000
-0.674643 -0.158366 2.593861 1.000000
0.304698 -0.148606 2.584981 1.000000
-0.724518 -0.181060 2.550657 0.728365
0.366890 -0.175750 2.568717 0.879808
-0.291382 -0.569185 2.802891 1.000000
-0.068647 -0.576407 2.780602 1.000000
-0.296179 -0.989152 2.899665 1.000000
-0.068983 -0.990131 2.901407 1.000000
-0.303058 -1.025338 2.742293 0.000000
-0.069613 -1.035432 2.746261 0.000000
-0.192391 0.608702 2.747662 0.302885
-0.367390 0.323705 2.790139 1.000000
-0.002720 0.322951 2.774628 1.000000
-0.189903 0.363079 2.666486 0.000000
-0.180724 0.194596 2.890463 0.000000
-0.360950 -0.031772 2.757707 0.625000
0.018521 -0.040055 2.742610 0.923077
-0.165678 -0.041653 2.892478 0.000000
-0.509465 0.093782 2.680957 1.000000
0.114675 0.082489 2.659013 1.000000
-0.653101 -0.025162 2.440468 1.000000
0.268834 -0.030519 2.422203 1.000000
-0.693399 -0.045280 2.387172 0.122596
0.323646 -0.045303 2.381631 0.745192
-0.294787 -0.564496 2.802917 1.000000
-0.066366 -0.570739 2.781099 1.000000
-0.301822 -0.984405 2.899811 1.000000
-0.069607 -0.983018 2.906706 1.000000
-0.311600 -1.020522 2.742577 0.000000
-0.071671 -1.030103 2.752105 0.000000
-0.175189 0.606672 2.763769 0.163462
-0.366381 0.322050 2.802794 1.000000
-0.002048 0.319664 2.780871 1.000000
-0.190796 0.365045 2.677639 0.000000
-0.178887 0.188059 2.894827 0.000000
-0.365565 -0.035191 2.754915 0.653846
0.014247 -0.039484 2.750587 0.721154
-0.174115 -0.044282 2.895116 0.000000
-0.467910 0.110974 2.639423 1.000000
0.086915 0.104184 2.615931 1.000000
-0.563702 0.061466 2.361464 1.000000
0.160160 0.035427 2.335225 0.961538
-0.589283 0.038166 2.300869 0.274038
0.207969 0.042606 2.284908 0.425481
-0.293359 -0.566817 2.805073 1.000000
-0.067681 -0.571177 2.785005 1.000000
-0.305066 -0.981761 2.921026 1.000000
-0.070585 -0.983051 2.911940 1.000000
-0.310190 -1.025104 2.765405 0.000000
-0.067873 -1.030664 2.757511 0.000000
-0.175543 0.612901 2.758554 0.245192
-0.371321 0.328203 2.816256 0.942308
-0.006772 0.330920 2.798321 1.000000
-0.194872 0.382696 2.696931 0.000000
-0.183469 0.188991 2.899377 0.000000
-0.363268 -0.029503 2.749896 0.826923
0.016457 -0.035102 2.758397 0.759615
-0.176677 -0.037964 2.896539 0.000000
-0.421207 0.145287 2.605611 1.000000
0.045148 0.134719 2.600514 1.000000
-0.436625 0.114300 2.311764 0.201923
0.024886 0.108436 2.306503 0.000000
-0.456880 0.086683 2.250968 0.425481
0.050396 0.115991 2.241995 0.576923
-0.294546 -0.561245 2.804683 1.000000
-0.069545 -0.567094 2.784994 1.000000
-0.302705 -0.974582 2.926532 1.000000
-0.069610 -0.979124 2.911458 1.000000
-0.303607 -1.020266 2.771501 0.000000
-0.062564 -1.026503 2.757094 0.000000
-0.189648 0.608690 2.760458 0.442308
-0.375747 0.334069 2.866360 0.278846
-0.020567 0.334375 2.782263 0.788462
-0.222687 0.395443 2.720937 0.000000
-0.179253 0.187166 2.903613 0.000000
-0.365288 -0.017180 2.801052 0.423077
0.004595 -0.031204 2.715703 0.865385
-0.148487 -0.028947 2.897232 0.000000
-0.376761 0.215607 2.617223 0.815385
0.012693 0.154410 2.575840 1.000000
-0.297038 0.122610 2.356557 0.759615
-0.157514 0.127532 2.345064 1.000000
-0.277530 0.100072 2.293465 0.000000
-0.184963 0.135391 2.281394 0.105769
-0.294635 -0.555062 2.794765 1.000000
-0.067152 -0.558483 2.784259 1.000000
-0.301791 -0.967270 2.920442 1.000000
-0.068538 -0.970807 2.909752 1.000000
-0.339736 -1.012485 2.769981 0.000000
-0.098231 -1.016974 2.757735 0.000000
-0.173797 0.606325 2.759195 0.524038
-0.360820 0.335988 2.823954 1.000000
0.002490 0.328610 2.789650 1.000000
-0.188780 0.380723 2.694558 0.000000
-0.172692 0.195763 2.904718 0.000000
-0.362638 -0.020595 2.780803 1.000000
0.014344 -0.025549 2.734390 1.000000
-0.156785 -0.026933 2.899025 0.000000
-0.353106 0.180528 2.591508 0.661539
-0.041228 0.163881 2.567814 1.000000
-0.255441 0.110906 2.325214 0.451923
-0.192808 0.166645 2.318185 1.000000
-0.218585 0.088268 2.270457 0.004808
-0.216559 0.173866 2.252971 0.442308
-0.293938 -0.554570 2.799532 1.000000
-0.068947 -0.557568 2.779139 1.000000
-0.299914 -0.969611 2.915578 1.000000
-0.071245 -0.968101 2.910358 1.000000
-0.323616 -1.012345 2.761518 0.000000
-0.085068 -1.017058 2.756948 0.000000
-0.160598 0.616392 2.791296 0.187500
-0.365216 0.336619 2.824272 0.769231
-0.001740 0.329077 2.791813 1.000000
-0.192461 0.381955 2.696043 0.000000
-0.177649 0.195720 2.905169 0.000000
-0.361418 -0.021288 2.774153 0.721154
0.016806 -0.027081 2.739402 0.769231
-0.159341 -0.028802 2.898654 0.000000
-0.379749 0.179538 2.592746 0.984615
-0.021506 0.161179 2.568408 1.000000
-0.281929 0.104451 2.327519 0.538462
-0.169865 0.152818 2.316472 1.000000
-0.258373 0.086752 2.264266 0.000000
-0.202696 0.161331 2.255491 0.980769
-0.293202 -0.555165 2.798863 1.000000
-0.069389 -0.559097 2.778672 1.000000
-0.300419 -0.966258 2.928136 1.000000
-0.070120 -0.968470 2.913486 1.000000
-0.319824 -1.014081 2.774972 0.000000
-0.079598 -1.018923 2.760230 0.000000
-0.173635 0.612903 2.773346 0.312500
-0.366487 0.336213 2.838493 0.673077
-0.003342 0.338759 2.801833 1.000000
-0.196109 0.396725 2.713385 0.000000
-0.175444 0.191971 2.903872 0.000000
-0.360156 -0.017534 2.784315 0.769231
0.016167 -0.025850 2.733260 0.692308
-0.153064 -0.030660 2.899782 0.000000
-0.358384 0.161801 2.621753 0.953846
0.022533 0.153960 2.595336 1.000000
-0.317418 0.115256 2.337878 0.000000
-0.062187 0.096869 2.323318 0.826923
-0.307595 0.103342 2.269829 0.000000
-0.085130 0.111287 2.259016 0.139423
-0.290898 -0.552553 2.797391 1.000000
-0.067367 -0.556376 2.779631 1.000000
-0.301539 -0.964963 2.922155 1.000000
-0.066332 -0.966664 2.911631 1.000000
-0.326631 -1.010603 2.769151 0.000000
-0.082475 -1.015954 2.758554 0.000000
-0.184751 0.611170 2.756856 0.500000
-0.376924 0.327897 2.863454 0.701923
-0.020380 0.339393 2.786191 1.000000
-0.222894 0.396365 2.722282 0.000000
-0.177276 0.185499 2.901422 0.000000
-0.360844 -0.018349 2.790226 0.653846
0.013020 -0.024674 2.723291 0.778846
-0.148981 -0.030213 2.896834 0.000000
-0.390169 0.162046 2.644809 1.000000
0.057192 0.130636 2.625285 1.000000
-0.423727 0.094253 2.368120 0.163462
0.012810 0.081119 2.346256 0.000000
-0.436816 0.094144 2.299580 0.745192
0.005426 0.059280 2.280396 0.475962
-0.291680 -0.553073 2.795883 1.000000
-0.069158 -0.555146 2.780987 1.000000
-0.302707 -0.965008 2.922174 1.000000
-0.067224 -0.965445 2.912943 1.000000
-0.333928 -1.010726 2.770326 0.000000
-0.090164 -1.014526 2.760669 0.000000
-0.173907 0.604799 2.743592 0.658654
-0.367666 0.329782 2.833491 1.000000
-0.007027 0.326332 2.777347 1.000000
-0.204219 0.376536 2.694058 0.000000
-0.173542 0.191458 2.902485 0.000000
-0.363565 -0.026415 2.797811 0.615385
0.007305 -0.029475 2.715714 1.000000
-0.147452 -0.036830 2.895680 0.000000
-0.413994 0.122170 2.663016 1.000000
0.065131 0.106993 2.632452 1.000000
-0.492811 0.023551 2.407950 1.000000
0.085797 -0.005900 2.372021 0.413462
-0.510928 0.037596 2.342045 0.661058
0.114533 0.002932 2.309050 0.846154
-0.290528 -0.560430 2.800263 1.000000
-0.064340 -0.559895 2.780537 1.000000
-0.304270 -0.974473 2.919175 1.000000
-0.067931 -0.968892 2.916440 1.000000
-0.340569 -1.016834 2.767483 0.000000
-0.094782 -1.018937 2.765122 0.000000
-0.177719 0.607164 2.780059 0.283654
-0.363808 0.325167 2.816802 1.000000
-0.001604 0.327199 2.771753 1.000000
-0.196991 0.372142 2.681495 0.000000
-0.169491 0.191799 2.894466 0.000000
-0.357994 -0.030253 2.775931 0.384615
0.006153 -0.035268 2.727158 1.000000
-0.157137 -0.040848 2.892612 0.000000
-0.446278 0.087436 2.706738 1.000000
0.086679 0.083839 2.680028 1.000000
-0.556054 -0.082952 2.503922 1.000000
0.188302 -0.094687 2.479981 1.000000
-0.584543 -0.131522 2.462710 1.000000
0.219629 -0.142662 2.440156 1.000000
-0.294898 -0.563330 2.800736 1.000000
-0.068224 -0.565920 2.780793 1.000000
-0.306819 -0.978767 2.914890 1.000000
-0.067167 -0.975295 2.915598 1.000000
-0.331281 -1.020445 2.760659 0.000000
-0.082900 -1.025644 2.762823 0.000000
-0.171042 0.608874 2.757848 0.442308
-0.364747 0.325475 2.800621 1.000000
-0.000925 0.323002 2.771428 1.000000
-0.191745 0.366839 2.671387 0.000000
-0.175329 0.192880 2.890716 0.000000
-0.356679 -0.029740 2.769721 0.365385
0.007785 -0.039843 2.724215 1.000000
-0.156975 -0.041081 2.888295 0.000000
-0.448536 0.068677 2.735025 1.000000
0.090284 0.066490 2.715288 1.000000
-0.543243 -0.168104 2.596512 1.000000
0.188979 -0.166516 2.573205 1.000000
-0.564791 -0.233121 2.583184 1.000000
0.218033 -0.223823 2.545985 1.000000
-0.296741 -0.563561 2.801610 1.000000
-0.065958 -0.568719 2.780540 1.000000
-0.302163 -0.976429 2.925191 1.000000
-0.068465 -0.977615 2.916771 1.000000
-0.326426 -1.021958 2.772021 0.000000
-0.082466 -1.028434 2.763983 0.000000
-0.171011 0.607821 2.735941 0.538462
-0.360763 0.318233 2.790047 1.000000
0.003563 0.320449 2.767996 1.000000
-0.185840 0.359672 2.663448 0.000000
-0.171321 0.190072 2.886297 0.000000
-0.352550 -0.032335 2.753087 0.365385
0.014379 -0.044729 2.738376 1.000000
-0.163553 -0.043683 2.888073 0.000000
-0.432932 0.044470 2.770365 1.000000
0.082966 0.049989 2.735008 1.000000
-0.491724 -0.235480 2.693170 1.000000
0.154467 -0.230082 2.669930 1.000000
-0.492787 -0.305127 2.697329 1.000000
0.168875 -0.294699 2.647881 1.000000
-0.295914 -0.565232 2.804008 1.000000
-0.065294 -0.573805 2.781917 1.000000
-0.304495 -0.976908 2.931328 1.000000
-0.070560 -0.982532 2.918576 1.000000
-0.316155 -1.024316 2.777252 0.000000
-0.072210 -1.033761 2.765293 0.000000
-0.173101 0.605115 2.733462 0.615385
-0.360301 0.323240 2.781365 1.000000
0.004270 0.319776 2.764005 1.000000
-0.183095 0.363578 2.657618 0.000000
-0.174235 0.190637 2.878185 0.000000
-0.353417 -0.035736 2.744648 0.086538
0.013911 -0.043770 2.748194 0.201923
-0.171224 -0.044121 2.888889 0.000000
-0.405377 0.039312 2.801274 1.000000
0.054279 0.036178 2.774736 1.000000
-0.396864 -0.261286 2.792160 1.000000
0.048638 -0.264606 2.778080 1.000000
-0.390599 -0.330762 2.793872 0.240385
0.043022 -0.328382 2.750327 0.459135
-0.294858 -0.566856 2.805681 1.000000
-0.058375 -0.573991 2.783901 1.000000
-0.304316 -0.979964 2.928213 1.000000
-0.072752 -0.983753 2.916751 1.000000
-0.307422 -1.025850 2.773270 0.000000
-0.064768 -1.033792 2.763275 0.000000
-0.170437 0.604875 2.701910 0.658654
-0.359515 0.320107 2.784415 1.000000
0.004790 0.326414 2.762801 1.000000
-0.184899 0.367509 2.659497 0.000000
-0.168968 0.190420 2.876342 0.000000
-0.356357 -0.036028 2.752177 0.000000
0.010940 -0.043352 2.745386 0.163462
-0.170180 -0.044966 2.891204 0.000000
-0.397063 0.037671 2.809292 1.000000
0.053505 0.046187 2.792778 1.000000
-0.397370 -0.260915 2.811362 1.000000
0.044575 -0.252128 2.802063 1.000000
-0.428463 -0.323074 2.805146 0.088942
0.037704 -0.319851 2.786717 0.358173
-0.291198 -0.567829 2.807597 1.000000
-0.062612 -0.572742 2.794130 1.000000
-0.301837 -0.980451 2.931661 1.000000
-0.072960 -0.986453 2.914535 1.000000
-0.308556 -1.026789 2.776967 0.000000
-0.071322 -1.031653 2.759368 0.000000
-0.162079 0.601273 2.704227 0.653846
-0.357372 0.330677 2.784665 1.000000
0.006896 0.323108 2.762843 1.000000
-0.181224 0.369666 2.658990 0.000000
-0.171696 0.195395 2.878479 0.000000
-0.359665 -0.031028 2.766850 0.000000
0.005885 -0.040958 2.731048 0.278846
-0.163124 -0.040492 2.890754 0.000000
-0.399848 0.049894 2.816057 1.000000
0.054880 0.043456 2.796327 1.000000
-0.400471 -0.248383 2.814099 1.000000
0.046866 -0.254703 2.799403 1.000000
-0.394129 -0.317427 2.821952 0.375000
0.037509 -0.320258 2.777399 0.644231
-0.292925 -0.565228 2.803787 1.000000
-0.058144 -0.568480 2.791199 1.000000
-0.301638 -0.978491 2.925849 1.000000
-0.071621 -0.982526 2.910136 1.000000
-0.320653 -1.023587 2.771812 0.000000
-0.080855 -1.026798 2.754968 0.000000
-0.170585 0.601957 2.692701 0.951923
-0.359128 0.328445 2.781602 1.000000
0.005068 0.324129 2.757774 1.000000
-0.184210 0.363764 2.653154 0.000000
-0.171299 0.199701 2.880208 0.000000
-0.362085 -0.029484 2.767631 0.000000
0.003726 -0.039047 2.734503 0.692308
-0.166500 -0.040564 2.892905 0.000000
-0.416054 0.048739 2.815854 1.000000
0.059184 0.043817 2.791625 1.000000
-0.416889 -0.250756 2.796194 1.000000
0.061307 -0.256255 2.785558 1.000000
-0.403611 -0.319255 2.797009 0.492788
0.047958 -0.324687 2.782734 0.980769
-0.293318 -0.563670 2.804116 1.000000
-0.053496 -0.566266 2.789658 1.000000
-0.301253 -0.974299 2.934814 1.000000
-0.071790 -0.979713 2.910024 1.000000
-0.319133 -1.022705 2.781648 0.000000
-0.077697 -1.024619 2.754875 0.000000
-0.162600 0.607900 2.686599 0.581731
-0.362475 0.326927 2.783559 1.000000
0.001707 0.327200 2.759141 1.000000
-0.188207 0.365293 2.655103 0.000000
-0.172941 0.199759 2.880939 0.000000
-0.360936 -0.030447 2.770913 0.375000
0.004562 -0.038035 2.734028 0.548077
-0.164035 -0.041187 2.894138 0.000000
-0.429727 0.047481 2.809628 1.000000
0.062711 0.046170 2.783499 1.000000
-0.423087 -0.252186 2.778938 1.000000
0.067755 -0.254001 2.757855 1.000000
-0.402122 -0.318400 2.785670 0.576923
0.044854 -0.319604 2.751464 1.000000
-0.295928 -0.564035 2.803450 1.000000
-0.057794 -0.566676 2.787300 1.000000
-0.300690 -0.975328 2.932202 1.000000
-0.072335 -0.979938 2.908808 1.000000
-0.320911 -1.023020 2.779103 0.000000
-0.080849 -1.025190 2.753881 0.000000
-0.156776 0.609080 2.684154 0.591346
