-0.375176 0.273515 2.683470 1.000000
-0.033091 0.290671 2.642136 1.000000
-0.224687 0.339066 2.516347 0.000000
-0.188317 0.149209 2.738546 0.000000
-0.379679 -0.057957 2.609527 0.826923
-0.007628 -0.059115 2.565410 0.711538
-0.180121 -0.059084 2.701604 0.000000
-0.452520 0.014494 2.712709 1.000000
0.049164 0.032266 2.661882 1.000000
-0.476147 -0.271629 2.713463 1.000000
0.054498 -0.254694 2.668997 1.000000
-0.475918 -0.336480 2.722548 1.000000
0.035543 -0.316291 2.680607 1.000000
-0.292890 -0.555901 2.713864 1.000000
-0.089092 -0.555710 2.696784 1.000000
-0.300610 -0.957501 2.779493 1.000000
-0.074833 -0.956408 2.766694 1.000000
-0.318582 -0.982461 2.624643 0.000000
-0.093487 -0.983996 2.612371 0.000000
-0.211550 0.534413 2.538120 1.000000
-0.371868 0.287488 2.686924 1.000000
-0.029776 0.300621 2.644197 1.000000
-0.221308 0.350538 2.518906 0.000000
-0.186194 0.161372 2.741896 0.000000
-0.379223 -0.056355 2.600855 0.278846
-0.006370 -0.046610 2.565428 0.692308
-0.181800 -0.056702 2.697431 0.000000
-0.429932 0.020560 2.703972 1.000000
0.048624 0.038788 2.658675 1.000000
-0.405063 -0.264265 2.661799 1.000000
0.014440 -0.248149 2.663261 1.000000
-0.429903 -0.309437 2.621416 0.139423
0.014212 -0.313605 2.661338 0.745192
-0.292720 -0.548469 2.713340 1.000000
-0.088958 -0.545806 2.693485 1.000000
-0.301855 -0.950813 2.774043 1.000000
-0.073638 -0.945933 2.766373 1.000000
-0.314765 -0.974000 2.618415 0.000000
-0.087501 -0.974631 2.611749 0.000000
-0.211701 0.533613 2.522448 1.000000
-0.370849 0.286792 2.687947 1.000000
-0.029170 0.304435 2.643566 1.000000
-0.221945 0.350902 2.518857 0.000000
-0.183182 0.163621 2.742830 0.000000
-0.382789 -0.046493 2.610625 0.326923
-0.010374 -0.046869 2.569678 0.653846
-0.184047 -0.053280 2.704211 0.000000
-0.439635 0.020663 2.707035 1.000000
0.048573 0.040490 2.658039 1.000000
-0.413031 -0.267290 2.675080 1.000000
0.034547 -0.250028 2.651112 1.000000
-0.409028 -0.331838 2.664793 0.408654
0.011933 -0.311364 2.654959 1.000000
-0.292983 -0.544302 2.712253 1.000000
-0.089067 -0.543824 2.694950 1.000000
-0.301485 -0.946629 2.773163 1.000000
-0.074022 -0.943407 2.770818 1.000000
-0.317956 -0.969792 2.617868 0.000000
-0.091212 -0.973306 2.616756 0.000000
-0.208105 0.534746 2.521944 1.000000
-0.372788 0.285152 2.688636 1.000000
-0.030968 0.306762 2.647199 1.000000
-0.223227 0.353422 2.521769 0.000000
-0.184368 0.162891 2.742967 0.000000
-0.381484 -0.050596 2.617790 0.596154
-0.009467 -0.047187 2.573505 0.769231
-0.181855 -0.054500 2.709635 0.000000
-0.448112 0.018994 2.703740 1.000000
0.049831 0.041877 2.654217 1.000000
-0.444182 -0.271356 2.668481 1.000000
0.050376 -0.250330 2.640929 1.000000
-0.418552 -0.328160 2.688597 0.677885
0.021273 -0.308967 2.639195 0.980769
-0.294189 -0.547832 2.716512 1.000000
-0.087986 -0.545988 2.697766 1.000000
-0.300631 -0.950871 2.772792 1.000000
-0.070201 -0.946018 2.770630 1.000000
-0.318255 -0.972292 2.617373 0.000000
-0.088458 -0.974904 2.616498 0.000000
-0.212178 0.535176 2.524831 1.000000
-0.371440 0.287391 2.686397 1.000000
-0.028581 0.299635 2.650030 1.000000
-0.217625 0.349396 2.520957 0.000000
-0.187098 0.161136 2.745383 0.000000
-0.382064 -0.054012 2.611917 0.615385
-0.008927 -0.046246 2.579079 0.711538
-0.185365 -0.052933 2.709952 0.000000
-0.450513 0.020223 2.694430 1.000000
0.047456 0.031467 2.650952 1.000000
-0.481139 -0.269400 2.651931 1.000000
0.064466 -0.258954 2.606319 1.000000
-0.476549 -0.326855 2.683013 0.492788
0.017950 -0.305024 2.607759 0.778846
-0.291919 -0.548659 2.720803 1.000000
-0.087450 -0.547272 2.698261 1.000000
-0.297772 -0.950276 2.786522 1.000000
-0.070220 -0.947704 2.769016 1.000000
-0.310148 -0.975517 2.631170 0.000000
-0.083342 -0.975627 2.614185 0.000000
-0.211092 0.539263 2.533545 1.000000
-0.369066 0.274624 2.682688 1.000000
-0.026308 0.298826 2.651769 1.000000
-0.214952 0.343506 2.520275 0.000000
-0.181460 0.154067 2.743281 0.000000
-0.379215 -0.055139 2.608522 1.000000
-0.005680 -0.053765 2.579550 0.750000
-0.183559 -0.054769 2.708627 0.000000
-0.453413 0.008153 2.690765 1.000000
0.051313 0.030252 2.646324 1.000000
-0.481529 -0.278911 2.627711 1.000000
0.052065 -0.259218 2.588199 1.000000
-0.468805 -0.336352 2.656466 0.425481
0.015726 -0.312411 2.599956 0.610577
-0.292888 -0.551071 2.721745 1.000000
-0.084402 -0.551847 2.703176 1.000000
-0.299630 -0.954028 2.778572 1.000000
-0.072117 -0.953025 2.770663 1.000000
-0.311077 -0.975828 2.622629 0.000000
-0.084237 -0.979498 2.615496 0.000000
-0.212363 0.537310 2.540240 1.000000
-0.370660 0.282115 2.686512 1.000000
-0.028456 0.298940 2.646031 1.000000
-0.219685 0.345994 2.519180 0.000000
-0.183937 0.158429 2.743417 0.000000
-0.377899 -0.053492 2.610061 0.961538
-0.004111 -0.054471 2.584538 0.596154
-0.183178 -0.054959 2.711965 0.000000
-0.448381 0.012788 2.683956 1.000000
0.049502 0.029670 2.646554 1.000000
-0.473713 -0.275244 2.620618 1.000000
0.036637 -0.257903 2.577616 1.000000
-0.452414 -0.334972 2.636963 0.358173
0.011357 -0.318052 2.572024 0.509615
-0.292604 -0.550816 2.721304 1.000000
-0.086760 -0.553175 2.702643 1.000000
-0.301751 -0.953777 2.777769 1.000000
-0.069688 -0.954421 2.768668 1.000000
-0.311927 -0.975413 2.621715 0.000000
-0.080816 -0.980452 2.613352 0.000000
-0.210764 0.541062 2.538531 1.000000
-0.369927 0.274309 2.684278 1.000000
-0.027640 0.303557 2.652517 1.000000
-0.217309 0.346761 2.522007 0.000000
-0.180469 0.155849 2.743222 0.000000
-0.379425 -0.052286 2.614756 1.000000
-0.006739 -0.059746 2.577092 0.625000
-0.181527 -0.056130 2.710277 0.000000
-0.441812 0.004240 2.669464 1.000000
0.053072 0.035658 2.646183 1.000000
-0.430287 -0.279664 2.588273 1.000000
0.026688 -0.248491 2.569441 1.000000
-0.414508 -0.328950 2.628400 0.240385
0.004654 -0.309458 2.560177 0.492788
-0.294410 -0.551988 2.721431 1.000000
-0.089885 -0.555166 2.704577 1.000000
-0.298205 -0.953657 2.786987 1.000000
-0.068873 -0.956074 2.771513 1.000000
-0.314400 -0.978803 2.631971 0.000000
-0.085870 -0.982788 2.616846 0.000000
-0.211479 0.537983 2.539137 1.000000
-0.372938 0.291086 2.682990 1.000000
-0.030405 0.295479 2.642033 1.000000
-0.220093 0.345636 2.514062 0.000000
-0.190375 0.162737 2.742985 0.000000
-0.387428 -0.051167 2.610147 0.403846
-0.014269 -0.053505 2.576728 0.653846
-0.190598 -0.052607 2.707915 0.000000
-0.439277 0.019336 2.671394 1.000000
0.043009 0.025344 2.646605 1.000000
-0.427409 -0.266326 2.596239 1.000000
0.022329 -0.259418 2.569959 1.000000
-0.416478 -0.327746 2.576331 0.156250
0.005605 -0.322298 2.562561 0.459135
-0.294028 -0.548916 2.720782 1.000000
-0.088989 -0.550429 2.700745 1.000000
-0.298942 -0.951881 2.777739 1.000000
-0.068888 -0.951182 2.768877 1.000000
-0.312688 -0.973728 2.621988 0.000000
-0.083495 -0.978242 2.614026 0.000000
-0.208488 0.548944 2.541399 1.000000
-0.370104 0.288263 2.684107 1.000000
-0.027330 0.295502 2.645651 1.000000
-0.216404 0.348324 2.517845 0.000000
-0.187295 0.159170 2.741707 0.000000
-0.383316 -0.051892 2.610555 0.336538
-0.010247 -0.052725 2.576079 0.596154
-0.186205 -0.052299 2.707765 0.000000
-0.437189 0.016734 2.668141 1.000000
0.046927 0.025406 2.649883 1.000000
-0.420594 -0.267324 2.587275 1.000000
0.026555 -0.260850 2.578146 1.000000
-0.412218 -0.329808 2.569557 0.000000
-0.002071 -0.319212 2.570233 0.526442
-0.295097 -0.548946 2.721120 1.000000
-0.088379 -0.549914 2.702248 1.000000
-0.301789 -0.952073 2.776734 1.000000
-0.071143 -0.951635 2.765277 1.000000
-0.315744 -0.973337 2.620921 0.000000
-0.086043 -0.976620 2.610106 0.000000
-0.210129 0.543836 2.539527 1.000000
-0.371018 0.287426 2.681164 1.000000
-0.028471 0.300129 2.642107 1.000000
-0.218602 0.347195 2.513620 0.000000
-0.185851 0.162719 2.740858 0.000000
-0.380825 -0.052609 2.616051 0.846154
-0.008178 -0.055677 2.577398 0.653846
-0.182652 -0.055149 2.711044 0.000000
-0.439768 0.016312 2.662952 1.000000
0.049699 0.031030 2.648177 1.000000
-0.422347 -0.269997 2.590053 1.000000
0.030936 -0.258594 2.590246 1.000000
-0.430107 -0.334898 2.586074 0.156250
0.016235 -0.319694 2.571837 0.375000
-0.294534 -0.551422 2.720562 1.000000
-0.091287 -0.552842 2.703036 1.000000
-0.298630 -0.952925 2.787103 1.000000
-0.069655 -0.953580 2.770784 1.000000
-0.314748 -0.978442 2.632140 0.000000
-0.086546 -0.980632 2.616164 0.000000
-0.209729 0.545703 2.535228 1.000000
-0.369978 0.281662 2.682773 1.000000
-0.027759 0.290249 2.639913 1.000000
-0.218688 0.341406 2.514204 0.000000
-0.185847 0.153774 2.738829 0.000000
-0.384852 -0.055716 2.606053 0.865385
-0.011283 -0.051206 2.577850 0.817308
-0.189422 -0.052901 2.706560 0.000000
-0.447164 0.012030 2.667613 1.000000
0.043845 0.018824 2.649441 1.000000
-0.456091 -0.277707 2.604937 1.000000
0.069498 -0.272437 2.599801 1.000000
-0.412456 -0.317406 2.633366 0.526442
0.018451 -0.308915 2.618557 0.610577
-0.294143 -0.551192 2.718940 1.000000
-0.090828 -0.550646 2.700291 1.000000
-0.301073 -0.953808 2.778113 1.000000
-0.072388 -0.951526 2.768144 1.000000
-0.311830 -0.976530 2.622253 0.000000
-0.084064 -0.978323 2.612999 0.000000
-0.208416 0.538315 2.536345 1.000000
-0.371249 0.279319 2.681283 1.000000
-0.028638 0.298162 2.645401 1.000000
-0.218453 0.346380 2.516875 0.000000
-0.184731 0.155536 2.738645 0.000000
-0.380606 -0.053412 2.596314 0.932692
-0.006320 -0.051559 2.579698 1.000000
-0.188367 -0.052224 2.702828 0.000000
-0.460108 0.012213 2.686430 1.000000
0.059943 0.031293 2.659625 1.000000
-0.561267 -0.264147 2.644356 1.000000
0.171370 -0.242651 2.629344 1.000000
-0.520389 -0.314349 2.654205 0.627404
0.128659 -0.286350 2.605798 0.610577
-0.294132 -0.548076 2.717391 1.000000
-0.089025 -0.551114 2.695822 1.000000
-0.299674 -0.950805 2.775936 1.000000
-0.070450 -0.951210 2.768122 1.000000
-0.306020 -0.973413 2.619817 0.000000
-0.077553 -0.979576 2.612979 0.000000
-0.210160 0.539440 2.536542 1.000000
-0.373496 0.286508 2.678420 1.000000
-0.031731 0.293574 2.631813 1.000000
-0.223915 0.341397 2.506703 0.000000
-0.188881 0.160054 2.736112 0.000000
-0.381491 -0.056779 2.596352 1.000000
-0.016291 -0.047377 2.574516 0.942308
-0.192020 -0.052491 2.700164 0.000000
-0.496950 0.033591 2.694366 1.000000
0.105755 0.049226 2.661034 1.000000
-0.643063 -0.224604 2.670268 1.000000
0.258540 -0.205476 2.641589 1.000000
-0.614809 -0.283282 2.663420 0.509615
0.228555 -0.263691 2.641899 0.610577
-0.295701 -0.548849 2.717317 1.000000
-0.089062 -0.548404 2.693113 1.000000
-0.297538 -0.950692 2.781880 1.000000
-0.068642 -0.947425 2.770662 1.000000
-0.305508 -0.975668 2.626197 0.000000
-0.077232 -0.977923 2.615999 0.000000
-0.210444 0.549063 2.539454 1.000000
-0.372459 0.282793 2.677695 1.000000
-0.029747 0.293467 2.639494 1.000000
-0.219274 0.341617 2.510519 0.000000
-0.188181 0.157014 2.737885 0.000000
-0.379310 -0.056136 2.595874 1.000000
-0.019180 -0.052128 2.564195 0.942308
-0.189185 -0.053145 2.694525 0.000000
-0.538937 0.056786 2.697370 1.000000
0.146209 0.074362 2.654124 1.000000
-0.736526 -0.164873 2.686997 1.000000
0.349403 -0.142319 2.647567 1.000000
-0.746037 -0.226383 2.707350 0.442308
0.362138 -0.205891 2.638367 0.661058
-0.294906 -0.549013 2.717806 1.000000
-0.090638 -0.549888 2.692883 1.000000
-0.302198 -0.950824 2.782183 1.000000
-0.070409 -0.949240 2.768766 1.000000
-0.314733 -0.975499 2.626753 0.000000
-0.083942 -0.979264 2.614364 0.000000
-0.213925 0.541310 2.534278 1.000000
-0.368542 0.299541 2.680981 1.000000
-0.026318 0.316114 2.640568 1.000000
-0.217490 0.364113 2.513986 0.000000
-0.181986 0.175293 2.737206 0.000000
-0.378482 -0.042143 2.592422 1.000000
-0.014761 -0.037010 2.573834 1.000000
-0.190705 -0.043404 2.697848 0.000000
-0.592046 0.135220 2.667163 1.000000
0.188730 0.140402 2.635440 1.000000
-0.848232 -0.007505 2.663896 1.000000
0.446618 0.001210 2.623949 1.000000
-0.902573 -0.043967 2.666331 1.000000
0.499147 -0.037048 2.632028 0.913462
-0.296497 -0.535253 2.712610 1.000000
-0.093415 -0.539128 2.681761 1.000000
-0.299521 -0.937483 2.774673 1.000000
-0.070068 -0.935960 2.769103 1.000000
-0.306616 -0.961481 2.618793 0.000000
-0.077542 -0.970277 2.615184 0.000000
-0.215883 0.554616 2.528404 1.000000
-0.375381 0.307257 2.689531 1.000000
-0.034631 0.316186 2.636286 1.000000
-0.229444 0.363860 2.515254 0.000000
-0.189100 0.181320 2.742833 0.000000
-0.386725 -0.041228 2.608483 1.000000
-0.020393 -0.028783 2.564289 1.000000
-0.189630 -0.040306 2.700351 0.000000
-0.620637 0.181170 2.651409 1.000000
0.210621 0.191101 2.594968 1.000000
-0.901278 0.100367 2.617932 1.000000
0.487075 0.096510 2.562799 1.000000
-0.960500 0.074061 2.627366 1.000000
0.538287 0.102274 2.603201 0.947115
-0.294772 -0.535002 2.711269 1.000000
-0.095872 -0.531842 2.682018 1.000000
-0.301143 -0.936973 2.774737 1.000000
-0.069993 -0.928734 2.768368 1.000000
-0.317873 -0.961197 2.619631 0.000000
-0.087327 -0.963172 2.615273 0.000000
-0.215555 0.558672 2.528537 1.000000
-0.379134 0.296806 2.677325 1.000000
-0.037744 0.315798 2.631311 1.000000
-0.231029 0.342671 2.501726 0.000000
-0.189203 0.185145 2.747035 0.000000
-0.389708 -0.044305 2.608186 1.000000
-0.017022 -0.029221 2.565012 1.000000
-0.190015 -0.039991 2.700711 0.000000
-0.643480 0.224764 2.622921 1.000000
0.214621 0.223274 2.555288 1.000000
-0.927445 0.211002 2.544366 1.000000
0.496348 0.171371 2.485059 1.000000
-0.989710 0.221166 2.561913 0.997596
0.547761 0.177435 2.525162 1.000000
-0.294695 -0.537497 2.711498 1.000000
-0.093348 -0.532941 2.683966 1.000000
-0.299329 -0.938928 2.778441 1.000000
-0.073734 -0.931389 2.764612 1.000000
-0.315201 -0.964587 2.623476 0.000000
-0.090169 -0.963314 2.610874 0.000000
-0.218583 0.570098 2.540711 1.000000
-0.376020 0.293727 2.678825 1.000000
-0.035918 0.318060 2.634819 1.000000
-0.229082 0.346651 2.505420 0.000000
-0.186195 0.182121 2.745902 0.000000
-0.391867 -0.045622 2.602885 1.000000
-0.013241 -0.028605 2.570608 1.000000
-0.192755 -0.037946 2.701261 0.000000
-0.620966 0.290242 2.542363 1.000000
0.189848 0.274867 2.474206 1.000000
-0.882543 0.325536 2.408192 1.000000
0.449526 0.269887 2.332036 1.000000
-0.945069 0.344519 2.412477 0.846154
0.512127 0.274388 2.350719 1.000000
-0.293825 -0.537322 2.713909 1.000000
-0.093678 -0.534098 2.683506 1.000000
-0.300430 -0.938940 2.779551 1.000000
-0.072196 -0.931242 2.769902 1.000000
-0.311294 -0.964171 2.624084 0.000000
-0.083772 -0.965309 2.616182 0.000000
-0.215684 0.580810 2.569204 1.000000
-0.375709 0.296853 2.671134 1.000000
-0.035869 0.316950 2.633826 1.000000
-0.226041 0.344493 2.499850 0.000000
-0.189724 0.184900 2.744701 0.000000
-0.388879 -0.046525 2.599337 1.000000
-0.009419 -0.028784 2.573437 1.000000
-0.191432 -0.035327 2.701040 0.000000
-0.583666 0.311903 2.483319 1.000000
0.145289 0.297861 2.420367 1.000000
-0.814541 0.368520 2.306433 1.000000
0.363573 0.324078 2.221717 1.000000
-0.875664 0.374072 2.283601 0.913462
0.427499 0.327993 2.208065 1.000000
-0.293164 -0.537435 2.715496 1.000000
-0.091532 -0.535199 2.683225 1.000000
-0.297015 -0.940063 2.774867 1.000000
-0.071398 -0.933515 2.764394 1.000000
-0.305355 -0.962984 2.618887 0.000000
-0.080457 -0.965426 2.610044 0.000000
-0.214716 0.586739 2.575942 1.000000
-0.367862 0.303484 2.663999 1.000000
-0.024350 0.315952 2.647542 1.000000
-0.205533 0.359066 2.505459 0.000000
-0.187864 0.180860 2.739277 0.000000
-0.387281 -0.043294 2.601007 1.000000
-0.007524 -0.033860 2.575109 1.000000
-0.189650 -0.035907 2.702701 0.000000
-0.524002 0.323758 2.433377 1.000000
0.080171 0.301809 2.388984 1.000000
-0.702472 0.399926 2.211374 1.000000
0.234524 0.360021 2.144596 1.000000
-0.754777 0.395381 2.172235 0.778846
0.285146 0.377041 2.106702 1.000000
-0.293417 -0.537397 2.714855 1.000000
-0.092547 -0.537843 2.685826 1.000000
-0.298674 -0.939688 2.776366 1.000000
-0.072459 -0.935296 2.771128 1.000000
-0.307915 -0.963391 2.620554 0.000000
-0.082144 -0.968831 2.617160 0.000000
-0.207395 0.587883 2.580098 1.000000
-0.376676 0.289099 2.685818 0.894231
-0.034594 0.281229 2.641737 0.000000
-0.222681 0.349605 2.519991 0.000000
-0.199751 0.148417 2.733857 0.000000
-0.385320 -0.059757 2.614749 0.836538
-0.011395 -0.049680 2.558881 1.000000
-0.181509 -0.050097 2.700415 0.000000
-0.412943 0.313687 2.413159 1.000000
-0.006859 0.278776 2.366987 0.400000
-0.485429 0.381673 2.139022 1.000000
-0.025293 0.365489 2.089195 1.000000
-0.514202 0.395601 2.081871 0.947115
-0.030453 0.387216 2.027635 0.000000
-0.294740 -0.553320 2.721410 1.000000
-0.089340 -0.550595 2.691166 1.000000
-0.297930 -0.955752 2.782133 1.000000
-0.072189 -0.949841 2.768351 1.000000
-0.319600 -0.978917 2.627478 0.000000
-0.094156 -0.980425 2.615032 0.000000
-0.203957 0.563302 2.593930 1.000000
-0.374693 0.259902 2.635827 0.000000
-0.030691 0.267918 2.621039 0.000000
-0.209894 0.302162 2.474802 0.000000
-0.195557 0.141495 2.721219 0.000000
-0.379879 -0.075178 2.603721 0.903846
-0.006985 -0.075073 2.574954 0.913462
-0.184600 -0.070660 2.703846 0.000000
-0.362804 0.266763 2.361823 0.723077
-0.060550 0.280255 2.348600 0.430769
-0.341894 0.380267 2.096124 1.000000
-0.139719 0.348376 2.078399 1.000000
-0.340516 0.409725 2.037655 0.156250
-0.140371 0.369359 2.016371 0.088942
-0.293189 -0.569149 2.727563 1.000000
-0.086301 -0.574022 2.696073 1.000000
-0.299850 -0.971894 2.785879 1.000000
-0.071848 -0.973357 2.773352 1.000000
-0.311314 -0.994273 2.630019 0.000000
-0.083904 -1.003685 2.618887 0.000000
-0.208058 0.556893 2.605245 1.000000
-0.380343 0.213639 2.730929 0.000000
-0.079499 0.254601 2.567100 0.000000
-0.306520 0.291547 2.522712 0.000000
-0.179477 0.101602 2.708513 0.000000
-0.378804 -0.100324 2.684532 0.644231
-0.051735 -0.089714 2.503449 1.000000
-0.159874 -0.088047 2.694454 0.000000
-0.373887 0.249156 2.460614 0.384615
-0.106383 0.287065 2.297663 1.000000
-0.247459 0.299169 2.206774 0.586538
-0.276376 0.340996 2.071577 1.000000
-0.201084 0.310368 2.161916 0.610577
-0.264813 0.361351 2.010420 0.459135
-0.292839 -0.599377 2.730458 1.000000
-0.088808 -0.577972 2.705113 0.965385
-0.299674 -1.004316 2.770795 1.000000
-0.077621 -0.979418 2.771183 1.000000
-0.374921 -1.016814 2.632569 0.000000
-0.154853 -1.003872 2.635677 0.000000
-0.207113 0.522608 2.615456 1.000000
-0.368710 0.187334 2.752696 0.000000
-0.090022 0.232727 2.555818 1.000000
-0.320865 0.268806 2.538970 0.139423
-0.171945 0.076914 2.705527 0.000000
-0.374649 -0.113097 2.713678 0.673077
-0.062641 -0.125922 2.486451 1.000000
-0.150927 -0.111899 2.692620 0.000000
-0.351045 0.238603 2.487628 0.000000
-0.103356 0.270617 2.288257 0.907692
-0.325467 0.291051 2.207967 0.365385
-0.253954 0.326620 2.052040 1.000000
-0.309584 0.300773 2.145186 0.206731
-0.297332 0.344021 2.006172 0.072115
-0.297049 -0.621799 2.731193 1.000000
-0.084612 -0.602238 2.713075 0.992308
-0.295124 -1.026484 2.774499 1.000000
-0.073221 -1.005706 2.765351 1.000000
-0.388731 -1.040451 2.648138 0.000000
-0.166867 -1.024635 2.639667 0.000000
-0.204801 0.500391 2.633532 1.000000
-0.382574 0.202097 2.714386 0.000000
-0.075137 0.221753 2.563622 1.000000
-0.296813 0.261112 2.504539 0.173077
-0.184351 0.083372 2.710698 0.000000
-0.389030 -0.115490 2.684036 0.528846
-0.042776 -0.128475 2.513491 1.000000
-0.165001 -0.114813 2.701563 0.000000
-0.363383 0.232403 2.447490 0.476923
-0.064922 0.262881 2.297682 0.600000
-0.342910 0.311409 2.175106 0.692308
-0.172969 0.316167 2.040115 1.000000
-0.337546 0.333025 2.113525 0.947115
-0.201444 0.328543 1.982459 0.000000
-0.295543 -0.622371 2.731594 1.000000
-0.087593 -0.609803 2.714696 1.000000
-0.297275 -1.027684 2.768571 1.000000
-0.072406 -1.013526 2.763954 1.000000
-0.367326 -1.040242 2.627647 0.000000
-0.142689 -1.033249 2.623970 0.000000
-0.210058 0.504488 2.619912 1.000000
-0.372091 0.210651 2.680212 0.000000
-0.050131 0.217625 2.584059 0.000000
-0.256549 0.262151 2.488089 0.000000
-0.185518 0.085964 2.713153 0.000000
-0.387987 -0.113382 2.653673 0.730769
-0.026678 -0.127489 2.532668 1.000000
-0.170657 -0.113638 2.701886 0.000000
-0.369029 0.285466 2.422723 0.646154
-0.035562 0.265828 2.320675 0.123077
-0.406303 0.315570 2.143661 0.798077
-0.072913 0.343831 2.051061 0.923077
-0.414852 0.336496 2.082201 0.980769
-0.082417 0.362281 1.988952 0.000000
-0.293309 -0.617435 2.730660 1.000000
-0.088075 -0.613387 2.708643 1.000000
-0.297254 -1.022358 2.771541 1.000000
-0.073588 -1.015625 2.769008 1.000000
-0.347770 -1.036896 2.622674 0.000000
-0.124574 -1.039594 2.621528 0.000000
-0.216519 0.501569 2.601866 1.000000
-0.368113 0.238188 2.680366 1.000000
-0.030960 0.226131 2.612397 0.000000
-0.225933 0.294334 2.503011 0.000000
-0.189626 0.096547 2.718192 0.000000
-0.385729 -0.099633 2.620692 0.903846
-0.017215 -0.107958 2.546406 0.913462
-0.178668 -0.098388 2.696070 0.000000
-0.441755 0.280333 2.427576 1.000000
0.020320 0.265531 2.353708 0.215385
-0.516887 0.318613 2.158944 1.000000
0.040528 0.339541 2.082807 0.865385
-0.536134 0.330843 2.097558 1.000000
0.030982 0.369237 2.025228 0.257212
-0.294218 -0.598118 2.725484 1.000000
-0.091928 -0.600290 2.695720 1.000000
-0.300179 -1.002646 2.769881 1.000000
-0.077299 -0.999566 2.773272 1.000000
-0.331349 -1.019076 2.615988 0.000000
-0.108831 -1.030173 2.621636 0.000000
-0.209587 0.514818 2.594274 1.000000
-0.370770 0.272160 2.715529 0.586538
-0.036774 0.274368 2.629123 1.000000
-0.239142 0.348748 2.537535 0.000000
-0.188005 0.131451 2.729648 0.000000
-0.391174 -0.067418 2.624254 1.000000
-0.025626 -0.063705 2.536214 1.000000
-0.181492 -0.065171 2.691975 0.000000
-0.471816 0.294963 2.470780 1.000000
0.057878 0.284257 2.380979 1.000000
-0.586170 0.322864 2.216037 1.000000
0.122423 0.338228 2.113264 0.942308
-0.613776 0.333717 2.157655 1.000000
0.134122 0.349482 2.049824 0.341346
-0.291053 -0.564378 2.715853 1.000000
-0.091301 -0.559787 2.683889 1.000000
-0.300298 -0.967916 2.768011 1.000000
-0.072313 -0.957442 2.768501 1.000000
-0.335596 -0.986845 2.615301 0.000000
-0.107941 -0.991077 2.618421 0.000000
-0.207431 0.534242 2.569573 1.000000
-0.364824 0.292986 2.673780 1.000000
-0.020104 0.298260 2.660939 1.000000
-0.198833 0.363087 2.524092 0.000000
-0.187844 0.157417 2.734616 0.000000
-0.387660 -0.051365 2.588596 1.000000
-0.009133 -0.044880 2.565930 1.000000
-0.191483 -0.050744 2.691961 0.000000
-0.531536 0.278163 2.469750 1.000000
0.092721 0.288850 2.422564 1.000000
-0.680967 0.312415 2.237066 1.000000
0.198293 0.312518 2.165778 1.000000
-0.712199 0.317985 2.179779 0.947115
0.219285 0.317034 2.103913 0.812500
-0.292330 -0.544816 2.706411 1.000000
-0.090518 -0.547283 2.675397 1.000000
-0.300881 -0.946877 2.769038 1.000000
-0.070705 -0.943055 2.768249 1.000000
-0.308837 -0.970980 2.613217 0.000000
-0.079249 -0.979467 2.614869 0.000000
-0.212854 0.556758 2.562386 1.000000
-0.376222 0.293474 2.666465 1.000000
-0.032925 0.317109 2.641693 1.000000
-0.219115 0.362256 2.506902 0.000000
-0.189935 0.172526 2.730267 0.000000
-0.391175 -0.043316 2.587704 1.000000
-0.010406 -0.033267 2.561903 1.000000
-0.192920 -0.042312 2.689399 0.000000
-0.587600 0.256266 2.512434 1.000000
0.151169 0.263101 2.460079 1.000000
-0.795877 0.260301 2.326918 1.000000
0.313893 0.265184 2.233522 1.000000
-0.846958 0.263559 2.286072 0.644231
0.340988 0.250068 2.175854 0.694712
-0.291327 -0.536494 2.701186 1.000000
-0.093677 -0.537179 2.669772 1.000000
-0.300829 -0.937118 2.772312 1.000000
-0.074040 -0.932728 2.763607 1.000000
-0.309613 -0.964471 2.617073 0.000000
-0.083425 -0.969545 2.610373 0.000000
-0.214966 0.570928 2.552020 1.000000
-0.376366 0.289351 2.656839 1.000000
-0.032866 0.292442 2.624858 1.000000
-0.219042 0.339077 2.490556 0.000000
-0.195607 0.162653 2.725217 0.000000
-0.390242 -0.054753 2.587813 1.000000
-0.014157 -0.040459 2.555929 1.000000
-0.192399 -0.050071 2.686361 0.000000
-0.613225 0.233416 2.553282 1.000000
0.183557 0.230677 2.485929 1.000000
-0.843546 0.175009 2.406533 1.000000
0.369146 0.196590 2.280043 1.000000
-0.898108 0.177171 2.370388 0.576923
0.391900 0.165043 2.227362 0.627404
-0.293503 -0.546503 2.700791 1.000000
-0.092842 -0.543782 2.673242 1.000000
-0.300941 -0.946983 2.772969 1.000000
-0.074826 -0.940053 2.764313 1.000000
-0.311918 -0.974720 2.617938 0.000000
-0.086414 -0.975819 2.610980 0.000000
-0.213089 0.561874 2.545975 1.000000
-0.376825 0.298390 2.676513 1.000000
-0.036614 0.293874 2.619407 1.000000
-0.230551 0.351988 2.501571 0.000000
-0.195492 0.163714 2.725322 0.000000
-0.389438 -0.052932 2.603596 1.000000
-0.017329 -0.044532 2.539370 1.000000
-0.183797 -0.050553 2.684723 0.000000
-0.597700 0.185433 2.585500 1.000000
0.186626 0.187937 2.525760 1.000000
-0.842539 0.099944 2.482551 1.000000
0.384224 0.117813 2.341666 1.000000
-0.900244 0.072920 2.467446 1.000000
0.406389 0.073169 2.299194 0.526442
-0.291206 -0.547936 2.702591 1.000000
-0.091143 -0.543386 2.675721 1.000000
-0.304206 -0.949733 2.766146 1.000000
-0.077370 -0.939798 2.766919 1.000000
-0.328868 -0.973317 2.612003 0.000000
-0.102493 -0.975571 2.615216 0.000000
-0.210773 0.556380 2.534874 1.000000
-0.373470 0.300611 2.666759 1.000000
-0.031366 0.309630 2.623076 1.000000
-0.222691 0.359116 2.497300 0.000000
-0.188903 0.173717 2.723632 0.000000
-0.384272 -0.047238 2.601971 1.000000
-0.019566 -0.040212 2.535069 1.000000
-0.181144 -0.045912 2.681542 0.000000
-0.565179 0.124370 2.634703 1.000000
0.152871 0.128764 2.576332 1.000000
-0.784965 -0.030856 2.568740 1.000000
0.341396 -0.014290 2.432297 1.000000
-0.832606 -0.075613 2.564818 1.000000
0.358906 -0.075983 2.419044 0.846154
-0.293185 -0.543527 2.696756 1.000000
-0.093351 -0.538042 2.674706 1.000000
-0.302349 -0.943813 2.769808 1.000000
-0.072635 -0.933971 2.766686 1.000000
-0.329065 -0.971156 2.616631 0.000000
-0.099606 -0.970508 2.615484 0.000000
-0.209510 0.561140 2.524270 1.000000
-0.378418 0.295296 2.673033 1.000000
-0.036803 0.307637 2.626434 1.000000
-0.229550 0.362069 2.504946 0.000000
-0.192852 0.166658 2.722221 0.000000
-0.382628 -0.045527 2.589804 1.000000
-0.014088 -0.040726 2.548692 1.000000
-0.185566 -0.047793 2.683375 0.000000
-0.537668 0.084647 2.655281 1.000000
0.116828 0.095072 2.590909 1.000000
-0.721450 -0.123688 2.624954 1.000000
0.283671 -0.112576 2.506382 1.000000
-0.746220 -0.182305 2.609504 1.000000
0.293401 -0.175299 2.490276 0.913462
-0.291345 -0.540354 2.698292 1.000000
-0.093293 -0.539374 2.675224 1.000000
-0.298700 -0.940393 2.772884 1.000000
-0.075177 -0.936193 2.763856 1.000000
-0.314816 -0.968894 2.618441 0.000000
-0.091853 -0.971139 2.610803 0.000000
-0.215017 0.543107 2.510585 1.000000
-0.376290 0.286364 2.672668 1.000000
-0.035600 0.305837 2.621911 1.000000
-0.230908 0.356325 2.502834 0.000000
-0.187502 0.161583 2.719473 0.000000
-0.381133 -0.050745 2.583483 1.000000
-0.011592 -0.044723 2.552856 1.000000
-0.186832 -0.050121 2.682684 0.000000
-0.500873 0.049220 2.679783 1.000000
0.086142 0.067129 2.624403 1.000000
-0.642572 -0.193432 2.646560 1.000000
0.205553 -0.182045 2.563448 1.000000
-0.653803 -0.257123 2.656833 1.000000
0.210347 -0.246879 2.555584 0.795673
-0.292744 -0.543993 2.700145 1.000000
-0.092320 -0.543329 2.679624 1.000000
-0.300443 -0.944161 2.774009 1.000000
-0.073557 -0.940441 2.766796 1.000000
-0.312030 -0.972525 2.619136 0.000000
-0.085837 -0.974742 2.613183 0.000000
-0.214496 0.545844 2.519273 1.000000
-0.373455 0.277074 2.669360 1.000000
-0.032646 0.298007 2.620004 1.000000
-0.227677 0.347007 2.499856 0.000000
-0.184263 0.153433 2.717537 0.000000
-0.382127 -0.060397 2.592844 0.788462
-0.013873 -0.053132 2.549586 0.730769
-0.184552 -0.058867 2.685342 0.000000
-0.453616 0.017469 2.684891 1.000000
0.043330 0.037314 2.638123 1.000000
-0.502972 -0.265236 2.670244 1.000000
0.063070 -0.248987 2.623463 1.000000
-0.508851 -0.330102 2.677040 0.913462
0.038155 -0.309314 2.618159 1.000000
-0.293055 -0.552822 2.707585 1.000000
-0.090898 -0.551084 2.682977 1.000000
-0.300663 -0.954479 2.772876 1.000000
-0.070135 -0.948966 2.766094 1.000000
-0.317276 -0.979362 2.617862 0.000000
-0.087594 -0.981923 2.612687 0.000000
-0.217061 0.533905 2.512321 1.000000
