-0.346259 0.357763 2.772416 1.000000
0.043142 0.376390 2.605694 1.000000
-0.195944 0.453676 2.595063 0.000000
-0.119875 0.234134 2.748203 0.000000
-0.334158 0.051700 2.678490 0.000000
-0.013622 0.064633 2.551546 0.653846
-0.125266 0.047832 2.736741 0.000000
-0.381619 0.078404 2.703610 1.000000
0.071808 0.089183 2.632464 1.000000
-0.399619 -0.236927 2.709513 1.000000
0.065772 -0.226422 2.620239 1.000000
-0.404357 -0.319227 2.710838 0.000000
0.030484 -0.298415 2.639453 0.694712
-0.283221 -0.529446 2.699596 1.000000
-0.006380 -0.515838 2.643190 1.000000
0.058256 -0.697170 2.954598 0.000000
-0.375656 -0.754968 2.770531 1.000000
-0.026577 -0.897311 2.936560 0.000000
-0.257699 -0.938431 2.768076 0.000000
-0.160704 0.662329 2.571233 1.000000
-0.345052 0.354966 2.779087 1.000000
0.040609 0.376908 2.604271 1.000000
-0.198263 0.455519 2.601351 0.000000
-0.119891 0.231137 2.746083 0.000000
-0.333112 0.058555 2.680574 0.000000
-0.016315 0.058083 2.543957 0.778846
-0.122889 0.046084 2.732483 0.000000
-0.381452 0.081158 2.699310 1.000000
0.072638 0.091830 2.623374 1.000000
-0.394117 -0.231904 2.697784 1.000000
0.061527 -0.221274 2.619808 1.000000
-0.406313 -0.313427 2.696141 0.004808
0.032378 -0.297483 2.631636 0.694712
-0.276994 -0.528349 2.694357 1.000000
-0.001017 -0.514865 2.640645 1.000000
0.059688 -0.696717 2.955243 0.000000
-0.371544 -0.754459 2.763396 1.000000
-0.021689 -0.897590 2.930625 0.000000
-0.252303 -0.937073 2.766891 0.000000
-0.164483 0.657728 2.571695 1.000000
-0.343725 0.359105 2.787322 1.000000
0.038195 0.380024 2.604358 1.000000
-0.199325 0.462534 2.609280 0.000000
-0.121484 0.232696 2.745486 0.000000
-0.329503 0.064314 2.691259 0.000000
-0.022616 0.060724 2.533676 0.903846
-0.116486 0.048277 2.728811 0.000000
-0.381331 0.089587 2.703317 1.000000
0.064712 0.097124 2.623722 1.000000
-0.393165 -0.220491 2.696855 1.000000
0.062842 -0.213193 2.618235 1.000000
-0.403255 -0.302310 2.695783 0.038462
0.033093 -0.288453 2.633994 0.829327
-0.270193 -0.524838 2.691016 1.000000
0.000985 -0.508156 2.640458 1.000000
0.061077 -0.695452 2.957314 0.000000
-0.370612 -0.752341 2.750246 1.000000
-0.017664 -0.896513 2.926450 0.000000
-0.248974 -0.933149 2.759809 0.000000
-0.166062 0.654296 2.570060 1.000000
-0.344778 0.360789 2.782758 1.000000
0.039880 0.379654 2.605395 1.000000
-0.198620 0.459413 2.603429 0.000000
-0.120433 0.235637 2.749197 0.000000
-0.331452 0.063321 2.684067 0.000000
-0.020524 0.060385 2.534601 0.817308
-0.119476 0.047452 2.727176 0.000000
-0.382522 0.092457 2.698434 1.000000
0.064744 0.097814 2.627419 1.000000
-0.396583 -0.216490 2.700018 1.000000
0.061967 -0.211310 2.618268 1.000000
-0.401995 -0.298749 2.701316 0.000000
0.032731 -0.287444 2.630366 0.896635
-0.277000 -0.524076 2.694016 1.000000
-0.003169 -0.510259 2.638086 1.000000
0.058797 -0.692903 2.955746 0.000000
-0.374078 -0.754171 2.750769 1.000000
-0.022727 -0.893681 2.930829 0.000000
-0.252778 -0.935316 2.757937 0.000000
-0.165238 0.654866 2.571261 1.000000
-0.343570 0.358161 2.781085 1.000000
0.042599 0.375732 2.606897 1.000000
-0.194408 0.459844 2.605987 0.000000
-0.121284 0.230092 2.744926 0.000000
-0.335568 0.062195 2.680459 0.000000
-0.021619 0.062583 2.537418 0.721154
-0.124413 0.047540 2.727815 0.000000
-0.382451 0.089509 2.701281 1.000000
0.066039 0.094615 2.628772 1.000000
-0.393739 -0.218530 2.693487 1.000000
0.058758 -0.213237 2.612948 1.000000
-0.397462 -0.300872 2.691638 0.000000
0.039952 -0.290767 2.633751 1.000000
-0.274727 -0.524600 2.690158 1.000000
-0.003637 -0.508308 2.641666 1.000000
0.058822 -0.691375 2.956043 0.000000
-0.373237 -0.753951 2.754888 1.000000
-0.020433 -0.892801 2.929126 0.000000
-0.250845 -0.934314 2.763116 0.000000
-0.162268 0.658654 2.581628 1.000000
-0.347563 0.359555 2.773906 1.000000
0.041363 0.375368 2.605792 1.000000
-0.196695 0.456020 2.597324 0.000000
-0.122977 0.233251 2.746912 0.000000
-0.335214 0.059860 2.678464 0.000000
-0.018882 0.061557 2.540785 0.817308
-0.125000 0.042499 2.728986 0.000000
-0.382022 0.089106 2.700291 1.000000
0.067157 0.095175 2.629794 1.000000
-0.400505 -0.218063 2.704670 1.000000
0.063327 -0.212217 2.615336 1.000000
-0.407394 -0.299059 2.690897 0.021635
0.039094 -0.289833 2.628971 0.829327
-0.268039 -0.524094 2.701070 1.000000
-0.001223 -0.511254 2.625372 1.000000
0.067137 -0.687214 2.967177 0.000000
-0.392485 -0.710803 2.755212 1.000000
-0.012473 -0.888941 2.943795 0.000000
-0.290458 -0.903240 2.766910 0.000000
-0.163107 0.661903 2.587992 1.000000
-0.345219 0.364938 2.795184 1.000000
0.036127 0.375748 2.610157 1.000000
-0.198200 0.466699 2.618328 0.000000
-0.127976 0.231439 2.749318 0.000000
-0.328453 0.054254 2.690598 0.000000
-0.024055 0.064480 2.528541 1.000000
-0.114570 0.041529 2.724307 0.000000
-0.387411 0.102855 2.697343 1.000000
0.065461 0.094839 2.626595 1.000000
-0.402803 -0.205023 2.703149 1.000000
0.078219 -0.213079 2.617492 1.000000
-0.375701 -0.280866 2.685524 0.475962
0.056243 -0.292276 2.623998 1.000000
-0.280604 -0.527706 2.694697 1.000000
-0.001940 -0.508119 2.638870 1.000000
0.057998 -0.681894 2.961791 0.000000
-0.369860 -0.747720 2.769218 1.000000
-0.020893 -0.884543 2.944818 0.000000
-0.248866 -0.929023 2.777473 0.000000
-0.158574 0.657582 2.581422 1.000000
-0.343999 0.353668 2.784123 1.000000
0.044698 0.370098 2.615539 1.000000
-0.191022 0.457739 2.613785 0.000000
-0.123139 0.223299 2.747451 0.000000
-0.327637 0.060098 2.677086 0.000000
-0.009433 0.059503 2.543779 1.000000
-0.118239 0.041782 2.730571 0.000000
-0.383865 0.085077 2.692449 1.000000
0.078603 0.085581 2.621445 1.000000
-0.421901 -0.224902 2.695882 1.000000
0.120769 -0.223616 2.608608 1.000000
-0.414070 -0.306072 2.683734 1.000000
0.123162 -0.305493 2.599241 1.000000
-0.272494 -0.525763 2.689772 1.000000
0.001028 -0.513311 2.634139 1.000000
0.060150 -0.680160 2.964133 0.000000
-0.377227 -0.744045 2.750109 1.000000
-0.016439 -0.883268 2.942693 0.000000
-0.262039 -0.929124 2.757579 0.000000
-0.160233 0.654617 2.585379 1.000000
-0.353982 0.350400 2.752786 1.000000
0.051123 0.362711 2.628228 1.000000
-0.184724 0.441511 2.590617 0.000000
-0.127492 0.224639 2.755323 0.000000
-0.313494 0.058569 2.667605 0.000000
0.013763 0.040254 2.559937 1.000000
-0.110170 0.030373 2.737664 0.000000
-0.422262 0.071151 2.693705 1.000000
0.131948 0.083777 2.585854 1.000000
-0.563056 -0.211101 2.640741 1.000000
0.261897 -0.200151 2.516623 1.000000
-0.583876 -0.290870 2.639810 1.000000
0.287919 -0.277742 2.506632 1.000000
-0.270968 -0.530814 2.692675 1.000000
-0.003751 -0.531704 2.641866 1.000000
0.064253 -0.679033 2.967306 0.000000
-0.381615 -0.759532 2.764652 1.000000
-0.013045 -0.882419 2.951890 0.000000
-0.268880 -0.946264 2.765105 0.000000
-0.156774 0.666070 2.602280 1.000000
-0.352965 0.351765 2.748808 1.000000
0.056318 0.360175 2.638389 1.000000
-0.178059 0.437192 2.589566 0.000000
-0.126677 0.226531 2.763975 0.000000
-0.309607 0.059521 2.672668 0.653846
0.021398 0.038810 2.577633 1.000000
-0.109731 0.025981 2.749924 0.000000
-0.464732 0.086169 2.677105 1.000000
0.176126 0.102624 2.551853 1.000000
-0.657574 -0.155103 2.580565 1.000000
0.351932 -0.138748 2.427149 1.000000
-0.711564 -0.204021 2.541971 0.829327
0.395086 -0.206152 2.407352 1.000000
-0.266329 -0.529291 2.701294 1.000000
-0.010458 -0.534664 2.646901 1.000000
0.070290 -0.681737 2.971871 0.000000
-0.378054 -0.772255 2.781762 1.000000
-0.008969 -0.884357 2.956316 0.000000
-0.263264 -0.957272 2.768698 0.000000
-0.154975 0.666056 2.604887 1.000000
-0.349020 0.348991 2.753046 1.000000
0.060423 0.362194 2.643694 1.000000
-0.174717 0.436428 2.594234 0.000000
-0.121312 0.226438 2.768845 0.000000
-0.318472 0.053540 2.685601 1.000000
0.012694 0.033785 2.590924 1.000000
-0.119286 0.014269 2.761933 0.000000
-0.505301 0.122789 2.635312 1.000000
0.207464 0.145645 2.498995 1.000000
-0.738055 -0.065493 2.506422 1.000000
0.408514 -0.050913 2.334127 1.000000
-0.796633 -0.122182 2.494074 1.000000
0.457293 -0.108324 2.300630 1.000000
-0.278361 -0.535844 2.693325 1.000000
-0.011239 -0.537528 2.649437 1.000000
0.061989 -0.677558 2.965066 0.000000
-0.400184 -0.748195 2.768203 1.000000
-0.011216 -0.882470 2.949892 0.000000
-0.295714 -0.939658 2.770712 0.000000
-0.153354 0.670044 2.615496 1.000000
-0.340007 0.348192 2.744852 1.000000
0.070813 0.358155 2.640435 1.000000
-0.165554 0.415889 2.576832 0.000000
-0.108926 0.237297 2.782587 0.000000
-0.318986 0.060531 2.682984 1.000000
0.014461 0.038973 2.597115 1.000000
-0.121018 0.030267 2.766271 0.000000
-0.529363 0.200384 2.564517 1.000000
0.219055 0.210565 2.424876 1.000000
-0.770044 0.089730 2.372210 1.000000
0.416070 0.105320 2.185581 1.000000
-0.823195 0.072160 2.311681 1.000000
0.464089 0.085094 2.121687 1.000000
-0.267926 -0.533416 2.690600 1.000000
0.000654 -0.533479 2.647368 1.000000
0.066827 -0.676454 2.968530 0.000000
-0.346991 -0.802229 2.776520 1.000000
-0.002042 -0.882149 2.945617 0.000000
-0.221451 -0.978315 2.748027 0.000000
-0.161266 0.678679 2.622246 0.846154
-0.342237 0.342501 2.735124 1.000000
0.069912 0.351252 2.635965 1.000000
-0.165930 0.404733 2.566926 0.000000
-0.110973 0.234840 2.780357 0.000000
-0.324352 0.061122 2.676010 1.000000
0.010266 0.036760 2.595623 1.000000
-0.127043 0.039688 2.763496 0.000000
-0.524622 0.245467 2.514987 1.000000
0.198239 0.252861 2.381030 1.000000
-0.744555 0.197729 2.275002 1.000000
0.367144 0.206803 2.102477 1.000000
-0.792249 0.189293 2.208282 1.000000
0.409975 0.193311 2.033333 0.997596
-0.266424 -0.534584 2.699448 1.000000
0.017570 -0.532644 2.626603 1.000000
0.072802 -0.677428 2.972002 0.000000
-0.373630 -0.730348 2.759418 1.000000
0.003975 -0.883217 2.949812 0.000000
-0.277696 -0.926049 2.750673 0.000000
-0.159781 0.683654 2.627791 0.706731
-0.332994 0.341456 2.719394 1.000000
0.083483 0.345526 2.639981 1.000000
-0.147566 0.408780 2.563408 0.000000
-0.106602 0.225608 2.768850 0.000000
-0.330929 0.051720 2.666471 1.000000
0.007452 0.029826 2.602880 1.000000
-0.137705 0.036933 2.763886 0.000000
-0.499463 0.275426 2.473968 1.000000
0.152346 0.290162 2.349294 1.000000
-0.680267 0.274133 2.196598 1.000000
0.277195 0.289397 2.042637 1.000000
-0.723295 0.282684 2.126792 1.000000
0.301108 0.302621 1.964851 0.324519
-0.272918 -0.543531 2.697682 1.000000
-0.006970 -0.545897 2.640213 1.000000
0.070967 -0.675704 2.969781 0.000000
-0.385797 -0.763205 2.778166 1.000000
0.005317 -0.882961 2.952074 0.000000
-0.282425 -0.954485 2.760721 0.000000
-0.156001 0.684823 2.644595 0.168269
-0.343185 0.353448 2.740900 0.730769
0.057781 0.342095 2.603519 0.000000
-0.180253 0.408993 2.557554 0.000000
-0.114841 0.233072 2.763005 0.000000
-0.321181 0.070771 2.694082 1.000000
0.002292 0.027053 2.582374 1.000000
-0.116790 0.046764 2.762581 0.000000
-0.423388 0.317067 2.452639 1.000000
0.068407 0.253846 2.315510 0.430769
-0.522382 0.357348 2.142034 1.000000
0.133299 0.372175 2.016035 1.000000
-0.547144 0.371670 2.064709 1.000000
0.148849 0.398069 1.939321 0.000000
-0.270223 -0.527803 2.737063 1.000000
-0.017050 -0.542078 2.613634 1.000000
0.074128 -0.820085 2.812943 0.000000
-0.385801 -0.770041 2.761350 1.000000
-0.059730 -0.987871 2.774103 0.000000
-0.282572 -0.959138 2.727220 0.000000
-0.161802 0.685355 2.682126 0.235577
-0.361145 0.359379 2.658518 0.000000
0.062675 0.368040 2.649701 0.000000
-0.152687 0.400028 2.523829 0.000000
-0.144914 0.269895 2.769678 0.000000
-0.335986 0.056097 2.638961 1.000000
0.008887 0.062820 2.632443 1.000000
-0.161071 0.059741 2.767161 0.000000
-0.391589 0.306450 2.365087 0.861538
0.064131 0.303689 2.356978 0.630769
-0.428444 0.407761 2.056763 1.000000
-0.042948 0.371201 2.055878 1.000000
-0.450483 0.413758 1.977544 0.156250
-0.070472 0.389470 1.980339 0.000000
-0.269947 -0.523732 2.731344 1.000000
-0.011043 -0.524177 2.606188 1.000000
0.067660 -0.812811 2.841886 0.422356
-0.382329 -0.746154 2.756644 1.000000
-0.061784 -0.981963 2.794870 0.000000
-0.286303 -0.936895 2.712198 0.000000
-0.169507 0.709676 2.658583 0.230769
-0.370367 0.364112 2.692989 0.000000
0.044517 0.371060 2.605814 0.000000
-0.190225 0.405782 2.522517 0.000000
-0.137896 0.272106 2.760906 0.000000
-0.335261 0.042805 2.674307 1.000000
0.002830 0.058683 2.607470 1.000000
-0.140703 0.050455 2.769871 0.000000
-0.343672 0.299506 2.403115 0.692308
-0.009777 0.318880 2.317295 1.000000
-0.349870 0.383377 2.089229 1.000000
-0.162717 0.405698 2.044038 1.000000
-0.351957 0.407241 2.010339 0.000000
-0.174794 0.439617 1.969869 1.000000
-0.283032 -0.536173 2.727142 1.000000
-0.010124 -0.531634 2.620259 1.000000
0.066823 -0.796872 2.866431 0.231731
-0.388151 -0.751719 2.755988 1.000000
-0.054822 -0.975595 2.837465 0.000000
-0.288534 -0.942992 2.723286 0.000000
-0.167820 0.713750 2.657784 0.000000
-0.386795 0.382757 2.728013 0.000000
0.008548 0.386380 2.574823 1.000000
-0.236531 0.420566 2.529924 0.000000
-0.146514 0.291028 2.759170 0.000000
-0.312014 0.102359 2.688644 0.875000
0.009550 0.050101 2.575108 1.000000
-0.106808 0.080922 2.755538 0.000000
-0.345930 0.307091 2.444612 0.953846
-0.085349 0.323260 2.301125 1.000000
-0.270843 0.387509 2.141191 1.000000
-0.260391 0.428367 2.051161 1.000000
-0.234811 0.411574 2.071048 0.812500
-0.276724 0.460178 1.976873 1.000000
-0.274540 -0.501209 2.706445 1.000000
0.000602 -0.513499 2.613887 1.000000
0.035431 -0.787447 2.884631 0.000000
-0.375594 -0.735482 2.751599 1.000000
-0.080318 -0.957684 2.812518 0.000000
-0.273280 -0.926108 2.723817 0.000000
-0.216811 0.715344 2.661945 0.000000
-0.406722 0.390183 2.721187 0.000000
-0.000723 0.407540 2.600193 0.961538
-0.242533 0.430468 2.534997 0.000000
-0.166242 0.309305 2.773610 0.000000
-0.329826 0.109239 2.684348 1.000000
0.002231 0.088388 2.593086 1.000000
-0.128614 0.105353 2.765236 0.000000
-0.341800 0.311167 2.442248 0.430769
-0.075115 0.326157 2.324315 1.000000
-0.281325 0.389958 2.134088 1.000000
-0.255341 0.410059 2.068763 1.000000
-0.233199 0.414892 2.071962 0.812500
-0.281371 0.443322 1.997958 1.000000
-0.277278 -0.486966 2.695301 1.000000
0.004450 -0.484862 2.611786 1.000000
0.025459 -0.762897 2.900183 0.000000
-0.362723 -0.723154 2.746564 1.000000
-0.081379 -0.936969 2.823612 0.000000
-0.255136 -0.909412 2.710350 0.000000
-0.204201 0.714406 2.671222 0.000000
-0.406954 0.405620 2.698483 0.000000
0.003866 0.399457 2.593769 1.000000
-0.233964 0.428655 2.517398 0.000000
-0.172465 0.317953 2.765188 0.000000
-0.331318 0.113432 2.681913 1.000000
0.003770 0.090939 2.602953 1.000000
-0.133187 0.109731 2.770086 0.000000
-0.342154 0.326799 2.420819 0.400000
-0.076358 0.323664 2.319309 1.000000
-0.305439 0.385638 2.105988 1.000000
-0.252260 0.418803 2.066454 1.000000
-0.291550 0.402076 2.026400 0.610577
-0.282187 0.444524 1.994064 1.000000
-0.274831 -0.483646 2.694813 1.000000
0.010046 -0.479483 2.604847 1.000000
0.025561 -0.752039 2.912744 0.000000
-0.358540 -0.709804 2.749281 1.000000
-0.075536 -0.928757 2.834457 0.000000
-0.255980 -0.898338 2.710362 0.000000
-0.214327 0.714278 2.682566 0.000000
-0.414878 0.372649 2.691790 0.000000
0.000322 0.404881 2.612124 0.903846
-0.234308 0.416606 2.522349 0.000000
-0.177963 0.302762 2.769941 0.000000
-0.328767 0.104292 2.665581 1.000000
0.011393 0.082673 2.612206 1.000000
-0.137630 0.105816 2.768092 0.000000
-0.346962 0.319968 2.410496 0.276923
-0.071185 0.320340 2.339628 1.000000
-0.309194 0.384721 2.098841 1.000000
-0.247641 0.399835 2.084107 1.000000
-0.297622 0.409297 2.020998 0.930288
-0.279193 0.435653 2.016883 1.000000
-0.277550 -0.490554 2.703520 1.000000
-0.012897 -0.494652 2.619305 1.000000
0.030336 -0.742918 2.929975 0.000000
-0.397185 -0.703443 2.755297 1.000000
-0.070244 -0.924864 2.863961 0.000000
-0.304202 -0.897574 2.719997 0.000000
-0.211672 0.689736 2.693847 0.000000
-0.403938 0.378052 2.650770 0.000000
0.019506 0.399686 2.652378 1.000000
-0.193257 0.419048 2.519695 0.000000
-0.188163 0.300634 2.771467 0.000000
-0.322964 0.096064 2.624740 1.000000
0.021654 0.082406 2.633527 1.000000
-0.153469 0.102363 2.759929 0.000000
-0.342003 0.323404 2.369502 0.307692
-0.050045 0.314119 2.380763 1.000000
-0.301920 0.399264 2.061773 1.000000
-0.231242 0.374883 2.124766 1.000000
-0.302288 0.424760 1.983369 1.000000
-0.268618 0.408361 2.059347 0.980769
-0.280521 -0.493150 2.700761 1.000000
-0.007991 -0.498025 2.618486 1.000000
0.029161 -0.736531 2.934484 0.000000
-0.381845 -0.713702 2.771721 1.000000
-0.072889 -0.920796 2.877820 0.000000
-0.288030 -0.906107 2.729796 0.000000
-0.173919 0.702335 2.658617 0.264423
-0.406033 0.390351 2.623337 0.000000
0.010858 0.410305 2.698034 0.471154
-0.177194 0.445510 2.534801 0.067308
-0.212085 0.298851 2.768705 0.000000
-0.302292 0.104750 2.588938 1.000000
0.035433 0.077631 2.653986 1.000000
-0.157504 0.100597 2.750379 0.000000
-0.338794 0.309282 2.350722 0.476923
-0.011448 0.310609 2.424218 1.000000
-0.288265 0.402845 2.050503 1.000000
-0.185323 0.344675 2.159556 1.000000
-0.299219 0.433712 1.974841 1.000000
-0.230318 0.377343 2.098683 0.879808
-0.279218 -0.482120 2.706299 1.000000
-0.015452 -0.502086 2.632064 1.000000
0.029437 -0.733145 2.933197 0.000000
-0.388779 -0.727099 2.772636 1.000000
-0.080669 -0.914456 2.882386 0.000000
-0.289858 -0.917055 2.731285 0.000000
-0.146120 0.702968 2.673759 0.245192
-0.415368 0.389694 2.648684 0.384615
0.006571 0.409405 2.685496 0.644231
-0.195073 0.440260 2.538405 0.000000
-0.209638 0.301927 2.779422 0.000000
-0.300928 0.111594 2.605973 0.932692
0.041815 0.093247 2.640836 1.000000
-0.142797 0.103625 2.754213 0.000000
-0.373387 0.309571 2.372019 0.569231
0.010623 0.305075 2.413790 1.000000
-0.290967 0.386373 2.075486 1.000000
-0.142236 0.341204 2.138196 1.000000
-0.236035 0.399490 2.015422 1.000000
-0.181852 0.364608 2.069784 1.000000
-0.283020 -0.470680 2.710754 1.000000
-0.028404 -0.492473 2.632951 1.000000
0.026715 -0.727564 2.929476 0.000000
-0.393656 -0.729329 2.775267 1.000000
-0.090856 -0.906132 2.886246 0.000000
-0.292817 -0.915767 2.723780 0.000000
-0.141383 0.691896 2.694340 0.120192
-0.400894 0.402136 2.708241 0.000000
0.014387 0.400563 2.622709 0.000000
-0.220023 0.425407 2.535058 0.000000
-0.168569 0.318667 2.786843 0.000000
-0.321504 0.110960 2.665623 1.000000
0.016567 0.079509 2.604435 1.000000
-0.128782 0.098291 2.764325 0.000000
-0.389907 0.265178 2.452416 0.661539
0.024685 0.274896 2.361125 1.000000
-0.398349 0.322506 2.141307 1.000000
-0.106809 0.335968 2.079831 1.000000
-0.386622 0.361314 2.069516 1.000000
-0.138194 0.360200 2.007546 0.812500
-0.284354 -0.484784 2.707454 1.000000
-0.013143 -0.496008 2.632231 1.000000
0.030919 -0.728875 2.932812 0.000000
-0.383992 -0.723270 2.775714 1.000000
-0.073798 -0.912811 2.880084 0.000000
-0.280603 -0.912552 2.743131 0.000000
-0.170050 0.727605 2.642354 0.326923
-0.387717 0.396450 2.739066 0.000000
0.010455 0.407272 2.593746 0.000000
-0.234863 0.425650 2.541504 0.000000
-0.144136 0.319448 2.782183 0.000000
-0.324702 0.117827 2.688303 1.000000
0.001181 0.067538 2.586832 1.000000
-0.121985 0.097780 2.762785 0.000000
-0.394992 0.226122 2.504761 1.000000
0.083242 0.245021 2.364968 1.000000
-0.430767 0.254998 2.192345 1.000000
-0.043318 0.273648 2.077078 1.000000
-0.420945 0.281293 2.114824 1.000000
-0.064556 0.301505 2.002443 0.492788
-0.285804 -0.485883 2.700658 1.000000
-0.012976 -0.497743 2.637161 1.000000
0.028492 -0.724772 2.932851 0.000000
-0.384210 -0.730362 2.770717 1.000000
-0.068309 -0.910715 2.872575 0.000000
-0.275861 -0.917942 2.745173 0.000000
-0.164496 0.729215 2.642650 0.283654
-0.365413 0.357914 2.789705 1.000000
0.029082 0.386612 2.636978 1.000000
-0.210944 0.459555 2.619245 0.000000
-0.135977 0.238980 2.771441 0.000000
-0.313025 0.101412 2.713330 0.990385
-0.004678 0.041591 2.570613 1.000000
-0.106404 0.056448 2.761597 0.000000
-0.424479 0.153561 2.601863 1.000000
0.106142 0.179634 2.458778 1.000000
-0.497841 0.085592 2.309216 0.615385
0.105754 0.111307 2.157156 0.951923
-0.470297 0.088250 2.231552 0.240385
0.105746 0.092381 2.076912 0.000000
-0.311201 -0.498610 2.726378 1.000000
-0.014482 -0.517102 2.627551 1.000000
0.018196 -0.810904 2.787487 1.000000
-0.405028 -0.744043 2.703285 1.000000
-0.127062 -0.970413 2.755308 0.000000
-0.296521 -0.933132 2.696220 0.000000
-0.166185 0.671866 2.608360 1.000000
-0.361405 0.363232 2.775234 1.000000
0.036285 0.376468 2.628798 1.000000
-0.202801 0.448919 2.599875 0.000000
-0.132514 0.241911 2.772050 0.000000
-0.299079 0.083562 2.699279 0.000000
0.016714 0.030754 2.570782 1.000000
-0.094585 0.039679 2.756730 0.000000
-0.417250 0.124828 2.637843 1.000000
0.113337 0.144466 2.490707 1.000000
-0.500674 0.007577 2.367814 1.000000
0.137717 0.008556 2.217656 1.000000
-0.481388 -0.029305 2.296645 0.492788
0.098755 0.002855 2.145220 0.627404
-0.305277 -0.512755 2.711186 1.000000
-0.018048 -0.532262 2.658560 1.000000
0.038674 -0.808063 2.776418 0.478606
-0.434081 -0.722184 2.633842 0.694231
-0.100789 -0.974698 2.757402 0.000000
-0.345660 -0.919561 2.662180 0.000000
-0.169197 0.672091 2.608293 1.000000
-0.358016 0.354620 2.775604 1.000000
0.034662 0.374284 2.616879 1.000000
-0.205888 0.444862 2.596826 0.000000
-0.128225 0.235631 2.763041 0.000000
-0.300676 0.074278 2.703007 0.009615
0.012738 0.033906 2.564562 1.000000
-0.093129 0.037073 2.753840 0.000000
-0.413514 0.098109 2.673609 1.000000
0.122375 0.117455 2.541872 1.000000
-0.481496 -0.106319 2.455104 1.000000
0.151992 -0.096651 2.324068 1.000000
-0.453674 -0.132573 2.382069 0.543269
0.127549 -0.139507 2.258013 0.980769
-0.298912 -0.520600 2.704165 1.000000
-0.009323 -0.530725 2.664179 1.000000
0.043249 -0.792434 2.841263 0.644231
-0.414552 -0.744159 2.663972 1.000000
-0.083242 -0.967379 2.810076 0.000000
-0.313806 -0.935465 2.692793 0.000000
-0.170704 0.668855 2.607444 1.000000
-0.361812 0.348620 2.761311 1.000000
0.033741 0.370586 2.610212 1.000000
-0.207268 0.437444 2.583901 0.000000
-0.130243 0.232581 2.755759 0.000000
-0.313807 0.059627 2.691695 0.000000
0.006537 0.048657 2.564084 1.000000
-0.105809 0.038172 2.749320 0.000000
-0.408018 0.069395 2.700377 1.000000
0.096790 0.089650 2.579978 1.000000
-0.426574 -0.226062 2.591283 1.000000
0.133095 -0.216630 2.513532 1.000000
-0.430163 -0.302952 2.561746 0.913462
0.126988 -0.295380 2.489897 1.000000
-0.295181 -0.525543 2.710121 1.000000
-0.005824 -0.526173 2.653407 1.000000
0.023555 -0.781221 2.917004 0.000000
-0.369632 -0.784915 2.755683 1.000000
-0.094788 -0.960265 2.878057 0.000000
-0.244790 -0.963603 2.747704 0.000000
-0.175119 0.668926 2.592648 1.000000
-0.359341 0.347162 2.765441 1.000000
0.035008 0.375502 2.612268 1.000000
-0.205636 0.445864 2.592581 0.000000
-0.128855 0.229831 2.750287 0.000000
-0.326097 0.050813 2.691509 0.000000
-0.007018 0.049791 2.560311 0.730769
-0.116669 0.042386 2.747303 0.000000
-0.389681 0.068675 2.689268 1.000000
0.067194 0.087053 2.606018 1.000000
-0.406619 -0.246071 2.662069 1.000000
0.087385 -0.228588 2.598651 1.000000
-0.376046 -0.321391 2.648301 0.896635
0.080512 -0.309206 2.582809 1.000000
-0.296736 -0.533823 2.708060 1.000000
-0.002293 -0.527230 2.651910 1.000000
0.023385 -0.773382 2.931437 0.000000
-0.363144 -0.784876 2.766666 1.000000
-0.087114 -0.957368 2.892479 0.000000
-0.238475 -0.963621 2.757377 0.000000
-0.173350 0.664616 2.587759 1.000000
-0.355283 0.343386 2.773636 1.000000
0.034097 0.377261 2.609283 1.000000
-0.206972 0.448270 2.599708 0.000000
-0.125510 0.226695 2.747036 0.000000
-0.330153 0.047184 2.699174 0.000000
-0.016146 0.057856 2.556660 0.778846
-0.118704 0.047115 2.747475 0.000000
-0.387922 0.068013 2.696528 1.000000
0.069113 0.092021 2.625203 1.000000
-0.397007 -0.245469 2.702174 1.000000
0.061953 -0.221364 2.636358 1.000000
-0.388838 -0.326361 2.688493 0.274038
0.028592 -0.296290 2.644755 0.728365
-0.286001 -0.536628 2.703536 1.000000
0.021008 -0.517012 2.642790 1.000000
0.027804 -0.771974 2.939975 0.000000
-0.334353 -0.781318 2.759517 1.000000
-0.076366 -0.957830 2.893233 0.000000
-0.205852 -0.957413 2.751991 0.000000
-0.171293 0.658381 2.585267 1.000000
-0.344757 0.361448 2.787201 1.000000
0.040529 0.371154 2.610462 1.000000
-0.194456 0.460756 2.611714 0.000000
-0.125763 0.228482 2.748708 0.000000
-0.331643 0.046014 2.698738 0.000000
-0.017811 0.067286 2.557026 0.576923
-0.120329 0.050482 2.747425 0.000000
-0.387692 0.092804 2.701862 1.000000
0.064436 0.089609 2.648635 1.000000
-0.403881 -0.217282 2.713463 1.000000
0.068933 -0.220964 2.640007 1.000000
-0.412053 -0.298745 2.723183 0.000000
0.034347 -0.295686 2.644237 0.677885
-0.289109 -0.532835 2.708520 1.000000
-0.003956 -0.516482 2.649758 1.000000
0.023982 -0.754965 2.958311 0.000000
-0.365795 -0.769678 2.771117 1.000000
-0.077975 -0.943609 2.918351 0.000000
-0.242993 -0.949702 2.761669 0.000000
-0.178520 0.658567 2.588260 1.000000
-0.347732 0.363055 2.793406 1.000000
0.033362 0.377249 2.608089 1.000000
-0.203997 0.460302 2.611386 0.000000
-0.125897 0.234939 2.754734 0.000000
-0.330030 0.053291 2.703372 0.000000
-0.021211 0.068403 2.550312 0.750000
-0.117004 0.049422 2.743980 0.000000
-0.389275 0.101460 2.692369 1.000000
0.063307 0.097510 2.642951 1.000000
-0.400277 -0.207179 2.700539 1.000000
0.069852 -0.211161 2.631743 1.000000
-0.376701 -0.286173 2.699328 0.324519
0.034688 -0.285257 2.640141 0.930288
-0.285915 -0.528354 2.704303 1.000000
-0.002435 -0.509061 2.657623 1.000000
0.022294 -0.751182 2.959487 0.000000
-0.363643 -0.771089 2.760746 1.000000
-0.077512 -0.939999 2.915155 0.000000
-0.235239 -0.947407 2.762492 0.000000
-0.174321 0.662866 2.587933 1.000000
-0.349917 0.358422 2.797457 1.000000
0.029787 0.377316 2.609724 1.000000
-0.207774 0.459590 2.616327 0.000000
-0.128008 0.231731 2.754726 0.000000
-0.330135 0.054839 2.704813 0.000000
-0.020787 0.064309 2.552368 0.759615
-0.117251 0.051717 2.746224 0.000000
-0.388278 0.101460 2.686457 1.000000
0.066618 0.098856 2.640151 1.000000
-0.399012 -0.206219 2.690747 1.000000
0.070534 -0.208868 2.630638 1.000000
-0.375055 -0.285052 2.693730 0.358173
0.039837 -0.284317 2.643388 0.593750
-0.283198 -0.530185 2.701434 1.000000
0.020548 -0.507584 2.648782 1.000000
0.023073 -0.748538 2.962746 0.000000
-0.340128 -0.766491 2.761227 1.000000
-0.072384 -0.938905 2.915557 0.000000
-0.212660 -0.943490 2.762545 0.000000
-0.170222 0.665019 2.589906 1.000000
