-0.356620 0.285381 2.665608 1.000000
-0.033866 0.279595 2.693404 1.000000
-0.184280 0.370371 2.570493 0.000000
-0.199007 0.155381 2.696752 0.000000
-0.313361 -0.002854 2.573690 0.826923
-0.043914 -0.013475 2.600646 0.663462
-0.185372 -0.016766 2.651096 0.000000
-0.382585 0.009089 2.661971 1.000000
0.003717 0.006148 2.722369 1.000000
-0.377838 -0.277381 2.619474 1.000000
0.010224 -0.273062 2.645605 1.000000
-0.351501 -0.329457 2.637151 0.509615
-0.006250 -0.330320 2.658573 0.475962
-0.282992 -0.483225 2.668759 1.000000
-0.077158 -0.488323 2.672831 1.000000
-0.310130 -0.863710 2.759085 1.000000
-0.052014 -0.868804 2.763751 1.000000
-0.297656 -0.898412 2.616656 0.000000
-0.037446 -0.901919 2.621144 0.000000
-0.170901 0.500070 2.604165 1.000000
-0.352686 0.288531 2.665734 1.000000
-0.029857 0.278080 2.691194 1.000000
-0.179784 0.369574 2.568223 0.000000
-0.196871 0.156508 2.697412 0.000000
-0.312151 -0.003895 2.575346 0.875000
-0.042503 -0.012056 2.601121 0.836538
-0.183694 -0.016137 2.652256 0.000000
-0.384702 0.013039 2.672245 1.000000
0.005179 0.003816 2.713893 1.000000
-0.371969 -0.271218 2.618750 1.000000
0.012720 -0.278865 2.651761 1.000000
-0.358826 -0.327956 2.636810 0.560096
-0.011686 -0.333037 2.638057 0.475962
-0.283339 -0.482836 2.672605 1.000000
-0.079126 -0.488533 2.672855 1.000000
-0.310379 -0.864910 2.755982 1.000000
-0.052453 -0.869305 2.762103 1.000000
-0.297935 -0.897006 2.612940 0.000000
-0.038565 -0.901807 2.619287 0.000000
-0.167762 0.501365 2.602934 1.000000
-0.352964 0.287752 2.668430 1.000000
-0.029630 0.281302 2.688176 1.000000
-0.182811 0.370220 2.567343 0.000000
-0.195036 0.157795 2.698131 0.000000
-0.309842 -0.000438 2.574992 0.836538
-0.040640 -0.013085 2.603472 0.875000
-0.182410 -0.015575 2.653083 0.000000
-0.381758 0.011571 2.671666 1.000000
0.006267 0.006871 2.710850 1.000000
-0.374126 -0.273289 2.618867 1.000000
0.014886 -0.276680 2.651554 1.000000
-0.356754 -0.331387 2.625267 0.526442
-0.017041 -0.326497 2.636822 0.442308
-0.283188 -0.480174 2.673677 1.000000
-0.078897 -0.488994 2.669205 1.000000
-0.309826 -0.860740 2.763811 1.000000
-0.051922 -0.868725 2.762698 1.000000
-0.296835 -0.895375 2.621413 0.000000
-0.036526 -0.902673 2.620373 0.000000
-0.174784 0.502845 2.601526 1.000000
-0.352023 0.290778 2.670408 1.000000
-0.028834 0.281719 2.691449 1.000000
-0.180784 0.370785 2.569179 0.000000
-0.195344 0.159753 2.701966 0.000000
-0.308901 0.001016 2.576289 0.750000
-0.039453 -0.015123 2.600344 0.769231
-0.180419 -0.015968 2.652251 0.000000
-0.383887 0.015275 2.674782 1.000000
0.007439 0.007428 2.711085 1.000000
-0.377496 -0.269712 2.624395 1.000000
0.009459 -0.273579 2.641601 1.000000
-0.377837 -0.317606 2.662132 0.509615
-0.013198 -0.329596 2.633430 0.509615
-0.283996 -0.480023 2.671762 1.000000
-0.079337 -0.489540 2.669296 1.000000
-0.309117 -0.861049 2.760375 1.000000
-0.051764 -0.869747 2.760653 1.000000
-0.298957 -0.894931 2.617566 0.000000
-0.039427 -0.903153 2.617903 0.000000
-0.179666 0.500927 2.595697 1.000000
-0.354452 0.286011 2.674156 1.000000
-0.031081 0.278684 2.692954 1.000000
-0.184440 0.370893 2.574846 0.000000
-0.196610 0.155147 2.700083 0.000000
-0.314278 -0.000684 2.579547 0.576923
-0.043973 -0.012054 2.595267 0.740385
-0.183236 -0.015478 2.651487 0.000000
-0.383895 0.010188 2.675359 1.000000
0.004020 0.004272 2.713265 1.000000
-0.382496 -0.274581 2.623282 1.000000
0.012159 -0.277388 2.646863 1.000000
-0.383252 -0.331303 2.645645 0.442308
-0.017561 -0.329948 2.638367 0.543269
-0.285816 -0.480593 2.672485 1.000000
-0.080866 -0.487568 2.667860 1.000000
-0.309236 -0.862125 2.759372 1.000000
-0.052996 -0.867395 2.760695 1.000000
-0.302813 -0.895137 2.616142 0.000000
-0.044604 -0.901688 2.617869 0.000000
-0.182707 0.501555 2.609255 1.000000
-0.355240 0.283793 2.674718 1.000000
-0.031888 0.278449 2.694494 1.000000
-0.185459 0.369900 2.576070 0.000000
-0.196665 0.153871 2.700911 0.000000
-0.311432 -0.001238 2.573283 0.894231
-0.042492 -0.016473 2.602950 0.750000
-0.184525 -0.018279 2.651835 0.000000
-0.386510 0.008723 2.683398 1.000000
0.005257 0.004780 2.715533 1.000000
-0.387892 -0.274189 2.624100 1.000000
0.013862 -0.277826 2.655391 1.000000
-0.361384 -0.327833 2.635838 0.560096
-0.011536 -0.329720 2.635896 0.475962
-0.286022 -0.480506 2.675939 1.000000
-0.080358 -0.491444 2.667110 1.000000
-0.310422 -0.862386 2.761006 1.000000
-0.054512 -0.871262 2.760567 1.000000
-0.296951 -0.895061 2.618190 0.000000
-0.038583 -0.905185 2.618295 0.000000
-0.175618 0.501177 2.613487 1.000000
-0.356962 0.286866 2.677873 1.000000
-0.033718 0.274272 2.696070 1.000000
-0.185783 0.370099 2.579174 0.000000
-0.201156 0.153279 2.702185 0.000000
-0.313821 -0.001745 2.578247 0.894231
-0.044174 -0.019005 2.599069 0.932692
-0.184533 -0.019708 2.652598 0.000000
-0.391449 0.011772 2.690215 1.000000
0.004439 0.000158 2.716666 1.000000
-0.413328 -0.271287 2.632905 1.000000
0.021888 -0.281899 2.653224 1.000000
-0.403921 -0.331113 2.640012 0.324519
-0.004399 -0.335804 2.664240 0.576923
-0.286958 -0.483334 2.672368 1.000000
-0.081204 -0.492618 2.668519 1.000000
-0.314434 -0.863496 2.763943 1.000000
-0.052894 -0.872216 2.762156 1.000000
-0.306080 -0.898465 2.621279 0.000000
-0.042142 -0.906601 2.619510 0.000000
-0.179084 0.500501 2.615662 1.000000
-0.355334 0.284189 2.679066 1.000000
-0.032861 0.264125 2.703235 1.000000
-0.180490 0.367534 2.587118 0.000000
-0.202799 0.146527 2.701298 0.000000
-0.313974 -0.006197 2.570480 1.000000
-0.046037 -0.016391 2.609805 0.903846
-0.189650 -0.019328 2.653771 0.000000
-0.402495 0.010378 2.692149 1.000000
0.010464 -0.010070 2.720770 1.000000
-0.453261 -0.266814 2.622482 1.000000
0.062495 -0.294017 2.690220 1.000000
-0.446418 -0.323037 2.645068 0.442308
0.028442 -0.342514 2.704590 0.509615
-0.289725 -0.484926 2.673245 1.000000
-0.083349 -0.493850 2.669372 1.000000
-0.310326 -0.865066 2.766697 1.000000
-0.055660 -0.873497 2.762997 1.000000
-0.291876 -0.900854 2.625189 0.000000
-0.033917 -0.906840 2.621359 0.000000
-0.180374 0.495492 2.625022 1.000000
-0.353485 0.288512 2.678452 1.000000
-0.031860 0.262086 2.707350 1.000000
-0.175697 0.368907 2.589573 0.000000
-0.203987 0.147814 2.702251 0.000000
-0.318549 -0.009937 2.575078 1.000000
-0.049332 -0.012540 2.606006 1.000000
-0.191367 -0.017725 2.654643 0.000000
-0.411103 0.016556 2.694777 1.000000
0.016959 -0.011435 2.726041 1.000000
-0.477463 -0.256680 2.621301 1.000000
0.093358 -0.289782 2.692175 1.000000
-0.471712 -0.317369 2.622670 0.274038
0.058733 -0.339729 2.697119 0.459135
-0.288311 -0.487387 2.675655 1.000000
-0.083770 -0.493223 2.664982 1.000000
-0.313290 -0.868746 2.762864 1.000000
-0.056377 -0.871590 2.763737 1.000000
-0.297697 -0.902329 2.620474 0.000000
-0.037784 -0.907185 2.622199 0.038462
-0.184026 0.499612 2.633530 1.000000
-0.354620 0.288065 2.681265 1.000000
-0.032539 0.261865 2.704793 1.000000
-0.178404 0.368035 2.588937 0.000000
-0.204692 0.147528 2.703239 0.000000
-0.317456 -0.011878 2.577258 1.000000
-0.047984 -0.013403 2.605949 1.000000
-0.189594 -0.017712 2.655893 0.000000
-0.426744 0.019347 2.697974 1.000000
0.023723 -0.010101 2.728466 1.000000
-0.505496 -0.249300 2.618945 1.000000
0.118561 -0.283925 2.703078 1.000000
-0.508268 -0.307729 2.636164 0.442308
0.099173 -0.341386 2.709430 0.526442
-0.291509 -0.489536 2.673754 1.000000
-0.086226 -0.494868 2.667221 1.000000
-0.315844 -0.870151 2.764332 1.000000
-0.053869 -0.873830 2.762113 1.000000
-0.301989 -0.904899 2.622042 0.000000
-0.037050 -0.907980 2.619998 0.000000
-0.180626 0.496134 2.626386 1.000000
-0.356354 0.280349 2.679461 1.000000
-0.033570 0.264740 2.702753 1.000000
-0.182871 0.361963 2.583471 0.000000
-0.202206 0.145317 2.706229 0.000000
-0.327719 -0.016678 2.577711 1.000000
-0.044152 -0.017082 2.601349 1.000000
-0.191322 -0.019761 2.654096 0.000000
-0.451067 0.018042 2.688581 1.000000
0.042378 -0.002085 2.732673 1.000000
-0.577937 -0.232159 2.610449 1.000000
0.168752 -0.262970 2.704929 1.000000
-0.575358 -0.292942 2.614554 0.324519
0.161809 -0.322535 2.715964 0.576923
-0.287326 -0.493394 2.682996 1.000000
-0.087124 -0.498443 2.668615 1.000000
-0.318109 -0.876403 2.760593 1.000000
-0.054558 -0.877090 2.764688 1.000000
-0.305954 -0.906454 2.617083 0.000000
-0.040961 -0.912019 2.622417 0.000000
-0.187487 0.497400 2.629798 1.000000
-0.356142 0.289458 2.682594 1.000000
-0.034015 0.263105 2.705309 1.000000
-0.180169 0.367021 2.587785 0.000000
-0.206401 0.149122 2.706993 0.000000
-0.336272 -0.012309 2.571718 1.000000
-0.037072 -0.012418 2.602936 1.000000
-0.193402 -0.013054 2.651828 0.000000
-0.469180 0.034253 2.676539 1.000000
0.059678 0.001586 2.733117 1.000000
-0.616924 -0.204409 2.598393 1.000000
0.210953 -0.246638 2.713233 1.000000
-0.642515 -0.258332 2.610864 0.425481
0.210286 -0.307454 2.708868 0.543269
-0.289216 -0.487877 2.686509 1.000000
-0.088855 -0.493976 2.670606 1.000000
-0.317232 -0.871649 2.761331 1.000000
-0.055964 -0.872737 2.766119 1.000000
-0.301932 -0.900725 2.617922 0.000000
-0.039595 -0.907150 2.624016 0.000000
-0.184340 0.499731 2.630757 1.000000
-0.356155 0.292587 2.682755 1.000000
-0.034465 0.262647 2.707139 1.000000
-0.178785 0.370215 2.590640 0.000000
-0.207953 0.150349 2.705475 0.000000
-0.336959 -0.000945 2.572872 0.932692
-0.032623 -0.008661 2.604231 1.000000
-0.191480 -0.006544 2.653037 0.000000
-0.493481 0.049995 2.665298 1.000000
0.079616 0.008748 2.730257 1.000000
-0.662511 -0.172702 2.582806 1.000000
0.243354 -0.232357 2.724911 1.000000
-0.693705 -0.223551 2.570183 0.324519
0.253512 -0.292329 2.729187 0.576923
-0.295243 -0.479947 2.679810 1.000000
-0.092822 -0.487929 2.674324 1.000000
-0.316146 -0.859934 2.773819 1.000000
-0.059540 -0.867697 2.765605 1.000000
-0.303167 -0.895802 2.631724 0.000000
-0.044586 -0.900663 2.623003 0.115385
-0.186527 0.502056 2.635340 1.000000
-0.354519 0.286482 2.682187 1.000000
-0.031774 0.269341 2.704938 1.000000
-0.180829 0.369760 2.588019 0.000000
-0.200778 0.150391 2.705740 0.000000
-0.337068 0.001074 2.575385 0.855769
-0.031168 -0.011157 2.608002 1.000000
-0.191105 -0.008021 2.656101 0.000000
-0.527267 0.070491 2.642185 1.000000
0.109991 0.028807 2.716801 1.000000
-0.726068 -0.122179 2.550459 1.000000
0.299317 -0.192860 2.708029 1.000000
-0.762975 -0.167882 2.566805 0.408654
0.327203 -0.244866 2.723383 0.711538
-0.295075 -0.478584 2.685212 1.000000
-0.091074 -0.488507 2.680189 1.000000
-0.312444 -0.859004 2.778183 1.000000
-0.058942 -0.868688 2.770155 1.000000
-0.299296 -0.894358 2.635976 0.081731
-0.044064 -0.901203 2.627442 0.057692
-0.183045 0.502596 2.633945 1.000000
-0.352106 0.292373 2.683147 1.000000
-0.029403 0.270912 2.702608 1.000000
-0.178346 0.369486 2.583988 0.000000
-0.200205 0.154771 2.709681 0.000000
-0.340624 -0.001600 2.579921 0.836538
-0.034265 -0.010197 2.609218 1.000000
-0.193691 -0.008707 2.659061 0.000000
-0.539143 0.094419 2.620165 1.000000
0.126562 0.039008 2.697064 1.000000
-0.745056 -0.074884 2.501680 1.000000
0.331826 -0.162783 2.649635 1.000000
-0.795331 -0.108075 2.492256 0.778846
0.358344 -0.205048 2.684685 0.846154
-0.287106 -0.480275 2.693205 1.000000
-0.091346 -0.488728 2.682467 1.000000
-0.317903 -0.862725 2.773504 1.000000
-0.057190 -0.868444 2.773645 0.972356
-0.304891 -0.893840 2.630297 0.014423
-0.043544 -0.901485 2.630930 0.000000
-0.184206 0.509287 2.637837 1.000000
-0.355640 0.297181 2.683785 1.000000
-0.032478 0.277499 2.696225 1.000000
-0.184694 0.369202 2.576258 0.000000
-0.202639 0.161541 2.713859 0.000000
-0.339938 0.004624 2.587234 0.884615
-0.033330 -0.010839 2.610492 1.000000
-0.191684 -0.006100 2.663452 0.000000
-0.539227 0.116401 2.576524 1.000000
0.126907 0.056953 2.634203 1.000000
-0.737506 -0.019744 2.412251 1.000000
0.332719 -0.132802 2.553768 1.000000
-0.780438 -0.062967 2.414826 0.694712
0.370921 -0.167650 2.586084 0.610577
-0.293516 -0.477277 2.691248 1.000000
-0.091580 -0.486600 2.689317 1.000000
-0.315753 -0.859049 2.777385 0.981731
-0.057867 -0.866814 2.778565 0.947356
-0.306683 -0.891871 2.634255 0.000000
-0.047937 -0.899523 2.635466 0.134615
-0.184743 0.517168 2.637060 1.000000
-0.362606 0.299825 2.699110 1.000000
-0.039126 0.284342 2.708944 1.000000
-0.193380 0.378115 2.593257 0.000000
-0.207518 0.165397 2.723373 0.000000
-0.345029 0.005317 2.596360 0.826923
-0.038050 -0.002842 2.618402 1.000000
-0.196248 -0.001306 2.672014 0.000000
-0.496676 0.155100 2.509339 1.000000
0.079504 0.098694 2.546477 1.000000
-0.636573 0.047901 2.284500 1.000000
0.236375 -0.057418 2.365823 1.000000
-0.675164 0.031996 2.240050 0.711538
0.270980 -0.102827 2.344411 0.778846
-0.297226 -0.476246 2.693028 1.000000
-0.093721 -0.481215 2.696447 1.000000
-0.315788 -0.858010 2.780069 1.000000
-0.062784 -0.865108 2.769473 1.000000
-0.306769 -0.891069 2.636990 0.000000
-0.053196 -0.891798 2.625107 0.038462
-0.190743 0.516586 2.639931 1.000000
-0.371078 0.284750 2.712752 0.721154
-0.047096 0.287158 2.715110 0.855769
-0.208980 0.376646 2.606682 0.000000
-0.208243 0.158420 2.728156 0.000000
-0.348567 -0.000837 2.600610 0.663462
-0.041124 -0.000888 2.616950 1.000000
-0.198287 -0.001169 2.673543 0.000000
-0.442145 0.168092 2.479792 1.000000
0.026827 0.138396 2.502190 1.000000
-0.522573 0.085065 2.222750 1.000000
0.124260 0.007881 2.272178 1.000000
-0.548207 0.074134 2.168515 0.543269
0.150640 -0.020251 2.224947 1.000000
-0.295027 -0.480427 2.697442 1.000000
-0.095657 -0.481770 2.697784 1.000000
-0.317483 -0.862393 2.782658 0.909856
-0.058202 -0.864907 2.771725 1.000000
-0.310118 -0.894801 2.639336 0.000000
-0.050512 -0.892022 2.627325 0.076923
-0.191276 0.509014 2.650544 1.000000
-0.374655 0.266915 2.687417 0.000000
-0.051758 0.284179 2.707800 0.817308
-0.210287 0.356454 2.582835 0.000000
-0.208106 0.149908 2.723239 0.000000
-0.351483 -0.006194 2.604967 0.750000
-0.043779 -0.009047 2.614886 1.000000
-0.199707 -0.006215 2.674732 0.000000
-0.389881 0.181762 2.433203 0.646154
-0.021194 0.172229 2.465642 0.630769
-0.404288 0.098522 2.165993 0.240385
0.005283 0.067705 2.206970 0.365385
-0.419047 0.104866 2.107172 0.593750
0.018528 0.046518 2.151349 0.375000
-0.295322 -0.486947 2.700063 1.000000
-0.094071 -0.488298 2.700118 1.000000
-0.319435 -0.869187 2.783579 0.869231
-0.059282 -0.870577 2.779593 0.931731
-0.315280 -0.900829 2.639957 0.000000
-0.054601 -0.900100 2.635536 0.134615
-0.194513 0.506555 2.650245 1.000000
-0.369237 0.282311 2.710256 0.807692
-0.046937 0.270216 2.741109 0.605769
-0.195021 0.376986 2.628669 0.000000
-0.213010 0.148035 2.726838 0.000000
-0.351238 0.001839 2.600628 0.826923
-0.044190 -0.002648 2.622748 1.000000
-0.202357 0.000725 2.676366 0.000000
-0.353948 0.198973 2.457570 0.346154
-0.063727 0.197029 2.485392 0.553846
-0.280771 0.104689 2.206336 0.432692
-0.142672 0.119922 2.230078 0.644231
-0.264463 0.084340 2.151217 0.000000
-0.174257 0.132492 2.179458 0.072115
-0.300886 -0.479120 2.698356 1.000000
-0.097162 -0.483026 2.696453 1.000000
-0.320361 -0.861078 2.784339 0.922356
-0.060610 -0.864187 2.780386 0.991106
-0.310935 -0.893780 2.641205 0.000000
-0.049918 -0.894764 2.636871 0.134615
-0.195272 0.498533 2.666971 1.000000
-0.372111 0.273332 2.712514 1.000000
-0.048602 0.270519 2.694900 1.000000
-0.216058 0.349323 2.586641 0.000000
-0.209854 0.146963 2.732898 0.000000
-0.353000 -0.003873 2.615814 1.000000
-0.045759 -0.014800 2.599322 1.000000
-0.195823 -0.007022 2.672284 0.000000
-0.318473 0.195030 2.464738 0.446154
-0.102825 0.187186 2.448899 0.584615
-0.248829 0.119621 2.207557 0.163462
-0.187343 0.135498 2.190318 0.663462
-0.232915 0.106838 2.150100 0.206731
-0.206133 0.133788 2.132335 0.543269
-0.302004 -0.488143 2.695159 0.976923
-0.098939 -0.490597 2.699046 1.000000
-0.317175 -0.869610 2.784136 0.841106
-0.068770 -0.875725 2.765603 1.000000
-0.326960 -0.902586 2.641088 0.033654
-0.077906 -0.901426 2.621028 0.000000
-0.201816 0.506299 2.661320 1.000000
-0.381547 0.266902 2.702020 1.000000
-0.057857 0.264972 2.687974 1.000000
-0.224474 0.338812 2.575023 0.000000
-0.218969 0.142174 2.728913 0.000000
-0.356399 -0.015342 2.616168 0.519231
-0.049370 -0.023393 2.594805 1.000000
-0.198281 -0.015109 2.670037 0.000000
-0.327857 0.180304 2.458186 0.338462
-0.090992 0.171911 2.442865 0.738462
-0.251483 0.089945 2.209055 0.307692
-0.176004 0.111985 2.187432 0.634615
-0.232263 0.072137 2.153996 0.240385
-0.195274 0.097747 2.131360 0.913462
-0.299594 -0.498745 2.696371 1.000000
-0.097505 -0.499660 2.696063 1.000000
-0.316088 -0.880105 2.785568 0.872356
-0.058190 -0.882479 2.770678 1.000000
-0.327659 -0.913034 2.642643 0.000000
-0.068991 -0.911617 2.626872 0.076923
-0.204814 0.501243 2.653408 1.000000
-0.378227 0.255424 2.706269 0.778846
-0.054807 0.270453 2.694058 1.000000
-0.224767 0.353476 2.593101 0.000000
-0.210066 0.135546 2.714220 0.000000
-0.358678 -0.013937 2.612000 0.605769
-0.051459 -0.018901 2.592505 1.000000
-0.200905 -0.012427 2.666850 0.000000
-0.353714 0.177470 2.456434 0.384615
-0.042403 0.156611 2.457454 0.646154
-0.313317 0.080532 2.203004 0.192308
-0.087426 0.066033 2.202455 0.288462
-0.300240 0.059338 2.147345 1.000000
-0.099559 0.040329 2.148509 0.509615
-0.301211 -0.495908 2.695966 1.000000
-0.099884 -0.495508 2.696397 1.000000
-0.315896 -0.877312 2.785294 0.816106
-0.055411 -0.877601 2.771838 1.000000
-0.326301 -0.910398 2.642316 0.000000
-0.065174 -0.907129 2.628038 0.057692
-0.204055 0.492991 2.655050 1.000000
-0.391935 0.252783 2.702844 0.875000
-0.069367 0.281515 2.692820 0.846154
-0.241696 0.352395 2.586753 0.000000
-0.218792 0.140915 2.717636 0.000000
-0.358757 -0.009149 2.612063 0.875000
-0.051523 -0.010675 2.592221 1.000000
-0.200951 -0.007426 2.666813 0.000000
-0.390138 0.170196 2.454171 0.515385
-0.013517 0.157255 2.468985 0.646154
-0.390383 0.072008 2.198938 0.528846
-0.001444 0.054435 2.215870 0.230769
-0.386878 0.049765 2.142273 1.000000
-0.006118 0.031165 2.159703 0.375000
-0.302284 -0.490873 2.691243 1.000000
-0.101351 -0.489253 2.692215 1.000000
-0.316166 -0.871276 2.784865 0.794231
-0.057696 -0.870583 2.771874 0.997356
-0.326834 -0.905976 2.642289 0.004808
-0.067087 -0.901636 2.628371 0.076923
-0.204817 0.496472 2.651020 1.000000
-0.396301 0.259205 2.728274 0.644231
-0.077801 0.299893 2.684938 1.000000
-0.262753 0.366424 2.599277 0.000000
-0.218827 0.153480 2.722176 0.000000
-0.364295 -0.007883 2.627709 0.980769
-0.061131 -0.000408 2.574567 1.000000
-0.201564 -0.002316 2.665001 0.000000
-0.434938 0.170333 2.490241 0.969231
0.026912 0.134568 2.518344 1.000000
-0.478606 0.070752 2.245053 0.951923
0.109297 0.033571 2.283925 0.615385
-0.483579 0.051210 2.187508 0.694712
0.114818 0.019125 2.224942 0.307692
-0.302458 -0.488485 2.689332 1.000000
-0.102921 -0.479418 2.691555 1.000000
-0.312690 -0.869345 2.781553 0.847356
-0.057482 -0.861080 2.768584 0.916106
-0.338584 -0.902771 2.640635 0.000000
-0.081749 -0.892559 2.626930 0.096154
-0.198681 0.500952 2.644181 1.000000
-0.383525 0.296438 2.704481 1.000000
-0.059793 0.295701 2.691336 1.000000
-0.225945 0.382777 2.587497 0.000000
-0.221182 0.169138 2.716783 0.000000
-0.356205 0.007726 2.591123 0.836538
-0.048524 0.001935 2.600451 1.000000
-0.204315 0.005639 2.660607 0.000000
-0.501934 0.169239 2.518634 1.000000
0.091188 0.125703 2.577121 1.000000
-0.649297 0.071070 2.320747 1.000000
0.249599 -0.004195 2.408169 1.000000
-0.672807 0.050238 2.268484 0.677885
0.280882 -0.037551 2.367836 1.000000
-0.300350 -0.475045 2.679817 1.000000
-0.102220 -0.476927 2.684567 1.000000
-0.314948 -0.853469 2.781040 0.800481
-0.059255 -0.857913 2.766222 1.000000
-0.312341 -0.891574 2.638959 0.038462
-0.055162 -0.888292 2.622326 0.057692
-0.200577 0.515688 2.624770 1.000000
-0.376232 0.308914 2.695757 1.000000
-0.052661 0.292959 2.690921 1.000000
-0.211832 0.387482 2.582748 0.000000
-0.220413 0.174169 2.712374 0.000000
-0.356344 0.013727 2.583816 0.961538
-0.048809 0.006517 2.596392 1.000000
-0.205222 0.010312 2.654904 0.000000
-0.537079 0.166642 2.557199 1.000000
0.121478 0.117770 2.625382 1.000000
-0.726777 0.074360 2.394001 1.000000
0.326732 -0.012753 2.515975 1.000000
-0.768089 0.061723 2.350970 0.846154
0.368524 -0.049457 2.490989 1.000000
-0.299800 -0.468794 2.676964 1.000000
-0.101181 -0.471588 2.680286 1.000000
-0.315260 -0.846295 2.781453 0.853606
-0.064227 -0.852123 2.766840 1.000000
-0.311157 -0.885683 2.639758 0.004808
-0.058517 -0.884202 2.623369 0.038462
-0.200821 0.511515 2.601913 1.000000
-0.369544 0.307538 2.683235 1.000000
-0.045995 0.291137 2.688031 1.000000
-0.201782 0.384928 2.574431 0.000000
-0.214483 0.172745 2.705566 0.000000
-0.354815 0.013909 2.579543 0.701923
-0.047520 0.002166 2.594386 1.000000
-0.204312 0.007619 2.651741 0.000000
-0.563170 0.169528 2.579948 1.000000
0.138815 0.112813 2.652657 1.000000
-0.788126 0.076891 2.461581 1.000000
0.374381 -0.017545 2.625950 1.000000
-0.840166 0.062388 2.433305 1.000000
0.427618 -0.046810 2.620710 1.000000
-0.299065 -0.469139 2.676616 1.000000
-0.100197 -0.474452 2.677633 1.000000
-0.317371 -0.846922 2.779618 0.819231
-0.060698 -0.854127 2.766800 1.000000
-0.312372 -0.885825 2.637818 0.000000
-0.054288 -0.887100 2.623560 0.000000
-0.198565 0.510732 2.594745 1.000000
-0.372862 0.298104 2.674484 1.000000
-0.049531 0.296333 2.695210 1.000000
-0.203756 0.386122 2.576366 0.000000
-0.212936 0.169936 2.701099 0.000000
-0.352580 0.015928 2.576240 0.903846
-0.045613 -0.001045 2.592719 1.000000
-0.202684 0.005400 2.649202 0.000000
-0.588238 0.170072 2.591283 1.000000
0.143749 0.116635 2.687943 1.000000
-0.836710 0.082719 2.510369 1.000000
0.383126 -0.016903 2.715909 1.000000
-0.895845 0.068685 2.515292 1.000000
0.435310 -0.043696 2.732554 1.000000
-0.300261 -0.468061 2.674104 1.000000
-0.100355 -0.475934 2.675640 1.000000
-0.313910 -0.845682 2.778412 0.759856
-0.060000 -0.855444 2.765128 1.000000
-0.308888 -0.885000 2.636727 0.057692
-0.053454 -0.888517 2.621918 0.038462
-0.201019 0.503938 2.588082 1.000000
-0.371538 0.298495 2.671530 1.000000
-0.048421 0.293713 2.694943 1.000000
-0.200779 0.384254 2.574276 0.000000
-0.213094 0.168948 2.700255 0.000000
-0.351228 0.013711 2.571469 0.846154
-0.044583 -0.000530 2.595009 1.000000
-0.202982 0.004060 2.647845 0.000000
-0.584899 0.167269 2.580884 1.000000
0.143855 0.110071 2.678662 1.000000
-0.830491 0.080086 2.484085 1.000000
0.384758 -0.027278 2.698352 1.000000
-0.889122 0.063584 2.486945 1.000000
0.435997 -0.056278 2.714216 1.000000
-0.302371 -0.468173 2.675592 1.000000
-0.100791 -0.476676 2.674347 1.000000
-0.315395 -0.845774 2.780052 0.819231
-0.060486 -0.855982 2.764715 0.994231
-0.306946 -0.885207 2.638563 0.100962
-0.050361 -0.888979 2.621696 0.057692
-0.197026 0.504348 2.588850 1.000000
-0.366774 0.298240 2.673155 1.000000
-0.043501 0.288154 2.692362 1.000000
-0.195889 0.379810 2.572576 0.000000
-0.210205 0.166336 2.701429 0.000000
-0.350694 0.012396 2.572386 0.836538
-0.044611 -0.006093 2.599945 1.000000
-0.203637 0.000231 2.650677 0.000000
-0.564926 0.164722 2.551919 1.000000
0.142340 0.102484 2.639642 1.000000
-0.788122 0.076521 2.408409 1.000000
0.378261 -0.045787 2.616229 1.000000
-0.846475 0.062418 2.397727 1.000000
0.425870 -0.081831 2.628566 1.000000
-0.302843 -0.469867 2.680418 1.000000
-0.102544 -0.480793 2.678788 1.000000
-0.314556 -0.848728 2.780373 0.781731
-0.057742 -0.860292 2.766182 1.000000
-0.304472 -0.886463 2.638527 0.134615
-0.046355 -0.891932 2.622951 0.038462
-0.197249 0.504194 2.591695 1.000000
-0.367528 0.294818 2.686027 1.000000
-0.043649 0.285949 2.686085 1.000000
-0.203289 0.373639 2.572960 0.000000
-0.209050 0.164136 2.708808 0.000000
-0.358368 0.002409 2.594712 0.730769
-0.050557 -0.003952 2.594400 1.000000
-0.204477 -0.004639 2.659295 0.000000
-0.500816 0.167030 2.491295 1.000000
0.102383 0.103126 2.554682 1.000000
-0.649483 0.076677 2.271812 1.000000
0.293483 -0.048018 2.416571 1.000000
-0.688474 0.059746 2.228096 1.000000
0.340361 -0.083548 2.400505 1.000000
-0.302362 -0.479153 2.684536 1.000000
-0.103863 -0.480985 2.686293 1.000000
-0.318199 -0.858212 2.783162 0.841106
-0.059128 -0.862046 2.766640 1.000000
-0.319677 -0.895199 2.640769 0.091346
-0.060151 -0.892514 2.622708 0.038462
-0.195053 0.509571 2.608647 0.865385
-0.374454 0.279719 2.701076 0.625000
-0.050882 0.288987 2.687244 1.000000
-0.219857 0.372493 2.585041 0.000000
-0.208299 0.157233 2.711169 0.000000
-0.358731 0.001358 2.597411 0.798077
-0.050945 -0.005756 2.599754 1.000000
-0.205388 -0.004647 2.663388 0.000000
-0.437016 0.177012 2.462931 1.000000
0.045759 0.123554 2.501587 1.000000
-0.511078 0.077459 2.213679 1.000000
0.180466 -0.013202 2.299908 1.000000
-0.531493 0.058133 2.159570 0.947115
0.213672 -0.049231 2.263612 1.000000
-0.304014 -0.480754 2.687217 1.000000
-0.104221 -0.482850 2.690726 1.000000
-0.315162 -0.861387 2.780268 0.869231
-0.059602 -0.864571 2.767941 1.000000
-0.315533 -0.896314 2.637349 0.000000
-0.059468 -0.893725 2.623734 0.019231
-0.197359 0.500841 2.614665 0.759615
-0.384972 0.270958 2.725083 0.673077
-0.064520 0.288557 2.680622 1.000000
-0.243992 0.375735 2.602130 0.000000
-0.216809 0.151844 2.709427 0.000000
-0.366072 -0.008674 2.625584 0.625000
-0.062485 0.002157 2.575526 1.000000
-0.203697 -0.004148 2.664534 0.000000
-0.375850 0.200482 2.471050 0.615385
-0.011772 0.149359 2.462850 0.861538
-0.370058 0.100583 2.214584 0.307692
0.052607 0.031570 2.222498 0.826923
-0.368760 0.076965 2.158383 0.000000
0.071475 0.000134 2.173776 1.000000
-0.303609 -0.488579 2.686052 1.000000
-0.104531 -0.476967 2.693565 1.000000
-0.315214 -0.869074 2.779610 0.856731
-0.057840 -0.859292 2.766446 0.969231
-0.339295 -0.903036 2.638499 0.000000
-0.080641 -0.889191 2.624207 0.000000
-0.194184 0.488197 2.615680 1.000000
-0.388947 0.267202 2.703101 0.730769
-0.066946 0.298735 2.685860 0.855769
-0.242445 0.372282 2.587055 0.000000
-0.214744 0.156167 2.709145 0.000000
-0.360816 0.002768 2.616858 0.923077
-0.054566 -0.003627 2.585904 1.000000
-0.201174 -0.000630 2.665906 0.000000
-0.328454 0.201596 2.459185 0.476923
-0.053555 0.173157 2.458902 0.723077
-0.247167 0.109424 2.217585 0.653846
-0.106417 0.085598 2.207879 0.355769
-0.226278 0.099231 2.161213 0.240385
-0.118061 0.065629 2.151454 0.000000
-0.304199 -0.481667 2.685505 1.000000
-0.100675 -0.478730 2.695534 1.000000
-0.316207 -0.862189 2.778899 0.856731
-0.059206 -0.862348 2.764684 0.978606
-0.332527 -0.896556 2.636778 0.000000
-0.075061 -0.889954 2.621044 0.038462
-0.192411 0.495569 2.613757 1.000000
-0.381989 0.272461 2.687524 1.000000
-0.058106 0.281152 2.687969 0.961538
-0.222044 0.357118 2.572536 0.000000
-0.216712 0.151187 2.713755 0.000000
-0.358042 -0.005236 2.606471 0.932692
-0.050549 -0.010659 2.592090 1.000000
-0.201245 -0.006710 2.664051 0.000000
-0.311265 0.189447 2.452373 0.584615
-0.083390 0.184403 2.448827 0.723077
-0.224666 0.108269 2.209287 0.480769
-0.138921 0.114840 2.193371 0.317308
-0.206385 0.091327 2.153637 0.375000
-0.151731 0.100851 2.135420 0.711538
-0.302489 -0.487642 2.689565 1.000000
-0.099333 -0.487331 2.692856 1.000000
-0.317946 -0.870233 2.773525 0.894231
-0.056141 -0.869276 2.769773 0.997356
-0.325778 -0.901422 2.629957 0.000000
-0.063594 -0.899094 2.625894 0.076923
-0.185355 0.501798 2.629053 1.000000
-0.373441 0.265422 2.690866 0.923077
-0.049723 0.272283 2.679203 1.000000
-0.217397 0.355349 2.574527 0.000000
-0.208209 0.141983 2.704024 0.000000
-0.355140 -0.008037 2.603883 0.894231
-0.047716 -0.017127 2.589891 1.000000
-0.198410 -0.010174 2.661627 0.000000
-0.335890 0.182835 2.448553 0.553846
-0.066959 0.174922 2.440101 0.630769
-0.257559 0.102182 2.203043 0.461538
-0.140414 0.103738 2.190195 0.442308
-0.236861 0.084512 2.148478 0.442308
-0.161027 0.088164 2.134963 0.879808
-0.302881 -0.491686 2.684966 1.000000
-0.101587 -0.492839 2.692327 1.000000
-0.314829 -0.871255 2.782169 0.800481
-0.055461 -0.873324 2.774590 1.000000
-0.323692 -0.907426 2.639836 0.000000
-0.062995 -0.905246 2.631168 0.076923
-0.200435 0.495362 2.626649 1.000000
-0.377965 0.269155 2.685983 0.692308
-0.055281 0.285195 2.710354 0.692308
-0.213500 0.371876 2.594489 0.000000
-0.211000 0.149336 2.707843 0.000000
-0.352978 -0.001817 2.587700 0.759615
-0.045363 -0.006210 2.599606 1.000000
-0.201642 -0.001560 2.658414 0.000000
-0.371408 0.191269 2.439981 0.576923
-0.024452 0.179390 2.476942 0.738462
-0.381831 0.102103 2.185997 0.326923
-0.005219 0.077339 2.228380 0.288462
-0.370379 0.082755 2.129317 0.375000
-0.019455 0.075035 2.169134 0.105769
-0.300841 -0.482610 2.684161 1.000000
-0.096837 -0.485090 2.684346 1.000000
-0.319453 -0.862827 2.777717 0.937981
-0.057691 -0.864015 2.776795 0.997356
-0.315118 -0.898165 2.634964 0.033654
-0.051778 -0.898283 2.633839 0.115385
-0.192203 0.491598 2.620953 1.000000
-0.373151 0.281788 2.696293 0.740385
-0.049440 0.281086 2.709954 0.836538
-0.206791 0.378134 2.601355 0.019231
-0.211863 0.153294 2.709985 0.000000
-0.350188 0.005366 2.586637 0.865385
-0.042817 -0.001518 2.602878 1.000000
-0.199913 0.002425 2.659520 0.000000
-0.418354 0.188487 2.460304 1.000000
0.007150 0.164647 2.487067 1.000000
-0.472788 0.092740 2.214880 0.817308
0.070376 0.060510 2.247231 0.692308
-0.484978 0.085633 2.155560 0.341346
0.082423 0.048398 2.188697 0.307692
-0.300072 -0.476306 2.682257 1.000000
-0.096624 -0.480477 2.682467 1.000000
-0.317139 -0.855910 2.778556 0.772356
-0.058263 -0.859036 2.776730 1.000000
-0.311204 -0.892309 2.636128 0.182692
-0.050487 -0.893793 2.633981 0.173077
-0.197248 0.491376 2.616454 1.000000
-0.363710 0.294740 2.685802 0.903846
-0.040485 0.293311 2.708151 1.000000
-0.194132 0.381498 2.587375 0.000000
-0.203898 0.166967 2.714890 0.000000
-0.345179 0.010388 2.584911 0.855769
-0.038472 -0.004087 2.607471 1.000000
-0.196566 0.003514 2.660871 0.000000
-0.465596 0.181665 2.482859 1.000000
0.050751 0.154540 2.516393 1.000000
-0.579295 0.095641 2.259783 1.000000
0.162433 0.039448 2.305748 0.951923
-0.605377 0.076271 2.208183 0.000000
0.184007 0.013552 2.254934 0.728365
-0.300867 -0.473536 2.679605 1.000000
-0.096264 -0.481215 2.683676 1.000000
-0.316687 -0.851965 2.780626 0.847356
-0.056231 -0.859153 2.779720 0.947356
-0.309055 -0.890158 2.638749 0.057692
-0.046141 -0.894299 2.637212 0.211538
-0.203058 0.505184 2.606168 0.735577
-0.369365 0.302038 2.690322 1.000000
-0.045396 0.300153 2.686204 1.000000
-0.208345 0.383608 2.574604 0.004808
-0.207814 0.174962 2.711884 0.000000
-0.351208 0.009276 2.584244 0.942308
-0.043748 0.002142 2.598592 1.000000
-0.200476 0.006788 2.656194 0.000000
-0.522001 0.179696 2.529563 1.000000
0.106277 0.137156 2.565640 1.000000
-0.691985 0.086629 2.349927 1.000000
0.277847 0.004568 2.414612 1.000000
-0.727013 0.060091 2.307656 1.000000
0.318363 -0.028850 2.383632 1.000000
-0.292085 -0.472123 2.684476 1.000000
-0.097986 -0.476845 2.678501 1.000000
-0.321678 -0.852842 2.773027 0.981731
-0.059363 -0.853742 2.779101 0.900481
-0.315820 -0.886577 2.629942 0.000000
-0.052310 -0.890966 2.636938 0.173077
-0.197016 0.507530 2.587926 1.000000
-0.367564 0.306620 2.677591 1.000000
-0.043965 0.299054 2.691813 1.000000
-0.198850 0.385436 2.571314 0.000000
-0.209739 0.176712 2.708043 0.000000
-0.349058 0.012887 2.579925 0.875000
-0.041708 0.001072 2.593512 1.000000
-0.198189 0.008473 2.651495 0.000000
-0.547842 0.168668 2.565709 1.000000
0.124139 0.128377 2.610211 1.000000
-0.744229 0.067423 2.420999 1.000000
0.316986 -0.010584 2.495060 1.000000
-0.788662 0.038048 2.391319 1.000000
0.363360 -0.048169 2.482616 0.930288
-0.295817 -0.469386 2.680471 1.000000
-0.099161 -0.475963 2.677757 1.000000
-0.320525 -0.849608 2.772582 1.000000
-0.056503 -0.854011 2.772225 0.994231
-0.315705 -0.884525 2.629742 0.000000
-0.050699 -0.889034 2.629447 0.076923
-0.196318 0.506906 2.580788 1.000000
-0.365104 0.305214 2.674078 1.000000
-0.041712 0.296431 2.691862 1.000000
-0.194955 0.384859 2.570748 0.000000
-0.208032 0.174420 2.704627 0.000000
-0.350755 0.009052 2.577602 0.980769
-0.043409 0.000875 2.593715 1.000000
-0.200444 0.006192 2.650414 0.000000
-0.555578 0.150458 2.600994 1.000000
0.128110 0.111920 2.640026 1.000000
-0.770738 0.034635 2.492786 1.000000
0.332168 -0.042548 2.563096 1.000000
-0.819724 0.002563 2.475761 1.000000
0.377130 -0.083292 2.557068 1.000000
-0.289107 -0.470923 2.686785 1.000000
-0.098462 -0.477468 2.675227 1.000000
-0.325538 -0.852710 2.767874 1.000000
-0.057543 -0.856500 2.766464 1.000000
-0.318526 -0.883882 2.624260 0.033654
-0.050146 -0.890132 2.623425 0.096154
-0.189057 0.508245 2.585381 1.000000
-0.365252 0.300910 2.676147 1.000000
-0.041991 0.285721 2.691895 1.000000
-0.194165 0.382403 2.575848 0.000000
-0.210362 0.166129 2.699713 0.000000
-0.347492 0.013457 2.573045 0.913462
-0.040634 -0.000190 2.594032 1.000000
-0.198473 0.006970 2.648242 0.000000
-0.538160 0.108875 2.639443 1.000000
0.112144 0.076475 2.667802 1.000000
-0.748404 -0.053851 2.580164 1.000000
0.304264 -0.113531 2.633394 1.000000
-0.791673 -0.096558 2.575478 1.000000
0.342781 -0.160776 2.631861 0.862981
-0.298359 -0.468820 2.676126 1.000000
-0.098372 -0.476824 2.674821 1.000000
-0.315289 -0.847349 2.776588 1.000000
-0.059025 -0.856654 2.763391 1.000000
-0.307748 -0.885355 2.634657 0.000000
-0.049957 -0.889110 2.620177 0.038462
-0.187989 0.498124 2.585016 1.000000
-0.368253 0.294780 2.676286 1.000000
-0.044734 0.279986 2.685937 1.000000
-0.199163 0.377631 2.573738 0.000000
-0.212749 0.160026 2.695568 0.000000
-0.348127 0.009925 2.577489 0.942308
-0.040825 -0.006379 2.586862 1.000000
-0.196473 0.001403 2.646998 0.000000
-0.515524 0.076211 2.653014 1.000000
0.087342 0.050794 2.691394 1.000000
-0.705073 -0.121891 2.620271 1.000000
0.253304 -0.163868 2.640186 1.000000
-0.732920 -0.176133 2.619642 1.000000
0.285042 -0.215157 2.649138 0.711538
-0.297174 -0.472958 2.678238 1.000000
-0.096984 -0.480595 2.677961 1.000000
-0.316896 -0.850938 2.780249 0.797356
-0.059373 -0.860984 2.764874 1.000000
-0.314902 -0.889366 2.638246 0.139423
-0.056397 -0.893469 2.621411 0.096154
-0.190752 0.495098 2.587219 1.000000
-0.370827 0.287246 2.674556 1.000000
-0.047134 0.277790 2.685031 1.000000
-0.202865 0.374281 2.573635 0.004808
-0.213122 0.154895 2.692562 0.000000
-0.348462 0.005150 2.568322 0.855769
-0.041176 -0.007994 2.582135 1.000000
-0.197678 -0.000173 2.640008 0.000000
-0.488952 0.047330 2.680240 1.000000
0.057879 0.032524 2.704058 1.000000
-0.638889 -0.182665 2.629776 1.000000
0.186209 -0.210473 2.654974 1.000000
-0.659157 -0.239899 2.624165 0.879808
0.207470 -0.267202 2.648053 0.576923
-0.297098 -0.475182 2.678471 1.000000
-0.096825 -0.481885 2.678616 1.000000
-0.315635 -0.853347 2.780016 0.931731
-0.056498 -0.862419 2.763659 1.000000
-0.311159 -0.891688 2.638046 0.081731
-0.051431 -0.893976 2.620048 0.019231
-0.184361 0.490704 2.589033 1.000000
-0.369802 0.286183 2.682828 1.000000
-0.045942 0.277673 2.678518 1.000000
-0.206898 0.373127 2.573859 0.000000
-0.211043 0.154365 2.694297 0.000000
-0.349053 0.002270 2.569622 0.798077
-0.041555 -0.008102 2.580818 1.000000
-0.197640 -0.002211 2.640029 0.000000
-0.436530 0.024480 2.703025 1.000000
0.009997 0.013488 2.699152 1.000000
-0.511802 -0.238687 2.632552 1.000000
0.074918 -0.255649 2.642234 1.000000
-0.509302 -0.299507 2.628990 0.846154
0.073239 -0.316586 2.640880 0.593750
-0.296288 -0.477494 2.678193 1.000000
-0.094184 -0.482800 2.676988 1.000000
-0.315451 -0.855827 2.778994 0.794231
-0.057936 -0.863112 2.764814 1.000000
-0.311830 -0.893865 2.636917 0.168269
-0.053663 -0.895815 2.621433 0.076923
-0.193830 0.493189 2.592914 1.000000
-0.368298 0.284985 2.685171 1.000000
-0.044507 0.274580 2.679996 1.000000
-0.205069 0.373376 2.577865 0.000000
-0.210338 0.151965 2.693315 0.000000
-0.354355 0.006634 2.574186 0.519231
-0.046965 -0.010111 2.569749 0.586538
-0.199720 -0.001671 2.636815 0.000000
-0.411761 0.016671 2.705113 1.000000
-0.008364 0.004882 2.695356 1.000000
-0.432535 -0.255899 2.626524 1.000000
0.005360 -0.271660 2.630253 1.000000
-0.414554 -0.314140 2.628157 0.560096
-0.007475 -0.330775 2.637918 0.610577
-0.297401 -0.475410 2.677385 1.000000
-0.093631 -0.480350 2.677842 1.000000
-0.315424 -0.853327 2.779942 0.947356
-0.059558 -0.860758 2.766121 0.944231
-0.319689 -0.891654 2.637961 0.000000
-0.063683 -0.894354 2.622943 0.096154
-0.187448 0.493692 2.601669 1.000000
-0.371239 0.289427 2.695954 1.000000
-0.047854 0.286630 2.676189 1.000000
-0.215065 0.382621 2.582394 0.000000
-0.210070 0.160057 2.695616 0.000000
-0.357099 0.013785 2.582279 0.394231
-0.050246 -0.006031 2.566897 0.548077
-0.201027 -0.004985 2.638780 0.000000
-0.399748 0.017840 2.695413 1.000000
-0.013244 0.016888 2.700956 1.000000
-0.400039 -0.255608 2.615118 1.000000
-0.004814 -0.257592 2.624725 1.000000
-0.401291 -0.316373 2.620034 0.240385
-0.019433 -0.315359 2.637659 0.576923
-0.297001 -0.468843 2.674913 1.000000
-0.096419 -0.473183 2.675950 1.000000
-0.312625 -0.847946 2.773406 0.878606
-0.060068 -0.853695 2.762860 1.000000
-0.322129 -0.884497 2.631211 0.000000
-0.070409 -0.887312 2.620001 0.000000
-0.193739 0.496586 2.595564 1.000000
