-0.394020 0.296935 2.683767 1.000000
-0.019478 0.314919 2.688208 1.000000
-0.208668 0.362782 2.617672 0.000000
-0.200651 0.160621 2.760077 0.000000
-0.370048 -0.054636 2.634915 1.000000
-0.056059 -0.055688 2.637332 1.000000
-0.214006 -0.065993 2.755248 0.000000
-0.461104 0.017202 2.710484 1.000000
0.028867 0.030089 2.688023 1.000000
-0.415701 -0.271643 2.624179 1.000000
-0.019207 -0.264295 2.625030 1.000000
-0.409222 -0.338383 2.598157 0.711538
-0.031431 -0.326808 2.591625 0.778846
-0.312883 -0.607403 2.681485 1.000000
-0.076509 -0.600330 2.700604 1.000000
-0.320784 -1.033370 2.739705 1.000000
-0.098830 -1.025262 2.762529 1.000000
-0.320583 -1.057258 2.564955 0.000000
-0.088562 -1.051181 2.588371 0.000000
-0.229791 0.577267 2.586882 1.000000
-0.397702 0.298159 2.685814 1.000000
-0.023186 0.317111 2.683762 1.000000
-0.213698 0.364546 2.616570 0.000000
-0.202684 0.162279 2.758624 0.000000
-0.371497 -0.057795 2.631295 1.000000
-0.057560 -0.055278 2.637025 0.913462
-0.216630 -0.065797 2.753402 0.000000
-0.463179 0.020159 2.711432 1.000000
0.026195 0.034679 2.688379 1.000000
-0.419286 -0.266861 2.626253 1.000000
-0.017914 -0.258089 2.625897 1.000000
-0.410020 -0.332175 2.597590 0.711538
-0.022519 -0.325396 2.600959 0.644231
-0.315015 -0.608811 2.684900 1.000000
-0.077336 -0.600749 2.703575 1.000000
-0.318064 -1.036409 2.730187 1.000000
-0.101484 -1.026371 2.759813 1.000000
-0.315568 -1.055001 2.554812 0.000000
-0.089186 -1.050104 2.585475 0.000000
-0.231291 0.580238 2.586892 0.918269
-0.395824 0.293535 2.686369 1.000000
-0.021611 0.317606 2.683120 1.000000
-0.212952 0.362166 2.616318 0.000000
-0.198748 0.160622 2.759114 0.000000
-0.376006 -0.056005 2.633364 1.000000
-0.062105 -0.048132 2.632853 1.000000
-0.218606 -0.062285 2.752290 0.000000
-0.464683 0.016266 2.711023 1.000000
0.023817 0.034648 2.693045 1.000000
-0.419274 -0.269577 2.622736 1.000000
-0.019232 -0.257062 2.625111 1.000000
-0.402258 -0.336752 2.603467 0.846154
-0.016279 -0.324554 2.600426 0.778846
-0.311205 -0.606075 2.682459 1.000000
-0.072982 -0.593909 2.700159 1.000000
-0.322213 -1.032771 2.734514 1.000000
-0.118410 -1.016754 2.763707 1.000000
-0.322346 -1.054126 2.559437 0.000000
-0.101832 -1.044591 2.590333 0.000000
-0.227939 0.579252 2.585879 0.899038
-0.397539 0.297140 2.679763 1.000000
-0.023150 0.317543 2.686195 1.000000
-0.212214 0.363397 2.614004 0.000000
-0.203777 0.162934 2.758767 0.000000
-0.372391 -0.053935 2.622316 1.000000
-0.059391 -0.051280 2.647216 1.000000
-0.225264 -0.062306 2.753622 0.000000
-0.464407 0.020473 2.713758 1.000000
0.028301 0.035546 2.687582 1.000000
-0.419387 -0.265614 2.626419 1.000000
-0.018902 -0.257445 2.629023 1.000000
-0.414782 -0.329420 2.593542 0.644231
-0.025092 -0.320989 2.595900 0.846154
-0.311243 -0.605344 2.680922 1.000000
-0.076491 -0.597713 2.699481 1.000000
-0.307817 -1.031049 2.741452 1.000000
-0.090293 -1.022883 2.762254 1.000000
-0.295231 -1.055715 2.567265 0.000000
-0.067835 -1.049148 2.589298 0.000000
-0.230087 0.579812 2.593909 0.692308
-0.396066 0.297728 2.680382 1.000000
-0.021738 0.318309 2.689333 1.000000
-0.210380 0.364680 2.616370 0.000000
-0.202709 0.162952 2.759408 0.000000
-0.368620 -0.047721 2.625856 1.000000
-0.055194 -0.052132 2.644318 1.000000
-0.219065 -0.060917 2.753985 0.000000
-0.459205 0.020103 2.707907 1.000000
0.032307 0.037420 2.689141 1.000000
-0.417413 -0.267449 2.626204 1.000000
-0.019513 -0.253395 2.627095 1.000000
-0.401092 -0.331628 2.598131 0.812500
-0.014917 -0.318106 2.596035 0.711538
-0.311395 -0.602021 2.673215 1.000000
-0.077371 -0.595950 2.702135 1.000000
-0.304750 -1.025952 2.744896 1.000000
-0.091236 -1.021918 2.759224 1.000000
-0.297531 -1.055223 2.571117 0.000000
-0.074085 -1.045784 2.585315 0.000000
-0.226440 0.576387 2.577830 0.850962
-0.395229 0.298253 2.678276 1.000000
-0.020720 0.315502 2.686648 1.000000
-0.209058 0.363617 2.614033 0.000000
-0.202951 0.161688 2.756860 0.000000
-0.371894 -0.053128 2.629516 1.000000
-0.058078 -0.050528 2.639940 1.000000
-0.218857 -0.062049 2.753847 0.000000
-0.462749 0.022246 2.708584 1.000000
0.026366 0.033652 2.687687 1.000000
-0.415226 -0.263376 2.624386 1.000000
-0.017771 -0.258045 2.625296 1.000000
-0.403469 -0.328020 2.595125 0.778846
-0.019299 -0.321975 2.592372 0.812500
-0.313272 -0.605007 2.677522 1.000000
-0.076243 -0.595883 2.703210 1.000000
-0.313193 -1.030264 2.741210 1.000000
-0.101665 -1.021115 2.761791 1.000000
-0.309101 -1.056380 2.566827 0.000000
-0.085914 -1.046013 2.587894 0.000000
-0.222138 0.577245 2.586588 0.937500
-0.395519 0.298817 2.681224 1.000000
-0.020852 0.314225 2.684730 1.000000
-0.209870 0.363073 2.614404 0.000000
-0.202922 0.161519 2.757723 0.000000
-0.369452 -0.042282 2.632937 1.000000
-0.055598 -0.050071 2.638524 1.000000
-0.214926 -0.057518 2.754787 0.000000
-0.463651 0.023511 2.713879 1.000000
0.029332 0.033186 2.685373 1.000000
-0.418701 -0.260335 2.623512 1.000000
-0.021091 -0.258748 2.630717 1.000000
-0.403376 -0.326517 2.599880 0.947115
-0.024832 -0.321752 2.596223 0.778846
-0.305640 -0.597611 2.680703 1.000000
-0.073852 -0.592176 2.697593 1.000000
-0.334514 -1.020800 2.751255 1.000000
-0.109826 -1.015131 2.766261 1.000000
-0.332407 -1.049942 2.577317 0.000000
-0.093437 -1.044631 2.593145 0.000000
-0.219864 0.579454 2.589850 1.000000
-0.395825 0.300669 2.678308 1.000000
-0.021160 0.314949 2.685173 1.000000
-0.209414 0.364787 2.613507 0.000000
-0.204302 0.162333 2.755630 0.000000
-0.372715 -0.043831 2.622367 1.000000
-0.059596 -0.040732 2.645657 0.961538
-0.224881 -0.053365 2.752797 0.000000
-0.462275 0.025390 2.706156 1.000000
0.022465 0.033804 2.690050 1.000000
-0.419471 -0.261999 2.630413 1.000000
-0.013789 -0.257320 2.626061 1.000000
-0.405960 -0.328384 2.606250 0.879808
-0.022965 -0.321431 2.594772 0.644231
-0.307704 -0.595248 2.679628 1.000000
-0.072977 -0.586757 2.695916 1.000000
-0.325840 -1.020184 2.742874 1.000000
-0.103041 -1.010643 2.761625 1.000000
-0.313034 -1.046615 2.568961 0.000000
-0.076942 -1.039170 2.589540 0.000000
-0.211838 0.580832 2.598900 0.918269
-0.394492 0.299093 2.678541 1.000000
-0.019923 0.315781 2.685236 1.000000
-0.208568 0.365099 2.614239 0.000000
-0.201989 0.161249 2.754291 0.000000
-0.372862 -0.047568 2.632885 1.000000
-0.058863 -0.046962 2.632770 1.000000
-0.215800 -0.057352 2.752021 0.000000
-0.460624 0.023668 2.707787 1.000000
0.025922 0.034759 2.681700 1.000000
-0.417703 -0.262561 2.627014 1.000000
-0.019722 -0.257140 2.626878 1.000000
-0.404918 -0.327896 2.599789 0.879808
-0.025581 -0.318684 2.590117 0.812500
-0.309364 -0.600520 2.677760 1.000000
-0.075092 -0.591296 2.698685 1.000000
-0.321515 -1.025312 2.743367 1.000000
-0.101438 -1.016157 2.759502 1.000000
-0.322488 -1.052206 2.569057 0.038462
-0.090968 -1.041742 2.585307 0.000000
-0.209776 0.583791 2.602828 1.000000
-0.393681 0.296979 2.677220 1.000000
-0.019241 0.316148 2.684431 1.000000
-0.208045 0.363253 2.612364 0.000000
-0.200467 0.161450 2.755301 0.000000
-0.372758 -0.041766 2.628633 0.942308
-0.058801 -0.043368 2.633567 0.855769
-0.217705 -0.053195 2.750231 0.000000
-0.460796 0.021509 2.706856 1.000000
0.023152 0.034285 2.689149 1.000000
-0.421847 -0.266471 2.629121 1.000000
-0.015108 -0.257399 2.626304 1.000000
-0.403253 -0.331954 2.605891 0.846154
-0.016310 -0.319880 2.590694 0.677885
-0.308240 -0.595412 2.675108 1.000000
-0.071079 -0.586567 2.694559 1.000000
-0.324009 -1.019927 2.741731 1.000000
-0.098147 -1.010607 2.760574 1.000000
-0.322115 -1.047340 2.567509 0.000000
-0.083156 -1.038574 2.587077 0.000000
-0.201121 0.584380 2.613436 0.730769
-0.396650 0.300735 2.673081 1.000000
-0.021974 0.311495 2.684342 1.000000
-0.208845 0.362104 2.609659 0.000000
-0.207449 0.161693 2.754732 0.000000
-0.372383 -0.054585 2.627051 1.000000
-0.058522 -0.058360 2.635615 1.000000
-0.218834 -0.067497 2.750395 0.000000
-0.463559 0.024746 2.711977 1.000000
0.027719 0.029253 2.689796 1.000000
-0.439420 -0.262691 2.620959 1.000000
-0.009877 -0.264635 2.628938 1.000000
-0.416427 -0.328337 2.602648 0.846154
-0.008419 -0.327401 2.593845 0.980769
-0.308964 -0.608130 2.679942 1.000000
-0.076934 -0.600474 2.703454 1.000000
-0.317766 -1.034704 2.733397 1.000000
-0.094370 -1.026224 2.761187 1.000000
-0.313608 -1.056713 2.558450 0.076923
-0.081855 -1.050367 2.586921 0.000000
-0.207800 0.587771 2.606504 0.673077
-0.393601 0.301417 2.670683 1.000000
-0.018940 0.308850 2.684779 1.000000
-0.204761 0.360669 2.608329 0.000000
-0.206310 0.161193 2.754683 0.000000
-0.367563 -0.053047 2.633500 1.000000
-0.053609 -0.047822 2.632226 1.000000
-0.209926 -0.061071 2.752006 0.000000
-0.466610 0.024043 2.711830 1.000000
0.034554 0.024312 2.696461 1.000000
-0.473817 -0.263728 2.608736 1.000000
0.028288 -0.273888 2.629158 1.000000
-0.468105 -0.333791 2.593512 0.778846
0.049475 -0.310921 2.571253 1.000000
-0.310133 -0.603562 2.680516 1.000000
-0.071329 -0.594555 2.695212 1.000000
-0.323238 -1.029008 2.741545 1.000000
-0.096772 -1.018741 2.760932 1.000000
-0.324600 -1.054010 2.566956 0.019231
-0.087001 -1.046275 2.586994 0.000000
-0.202166 0.587925 2.603711 0.778846
-0.394961 0.297835 2.669760 1.000000
-0.020587 0.310632 2.687238 1.000000
-0.206460 0.360166 2.609412 0.000000
-0.206396 0.159888 2.754675 0.000000
-0.352890 -0.065600 2.631862 1.000000
-0.039535 -0.052362 2.647013 1.000000
-0.201598 -0.067878 2.758604 0.000000
-0.486684 0.020349 2.696560 1.000000
0.070968 0.031809 2.689574 1.000000
-0.541412 -0.267193 2.595401 1.000000
0.139899 -0.247910 2.575932 1.000000
-0.528021 -0.336814 2.607526 0.728365
0.137941 -0.316768 2.555240 0.762019
-0.314187 -0.611575 2.681818 1.000000
-0.076394 -0.605199 2.705051 1.000000
-0.327586 -1.037868 2.736546 1.000000
-0.100540 -1.030062 2.766768 1.000000
-0.320685 -1.060523 2.561768 0.000000
-0.085316 -1.056169 2.593001 0.000000
-0.206371 0.584391 2.609694 0.860577
-0.395441 0.297841 2.669801 1.000000
-0.021000 0.309349 2.686738 1.000000
-0.206690 0.357641 2.607702 0.000000
-0.207468 0.161346 2.758301 0.000000
-0.376479 -0.050797 2.637329 0.788462
-0.013294 -0.050845 2.652320 1.000000
-0.199805 -0.060327 2.763964 0.000000
-0.527351 0.032897 2.687723 1.000000
0.120804 0.048971 2.683347 1.000000
-0.658266 -0.233718 2.589360 1.000000
0.278795 -0.197005 2.571846 1.000000
-0.693918 -0.291751 2.612478 0.341346
0.315734 -0.253903 2.547941 0.644231
-0.308994 -0.602211 2.692889 1.000000
-0.078958 -0.600634 2.708937 1.000000
-0.329392 -1.028988 2.741324 1.000000
-0.088437 -1.026901 2.764673 1.000000
-0.322411 -1.049191 2.566249 0.000000
-0.078594 -1.049948 2.590087 0.000000
-0.204234 0.581662 2.594862 1.000000
-0.393437 0.301520 2.670150 1.000000
-0.018705 0.304900 2.683934 1.000000
-0.203877 0.354881 2.604734 0.000000
-0.207926 0.163662 2.761678 0.000000
-0.387408 -0.059559 2.641493 0.759615
-0.006871 -0.048520 2.653795 0.538462
-0.200707 -0.063843 2.766808 0.000000
-0.555389 0.051686 2.676461 1.000000
0.161467 0.068293 2.668436 1.000000
-0.736214 -0.190377 2.590082 1.000000
0.364118 -0.149015 2.566144 1.000000
-0.770605 -0.251151 2.572844 0.778846
0.404653 -0.207186 2.554046 1.000000
-0.317629 -0.607251 2.692301 1.000000
-0.081115 -0.601693 2.714954 1.000000
-0.307783 -1.033855 2.745332 1.000000
-0.096292 -1.027780 2.770802 1.000000
-0.305024 -1.055547 2.570317 0.000000
-0.087402 -1.050984 2.596186 0.000000
-0.202054 0.585889 2.590808 0.985577
-0.395091 0.302300 2.667735 1.000000
-0.020306 0.306442 2.679751 1.000000
-0.205864 0.353433 2.599630 0.000000
-0.209062 0.167928 2.763308 0.000000
-0.392086 -0.056977 2.646993 0.682692
-0.008459 -0.045856 2.657461 0.644231
-0.203210 -0.062186 2.771324 0.000000
-0.581033 0.069617 2.659824 1.000000
0.183316 0.090028 2.657807 1.000000
-0.790235 -0.147449 2.570523 1.000000
0.410140 -0.095111 2.543212 1.000000
-0.833891 -0.201643 2.552343 0.879808
0.457505 -0.149234 2.543938 1.000000
-0.319009 -0.605078 2.695880 1.000000
-0.079695 -0.598609 2.718882 1.000000
-0.311410 -1.032848 2.738951 1.000000
-0.100626 -1.023906 2.778757 1.000000
-0.308488 -1.050463 2.563482 0.000000
-0.091569 -1.048899 2.604397 0.000000
-0.202222 0.587223 2.591610 0.894231
-0.393286 0.303804 2.667155 1.000000
-0.018473 0.308007 2.678224 1.000000
-0.204196 0.353487 2.597614 0.000000
-0.207094 0.171266 2.764945 0.000000
-0.400112 -0.054081 2.648896 0.846154
-0.008233 -0.042888 2.667912 0.701923
-0.209662 -0.058580 2.777470 0.000000
-0.591282 0.089012 2.612681 1.000000
0.191474 0.107701 2.614150 1.000000
-0.790494 -0.109277 2.473658 1.000000
0.409398 -0.056798 2.459941 1.000000
-0.831089 -0.159964 2.442735 0.829327
0.462355 -0.095005 2.429790 0.896635
-0.318964 -0.602794 2.700052 1.000000
-0.081074 -0.595461 2.728023 1.000000
-0.322065 -1.030563 2.743690 1.000000
-0.087308 -1.022381 2.779019 1.000000
-0.314117 -1.048501 2.568410 0.057692
-0.076224 -1.043419 2.604255 0.000000
-0.200795 0.589469 2.596711 0.798077
-0.395581 0.301822 2.668037 1.000000
-0.020870 0.308857 2.680946 1.000000
-0.206539 0.353079 2.599516 0.000000
-0.208863 0.170515 2.766482 0.000000
-0.401142 -0.056929 2.648479 1.000000
-0.009458 -0.049480 2.672657 0.730769
-0.212480 -0.062117 2.779639 0.000000
-0.568453 0.086139 2.559148 1.000000
0.163805 0.109815 2.560371 1.000000
-0.735113 -0.100065 2.369850 1.000000
0.343376 -0.052652 2.361274 1.000000
-0.776082 -0.150283 2.338657 1.000000
0.387291 -0.104949 2.338693 1.000000
-0.319876 -0.606731 2.705049 1.000000
-0.082490 -0.599754 2.739226 1.000000
-0.326871 -1.035358 2.738666 1.000000
-0.090947 -1.028145 2.775416 1.000000
-0.316047 -1.049299 2.563176 0.057692
-0.077776 -1.043209 2.600180 0.000000
-0.196389 0.590568 2.591074 0.889423
-0.393807 0.301780 2.676405 1.000000
-0.018937 0.309870 2.682042 1.000000
-0.206310 0.354692 2.604959 0.000000
-0.204785 0.169631 2.769162 0.000000
-0.401461 -0.048008 2.646657 0.894231
-0.009882 -0.043763 2.673206 0.548077
-0.213666 -0.053363 2.779049 0.000000
-0.519361 0.092983 2.508374 1.000000
0.111241 0.106733 2.510625 1.000000
-0.635115 -0.085743 2.279907 1.000000
0.228504 -0.054907 2.270498 1.000000
-0.669302 -0.124382 2.229791 1.000000
0.262780 -0.103101 2.229561 0.492788
-0.318317 -0.599301 2.703902 1.000000
-0.081634 -0.593900 2.734753 1.000000
-0.320471 -1.026906 2.749178 1.000000
-0.088701 -1.021630 2.778307 1.000000
-0.309267 -1.045495 2.574143 0.000000
-0.074573 -1.039671 2.603427 0.000000
-0.203482 0.590102 2.600665 0.889423
-0.400960 0.296402 2.675859 1.000000
-0.029067 0.331983 2.708333 1.000000
-0.214062 0.368486 2.621708 0.000000
-0.208381 0.171992 2.771943 0.000000
-0.393232 -0.042942 2.644649 0.980769
-0.002059 -0.042866 2.676895 0.721154
-0.207457 -0.049442 2.779809 0.000000
-0.428951 0.111806 2.456716 1.000000
0.005062 0.139978 2.496549 1.000000
-0.448759 -0.049855 2.200266 1.000000
0.041743 -0.000759 2.229827 0.519231
-0.455852 -0.096434 2.145921 0.627404
0.050750 -0.034150 2.166761 0.000000
-0.318882 -0.594666 2.705823 1.000000
-0.081324 -0.592179 2.738797 1.000000
-0.330143 -1.022769 2.744559 1.000000
-0.090053 -1.019805 2.783065 1.000000
-0.316173 -1.038978 2.569486 0.019231
-0.073999 -1.038215 2.608390 0.000000
-0.205971 0.577053 2.606073 0.947115
-0.395823 0.303289 2.673053 1.000000
-0.022801 0.328409 2.702183 1.000000
-0.207240 0.368291 2.615863 0.000000
-0.206379 0.175579 2.771021 0.000000
-0.390755 -0.039786 2.645503 0.942308
0.000680 -0.036345 2.674200 0.865385
-0.203713 -0.044655 2.778974 0.000000
-0.366282 0.125313 2.455056 1.000000
-0.033046 0.151744 2.481378 1.000000
-0.381811 0.001597 2.183737 0.384615
-0.081952 0.023838 2.216031 0.490385
-0.385573 -0.029130 2.118814 0.000000
-0.102502 0.006138 2.149414 0.341346
-0.321163 -0.589830 2.705681 1.000000
-0.086793 -0.588118 2.732915 1.000000
-0.327095 -1.018669 2.736692 1.000000
-0.088811 -1.014941 2.785053 1.000000
-0.314958 -1.031527 2.561206 0.000000
-0.075107 -1.036325 2.610516 0.000000
-0.203456 0.587319 2.615804 0.759615
-0.395131 0.308186 2.668475 1.000000
-0.021187 0.317780 2.694901 1.000000
-0.204317 0.363831 2.608867 0.000000
-0.210698 0.174426 2.767920 0.000000
-0.395414 -0.041859 2.641888 0.903846
-0.004007 -0.040913 2.671151 1.000000
-0.208602 -0.047611 2.775645 0.000000
-0.323481 0.143450 2.449918 0.969231
-0.072066 0.153180 2.470497 1.000000
-0.291062 0.014884 2.182437 0.307692
-0.177995 0.038151 2.216187 0.971154
-0.283143 -0.016037 2.117981 0.000000
-0.207638 0.017616 2.153954 1.000000
-0.318241 -0.593212 2.705372 1.000000
-0.084529 -0.590495 2.735018 1.000000
-0.327999 -1.021666 2.740471 1.000000
-0.085178 -1.017455 2.786061 1.000000
-0.315131 -1.036319 2.565178 0.000000
-0.071155 -1.038346 2.611490 0.076923
-0.203469 0.593086 2.612405 0.653846
-0.397517 0.302077 2.660500 1.000000
-0.023971 0.314742 2.690959 1.000000
-0.206574 0.359718 2.603251 0.000000
-0.212991 0.169328 2.761121 0.000000
-0.394833 -0.032084 2.642827 0.932692
-0.003864 -0.047389 2.673898 1.000000
-0.209289 -0.053235 2.776802 0.000000
-0.327894 0.151702 2.430768 1.000000
-0.070735 0.167367 2.453619 1.000000
-0.262982 0.028285 2.166380 0.259615
-0.175475 0.048580 2.200113 0.961538
-0.243412 -0.001441 2.103876 1.000000
-0.202903 0.034846 2.135056 0.745192
-0.313155 -0.586944 2.711727 1.000000
-0.083156 -0.591138 2.729412 1.000000
-0.336401 -1.014991 2.745428 1.000000
-0.084997 -1.017672 2.783863 1.000000
-0.322920 -1.029522 2.570170 0.000000
-0.070802 -1.039995 2.609483 0.000000
-0.203896 0.593485 2.614699 0.514423
-0.410771 0.303210 2.662484 1.000000
-0.036532 0.314192 2.683673 1.000000
-0.220672 0.354295 2.596819 0.000000
-0.225197 0.176557 2.768870 0.000000
-0.391576 -0.037214 2.656727 1.000000
0.000178 -0.050450 2.676971 1.000000
-0.202502 -0.065580 2.784278 0.000000
-0.332394 0.144633 2.442888 0.923077
-0.063155 0.163062 2.447108 1.000000
-0.286279 0.030840 2.171846 0.000000
-0.143757 0.038987 2.188945 0.903846
-0.274956 0.003041 2.106483 0.000000
-0.164389 0.013212 2.125045 1.000000
-0.319222 -0.592065 2.696809 1.000000
-0.085186 -0.593993 2.730772 1.000000
-0.331540 -1.018749 2.748674 1.000000
-0.084701 -1.021890 2.773253 1.000000
-0.324097 -1.040224 2.573769 0.000000
-0.076143 -1.039284 2.597946 0.000000
-0.202917 0.590454 2.623728 0.475962
-0.394781 0.300945 2.663041 1.000000
-0.020479 0.313695 2.682021 1.000000
-0.205665 0.358160 2.599630 0.000000
-0.207288 0.168792 2.758845 0.000000
-0.399833 -0.043335 2.639170 0.788462
-0.008843 -0.047330 2.673334 1.000000
-0.214813 -0.063822 2.773969 0.000000
-0.360301 0.118035 2.453217 0.953846
-0.045558 0.151496 2.454571 1.000000
-0.368343 0.026746 2.171785 0.000000
-0.078099 0.025841 2.188574 0.384615
-0.370378 0.003839 2.103635 0.000000
-0.093702 -0.001785 2.124025 0.778846
-0.318679 -0.594254 2.702741 1.000000
-0.084561 -0.593258 2.728206 1.000000
-0.333935 -1.022258 2.741207 1.000000
-0.086697 -1.020803 2.774040 1.000000
-0.318704 -1.038526 2.566246 0.000000
-0.070560 -1.039604 2.599414 0.000000
-0.206537 0.589700 2.624692 0.475962
-0.397153 0.299633 2.668520 1.000000
-0.022559 0.316934 2.670624 1.000000
-0.211739 0.358016 2.595908 0.000000
-0.204017 0.171112 2.757834 0.000000
-0.400204 -0.039590 2.648250 0.865385
-0.007740 -0.044845 2.649035 0.894231
-0.204407 -0.057014 2.767342 0.000000
-0.442304 0.096268 2.478685 1.000000
0.021977 0.125391 2.468730 1.000000
-0.483213 -0.076647 2.240193 1.000000
0.046191 -0.023833 2.212611 0.673077
-0.497952 -0.115993 2.181815 1.000000
0.053304 -0.064204 2.153510 0.677885
-0.319880 -0.592437 2.697653 1.000000
-0.083035 -0.589355 2.723820 1.000000
-0.332997 -1.019755 2.743782 1.000000
-0.084546 -1.015130 2.783936 1.000000
-0.333131 -1.038681 2.568426 0.000000
-0.083353 -1.039791 2.609298 0.000000
-0.216003 0.591847 2.612509 0.600962
-0.399525 0.303197 2.666233 1.000000
-0.024721 0.314329 2.671061 1.000000
-0.212712 0.360098 2.596068 0.000000
-0.209089 0.169642 2.753948 0.000000
-0.401878 -0.046563 2.644305 0.711538
-0.009420 -0.042215 2.648139 0.740385
-0.206685 -0.055839 2.765288 0.000000
-0.485263 0.075158 2.520833 1.000000
0.069436 0.104948 2.504364 1.000000
-0.570114 -0.127688 2.317643 1.000000
0.133223 -0.081227 2.278747 1.000000
-0.598399 -0.183599 2.282326 1.000000
0.151797 -0.119237 2.220578 0.711538
-0.324864 -0.595978 2.699208 1.000000
-0.078647 -0.590781 2.718969 1.000000
-0.328063 -1.023247 2.747488 1.000000
-0.093308 -1.014135 2.792835 1.000000
-0.327187 -1.043058 2.572232 0.000000
-0.087580 -1.044627 2.619211 0.000000
-0.214348 0.592448 2.607263 0.567308
-0.399793 0.305234 2.666803 1.000000
-0.024943 0.315586 2.664577 1.000000
-0.214222 0.361959 2.593285 0.000000
-0.208015 0.171031 2.750513 0.000000
-0.401889 -0.051958 2.641532 0.855769
-0.009434 -0.046871 2.638462 0.884615
-0.204625 -0.057334 2.759349 0.000000
-0.510315 0.056926 2.576663 1.000000
0.097548 0.080408 2.556483 1.000000
-0.619795 -0.184271 2.431252 1.000000
0.184080 -0.136740 2.365002 1.000000
-0.648002 -0.246662 2.409226 0.862981
0.208169 -0.189247 2.322152 0.812500
-0.327898 -0.601442 2.694187 1.000000
-0.085514 -0.594853 2.723594 1.000000
-0.324246 -1.029046 2.739373 1.000000
-0.084863 -1.021968 2.773319 1.000000
-0.327339 -1.047604 2.564004 0.000000
-0.085080 -1.042364 2.598127 0.019231
-0.213201 0.589639 2.592329 0.697115
-0.399185 0.303623 2.652848 1.000000
-0.024286 0.312290 2.653839 1.000000
-0.212614 0.354613 2.577676 0.000000
-0.208898 0.174475 2.747232 0.000000
-0.397512 -0.047969 2.628481 0.750000
-0.012322 -0.046984 2.641330 1.000000
-0.208873 -0.055990 2.754156 0.000000
-0.513391 0.034865 2.655171 1.000000
0.104991 0.051218 2.633629 1.000000
-0.606900 -0.244132 2.563635 1.000000
0.182177 -0.223051 2.516238 1.000000
-0.617428 -0.315271 2.564916 0.442308
0.203875 -0.288683 2.496363 0.526442
-0.319157 -0.598354 2.694263 1.000000
-0.085063 -0.592985 2.724319 1.000000
-0.333383 -1.025426 2.742299 1.000000
-0.088013 -1.018858 2.783681 1.000000
-0.327487 -1.045323 2.567149 0.000000
-0.080948 -1.043235 2.609141 0.076923
-0.206022 0.590649 2.584441 0.697115
-0.401698 0.303043 2.652040 1.000000
-0.026960 0.316917 2.653971 1.000000
-0.215794 0.359780 2.579378 0.000000
-0.209701 0.172698 2.741167 0.000000
-0.396347 -0.056603 2.621197 0.653846
-0.011494 -0.050656 2.640949 0.971154
-0.209932 -0.060703 2.750332 0.000000
-0.492132 0.028959 2.695422 1.000000
0.084806 0.047366 2.659663 1.000000
-0.551892 -0.267144 2.635384 1.000000
0.137278 -0.252793 2.614888 1.000000
-0.566703 -0.336410 2.647881 0.711538
0.149253 -0.322979 2.604700 0.000000
-0.324115 -0.604437 2.692924 1.000000
-0.087181 -0.598514 2.723770 1.000000
-0.322661 -1.031214 2.745460 1.000000
-0.091203 -1.025404 2.775241 1.000000
-0.314683 -1.052714 2.570582 0.000000
-0.080770 -1.046576 2.600452 0.000000
-0.212036 0.586820 2.560751 0.850962
-0.400662 0.297147 2.647510 1.000000
-0.025895 0.310166 2.649853 1.000000
-0.214525 0.352860 2.574651 0.000000
-0.209092 0.167083 2.737960 0.000000
-0.396264 -0.053562 2.623355 0.346154
-0.010999 -0.043265 2.625017 0.846154
-0.204006 -0.053672 2.743689 0.000000
-0.463338 0.016965 2.715409 1.000000
0.054501 0.027603 2.676968 1.000000
-0.487107 -0.292363 2.689456 1.000000
0.073718 -0.281454 2.644769 1.000000
-0.483178 -0.364181 2.689115 0.980769
0.076528 -0.353289 2.647063 0.812500
-0.325903 -0.599671 2.691726 1.000000
-0.082301 -0.591007 2.720030 1.000000
-0.315647 -1.026620 2.741825 1.000000
-0.094772 -1.016856 2.778322 1.000000
-0.316774 -1.047202 2.566658 0.000000
-0.091069 -1.040877 2.603630 0.000000
-0.210018 0.582932 2.553856 1.000000
-0.394212 0.305295 2.646385 1.000000
-0.019322 0.313256 2.650765 1.000000
-0.206911 0.357233 2.573720 0.000000
-0.204969 0.174188 2.740164 0.000000
-0.395567 -0.050676 2.616376 0.259615
-0.010632 -0.052544 2.635316 0.788462
-0.209006 -0.062050 2.744863 0.000000
-0.447349 0.027156 2.725459 1.000000
0.044221 0.027619 2.679248 1.000000
-0.440205 -0.278307 2.671683 1.000000
0.025412 -0.282044 2.676792 1.000000
-0.457252 -0.347768 2.664071 0.021635
0.015933 -0.353337 2.675940 0.000000
-0.324256 -0.600147 2.688928 1.000000
-0.088245 -0.596327 2.722073 1.000000
-0.331054 -1.025733 2.750003 1.000000
-0.085811 -1.023275 2.773159 1.000000
-0.323441 -1.050883 2.575596 0.000000
-0.077097 -1.044155 2.598241 0.019231
-0.204555 0.589718 2.564142 0.836538
-0.398215 0.303392 2.650177 1.000000
-0.023473 0.317098 2.652433 1.000000
-0.212124 0.357633 2.576099 0.000000
-0.206487 0.175890 2.743879 0.000000
-0.397566 -0.048869 2.618706 0.211538
-0.012377 -0.050914 2.631458 0.682692
-0.208978 -0.065230 2.743646 0.000000
-0.453182 0.023920 2.715033 1.000000
0.042702 0.034867 2.688477 1.000000
-0.441415 -0.279085 2.659621 1.000000
0.025587 -0.272230 2.668006 1.000000
-0.433612 -0.349485 2.647121 0.000000
0.022836 -0.341279 2.648056 0.257212
-0.322736 -0.596156 2.696588 1.000000
-0.095016 -0.592469 2.724297 1.000000
-0.313426 -1.023868 2.739899 1.000000
-0.088133 -1.018826 2.779728 1.000000
-0.309276 -1.041543 2.564461 0.000000
-0.082804 -1.041470 2.604894 0.000000
-0.207152 0.588908 2.561701 0.754808
