-0.330171 0.340514 2.750679 1.000000
-0.042377 0.350668 2.726342 1.000000
-0.196919 0.378354 2.626300 0.000000
-0.173492 0.209294 2.832799 0.000000
-0.360382 -0.022249 2.722797 0.288462
-0.005643 -0.027330 2.710016 0.432692
-0.178925 -0.013475 2.825365 0.000000
-0.400212 0.080946 2.787111 1.000000
0.023731 0.087835 2.738863 1.000000
-0.407024 -0.199997 2.777342 1.000000
0.031022 -0.193060 2.749619 1.000000
-0.406909 -0.251207 2.761992 0.088942
0.028176 -0.242805 2.768996 0.307692
-0.292485 -0.511882 2.799007 1.000000
-0.070768 -0.516091 2.775027 1.000000
-0.325450 -0.897501 2.838151 1.000000
-0.064026 -0.900558 2.833855 1.000000
-0.329041 -0.908288 2.728866 0.000000
-0.066749 -0.917219 2.725285 0.000000
-0.185299 0.598335 2.636915 1.000000
-0.333110 0.339772 2.751439 1.000000
-0.045100 0.353488 2.731862 1.000000
-0.198363 0.381674 2.630008 0.000000
-0.176302 0.208487 2.833210 0.000000
-0.357828 -0.019366 2.728143 0.259615
-0.003666 -0.025856 2.704575 0.461538
-0.173315 -0.012467 2.825256 0.000000
-0.402695 0.077002 2.784739 1.000000
0.026251 0.089371 2.744104 1.000000
-0.414421 -0.206486 2.776871 1.000000
0.035637 -0.193685 2.762972 1.000000
-0.407521 -0.253684 2.752728 0.526442
0.027073 -0.245336 2.752156 0.509615
-0.293213 -0.509178 2.800605 1.000000
-0.068598 -0.513951 2.775172 1.000000
-0.325859 -0.895001 2.837970 1.000000
-0.064321 -0.898481 2.833823 1.000000
-0.332790 -0.904990 2.728770 0.000000
-0.070471 -0.915089 2.725385 0.000000
-0.185996 0.594682 2.630683 1.000000
-0.330021 0.333015 2.755938 1.000000
-0.042608 0.348484 2.729941 1.000000
-0.198323 0.377741 2.632190 0.000000
-0.170770 0.201054 2.831676 0.000000
-0.356685 -0.025110 2.730458 0.278846
-0.003069 -0.026621 2.699121 0.471154
-0.170206 -0.014147 2.823352 0.000000
-0.406128 0.069879 2.782048 1.000000
0.029602 0.083464 2.746217 1.000000
-0.415451 -0.214990 2.772227 1.000000
0.040239 -0.201290 2.757847 1.000000
-0.406341 -0.264980 2.755612 0.610577
0.038403 -0.254535 2.762292 0.644231
-0.293570 -0.513645 2.797038 1.000000
-0.071655 -0.516180 2.776484 1.000000
-0.323602 -0.899380 2.837375 1.000000
-0.062928 -0.901512 2.829057 1.000000
-0.332964 -0.910045 2.728421 0.000000
-0.072073 -0.916517 2.720596 0.000000
-0.187313 0.594516 2.644657 1.000000
-0.332662 0.333811 2.742178 1.000000
-0.044079 0.343777 2.730294 1.000000
-0.194135 0.371462 2.623642 0.000000
-0.179759 0.202574 2.831108 0.000000
-0.359932 -0.025944 2.713792 0.230769
-0.004939 -0.028734 2.714330 0.451923
-0.182515 -0.016460 2.823141 0.000000
-0.406815 0.071145 2.784661 1.000000
0.027337 0.077387 2.745545 1.000000
-0.416064 -0.214591 2.769559 1.000000
0.037257 -0.208573 2.754915 1.000000
-0.405350 -0.266491 2.762506 0.442308
0.031654 -0.261697 2.757036 0.442308
-0.293686 -0.514155 2.797240 1.000000
-0.071115 -0.518201 2.776289 1.000000
-0.322748 -0.899807 2.839064 1.000000
-0.063542 -0.902701 2.834794 1.000000
-0.322211 -0.911693 2.729835 0.000000
-0.062235 -0.919203 2.726173 0.000000
-0.192503 0.594199 2.640981 1.000000
-0.335910 0.329425 2.751362 1.000000
-0.048303 0.344837 2.727577 1.000000
-0.203195 0.371861 2.627895 0.000000
-0.177139 0.199280 2.831141 0.000000
-0.358183 -0.029897 2.726384 0.336538
-0.004274 -0.029339 2.698514 0.451923
-0.172691 -0.017805 2.821096 0.000000
-0.404676 0.062940 2.785306 1.000000
0.026101 0.078442 2.747400 1.000000
-0.414691 -0.223100 2.759175 1.000000
0.041527 -0.208153 2.762488 1.000000
-0.402786 -0.271516 2.739880 0.475962
0.033344 -0.260699 2.767972 0.442308
-0.291043 -0.517816 2.796381 1.000000
-0.072854 -0.519582 2.774541 1.000000
-0.325543 -0.903221 2.836305 1.000000
-0.063727 -0.904223 2.831890 1.000000
-0.333544 -0.913804 2.727234 0.000000
-0.071585 -0.920567 2.723522 0.000000
-0.185465 0.592628 2.645239 1.000000
-0.335519 0.320937 2.753592 1.000000
-0.048520 0.338909 2.724792 1.000000
-0.205371 0.364830 2.627922 0.000000
-0.174247 0.191982 2.830225 0.000000
-0.362369 -0.033503 2.727538 0.259615
-0.009002 -0.032401 2.693490 0.567308
-0.175254 -0.022377 2.819123 0.000000
-0.406228 0.053358 2.779239 1.000000
0.031283 0.074711 2.757760 1.000000
-0.424371 -0.234129 2.775876 1.000000
0.058807 -0.211633 2.773223 1.000000
-0.427638 -0.287224 2.781201 0.778846
0.061271 -0.257440 2.745768 0.526442
-0.292048 -0.521310 2.797158 1.000000
-0.071675 -0.521665 2.775830 1.000000
-0.327317 -0.906592 2.837592 1.000000
-0.067026 -0.905987 2.835793 1.000000
-0.337099 -0.917129 2.728662 0.000000
-0.076400 -0.922974 2.727645 0.000000
-0.190175 0.588559 2.652410 1.000000
-0.338912 0.323517 2.748355 1.000000
-0.051176 0.342654 2.729314 1.000000
-0.204769 0.368306 2.627287 0.000000
-0.179822 0.194915 2.829982 0.000000
-0.361456 -0.033240 2.718988 0.442308
-0.006764 -0.031600 2.704173 0.615385
-0.179599 -0.022692 2.820675 0.000000
-0.417142 0.059199 2.787919 1.000000
0.043050 0.083621 2.768965 1.000000
-0.483570 -0.221675 2.786785 1.000000
0.115159 -0.194960 2.791258 1.000000
-0.495744 -0.268498 2.764037 0.223558
0.128412 -0.246647 2.794563 0.000000
-0.291462 -0.520324 2.797596 1.000000
-0.073207 -0.522012 2.775793 1.000000
-0.328519 -0.906087 2.831271 1.000000
-0.064013 -0.907075 2.830231 1.000000
-0.332043 -0.915302 2.721840 0.000000
-0.067822 -0.922535 2.721516 0.000000
-0.192093 0.594502 2.659912 1.000000
-0.333139 0.319635 2.744305 1.000000
-0.044829 0.334870 2.731422 1.000000
-0.195861 0.363041 2.626285 0.038462
-0.177593 0.188528 2.828728 0.000000
-0.356866 -0.037486 2.718389 0.759615
-0.002164 -0.039887 2.703909 0.913462
-0.175001 -0.030428 2.820364 0.000000
-0.473350 0.082067 2.786621 1.000000
0.096999 0.095991 2.758063 1.000000
-0.615004 -0.170126 2.787619 1.000000
0.255039 -0.143929 2.791675 1.000000
-0.642339 -0.210351 2.809819 0.341346
0.291477 -0.182971 2.789213 0.358173
-0.291483 -0.524771 2.800403 1.000000
-0.069195 -0.529023 2.775468 1.000000
-0.327680 -0.910415 2.836315 1.000000
-0.066159 -0.911433 2.846702 1.000000
-0.331277 -0.920263 2.726942 0.000000
-0.069144 -0.931569 2.738729 0.000000
-0.187174 0.589772 2.662558 1.000000
-0.333317 0.313439 2.754236 1.000000
-0.045582 0.326629 2.730662 1.000000
-0.200235 0.357332 2.631677 0.000000
-0.175774 0.180049 2.831037 0.000000
-0.358598 -0.043857 2.712629 0.576923
-0.003645 -0.040234 2.707772 0.884615
-0.179719 -0.033004 2.819438 0.000000
-0.517248 0.103479 2.766370 1.000000
0.135855 0.114395 2.740609 1.000000
-0.708134 -0.113337 2.786575 1.000000
0.332491 -0.093298 2.785911 1.000000
-0.735504 -0.155267 2.805308 0.408654
0.373562 -0.127490 2.784417 0.442308
-0.294434 -0.528996 2.797932 1.000000
-0.072724 -0.531566 2.775951 1.000000
-0.323748 -0.914706 2.839038 1.000000
-0.065610 -0.914590 2.843503 1.000000
-0.324387 -0.926301 2.729779 0.000000
-0.065870 -0.933678 2.735300 0.000000
-0.183994 0.581957 2.665649 1.000000
-0.335955 0.310866 2.745303 1.000000
-0.047082 0.313884 2.737288 1.000000
-0.194989 0.345980 2.628883 0.000000
-0.187480 0.175310 2.835250 0.000000
-0.357386 -0.048697 2.711293 1.000000
-0.002423 -0.047586 2.716666 1.000000
-0.181590 -0.037157 2.823035 0.000000
-0.566822 0.157309 2.722664 1.000000
0.178396 0.152657 2.713679 1.000000
-0.801486 -0.008922 2.701792 1.000000
0.420803 -0.002860 2.699934 1.000000
-0.843305 -0.029974 2.727601 0.644231
0.465995 -0.031148 2.703881 0.543269
-0.293498 -0.534306 2.802148 1.000000
-0.069169 -0.537547 2.783708 1.000000
-0.325573 -0.920226 2.838998 1.000000
-0.064089 -0.922109 2.842081 1.000000
-0.323026 -0.930877 2.729670 0.000000
-0.061337 -0.938557 2.733479 0.000000
-0.186004 0.574637 2.666116 1.000000
-0.332580 0.314344 2.751959 1.000000
-0.044051 0.305639 2.737943 1.000000
-0.192890 0.340644 2.631737 0.000000
-0.187631 0.175475 2.842600 0.000000
-0.358169 -0.051329 2.717726 1.000000
-0.005965 -0.044632 2.721198 1.000000
-0.183369 -0.035993 2.828417 0.000000
-0.576284 0.202821 2.677881 1.000000
0.198378 0.199133 2.653085 1.000000
-0.818830 0.079698 2.582663 1.000000
0.446046 0.070510 2.581176 1.000000
-0.863779 0.057048 2.600683 0.745192
0.479022 0.037196 2.606885 0.677885
-0.292607 -0.535244 2.809003 1.000000
-0.067111 -0.536857 2.781455 1.000000
-0.325377 -0.921346 2.843233 1.000000
-0.064899 -0.920236 2.847306 1.000000
-0.322985 -0.931249 2.733832 0.000000
-0.061605 -0.938810 2.739063 0.000000
-0.189914 0.576345 2.683943 1.000000
-0.330903 0.314289 2.756799 1.000000
-0.042440 0.306856 2.740822 1.000000
-0.192354 0.336032 2.634367 0.000000
-0.184280 0.180627 2.852440 0.000000
-0.359726 -0.051130 2.736443 0.788462
-0.008202 -0.045691 2.713950 1.000000
-0.177228 -0.034820 2.833762 0.000000
-0.559017 0.241387 2.614506 1.000000
0.178699 0.241316 2.584618 1.000000
-0.777095 0.169424 2.439520 1.000000
0.413860 0.150581 2.443822 1.000000
-0.827099 0.151116 2.434775 0.846154
0.461572 0.133336 2.426961 0.576923
-0.292680 -0.537219 2.810066 1.000000
-0.067955 -0.536984 2.785664 1.000000
-0.325032 -0.923669 2.840579 1.000000
-0.065210 -0.920709 2.849452 1.000000
-0.331022 -0.931806 2.731170 0.000000
-0.070224 -0.938743 2.741183 0.000000
-0.185859 0.577351 2.687789 1.000000
-0.327329 0.297318 2.760841 0.471154
-0.039877 0.300140 2.753146 0.490385
-0.187457 0.326006 2.642891 0.000000
-0.180127 0.167114 2.858464 0.000000
-0.356852 -0.057367 2.729502 0.653846
-0.001975 -0.052985 2.731305 0.942308
-0.180152 -0.040003 2.838966 0.000000
-0.462961 0.289846 2.522758 1.000000
0.089342 0.281911 2.512095 0.784615
-0.598603 0.268869 2.274017 1.000000
0.234148 0.261118 2.268560 1.000000
-0.633788 0.261342 2.234476 0.896635
0.267920 0.257212 2.227300 0.610577
-0.292410 -0.542582 2.815815 1.000000
-0.066538 -0.544676 2.790060 1.000000
-0.329574 -0.928974 2.841139 1.000000
-0.061765 -0.928439 2.853496 1.000000
-0.327705 -0.936338 2.731527 0.000000
-0.059226 -0.946323 2.745116 0.000000
-0.182683 0.569134 2.716085 1.000000
-0.318981 0.286987 2.750520 0.000000
-0.037432 0.289360 2.737286 0.000000
-0.184517 0.309322 2.628615 0.000000
-0.172769 0.162158 2.852169 0.000000
-0.357991 -0.061146 2.741095 0.711538
0.004038 -0.066677 2.722437 0.817308
-0.171151 -0.047904 2.840055 0.000000
-0.386363 0.301275 2.487113 0.630769
0.034305 0.292186 2.474658 0.107692
-0.444292 0.306130 2.210980 0.769231
0.086316 0.293160 2.197308 0.625000
-0.469155 0.320755 2.165968 0.677885
0.109002 0.300390 2.149442 0.778846
-0.292000 -0.550165 2.815858 1.000000
-0.063072 -0.554119 2.795680 1.000000
-0.326376 -0.936790 2.841562 1.000000
-0.062691 -0.939144 2.851148 1.000000
-0.331424 -0.943624 2.732016 0.000000
-0.066919 -0.954804 2.742477 0.000000
-0.178213 0.560053 2.725195 1.000000
-0.317941 0.270710 2.711049 0.000000
-0.038873 0.281192 2.785425 0.000000
-0.150177 0.305377 2.638169 0.004808
-0.199226 0.142519 2.845155 0.000000
-0.342576 -0.076476 2.688356 1.000000
0.008401 -0.071089 2.779072 0.884615
-0.194420 -0.056325 2.838427 0.000000
-0.333237 0.243043 2.442302 0.476923
-0.000404 0.254575 2.518899 0.276923
-0.303747 0.324266 2.175484 0.980769
-0.054473 0.299378 2.247370 0.836538
-0.321733 0.301936 2.130362 0.105769
-0.105679 0.284028 2.248061 0.072115
-0.292724 -0.555578 2.824314 1.000000
-0.064272 -0.564288 2.794665 1.000000
-0.330357 -0.942352 2.841956 1.000000
-0.063619 -0.947465 2.861718 1.000000
-0.300919 -0.950032 2.736377 0.000000
-0.033887 -0.965648 2.757517 0.000000
-0.182514 0.552329 2.741918 1.000000
-0.314350 0.271722 2.708364 0.000000
-0.037161 0.281555 2.769664 0.000000
-0.151843 0.301487 2.626815 0.000000
-0.193916 0.147275 2.841804 0.000000
-0.344992 -0.082376 2.697935 0.817308
0.012906 -0.073631 2.776454 0.605769
-0.189648 -0.061203 2.842917 0.000000
-0.286912 0.282146 2.441570 0.323077
-0.064071 0.283213 2.502618 0.523077
-0.197812 0.334943 2.183383 1.000000
-0.168125 0.308175 2.245836 1.000000
-0.196634 0.308245 2.137081 0.442308
-0.177719 0.314539 2.193630 0.105769
-0.292158 -0.562036 2.822190 1.000000
-0.064687 -0.568562 2.790742 1.000000
-0.328611 -0.948562 2.846475 1.000000
-0.060287 -0.951214 2.860592 1.000000
-0.303326 -0.957640 2.739935 0.000000
-0.034804 -0.970123 2.755399 0.000000
-0.176495 0.553730 2.745323 1.000000
-0.318154 0.266229 2.739486 0.000000
-0.035039 0.275235 2.748660 0.000000
-0.174028 0.298791 2.630125 0.000000
-0.175883 0.138470 2.844754 0.000000
-0.354995 -0.080252 2.731446 0.721154
0.016491 -0.081396 2.744796 0.721154
-0.173086 -0.063406 2.846281 0.000000
-0.293750 0.274288 2.473609 0.153846
-0.059015 0.278745 2.482645 0.461538
-0.178681 0.297142 2.222843 0.644231
-0.137159 0.299846 2.217891 1.000000
-0.155173 0.301874 2.175062 0.000000
-0.149478 0.291611 2.166524 0.072115
-0.292874 -0.565459 2.825051 1.000000
-0.066878 -0.573060 2.786224 1.000000
-0.331703 -0.952116 2.842650 1.000000
-0.063104 -0.954923 2.860300 1.000000
-0.326442 -0.957634 2.733040 0.000000
-0.056930 -0.975755 2.752595 0.000000
-0.178285 0.547576 2.748052 1.000000
-0.286061 0.264654 2.713376 0.000000
-0.013415 0.240949 2.787091 0.000000
-0.116539 0.281452 2.641346 0.129808
-0.185325 0.120163 2.843896 0.000000
-0.351077 -0.096649 2.692226 1.000000
0.011124 -0.091682 2.786932 0.740385
-0.197559 -0.076101 2.844124 0.000000
-0.288009 0.270308 2.447488 0.000000
-0.029251 0.276317 2.523975 0.092308
-0.323920 0.269107 2.174194 0.250000
-0.053604 0.273769 2.249418 0.423077
-0.336339 0.238741 2.131982 0.324519
-0.058282 0.272708 2.196172 0.000000
-0.295530 -0.575759 2.830714 1.000000
-0.068715 -0.585283 2.787274 1.000000
-0.326669 -0.963306 2.843306 1.000000
-0.060155 -0.966407 2.864680 1.000000
-0.297075 -0.969117 2.737651 0.000000
-0.030490 -0.986824 2.760874 0.000000
-0.189189 0.525022 2.753001 1.000000
-0.311841 0.247720 2.760667 0.721154
-0.028443 0.241914 2.734537 0.000000
-0.179478 0.269108 2.633142 0.000000
-0.162415 0.115892 2.852243 0.000000
-0.360952 -0.097110 2.753585 0.836538
0.009276 -0.103155 2.727371 0.730769
-0.167912 -0.082801 2.848429 0.000000
-0.420188 0.242589 2.519517 0.953846
0.036086 0.250326 2.478249 0.630769
-0.493246 0.199504 2.258915 0.711538
0.100889 0.209381 2.215131 0.000000
-0.514721 0.185952 2.211870 0.728365
0.115136 0.199030 2.164654 1.000000
-0.295381 -0.585109 2.829388 1.000000
-0.066291 -0.592255 2.787849 1.000000
-0.322518 -0.972818 2.845721 1.000000
-0.060263 -0.973954 2.862618 1.000000
-0.329766 -0.976926 2.736162 0.000000
-0.065488 -0.995131 2.754930 0.000000
-0.180281 0.521571 2.754018 1.000000
-0.328135 0.279591 2.761536 0.663462
-0.039317 0.282544 2.751740 0.557692
-0.187871 0.306986 2.642231 0.000000
-0.178900 0.150678 2.859622 0.000000
-0.364840 -0.073609 2.744467 0.653846
0.002561 -0.071366 2.732315 0.942308
-0.177655 -0.056211 2.846741 0.000000
-0.483367 0.220348 2.559010 1.000000
0.083646 0.229438 2.526610 0.876923
-0.603374 0.173883 2.319940 1.000000
0.201496 0.191308 2.285005 0.903846
-0.633850 0.159915 2.278295 0.745192
0.220654 0.197402 2.235468 0.644231
-0.293354 -0.559005 2.829220 1.000000
-0.070884 -0.563406 2.785810 1.000000
-0.324528 -0.946322 2.847530 1.000000
-0.062441 -0.945511 2.858235 1.000000
-0.326938 -0.951315 2.737795 0.000000
-0.063625 -0.965997 2.750293 0.000000
-0.184938 0.553152 2.718084 1.000000
-0.331278 0.303659 2.763278 1.000000
-0.042685 0.309157 2.748978 0.951923
-0.193148 0.333364 2.642053 0.000000
-0.179443 0.175102 2.857777 0.000000
-0.361096 -0.049441 2.731136 0.692308
0.004140 -0.051145 2.735146 0.923077
-0.179588 -0.033309 2.841432 0.000000
-0.521109 0.206546 2.611889 1.000000
0.124699 0.221483 2.568198 1.000000
-0.688527 0.138368 2.409940 1.000000
0.293509 0.158533 2.365712 1.000000
-0.722828 0.115493 2.375907 0.812500
0.319337 0.147847 2.320140 0.846154
-0.293277 -0.535786 2.821898 1.000000
-0.068408 -0.541936 2.780133 1.000000
-0.326409 -0.922571 2.846810 1.000000
-0.060172 -0.924168 2.851908 1.000000
-0.324281 -0.929814 2.737195 0.000000
-0.056351 -0.944354 2.743971 0.000000
-0.188160 0.572440 2.694060 1.000000
-0.332356 0.316046 2.761137 1.000000
-0.044141 0.317381 2.739900 1.000000
-0.196747 0.345196 2.636965 0.000000
-0.180279 0.184038 2.850339 0.000000
-0.363952 -0.048530 2.743726 0.951923
-0.004472 -0.044442 2.717007 0.576923
-0.176367 -0.029945 2.838448 0.000000
-0.549199 0.183105 2.685654 1.000000
0.165769 0.200864 2.626969 1.000000
-0.752481 0.068740 2.540008 1.000000
0.369289 0.092394 2.477204 1.000000
-0.795016 0.040405 2.524323 0.711538
0.400945 0.070136 2.440317 0.711538
-0.293608 -0.534103 2.820426 1.000000
-0.070584 -0.536385 2.779799 1.000000
-0.320833 -0.921425 2.844122 1.000000
-0.068142 -0.919149 2.849135 1.000000
-0.328007 -0.927618 2.734657 0.000000
-0.073621 -0.938743 2.741160 0.000000
-0.188108 0.581933 2.684292 1.000000
-0.330740 0.319916 2.761960 1.000000
-0.043242 0.318416 2.732576 1.000000
-0.198337 0.350305 2.634665 0.000000
-0.177824 0.184184 2.843841 0.000000
-0.362027 -0.042226 2.740959 0.855769
-0.005422 -0.043130 2.714864 0.942308
-0.175765 -0.027296 2.836155 0.000000
-0.544938 0.166180 2.712581 1.000000
0.163303 0.165480 2.655742 1.000000
-0.758391 0.016142 2.616562 1.000000
0.371265 0.007162 2.560977 1.000000
-0.796050 -0.019034 2.602333 0.711538
0.408767 -0.005737 2.525126 0.745192
-0.295852 -0.530317 2.811140 1.000000
-0.070333 -0.533220 2.781276 1.000000
-0.326012 -0.917140 2.839061 1.000000
-0.067758 -0.916438 2.848043 1.000000
-0.333420 -0.924458 2.729681 0.000000
-0.073539 -0.935309 2.739955 0.000000
-0.186374 0.582924 2.675518 1.000000
-0.333090 0.315292 2.754080 1.000000
-0.044666 0.316120 2.735870 1.000000
-0.196055 0.349645 2.632839 0.004808
-0.182586 0.178356 2.838387 0.000000
-0.362739 -0.042044 2.736534 0.721154
-0.006036 -0.044518 2.711921 0.865385
-0.176809 -0.028025 2.832516 0.000000
-0.535732 0.137413 2.733894 1.000000
0.147268 0.131136 2.690545 1.000000
-0.731894 -0.053562 2.674008 1.000000
0.345784 -0.053231 2.618869 1.000000
-0.764431 -0.095741 2.669488 0.509615
0.375458 -0.064327 2.575806 0.475962
-0.296096 -0.529706 2.813299 1.000000
-0.069522 -0.533512 2.781472 1.000000
-0.328668 -0.916571 2.837701 1.000000
-0.065832 -0.916632 2.848749 1.000000
-0.335395 -0.922911 2.728215 0.000000
-0.071251 -0.935664 2.740671 0.000000
-0.187232 0.579873 2.674624 1.000000
-0.335382 0.310296 2.756807 1.000000
-0.047315 0.313757 2.733854 1.000000
-0.200663 0.347258 2.633751 0.000000
-0.182386 0.173615 2.836941 0.000000
-0.362311 -0.048254 2.736676 0.846154
-0.009530 -0.046873 2.704851 0.894231
-0.176214 -0.033092 2.828990 0.000000
-0.499188 0.092359 2.774236 1.000000
0.111119 0.091737 2.718398 1.000000
-0.647687 -0.145083 2.732506 1.000000
0.252063 -0.152659 2.694364 1.000000
-0.665464 -0.189941 2.709488 0.257212
0.288461 -0.191681 2.691120 0.206731
-0.294291 -0.535128 2.810207 1.000000
-0.072084 -0.536909 2.780322 1.000000
-0.329992 -0.921445 2.838588 1.000000
-0.065791 -0.920143 2.846755 1.000000
-0.338825 -0.928657 2.729306 0.000000
-0.073935 -0.938988 2.738815 0.000000
-0.187732 0.573850 2.667781 1.000000
-0.337134 0.311420 2.745757 1.000000
-0.048556 0.314651 2.730488 1.000000
-0.199172 0.344448 2.625201 0.000000
-0.186227 0.177825 2.834584 0.000000
-0.357670 -0.045484 2.729866 0.826923
-0.001700 -0.052743 2.708698 1.000000
-0.172945 -0.034993 2.827780 0.000000
-0.462112 0.071018 2.790530 1.000000
0.078814 0.071358 2.731934 1.000000
-0.570905 -0.190855 2.766037 1.000000
0.185423 -0.192233 2.718971 1.000000
-0.582565 -0.243024 2.765255 0.189904
0.211375 -0.235106 2.700356 0.341346
-0.294266 -0.533959 2.810689 1.000000
-0.072081 -0.540476 2.781477 1.000000
-0.326918 -0.920556 2.838931 1.000000
-0.065919 -0.924963 2.840239 1.000000
-0.332851 -0.928052 2.729472 0.000000
-0.071592 -0.941629 2.731783 0.000000
-0.188461 0.576462 2.664652 1.000000
-0.336765 0.299218 2.755750 1.000000
-0.049645 0.312989 2.725858 1.000000
-0.206428 0.338698 2.628819 0.000000
-0.176888 0.170005 2.834833 0.000000
-0.362268 -0.050514 2.732892 0.923077
-0.006449 -0.051556 2.708245 1.000000
-0.176798 -0.038255 2.829179 0.000000
-0.437170 0.045922 2.798352 1.000000
0.048633 0.055717 2.740236 1.000000
-0.508319 -0.229577 2.771204 1.000000
0.122732 -0.220328 2.737474 1.000000
-0.511793 -0.282205 2.779935 0.358173
0.139941 -0.265170 2.713997 0.307692
-0.296000 -0.537505 2.811111 1.000000
-0.073359 -0.541407 2.779501 1.000000
-0.327007 -0.924531 2.834993 1.000000
-0.065785 -0.925532 2.840422 1.000000
-0.333647 -0.930755 2.725496 0.000000
-0.072137 -0.942836 2.732104 0.000000
-0.188242 0.569885 2.668580 1.000000
-0.337147 0.314495 2.753188 1.000000
-0.049370 0.332124 2.733329 1.000000
-0.203013 0.356025 2.630954 0.000000
-0.178416 0.187188 2.837498 0.000000
-0.362490 -0.040460 2.735530 0.173077
-0.007728 -0.042935 2.698740 0.461538
-0.173787 -0.029624 2.825499 0.000000
-0.408297 0.050237 2.796610 1.000000
0.025948 0.065639 2.742966 1.000000
-0.437513 -0.234989 2.780143 1.000000
0.041503 -0.221089 2.747777 1.000000
-0.426293 -0.287259 2.780093 0.375000
0.044685 -0.267067 2.720685 0.459135
-0.293983 -0.528614 2.807347 1.000000
-0.071169 -0.531266 2.779881 1.000000
-0.330580 -0.914808 2.836262 1.000000
-0.066455 -0.915780 2.838598 1.000000
-0.340980 -0.921994 2.727117 0.000000
-0.076649 -0.932416 2.730469 0.000000
-0.189173 0.585628 2.666472 1.000000
-0.337786 0.325833 2.763397 1.000000
-0.050866 0.331953 2.729328 1.000000
-0.208297 0.362243 2.634691 0.000000
-0.180325 0.192059 2.839695 0.000000
-0.367012 -0.037935 2.733010 0.211538
-0.011629 -0.036708 2.702734 0.538462
-0.180130 -0.023986 2.826289 0.000000
-0.403686 0.058253 2.792381 1.000000
0.022982 0.065215 2.742713 1.000000
-0.422277 -0.227618 2.772088 1.000000
0.028504 -0.221603 2.729123 1.000000
-0.431442 -0.279810 2.765015 0.156250
0.020818 -0.274104 2.722594 0.442308
-0.293778 -0.525434 2.806103 1.000000
-0.073199 -0.526871 2.774627 1.000000
-0.330228 -0.911512 2.836706 1.000000
-0.065483 -0.910326 2.839616 1.000000
-0.338541 -0.919389 2.727430 0.000000
-0.072984 -0.928790 2.731563 0.000000
-0.190653 0.589312 2.663800 1.000000
