-0.418659 0.225140 2.531352 1.000000
-0.059131 0.237332 2.517530 1.000000
-0.244034 0.278034 2.432067 0.000000
-0.231036 0.100266 2.613349 0.000000
-0.439440 -0.129220 2.505600 0.576923
-0.014197 -0.104138 2.507964 0.961538
-0.227435 -0.117608 2.627572 0.000000
-0.485332 -0.042101 2.509738 1.000000
0.024620 -0.024496 2.545128 1.000000
-0.460573 -0.318230 2.416389 1.000000
0.051165 -0.294614 2.436013 1.000000
-0.463982 -0.384137 2.397285 0.105769
0.031721 -0.360380 2.431870 0.644231
-0.340785 -0.624686 2.530310 1.000000
-0.107966 -0.615275 2.522324 1.000000
-0.357416 -1.010991 2.615798 1.000000
-0.124839 -0.995810 2.630604 1.000000
-0.358700 -1.047075 2.452492 0.000000
-0.117214 -1.041848 2.469996 0.086538
-0.245039 0.510682 2.383412 1.000000
-0.414642 0.228210 2.532990 1.000000
-0.055017 0.236921 2.519059 1.000000
-0.239549 0.280973 2.434461 0.000000
-0.228261 0.100033 2.612694 0.000000
-0.437859 -0.124695 2.508881 0.548077
-0.012422 -0.103750 2.503216 0.971154
-0.223504 -0.114801 2.626831 0.000000
-0.489479 -0.036384 2.505370 1.000000
0.027515 -0.025812 2.542160 1.000000
-0.442960 -0.313787 2.424708 1.000000
0.048756 -0.293743 2.426470 1.000000
-0.468045 -0.373192 2.400996 0.055288
0.034389 -0.360693 2.432103 0.627404
-0.340977 -0.621585 2.528310 1.000000
-0.108105 -0.613562 2.524515 1.000000
-0.358855 -1.007788 2.614003 1.000000
-0.136370 -0.992353 2.636470 1.000000
-0.363542 -1.043796 2.450743 0.000000
-0.130356 -1.040140 2.476305 0.235577
-0.245594 0.511344 2.386386 1.000000
-0.419076 0.227061 2.532409 1.000000
-0.059553 0.236084 2.516240 1.000000
-0.244643 0.278386 2.431969 0.000000
-0.232029 0.100565 2.613227 0.000000
-0.437144 -0.123446 2.517190 0.567308
-0.012065 -0.104400 2.496877 0.701923
-0.218739 -0.116164 2.627665 0.000000
-0.484417 -0.040777 2.514783 1.000000
0.027742 -0.024666 2.542828 1.000000
-0.458149 -0.318410 2.426523 1.000000
0.048868 -0.293468 2.429429 1.000000
-0.454873 -0.383797 2.405685 0.000000
0.032112 -0.359585 2.421173 0.543269
-0.340277 -0.620999 2.529318 1.000000
-0.109583 -0.613683 2.520969 1.000000
-0.354730 -1.006727 2.617756 1.000000
-0.136268 -0.991148 2.637691 1.000000
-0.365358 -1.043649 2.454979 0.000000
-0.135726 -1.040592 2.477918 0.206731
-0.244478 0.514871 2.389302 1.000000
-0.418537 0.224120 2.531714 1.000000
-0.059035 0.233889 2.515501 1.000000
-0.244224 0.276237 2.431472 0.000000
-0.231233 0.097599 2.611897 0.000000
-0.438567 -0.127430 2.509387 0.490385
-0.013110 -0.108124 2.500413 0.961538
-0.223231 -0.119117 2.625659 0.000000
-0.484768 -0.043490 2.515191 1.000000
0.025986 -0.027798 2.539292 1.000000
-0.461240 -0.321284 2.426933 1.000000
0.046693 -0.297542 2.428289 1.000000
-0.458916 -0.386724 2.406132 0.000000
0.032535 -0.364741 2.430358 0.509615
-0.339813 -0.625004 2.526665 1.000000
-0.109840 -0.617333 2.524440 1.000000
-0.356529 -1.009999 2.617855 1.000000
-0.123095 -0.998554 2.630795 1.000000
-0.362528 -1.048275 2.455154 0.000000
-0.120757 -1.043569 2.469733 0.048077
-0.243794 0.506664 2.379121 1.000000
-0.415324 0.226530 2.534264 1.000000
-0.055805 0.235370 2.517891 1.000000
-0.240922 0.278856 2.434286 0.000000
-0.228339 0.098894 2.613420 0.000000
-0.437703 -0.126159 2.512002 0.480769
-0.012220 -0.107031 2.503904 0.942308
-0.222594 -0.118130 2.628715 0.000000
-0.490180 -0.038273 2.511707 1.000000
0.027262 -0.027191 2.537753 1.000000
-0.441522 -0.313925 2.427368 1.000000
0.049436 -0.297424 2.428450 1.000000
-0.479876 -0.368083 2.409582 0.274038
0.029704 -0.363148 2.431827 0.560096
-0.340723 -0.623697 2.528500 1.000000
-0.109999 -0.616704 2.518901 1.000000
-0.359415 -1.009422 2.616153 1.000000
-0.137358 -0.992485 2.640786 1.000000
-0.365097 -1.046199 2.453095 0.000000
-0.131777 -1.044426 2.481904 0.384615
-0.246891 0.510945 2.387091 1.000000
-0.416789 0.228348 2.528950 1.000000
-0.057011 0.235582 2.518600 1.000000
-0.240501 0.278839 2.431367 0.000000
-0.231706 0.100889 2.612724 0.000000
-0.436261 -0.123625 2.496808 0.682692
-0.010840 -0.107516 2.511797 0.769231
-0.227775 -0.116331 2.625021 0.000000
-0.483199 -0.039430 2.517420 1.000000
0.025132 -0.026822 2.544003 1.000000
-0.454839 -0.314246 2.421743 1.000000
0.046092 -0.292237 2.423182 1.000000
-0.473404 -0.376492 2.399355 0.105769
0.033976 -0.359727 2.418856 0.576923
-0.339890 -0.621548 2.528884 1.000000
-0.109283 -0.616323 2.522198 1.000000
-0.357156 -1.007286 2.616772 1.000000
-0.137195 -0.993924 2.638190 1.000000
-0.353744 -1.044578 2.453769 0.000000
-0.123915 -1.043777 2.479096 0.206731
-0.245107 0.513145 2.387640 1.000000
-0.418934 0.231314 2.534833 1.000000
-0.059232 0.237193 2.521421 1.000000
-0.243290 0.282319 2.436359 0.000000
-0.233669 0.102031 2.615349 0.000000
-0.438964 -0.124273 2.504416 0.615385
-0.013598 -0.104703 2.516587 0.817308
-0.229600 -0.117437 2.631215 0.000000
-0.487555 -0.034882 2.507174 1.000000
0.022672 -0.025730 2.543720 1.000000
-0.444299 -0.308522 2.413214 1.000000
0.042041 -0.278816 2.398288 1.000000
-0.467171 -0.362050 2.376717 0.375000
0.026710 -0.345396 2.405537 0.543269
-0.340477 -0.621429 2.530161 1.000000
-0.108947 -0.614467 2.521047 1.000000
-0.353565 -1.007805 2.615940 1.000000
-0.140893 -0.990709 2.640367 1.000000
-0.351381 -1.044121 2.452695 0.000000
-0.127077 -1.042160 2.481829 0.307692
-0.247032 0.512456 2.387344 1.000000
-0.420994 0.226160 2.531958 1.000000
-0.061416 0.238680 2.519852 1.000000
-0.245921 0.277863 2.432834 0.000000
-0.233633 0.102768 2.616749 0.000000
-0.443361 -0.124576 2.518605 0.875000
-0.018123 -0.103913 2.504009 0.673077
-0.226459 -0.117124 2.631992 0.000000
-0.488283 -0.039816 2.501132 1.000000
0.023041 -0.023976 2.529856 1.000000
-0.464658 -0.287819 2.348197 1.000000
0.028446 -0.240332 2.333354 1.000000
-0.468197 -0.356026 2.340739 0.240385
0.047965 -0.302256 2.310886 0.274038
-0.339353 -0.621990 2.533405 1.000000
-0.109277 -0.613320 2.524721 1.000000
-0.357507 -1.008735 2.616560 1.000000
-0.141438 -0.989688 2.643585 1.000000
-0.364514 -1.043547 2.453123 0.000000
-0.136320 -1.040430 2.484301 0.230769
-0.246524 0.513185 2.388653 1.000000
-0.419274 0.226915 2.522043 1.000000
-0.060145 0.244116 2.540223 1.000000
-0.237197 0.281335 2.438162 0.000000
-0.238075 0.105542 2.621818 0.000000
-0.440660 -0.121194 2.490183 0.788462
-0.017851 -0.101715 2.538347 0.778846
-0.242899 -0.112061 2.634285 0.000000
-0.464025 -0.037115 2.455608 1.000000
0.014359 -0.015134 2.482197 1.000000
-0.440095 -0.244125 2.250858 1.000000
-0.009846 -0.131473 2.215313 0.663462
-0.414062 -0.302855 2.226496 0.391827
0.006571 -0.174043 2.163944 0.290865
-0.342547 -0.617617 2.539297 1.000000
-0.111080 -0.611630 2.528835 1.000000
-0.354382 -1.006101 2.615162 1.000000
-0.140321 -0.990191 2.641317 1.000000
-0.337002 -1.038493 2.452002 0.000000
-0.114349 -1.039090 2.483498 0.211538
-0.245253 0.508984 2.388215 1.000000
-0.417854 0.222977 2.519385 1.000000
-0.059486 0.245060 2.545542 1.000000
-0.234656 0.279271 2.439268 0.000000
-0.237382 0.104661 2.624032 0.000000
-0.434063 -0.120131 2.485187 0.663462
-0.012963 -0.102802 2.547165 0.596154
-0.241118 -0.111069 2.635680 0.000000
-0.431285 -0.032304 2.421096 1.000000
-0.014402 -0.004506 2.442131 1.000000
-0.375782 -0.182837 2.179533 1.000000
-0.060897 -0.076264 2.165035 0.115385
-0.359641 -0.230323 2.132575 0.004808
-0.036640 -0.091778 2.102654 0.442308
-0.339849 -0.616613 2.543131 1.000000
-0.112012 -0.612501 2.531164 1.000000
-0.358768 -1.005215 2.616926 1.000000
-0.140341 -0.991724 2.641635 1.000000
-0.335601 -1.037205 2.454407 0.000000
-0.111199 -1.039788 2.484113 0.230769
-0.243375 0.507707 2.386530 1.000000
-0.421834 0.224154 2.521319 1.000000
-0.063703 0.249581 2.547680 1.000000
-0.239188 0.282755 2.441596 0.000000
-0.240223 0.106943 2.625235 0.000000
-0.446016 -0.122535 2.504057 1.000000
-0.022358 -0.095990 2.539788 0.923077
-0.244479 -0.106984 2.642257 0.000000
-0.390461 -0.005117 2.378559 1.000000
-0.050875 0.014979 2.410832 1.000000
-0.305510 -0.139762 2.138689 0.076923
-0.217485 -0.057435 2.187492 1.000000
-0.285088 -0.173158 2.082226 0.000000
-0.249844 -0.048201 2.127591 1.000000
-0.341786 -0.618167 2.539797 1.000000
-0.110325 -0.607666 2.535288 1.000000
-0.354796 -1.007248 2.612336 1.000000
-0.140413 -0.989158 2.637145 1.000000
-0.342267 -1.038221 2.448457 0.000000
-0.117987 -1.033561 2.477464 0.250000
-0.245191 0.504338 2.377825 1.000000
-0.418958 0.227304 2.523001 1.000000
-0.061754 0.250558 2.561275 1.000000
-0.234065 0.290224 2.452255 0.000000
-0.240450 0.103867 2.625068 0.000000
-0.442963 -0.117686 2.498416 1.000000
-0.020010 -0.096453 2.544534 0.769231
-0.244748 -0.103576 2.641489 0.000000
-0.395057 0.004407 2.366497 1.000000
-0.064616 0.024410 2.407661 1.000000
-0.246739 -0.081085 2.133058 0.240385
-0.226490 -0.029097 2.173707 1.000000
-0.211006 -0.101288 2.077963 0.000000
-0.252237 -0.032848 2.110119 0.980769
-0.341836 -0.614770 2.539430 1.000000
-0.107583 -0.606591 2.531465 1.000000
-0.351271 -1.002933 2.617251 1.000000
-0.136205 -0.986328 2.640075 1.000000
-0.335471 -1.036032 2.454072 0.000000
-0.109576 -1.033585 2.481866 0.307692
-0.247412 0.503950 2.390609 1.000000
-0.416985 0.226331 2.519835 1.000000
-0.060110 0.250030 2.560800 1.000000
-0.231287 0.286716 2.448988 0.000000
-0.239733 0.105689 2.627290 0.000000
-0.439109 -0.118442 2.484828 1.000000
-0.019872 -0.095739 2.556885 1.000000
-0.250125 -0.103636 2.639825 0.000000
-0.409108 -0.006079 2.369364 1.000000
-0.049481 0.017527 2.410641 1.000000
-0.244682 -0.056366 2.131783 0.586538
-0.224826 -0.034939 2.181489 1.000000
-0.228728 -0.100539 2.081637 0.004808
-0.255146 -0.018518 2.122063 0.677885
-0.341730 -0.614487 2.538779 1.000000
-0.107476 -0.606346 2.531154 1.000000
-0.357985 -1.002765 2.614883 1.000000
-0.119654 -0.988911 2.632699 1.000000
-0.331504 -1.035595 2.453039 0.000000
-0.086880 -1.031960 2.474442 0.192308
-0.244391 0.503955 2.390588 1.000000
-0.420343 0.224744 2.524878 1.000000
-0.062399 0.250021 2.553806 1.000000
-0.237368 0.285619 2.447654 0.000000
-0.239102 0.105200 2.626763 0.000000
-0.438779 -0.115266 2.501981 1.000000
-0.014417 -0.098836 2.535358 1.000000
-0.236239 -0.102484 2.638992 0.000000
-0.412134 -0.010581 2.380293 1.000000
-0.049273 0.015710 2.407943 1.000000
-0.258257 -0.058945 2.136204 0.423077
-0.203104 -0.069117 2.173983 1.000000
-0.217683 -0.065575 2.081157 0.038462
-0.253960 -0.089864 2.132708 0.879808
-0.342259 -0.613455 2.540917 1.000000
-0.109272 -0.608000 2.530122 1.000000
-0.354777 -1.002714 2.612591 1.000000
-0.124347 -0.989989 2.633433 1.000000
-0.343802 -1.033276 2.448524 0.000000
-0.105587 -1.034068 2.473191 0.173077
-0.245667 0.510515 2.394371 1.000000
-0.417815 0.226204 2.524127 1.000000
-0.059503 0.248166 2.551146 1.000000
-0.234691 0.285318 2.445893 0.000000
-0.237159 0.105049 2.625144 0.000000
-0.438569 -0.117240 2.489060 1.000000
-0.015781 -0.099168 2.537962 1.000000
-0.241198 -0.104654 2.633437 0.000000
-0.426237 -0.028969 2.421035 1.000000
-0.016058 -0.003871 2.449152 1.000000
-0.313612 -0.139466 2.175882 0.769231
-0.121785 -0.104553 2.196805 0.980769
-0.276106 -0.197001 2.174018 0.274038
-0.167653 -0.114753 2.146680 0.947115
-0.342022 -0.614194 2.540914 1.000000
-0.110356 -0.608816 2.529594 1.000000
-0.356462 -1.003847 2.610035 1.000000
-0.140326 -0.987734 2.640675 1.000000
-0.338463 -1.033537 2.446429 0.000000
-0.114163 -1.036107 2.482725 0.230769
-0.240233 0.512944 2.394351 1.000000
-0.417082 0.221663 2.524634 1.000000
-0.058490 0.247238 2.543546 1.000000
-0.236389 0.282711 2.442338 0.000000
-0.232961 0.102251 2.621380 0.000000
-0.435398 -0.117912 2.494049 0.586538
-0.012126 -0.100172 2.538700 0.711538
-0.236458 -0.108471 2.636499 0.000000
-0.463669 -0.041420 2.460200 1.000000
0.010992 -0.012013 2.484421 1.000000
-0.360820 -0.214166 2.249811 0.903846
-0.057750 -0.164361 2.246204 1.000000
-0.370730 -0.282127 2.251690 0.341346
-0.094464 -0.206315 2.206050 0.778846
-0.341556 -0.614869 2.539944 1.000000
-0.110360 -0.609920 2.527693 1.000000
-0.355402 -1.002804 2.618244 1.000000
-0.140846 -0.987762 2.642244 1.000000
-0.340120 -1.036279 2.455092 0.000000
-0.116909 -1.037553 2.484382 0.230769
-0.246036 0.506731 2.383546 1.000000
-0.421934 0.227993 2.532562 1.000000
-0.062474 0.244921 2.522465 1.000000
-0.246955 0.281812 2.434402 0.000000
-0.233550 0.106933 2.618443 0.000000
-0.434023 -0.119628 2.506254 0.615385
-0.008877 -0.100990 2.525512 0.596154
-0.226948 -0.109577 2.636551 0.000000
-0.482919 -0.037916 2.499767 1.000000
0.025135 -0.015499 2.525358 1.000000
-0.417892 -0.306944 2.410093 1.000000
0.016894 -0.260009 2.367900 1.000000
-0.428986 -0.370639 2.433336 0.475962
0.014230 -0.325702 2.347957 0.576923
-0.342242 -0.616967 2.532421 1.000000
-0.107959 -0.610961 2.525342 1.000000
-0.357833 -1.004447 2.612617 1.000000
-0.141783 -0.987455 2.643343 1.000000
-0.353665 -1.038495 2.448923 0.000000
-0.126053 -1.038539 2.484864 0.211538
-0.247059 0.511846 2.380496 1.000000
-0.421542 0.227215 2.532010 1.000000
-0.062278 0.243825 2.516081 1.000000
-0.248121 0.280449 2.430813 0.000000
-0.231890 0.106411 2.615423 0.000000
-0.440132 -0.122322 2.510442 0.673077
-0.014838 -0.098807 2.516745 0.817308
-0.229290 -0.110307 2.634375 0.000000
-0.484057 -0.040336 2.536051 1.000000
0.022936 -0.013778 2.559522 1.000000
-0.482015 -0.327728 2.490723 1.000000
0.048851 -0.283533 2.453627 1.000000
-0.499424 -0.394139 2.493349 0.088942
0.065668 -0.350146 2.453112 0.576923
-0.340778 -0.618849 2.529718 1.000000
-0.105809 -0.609497 2.527461 1.000000
-0.355671 -1.005408 2.614371 1.000000
-0.142711 -0.986031 2.644405 1.000000
-0.355987 -1.041175 2.450990 0.000000
-0.129417 -1.036668 2.485560 0.192308
-0.249263 0.511952 2.381681 1.000000
-0.421050 0.225108 2.532469 1.000000
-0.061935 0.244332 2.516139 1.000000
-0.248181 0.281093 2.431815 0.000000
-0.230447 0.104234 2.613585 0.000000
-0.441091 -0.124035 2.523689 0.557692
-0.016477 -0.097276 2.502367 1.000000
-0.222783 -0.109758 2.633671 0.000000
-0.483505 -0.042936 2.559138 1.000000
0.026165 -0.013407 2.563769 1.000000
-0.513368 -0.333878 2.545704 1.000000
0.073102 -0.298855 2.518655 1.000000
-0.521259 -0.400693 2.559628 0.173077
0.073341 -0.367238 2.512007 0.492788
-0.337969 -0.619960 2.532165 1.000000
-0.108121 -0.608721 2.526843 1.000000
-0.355918 -1.005994 2.618601 1.000000
-0.130101 -0.989692 2.632641 1.000000
-0.366167 -1.042015 2.455598 0.000000
-0.130305 -1.034434 2.471487 0.134615
-0.247080 0.508092 2.376647 1.000000
-0.419563 0.221471 2.520382 1.000000
-0.060108 0.237933 2.509362 1.000000
-0.244605 0.269968 2.419450 0.000000
-0.231139 0.105273 2.612655 0.000000
-0.441234 -0.130871 2.520787 0.798077
-0.016682 -0.100071 2.504231 0.701923
-0.224315 -0.114604 2.633211 0.000000
-0.484238 -0.045861 2.564791 1.000000
0.025890 -0.022066 2.560609 1.000000
-0.518622 -0.338509 2.550777 1.000000
0.079797 -0.311008 2.535550 1.000000
-0.504339 -0.401985 2.572851 0.408654
0.079886 -0.378023 2.550696 0.391827
-0.338641 -0.625382 2.531940 1.000000
-0.107133 -0.612364 2.531621 1.000000
-0.353343 -1.011572 2.618293 1.000000
-0.128898 -0.994605 2.632784 1.000000
-0.362137 -1.047699 2.455228 0.000000
-0.128144 -1.037435 2.471113 0.153846
-0.246988 0.508971 2.370253 1.000000
-0.417791 0.223633 2.524809 1.000000
-0.058550 0.232334 2.503123 1.000000
-0.244899 0.267574 2.418380 0.000000
-0.229222 0.104187 2.612526 0.000000
-0.440277 -0.133727 2.521746 0.846154
-0.015934 -0.100534 2.504478 0.759615
-0.223367 -0.114917 2.633794 0.000000
-0.483305 -0.045320 2.563409 1.000000
0.026670 -0.026984 2.563207 1.000000
-0.513433 -0.335499 2.513737 1.000000
0.079305 -0.314378 2.516171 1.000000
-0.501335 -0.391616 2.551485 0.492788
0.063196 -0.374426 2.545415 0.425481
-0.340242 -0.627278 2.533717 1.000000
-0.106992 -0.613609 2.532713 1.000000
-0.348603 -1.012537 2.624939 1.000000
-0.139591 -0.992785 2.642162 1.000000
-0.358861 -1.050790 2.462446 0.000000
-0.138182 -1.039278 2.481510 0.235577
-0.245163 0.507552 2.367393 1.000000
