-0.339421 0.211747 2.713581 1.000000
0.046782 0.233083 2.744174 1.000000
-0.138418 0.260293 2.602724 0.000000
-0.153362 0.111830 2.894908 0.000000
-0.280864 -0.172183 2.757324 0.000000
-0.007124 -0.175956 2.775970 0.000000
-0.157737 -0.166254 2.969990 0.000000
-0.375360 -0.046864 2.777363 1.000000
0.077299 -0.029770 2.707257 1.000000
-0.324930 -0.321426 2.687738 1.000000
0.040673 -0.318081 2.729143 1.000000
-0.307846 -0.393001 2.674788 1.000000
0.024732 -0.385809 2.701913 1.000000
-0.007233 -0.640937 2.728328 1.000000
-0.296519 -0.638150 2.744897 1.000000
-0.077353 -1.044721 2.805335 1.000000
-0.271778 -1.040240 2.852600 1.000000
0.068751 -1.088172 2.710543 0.000000
-0.412384 -1.077102 2.747284 0.000000
-0.160265 0.536428 2.630578 0.639423
-0.342516 0.211054 2.707202 1.000000
0.043743 0.234248 2.735653 1.000000
-0.141647 0.251436 2.592884 0.000000
-0.156253 0.124184 2.894927 0.000000
-0.281520 -0.170689 2.759441 0.000000
-0.007938 -0.175425 2.780087 0.000000
-0.159992 -0.168350 2.973094 0.000000
-0.375987 -0.047815 2.776868 1.000000
0.078967 -0.031066 2.709974 1.000000
-0.327095 -0.325665 2.691669 1.000000
0.045281 -0.322042 2.724804 1.000000
-0.303898 -0.394437 2.673926 1.000000
0.025109 -0.391472 2.705956 1.000000
-0.010912 -0.642026 2.733125 1.000000
-0.298730 -0.637460 2.749777 1.000000
-0.076925 -1.047862 2.802613 1.000000
-0.272963 -1.041155 2.851048 1.000000
0.070382 -1.087986 2.708215 0.000000
-0.415791 -1.076098 2.748095 0.000000
-0.166154 0.532812 2.619047 0.701923
-0.340634 0.214055 2.705960 1.000000
0.045876 0.228920 2.736499 1.000000
-0.138162 0.247099 2.592113 0.000000
-0.157635 0.127253 2.896898 0.000000
-0.283652 -0.172544 2.762202 0.000000
-0.010189 -0.175593 2.784657 0.000000
-0.163537 -0.167952 2.976616 0.000000
-0.375671 -0.050732 2.758788 1.000000
0.073219 -0.039941 2.712300 1.000000
-0.340790 -0.339020 2.696468 1.000000
0.052101 -0.335075 2.719475 1.000000
-0.308028 -0.404680 2.682395 1.000000
0.021288 -0.400606 2.701066 1.000000
-0.009847 -0.641103 2.732863 1.000000
-0.299299 -0.638467 2.753167 1.000000
-0.079453 -1.045499 2.807080 1.000000
-0.273714 -1.042151 2.854527 1.000000
0.067163 -1.088060 2.712674 0.000000
-0.415656 -1.077287 2.750419 0.000000
-0.167036 0.525731 2.633118 0.706731
-0.340174 0.206797 2.710334 1.000000
0.046028 0.222417 2.744216 1.000000
-0.137002 0.243861 2.599000 0.028846
-0.158230 0.115449 2.900157 0.000000
-0.283243 -0.175923 2.764563 0.000000
-0.009976 -0.180565 2.789041 0.000000
-0.164757 -0.175424 2.979930 0.000000
-0.372536 -0.062657 2.746476 1.000000
0.064616 -0.047948 2.711056 1.000000
-0.340787 -0.354914 2.693813 1.000000
0.055837 -0.345612 2.715382 1.000000
-0.300720 -0.416037 2.678282 1.000000
0.018648 -0.407891 2.697467 1.000000
-0.009646 -0.644810 2.732975 1.000000
-0.302689 -0.641170 2.752697 1.000000
-0.080357 -1.049280 2.805730 1.000000
-0.271172 -1.045186 2.851019 1.000000
0.067519 -1.091763 2.713275 0.000000
-0.415217 -1.080988 2.750076 0.000000
-0.161349 0.527010 2.618177 0.831731
-0.340968 0.207625 2.714043 1.000000
0.044770 0.219929 2.754026 1.000000
-0.135963 0.246683 2.606827 0.004808
-0.162374 0.109710 2.903773 0.000000
-0.282203 -0.177138 2.760421 0.000000
-0.009840 -0.185201 2.792802 0.000000
-0.170112 -0.181579 2.979140 0.000000
-0.372218 -0.064945 2.738907 1.000000
0.057291 -0.050972 2.709240 1.000000
-0.344723 -0.360229 2.690381 1.000000
0.053839 -0.350619 2.699311 1.000000
-0.317647 -0.429416 2.698303 1.000000
0.031723 -0.421942 2.701871 1.000000
-0.007874 -0.646963 2.737628 1.000000
-0.303893 -0.645302 2.752945 1.000000
-0.079557 -1.051980 2.806275 1.000000
-0.268178 -1.047295 2.857899 1.000000
0.073440 -1.093341 2.722004 0.000000
-0.411448 -1.086352 2.757059 0.000000
-0.157861 0.529685 2.621040 0.798077
-0.346348 0.210390 2.728063 1.000000
0.040860 0.222248 2.749808 1.000000
-0.146667 0.251052 2.611780 0.000000
-0.158957 0.109821 2.907649 0.000000
-0.284999 -0.177294 2.763389 0.000000
-0.012060 -0.181302 2.791377 0.000000
-0.169344 -0.179937 2.980273 0.000000
-0.376384 -0.064268 2.736257 1.000000
0.053835 -0.048677 2.698928 1.000000
-0.340066 -0.358170 2.679511 1.000000
0.034927 -0.346628 2.660329 1.000000
-0.304822 -0.423891 2.684128 1.000000
0.020755 -0.413015 2.691548 0.980769
-0.007304 -0.645448 2.740499 1.000000
-0.302597 -0.643684 2.753214 1.000000
-0.084155 -1.050720 2.801633 1.000000
-0.268769 -1.046837 2.854267 1.000000
0.069510 -1.092365 2.718729 0.000000
-0.412995 -1.084048 2.754095 0.000000
-0.154888 0.534368 2.621561 0.740385
-0.343673 0.203997 2.759949 1.000000
0.042823 0.223362 2.731855 1.000000
-0.161451 0.250684 2.619724 0.000000
-0.132875 0.104226 2.911905 0.000000
-0.287637 -0.177046 2.782464 0.000000
-0.013442 -0.180569 2.772479 0.000000
-0.143133 -0.180031 2.981290 0.000000
-0.376770 -0.069171 2.728558 1.000000
0.056096 -0.048448 2.682428 1.000000
-0.343964 -0.362751 2.665279 1.000000
0.022409 -0.344838 2.637173 1.000000
-0.307567 -0.425797 2.682103 1.000000
0.006094 -0.403799 2.680069 1.000000
-0.007712 -0.643707 2.737131 1.000000
-0.304451 -0.642686 2.754603 1.000000
-0.083437 -1.048824 2.800651 1.000000
-0.266835 -1.045213 2.856811 1.000000
0.065608 -1.090912 2.709906 0.000000
-0.417047 -1.082351 2.765831 0.000000
-0.149808 0.531011 2.631165 0.701923
-0.341792 0.201728 2.776128 1.000000
0.043511 0.223577 2.736023 1.000000
-0.164453 0.255085 2.632072 0.000000
-0.125838 0.096127 2.916461 0.000000
-0.285486 -0.179625 2.791585 0.000000
-0.012670 -0.184136 2.762491 0.000000
-0.127483 -0.183800 2.979839 0.000000
-0.378439 -0.068449 2.727422 1.000000
0.058612 -0.047604 2.683294 1.000000
-0.342707 -0.360927 2.660637 1.000000
-0.001314 -0.338809 2.631390 1.000000
-0.324841 -0.421836 2.700052 0.644231
-0.003033 -0.400861 2.672974 1.000000
-0.006523 -0.646597 2.736180 1.000000
-0.306143 -0.644327 2.754678 1.000000
-0.083435 -1.050134 2.807813 1.000000
-0.264257 -1.047323 2.853312 1.000000
0.062970 -1.094691 2.714002 0.000000
-0.418362 -1.084002 2.768892 0.000000
-0.151542 0.531331 2.641119 0.745192
-0.349107 0.197530 2.785373 1.000000
0.035259 0.234021 2.746963 1.000000
-0.173650 0.263769 2.644395 0.000000
-0.129765 0.092281 2.920623 0.000000
-0.285807 -0.178650 2.785641 0.000000
-0.012688 -0.178760 2.759157 0.000000
-0.129577 -0.185629 2.975287 0.000000
-0.372806 -0.071691 2.732672 1.000000
0.062213 -0.032730 2.685174 1.000000
-0.321905 -0.358757 2.660410 1.000000
-0.015118 -0.319650 2.643043 1.000000
-0.291279 -0.425432 2.674521 1.000000
-0.018461 -0.390185 2.667463 0.947115
-0.000257 -0.642378 2.731378 1.000000
-0.300833 -0.643792 2.757087 1.000000
-0.083007 -1.044069 2.806785 1.000000
-0.264401 -1.048095 2.852484 1.000000
0.066086 -1.091318 2.718701 0.000000
-0.421453 -1.081209 2.772121 0.000000
-0.146511 0.528478 2.648176 0.701923
-0.346884 0.187965 2.789092 1.000000
0.036339 0.231378 2.746677 1.000000
-0.174280 0.259568 2.647216 0.000000
-0.124216 0.083878 2.919728 0.000000
-0.284678 -0.178726 2.789356 0.000000
-0.011896 -0.180489 2.759654 0.000000
-0.126277 -0.187561 2.977115 0.000000
-0.370742 -0.079119 2.734800 1.000000
0.090442 -0.035424 2.721285 1.000000
-0.315298 -0.364748 2.668395 1.000000
-0.011940 -0.307341 2.653961 1.000000
-0.288431 -0.434235 2.674075 1.000000
-0.005305 -0.376847 2.680563 1.000000
-0.003072 -0.644240 2.729946 1.000000
-0.302559 -0.643702 2.755356 1.000000
-0.084587 -1.045848 2.807115 1.000000
-0.264991 -1.047173 2.853789 1.000000
0.062652 -1.093234 2.716034 0.000000
-0.421766 -1.081395 2.773349 0.000000
-0.142902 0.524990 2.645375 0.826923
-0.339321 0.188259 2.811197 1.000000
0.040526 0.235564 2.747775 1.000000
-0.175848 0.268399 2.663205 0.033654
-0.108947 0.077952 2.921836 0.000000
-0.283413 -0.176968 2.797368 0.000000
-0.012979 -0.177678 2.750886 0.000000
-0.113708 -0.186779 2.974924 0.000000
-0.370273 -0.073849 2.741771 1.000000
0.091853 -0.031114 2.722277 1.000000
-0.314929 -0.358664 2.675123 1.000000
-0.005605 -0.302970 2.650661 1.000000
-0.286551 -0.427624 2.679794 1.000000
-0.011730 -0.375366 2.668094 1.000000
-0.005028 -0.644412 2.732367 1.000000
-0.300056 -0.642660 2.754123 1.000000
-0.082428 -1.047675 2.805008 1.000000
-0.267255 -1.046401 2.853152 1.000000
0.062860 -1.092727 2.709708 0.000000
-0.425322 -1.078557 2.774407 0.000000
-0.125910 0.518721 2.632055 0.908654
-0.340386 0.190066 2.818283 1.000000
0.035877 0.237991 2.736592 1.000000
-0.184247 0.265118 2.660057 0.000000
-0.104318 0.086817 2.923602 0.000000
-0.276367 -0.174763 2.802383 0.000000
-0.008203 -0.178342 2.744328 0.000000
-0.099275 -0.184989 2.972547 0.000000
-0.373356 -0.070113 2.748846 1.000000
0.096968 -0.026132 2.729320 1.000000
-0.326231 -0.356568 2.691367 1.000000
0.008837 -0.302498 2.671272 1.000000
-0.300693 -0.426073 2.681394 1.000000
-0.003596 -0.376092 2.674733 1.000000
-0.004407 -0.645302 2.731709 1.000000
-0.299343 -0.640253 2.758560 1.000000
-0.083880 -1.047177 2.809615 1.000000
-0.267071 -1.045320 2.852201 1.000000
0.057985 -1.094478 2.710331 0.000000
-0.428145 -1.075121 2.778800 0.000000
-0.150551 0.523801 2.638137 0.798077
-0.345951 0.195967 2.785983 1.000000
0.037260 0.233568 2.738237 1.000000
-0.174214 0.263718 2.641193 0.000000
-0.123084 0.090073 2.914816 0.000000
-0.281228 -0.177358 2.791666 0.000000
-0.008864 -0.178977 2.758341 0.000000
-0.120315 -0.183439 2.977386 0.000000
-0.379377 -0.070966 2.754864 1.000000
0.096392 -0.030617 2.740215 1.000000
-0.327567 -0.352895 2.683449 1.000000
0.022577 -0.313130 2.696036 1.000000
-0.294728 -0.419363 2.674163 1.000000
0.004666 -0.385558 2.692030 1.000000
-0.003397 -0.644547 2.730315 1.000000
-0.300209 -0.640829 2.750757 1.000000
-0.082527 -1.046389 2.808740 1.000000
-0.264758 -1.043640 2.852620 1.000000
0.061598 -1.093517 2.712682 0.000000
-0.419706 -1.078435 2.768949 0.000000
-0.148211 0.525904 2.643877 0.822115
-0.338940 0.190417 2.811156 1.000000
0.040415 0.234316 2.742555 1.000000
-0.176821 0.270381 2.661587 0.038462
-0.108163 0.076460 2.917159 0.000000
-0.280907 -0.174820 2.798898 0.000000
-0.011199 -0.176704 2.748405 0.000000
-0.108535 -0.177444 2.974120 0.000000
-0.383540 -0.074346 2.773963 1.000000
0.095544 -0.030942 2.748388 1.000000
-0.343184 -0.358290 2.702037 1.000000
0.050045 -0.320678 2.711439 1.000000
-0.310915 -0.423840 2.686401 1.000000
0.019460 -0.388816 2.709330 1.000000
-0.003422 -0.641544 2.730968 1.000000
-0.299164 -0.639638 2.754004 1.000000
-0.084461 -1.043801 2.805207 1.000000
-0.269614 -1.043938 2.851766 1.000000
0.057782 -1.090715 2.706281 0.000000
-0.425661 -1.075399 2.768823 0.000000
-0.129010 0.519785 2.633899 0.875000
-0.314430 0.180190 2.874624 1.000000
0.050183 0.224189 2.749462 1.000000
-0.175085 0.279383 2.714026 0.399038
-0.076065 0.043667 2.919621 0.000000
-0.262877 -0.174921 2.821855 0.000000
-0.005820 -0.176924 2.725871 0.971154
-0.063055 -0.180641 2.964895 0.000000
-0.420117 -0.059649 2.806072 1.000000
0.106087 -0.039655 2.774486 1.000000
-0.486947 -0.344086 2.761791 1.000000
0.214319 -0.314570 2.777244 1.000000
-0.518306 -0.410025 2.777642 0.004808
0.264028 -0.367573 2.794630 0.055288
-0.009369 -0.648565 2.715902 1.000000
-0.305816 -0.629030 2.748825 1.000000
-0.084571 -1.047639 2.810631 1.000000
-0.269421 -1.031736 2.850770 1.000000
0.036953 -1.099391 2.689083 0.000000
-0.433480 -1.063192 2.785080 0.000000
-0.159867 0.498152 2.628897 0.966346
-0.346310 0.229840 2.746376 1.000000
0.039728 0.220156 2.784119 1.000000
-0.140223 0.278383 2.645285 0.000000
-0.171224 0.094438 2.915172 0.000000
-0.290143 -0.173294 2.757136 0.028846
-0.017265 -0.161741 2.783586 0.403846
-0.173310 -0.169189 2.973366 0.000000
-0.426640 -0.020125 2.818992 1.000000
0.132340 -0.035498 2.768270 1.000000
-0.571890 -0.279350 2.821868 1.000000
0.314777 -0.263215 2.824298 1.000000
-0.555861 -0.348433 2.845387 0.492788
0.331504 -0.334129 2.840851 0.240385
-0.008096 -0.635710 2.733762 1.000000
-0.307102 -0.621238 2.744402 1.000000
-0.079622 -1.038728 2.813442 1.000000
-0.268871 -1.023419 2.847739 1.000000
0.069532 -1.082907 2.723881 0.000000
-0.421643 -1.060231 2.760988 0.000000
-0.165720 0.549465 2.606466 0.855769
-0.352226 0.205751 2.753066 1.000000
0.034848 0.231557 2.760244 1.000000
-0.159280 0.262172 2.632086 0.000000
-0.153815 0.100762 2.917660 0.000000
-0.285810 -0.182164 2.775020 0.000000
-0.011513 -0.175972 2.770796 0.000000
-0.145754 -0.168949 2.976593 0.000000
-0.478164 -0.027601 2.823437 1.000000
0.177805 -0.002559 2.759150 1.000000
-0.682872 -0.245865 2.827492 1.000000
0.393056 -0.201643 2.818917 1.000000
-0.689750 -0.304412 2.873400 0.610577
0.433259 -0.261029 2.839885 0.526442
-0.010016 -0.644006 2.732684 1.000000
-0.305328 -0.628541 2.746221 1.000000
-0.083611 -1.047057 2.810289 1.000000
-0.271723 -1.031180 2.849379 1.000000
0.058945 -1.092205 2.710994 0.000000
-0.424329 -1.066387 2.761675 0.000000
-0.169465 0.532628 2.646162 0.629808
-0.344880 0.223119 2.731364 1.000000
0.042977 0.233402 2.733627 1.000000
-0.150594 0.243627 2.601440 0.000000
-0.149893 0.148112 2.915307 0.000000
-0.278325 -0.175998 2.772272 0.000000
-0.003985 -0.181731 2.772356 0.548077
-0.140981 -0.167537 2.975956 0.000000
-0.518020 0.013070 2.776136 1.000000
0.233077 0.034958 2.709718 1.000000
-0.766637 -0.155929 2.762505 1.000000
0.491967 -0.115477 2.739493 1.000000
-0.783995 -0.214966 2.804883 0.745192
0.542910 -0.153684 2.778578 0.812500
-0.011715 -0.645465 2.735236 1.000000
-0.307577 -0.630698 2.750709 1.000000
-0.080394 -1.049887 2.810173 1.000000
-0.272480 -1.032821 2.855375 1.000000
0.062441 -1.092662 2.710230 0.000000
-0.423322 -1.069448 2.765234 0.000000
-0.153649 0.544737 2.644957 0.649038
-0.339652 0.233386 2.730512 1.000000
0.048132 0.227064 2.741835 1.000000
-0.141620 0.250813 2.605902 0.000000
-0.152422 0.142827 2.915512 0.000000
-0.277794 -0.177573 2.775608 0.000000
-0.003414 -0.180603 2.776934 1.000000
-0.141422 -0.164117 2.979676 0.000000
-0.525217 0.030930 2.716125 1.000000
0.239429 0.058567 2.638717 1.000000
-0.765319 -0.126385 2.628966 1.000000
0.507794 -0.072780 2.612079 1.000000
-0.827382 -0.162870 2.648957 0.627404
0.568175 -0.114389 2.626412 0.997596
-0.013023 -0.644626 2.739236 1.000000
-0.303709 -0.629095 2.762779 1.000000
-0.081730 -1.049874 2.809534 1.000000
-0.274175 -1.033937 2.858277 1.000000
0.060639 -1.091544 2.708465 0.000000
-0.427409 -1.065844 2.770405 0.000000
-0.163114 0.545152 2.646046 0.504808
-0.331079 0.231720 2.740695 1.000000
0.056736 0.231260 2.728732 1.000000
-0.141160 0.253010 2.604588 0.000000
-0.131763 0.142802 2.913460 0.000000
-0.274911 -0.174402 2.791827 0.115385
-0.001560 -0.180469 2.768638 1.000000
-0.120730 -0.163567 2.982962 0.000000
-0.498455 0.045715 2.629855 1.000000
0.209275 0.074784 2.563999 1.000000
-0.701980 -0.103241 2.470125 1.000000
0.451015 -0.040937 2.432529 1.000000
-0.768845 -0.134229 2.457822 0.711538
0.514765 -0.079820 2.429954 0.980769
-0.010320 -0.640821 2.737948 1.000000
-0.302867 -0.627288 2.763526 1.000000
-0.083461 -1.045705 2.805832 1.000000
-0.275034 -1.031712 2.861280 1.000000
0.056466 -1.088419 2.701831 0.000000
-0.429945 -1.062950 2.776152 0.000000
-0.163168 0.546098 2.648242 0.548077
-0.329004 0.243453 2.745554 0.951923
0.058573 0.227367 2.737238 1.000000
-0.136943 0.260739 2.611908 0.000000
-0.135330 0.141567 2.917573 0.000000
-0.274125 -0.171212 2.786667 0.000000
-0.000042 -0.174418 2.773871 1.000000
-0.127461 -0.162308 2.983727 0.000000
-0.399281 0.081867 2.539154 1.000000
0.092785 0.103545 2.498195 1.000000
-0.492350 -0.038561 2.285237 1.000000
0.220245 0.016070 2.245740 1.000000
-0.523322 -0.072867 2.226531 0.947115
0.262236 -0.008871 2.189195 0.829327
-0.011801 -0.643049 2.739728 1.000000
-0.303600 -0.623864 2.758972 1.000000
-0.081258 -1.049021 2.804931 1.000000
-0.276112 -1.028257 2.856946 1.000000
0.056467 -1.089870 2.697304 0.000000
-0.429438 -1.059949 2.769156 0.000000
-0.163906 0.548069 2.647940 0.788462
-0.339338 0.228288 2.738997 0.951923
0.046646 0.197906 2.764255 0.038462
-0.135417 0.246126 2.624341 0.000000
-0.165612 0.109021 2.920865 0.000000
-0.291370 -0.185357 2.778144 0.000000
-0.017603 -0.188313 2.796538 0.000000
-0.168134 -0.184607 2.990829 0.000000
-0.346634 0.106699 2.497663 1.000000
0.058899 0.141655 2.500133 0.630769
-0.349124 0.009054 2.219420 0.586538
0.125789 0.041960 2.230801 0.163462
-0.374657 -0.024562 2.157771 0.711538
0.145021 0.014403 2.164067 0.000000
-0.002826 -0.642641 2.741723 1.000000
-0.307415 -0.646447 2.751163 1.000000
-0.079318 -1.047819 2.803922 1.000000
-0.271202 -1.047829 2.858259 1.000000
0.075008 -1.089488 2.722267 0.000000
-0.414471 -1.087588 2.757693 0.000000
-0.144349 0.533890 2.637949 1.000000
-0.352897 0.190737 2.740513 0.057692
0.034794 0.189941 2.755967 0.000000
-0.153943 0.228601 2.622059 0.110577
-0.165882 0.079157 2.913881 0.000000
-0.293287 -0.213670 2.770296 0.086538
-0.020390 -0.212414 2.798946 0.000000
-0.178129 -0.213997 2.987462 0.000000
-0.326988 0.134594 2.478623 0.461538
0.003674 0.146220 2.492290 0.261538
-0.249722 0.069540 2.203013 0.500000
-0.050752 0.073829 2.213087 0.480769
-0.261098 0.032393 2.139191 0.341346
-0.069330 0.071092 2.140768 0.576923
0.005244 -0.664284 2.742250 1.000000
-0.311746 -0.668092 2.744633 1.000000
-0.086635 -1.065711 2.807845 1.000000
-0.262569 -1.062675 2.870233 1.000000
0.071947 -1.113334 2.738532 0.000000
-0.406979 -1.110932 2.775169 0.000000
-0.132394 0.511377 2.648949 1.000000
-0.306548 0.178533 2.809727 0.000000
0.063735 0.151750 2.696954 1.000000
-0.155583 0.203888 2.631922 0.427885
-0.080647 0.053470 2.913693 0.000000
-0.252557 -0.219730 2.819662 0.000000
0.010322 -0.233014 2.742115 0.586538
-0.063263 -0.223033 2.976439 0.000000
-0.316290 0.025872 2.590341 0.000000
-0.036589 0.124598 2.450531 0.923077
-0.250891 0.122072 2.322787 0.269231
-0.145128 0.095199 2.181334 1.000000
-0.234002 0.149713 2.255457 0.000000
-0.170480 0.080524 2.112599 1.000000
0.000378 -0.693850 2.735736 1.000000
-0.308738 -0.665986 2.744154 1.000000
-0.095470 -1.092348 2.812553 1.000000
-0.254036 -1.062152 2.862262 1.000000
0.038861 -1.145222 2.705877 0.000000
-0.413731 -1.105027 2.792408 0.000000
-0.149521 0.498195 2.652318 1.000000
-0.269021 0.153121 2.845176 0.000000
0.071236 0.146107 2.659751 1.000000
-0.156734 0.197705 2.644050 0.817308
-0.025785 0.025719 2.890848 0.000000
-0.229259 -0.239321 2.820233 0.000000
0.006999 -0.250197 2.681095 0.759615
-0.008885 -0.265605 2.925906 0.000000
-0.310665 0.065553 2.596952 0.000000
-0.038521 0.131459 2.417360 0.861538
-0.263513 0.122067 2.315725 0.490385
-0.163407 0.116094 2.155312 1.000000
-0.251326 0.138074 2.243767 0.000000
-0.175327 0.070049 2.097689 0.778846
-0.001219 -0.727622 2.732510 1.000000
-0.311015 -0.681599 2.762212 1.000000
-0.099208 -1.121813 2.826855 1.000000
-0.244329 -1.083675 2.850395 1.000000
0.024946 -1.180359 2.711190 0.000000
-0.420419 -1.115818 2.837005 0.000000
-0.143932 0.487404 2.658198 1.000000
-0.244765 0.170255 2.827405 0.000000
0.097173 0.146220 2.645624 1.000000
-0.124088 0.223289 2.633311 0.250000
-0.017338 0.013504 2.861852 0.000000
-0.224766 -0.225342 2.814266 0.000000
0.010543 -0.240953 2.673977 0.846154
-0.005127 -0.261946 2.918386 0.000000
-0.325453 0.150985 2.575067 0.246154
-0.012498 0.105903 2.407087 0.415385
-0.284085 0.080110 2.297177 0.423077
-0.126256 0.101230 2.140647 1.000000
-0.272537 0.061662 2.225700 0.000000
-0.164768 0.112941 2.077700 0.105769
-0.006260 -0.718021 2.721764 1.000000
-0.311289 -0.672254 2.753673 1.000000
-0.093921 -1.112864 2.823270 1.000000
-0.241232 -1.073328 2.843789 1.000000
0.026653 -1.170447 2.703410 0.000000
-0.417060 -1.106988 2.830671 0.000000
-0.133547 0.502865 2.655835 1.000000
-0.263607 0.191202 2.845394 0.134615
0.100332 0.153766 2.716200 0.000000
-0.110079 0.250332 2.678120 0.375000
-0.056330 0.013097 2.898272 0.000000
-0.236733 -0.207849 2.786680 0.000000
0.019173 -0.226517 2.689423 0.750000
-0.039588 -0.251822 2.926760 0.000000
-0.348100 0.158180 2.596958 0.430769
0.029001 0.120268 2.463739 0.261538
-0.395236 0.020233 2.347993 0.625000
-0.017517 0.071669 2.183193 0.355769
-0.406065 -0.016524 2.283850 0.000000
-0.014951 0.030931 2.120612 0.358173
-0.002136 -0.696852 2.702636 1.000000
-0.312443 -0.659685 2.736966 1.000000
-0.088262 -1.091604 2.805797 1.000000
-0.244750 -1.057716 2.841260 1.000000
0.048713 -1.147984 2.704410 0.000000
-0.418310 -1.094412 2.813867 0.000000
-0.138782 0.510001 2.640415 1.000000
-0.308682 0.180959 2.808903 0.346154
0.077127 0.167258 2.770072 0.115385
-0.123813 0.250963 2.682526 0.557692
-0.109222 0.015550 2.910570 0.000000
-0.248199 -0.208630 2.765328 0.000000
0.021888 -0.224148 2.719424 1.000000
-0.081483 -0.251843 2.940714 0.000000
-0.366354 0.081741 2.571363 1.000000
0.065547 0.093061 2.517182 0.984615
-0.368753 -0.027829 2.305277 0.240385
0.129402 -0.020645 2.260659 0.413462
-0.364369 -0.060308 2.238131 1.000000
0.151026 -0.052412 2.196581 0.000000
0.002314 -0.693521 2.700198 1.000000
-0.310516 -0.661569 2.730105 1.000000
-0.088269 -1.087029 2.804289 1.000000
-0.248353 -1.055612 2.851575 1.000000
0.057628 -1.143836 2.716500 0.000000
-0.417739 -1.095814 2.807842 0.000000
-0.142613 0.511786 2.641224 1.000000
-0.310537 0.236200 2.720594 1.000000
0.061967 0.171414 2.807700 0.067308
-0.088751 0.247841 2.644941 0.086538
-0.180120 0.085981 2.915290 0.000000
-0.308257 -0.199165 2.714200 0.557692
-0.040536 -0.185717 2.772850 0.000000
-0.217761 -0.197972 2.942742 0.000000
-0.398179 0.020896 2.592062 1.000000
0.098562 0.058609 2.570020 0.815385
-0.416756 -0.112403 2.335459 0.961538
0.138433 -0.084353 2.321165 1.000000
-0.408423 -0.166505 2.284604 0.543269
0.147986 -0.133193 2.265434 0.913462
0.004178 -0.642161 2.688331 1.000000
-0.302234 -0.662616 2.704240 1.000000
-0.081339 -1.039279 2.782529 1.000000
-0.254248 -1.046724 2.859314 1.000000
0.073589 -1.090399 2.707667 0.000000
-0.383000 -1.107043 2.749749 0.000000
-0.138792 0.532017 2.639433 1.000000
-0.339153 0.214968 2.767879 1.000000
0.041004 0.235888 2.693130 1.000000
-0.175448 0.254744 2.604580 0.000000
-0.110416 0.126226 2.899351 0.000000
-0.259580 -0.170180 2.767357 0.000000
0.010254 -0.186426 2.720232 0.961538
-0.088880 -0.165163 2.944157 0.000000
-0.429719 -0.015617 2.669573 1.000000
0.091774 -0.018550 2.632154 1.000000
-0.464585 -0.225498 2.471426 1.000000
0.210455 -0.224853 2.465182 1.000000
-0.440088 -0.284267 2.432327 0.173077
0.214521 -0.297112 2.446615 0.358173
-0.011268 -0.646627 2.683577 1.000000
-0.301522 -0.629935 2.717034 1.000000
-0.077648 -1.042595 2.796235 1.000000
-0.269625 -1.024075 2.849417 1.000000
0.042350 -1.097350 2.674487 0.000000
-0.418705 -1.066540 2.758907 0.000000
-0.158730 0.542126 2.665941 0.490385
-0.336780 0.222864 2.744760 1.000000
0.048980 0.231865 2.704109 1.000000
-0.158059 0.254262 2.596029 0.000000
-0.123346 0.131358 2.898231 0.000000
-0.274763 -0.179679 2.762900 0.000000
-0.002393 -0.184209 2.729901 0.000000
-0.113845 -0.163509 2.948011 0.000000
-0.427439 -0.028256 2.722891 1.000000
0.084879 -0.031340 2.669592 1.000000
-0.456219 -0.269123 2.559973 1.000000
0.207286 -0.283289 2.586380 1.000000
-0.456423 -0.343306 2.551056 0.257212
0.220873 -0.355138 2.601735 0.240385
-0.010622 -0.648313 2.699124 1.000000
-0.298039 -0.638215 2.733202 1.000000
-0.078427 -1.047017 2.800743 1.000000
-0.268655 -1.037158 2.850972 1.000000
0.049530 -1.098102 2.685689 0.000000
-0.418519 -1.075123 2.759759 0.000000
-0.158263 0.550872 2.650243 0.514423
-0.340621 0.225529 2.738913 1.000000
0.045922 0.228285 2.705440 1.000000
-0.158721 0.249979 2.592754 0.000000
-0.131371 0.136094 2.899215 0.000000
-0.270708 -0.181380 2.768512 0.000000
0.002077 -0.188634 2.739692 0.605769
-0.112451 -0.164174 2.955810 0.000000
-0.407513 -0.035496 2.747374 1.000000
0.086160 -0.038251 2.709769 1.000000
-0.429469 -0.307807 2.638521 1.000000
0.188762 -0.309272 2.659730 1.000000
-0.433344 -0.381150 2.624791 0.072115
0.179183 -0.381406 2.676686 0.509615
-0.008591 -0.652477 2.714949 1.000000
-0.303109 -0.636016 2.741575 1.000000
-0.080883 -1.052487 2.807981 1.000000
-0.269634 -1.036186 2.853968 1.000000
0.050046 -1.102256 2.695727 0.000000
-0.421703 -1.073552 2.766222 0.000000
-0.158487 0.550084 2.642426 0.538462
-0.344000 0.211441 2.712218 1.000000
0.041994 0.234609 2.744096 1.000000
-0.141748 0.246930 2.598717 0.000000
-0.160107 0.131178 2.905149 0.000000
-0.279426 -0.178242 2.754053 0.000000
-0.006600 -0.180400 2.783319 0.000000
-0.164643 -0.167878 2.971169 0.000000
-0.365307 -0.057323 2.752835 1.000000
0.062755 -0.036478 2.723653 1.000000
-0.331981 -0.344771 2.684130 1.000000
0.074405 -0.333663 2.724954 1.000000
-0.303419 -0.412349 2.669987 1.000000
0.048456 -0.402768 2.713387 1.000000
-0.006547 -0.644947 2.730152 1.000000
-0.300337 -0.638236 2.748441 1.000000
-0.079189 -1.049105 2.802739 1.000000
-0.264992 -1.038584 2.859622 1.000000
0.068068 -1.092296 2.709625 0.000000
-0.407974 -1.079158 2.758973 0.000000
-0.172596 0.542949 2.640827 0.634615
-0.344190 0.207654 2.716803 1.000000
0.041637 0.237021 2.745426 1.000000
-0.143096 0.241813 2.600862 0.000000
-0.158118 0.136636 2.911262 0.000000
-0.277016 -0.174662 2.759639 0.000000
-0.004030 -0.179981 2.786942 0.000000
-0.160630 -0.168423 2.976058 0.000000
-0.350077 -0.063765 2.734948 1.000000
0.053473 -0.034213 2.727431 1.000000
-0.321624 -0.354904 2.684734 1.000000
0.039764 -0.330700 2.726887 1.000000
-0.297092 -0.424401 2.672446 1.000000
0.013349 -0.394325 2.697960 1.000000
-0.006076 -0.642728 2.731643 1.000000
-0.298473 -0.637634 2.752548 1.000000
-0.082041 -1.046300 2.804084 1.000000
-0.273060 -1.039682 2.860253 1.000000
0.065674 -1.090594 2.712223 0.000000
-0.415207 -1.076340 2.756954 0.000000
-0.174299 0.538880 2.628442 0.620192
-0.333834 0.213105 2.718769 1.000000
0.051986 0.234240 2.753982 1.000000
-0.129943 0.240494 2.605960 0.000000
-0.152995 0.141565 2.917918 0.000000
-0.272595 -0.169250 2.762206 0.000000
-0.000250 -0.178969 2.794286 0.000000
-0.160007 -0.166740 2.980701 0.000000
-0.363116 -0.055938 2.752881 1.000000
0.051190 -0.037450 2.729739 1.000000
-0.332074 -0.346298 2.695753 1.000000
0.035948 -0.334399 2.718539 1.000000
-0.299811 -0.413469 2.690294 1.000000
0.014359 -0.403142 2.698770 1.000000
-0.010273 -0.643153 2.740998 1.000000
-0.298512 -0.634414 2.757943 1.000000
-0.080676 -1.048943 2.806318 1.000000
-0.271820 -1.038743 2.856401 1.000000
0.068044 -1.089546 2.714371 0.000000
-0.414675 -1.073269 2.753344 0.000000
-0.163285 0.540900 2.635087 0.620192
-0.336431 0.218400 2.731412 1.000000
0.049993 0.235719 2.761750 1.000000
-0.133622 0.241968 2.615824 0.000000
-0.154009 0.147588 2.929373 0.000000
-0.277642 -0.170370 2.776492 0.000000
-0.004516 -0.176755 2.802127 0.000000
-0.160002 -0.167978 2.992310 0.000000
-0.377013 -0.051830 2.752842 1.000000
0.056050 -0.037049 2.735465 1.000000
-0.348281 -0.344957 2.701354 1.000000
0.057892 -0.336039 2.736534 1.000000
-0.302128 -0.403657 2.698738 1.000000
0.027090 -0.399761 2.712590 1.000000
-0.009891 -0.640366 2.743612 1.000000
-0.304401 -0.630522 2.762306 1.000000
-0.079414 -1.045650 2.812901 1.000000
-0.270928 -1.034339 2.860796 1.000000
0.067089 -1.087040 2.717801 0.000000
-0.416933 -1.070346 2.762785 0.000000
-0.165468 0.536166 2.632018 0.783654
-0.335522 0.215141 2.746037 1.000000
0.051174 0.231438 2.773316 1.000000
-0.133858 0.243739 2.629582 0.000000
-0.151153 0.136128 2.939029 0.000000
-0.276699 -0.172543 2.785086 0.000000
-0.003201 -0.180190 2.805964 0.000000
-0.155355 -0.172218 2.998857 0.000000
-0.378266 -0.056973 2.745101 1.000000
0.057641 -0.040801 2.731876 1.000000
-0.356103 -0.353574 2.702434 1.000000
0.073502 -0.340848 2.733973 1.000000
-0.308684 -0.411314 2.702895 1.000000
0.097671 -0.405660 2.762219 0.560096
-0.005832 -0.640196 2.744239 1.000000
-0.302916 -0.634164 2.767840 1.000000
-0.083897 -1.045054 2.806564 1.000000
-0.271602 -1.038386 2.865373 1.000000
0.064129 -1.087776 2.714459 0.000000
-0.417759 -1.073391 2.767225 0.000000
-0.166553 0.527908 2.627209 0.793269
-0.334786 0.214029 2.753323 1.000000
0.052159 0.230281 2.776846 1.000000
-0.134287 0.243161 2.635003 0.000000
-0.148505 0.134226 2.944142 0.000000
-0.274696 -0.173260 2.785372 0.000000
-0.001434 -0.184187 2.807824 0.000000
-0.154626 -0.175254 2.999851 0.000000
-0.375359 -0.059824 2.745434 1.000000
0.053690 -0.042729 2.730297 1.000000
-0.350064 -0.356357 2.693471 1.000000
0.078736 -0.343801 2.730102 1.000000
-0.307669 -0.415919 2.708890 1.000000
0.113881 -0.409578 2.734662 0.745192
-0.008564 -0.644046 2.746619 1.000000
-0.306027 -0.634698 2.766790 1.000000
-0.082401 -1.048847 2.814249 1.000000
-0.268515 -1.037431 2.868222 1.000000
0.065001 -1.091308 2.721029 0.000000
-0.415283 -1.075316 2.772077 0.000000
-0.161597 0.530756 2.630177 0.841346
-0.334701 0.212340 2.782141 1.000000
0.052175 0.229208 2.757921 1.000000
-0.150346 0.242708 2.640231 0.000000
-0.126234 0.131575 2.947971 0.000000
-0.276872 -0.174860 2.804962 0.000000
-0.002879 -0.183865 2.793052 0.000000
-0.131020 -0.179427 3.002771 0.000000
-0.369780 -0.061420 2.745510 1.000000
0.051626 -0.048041 2.732452 1.000000
-0.349256 -0.360285 2.695533 1.000000
0.070429 -0.350130 2.707389 1.000000
-0.308337 -0.422585 2.700724 1.000000
0.097262 -0.413850 2.735716 0.593750
-0.005458 -0.642836 2.747661 1.000000
-0.304083 -0.637202 2.771651 1.000000
-0.084676 -1.047886 2.807224 1.000000
-0.267762 -1.041753 2.866036 1.000000
0.061796 -1.090448 2.712595 0.000000
-0.420021 -1.076104 2.777394 0.000000
-0.159715 0.532487 2.659808 0.759615
-0.332493 0.210097 2.780330 1.000000
0.054673 0.230589 2.765275 1.000000
-0.145131 0.242408 2.642856 0.000000
-0.127254 0.130990 2.950918 0.000000
-0.275985 -0.173347 2.801248 0.000000
-0.001813 -0.183601 2.796803 0.000000
-0.135582 -0.178205 3.002955 0.000000
-0.366158 -0.064270 2.746965 1.000000
0.048915 -0.045990 2.733739 1.000000
-0.337809 -0.362402 2.696357 1.000000
0.051140 -0.348485 2.706559 1.000000
-0.303540 -0.428454 2.703092 1.000000
0.015726 -0.414123 2.711045 0.812500
-0.008921 -0.644001 2.748444 1.000000
-0.300524 -0.638461 2.770544 1.000000
-0.083408 -1.050049 2.807315 1.000000
-0.271174 -1.042968 2.867504 1.000000
0.062461 -1.090778 2.710963 0.000000
-0.419805 -1.076498 2.772612 0.000000
-0.163549 0.536158 2.676110 0.716346
-0.334495 0.212742 2.762570 1.000000
0.052605 0.227714 2.784335 1.000000
-0.134543 0.243327 2.643694 0.000000
-0.147421 0.129421 2.951096 0.000000
-0.274786 -0.174594 2.790292 0.000000
-0.001253 -0.185124 2.809366 0.000000
-0.152208 -0.179884 3.003291 0.000000
-0.359779 -0.064568 2.750771 1.000000
0.044080 -0.045940 2.732182 1.000000
-0.334633 -0.361654 2.691267 1.000000
0.036704 -0.346188 2.684961 1.000000
-0.298812 -0.424285 2.710680 1.000000
0.009218 -0.411431 2.708848 1.000000
-0.008854 -0.645762 2.747323 1.000000
-0.303935 -0.636888 2.766541 1.000000
-0.082896 -1.051258 2.810410 1.000000
-0.269872 -1.041413 2.861876 1.000000
0.064750 -1.092730 2.717131 0.000000
-0.417006 -1.076573 2.765254 0.000000
-0.165076 0.535611 2.683843 0.701923
-0.334164 0.210937 2.772451 1.000000
0.052932 0.225227 2.794725 1.000000
-0.134320 0.247718 2.655159 0.000000
-0.146881 0.118404 2.956417 0.000000
-0.273509 -0.176505 2.788699 0.000000
-0.000081 -0.188266 2.808555 0.000000
-0.151758 -0.186939 3.001983 0.000000
-0.355703 -0.066622 2.759883 1.000000
0.044154 -0.045992 2.731293 1.000000
-0.326973 -0.362818 2.697810 1.000000
0.017367 -0.344336 2.679484 1.000000
-0.290819 -0.428067 2.702070 0.963942
0.006668 -0.413452 2.705773 0.980769
-0.006070 -0.648143 2.748376 1.000000
-0.303499 -0.640048 2.764567 1.000000
-0.081258 -1.052631 2.816385 1.000000
-0.262761 -1.041839 2.868457 1.000000
0.068905 -1.095431 2.727845 0.000000
-0.410785 -1.081063 2.774804 0.000000
-0.177205 0.534359 2.679609 0.750000
