-0.366477 0.317489 2.798687 1.000000
-0.003500 0.319803 2.760386 1.000000
-0.197375 0.359611 2.664625 0.000000
-0.172962 0.188790 2.885670 0.000000
-0.374655 -0.033341 2.765099 0.000000
-0.008359 -0.043651 2.730798 0.355769
-0.178516 -0.048113 2.889571 0.000000
-0.415818 0.034046 2.820309 1.000000
0.045948 0.035555 2.760766 1.000000
-0.415645 -0.265984 2.793600 1.000000
0.022144 -0.263446 2.733143 1.000000
-0.419654 -0.334508 2.806148 0.408654
0.022233 -0.332447 2.722755 0.728365
-0.307039 -0.566781 2.804486 1.000000
-0.075501 -0.571802 2.779568 1.000000
-0.301881 -0.977798 2.934098 1.000000
-0.067631 -0.981564 2.912966 1.000000
-0.321494 -1.026271 2.781165 0.000000
-0.076559 -1.031675 2.759565 0.000000
-0.188054 0.584183 2.708591 0.331731
-0.366618 0.321611 2.807185 1.000000
-0.005185 0.322325 2.756291 1.000000
-0.202117 0.362490 2.667146 0.000000
-0.170688 0.192521 2.887962 0.000000
-0.372139 -0.032096 2.782853 0.000000
-0.009602 -0.043414 2.720447 0.365385
-0.167172 -0.050475 2.891632 0.000000
-0.429835 0.039567 2.825572 1.000000
0.048671 0.037891 2.765229 1.000000
-0.434107 -0.262012 2.804077 1.000000
0.039461 -0.263484 2.742458 1.000000
-0.415797 -0.329084 2.798143 0.762019
0.016538 -0.329356 2.744582 0.947115
-0.307981 -0.566033 2.808518 1.000000
-0.075721 -0.570630 2.778718 1.000000
-0.302884 -0.978213 2.934385 1.000000
-0.067846 -0.981013 2.910190 1.000000
-0.334317 -1.024871 2.782867 0.000000
-0.088841 -1.030271 2.757692 0.000000
-0.202424 0.600489 2.724923 0.379808
-0.367654 0.317194 2.800404 1.000000
-0.005378 0.324484 2.756496 1.000000
-0.201314 0.357934 2.662514 0.000000
-0.170650 0.194627 2.888406 0.000000
-0.376041 -0.035189 2.772047 0.144231
-0.010236 -0.039557 2.731758 0.384615
-0.177708 -0.048299 2.893185 0.000000
-0.440711 0.037240 2.826631 1.000000
0.049022 0.039205 2.763987 1.000000
-0.455961 -0.264472 2.799623 1.000000
0.044493 -0.262150 2.729975 1.000000
-0.449802 -0.330364 2.821744 0.543269
0.027297 -0.329076 2.720264 0.812500
-0.305258 -0.567251 2.807131 1.000000
-0.076986 -0.569425 2.781596 1.000000
-0.302610 -0.978897 2.934808 1.000000
-0.068134 -0.979644 2.913517 1.000000
-0.323904 -1.026485 2.781822 0.000000
-0.079692 -1.029224 2.760119 0.000000
-0.188682 0.605178 2.722146 0.370192
-0.368539 0.319700 2.799103 1.000000
-0.005515 0.324159 2.761439 1.000000
-0.199500 0.360849 2.664660 0.000000
-0.174215 0.193983 2.888609 0.000000
-0.372613 -0.035165 2.777622 0.134615
-0.008136 -0.039442 2.726687 0.307692
-0.170776 -0.045654 2.893096 0.000000
-0.437935 0.038704 2.827593 1.000000
0.045760 0.038052 2.751458 1.000000
-0.452970 -0.260840 2.780227 1.000000
0.035382 -0.263675 2.719066 1.000000
-0.451045 -0.326881 2.802674 0.442308
0.014440 -0.330196 2.721399 0.762019
-0.304869 -0.566898 2.813278 1.000000
-0.073590 -0.568912 2.785597 1.000000
-0.303403 -0.982334 2.928047 1.000000
-0.065526 -0.981057 2.911423 1.000000
-0.328993 -1.024914 2.774246 0.000000
-0.082171 -1.028297 2.757754 0.000000
-0.198319 0.606402 2.711940 0.471154
-0.370715 0.323669 2.793864 1.000000
-0.007224 0.323677 2.760709 1.000000
-0.199587 0.360755 2.660890 0.000000
-0.178876 0.197455 2.887915 0.000000
-0.373729 -0.032913 2.775717 0.000000
-0.008742 -0.038335 2.728691 0.240385
-0.173168 -0.043721 2.893365 0.000000
-0.422965 0.038591 2.824856 1.000000
0.043655 0.036860 2.750341 1.000000
-0.432030 -0.261684 2.776312 1.000000
0.023124 -0.263633 2.706915 1.000000
-0.417661 -0.328609 2.789862 0.677885
0.010244 -0.331264 2.695544 0.745192
-0.306368 -0.565072 2.811753 1.000000
-0.072886 -0.567375 2.786268 1.000000
-0.302169 -0.978750 2.932641 1.000000
-0.067749 -0.980389 2.909372 1.000000
-0.326647 -1.023791 2.779361 0.000000
-0.082530 -1.026531 2.755180 0.000000
-0.195894 0.610937 2.723162 0.326923
-0.370326 0.323204 2.799753 1.000000
-0.007373 0.322455 2.761160 1.000000
-0.201022 0.362892 2.665205 0.000000
-0.177712 0.193809 2.887700 0.000000
-0.375782 -0.032790 2.778291 0.000000
-0.011249 -0.040764 2.728210 0.307692
-0.174305 -0.044374 2.894288 0.000000
-0.419637 0.037659 2.818697 1.000000
0.042133 0.036497 2.751009 1.000000
-0.418838 -0.262754 2.777904 1.000000
0.021127 -0.262960 2.708614 1.000000
-0.391078 -0.325679 2.766114 0.358173
0.001844 -0.330011 2.707422 0.694712
-0.305085 -0.566480 2.809885 1.000000
-0.074262 -0.568791 2.788219 1.000000
-0.310305 -0.981653 2.925491 1.000000
-0.066438 -0.981868 2.910968 1.000000
-0.334903 -1.024217 2.771524 0.000000
-0.082756 -1.027955 2.756914 0.000000
-0.193968 0.609334 2.730272 0.504808
-0.367145 0.328136 2.801915 1.000000
-0.005064 0.314492 2.757910 1.000000
-0.198642 0.360817 2.664507 0.000000
-0.177795 0.192879 2.888111 0.000000
-0.366991 -0.030175 2.783288 0.000000
-0.003785 -0.041636 2.724931 0.451923
-0.163098 -0.044919 2.894610 0.000000
-0.418084 0.040549 2.814602 1.000000
0.048772 0.027165 2.760594 1.000000
-0.426014 -0.262175 2.776571 1.000000
0.082411 -0.271170 2.705677 1.000000
-0.418686 -0.331021 2.785268 0.762019
0.096883 -0.338437 2.694065 0.879808
-0.307737 -0.564106 2.810661 1.000000
-0.075861 -0.569266 2.787148 1.000000
-0.302265 -0.977030 2.934048 1.000000
-0.067977 -0.983494 2.905950 1.000000
-0.332906 -1.022838 2.782109 0.000000
-0.089469 -1.028035 2.752077 0.000000
-0.200035 0.616150 2.702617 0.500000
-0.367086 0.325724 2.799265 1.000000
-0.004697 0.313463 2.757443 1.000000
-0.197943 0.358229 2.662604 0.000000
-0.177613 0.191958 2.887498 0.000000
-0.368180 -0.033509 2.779231 0.567308
-0.004155 -0.042841 2.725800 0.942308
-0.165717 -0.046671 2.893327 0.000000
-0.439044 0.040974 2.821657 1.000000
0.080965 0.031703 2.751524 1.000000
-0.511806 -0.254952 2.780408 1.000000
0.192778 -0.247243 2.686298 1.000000
-0.526444 -0.322124 2.792351 0.745192
0.218673 -0.311995 2.683909 0.543269
-0.302566 -0.566890 2.811988 1.000000
-0.071565 -0.571231 2.782647 1.000000
-0.309968 -0.984840 2.916983 1.000000
-0.067688 -0.982342 2.912006 1.000000
-0.336112 -1.023264 2.762184 0.000000
-0.084823 -1.030728 2.758749 0.000000
-0.202153 0.616964 2.722801 0.326923
-0.369362 0.322673 2.799445 1.000000
-0.006258 0.321174 2.762313 1.000000
-0.199442 0.361849 2.665524 0.000000
-0.177352 0.193031 2.888345 0.000000
-0.365879 -0.034247 2.758477 0.346154
-0.005337 -0.040698 2.735837 1.000000
-0.176768 -0.042420 2.889339 0.000000
-0.490650 0.056089 2.825228 1.000000
0.139343 0.067274 2.734420 1.000000
-0.665199 -0.190360 2.770315 1.000000
0.332875 -0.152064 2.641385 1.000000
-0.695519 -0.252002 2.758067 0.509615
0.380418 -0.201249 2.655155 0.711538
-0.305289 -0.565539 2.809843 1.000000
-0.073146 -0.570682 2.783240 1.000000
-0.307213 -0.980261 2.927159 1.000000
-0.068049 -0.981574 2.913251 1.000000
-0.321434 -1.024023 2.772222 0.000000
-0.072841 -1.030365 2.759241 0.000000
-0.190967 0.614494 2.724297 0.509615
-0.368874 0.323674 2.807350 1.000000
-0.006215 0.320689 2.766188 1.000000
-0.200263 0.362786 2.671766 0.000000
-0.176506 0.192661 2.893418 0.000000
-0.361728 -0.029258 2.754963 0.384615
0.001796 -0.038981 2.738802 1.000000
-0.173803 -0.040172 2.889163 0.000000
-0.602818 0.152545 2.820628 1.000000
0.237521 0.175750 2.704735 1.000000
-0.882985 0.083189 2.728641 1.000000
0.509796 0.120266 2.584096 1.000000
-0.926718 0.032525 2.708900 0.661058
0.576160 0.136691 2.598064 0.711538
-0.308081 -0.560904 2.805846 1.000000
-0.074269 -0.568968 2.778028 1.000000
-0.302318 -0.977285 2.916997 1.000000
-0.069747 -0.977759 2.914521 1.000000
-0.315263 -1.019004 2.761387 0.000000
-0.072096 -1.028965 2.761240 0.000000
-0.199027 0.607910 2.736007 0.514423
-0.372709 0.324979 2.810696 1.000000
-0.010192 0.326152 2.768205 1.000000
-0.205096 0.364923 2.674121 0.000000
-0.178398 0.197203 2.897266 0.000000
-0.367094 -0.025899 2.764796 0.125000
0.005344 -0.036301 2.726114 0.730769
-0.166338 -0.037405 2.887114 0.000000
-0.649961 0.247288 2.799916 1.000000
0.254971 0.270108 2.670386 1.000000
-0.923851 0.289681 2.682966 1.000000
0.513595 0.346083 2.536851 1.000000
-0.980667 0.324367 2.662039 0.341346
0.576000 0.375989 2.545815 0.661058
-0.306500 -0.559171 2.800355 1.000000
-0.076743 -0.565564 2.777350 1.000000
-0.300839 -0.973182 2.920038 1.000000
-0.067858 -0.974587 2.912930 1.000000
-0.323460 -1.017911 2.766382 0.000000
-0.079991 -1.025535 2.760026 0.000000
-0.193138 0.601418 2.746053 0.274038
-0.371663 0.324974 2.806881 1.000000
-0.011435 0.329173 2.766072 1.000000
-0.204878 0.367472 2.671470 0.000000
-0.177797 0.197749 2.893049 0.000000
-0.370283 -0.023712 2.769223 0.432692
0.008385 -0.032510 2.718140 0.875000
-0.162049 -0.034220 2.884833 0.000000
-0.655783 0.328390 2.760768 1.000000
0.248662 0.344090 2.643640 1.000000
-0.870001 0.504377 2.644767 1.000000
0.424943 0.543626 2.504257 1.000000
-0.924981 0.544427 2.629201 0.745192
0.482097 0.583470 2.500383 1.000000
-0.297887 -0.557895 2.795599 1.000000
-0.078115 -0.562563 2.770331 1.000000
-0.304385 -0.968743 2.925685 1.000000
-0.066516 -0.969603 2.911560 1.000000
-0.329830 -1.016557 2.773406 0.000000
-0.082908 -1.022726 2.759797 0.000000
-0.186485 0.614358 2.742388 0.394231
-0.363235 0.323077 2.806160 1.000000
-0.018133 0.324983 2.761946 1.000000
-0.205697 0.366472 2.669994 0.000000
-0.176773 0.192814 2.888266 0.000000
-0.367719 -0.029206 2.782775 0.298077
0.004534 -0.034221 2.719022 0.875000
-0.157686 -0.040300 2.891159 0.000000
-0.604887 0.438601 2.705485 1.000000
0.188268 0.441637 2.601736 1.000000
-0.699173 0.700280 2.596502 1.000000
0.220771 0.720785 2.500429 1.000000
-0.732789 0.750450 2.561545 0.778846
0.229527 0.789778 2.506125 1.000000
-0.297511 -0.562776 2.797649 1.000000
-0.077773 -0.565667 2.768399 1.000000
-0.304677 -0.973971 2.926602 1.000000
-0.068032 -0.974862 2.903403 1.000000
-0.335318 -1.020971 2.775028 0.000000
-0.089322 -1.025517 2.751404 0.000000
-0.186453 0.612364 2.754915 0.274038
-0.362260 0.331691 2.813933 1.000000
-0.023078 0.321846 2.763109 1.000000
-0.206864 0.375365 2.676833 0.000000
-0.180947 0.190042 2.885688 0.000000
-0.366479 -0.025768 2.779145 0.548077
0.002797 -0.033430 2.725104 0.846154
-0.161466 -0.039967 2.892821 0.000000
-0.552567 0.477315 2.654605 1.000000
0.115023 0.490617 2.575352 1.000000
-0.546742 0.755326 2.540876 1.000000
0.062988 0.780386 2.515477 1.000000
-0.567909 0.821016 2.551168 0.896635
0.048896 0.846180 2.533961 1.000000
-0.295688 -0.560212 2.795993 1.000000
-0.078410 -0.564295 2.766570 1.000000
-0.304321 -0.971361 2.925002 1.000000
-0.068186 -0.974472 2.898522 1.000000
-0.330863 -1.018584 2.772725 0.000000
-0.085893 -1.024069 2.745718 0.000000
-0.185999 0.602439 2.772669 0.264423
-0.354689 0.327510 2.828374 1.000000
-0.020432 0.322413 2.764039 1.000000
-0.206912 0.376181 2.686484 0.000000
-0.170765 0.185985 2.889351 0.000000
-0.362142 -0.023659 2.779497 0.721154
0.005659 -0.034600 2.716678 1.000000
-0.154507 -0.036974 2.888421 0.000000
-0.477017 0.498090 2.631622 1.000000
0.050724 0.514436 2.561956 1.000000
-0.398158 0.763656 2.515537 1.000000
-0.085538 0.781554 2.544609 1.000000
-0.408342 0.830986 2.530770 1.000000
-0.105822 0.846426 2.560397 1.000000
-0.298320 -0.558315 2.799325 1.000000
-0.078459 -0.564554 2.765396 1.000000
-0.303113 -0.971717 2.921133 1.000000
-0.066055 -0.974873 2.896720 1.000000
-0.334372 -1.016202 2.768927 0.000000
-0.088272 -1.024281 2.744445 0.000000
-0.178803 0.585702 2.786557 0.326923
-0.352491 0.325675 2.842783 1.000000
-0.018091 0.310634 2.768557 1.000000
-0.203687 0.379646 2.701169 0.000000
-0.172128 0.170834 2.885664 0.000000
-0.359427 -0.029777 2.788290 0.375000
0.001091 -0.040970 2.705086 0.923077
-0.147309 -0.041126 2.885505 0.000000
-0.433774 0.483317 2.616925 1.000000
0.008505 0.510052 2.563631 1.000000
-0.284896 0.716269 2.500918 1.000000
-0.205928 0.719503 2.557487 1.000000
-0.252283 0.776633 2.488201 1.000000
-0.209512 0.767538 2.507001 0.475962
-0.297861 -0.564371 2.806249 1.000000
-0.076981 -0.570215 2.766987 1.000000
-0.309342 -0.982416 2.910495 1.000000
-0.068742 -0.982185 2.893376 1.000000
-0.348385 -1.019354 2.758068 0.000000
-0.099643 -1.029280 2.741884 0.000000
-0.179792 0.605808 2.735973 0.860577
-0.350491 0.332909 2.816800 1.000000
-0.013962 0.308769 2.772575 1.000000
-0.190530 0.376861 2.685910 0.000000
-0.178881 0.177883 2.883163 0.000000
-0.358050 -0.029438 2.772175 0.442308
0.003776 -0.041709 2.720180 0.884615
-0.157069 -0.041314 2.887184 0.000000
-0.444140 0.495847 2.603289 1.000000
0.022704 0.507210 2.572119 1.000000
-0.272123 0.714916 2.500316 1.000000
-0.203474 0.698133 2.548111 1.000000
-0.238489 0.775460 2.491816 1.000000
-0.261599 0.734784 2.535977 0.206731
-0.300205 -0.562716 2.810355 1.000000
-0.075545 -0.571275 2.767571 1.000000
-0.304023 -0.979394 2.920475 1.000000
-0.067783 -0.982571 2.896166 1.000000
-0.331005 -1.019879 2.766346 0.000000
-0.085812 -1.030810 2.742965 0.000000
-0.182461 0.613503 2.740892 0.528846
-0.354961 0.326657 2.814024 1.000000
-0.019448 0.316405 2.768596 1.000000
-0.199535 0.372030 2.680246 0.000000
-0.177400 0.183164 2.886343 0.000000
-0.359043 -0.029180 2.782445 0.442308
-0.000371 -0.039759 2.711637 1.000000
-0.152294 -0.040450 2.886795 0.000000
-0.466575 0.497525 2.615964 1.000000
0.051216 0.508962 2.571593 1.000000
-0.342686 0.741383 2.500453 1.000000
-0.148418 0.717332 2.501693 1.000000
-0.305627 0.799989 2.492645 1.000000
-0.196992 0.759651 2.528502 1.000000
-0.299097 -0.563326 2.806181 1.000000
-0.073483 -0.568771 2.771874 1.000000
-0.304120 -0.981030 2.912293 1.000000
-0.068380 -0.982334 2.893121 1.000000
-0.338713 -1.019511 2.759175 0.000000
-0.094498 -1.027504 2.740150 0.000000
-0.179246 0.615079 2.758244 0.336538
-0.358385 0.333434 2.810042 1.000000
-0.017107 0.325414 2.766107 1.000000
-0.200745 0.376826 2.675734 0.000000
-0.177857 0.193773 2.886931 0.000000
-0.362796 -0.025422 2.777625 0.509615
0.004028 -0.036193 2.714482 1.000000
-0.155423 -0.037577 2.886405 0.000000
-0.544232 0.475828 2.645873 1.000000
0.138023 0.470368 2.574563 1.000000
-0.532923 0.751255 2.531269 1.000000
0.055818 0.732152 2.456945 1.000000
-0.571082 0.809113 2.523186 0.661058
0.033053 0.797202 2.467868 1.000000
-0.299958 -0.560124 2.796962 1.000000
-0.076497 -0.565783 2.767248 1.000000
-0.303315 -0.971689 2.924885 1.000000
-0.070135 -0.976238 2.898574 1.000000
-0.335115 -1.018487 2.773487 0.000000
-0.091855 -1.025350 2.746131 0.000000
-0.174390 0.622210 2.776266 0.187500
-0.362485 0.321230 2.810314 1.000000
-0.016943 0.324476 2.759765 1.000000
-0.207496 0.366376 2.671786 0.000000
-0.174249 0.190643 2.887771 0.000000
-0.367781 -0.028621 2.778975 0.394231
0.005856 -0.034537 2.716270 0.961538
-0.157572 -0.041172 2.887906 0.000000
-0.592414 0.434376 2.684655 1.000000
0.186445 0.421767 2.584759 1.000000
-0.677413 0.689903 2.557106 1.000000
0.243416 0.689071 2.466054 1.000000
-0.721173 0.743519 2.548194 0.963942
0.250459 0.758469 2.467924 1.000000
-0.296152 -0.561746 2.800910 1.000000
-0.077337 -0.565399 2.767579 1.000000
-0.308293 -0.974407 2.924705 1.000000
-0.068517 -0.975715 2.899199 1.000000
-0.337783 -1.019272 2.772258 0.000000
-0.089711 -1.025069 2.746760 0.000000
-0.175286 0.605295 2.786889 0.221154
-0.364713 0.322648 2.801999 1.000000
-0.009415 0.326087 2.755128 1.000000
-0.203165 0.368372 2.665246 0.000000
-0.173001 0.191724 2.880935 0.000000
-0.366666 -0.032413 2.775936 0.413462
0.003680 -0.038367 2.715234 1.000000
-0.158639 -0.044937 2.885959 0.000000
-0.636671 0.373014 2.726718 1.000000
0.238099 0.360266 2.614651 1.000000
-0.801749 0.585987 2.596529 1.000000
0.402089 0.577597 2.490427 1.000000
-0.858602 0.626093 2.591212 1.000000
0.453108 0.625196 2.491136 1.000000
-0.297780 -0.564947 2.803231 1.000000
-0.076377 -0.568504 2.772407 1.000000
-0.305799 -0.980685 2.916629 1.000000
-0.065705 -0.978895 2.903658 1.000000
-0.334830 -1.022003 2.763095 0.000000
-0.086816 -1.028205 2.751193 0.000000
-0.176832 0.595624 2.796301 0.274038
-0.370125 0.321407 2.793337 1.000000
-0.007148 0.328166 2.755561 1.000000
-0.201344 0.366289 2.659766 0.000000
-0.175243 0.194448 2.879825 0.000000
-0.365143 -0.030290 2.767588 0.528846
0.002176 -0.034155 2.715312 0.817308
-0.161469 -0.037619 2.882477 0.000000
-0.649975 0.254162 2.789273 1.000000
0.254842 0.238068 2.677469 1.000000
-0.929737 0.306060 2.692584 1.000000
0.524453 0.287585 2.554315 1.000000
-0.998060 0.301771 2.679067 0.896635
0.591263 0.307685 2.555532 0.862981
-0.300865 -0.561656 2.803697 1.000000
-0.076578 -0.564737 2.776966 1.000000
-0.304111 -0.972286 2.934594 1.000000
-0.066817 -0.976320 2.904505 1.000000
-0.331051 -1.020494 2.782697 0.000000
-0.085450 -1.024243 2.751277 0.000000
-0.195396 0.617509 2.762429 0.201923
-0.369556 0.316254 2.786107 1.000000
-0.006199 0.335999 2.757699 1.000000
-0.199006 0.363786 2.655739 0.000000
-0.172433 0.199494 2.881435 0.000000
-0.363076 -0.027959 2.757967 0.461538
0.006667 -0.034187 2.727604 0.730769
-0.166675 -0.038341 2.884675 0.000000
-0.617878 0.172181 2.808721 1.000000
0.216953 0.158341 2.718037 1.000000
-0.892277 0.078501 2.729206 1.000000
0.480748 0.071763 2.602668 1.000000
-0.933333 0.022422 2.722991 0.829327
0.539431 0.034043 2.601048 0.661058
-0.300268 -0.558935 2.805604 1.000000
-0.076959 -0.564813 2.776769 1.000000
-0.306046 -0.975288 2.916861 1.000000
-0.062445 -0.975012 2.908250 1.000000
-0.322902 -1.016567 2.761508 0.000000
-0.072605 -1.024574 2.754748 0.000000
-0.204080 0.617600 2.756847 0.201923
-0.371883 0.317884 2.784283 1.000000
-0.008090 0.333000 2.758768 1.000000
-0.199703 0.362851 2.655154 0.000000
-0.177013 0.198992 2.881587 0.000000
-0.361968 -0.029065 2.761617 0.567308
0.002192 -0.034600 2.722977 0.826923
-0.164966 -0.038557 2.883897 0.000000
-0.553450 0.098630 2.815069 1.000000
0.154666 0.098318 2.738236 1.000000
-0.755790 -0.117977 2.776298 1.000000
0.353129 -0.108338 2.652979 1.000000
-0.784025 -0.180652 2.788282 1.000000
0.388327 -0.166512 2.637297 0.560096
-0.304252 -0.560277 2.802620 1.000000
-0.073357 -0.564799 2.778005 1.000000
-0.303219 -0.973840 2.923971 1.000000
-0.069178 -0.974809 2.910804 1.000000
-0.325278 -1.018971 2.770351 0.000000
-0.081446 -1.024580 2.757523 0.000000
-0.198105 0.611381 2.748449 0.360577
-0.372709 0.319461 2.791881 1.000000
-0.009294 0.332964 2.760703 1.000000
-0.202413 0.372409 2.663280 0.000000
-0.177428 0.191680 2.876233 0.000000
-0.361674 -0.027939 2.768466 0.201923
-0.001887 -0.034560 2.720444 0.375000
-0.163108 -0.039690 2.885517 0.000000
-0.447797 0.044124 2.809334 1.000000
0.061843 0.056312 2.748208 1.000000
-0.491082 -0.250077 2.783263 1.000000
0.092611 -0.239742 2.725551 1.000000
-0.479723 -0.318898 2.781318 0.711538
0.100201 -0.305353 2.703042 0.492788
-0.300544 -0.560455 2.801651 1.000000
-0.070074 -0.563645 2.779533 1.000000
-0.303917 -0.975167 2.918972 1.000000
-0.069232 -0.973680 2.912316 1.000000
-0.328955 -1.018444 2.765275 0.000000
-0.084647 -1.023275 2.759263 0.000000
-0.206213 0.609260 2.736007 0.384615
