-0.368040 0.287414 2.707376 1.000000
-0.044160 0.285081 2.698866 1.000000
-0.208020 0.384764 2.603030 0.000000
-0.206904 0.158005 2.707711 0.000000
-0.356159 0.013623 2.593805 0.451923
-0.040957 0.000258 2.591243 0.519231
-0.198331 -0.000066 2.656998 0.000000
-0.396326 0.012718 2.704378 1.000000
-0.013834 0.011255 2.718015 1.000000
-0.391554 -0.265476 2.629192 1.000000
-0.004986 -0.270819 2.659501 1.000000
-0.410708 -0.321660 2.643138 0.122596
-0.022244 -0.322727 2.686442 0.206731
-0.298749 -0.465977 2.695309 1.000000
-0.096483 -0.472024 2.688433 1.000000
-0.309588 -0.850271 2.771889 1.000000
-0.059812 -0.855142 2.762864 1.000000
-0.312240 -0.878948 2.627610 0.000000
-0.063174 -0.883503 2.618538 0.000000
-0.186209 0.508811 2.644438 1.000000
-0.368430 0.291706 2.703647 1.000000
-0.045267 0.270683 2.693690 1.000000
-0.203483 0.380130 2.599030 0.000000
-0.215052 0.153193 2.702686 0.000000
-0.361551 0.013824 2.598639 0.365385
-0.046626 -0.004108 2.592409 0.451923
-0.203396 -0.005251 2.659582 0.000000
-0.401031 0.016774 2.705231 1.000000
-0.004970 -0.002747 2.709967 1.000000
-0.403375 -0.260326 2.623387 1.000000
0.014958 -0.286934 2.661708 1.000000
-0.402580 -0.321269 2.625236 0.156250
-0.001884 -0.330870 2.700491 0.576923
-0.299171 -0.466870 2.696953 1.000000
-0.096961 -0.473594 2.688563 1.000000
-0.310490 -0.851294 2.772810 0.984856
-0.058233 -0.856219 2.764472 1.000000
-0.315236 -0.879627 2.628517 0.000000
-0.063931 -0.885382 2.620379 0.000000
-0.193642 0.507642 2.649414 1.000000
-0.374083 0.288750 2.708568 1.000000
-0.050535 0.284587 2.691973 1.000000
-0.216425 0.381048 2.596333 0.000000
-0.213451 0.158723 2.710094 0.000000
-0.361207 0.007451 2.605110 0.634615
-0.045999 -0.001115 2.594691 0.951923
-0.201805 -0.008308 2.663706 0.000000
-0.421884 0.018193 2.691934 1.000000
0.008034 0.015718 2.685446 1.000000
-0.441852 -0.250847 2.593254 1.000000
0.058031 -0.258664 2.616645 1.000000
-0.425659 -0.302601 2.621135 0.610577
0.071290 -0.318066 2.620338 0.408654
-0.296435 -0.472539 2.692319 1.000000
-0.096844 -0.474243 2.688240 1.000000
-0.312693 -0.856227 2.770952 0.837981
-0.059278 -0.857157 2.763272 1.000000
-0.318148 -0.885523 2.626877 0.000000
-0.065700 -0.886027 2.619151 0.000000
-0.188577 0.508502 2.637418 1.000000
-0.373902 0.287904 2.704428 1.000000
-0.050102 0.277618 2.699568 1.000000
-0.210777 0.372407 2.593880 0.000000
-0.215815 0.155426 2.717464 0.000000
-0.353126 -0.000203 2.595181 0.798077
-0.037850 -0.006166 2.605378 1.000000
-0.197687 -0.009051 2.664831 0.000000
-0.447503 0.041336 2.603253 1.000000
0.041839 0.040379 2.591338 1.000000
-0.518662 -0.201928 2.465322 1.000000
0.092480 -0.196045 2.433842 1.000000
-0.547810 -0.255483 2.465845 0.947115
0.132165 -0.241377 2.443234 0.526442
-0.296803 -0.479228 2.694663 1.000000
-0.094995 -0.483082 2.691619 1.000000
-0.314776 -0.861528 2.779440 0.931731
-0.057826 -0.866373 2.764899 1.000000
-0.310829 -0.893546 2.635895 0.000000
-0.054187 -0.893652 2.620371 0.076923
-0.186332 0.509552 2.649423 1.000000
-0.372311 0.293844 2.715081 1.000000
-0.048572 0.281627 2.710585 1.000000
-0.208528 0.378031 2.605267 0.000000
-0.215045 0.160333 2.727514 0.000000
-0.356915 0.002938 2.601943 0.788462
-0.041428 0.002878 2.604389 1.000000
-0.199674 -0.000092 2.667949 0.000000
-0.446163 0.098844 2.535351 1.000000
0.034034 0.106394 2.515004 1.000000
-0.519774 -0.091985 2.333596 1.000000
0.049222 -0.065660 2.285425 1.000000
-0.544805 -0.133132 2.296200 1.000000
0.049640 -0.102452 2.236802 0.021635
-0.297933 -0.476403 2.693598 1.000000
-0.095768 -0.476445 2.692393 1.000000
-0.313301 -0.858235 2.780959 0.956731
-0.058856 -0.860279 2.762913 1.000000
-0.312685 -0.891072 2.637547 0.000000
-0.058078 -0.886792 2.618199 0.057692
-0.190354 0.512532 2.653820 1.000000
-0.359274 0.295214 2.723332 0.807692
-0.035840 0.276313 2.720228 0.576923
-0.192925 0.381839 2.619430 0.000000
-0.204958 0.157871 2.729306 0.000000
-0.354777 0.008379 2.604894 0.923077
-0.039341 0.004337 2.609532 1.000000
-0.198045 0.003708 2.672006 0.000000
-0.422068 0.185858 2.484770 0.984615
0.016910 0.191355 2.469602 0.569231
-0.461072 0.059404 2.236185 0.990385
-0.023607 0.021017 2.249035 0.201923
-0.469674 0.031758 2.182521 0.072115
-0.037382 -0.019406 2.205512 0.000000
-0.297792 -0.473466 2.690605 1.000000
-0.097195 -0.475304 2.690758 1.000000
-0.314321 -0.854851 2.779692 0.931731
-0.057445 -0.857786 2.766860 1.000000
-0.313411 -0.888353 2.636435 0.000000
-0.055582 -0.886308 2.622538 0.038462
-0.190847 0.511960 2.668713 1.000000
-0.376496 0.267331 2.719475 0.000000
-0.055000 0.279534 2.681168 0.586538
-0.232088 0.359641 2.590647 0.000000
-0.208710 0.146667 2.719001 0.000000
-0.360458 -0.004694 2.619579 0.769231
-0.047432 -0.010865 2.580663 1.000000
-0.195929 -0.007003 2.664473 0.000000
-0.386356 0.317311 2.456730 0.600000
-0.032764 0.335402 2.420372 0.646154
-0.416277 0.210262 2.200483 0.211538
-0.192830 0.409324 2.203734 1.000000
-0.430099 0.176043 2.151943 0.000000
-0.161330 0.438797 2.160640 1.000000
-0.295170 -0.487382 2.696453 1.000000
-0.096627 -0.486128 2.691644 1.000000
-0.311467 -0.870890 2.775952 0.956731
-0.057542 -0.868956 2.766335 1.000000
-0.330120 -0.899752 2.632896 0.000000
-0.076275 -0.898741 2.623480 0.000000
-0.202797 0.514433 2.720139 0.033654
-0.380317 0.280421 2.735503 0.365385
-0.062691 0.285283 2.672211 1.000000
-0.242988 0.378362 2.603141 0.000000
-0.217941 0.154812 2.711663 0.000000
-0.367014 -0.001884 2.624865 0.836538
-0.053289 0.003064 2.562419 1.000000
-0.197523 0.002353 2.657231 0.000000
-0.359471 0.382726 2.490472 0.876923
-0.052909 0.416396 2.440576 1.000000
-0.327200 0.494991 2.238239 1.000000
-0.204000 0.540678 2.243112 1.000000
-0.316837 0.521568 2.184347 1.000000
-0.238899 0.571022 2.203371 1.000000
-0.299698 -0.481416 2.692082 1.000000
-0.097249 -0.473431 2.688214 1.000000
-0.309329 -0.865412 2.770303 0.884856
-0.058972 -0.856193 2.763659 1.000000
-0.338025 -0.893523 2.628768 0.000000
-0.086881 -0.886810 2.622488 0.000000
-0.208232 0.504358 2.639066 0.769231
-0.338911 0.317101 2.666805 1.000000
-0.048602 0.230473 2.781664 0.403846
-0.135682 0.385229 2.661502 0.000000
-0.218020 0.151602 2.693409 0.000000
-0.319199 0.045886 2.526037 1.000000
-0.032394 -0.022150 2.656389 0.865385
-0.201551 0.016924 2.650519 0.000000
-0.359748 0.482247 2.456163 1.000000
-0.078916 0.397729 2.573856 1.000000
-0.278263 0.654383 2.250654 1.000000
-0.126917 0.569105 2.357451 1.000000
-0.247586 0.701149 2.226365 1.000000
-0.158151 0.604292 2.318665 1.000000
-0.294661 -0.440449 2.692142 1.000000
-0.094645 -0.481126 2.677538 1.000000
-0.320401 -0.824913 2.764176 0.856731
-0.057624 -0.861244 2.765875 0.925481
-0.231142 -0.852197 2.650447 0.000000
0.002755 -0.886007 2.634016 0.000000
-0.216999 0.489023 2.661330 1.000000
-0.348788 0.359998 2.652461 1.000000
-0.076372 0.232980 2.773424 0.586538
-0.138763 0.402743 2.658274 0.000000
-0.250115 0.179804 2.674948 0.000000
-0.310681 0.047134 2.498153 1.000000
-0.049909 0.002300 2.682179 0.250000
-0.217092 0.029147 2.643387 0.000000
-0.382862 0.564847 2.479985 1.000000
-0.053820 0.425611 2.585656 1.000000
-0.268416 0.785751 2.347798 1.000000
-0.048025 0.648807 2.413843 1.000000
-0.221893 0.810900 2.378150 1.000000
-0.082900 0.687692 2.382382 1.000000
-0.298835 -0.430857 2.683990 1.000000
-0.099107 -0.466834 2.666308 1.000000
-0.322383 -0.814200 2.762459 1.000000
-0.058583 -0.845266 2.760175 1.000000
-0.218753 -0.841216 2.661580 0.000000
0.026828 -0.865411 2.642087 0.000000
-0.197400 0.516251 2.664573 1.000000
-0.367745 0.351730 2.656745 1.000000
-0.072010 0.281508 2.723861 1.000000
-0.176310 0.423416 2.610155 0.067308
-0.245655 0.192020 2.673609 0.000000
-0.350651 0.057494 2.529222 0.932692
-0.042062 0.029627 2.630239 0.788462
-0.216505 0.043896 2.641375 0.000000
-0.410465 0.573515 2.511928 1.000000
-0.014905 0.488532 2.563032 1.000000
-0.400869 0.818785 2.377187 1.000000
0.010925 0.730128 2.423861 1.000000
-0.380298 0.870515 2.402064 0.543269
-0.008307 0.781321 2.396889 0.980769
-0.292371 -0.423626 2.677609 1.000000
-0.099529 -0.445216 2.655910 1.000000
-0.318899 -0.805006 2.764263 0.909856
-0.058680 -0.821727 2.757076 0.987981
-0.269833 -0.838974 2.629785 0.000000
-0.012534 -0.853287 2.620987 0.000000
-0.202070 0.529111 2.618532 1.000000
-0.358559 0.351072 2.686178 1.000000
-0.055423 0.349447 2.664100 1.000000
-0.214318 0.439523 2.566946 0.000000
-0.206440 0.222923 2.691048 0.000000
-0.369421 0.059366 2.581271 1.000000
-0.044252 0.051770 2.560872 1.000000
-0.202804 0.054397 2.635790 0.000000
-0.448255 0.557642 2.538353 1.000000
0.056684 0.554645 2.530329 1.000000
-0.513838 0.807096 2.426501 1.000000
0.116978 0.810590 2.430851 1.000000
-0.508603 0.867798 2.428940 0.509615
0.109679 0.866922 2.453022 0.627404
-0.293241 -0.422984 2.668738 1.000000
-0.104162 -0.426021 2.653956 1.000000
-0.322730 -0.802721 2.761443 0.925481
-0.065158 -0.801985 2.757849 0.978606
-0.332439 -0.836826 2.618655 0.000000
-0.073779 -0.841936 2.616514 0.000000
-0.204485 0.568936 2.623668 0.562500
-0.363086 0.350434 2.683337 1.000000
-0.059356 0.353914 2.653433 1.000000
-0.223190 0.442026 2.561096 0.000000
-0.208658 0.224754 2.683411 0.000000
-0.372535 0.061070 2.579025 1.000000
-0.052672 0.071418 2.545162 0.865385
-0.205803 0.067094 2.626585 0.000000
-0.488775 0.549052 2.556808 1.000000
0.086501 0.541317 2.531524 1.000000
-0.642816 0.769320 2.483574 1.000000
0.245434 0.762495 2.472955 1.000000
-0.697316 0.793077 2.497118 1.000000
0.300444 0.782785 2.489698 0.274038
-0.291902 -0.416854 2.659250 1.000000
-0.104717 -0.410679 2.647580 1.000000
-0.325040 -0.794037 2.760737 1.000000
-0.071666 -0.786800 2.752961 0.997356
-0.339189 -0.830926 2.619016 0.000000
-0.084691 -0.827397 2.612149 0.000000
-0.205824 0.551876 2.647301 0.600962
-0.351656 0.339139 2.688388 1.000000
-0.045407 0.342223 2.662675 1.000000
-0.208839 0.437806 2.574593 0.000000
-0.197569 0.212507 2.681796 0.000000
-0.369410 0.063548 2.561061 1.000000
-0.050704 0.077106 2.549408 0.913462
-0.207804 0.073019 2.619994 0.000000
-0.487283 0.529528 2.565030 1.000000
0.089408 0.527288 2.530629 1.000000
-0.647716 0.743283 2.496772 1.000000
0.253213 0.738961 2.463909 1.000000
-0.703110 0.768730 2.498218 1.000000
0.305123 0.761099 2.487004 0.795673
-0.297130 -0.412233 2.652405 1.000000
-0.105453 -0.406602 2.643985 1.000000
-0.321295 -0.787207 2.764094 0.978606
-0.072586 -0.780983 2.755442 0.953606
-0.326133 -0.828897 2.623082 0.000000
-0.075413 -0.823183 2.614527 0.076923
-0.200029 0.542223 2.645171 0.668269
-0.349674 0.331174 2.693327 1.000000
-0.043045 0.342445 2.668243 1.000000
-0.208975 0.433732 2.579914 0.000000
-0.191950 0.208703 2.686923 0.000000
-0.367739 0.059327 2.566780 1.000000
-0.053327 0.076792 2.558326 0.865385
-0.208801 0.068248 2.627384 0.000000
-0.462304 0.525172 2.560220 1.000000
0.064561 0.529992 2.522349 1.000000
-0.584404 0.749100 2.465075 1.000000
0.174132 0.763818 2.436185 1.000000
-0.622618 0.796612 2.464504 1.000000
0.218272 0.804994 2.444810 0.930288
-0.298556 -0.417418 2.646759 1.000000
-0.106637 -0.410130 2.640251 1.000000
-0.323853 -0.790164 2.765437 0.906731
-0.068532 -0.777838 2.770645 0.825481
-0.327610 -0.834553 2.625218 0.000000
-0.069437 -0.827093 2.632013 0.307692
-0.186903 0.539767 2.644991 0.610577
-0.351188 0.322752 2.722469 1.000000
-0.047200 0.335911 2.673020 1.000000
-0.218268 0.435338 2.607599 0.120192
-0.194509 0.201249 2.691364 0.000000
-0.371411 0.048336 2.582461 0.903846
-0.060566 0.082930 2.544909 0.923077
-0.208281 0.066274 2.628077 0.000000
-0.402276 0.517236 2.559123 1.000000
0.008645 0.541917 2.526191 1.000000
-0.416342 0.743626 2.411982 1.000000
-0.029629 0.778113 2.400306 1.000000
-0.417821 0.799971 2.388721 0.812500
-0.039453 0.838248 2.397982 1.000000
-0.301988 -0.422401 2.654490 1.000000
-0.111054 -0.407523 2.641220 1.000000
-0.321074 -0.798499 2.763348 0.791106
-0.068831 -0.774884 2.771324 0.728606
-0.337234 -0.838400 2.622662 0.000000
-0.085296 -0.825370 2.634117 0.346154
-0.182623 0.533262 2.641823 0.836538
-0.350081 0.312181 2.715590 1.000000
-0.049279 0.352570 2.665375 1.000000
-0.229026 0.433480 2.597509 0.048077
-0.183301 0.205127 2.687747 0.000000
-0.372252 0.056479 2.598968 0.961538
-0.060505 0.088670 2.537984 0.923077
-0.203765 0.070897 2.632070 0.000000
-0.371697 0.518166 2.560724 1.000000
-0.016776 0.564725 2.521104 1.000000
-0.333172 0.736969 2.407475 1.000000
-0.144250 0.775307 2.410424 1.000000
-0.308949 0.783989 2.377137 1.000000
-0.187167 0.818404 2.414759 1.000000
-0.303109 -0.416382 2.654092 1.000000
-0.115302 -0.400753 2.642751 1.000000
-0.320302 -0.791655 2.766068 0.772356
-0.065088 -0.770063 2.764212 0.716106
-0.347762 -0.831827 2.627223 0.038462
-0.093369 -0.818627 2.628244 0.326923
-0.177986 0.533161 2.636805 0.865385
-0.356901 0.315492 2.747290 1.000000
-0.070316 0.342186 2.646084 1.000000
-0.251161 0.433862 2.611292 0.091346
-0.202370 0.201273 2.688108 0.000000
-0.375878 0.046067 2.614488 0.990385
-0.074700 0.091701 2.518827 1.000000
-0.205850 0.070256 2.628515 0.000000
-0.359020 0.511220 2.578903 1.000000
-0.028243 0.572741 2.537722 1.000000
-0.314309 0.728516 2.425946 1.000000
-0.176240 0.766584 2.423116 1.000000
-0.292788 0.774513 2.392194 1.000000
-0.195717 0.817403 2.395618 1.000000
-0.303212 -0.422412 2.657751 1.000000
-0.115240 -0.396993 2.649409 1.000000
-0.317440 -0.798908 2.765977 0.784856
-0.059088 -0.769274 2.758576 0.747356
-0.360463 -0.836273 2.630335 0.000000
-0.110725 -0.815155 2.628674 0.230769
-0.173856 0.530320 2.635354 1.000000
-0.363131 0.356166 2.721598 1.000000
-0.070365 0.323353 2.649862 1.000000
-0.225112 0.441610 2.589306 0.168269
-0.226915 0.211788 2.687069 0.000000
-0.378155 0.063622 2.594811 1.000000
-0.061290 0.073271 2.542624 1.000000
-0.209159 0.067599 2.632700 0.000000
-0.386762 0.555592 2.560169 1.000000
0.002817 0.553995 2.561337 1.000000
-0.370904 0.792494 2.433939 1.000000
-0.078523 0.791883 2.465935 1.000000
-0.342165 0.841325 2.411408 1.000000
-0.120136 0.836217 2.470506 1.000000
-0.300566 -0.415686 2.662222 1.000000
-0.112920 -0.408275 2.651319 1.000000
-0.321162 -0.793420 2.764968 0.825481
-0.069306 -0.785101 2.750133 1.000000
-0.344273 -0.830382 2.624449 0.000000
-0.091109 -0.824363 2.610029 0.000000
-0.170309 0.540893 2.623080 1.000000
-0.362860 0.352097 2.707844 1.000000
-0.065357 0.337251 2.652632 1.000000
-0.225089 0.445337 2.582882 0.096154
-0.218027 0.216410 2.682492 0.000000
-0.377787 0.069418 2.586848 1.000000
-0.059801 0.080392 2.542302 1.000000
-0.209832 0.075931 2.628799 0.000000
-0.428155 0.561704 2.569057 1.000000
0.049847 0.553384 2.566175 1.000000
-0.484339 0.809973 2.475885 1.000000
0.056826 0.809855 2.478714 1.000000
-0.474138 0.869432 2.467018 0.980769
0.029142 0.863987 2.483337 1.000000
-0.301289 -0.408554 2.661693 1.000000
-0.114802 -0.401645 2.650672 1.000000
-0.321839 -0.786548 2.763486 0.884856
-0.070473 -0.777360 2.753324 0.878606
-0.341466 -0.823468 2.622428 0.000000
-0.088798 -0.817842 2.613070 0.000000
-0.180030 0.546201 2.630989 0.653846
-0.353059 0.335193 2.691052 1.000000
-0.053304 0.344997 2.654006 1.000000
-0.219209 0.438313 2.573412 0.091346
-0.199013 0.211909 2.676913 0.000000
-0.370080 0.065955 2.571529 0.932692
-0.053931 0.074212 2.548000 0.836538
-0.207286 0.073453 2.624359 0.000000
-0.471382 0.541496 2.591975 1.000000
0.090129 0.541473 2.569144 1.000000
-0.605636 0.765778 2.528970 1.000000
0.191398 0.780463 2.498967 1.000000
-0.616317 0.820967 2.505344 0.425481
0.207225 0.838968 2.505651 0.745192
-0.298118 -0.410325 2.665379 1.000000
-0.114173 -0.406767 2.654350 1.000000
-0.331711 -0.788674 2.762267 1.000000
-0.069755 -0.783616 2.752717 1.000000
-0.341700 -0.824255 2.619859 0.000000
-0.079519 -0.821769 2.610961 0.038462
-0.184059 0.541604 2.623277 0.807692
-0.349572 0.340269 2.675930 1.000000
-0.042880 0.357001 2.666665 1.000000
-0.206061 0.442158 2.566959 0.014423
-0.190522 0.220844 2.681666 0.000000
-0.368087 0.064337 2.564363 1.000000
-0.058202 0.074297 2.548595 1.000000
-0.210026 0.074521 2.621049 0.000000
-0.528038 0.508345 2.598335 1.000000
0.125057 0.518131 2.557330 1.000000
-0.716873 0.696336 2.566458 1.000000
0.312358 0.704356 2.509848 1.000000
-0.767591 0.720566 2.590096 0.661058
0.363098 0.736025 2.521705 1.000000
-0.300645 -0.410509 2.664735 1.000000
-0.115067 -0.407156 2.652533 1.000000
-0.327222 -0.788987 2.763287 1.000000
-0.068850 -0.782956 2.754035 0.922356
-0.333833 -0.825588 2.620941 0.000000
-0.075121 -0.822002 2.612325 0.057692
-0.180422 0.550856 2.638251 0.591346
-0.348318 0.318448 2.689415 1.000000
-0.041027 0.346777 2.671653 1.000000
-0.211655 0.429427 2.580180 0.000000
-0.184831 0.204757 2.685929 0.000000
-0.367732 0.052794 2.569865 0.855769
-0.063648 0.072154 2.550093 0.875000
-0.211702 0.065850 2.624623 0.000000
-0.516346 0.488243 2.598396 1.000000
0.118891 0.501729 2.546097 1.000000
-0.701658 0.673441 2.548032 1.000000
0.286284 0.691018 2.460514 1.000000
-0.750221 0.709557 2.555468 0.980769
0.336856 0.724127 2.468534 1.000000
-0.302218 -0.421001 2.660196 1.000000
-0.114949 -0.413073 2.648377 1.000000
-0.321883 -0.798383 2.764409 0.962981
-0.067893 -0.787680 2.753824 0.934856
-0.330246 -0.837077 2.622710 0.000000
-0.075355 -0.828361 2.612632 0.038462
-0.174416 0.540080 2.650787 0.394231
-0.348990 0.319695 2.688610 1.000000
-0.039040 0.344196 2.699910 1.000000
-0.201274 0.431451 2.595355 0.000000
-0.186989 0.203807 2.697105 0.000000
-0.364298 0.052828 2.569402 1.000000
-0.056688 0.062928 2.574399 0.817308
-0.211502 0.056540 2.636733 0.000000
-0.497713 0.498847 2.584011 1.000000
0.086108 0.493087 2.534609 1.000000
-0.639999 0.699919 2.482574 1.000000
0.187276 0.702213 2.404240 1.000000
-0.670724 0.748180 2.461480 1.000000
0.210919 0.753894 2.382146 1.000000
-0.305755 -0.425012 2.657259 1.000000
-0.113238 -0.423183 2.646510 1.000000
-0.320548 -0.802032 2.763567 0.875481
-0.067551 -0.797858 2.752319 1.000000
-0.318782 -0.842021 2.621992 0.000000
-0.064241 -0.837458 2.610663 0.057692
-0.172924 0.536882 2.665146 0.788462
-0.349855 0.322633 2.686173 1.000000
-0.041110 0.333532 2.735888 1.000000
-0.187453 0.433831 2.618892 0.000000
-0.193224 0.199836 2.706027 0.000000
-0.360169 0.067926 2.558644 1.000000
-0.051259 0.061006 2.601558 0.875000
-0.214717 0.059795 2.644157 0.000000
-0.444614 0.524045 2.554126 1.000000
0.014753 0.491876 2.538939 1.000000
-0.483912 0.738826 2.395129 1.000000
-0.009739 0.704615 2.374326 1.000000
-0.487673 0.790067 2.362292 0.711538
-0.034666 0.753011 2.346857 1.000000
-0.304503 -0.413787 2.659424 1.000000
-0.117546 -0.422959 2.643389 1.000000
-0.326287 -0.791241 2.762952 0.950481
-0.067822 -0.795989 2.753115 0.903606
-0.308041 -0.830835 2.622435 0.000000
-0.049099 -0.834867 2.612460 0.057692
-0.188030 0.534933 2.666953 0.759615
-0.356244 0.326666 2.683482 1.000000
-0.049324 0.330849 2.747361 1.000000
-0.188306 0.435783 2.625586 0.000000
-0.202348 0.200592 2.708451 0.000000
-0.359338 0.072951 2.565207 1.000000
-0.047209 0.041911 2.607848 0.923077
-0.212572 0.051761 2.650461 0.000000
-0.398332 0.537823 2.536692 1.000000
-0.035648 0.500344 2.549902 1.000000
-0.357598 0.745483 2.365874 1.000000
-0.139074 0.701541 2.398960 1.000000
-0.325341 0.785786 2.333421 0.745192
-0.185275 0.741135 2.394983 1.000000
-0.312174 -0.415026 2.663760 1.000000
-0.115306 -0.433453 2.653091 1.000000
-0.320656 -0.792490 2.769179 0.934856
-0.066347 -0.808186 2.757216 0.962981
-0.304939 -0.832166 2.628379 0.000000
-0.048307 -0.845084 2.615941 0.000000
-0.186383 0.536668 2.676863 0.475962
-0.347348 0.295992 2.672050 1.000000
-0.051153 0.345201 2.734495 1.000000
-0.201476 0.427494 2.612124 0.052885
-0.180634 0.193708 2.697499 0.000000
-0.369840 0.065230 2.577155 1.000000
-0.047308 0.051884 2.602223 0.903846
-0.213830 0.052403 2.654037 0.000000
-0.367544 0.527695 2.555871 1.000000
-0.028953 0.526349 2.549336 1.000000
-0.275122 0.720079 2.388345 1.000000
-0.184869 0.695737 2.405751 1.000000
-0.238483 0.755897 2.355289 1.000000
-0.235985 0.718759 2.381768 0.122596
-0.309900 -0.418448 2.670687 1.000000
-0.115189 -0.428421 2.656677 1.000000
-0.319820 -0.796309 2.774546 0.894231
-0.071151 -0.805373 2.754819 1.000000
-0.311186 -0.835445 2.632984 0.038462
-0.060298 -0.841152 2.612524 0.000000
-0.139805 0.517076 2.670604 0.884615
-0.311852 0.263593 2.644541 1.000000
-0.039534 0.343021 2.735928 1.000000
-0.174470 0.396177 2.584672 0.057692
-0.150837 0.177984 2.703887 0.000000
-0.377545 0.049041 2.568541 1.000000
-0.045159 0.030123 2.623971 1.000000
-0.222290 0.033984 2.659936 0.000000
-0.380343 0.506915 2.587253 1.000000
-0.006458 0.534181 2.564050 1.000000
-0.360542 0.723576 2.426523 1.000000
-0.129759 0.740045 2.439209 1.000000
-0.344803 0.773490 2.395236 0.913462
-0.184735 0.763445 2.451379 0.947115
-0.313686 -0.434221 2.680784 1.000000
-0.114962 -0.448630 2.663467 1.000000
-0.320695 -0.813003 2.781476 0.847356
-0.065692 -0.825350 2.759997 1.000000
-0.299762 -0.850778 2.640833 0.115385
-0.042178 -0.858507 2.618599 0.019231
-0.131558 0.511511 2.678436 0.802885
-0.324438 0.288842 2.652305 1.000000
-0.039958 0.356592 2.702648 1.000000
-0.189435 0.409498 2.567121 0.000000
-0.161652 0.197238 2.695779 0.000000
-0.384192 0.051074 2.579768 1.000000
-0.046488 0.036039 2.601719 1.000000
-0.219666 0.040788 2.655394 0.000000
-0.418459 0.523964 2.592560 1.000000
0.048303 0.552497 2.555941 1.000000
-0.465295 0.756789 2.460930 1.000000
0.011847 0.790740 2.430886 1.000000
-0.475975 0.809180 2.431619 0.778846
-0.027150 0.832121 2.408867 0.307692
-0.310691 -0.432298 2.682359 1.000000
-0.115239 -0.441670 2.668085 1.000000
-0.321716 -0.812110 2.778720 0.937981
-0.066239 -0.819888 2.758717 1.000000
-0.314269 -0.848447 2.636348 0.000000
-0.057269 -0.853009 2.615649 0.000000
-0.155718 0.538690 2.666931 0.591346
-0.343295 0.313302 2.666628 1.000000
-0.046129 0.354923 2.683141 1.000000
-0.205421 0.426031 2.569162 0.000000
-0.181273 0.206986 2.686701 0.000000
-0.386191 0.053717 2.589494 1.000000
-0.047632 0.044071 2.583498 1.000000
-0.215800 0.047595 2.651328 0.000000
-0.465354 0.526827 2.597899 1.000000
0.084683 0.540230 2.565818 1.000000
-0.593470 0.743521 2.510375 1.000000
0.177538 0.775771 2.482579 1.000000
-0.619072 0.797754 2.499359 0.694712
0.194869 0.831706 2.465579 0.156250
-0.310348 -0.429287 2.679624 1.000000
-0.115838 -0.434141 2.667053 1.000000
-0.326406 -0.809037 2.775520 0.800481
-0.066507 -0.812357 2.757514 0.969231
-0.330283 -0.844892 2.632884 0.019231
-0.069392 -0.846930 2.614538 0.000000
-0.146155 0.546091 2.663027 0.673077
-0.363305 0.333022 2.704620 1.000000
-0.061063 0.341098 2.654640 1.000000
-0.231571 0.432277 2.578214 0.000000
-0.207508 0.209069 2.687660 0.000000
-0.386459 0.052881 2.612645 0.826923
-0.063240 0.046684 2.551136 1.000000
-0.212773 0.047578 2.645572 0.000000
-0.525657 0.509701 2.612681 1.000000
0.112815 0.510296 2.569994 1.000000
-0.725429 0.686464 2.585115 1.000000
0.317038 0.682946 2.550015 1.000000
-0.774667 0.720490 2.596771 0.762019
0.371547 0.694401 2.574826 0.694712
-0.309147 -0.431133 2.677037 1.000000
-0.111914 -0.428991 2.663025 1.000000
-0.326619 -0.812677 2.765260 0.881731
-0.071552 -0.808940 2.750624 0.959856
-0.354399 -0.844016 2.624221 0.000000
-0.098759 -0.844161 2.610392 0.000000
-0.143441 0.531036 2.674113 0.379808
-0.373486 0.320327 2.718800 1.000000
-0.074060 0.318935 2.657224 1.000000
-0.242955 0.417478 2.589089 0.000000
-0.222576 0.191416 2.693299 0.000000
-0.380388 0.048184 2.608459 0.576923
-0.064863 0.030945 2.548346 1.000000
-0.210645 0.036800 2.642081 0.000000
-0.527364 0.498822 2.617018 1.000000
0.100787 0.486320 2.571732 1.000000
-0.722677 0.678953 2.582667 1.000000
0.283047 0.667801 2.496760 1.000000
-0.776155 0.703983 2.597889 1.000000
0.320694 0.714859 2.506047 0.324519
-0.306224 -0.439195 2.673032 1.000000
-0.110887 -0.441273 2.659102 1.000000
-0.326582 -0.820315 2.762462 0.887981
-0.070185 -0.821664 2.744601 1.000000
-0.355062 -0.851845 2.621606 0.000000
-0.098676 -0.856212 2.604457 0.000000
-0.149711 0.516231 2.668852 0.870192
-0.371735 0.320147 2.722761 1.000000
-0.072311 0.311433 2.671489 1.000000
-0.236066 0.414465 2.598163 0.072115
-0.224890 0.187586 2.701993 0.000000
-0.383642 0.038840 2.603790 0.750000
-0.064087 0.034375 2.561432 0.951923
-0.215428 0.031993 2.646749 0.000000
-0.495302 0.517009 2.615034 1.000000
0.066752 0.499150 2.566360 1.000000
-0.629121 0.729054 2.522247 1.000000
0.155704 0.716823 2.439134 1.000000
-0.632937 0.780790 2.490201 0.459135
0.155576 0.776420 2.426240 0.913462
-0.303784 -0.444604 2.673196 1.000000
-0.110012 -0.443911 2.654356 1.000000
-0.329346 -0.825973 2.760191 0.844231
-0.068432 -0.822426 2.747422 0.994231
-0.348615 -0.857183 2.617712 0.000000
-0.086721 -0.859173 2.606139 0.000000
-0.157108 0.513419 2.672392 0.740385
-0.370568 0.329456 2.731694 1.000000
-0.076765 0.317892 2.666390 1.000000
-0.240858 0.422498 2.600726 0.014423
-0.226862 0.195476 2.703896 0.000000
-0.388198 0.039138 2.620288 0.759615
-0.070051 0.045253 2.554806 1.000000
-0.215996 0.036642 2.650815 0.000000
-0.476800 0.533988 2.620245 1.000000
0.044992 0.520681 2.568455 1.000000
-0.601602 0.753190 2.532161 1.000000
0.111964 0.742674 2.435724 1.000000
-0.596346 0.798796 2.492031 0.677885
0.089422 0.795928 2.416386 0.963942
-0.304038 -0.442991 2.671585 1.000000
-0.108787 -0.434669 2.657706 1.000000
-0.327432 -0.823387 2.763325 0.987981
-0.070240 -0.814136 2.748164 0.969231
-0.356080 -0.855552 2.622646 0.000000
-0.097838 -0.850294 2.608247 0.000000
-0.144677 0.511975 2.663805 0.817308
-0.376497 0.345621 2.722509 1.000000
-0.085192 0.318165 2.655981 1.000000
-0.243558 0.425334 2.585133 0.004808
-0.237862 0.204307 2.701294 0.000000
-0.392926 0.045214 2.616500 0.951923
-0.065853 0.052453 2.559071 1.000000
-0.218103 0.044292 2.651489 0.000000
-0.483021 0.550190 2.611768 1.000000
0.044098 0.521742 2.570540 1.000000
-0.615185 0.772214 2.544429 1.000000
0.148223 0.745723 2.469117 1.000000
-0.616099 0.831531 2.530331 0.745192
0.142395 0.803156 2.449482 0.896635
-0.307472 -0.436183 2.672220 1.000000
-0.110673 -0.428491 2.659178 1.000000
-0.325283 -0.816764 2.764444 0.928606
-0.073432 -0.809409 2.743907 0.956731
-0.350058 -0.849822 2.623238 0.000000
-0.097129 -0.843140 2.602675 0.000000
-0.145965 0.517447 2.655675 0.750000
-0.374514 0.336032 2.735754 1.000000
-0.085980 0.314274 2.653473 1.000000
-0.248462 0.424200 2.596686 0.000000
-0.236188 0.197049 2.699793 0.000000
-0.394547 0.041435 2.624259 0.817308
-0.070766 0.053329 2.551104 1.000000
-0.218265 0.043988 2.650827 0.000000
-0.472159 0.539296 2.615327 1.000000
0.041284 0.520254 2.571440 1.000000
-0.589436 0.769533 2.548858 1.000000
0.149543 0.747247 2.482358 1.000000
-0.615382 0.824699 2.550114 0.543269
0.181910 0.798745 2.486640 0.913462
-0.307746 -0.439524 2.669529 1.000000
-0.110271 -0.428022 2.659549 1.000000
-0.321924 -0.818622 2.768262 0.791106
-0.073171 -0.809116 2.743544 0.962981
-0.353469 -0.853734 2.628914 0.000000
-0.103278 -0.842902 2.603552 0.000000
-0.147666 0.512316 2.649093 0.870192
-0.380691 0.347685 2.736145 1.000000
-0.089479 0.306936 2.664164 1.000000
-0.242447 0.426225 2.600657 0.057692
-0.248160 0.199732 2.705765 0.000000
-0.395146 0.047048 2.614567 0.923077
-0.067176 0.057241 2.562999 1.000000
-0.220988 0.048264 2.652717 0.000000
-0.477348 0.549936 2.610909 1.000000
0.039600 0.513065 2.581812 1.000000
-0.580722 0.780362 2.521303 1.000000
0.111433 0.746214 2.470941 1.000000
-0.577802 0.838890 2.504453 0.610577
0.108767 0.806723 2.463895 1.000000
-0.305060 -0.434720 2.665308 1.000000
-0.111477 -0.426205 2.653198 1.000000
-0.323403 -0.812760 2.767354 0.900481
-0.072129 -0.806128 2.741366 1.000000
-0.345236 -0.849689 2.626623 0.000000
-0.092479 -0.841064 2.599905 0.000000
-0.153496 0.518211 2.650749 0.985577
-0.378254 0.343780 2.729341 1.000000
-0.087999 0.305944 2.665081 1.000000
-0.240061 0.422825 2.596769 0.096154
-0.245727 0.197309 2.703959 0.000000
-0.396418 0.046732 2.610614 1.000000
-0.064635 0.053596 2.562707 1.000000
-0.221210 0.047396 2.650782 0.000000
-0.468438 0.554854 2.612309 1.000000
0.032521 0.518432 2.583189 1.000000
-0.566122 0.789183 2.523712 1.000000
0.116881 0.744036 2.463659 1.000000
-0.544925 0.842574 2.503264 0.795673
0.103301 0.793588 2.430822 0.576923
-0.307703 -0.435878 2.663847 1.000000
-0.111626 -0.428373 2.655871 1.000000
-0.325632 -0.813894 2.766057 1.000000
-0.073039 -0.807989 2.745687 1.000000
-0.346115 -0.851015 2.625173 0.000000
-0.091864 -0.843394 2.604131 0.000000
-0.160781 0.512989 2.644863 0.980769
-0.374413 0.333225 2.722449 1.000000
-0.078888 0.324249 2.665845 1.000000
-0.241371 0.430010 2.597945 0.091346
-0.229631 0.200452 2.695638 0.000000
-0.395246 0.046323 2.609156 1.000000
-0.063844 0.068336 2.563223 1.000000
-0.220502 0.055103 2.650372 0.000000
-0.474582 0.544775 2.615881 1.000000
0.048934 0.530389 2.580336 1.000000
-0.591855 0.776653 2.548639 1.000000
0.165457 0.759462 2.502945 1.000000
-0.609787 0.834930 2.548105 0.627404
0.189458 0.813464 2.517974 0.846154
-0.301362 -0.430917 2.666754 1.000000
-0.111505 -0.419744 2.649297 1.000000
-0.326972 -0.808920 2.767359 0.816106
-0.075389 -0.796509 2.751315 1.000000
-0.345235 -0.845311 2.625980 0.000000
-0.091361 -0.836159 2.610537 0.000000
-0.164056 0.517418 2.632497 0.932692
-0.369987 0.332389 2.712221 1.000000
-0.070196 0.337189 2.676559 1.000000
-0.234226 0.434371 2.596351 0.110577
-0.218558 0.206502 2.697393 0.000000
-0.388954 0.050011 2.595380 1.000000
-0.062644 0.076215 2.566267 0.836538
-0.219982 0.062440 2.645413 0.000000
-0.482212 0.545190 2.622081 1.000000
0.072077 0.530543 2.585037 1.000000
-0.618613 0.767249 2.559038 1.000000
0.206915 0.755204 2.528152 1.000000
-0.635501 0.825600 2.564326 0.358173
0.241754 0.800236 2.549981 1.000000
-0.308042 -0.424895 2.662175 1.000000
-0.113406 -0.413803 2.647267 1.000000
-0.322980 -0.801939 2.768375 0.919231
-0.076937 -0.791935 2.743965 0.997356
-0.335319 -0.841234 2.627132 0.000000
-0.086435 -0.829169 2.601947 0.000000
-0.166802 0.524143 2.632364 0.701923
-0.359983 0.315926 2.709163 1.000000
-0.060851 0.343372 2.673856 1.000000
-0.233246 0.425392 2.591289 0.158654
-0.200179 0.201860 2.697680 0.000000
-0.387538 0.044328 2.598390 1.000000
-0.060685 0.052576 2.565055 1.000000
-0.217497 0.047026 2.646223 0.000000
-0.492025 0.521955 2.631734 1.000000
0.102095 0.522209 2.588158 1.000000
-0.635385 0.740443 2.572882 1.000000
0.237641 0.744726 2.525978 1.000000
-0.677100 0.784803 2.569713 0.694712
0.268306 0.792463 2.548313 0.762019
-0.305735 -0.436362 2.665195 1.000000
-0.114575 -0.430101 2.659119 1.000000
-0.323792 -0.814087 2.768450 0.816106
-0.070904 -0.809000 2.749629 0.959856
-0.338467 -0.852035 2.627063 0.000000
-0.084146 -0.844487 2.607463 0.000000
-0.174649 0.521993 2.628649 0.913462
-0.355228 0.326762 2.696295 1.000000
-0.047732 0.340466 2.684860 1.000000
-0.212217 0.424369 2.583886 0.033654
-0.198007 0.206046 2.704353 0.000000
-0.378159 0.054090 2.597661 0.711538
-0.057176 0.035669 2.572177 1.000000
-0.212834 0.039898 2.649401 0.000000
-0.542271 0.491980 2.638653 1.000000
0.156743 0.466346 2.595706 1.000000
-0.726176 0.681642 2.597887 1.000000
0.320548 0.662599 2.517555 1.000000
-0.768434 0.724707 2.606707 0.980769
0.352385 0.710923 2.536769 1.000000
-0.304424 -0.434119 2.667187 1.000000
-0.110399 -0.438520 2.660404 1.000000
-0.327305 -0.812071 2.768641 0.834856
-0.067833 -0.816646 2.754602 1.000000
-0.340354 -0.849326 2.626910 0.000000
-0.079918 -0.853369 2.612647 0.000000
-0.182784 0.534033 2.611187 0.855769
-0.362467 0.332266 2.699795 1.000000
-0.047078 0.330107 2.686118 1.000000
-0.210105 0.423588 2.587302 0.009615
-0.206498 0.203451 2.705224 0.000000
-0.375071 0.053541 2.596270 0.913462
-0.058409 0.029819 2.572638 1.000000
-0.212361 0.035930 2.648904 0.000000
-0.589194 0.446545 2.641907 1.000000
0.190664 0.403538 2.609289 1.000000
-0.813729 0.588886 2.585464 1.000000
0.397554 0.555950 2.520802 1.000000
-0.852895 0.633832 2.598269 0.812500
0.430259 0.604992 2.536403 1.000000
-0.305265 -0.435217 2.670105 1.000000
-0.110775 -0.442374 2.660919 1.000000
-0.323978 -0.813530 2.771064 0.837981
-0.067494 -0.820459 2.754952 1.000000
-0.336851 -0.850725 2.629302 0.000000
-0.079539 -0.857146 2.612985 0.000000
-0.185975 0.529577 2.595328 0.802885
-0.377378 0.332161 2.698813 1.000000
-0.053905 0.321146 2.683972 1.000000
-0.217451 0.417646 2.584414 0.000000
-0.219341 0.199144 2.705378 0.000000
-0.369464 0.050601 2.596283 0.932692
-0.052700 0.021230 2.582332 1.000000
-0.208922 0.028623 2.653714 0.000000
-0.631003 0.366765 2.645832 1.000000
0.201251 0.322669 2.627199 1.000000
-0.887988 0.449231 2.606069 1.000000
0.445305 0.393184 2.527759 1.000000
-0.935548 0.486804 2.612729 0.543269
0.493035 0.423190 2.550987 0.711538
-0.308206 -0.438486 2.675135 1.000000
-0.110055 -0.449573 2.664898 1.000000
-0.321730 -0.818334 2.771037 0.853606
-0.066956 -0.827809 2.758408 1.000000
-0.331070 -0.853964 2.628598 0.000000
-0.075197 -0.863948 2.616029 0.000000
-0.193187 0.527015 2.587762 0.764423
-0.382835 0.312543 2.710633 1.000000
-0.061034 0.305460 2.673613 1.000000
-0.231736 0.403649 2.588812 0.028846
-0.223639 0.181049 2.701785 0.000000
-0.373371 0.026813 2.608299 1.000000
-0.056534 0.016615 2.578181 1.000000
-0.209108 0.013932 2.657360 0.000000
-0.620000 0.208528 2.670918 1.000000
0.170048 0.183394 2.655058 1.000000
-0.877443 0.140118 2.609214 1.000000
0.427762 0.108317 2.602987 1.000000
-0.938003 0.147121 2.607983 0.257212
0.485380 0.091648 2.592017 0.000000
-0.308767 -0.456167 2.684658 1.000000
-0.108839 -0.458347 2.673729 1.000000
-0.319795 -0.838230 2.771664 0.791106
-0.064629 -0.838996 2.756289 0.953606
-0.334731 -0.870320 2.628860 0.000000
-0.079343 -0.871655 2.613591 0.038462
-0.195636 0.505108 2.584183 1.000000
-0.381184 0.305319 2.705770 1.000000
-0.058810 0.301480 2.673579 1.000000
-0.229203 0.397933 2.586205 0.000000
-0.220556 0.175438 2.699342 0.000000
-0.369904 0.026580 2.608033 0.923077
-0.053343 0.005585 2.580742 1.000000
-0.206549 0.009048 2.658659 0.000000
-0.555785 0.117749 2.690928 1.000000
0.107869 0.106364 2.679593 1.000000
-0.770065 -0.027848 2.622743 1.000000
0.321617 -0.042890 2.617959 1.000000
-0.818878 -0.060977 2.607323 0.000000
0.370210 -0.076972 2.603987 0.000000
-0.309674 -0.459359 2.686462 1.000000
-0.108442 -0.465490 2.678885 1.000000
-0.318016 -0.841667 2.772690 0.856731
-0.065645 -0.846945 2.758412 0.975481
-0.332830 -0.873565 2.629831 0.000000
-0.080497 -0.878414 2.615462 0.000000
-0.197186 0.505598 2.589722 1.000000
-0.378385 0.298969 2.697462 1.000000
-0.055336 0.294590 2.673045 1.000000
-0.223585 0.389200 2.579704 0.000000
-0.217667 0.169039 2.697490 0.000000
-0.366721 0.022469 2.606750 0.951923
-0.050070 -0.002903 2.584730 1.000000
-0.204364 0.004131 2.660222 0.000000
-0.486428 0.061933 2.699892 1.000000
0.056785 0.060889 2.699092 1.000000
-0.623883 -0.162709 2.632370 1.000000
0.200128 -0.163184 2.642865 1.000000
-0.651429 -0.217057 2.630013 1.000000
0.222797 -0.219723 2.640129 0.576923
-0.307973 -0.464049 2.691140 1.000000
-0.108886 -0.473248 2.681110 1.000000
-0.316649 -0.846591 2.776290 0.828606
-0.061104 -0.853587 2.763109 1.000000
-0.329485 -0.878158 2.633166 0.000000
-0.073790 -0.885999 2.620160 0.000000
-0.196327 0.503694 2.591373 1.000000
-0.374671 0.308912 2.689387 1.000000
-0.051714 0.287663 2.674450 1.000000
-0.212493 0.386021 2.572239 0.000000
-0.220714 0.171429 2.699760 0.000000
-0.364098 0.011243 2.604694 0.451923
-0.046533 -0.007794 2.591016 0.788462
-0.202726 -0.001570 2.662574 0.000000
-0.407591 0.045296 2.696124 0.907692
-0.011257 0.026969 2.706456 1.000000
-0.431114 -0.221415 2.623793 1.000000
0.037556 -0.244869 2.681137 1.000000
-0.431269 -0.280407 2.608367 0.000000
0.041752 -0.305229 2.673577 0.492788
-0.311526 -0.473035 2.692800 1.000000
-0.107475 -0.481694 2.681732 1.000000
-0.314170 -0.856222 2.775414 0.922356
-0.060872 -0.862691 2.761316 1.000000
-0.323305 -0.887109 2.631858 0.000000
-0.068845 -0.893663 2.617709 0.000000
-0.193790 0.500010 2.577704 1.000000
-0.373737 0.305225 2.684166 1.000000
-0.050215 0.290426 2.674646 1.000000
-0.211390 0.382653 2.567463 0.000000
-0.217141 0.171346 2.700487 0.000000
-0.358540 0.003502 2.596273 0.519231
-0.040130 0.000523 2.594692 0.509615
-0.199029 0.000234 2.660312 0.000000
-0.415469 0.040122 2.689806 1.000000
-0.025604 0.024847 2.704892 1.000000
-0.413111 -0.228031 2.608778 1.000000
-0.021717 -0.251100 2.656770 1.000000
-0.406767 -0.287282 2.595848 0.442308
-0.003631 -0.308228 2.668057 0.156250
-0.309533 -0.474148 2.694097 1.000000
-0.106284 -0.478787 2.684575 1.000000
-0.311257 -0.857505 2.775944 0.950481
-0.059524 -0.860317 2.761464 1.000000
-0.313831 -0.888208 2.632082 0.000000
-0.060853 -0.889538 2.617276 0.057692
-0.193323 0.502207 2.577775 1.000000
-0.375574 0.299692 2.683465 1.000000
-0.051909 0.290287 2.672139 1.000000
-0.215152 0.380563 2.566435 0.000000
-0.216714 0.168305 2.698053 0.000000
-0.362190 0.009120 2.606039 0.701923
-0.044315 -0.006049 2.595002 0.576923
-0.201037 0.000803 2.665333 0.000000
-0.433774 0.035446 2.680620 1.000000
-0.015339 0.025006 2.710994 1.000000
-0.446964 -0.224928 2.572074 1.000000
-0.001489 -0.253552 2.666675 1.000000
-0.431716 -0.283192 2.562546 0.745192
-0.014430 -0.313052 2.669905 0.475962
-0.304881 -0.474814 2.694718 1.000000
-0.104568 -0.480717 2.689087 1.000000
-0.310753 -0.857954 2.777384 0.906731
-0.059762 -0.863099 2.762845 1.000000
-0.317984 -0.888840 2.633720 0.000000
-0.066399 -0.891685 2.618676 0.038462
-0.187425 0.501416 2.581038 1.000000
-0.372860 0.296275 2.678819 1.000000
-0.049220 0.281661 2.674387 1.000000
-0.208795 0.372835 2.563959 0.000000
-0.216440 0.162670 2.698686 0.000000
-0.358925 0.005596 2.608012 0.923077
-0.040909 -0.008669 2.600364 0.865385
-0.198267 0.000511 2.668989 0.000000
-0.453292 0.038396 2.638655 1.000000
0.007069 0.017159 2.712519 1.000000
-0.519465 -0.215291 2.526861 1.000000
0.050790 -0.262369 2.678066 1.000000
-0.519339 -0.270583 2.501153 0.560096
0.020075 -0.313874 2.689106 0.459135
-0.301596 -0.478455 2.696734 1.000000
-0.096888 -0.484092 2.689729 1.000000
-0.313878 -0.860958 2.781614 0.831731
-0.059270 -0.867046 2.764529 1.000000
-0.319398 -0.892640 2.638047 0.000000
-0.063763 -0.895662 2.620284 0.096154
-0.184611 0.498574 2.584518 1.000000
-0.366833 0.303013 2.674031 1.000000
-0.043878 0.277017 2.674726 1.000000
-0.198637 0.370413 2.559407 0.000000
-0.215499 0.164684 2.700014 0.000000
-0.354975 -0.001428 2.598725 0.740385
-0.036820 -0.007763 2.610297 0.971154
-0.198130 0.001183 2.669069 0.000000
-0.460509 0.048657 2.631456 1.000000
0.011964 0.010672 2.709749 1.000000
-0.543570 -0.193343 2.502870 1.000000
0.071846 -0.266753 2.671702 1.000000
-0.572873 -0.246309 2.495521 0.442308
0.047720 -0.316054 2.698261 0.274038
-0.292093 -0.480846 2.706288 1.000000
-0.094793 -0.486078 2.692207 1.000000
-0.321148 -0.865711 2.774838 0.984856
-0.057441 -0.869155 2.766507 1.000000
-0.316155 -0.891860 2.630141 0.000000
-0.052199 -0.896658 2.622071 0.019231
-0.182275 0.495098 2.572800 1.000000
-0.365284 0.303358 2.671285 1.000000
-0.042094 0.280737 2.674765 1.000000
-0.196759 0.373491 2.558805 0.000000
-0.212747 0.166403 2.697505 0.000000
-0.353070 0.003671 2.601051 0.740385
-0.034895 -0.003622 2.611454 0.913462
-0.195923 0.007241 2.670675 0.000000
-0.467305 0.051040 2.629197 1.000000
0.012140 0.013307 2.711961 1.000000
-0.555192 -0.194420 2.508232 1.000000
0.070658 -0.265079 2.670925 1.000000
-0.567467 -0.241740 2.471788 0.610577
0.048355 -0.317653 2.692295 0.290865
-0.292859 -0.477312 2.700511 1.000000
-0.090657 -0.481637 2.690995 1.000000
-0.315485 -0.860970 2.777704 0.906731
-0.056784 -0.864542 2.767810 1.000000
-0.311614 -0.890199 2.633564 0.000000
-0.051650 -0.893026 2.623560 0.000000
-0.179579 0.498811 2.574730 1.000000
-0.366542 0.303217 2.667267 1.000000
-0.043094 0.284903 2.671935 1.000000
-0.198639 0.373756 2.554112 0.000000
-0.212297 0.168713 2.696062 0.000000
-0.352046 0.001109 2.594350 1.000000
-0.034278 -0.003318 2.614366 0.461538
-0.197066 0.008299 2.668408 0.000000
-0.457671 0.046007 2.635091 1.000000
0.000893 0.016070 2.707860 1.000000
-0.532014 -0.202988 2.513834 1.000000
0.020189 -0.265918 2.659501 1.000000
-0.551720 -0.260197 2.506296 0.509615
0.003555 -0.320502 2.680993 0.492788
-0.280635 -0.478570 2.701652 1.000000
-0.081786 -0.480678 2.692019 1.000000
-0.320453 -0.861041 2.777770 1.000000
-0.055841 -0.864895 2.765285 1.000000
-0.311452 -0.890606 2.633927 0.000000
-0.045462 -0.891709 2.620997 0.019231
-0.182254 0.498553 2.566736 1.000000
