-0.367354 0.296109 2.706943 1.000000
-0.043735 0.280411 2.706303 1.000000
-0.201291 0.380283 2.600599 0.000000
-0.211708 0.160692 2.719134 0.000000
-0.353498 -0.000995 2.598886 1.000000
-0.042052 0.003016 2.601797 0.509615
-0.198451 0.006608 2.664950 0.000000
-0.445368 0.034214 2.675545 1.000000
-0.004246 0.008944 2.726489 1.000000
-0.511667 -0.202668 2.527564 1.000000
0.019642 -0.273074 2.678506 1.000000
-0.516502 -0.260114 2.507698 0.526442
0.014687 -0.333113 2.687937 0.189904
-0.280025 -0.478678 2.701245 1.000000
-0.088079 -0.477518 2.689327 1.000000
-0.320283 -0.862565 2.769615 1.000000
-0.055067 -0.860904 2.764091 1.000000
-0.317786 -0.888612 2.624836 0.000000
-0.052946 -0.888885 2.619667 0.000000
-0.185857 0.509761 2.640734 1.000000
-0.371041 0.291041 2.704443 1.000000
-0.047244 0.280147 2.700872 1.000000
-0.207374 0.373952 2.593492 0.000000
-0.213233 0.158458 2.719615 0.000000
-0.358337 0.005858 2.594640 1.000000
-0.047277 -0.007938 2.603279 0.461538
-0.204353 0.004552 2.663554 0.000000
-0.425629 0.021314 2.683751 1.000000
-0.012595 0.007433 2.725102 1.000000
-0.458862 -0.234534 2.555731 1.000000
0.010726 -0.269739 2.650376 1.000000
-0.465104 -0.294291 2.545327 0.644231
0.036296 -0.324933 2.646155 0.122596
-0.283647 -0.476578 2.700969 1.000000
-0.086032 -0.481701 2.688556 1.000000
-0.321587 -0.860745 2.769087 1.000000
-0.056352 -0.864600 2.767115 1.000000
-0.317263 -0.886835 2.624358 0.076923
-0.052048 -0.893837 2.622988 0.019231
-0.184955 0.506438 2.633977 1.000000
-0.368565 0.290946 2.700266 1.000000
-0.044956 0.275357 2.703458 1.000000
-0.201327 0.374038 2.594916 0.000000
-0.213035 0.155722 2.715665 0.000000
-0.344798 0.001151 2.586907 0.548077
-0.033626 -0.002834 2.600311 0.480769
-0.191946 0.003176 2.658281 0.000000
-0.399589 0.015810 2.691428 1.000000
-0.009377 0.000955 2.716805 1.000000
-0.414790 -0.259329 2.603961 1.000000
0.021578 -0.282569 2.669487 1.000000
-0.410155 -0.317540 2.586406 0.000000
-0.006762 -0.330043 2.695199 0.509615
-0.300875 -0.476451 2.693604 1.000000
-0.095617 -0.482575 2.683614 1.000000
-0.315023 -0.859493 2.775718 0.944231
-0.059036 -0.864494 2.764008 1.000000
-0.309951 -0.890493 2.631986 0.000000
-0.052874 -0.894208 2.620046 0.038462
-0.187170 0.505702 2.637740 1.000000
-0.366786 0.287316 2.705859 1.000000
-0.043056 0.275145 2.700646 1.000000
-0.203131 0.374003 2.597813 0.000000
-0.209534 0.153523 2.714973 0.000000
-0.342540 0.005992 2.591547 0.490385
-0.031148 0.006178 2.599174 0.538462
-0.188432 0.008074 2.660165 0.000000
-0.402024 0.012404 2.691062 1.000000
0.007808 0.002378 2.707630 1.000000
-0.408597 -0.262408 2.599730 1.000000
0.053183 -0.271978 2.626536 1.000000
-0.443831 -0.311894 2.594459 0.072115
0.062597 -0.329725 2.609368 0.000000
-0.302928 -0.470672 2.691651 1.000000
-0.099505 -0.475984 2.680459 1.000000
-0.312127 -0.853307 2.776324 0.969231
-0.059206 -0.856833 2.764091 1.000000
-0.310246 -0.885136 2.632696 0.000000
-0.055779 -0.888034 2.620353 0.000000
-0.185940 0.506070 2.645957 1.000000
-0.366318 0.281338 2.712535 1.000000
-0.042710 0.273216 2.698814 1.000000
-0.206649 0.370157 2.600337 0.000000
-0.207225 0.149511 2.717358 0.000000
-0.351113 0.001897 2.594166 0.711538
-0.039744 -0.006410 2.595874 1.000000
-0.195736 -0.000436 2.659848 0.000000
-0.422360 0.015050 2.655717 1.000000
0.033191 0.010978 2.646389 1.000000
-0.455057 -0.247923 2.537625 1.000000
0.106662 -0.251591 2.547248 1.000000
-0.450983 -0.308341 2.544777 0.576923
0.139805 -0.302708 2.549828 0.257212
-0.300786 -0.478701 2.692205 1.000000
-0.096185 -0.484192 2.683569 1.000000
-0.311815 -0.860447 2.780596 0.947356
-0.058593 -0.865685 2.765509 1.000000
-0.312723 -0.893609 2.637260 0.000000
-0.058198 -0.896544 2.621658 0.000000
-0.194629 0.505737 2.656547 1.000000
-0.369344 0.292852 2.733215 1.000000
-0.047512 0.286881 2.696279 1.000000
-0.219236 0.378421 2.606263 0.000000
-0.208851 0.162655 2.731628 0.000000
-0.358750 -0.000226 2.614761 0.759615
-0.048477 0.001540 2.587367 1.000000
-0.197921 0.002327 2.665647 0.000000
-0.461827 0.093210 2.567145 1.000000
0.062528 0.091025 2.536527 1.000000
-0.552156 -0.094257 2.368495 1.000000
0.144092 -0.092796 2.330803 1.000000
-0.579808 -0.127584 2.325567 0.526442
0.162126 -0.131284 2.287082 0.000000
-0.297773 -0.480284 2.695655 1.000000
-0.100206 -0.478930 2.684711 1.000000
-0.317238 -0.864371 2.771567 0.825481
-0.056667 -0.860151 2.764953 1.000000
-0.330031 -0.892165 2.627659 0.000000
-0.069019 -0.891697 2.621781 0.000000
-0.200591 0.515865 2.655221 1.000000
-0.369499 0.293361 2.742774 0.798077
-0.047324 0.289912 2.708601 0.740385
-0.218572 0.384217 2.620554 0.000000
-0.208503 0.163874 2.737716 0.000000
-0.355722 0.012095 2.610058 0.663462
-0.044524 0.004485 2.599080 1.000000
-0.197828 0.008640 2.669382 0.000000
-0.471210 0.181526 2.522949 1.000000
0.049361 0.186311 2.482560 0.892308
-0.576997 0.077289 2.287436 1.000000
0.118217 0.077220 2.235820 0.538462
-0.600248 0.054297 2.235969 0.000000
0.132675 0.053859 2.181384 0.000000
-0.299436 -0.471825 2.688442 1.000000
-0.100130 -0.474946 2.682321 1.000000
-0.312375 -0.854784 2.771141 0.884856
-0.058737 -0.856517 2.762034 1.000000
-0.318959 -0.885596 2.627429 0.000000
-0.064061 -0.887136 2.618229 0.019231
-0.200539 0.515428 2.663461 1.000000
-0.363532 0.288007 2.756235 0.644231
-0.042931 0.292441 2.709636 0.730769
-0.218712 0.390664 2.635984 0.000000
-0.201195 0.161925 2.734731 0.000000
-0.357588 0.011853 2.626364 0.923077
-0.049577 0.016755 2.580237 1.000000
-0.193969 0.013756 2.667436 0.000000
-0.458260 0.272566 2.511830 1.000000
0.021428 0.242676 2.459982 0.400000
-0.563835 0.248582 2.260091 1.000000
0.098048 0.103329 2.236812 0.000000
-0.586988 0.243470 2.203914 0.000000
0.119648 0.065372 2.194258 0.000000
-0.298529 -0.469552 2.687130 1.000000
-0.098808 -0.465207 2.678625 1.000000
-0.312171 -0.852488 2.769824 0.869231
-0.060138 -0.845733 2.764462 0.981731
-0.334505 -0.882422 2.627518 0.000000
-0.080594 -0.879768 2.622797 0.000000
-0.199192 0.510753 2.668364 1.000000
-0.365467 0.303338 2.752641 0.336538
-0.046343 0.297474 2.696952 1.000000
-0.220847 0.401573 2.628519 0.000000
-0.208003 0.172104 2.726284 0.000000
-0.362534 0.015467 2.619180 0.740385
-0.050957 0.019698 2.577627 1.000000
-0.198161 0.016676 2.662681 0.000000
-0.428051 0.397506 2.516950 1.000000
-0.015138 0.378902 2.450516 0.800000
-0.483968 0.506468 2.273170 1.000000
-0.048873 0.508789 2.212989 1.000000
-0.493579 0.532724 2.218982 1.000000
-0.062541 0.547506 2.167908 1.000000
-0.294724 -0.465186 2.689824 1.000000
-0.097683 -0.461200 2.676899 1.000000
-0.312541 -0.848853 2.768224 0.878606
-0.058437 -0.842174 2.760458 1.000000
-0.331620 -0.877209 2.625124 0.000000
-0.076745 -0.875246 2.618272 0.000000
-0.216022 0.519905 2.659501 0.975962
-0.371287 0.329889 2.770300 1.000000
-0.062434 0.318612 2.676088 0.894231
-0.241892 0.424100 2.627637 0.000000
-0.219910 0.196015 2.727001 0.000000
-0.374139 0.024322 2.633611 1.000000
-0.066645 0.046982 2.558119 1.000000
-0.204885 0.035010 2.658835 0.000000
-0.414639 0.456741 2.541812 1.000000
-0.036926 0.451386 2.448277 1.000000
-0.441811 0.620776 2.320928 1.000000
-0.110522 0.629981 2.250481 1.000000
-0.442300 0.661102 2.275194 1.000000
-0.135485 0.682369 2.231763 1.000000
-0.292023 -0.453063 2.682163 1.000000
-0.101339 -0.437699 2.669675 1.000000
-0.314021 -0.835369 2.765962 0.881731
-0.061014 -0.818094 2.755334 1.000000
-0.347350 -0.864219 2.625596 0.000000
-0.092710 -0.852846 2.615931 0.000000
-0.214767 0.542605 2.654304 0.610577
-0.360454 0.328093 2.752306 1.000000
-0.056637 0.343720 2.665197 1.000000
-0.241393 0.431463 2.611194 0.000000
-0.200181 0.207997 2.714845 0.000000
-0.373162 0.038475 2.635515 0.576923
-0.066697 0.057538 2.545089 1.000000
-0.201520 0.046995 2.652480 0.000000
-0.403168 0.494562 2.549537 1.000000
-0.043334 0.510456 2.458621 1.000000
-0.401723 0.698783 2.361806 1.000000
-0.162087 0.715787 2.314787 1.000000
-0.391307 0.748077 2.327459 0.829327
-0.193530 0.765164 2.331855 0.963942
-0.287564 -0.440560 2.676838 1.000000
-0.099818 -0.425912 2.660748 1.000000
-0.320671 -0.820537 2.767310 0.884856
-0.064952 -0.806693 2.747086 1.000000
-0.359919 -0.850135 2.628640 0.000000
-0.103269 -0.841431 2.609351 0.000000
-0.217005 0.544988 2.621866 0.740385
-0.356654 0.345116 2.731258 1.000000
-0.057312 0.363487 2.661725 1.000000
-0.236446 0.447140 2.595296 0.009615
-0.197213 0.226697 2.705952 0.000000
-0.373914 0.061295 2.623217 0.682692
-0.061734 0.064977 2.541628 1.000000
-0.201410 0.060517 2.645111 0.000000
-0.401736 0.542775 2.563520 1.000000
-0.026203 0.561998 2.491834 1.000000
-0.361818 0.773116 2.419436 1.000000
-0.169352 0.773515 2.390939 1.000000
-0.325170 0.821717 2.415834 0.661058
-0.210063 0.801838 2.426415 0.694712
-0.286784 -0.422234 2.669230 1.000000
-0.103286 -0.415005 2.651913 1.000000
-0.325240 -0.801796 2.759328 0.872356
-0.069864 -0.794991 2.742233 1.000000
-0.360341 -0.831419 2.619556 0.000000
-0.105125 -0.830950 2.603996 0.000000
-0.210847 0.551201 2.606094 0.706731
-0.357630 0.341905 2.722580 1.000000
-0.059798 0.354036 2.659284 1.000000
-0.233687 0.444817 2.592319 0.014423
-0.202421 0.219911 2.696334 0.000000
-0.376209 0.064580 2.597786 0.980769
-0.058450 0.086469 2.546052 0.798077
-0.206873 0.074997 2.635923 0.000000
-0.408938 0.552437 2.574817 1.000000
-0.001670 0.564757 2.514344 1.000000
-0.399371 0.791871 2.442515 1.000000
-0.092010 0.799217 2.405756 1.000000
-0.361390 0.837160 2.427537 0.812500
-0.143816 0.823254 2.427120 0.543269
-0.288690 -0.411591 2.662954 1.000000
-0.106776 -0.401213 2.640067 1.000000
-0.329573 -0.788727 2.761752 1.000000
-0.071807 -0.777583 2.743928 1.000000
-0.350230 -0.823543 2.620306 0.000000
-0.091714 -0.818075 2.603893 0.000000
-0.206381 0.546295 2.618018 0.730769
-0.356007 0.333533 2.710086 1.000000
-0.058901 0.353003 2.657043 1.000000
-0.232158 0.440142 2.584908 0.091346
-0.198932 0.215316 2.688486 0.000000
-0.374749 0.063060 2.587485 0.875000
-0.058838 0.083691 2.538055 0.807692
-0.206926 0.075747 2.626826 0.000000
-0.431735 0.551058 2.586248 1.000000
0.032655 0.561264 2.528076 1.000000
-0.475235 0.800890 2.485367 1.000000
0.012214 0.812167 2.422646 1.000000
-0.453398 0.855257 2.468471 0.644231
-0.013336 0.861292 2.397111 0.307692
-0.297361 -0.411743 2.661543 1.000000
-0.110935 -0.402617 2.639935 1.000000
-0.325145 -0.789214 2.763561 0.944231
-0.070915 -0.777598 2.746947 0.906731
-0.346185 -0.825760 2.622609 0.000000
-0.090627 -0.819550 2.607314 0.038462
-0.204171 0.543975 2.617723 0.663462
-0.358652 0.345282 2.697889 1.000000
-0.059843 0.345195 2.650310 1.000000
-0.225668 0.440753 2.572439 0.004808
-0.208224 0.217183 2.682400 0.000000
-0.372898 0.069458 2.571663 0.788462
-0.057118 0.080232 2.534104 0.865385
-0.207563 0.080387 2.617070 0.000000
-0.477743 0.549971 2.601932 1.000000
0.064045 0.539342 2.539646 1.000000
-0.597355 0.780181 2.540240 1.000000
0.164101 0.776063 2.468500 1.000000
-0.622178 0.835207 2.548841 0.442308
0.199055 0.824370 2.481253 0.795673
-0.300407 -0.406113 2.660655 1.000000
-0.113030 -0.401533 2.642908 1.000000
-0.322281 -0.783543 2.764252 0.912981
-0.068984 -0.774946 2.753753 0.897356
-0.338909 -0.821339 2.623040 0.000000
-0.084312 -0.818244 2.613982 0.057692
-0.205828 0.549075 2.628053 0.807692
-0.358224 0.339300 2.698585 1.000000
-0.060855 0.347095 2.641400 1.000000
-0.231991 0.436687 2.567605 0.004808
-0.204568 0.215360 2.680040 0.000000
-0.374076 0.059897 2.575774 1.000000
-0.063176 0.080000 2.529739 1.000000
-0.209542 0.075885 2.616697 0.000000
-0.495948 0.532903 2.604005 1.000000
0.080569 0.534474 2.539991 1.000000
-0.661643 0.739172 2.569008 1.000000
0.241501 0.741110 2.488720 1.000000
-0.709173 0.776291 2.578013 1.000000
0.290494 0.775666 2.499839 1.000000
-0.295411 -0.412052 2.667061 1.000000
-0.113073 -0.402903 2.646567 1.000000
-0.323663 -0.790864 2.763844 0.950481
-0.069694 -0.779261 2.747250 0.925481
-0.342903 -0.825622 2.622184 0.000000
-0.088743 -0.819008 2.606882 0.000000
-0.200975 0.544758 2.633199 0.716346
-0.365785 0.342694 2.694723 1.000000
-0.066356 0.341183 2.642782 1.000000
-0.233334 0.433238 2.563424 0.000000
-0.213859 0.214321 2.682063 0.000000
-0.372400 0.057679 2.572478 1.000000
-0.063374 0.073157 2.528412 1.000000
-0.209103 0.072004 2.614363 0.000000
-0.505952 0.531097 2.591518 1.000000
0.085864 0.520939 2.541240 1.000000
-0.681106 0.732101 2.567452 1.000000
0.249409 0.723569 2.479155 1.000000
-0.733976 0.760502 2.578230 1.000000
0.297684 0.759020 2.490590 1.000000
-0.298837 -0.415699 2.663813 1.000000
-0.113938 -0.408272 2.645842 1.000000
-0.323180 -0.793859 2.764143 0.950481
-0.068206 -0.782106 2.754563 0.912981
-0.342375 -0.830109 2.622851 0.000000
-0.086455 -0.824928 2.614995 0.019231
-0.190391 0.547075 2.629598 0.639423
-0.362948 0.325527 2.708420 1.000000
-0.060307 0.331748 2.658800 1.000000
-0.230139 0.427487 2.585561 0.076923
-0.208789 0.200394 2.687306 0.000000
-0.373044 0.058526 2.576837 1.000000
-0.066192 0.073670 2.534621 1.000000
-0.211056 0.071240 2.619810 0.000000
-0.467620 0.525503 2.583345 1.000000
0.053114 0.525111 2.530984 1.000000
-0.580696 0.753767 2.495952 1.000000
0.151398 0.757527 2.436903 1.000000
-0.616414 0.803022 2.491921 1.000000
0.192409 0.802650 2.436814 1.000000
-0.294899 -0.417666 2.657043 1.000000
-0.112394 -0.409182 2.642906 1.000000
-0.325260 -0.793261 2.765073 0.822356
-0.069026 -0.783449 2.751108 0.966106
-0.343483 -0.832253 2.624384 0.000000
-0.086263 -0.825868 2.611290 0.153846
-0.195221 0.530973 2.640359 0.653846
-0.363513 0.323870 2.723601 1.000000
-0.062512 0.334791 2.658990 1.000000
-0.236615 0.429975 2.596210 0.072115
-0.207759 0.201112 2.691960 0.000000
-0.377263 0.050296 2.588399 1.000000
-0.074275 0.079598 2.529158 1.000000
-0.213786 0.069558 2.622350 0.000000
-0.430480 0.523468 2.571778 1.000000
0.025981 0.537181 2.522676 1.000000
-0.473584 0.759131 2.445338 1.000000
0.043657 0.779906 2.403705 1.000000
-0.489011 0.813513 2.422474 1.000000
0.059931 0.838259 2.396761 1.000000
-0.289962 -0.421412 2.664435 1.000000
-0.113206 -0.406400 2.643300 1.000000
-0.328505 -0.798604 2.763957 0.966106
-0.068451 -0.781813 2.746867 0.978606
-0.352812 -0.833295 2.623062 0.000000
-0.094532 -0.823201 2.608114 0.076923
-0.188353 0.531097 2.638406 0.918269
-0.364648 0.339441 2.718055 1.000000
-0.064673 0.326593 2.663647 1.000000
-0.227044 0.434072 2.594091 0.096154
-0.218969 0.204774 2.692762 0.000000
-0.375415 0.058080 2.581803 0.778846
-0.068307 0.073370 2.541534 1.000000
-0.213588 0.068770 2.625921 0.000000
-0.405868 0.541343 2.561053 1.000000
0.006429 0.537003 2.530286 1.000000
-0.386018 0.763484 2.408225 1.000000
-0.057750 0.765092 2.400078 1.000000
-0.367045 0.811278 2.375455 0.947115
-0.083636 0.820297 2.399440 0.963942
-0.301793 -0.418382 2.660183 1.000000
-0.113813 -0.409990 2.646514 1.000000
-0.323670 -0.795561 2.764685 0.884856
-0.068215 -0.784770 2.751986 0.881731
-0.341600 -0.833585 2.623694 0.000000
-0.084628 -0.826225 2.611780 0.076923
-0.184732 0.535569 2.652105 0.850962
-0.361179 0.328133 2.717480 1.000000
-0.061405 0.339601 2.660069 1.000000
-0.232729 0.435490 2.594218 0.129808
-0.205934 0.205652 2.688214 0.000000
-0.381930 0.045467 2.591866 1.000000
-0.072301 0.076976 2.538803 1.000000
-0.216382 0.063393 2.629258 0.000000
-0.382719 0.537095 2.564954 1.000000
0.002193 0.556145 2.531781 1.000000
-0.354096 0.766713 2.424030 1.000000
-0.114910 0.772844 2.418947 1.000000
-0.327670 0.816218 2.400177 1.000000
-0.164128 0.801703 2.440459 0.879808
-0.305363 -0.425073 2.668363 1.000000
-0.113443 -0.409445 2.652017 1.000000
-0.333295 -0.806475 2.754482 1.000000
-0.070004 -0.786337 2.750655 0.891106
-0.355174 -0.836993 2.612229 0.000000
-0.092054 -0.825539 2.610574 0.057692
-0.183683 0.538835 2.638672 0.990385
-0.365649 0.355671 2.704596 1.000000
-0.065466 0.330616 2.659826 1.000000
-0.219979 0.444217 2.584770 0.004808
-0.224281 0.215117 2.684136 0.000000
-0.374289 0.064563 2.578811 1.000000
-0.059946 0.072572 2.550481 1.000000
-0.211327 0.069769 2.629230 0.000000
-0.416139 0.560848 2.554651 1.000000
0.024010 0.545250 2.545559 1.000000
-0.429401 0.807355 2.444310 1.000000
-0.027570 0.786617 2.435116 1.000000
-0.408604 0.862536 2.428800 1.000000
-0.068643 0.830769 2.444151 0.846154
-0.298753 -0.413012 2.666062 1.000000
-0.113223 -0.408677 2.653644 1.000000
-0.328906 -0.790759 2.766372 0.987981
-0.069417 -0.784759 2.755167 0.984856
-0.341116 -0.827478 2.624427 0.000000
-0.081004 -0.824240 2.613913 0.019231
-0.187890 0.547781 2.628411 0.735577
-0.354438 0.340331 2.691957 1.000000
-0.053135 0.344806 2.654220 1.000000
-0.218138 0.441090 2.574017 0.000000
-0.201819 0.214328 2.677418 0.000000
-0.374516 0.065302 2.568880 1.000000
-0.060152 0.082717 2.545419 0.923077
-0.212746 0.078168 2.621707 0.000000
-0.449564 0.550528 2.576839 1.000000
0.064184 0.546855 2.545146 1.000000
-0.539622 0.788703 2.489805 1.000000
0.093165 0.800318 2.459536 1.000000
-0.553727 0.847509 2.481992 0.560096
0.092510 0.859350 2.474794 0.375000
-0.299437 -0.407410 2.666895 1.000000
-0.113655 -0.400314 2.652643 1.000000
-0.329310 -0.787830 2.756628 1.000000
-0.072863 -0.776085 2.756547 0.878606
-0.338263 -0.820878 2.613543 0.000000
-0.081389 -0.816089 2.615222 0.038462
-0.195565 0.545979 2.619492 0.629808
-0.361993 0.339160 2.689901 1.000000
-0.060465 0.353087 2.651126 1.000000
-0.229516 0.439516 2.567212 0.000000
-0.204723 0.218355 2.680579 0.000000
-0.373479 0.066286 2.568588 1.000000
-0.059996 0.077931 2.532930 0.961538
-0.209678 0.078508 2.614909 0.000000
-0.499141 0.527103 2.586298 1.000000
0.082373 0.531678 2.539017 1.000000
-0.667486 0.730921 2.558588 1.000000
0.229312 0.743768 2.475170 1.000000
-0.718076 0.764454 2.564438 0.997596
0.261473 0.794426 2.486005 0.442308
-0.300386 -0.408782 2.659682 1.000000
-0.114619 -0.402829 2.646948 1.000000
-0.325663 -0.785363 2.765567 1.000000
-0.068839 -0.777848 2.751489 0.912981
-0.341324 -0.823985 2.624468 0.000000
-0.083583 -0.818823 2.610957 0.057692
-0.172880 0.546629 2.612106 0.591346
-0.359977 0.315616 2.691854 1.000000
-0.060189 0.348892 2.646407 1.000000
-0.237595 0.425554 2.567796 0.052885
-0.196495 0.204900 2.677349 0.000000
-0.376086 0.054070 2.573964 1.000000
-0.067512 0.073845 2.523907 0.884615
-0.211910 0.070936 2.612651 0.000000
-0.505543 0.501654 2.599029 1.000000
0.090791 0.519315 2.534259 1.000000
-0.689648 0.687305 2.556607 1.000000
0.264368 0.710736 2.476039 1.000000
-0.740671 0.719834 2.564132 1.000000
0.317782 0.737823 2.487498 1.000000
-0.302531 -0.419105 2.657137 1.000000
-0.113272 -0.407862 2.645495 1.000000
-0.319743 -0.796266 2.762576 0.816106
-0.067458 -0.783212 2.748827 0.922356
-0.341966 -0.834481 2.622250 0.000000
-0.088175 -0.824218 2.609060 0.000000
-0.173857 0.537411 2.623503 0.716346
-0.357580 0.315071 2.697207 1.000000
-0.052134 0.339196 2.663072 1.000000
-0.225388 0.424519 2.581019 0.009615
-0.196010 0.199178 2.684640 0.000000
-0.372280 0.050155 2.561664 0.855769
-0.059906 0.063529 2.542739 1.000000
-0.212405 0.062013 2.616744 0.000000
-0.503212 0.498652 2.597351 1.000000
0.080475 0.508297 2.526319 1.000000
-0.670309 0.697178 2.539616 1.000000
0.229806 0.711175 2.441417 1.000000
-0.719067 0.733731 2.541757 1.000000
0.274706 0.751122 2.451726 1.000000
-0.298909 -0.425180 2.654858 1.000000
-0.110756 -0.419855 2.640097 1.000000
-0.317723 -0.801407 2.763317 0.878606
-0.064420 -0.793092 2.750603 0.953606
-0.325826 -0.841724 2.622056 0.000000
-0.071153 -0.835584 2.609909 0.038462
-0.172964 0.532852 2.643108 0.639423
-0.358993 0.317891 2.708328 1.000000
-0.052514 0.341246 2.674200 1.000000
-0.226565 0.428503 2.593735 0.052885
-0.198113 0.201472 2.693868 0.000000
-0.375827 0.049747 2.576454 0.980769
-0.065841 0.078853 2.542155 1.000000
-0.213982 0.067247 2.623729 0.000000
-0.468246 0.509972 2.585618 1.000000
0.048371 0.507905 2.513154 1.000000
-0.564535 0.729700 2.475918 1.000000
0.095810 0.731790 2.381962 1.000000
-0.593540 0.781067 2.460483 1.000000
0.103892 0.791939 2.376062 0.980769
-0.299882 -0.423704 2.648405 1.000000
-0.110561 -0.410334 2.634188 1.000000
-0.320444 -0.797828 2.763612 0.834856
-0.069416 -0.784426 2.743853 0.931731
-0.335113 -0.840174 2.623478 0.000000
-0.082518 -0.826975 2.603626 0.000000
-0.185124 0.530431 2.654990 0.500000
-0.362985 0.322959 2.717857 1.000000
-0.058110 0.339664 2.673475 1.000000
-0.231504 0.430731 2.598683 0.081731
-0.204582 0.203135 2.697952 0.000000
-0.376151 0.054237 2.576177 0.990385
-0.065375 0.075471 2.543285 1.000000
-0.214110 0.067342 2.624195 0.000000
-0.436058 0.523286 2.573435 1.000000
0.019173 0.520467 2.507145 1.000000
-0.477341 0.751227 2.437123 1.000000
-0.003243 0.746330 2.363178 1.000000
-0.487759 0.805022 2.410372 1.000000
-0.016069 0.804993 2.352590 1.000000
-0.301541 -0.422192 2.645930 1.000000
-0.113083 -0.410866 2.639916 1.000000
-0.316565 -0.794988 2.766186 0.812981
-0.066254 -0.784840 2.747688 0.969231
-0.331476 -0.839379 2.626713 0.000000
-0.078764 -0.826877 2.607252 0.096154
-0.194380 0.534519 2.649472 0.586538
-0.359408 0.325713 2.720339 1.000000
-0.053733 0.336352 2.680440 1.000000
-0.223898 0.432970 2.605323 0.076923
-0.203532 0.202734 2.699958 0.000000
-0.374453 0.058445 2.572003 0.884615
-0.062560 0.077725 2.550426 0.875000
-0.214116 0.069459 2.625906 0.000000
-0.402803 0.529579 2.568779 1.000000
-0.011883 0.525917 2.510944 1.000000
-0.396418 0.747736 2.411604 1.000000
-0.091980 0.742582 2.373183 1.000000
-0.380433 0.791384 2.372140 0.947115
-0.119909 0.796494 2.378794 1.000000
-0.299152 -0.417544 2.651563 1.000000
-0.112464 -0.408771 2.640612 1.000000
-0.314980 -0.791217 2.768959 0.847356
-0.068574 -0.783158 2.748183 1.000000
-0.324336 -0.834863 2.628769 0.000000
-0.076033 -0.824542 2.607196 0.000000
-0.195735 0.532606 2.642454 0.769231
-0.367708 0.311077 2.751693 1.000000
-0.082074 0.342184 2.641228 1.000000
-0.268361 0.427066 2.608411 0.052885
-0.210912 0.199113 2.692768 0.000000
-0.380561 0.045751 2.624324 0.759615
-0.087310 0.095404 2.516483 1.000000
-0.211848 0.072498 2.631351 0.000000
-0.369294 0.505901 2.583725 1.000000
-0.032769 0.556816 2.508284 1.000000
-0.335472 0.720684 2.426255 1.000000
-0.173250 0.748033 2.382691 1.000000
-0.311697 0.767451 2.395180 1.000000
-0.210957 0.794686 2.371747 1.000000
-0.300332 -0.423266 2.654266 1.000000
-0.113549 -0.394684 2.643569 1.000000
-0.317486 -0.798831 2.765262 0.816106
-0.070202 -0.771957 2.740777 0.941106
-0.365752 -0.836190 2.631394 0.000000
-0.127303 -0.811904 2.611203 0.000000
-0.179650 0.518679 2.626338 1.000000
-0.375513 0.319420 2.769877 0.894231
-0.102290 0.323332 2.632555 1.000000
-0.280331 0.423545 2.614130 0.000000
-0.234468 0.193102 2.698817 0.000000
-0.381767 0.045178 2.635570 0.701923
-0.088491 0.087927 2.512014 1.000000
-0.210086 0.067629 2.633607 0.000000
-0.366996 0.502028 2.589291 1.000000
-0.033991 0.545608 2.523202 1.000000
-0.340141 0.719523 2.434720 1.000000
-0.152514 0.758670 2.411514 1.000000
-0.322786 0.766074 2.399367 1.000000
-0.199454 0.795678 2.423558 1.000000
-0.301596 -0.426387 2.658696 1.000000
-0.110461 -0.398305 2.650147 1.000000
-0.318072 -0.802804 2.766876 0.800481
-0.069494 -0.777783 2.739490 0.981731
-0.372925 -0.838289 2.635051 0.000000
-0.128061 -0.814671 2.609664 0.000000
-0.191658 0.507330 2.613888 0.966346
-0.361265 0.344442 2.729064 1.000000
-0.081870 0.287077 2.635596 1.000000
-0.230039 0.414549 2.582760 0.000000
-0.240649 0.188989 2.689480 0.000000
-0.386467 0.040694 2.604608 0.971154
-0.067703 0.054329 2.540736 1.000000
-0.214337 0.047356 2.636261 0.000000
-0.388191 0.544383 2.570319 1.000000
-0.016557 0.519531 2.548414 1.000000
-0.388366 0.774474 2.433077 1.000000
-0.064019 0.751911 2.423819 1.000000
-0.368067 0.822678 2.401735 1.000000
-0.100338 0.800060 2.414835 1.000000
-0.298614 -0.437343 2.670035 1.000000
-0.107042 -0.425914 2.658180 1.000000
-0.318035 -0.816479 2.767723 0.866106
-0.069059 -0.805943 2.746490 0.975481
-0.345354 -0.851236 2.627397 0.000000
-0.095586 -0.841209 2.606139 0.000000
-0.181278 0.519255 2.631629 1.000000
-0.369716 0.345502 2.731554 1.000000
-0.085940 0.309848 2.636928 1.000000
-0.244768 0.425597 2.584918 0.000000
-0.237561 0.199875 2.691581 0.000000
-0.393064 0.046578 2.618186 1.000000
-0.067447 0.058893 2.537392 1.000000
-0.214672 0.053672 2.640737 0.000000
-0.440916 0.542503 2.577486 1.000000
0.027221 0.526965 2.549346 1.000000
-0.538501 0.777831 2.483979 1.000000
0.090379 0.764482 2.434271 1.000000
-0.558663 0.834979 2.477224 0.862981
0.088294 0.824800 2.425584 0.879808
-0.294898 -0.433307 2.669960 1.000000
-0.105990 -0.420617 2.659953 1.000000
-0.320584 -0.812304 2.766736 0.822356
-0.068127 -0.802368 2.740553 1.000000
-0.353923 -0.845632 2.627368 0.000000
-0.101432 -0.835127 2.601041 0.000000
-0.163367 0.513964 2.612120 1.000000
-0.372381 0.359943 2.709158 1.000000
-0.076687 0.322153 2.647215 1.000000
-0.231429 0.434342 2.573376 0.000000
-0.235123 0.213701 2.690350 0.000000
-0.390076 0.056736 2.599432 1.000000
-0.060893 0.064523 2.553058 1.000000
-0.216473 0.062085 2.640454 0.000000
-0.493096 0.547437 2.577361 1.000000
0.062638 0.516233 2.547123 1.000000
-0.648846 0.762612 2.527145 1.000000
0.190651 0.736128 2.455808 1.000000
-0.689718 0.807172 2.535010 0.644231
0.220087 0.789485 2.457958 1.000000
-0.294386 -0.424275 2.664233 1.000000
-0.105324 -0.416619 2.653553 1.000000
-0.324425 -0.801863 2.765175 0.853606
-0.067592 -0.795604 2.746348 1.000000
-0.343125 -0.838161 2.623829 0.000000
-0.085725 -0.832028 2.604961 0.000000
-0.171967 0.532623 2.607606 0.836538
-0.370337 0.351869 2.697790 1.000000
-0.069283 0.337377 2.650311 1.000000
-0.231561 0.433071 2.565573 0.000000
-0.222110 0.217477 2.691307 0.000000
-0.384299 0.063780 2.593559 1.000000
-0.054050 0.050230 2.557165 1.000000
-0.212027 0.058095 2.639812 0.000000
-0.524604 0.528328 2.588300 1.000000
0.094402 0.508089 2.545484 1.000000
-0.715560 0.715239 2.549677 1.000000
0.263558 0.705752 2.473324 1.000000
-0.771010 0.731642 2.569022 0.475962
0.309241 0.744207 2.485667 0.711538
-0.291171 -0.422333 2.669394 1.000000
-0.107080 -0.424125 2.658321 1.000000
-0.325977 -0.800870 2.765113 0.916106
-0.067931 -0.804673 2.743846 1.000000
-0.341500 -0.835394 2.622941 0.000000
-0.084348 -0.838337 2.601568 0.000000
-0.172533 0.540960 2.610137 0.543269
-0.358003 0.323867 2.696972 1.000000
-0.052733 0.345517 2.659134 1.000000
-0.226741 0.424121 2.571862 0.000000
-0.196440 0.207465 2.692365 0.000000
-0.378611 0.051208 2.601586 0.759615
-0.055404 0.036591 2.546343 1.000000
-0.206050 0.044624 2.637883 0.000000
-0.534992 0.490196 2.613125 1.000000
0.129559 0.489058 2.548744 1.000000
-0.724774 0.673518 2.565339 1.000000
0.320487 0.668868 2.492867 1.000000
-0.781202 0.696404 2.562155 0.593750
0.375037 0.689008 2.511219 1.000000
-0.295088 -0.435216 2.671082 1.000000
-0.106345 -0.436040 2.660719 1.000000
-0.327500 -0.814437 2.764917 0.956731
-0.063608 -0.817569 2.739920 1.000000
-0.352406 -0.847256 2.623678 0.000000
-0.089401 -0.849774 2.598699 0.000000
-0.171426 0.538445 2.612842 0.774038
-0.357708 0.330188 2.691242 1.000000
-0.049758 0.337216 2.668033 1.000000
-0.215618 0.420757 2.570046 0.000000
-0.201096 0.206698 2.697901 0.000000
-0.375559 0.047648 2.589464 0.769231
-0.052732 0.031501 2.562237 1.000000
-0.208734 0.038792 2.640474 0.000000
-0.541619 0.489558 2.611902 1.000000
0.140901 0.469223 2.559681 1.000000
-0.725211 0.675826 2.557524 1.000000
0.322992 0.653329 2.494056 1.000000
-0.778568 0.704834 2.562967 0.492788
0.374669 0.682496 2.508085 1.000000
-0.293888 -0.437326 2.675889 1.000000
-0.106140 -0.442030 2.661787 1.000000
-0.325239 -0.817900 2.764461 1.000000
-0.062003 -0.823176 2.742055 1.000000
-0.338353 -0.850091 2.621501 0.000000
-0.075579 -0.854870 2.599027 0.000000
-0.169380 0.540105 2.607476 0.884615
-0.358001 0.334366 2.694869 1.000000
-0.046697 0.334648 2.675847 1.000000
-0.210504 0.423962 2.577372 0.000000
-0.202747 0.207140 2.701095 0.000000
-0.373013 0.054246 2.591548 0.923077
-0.052627 0.031887 2.563586 1.000000
-0.207339 0.040843 2.642151 0.000000
-0.558438 0.477005 2.617084 1.000000
0.156332 0.448656 2.564705 1.000000
-0.747187 0.654092 2.542781 1.000000
0.343503 0.624730 2.484253 1.000000
-0.778045 0.704584 2.557494 0.425481
0.392778 0.659184 2.494402 1.000000
-0.298584 -0.434063 2.668315 1.000000
-0.106519 -0.439945 2.661252 1.000000
-0.322940 -0.812180 2.768804 0.809856
-0.063142 -0.819555 2.748880 1.000000
-0.337119 -0.848939 2.627053 0.000000
-0.077397 -0.854035 2.606564 0.000000
-0.172015 0.540348 2.608732 0.783654
-0.360427 0.328438 2.697402 1.000000
-0.042516 0.321438 2.680718 1.000000
-0.206094 0.415536 2.581827 0.000000
-0.204507 0.197466 2.703572 0.000000
-0.368372 0.048913 2.588538 0.788462
-0.049411 0.022237 2.575997 1.000000
-0.206745 0.030848 2.646914 0.000000
-0.591652 0.428282 2.622333 1.000000
0.191938 0.383805 2.579667 1.000000
-0.811846 0.571608 2.543591 1.000000
0.407952 0.519577 2.479010 1.000000
-0.849748 0.618530 2.552530 0.829327
0.451931 0.559510 2.492769 1.000000
-0.301727 -0.439535 2.671325 1.000000
-0.107752 -0.448707 2.666146 1.000000
-0.319581 -0.817905 2.772225 0.794231
-0.060756 -0.828198 2.752411 1.000000
-0.327698 -0.855399 2.630190 0.000000
-0.068739 -0.861702 2.609375 0.000000
-0.177441 0.534450 2.607934 0.725962
-0.370916 0.325776 2.698359 1.000000
-0.047577 0.312635 2.682400 1.000000
-0.210821 0.410297 2.583481 0.000000
-0.213742 0.191712 2.704274 0.000000
-0.367001 0.034958 2.594015 1.000000
-0.051887 0.025845 2.578380 1.000000
-0.206412 0.024547 2.650716 0.000000
-0.618839 0.366750 2.614755 1.000000
0.203477 0.316585 2.598193 1.000000
-0.866771 0.464024 2.540894 1.000000
0.448427 0.392216 2.494911 1.000000
-0.919481 0.490137 2.556952 0.980769
0.492637 0.428089 2.516742 0.846154
-0.301951 -0.447052 2.680598 1.000000
-0.107368 -0.450550 2.670215 1.000000
-0.318401 -0.827695 2.772815 0.816106
-0.062538 -0.830132 2.757231 1.000000
-0.326637 -0.861946 2.629970 0.000000
-0.070439 -0.863845 2.614239 0.000000
-0.184099 0.528141 2.600592 0.870192
-0.369967 0.316527 2.698715 1.000000
-0.046556 0.302764 2.684873 1.000000
-0.208809 0.402635 2.586533 0.000000
-0.213201 0.181937 2.703374 0.000000
-0.359775 0.031850 2.591293 1.000000
-0.047820 0.011802 2.584410 0.817308
-0.202721 0.016386 2.652468 0.000000
-0.624664 0.286635 2.625228 1.000000
0.202081 0.231434 2.619632 1.000000
-0.889846 0.300174 2.541528 1.000000
0.460973 0.224855 2.517446 1.000000
-0.946959 0.319450 2.550726 0.862981
0.513483 0.248866 2.537047 0.475962
-0.303890 -0.451677 2.685904 1.000000
-0.107606 -0.460753 2.677558 1.000000
-0.318769 -0.833223 2.774590 0.831731
-0.060173 -0.841153 2.759474 1.000000
-0.324207 -0.866309 2.631336 0.000000
-0.065687 -0.872760 2.615890 0.057692
-0.180616 0.517170 2.600844 1.000000
-0.374063 0.303656 2.694584 1.000000
-0.050301 0.297575 2.683731 1.000000
-0.214087 0.391025 2.581687 0.000000
-0.214087 0.173136 2.703768 0.000000
-0.356226 0.023124 2.593614 0.759615
-0.044451 -0.000245 2.589683 1.000000
-0.199887 0.006582 2.656319 0.000000
-0.581321 0.142738 2.646793 1.000000
0.147606 0.120875 2.656452 1.000000
-0.818213 0.020108 2.567288 1.000000
0.375102 -0.027440 2.595417 1.000000
-0.878618 0.018897 2.575525 0.778846
0.425176 -0.059740 2.582479 0.000000
-0.305757 -0.460566 2.691232 1.000000
-0.106451 -0.471186 2.685030 1.000000
-0.314045 -0.843474 2.774758 0.847356
-0.061986 -0.852997 2.761888 1.000000
-0.318783 -0.874716 2.631067 0.000000
-0.066799 -0.882554 2.617842 0.000000
-0.171950 0.511229 2.605987 1.000000
-0.365761 0.304723 2.685914 1.000000
-0.042225 0.288925 2.693021 1.000000
-0.197191 0.388285 2.583091 0.000000
-0.210505 0.169327 2.702502 0.000000
-0.353594 0.021920 2.593367 0.730769
-0.042077 -0.004602 2.597675 1.000000
-0.199084 0.004505 2.660230 0.000000
-0.514262 0.084455 2.664617 1.000000
0.095008 0.060486 2.695641 1.000000
-0.696685 -0.118258 2.609968 1.000000
0.269804 -0.146864 2.633922 1.000000
-0.725150 -0.171646 2.602384 1.000000
0.318409 -0.183642 2.632163 0.324519
-0.304195 -0.462710 2.693564 1.000000
-0.101999 -0.475441 2.685488 1.000000
-0.313086 -0.846729 2.771759 1.000000
-0.060838 -0.857420 2.763343 1.000000
-0.314252 -0.876058 2.627591 0.000000
-0.061652 -0.886887 2.619201 0.000000
-0.179848 0.503731 2.596184 1.000000
-0.368310 0.298856 2.698642 1.000000
-0.044973 0.282143 2.686404 1.000000
-0.205584 0.386229 2.589751 0.000000
-0.212944 0.162588 2.700699 0.000000
-0.358363 0.015110 2.598194 0.798077
-0.043366 -0.002027 2.593569 1.000000
-0.200089 0.003320 2.660651 0.000000
-0.451530 0.043143 2.690480 1.000000
0.034647 0.026907 2.716343 1.000000
-0.559437 -0.207572 2.624655 1.000000
0.161151 -0.220655 2.677038 1.000000
-0.573459 -0.265882 2.635676 0.778846
0.177705 -0.269306 2.709857 0.375000
-0.303277 -0.467584 2.694879 1.000000
-0.103042 -0.475219 2.688254 1.000000
-0.313585 -0.851524 2.773291 0.900481
-0.059967 -0.856922 2.766431 1.000000
-0.317689 -0.880846 2.629176 0.000000
-0.064101 -0.886878 2.622447 0.000000
-0.174627 0.504585 2.616163 1.000000
-0.362906 0.299569 2.681955 1.000000
-0.040319 0.272552 2.695505 1.000000
-0.189400 0.379771 2.584824 0.000000
-0.212697 0.158583 2.698455 0.000000
-0.356521 0.017327 2.580640 0.451923
-0.042324 -0.004959 2.598571 0.519231
-0.203291 0.003697 2.654297 0.000000
-0.390917 0.029066 2.684848 0.907692
-0.012460 0.003292 2.721733 1.000000
-0.398994 -0.250442 2.636162 1.000000
0.018230 -0.278872 2.720375 1.000000
-0.408085 -0.310635 2.632674 0.021635
-0.001644 -0.334526 2.735399 0.475962
-0.307218 -0.463545 2.695863 1.000000
-0.101318 -0.475451 2.690385 1.000000
-0.314141 -0.846627 2.778714 0.856731
-0.059656 -0.858421 2.762927 1.000000
-0.309016 -0.877797 2.635020 0.000000
-0.054394 -0.885232 2.618361 0.000000
-0.180463 0.505056 2.619069 1.000000
-0.365490 0.301590 2.693108 1.000000
-0.041768 0.288187 2.692558 1.000000
-0.199909 0.389013 2.588650 0.000000
-0.208904 0.167059 2.702818 0.000000
-0.358586 0.021632 2.592422 0.442308
-0.043990 -0.002188 2.592446 0.490385
-0.201775 0.003361 2.656974 0.000000
-0.404832 0.032705 2.703913 1.000000
-0.024085 0.018091 2.718991 0.953846
-0.418592 -0.240505 2.628247 1.000000
-0.028276 -0.251946 2.631694 0.913462
-0.412768 -0.299962 2.640453 0.576923
-0.009449 -0.304358 2.656524 0.072115
-0.300972 -0.460464 2.697965 1.000000
-0.097320 -0.470461 2.690241 1.000000
-0.311271 -0.844655 2.775138 0.850481
-0.057346 -0.853320 2.764302 1.000000
-0.313990 -0.873554 2.630905 0.028846
-0.060837 -0.881606 2.619963 0.000000
-0.174595 0.512493 2.622098 1.000000
-0.365822 0.293933 2.696352 1.000000
-0.041931 0.290285 2.688791 1.000000
-0.205300 0.384685 2.586954 0.000000
-0.205036 0.164348 2.704557 0.000000
-0.352141 0.015917 2.603391 0.865385
-0.037520 -0.006541 2.596519 0.500000
-0.193952 -0.002724 2.664379 0.000000
-0.425215 0.027072 2.693086 1.000000
-0.012355 0.020575 2.722475 1.000000
-0.478897 -0.234362 2.592141 1.000000
-0.009450 -0.258256 2.661947 1.000000
-0.466165 -0.286130 2.621738 0.576923
-0.013635 -0.312135 2.690189 0.240385
-0.296376 -0.467409 2.698840 1.000000
-0.095611 -0.476376 2.692947 1.000000
-0.312681 -0.851432 2.775810 0.784856
-0.059021 -0.859882 2.765393 1.000000
-0.318106 -0.880104 2.631608 0.000000
-0.065372 -0.887751 2.621072 0.000000
-0.181646 0.509489 2.618489 1.000000
-0.356805 0.296171 2.699150 1.000000
-0.033505 0.275894 2.692674 1.000000
-0.191510 0.378039 2.589851 0.000000
-0.202898 0.158559 2.708501 0.000000
-0.350378 0.009914 2.602494 1.000000
-0.035388 -0.005449 2.593376 0.682692
-0.191117 -0.000011 2.662727 0.000000
-0.453867 0.040455 2.669195 1.000000
0.007660 0.005083 2.718664 1.000000
-0.540757 -0.203455 2.545024 1.000000
0.067124 -0.273392 2.681575 1.000000
-0.559001 -0.261232 2.551878 0.543269
0.035902 -0.321962 2.701176 0.644231
-0.296277 -0.472032 2.699247 1.000000
-0.093023 -0.478526 2.692641 1.000000
-0.311243 -0.855891 2.777301 0.891106
-0.058761 -0.862761 2.762307 1.000000
-0.317058 -0.884967 2.633195 0.000000
-0.065095 -0.889531 2.617777 0.019231
-0.180572 0.507595 2.629161 1.000000
-0.356889 0.295257 2.699176 1.000000
-0.033496 0.275550 2.697099 1.000000
-0.190359 0.376020 2.590934 0.000000
-0.202860 0.158090 2.712298 0.000000
-0.347924 0.009774 2.591549 0.826923
-0.033195 -0.008099 2.604364 0.961538
-0.193173 0.001288 2.662756 0.000000
-0.462255 0.042191 2.666679 1.000000
0.016913 0.004611 2.712943 1.000000
-0.562071 -0.193004 2.533584 1.000000
0.090138 -0.269604 2.663560 1.000000
-0.571455 -0.245618 2.504227 0.475962
0.070128 -0.327141 2.666230 0.442308
-0.299385 -0.471608 2.700058 1.000000
-0.095395 -0.482140 2.691801 1.000000
-0.310846 -0.855884 2.776639 0.994231
-0.056202 -0.865329 2.764560 1.000000
-0.307182 -0.884735 2.632418 0.000000
-0.052138 -0.892362 2.619997 0.038462
-0.182011 0.506272 2.628913 1.000000
-0.356810 0.298685 2.707473 1.000000
-0.033695 0.275795 2.700467 1.000000
-0.190860 0.381180 2.599646 0.000000
-0.204072 0.159624 2.714178 0.000000
-0.348417 0.014016 2.593439 0.673077
-0.033591 -0.003581 2.604061 1.000000
-0.193140 0.006119 2.663563 0.000000
-0.463415 0.045826 2.671469 1.000000
0.019882 0.004602 2.713966 1.000000
-0.554771 -0.175192 2.509500 1.000000
0.091217 -0.268300 2.651797 1.000000
-0.581834 -0.225831 2.488972 0.240385
0.072359 -0.322853 2.671454 0.408654
-0.298459 -0.468014 2.699026 1.000000
-0.096562 -0.478164 2.690482 1.000000
-0.312702 -0.851520 2.778927 0.972356
-0.055449 -0.860402 2.767088 1.000000
-0.309930 -0.881622 2.634941 0.000000
-0.052115 -0.888960 2.622800 0.000000
-0.183132 0.508651 2.638128 1.000000
-0.356060 0.295149 2.707624 1.000000
-0.032935 0.272502 2.700340 1.000000
-0.190006 0.380611 2.602297 0.000000
-0.203308 0.155975 2.710652 0.000000
-0.351124 0.011147 2.592351 0.855769
-0.036001 -0.000629 2.602171 0.663462
-0.195508 0.007237 2.662056 0.000000
-0.452512 0.035424 2.690282 1.000000
0.011357 -0.001245 2.713044 1.000000
-0.528758 -0.197540 2.535860 1.000000
0.065893 -0.280225 2.657118 1.000000
-0.536448 -0.236927 2.489951 0.324519
0.049791 -0.330616 2.687442 0.274038
-0.296146 -0.469235 2.699611 1.000000
-0.094241 -0.476789 2.688758 1.000000
-0.314445 -0.852396 2.780339 0.844231
-0.059422 -0.859853 2.764349 1.000000
-0.311215 -0.882868 2.636440 0.000000
-0.055832 -0.888013 2.619989 0.019231
-0.184565 0.507520 2.645221 1.000000
-0.362269 0.291376 2.706675 1.000000
-0.038784 0.274658 2.699357 1.000000
-0.197898 0.378818 2.600338 0.000000
-0.206957 0.155100 2.711006 0.000000
-0.350531 0.009201 2.588269 1.000000
-0.035502 -0.000818 2.602218 0.509615
-0.195816 0.006324 2.660002 0.000000
-0.435318 0.023429 2.693813 1.000000
0.000370 -0.000314 2.711793 1.000000
-0.485256 -0.226081 2.554382 1.000000
0.030058 -0.284347 2.660475 1.000000
-0.490155 -0.286772 2.551130 0.408654
0.012364 -0.327798 2.699425 0.408654
-0.297987 -0.469716 2.699826 1.000000
-0.094848 -0.477254 2.689654 1.000000
-0.311932 -0.853124 2.780248 1.000000
-0.059377 -0.860151 2.765780 1.000000
-0.306818 -0.883487 2.636381 0.000000
-0.053825 -0.888326 2.621485 0.000000
-0.185249 0.506900 2.644610 1.000000
-0.365974 0.282172 2.706806 1.000000
-0.042104 0.283031 2.697662 1.000000
-0.207176 0.379087 2.600214 0.000000
-0.203498 0.154473 2.709367 0.000000
-0.358588 0.004788 2.598825 0.509615
-0.043230 -0.000197 2.590916 0.548077
-0.199256 0.004069 2.659679 0.000000
-0.409879 0.007595 2.693800 1.000000
-0.009240 0.007054 2.713341 1.000000
-0.442265 -0.261622 2.589531 1.000000
-0.000607 -0.279192 2.664477 1.000000
-0.457782 -0.314115 2.616397 0.274038
0.023074 -0.334793 2.672593 0.105769
-0.290126 -0.474171 2.702055 1.000000
-0.095784 -0.476787 2.689441 1.000000
-0.322412 -0.858541 2.771921 0.912981
-0.057688 -0.859256 2.766451 1.000000
-0.325900 -0.884562 2.627157 0.000000
-0.061896 -0.888687 2.622361 0.000000
-0.188041 0.506043 2.643268 1.000000
