-0.284182 0.370477 2.672725 1.000000
0.073245 0.358800 2.689273 1.000000
-0.099657 0.406283 2.584867 0.000000
-0.115178 0.213417 2.783998 0.000000
-0.256400 -0.015037 2.646986 0.615385
0.024642 -0.014352 2.657783 0.855769
-0.120652 0.009153 2.775100 0.000000
-0.346278 0.111230 2.646811 1.000000
0.118825 0.095135 2.677452 1.000000
-0.326072 -0.173305 2.598937 1.000000
0.086701 -0.187288 2.623914 1.000000
-0.330842 -0.240847 2.607710 0.879808
0.079485 -0.255066 2.619966 1.000000
-0.289676 -0.574705 2.680456 1.000000
-0.024357 -0.588788 2.703881 1.000000
-0.318119 -0.991464 2.768955 1.000000
-0.047745 -1.007159 2.786023 1.000000
-0.331850 -1.025425 2.604613 0.000000
-0.034548 -1.040208 2.621451 0.000000
-0.085561 0.670727 2.571094 1.000000
-0.292405 0.369470 2.669583 1.000000
0.064652 0.358371 2.693054 1.000000
-0.106268 0.407541 2.586193 0.000000
-0.125195 0.210595 2.780989 0.000000
-0.259758 -0.015541 2.630831 0.846154
0.019779 -0.017963 2.661736 0.769231
-0.133318 0.005816 2.768610 0.000000
-0.352972 0.109614 2.644591 1.000000
0.110931 0.094969 2.675851 1.000000
-0.344224 -0.174523 2.590317 1.000000
0.087937 -0.189033 2.625152 1.000000
-0.352529 -0.230914 2.552731 0.644231
0.081558 -0.256990 2.623492 0.980769
-0.288665 -0.578698 2.678041 1.000000
-0.030107 -0.591448 2.702626 1.000000
-0.322838 -0.994900 2.767129 1.000000
-0.045683 -1.009118 2.790024 1.000000
-0.320340 -1.030335 2.602544 0.000000
-0.021345 -1.044111 2.627134 0.000000
-0.093566 0.673671 2.581157 1.000000
-0.299838 0.370016 2.672309 1.000000
0.057244 0.353358 2.691769 1.000000
-0.114042 0.406947 2.587656 0.000000
-0.133810 0.206721 2.778993 0.000000
-0.266679 -0.013282 2.632326 1.000000
0.014355 -0.016816 2.642767 1.000000
-0.130438 0.007984 2.760436 0.000000
-0.361748 0.110330 2.648009 1.000000
0.101278 0.089404 2.675967 1.000000
-0.378929 -0.173378 2.593062 1.000000
0.104273 -0.195216 2.623173 1.000000
-0.362474 -0.228886 2.556872 0.644231
0.079828 -0.258729 2.628660 1.000000
-0.288270 -0.577981 2.675466 1.000000
-0.031801 -0.589284 2.696307 1.000000
-0.319764 -0.994446 2.764315 1.000000
-0.049064 -1.006524 2.785424 1.000000
-0.328270 -1.028917 2.599726 0.000000
-0.036128 -1.042101 2.621360 0.000000
-0.106859 0.668312 2.574347 1.000000
-0.312546 0.361936 2.671721 1.000000
0.044887 0.353362 2.689961 1.000000
-0.127924 0.404112 2.586949 0.000000
-0.142439 0.201366 2.776091 0.000000
-0.270374 -0.018360 2.619982 1.000000
0.009427 -0.019695 2.648470 1.000000
-0.142824 0.003833 2.756600 0.000000
-0.377893 0.102257 2.657901 1.000000
0.105337 0.092224 2.683134 1.000000
-0.445147 -0.171796 2.592969 1.000000
0.182238 -0.181561 2.628612 1.000000
-0.411630 -0.231244 2.594993 0.677885
0.142681 -0.235930 2.616744 0.745192
-0.288603 -0.583266 2.676422 1.000000
-0.038854 -0.593197 2.693606 1.000000
-0.319562 -0.997935 2.773484 1.000000
-0.050667 -1.009020 2.789941 1.000000
-0.316625 -1.036511 2.609614 0.000000
-0.027648 -1.047285 2.627595 0.000000
-0.117375 0.663826 2.572605 1.000000
-0.328385 0.362954 2.669110 1.000000
0.028173 0.357784 2.700795 1.000000
-0.141319 0.413106 2.594670 0.000000
-0.159944 0.197942 2.769166 0.000000
-0.284255 -0.021339 2.620701 1.000000
-0.004127 -0.017629 2.645522 1.000000
-0.155353 0.000890 2.756038 0.000000
-0.436047 0.118307 2.691247 1.000000
0.141986 0.115006 2.694594 1.000000
-0.585113 -0.121987 2.628570 1.000000
0.307629 -0.118387 2.650093 1.000000
-0.601002 -0.184681 2.606694 0.745192
0.330125 -0.179422 2.629352 0.879808
-0.293638 -0.586416 2.676056 1.000000
-0.043631 -0.592415 2.693051 1.000000
-0.321460 -1.000741 2.775506 1.000000
-0.052804 -1.009853 2.782442 1.000000
-0.319747 -1.040146 2.611815 0.000000
-0.031659 -1.045274 2.619199 0.000000
-0.128611 0.662815 2.573466 1.000000
-0.338389 0.366822 2.676247 1.000000
0.018982 0.360550 2.696508 1.000000
-0.153663 0.417419 2.596457 0.000000
-0.167257 0.200342 2.769037 0.000000
-0.295591 -0.021832 2.620577 1.000000
-0.014946 -0.012880 2.636687 1.000000
-0.162965 0.001907 2.752002 0.000000
-0.495536 0.149557 2.683604 1.000000
0.183066 0.148349 2.696794 1.000000
-0.692440 -0.059764 2.647182 1.000000
0.405470 -0.034048 2.662426 1.000000
-0.745522 -0.095800 2.623829 0.896635
0.456862 -0.071393 2.637408 0.879808
-0.296312 -0.586565 2.671854 1.000000
-0.047263 -0.588602 2.691315 1.000000
-0.320720 -1.000791 2.772604 1.000000
-0.054953 -1.005774 2.782076 1.000000
-0.323611 -1.040417 2.608984 0.000000
-0.038428 -1.041687 2.618408 0.000000
-0.138690 0.665530 2.574083 1.000000
-0.348697 0.367831 2.684245 1.000000
0.008802 0.358824 2.700910 1.000000
-0.164412 0.420158 2.604548 0.000000
-0.177719 0.197220 2.769512 0.000000
-0.300481 -0.020686 2.610188 1.000000
-0.020410 -0.016500 2.635569 1.000000
-0.171887 0.001051 2.745898 0.000000
-0.553618 0.194694 2.683873 1.000000
0.221683 0.195762 2.693051 1.000000
-0.801305 0.052738 2.634558 1.000000
0.489921 0.093523 2.653963 1.000000
-0.849629 0.005050 2.627328 0.997596
0.557155 0.083133 2.648208 1.000000
-0.302246 -0.586843 2.673328 1.000000
-0.051314 -0.590047 2.689710 1.000000
-0.318955 -1.001945 2.772022 1.000000
-0.052779 -1.005940 2.786461 1.000000
-0.315614 -1.041011 2.608275 0.000000
-0.030714 -1.043835 2.623896 0.000000
-0.144205 0.661053 2.575026 1.000000
-0.350329 0.372659 2.692904 1.000000
0.007298 0.365998 2.707840 1.000000
-0.166783 0.426724 2.612663 0.000000
-0.177792 0.202711 2.776335 0.000000
-0.307510 -0.013587 2.613328 1.000000
-0.026845 -0.008665 2.630774 1.000000
-0.175144 0.003793 2.746005 0.000000
-0.602344 0.284489 2.666399 1.000000
0.264612 0.301012 2.668419 1.000000
-0.886911 0.263478 2.616057 1.000000
0.553063 0.320883 2.649568 1.000000
-0.953487 0.249895 2.622741 1.000000
0.617735 0.332433 2.668165 1.000000
-0.304076 -0.580277 2.678558 1.000000
-0.060610 -0.583521 2.685050 1.000000
-0.325196 -0.994990 2.778037 1.000000
-0.054079 -0.999527 2.781100 1.000000
-0.324018 -1.034320 2.614324 0.000000
-0.038285 -1.037003 2.617710 0.000000
-0.157679 0.664126 2.575682 1.000000
-0.347720 0.372972 2.698188 1.000000
0.010173 0.366280 2.703823 1.000000
-0.166337 0.424908 2.611858 0.000000
-0.173115 0.204874 2.781063 0.000000
-0.309678 -0.006177 2.616893 1.000000
-0.028742 -0.005380 2.630159 1.000000
-0.175116 0.007061 2.747827 0.000000
-0.611870 0.359091 2.653135 1.000000
0.273396 0.380636 2.653769 1.000000
-0.888909 0.406702 2.582793 1.000000
0.549312 0.466933 2.634064 1.000000
-0.956891 0.409547 2.588444 1.000000
0.609706 0.496772 2.645190 1.000000
-0.307224 -0.574918 2.674579 1.000000
-0.064970 -0.579573 2.681232 1.000000
-0.318565 -0.988991 2.778233 1.000000
-0.055586 -0.996454 2.773165 1.000000
-0.322236 -1.029774 2.614913 0.000000
-0.042913 -1.032339 2.609148 0.000000
-0.159988 0.663910 2.573543 1.000000
-0.352681 0.375787 2.705024 1.000000
-0.002703 0.376035 2.697680 1.000000
-0.178495 0.428590 2.610605 0.000000
-0.174659 0.213529 2.786177 0.000000
-0.313453 -0.002710 2.629283 1.000000
-0.032298 -0.006298 2.622906 1.000000
-0.169948 0.003022 2.750936 0.000000
-0.608198 0.426142 2.640363 1.000000
0.247270 0.452793 2.637450 1.000000
-0.858590 0.536206 2.544632 1.000000
0.501420 0.587461 2.602144 1.000000
-0.918863 0.567987 2.548955 1.000000
0.551675 0.626780 2.626434 0.778846
-0.309372 -0.573914 2.674753 1.000000
-0.071413 -0.579468 2.678761 1.000000
-0.324710 -0.987603 2.779419 1.000000
-0.052637 -0.995365 2.773666 1.000000
-0.339034 -1.028253 2.616654 0.000000
-0.052759 -1.032829 2.609512 0.000000
-0.164791 0.667885 2.568537 1.000000
-0.353580 0.392807 2.718075 1.000000
-0.016032 0.379710 2.699490 1.000000
-0.185840 0.436803 2.616816 0.000000
-0.184088 0.225829 2.797310 0.000000
-0.317976 0.010781 2.640358 1.000000
-0.037643 0.005485 2.618292 1.000000
-0.167925 0.012028 2.753975 0.000000
-0.565135 0.514548 2.609223 1.000000
0.187800 0.527424 2.609721 1.000000
-0.749009 0.700898 2.487727 1.000000
0.384687 0.728508 2.545705 1.000000
-0.777786 0.762549 2.482015 1.000000
0.410854 0.783488 2.576592 0.475962
-0.305991 -0.563548 2.665697 1.000000
-0.075162 -0.567236 2.674279 1.000000
-0.326723 -0.976276 2.773194 1.000000
-0.059159 -0.983631 2.767485 1.000000
-0.348968 -1.017295 2.611414 0.000000
-0.068287 -1.020691 2.603493 0.000000
-0.163328 0.676998 2.574031 0.889423
-0.353748 0.398281 2.722867 1.000000
-0.020278 0.381725 2.711350 1.000000
-0.185713 0.442210 2.626083 0.000000
-0.190247 0.228023 2.802704 0.000000
-0.314924 0.021996 2.635054 1.000000
-0.034049 0.013165 2.623533 1.000000
-0.169317 0.018931 2.754282 0.000000
-0.530021 0.547973 2.594281 1.000000
0.147400 0.552377 2.598319 1.000000
-0.639069 0.776544 2.461934 1.000000
0.278007 0.787137 2.500947 1.000000
-0.651489 0.842066 2.447299 1.000000
0.299014 0.851890 2.506177 0.425481
-0.301129 -0.554247 2.657742 1.000000
-0.073692 -0.558611 2.672302 1.000000
-0.324723 -0.966256 2.767382 1.000000
-0.058436 -0.976726 2.757606 1.000000
-0.340441 -1.008525 2.605159 0.000000
-0.062008 -1.010502 2.592692 0.000000
-0.163504 0.680960 2.598814 0.687500
-0.354899 0.394269 2.723287 1.000000
-0.026118 0.387545 2.713198 1.000000
-0.191115 0.442244 2.626728 0.000000
-0.189976 0.229768 2.805457 0.000000
-0.317508 0.022098 2.631330 1.000000
-0.036466 0.015697 2.622619 1.000000
-0.173055 0.021427 2.751989 0.000000
-0.490125 0.568733 2.587335 1.000000
0.092803 0.578154 2.583844 1.000000
-0.516011 0.814329 2.455462 1.000000
0.170905 0.829632 2.488782 1.000000
-0.496810 0.878022 2.440097 1.000000
0.176654 0.894789 2.508352 0.576923
-0.299481 -0.553954 2.654007 1.000000
-0.075137 -0.556549 2.674726 1.000000
-0.321148 -0.961899 2.778267 1.000000
-0.059291 -0.974221 2.762066 1.000000
-0.336186 -1.010033 2.617621 0.000000
-0.061203 -1.008752 2.597281 0.000000
-0.163454 0.680024 2.605572 0.625000
-0.351221 0.388281 2.716366 1.000000
-0.026959 0.395523 2.719700 1.000000
-0.189547 0.444157 2.627045 0.000000
-0.186579 0.229935 2.803657 0.000000
-0.315518 0.017877 2.615836 1.000000
-0.034525 0.017458 2.627866 1.000000
-0.180355 0.024421 2.746657 0.000000
-0.412473 0.592424 2.576139 1.000000
0.029298 0.598482 2.575713 1.000000
-0.354314 0.844603 2.481627 1.000000
0.033786 0.859888 2.488788 1.000000
-0.323106 0.905161 2.486136 1.000000
0.028030 0.927780 2.484411 0.778846
-0.300100 -0.554758 2.659617 1.000000
-0.073770 -0.557221 2.673568 1.000000
-0.324444 -0.967325 2.766974 1.000000
-0.056299 -0.975970 2.755259 1.000000
-0.326004 -1.009639 2.604010 0.000000
-0.046072 -1.007738 2.590225 0.000000
-0.160997 0.681177 2.606653 0.653846
-0.344551 0.385819 2.714371 1.000000
-0.022856 0.396602 2.713064 1.000000
-0.185971 0.442730 2.622339 0.000000
-0.178115 0.229971 2.800562 0.000000
-0.317281 0.015319 2.620739 1.000000
-0.036071 0.017682 2.624848 1.000000
-0.178535 0.020293 2.747824 0.000000
-0.375851 0.595490 2.574387 1.000000
0.006455 0.606626 2.573179 1.000000
-0.280720 0.839431 2.492487 1.000000
-0.040273 0.865838 2.496429 1.000000
-0.234932 0.889729 2.498412 1.000000
-0.064051 0.929735 2.500091 0.829327
-0.302321 -0.556353 2.657697 1.000000
-0.072658 -0.556879 2.679557 1.000000
-0.320155 -0.967284 2.772357 1.000000
-0.057494 -0.977125 2.753668 1.000000
-0.328135 -1.012164 2.610269 0.000000
-0.052633 -1.006185 2.587891 0.000000
-0.156832 0.679882 2.610334 0.625000
-0.324365 0.423818 2.700508 1.000000
-0.004908 0.382744 2.765901 1.000000
-0.140052 0.461046 2.649132 0.000000
-0.200138 0.237256 2.802099 0.000000
-0.309106 0.023856 2.598410 1.000000
-0.034328 0.021540 2.658354 1.000000
-0.198333 0.026889 2.750548 0.000000
-0.369456 0.626238 2.555480 1.000000
-0.008583 0.568074 2.593622 1.000000
-0.210921 0.846325 2.522101 1.000000
-0.071177 0.820626 2.510044 1.000000
-0.178766 0.904668 2.507143 1.000000
-0.112508 0.874230 2.501101 0.862981
-0.297858 -0.548451 2.665328 1.000000
-0.073025 -0.553487 2.675718 1.000000
-0.325803 -0.960492 2.773821 1.000000
-0.061852 -0.972748 2.755874 1.000000
-0.298129 -1.004534 2.613682 0.000000
-0.022585 -1.002484 2.594864 0.000000
-0.165578 0.676095 2.614314 0.625000
-0.293443 0.412934 2.673321 1.000000
-0.003141 0.366906 2.839816 0.000000
-0.104260 0.456074 2.687869 0.000000
-0.202347 0.218665 2.793262 0.000000
-0.272627 0.023057 2.568105 1.000000
-0.032503 0.021413 2.714526 0.923077
-0.217685 0.018521 2.748069 0.000000
-0.339734 0.635692 2.565506 1.000000
-0.008040 0.487574 2.618901 1.000000
-0.184628 0.855028 2.523574 1.000000
-0.017431 0.742772 2.525571 1.000000
-0.145946 0.910422 2.513730 1.000000
-0.055753 0.795863 2.506223 1.000000
-0.301041 -0.540750 2.667114 1.000000
-0.071853 -0.556243 2.671167 1.000000
-0.327151 -0.951924 2.779289 1.000000
-0.058174 -0.974430 2.756379 1.000000
-0.250300 -0.995877 2.636069 0.000000
0.028490 -1.000526 2.614398 0.000000
-0.169744 0.655710 2.614987 1.000000
-0.292709 0.408142 2.675441 1.000000
0.003827 0.370880 2.828477 0.000000
-0.104725 0.454041 2.679188 0.000000
-0.194679 0.218881 2.796233 0.000000
-0.274460 0.016422 2.575621 1.000000
-0.027534 0.019883 2.710222 1.000000
-0.210751 0.012498 2.752686 0.000000
-0.338622 0.631902 2.571369 1.000000
-0.004344 0.502437 2.614858 1.000000
-0.184896 0.850221 2.524619 1.000000
-0.006459 0.759740 2.529587 1.000000
-0.137986 0.898062 2.511491 1.000000
-0.051684 0.806138 2.508056 0.896635
-0.303197 -0.544237 2.670918 1.000000
-0.071407 -0.559600 2.673984 1.000000
-0.319999 -0.959983 2.766850 1.000000
-0.058636 -0.978703 2.754720 1.000000
-0.248658 -0.997005 2.618897 0.000000
0.021104 -1.004408 2.608669 0.000000
-0.166420 0.660933 2.621979 1.000000
-0.283069 0.408222 2.682223 1.000000
0.018936 0.368437 2.819470 0.134615
-0.093457 0.448570 2.674006 0.086538
-0.183127 0.220971 2.805342 0.000000
-0.278854 0.012851 2.582496 1.000000
-0.025492 0.023270 2.704154 1.000000
-0.206042 0.011704 2.756056 0.000000
-0.360146 0.619319 2.571943 1.000000
0.008545 0.518127 2.619097 1.000000
-0.207860 0.834919 2.513577 1.000000
0.004232 0.772543 2.527804 1.000000
-0.159894 0.882776 2.505184 0.829327
-0.041079 0.819616 2.507990 0.913462
-0.301338 -0.546867 2.666354 1.000000
-0.070111 -0.558287 2.674266 1.000000
-0.321442 -0.960496 2.770449 1.000000
-0.057076 -0.978432 2.749351 1.000000
-0.259380 -1.001526 2.619402 0.000000
0.015315 -1.002996 2.599330 0.000000
-0.165256 0.663455 2.610368 1.000000
-0.299743 0.411058 2.678373 1.000000
0.002442 0.379649 2.819856 0.346154
-0.112178 0.460705 2.675445 0.000000
-0.192907 0.223584 2.795227 0.000000
-0.273345 0.020955 2.582944 1.000000
-0.021642 0.028948 2.708178 1.000000
-0.202908 0.017050 2.757442 0.000000
-0.351989 0.630687 2.572322 1.000000
0.023008 0.522255 2.616253 1.000000
-0.211459 0.850838 2.506446 1.000000
0.033116 0.778162 2.532801 1.000000
-0.172640 0.906745 2.501059 1.000000
-0.000933 0.835702 2.518969 0.778846
-0.298399 -0.539218 2.663842 1.000000
-0.066870 -0.551967 2.670070 1.000000
-0.320904 -0.951479 2.772762 1.000000
-0.059266 -0.971508 2.749170 1.000000
-0.258145 -0.994582 2.622584 0.000000
0.014868 -0.998218 2.600372 0.000000
-0.164638 0.663305 2.619154 1.000000
-0.296599 0.407236 2.686203 1.000000
0.013460 0.382942 2.806235 0.509615
-0.110608 0.460349 2.670039 0.052885
-0.178357 0.222891 2.796984 0.000000
-0.272189 0.020146 2.595122 1.000000
-0.011922 0.026723 2.701516 1.000000
-0.189075 0.014423 2.763898 0.000000
-0.378142 0.616823 2.579557 1.000000
0.042810 0.536960 2.612931 1.000000
-0.258024 0.840964 2.492494 1.000000
0.077053 0.794140 2.542694 1.000000
-0.205950 0.885121 2.492659 1.000000
0.042213 0.850841 2.527437 0.795673
-0.296021 -0.540445 2.666101 1.000000
-0.066901 -0.553927 2.672887 1.000000
-0.315526 -0.955350 2.765110 1.000000
-0.055681 -0.974524 2.745703 1.000000
-0.263730 -0.994837 2.609842 0.000000
0.007313 -0.999527 2.591570 0.000000
-0.149270 0.665146 2.624669 1.000000
-0.316394 0.388084 2.707275 1.000000
0.005604 0.409494 2.733497 1.000000
-0.152977 0.449073 2.628309 0.000000
-0.153747 0.238704 2.809516 0.000000
-0.295717 0.026415 2.624759 1.000000
-0.015367 0.028030 2.647182 1.000000
-0.165510 0.026124 2.760670 0.000000
-0.402531 0.591298 2.593271 1.000000
0.100091 0.598899 2.603457 1.000000
-0.328905 0.825201 2.484464 1.000000
0.107718 0.859758 2.541293 1.000000
-0.279460 0.869859 2.469546 1.000000
0.073442 0.918444 2.534758 1.000000
-0.292522 -0.543524 2.662648 1.000000
-0.058015 -0.548689 2.673691 1.000000
-0.320116 -0.955163 2.772742 1.000000
-0.056219 -0.969495 2.746137 1.000000
-0.317914 -0.998800 2.610135 0.000000
-0.039377 -0.997850 2.581024 0.000000
-0.146330 0.690063 2.638119 0.605769
-0.316495 0.395195 2.706187 1.000000
0.010978 0.391365 2.731595 1.000000
-0.145278 0.445931 2.628440 0.000000
-0.161366 0.230933 2.803392 0.000000
-0.287350 0.020258 2.623957 1.000000
-0.006856 0.013504 2.643437 1.000000
-0.155621 0.022716 2.758372 0.000000
-0.460439 0.578618 2.610775 1.000000
0.149938 0.571085 2.622700 1.000000
-0.435557 0.812859 2.474654 1.000000
0.235949 0.822744 2.565369 1.000000
-0.402504 0.863175 2.442445 1.000000
0.220547 0.888639 2.556302 1.000000
-0.287683 -0.552756 2.659029 1.000000
-0.056371 -0.560787 2.675442 1.000000
-0.321860 -0.964892 2.765355 1.000000
-0.058359 -0.979641 2.758426 1.000000
-0.321389 -1.006990 2.602329 0.000000
-0.042705 -1.012294 2.593991 0.000000
-0.143434 0.688410 2.612884 0.884615
-0.317869 0.396305 2.704506 1.000000
0.014726 0.385275 2.732613 1.000000
-0.141658 0.443486 2.628368 0.000000
-0.163515 0.228417 2.802607 0.000000
-0.285781 0.019764 2.627612 1.000000
-0.005053 0.010074 2.641730 1.000000
-0.151631 0.016902 2.759603 0.000000
-0.498477 0.551787 2.618918 1.000000
0.190096 0.540820 2.636851 1.000000
-0.536478 0.778647 2.471041 1.000000
0.329280 0.771372 2.589410 1.000000
-0.515018 0.832702 2.435277 1.000000
0.335611 0.837180 2.572358 1.000000
-0.287375 -0.554190 2.658081 1.000000
-0.053145 -0.562381 2.681505 1.000000
-0.318896 -0.964987 2.770248 1.000000
-0.060974 -0.981068 2.764988 1.000000
-0.322415 -1.009077 2.607787 0.000000
-0.048431 -1.014126 2.600368 0.000000
-0.126511 0.683715 2.608577 0.889423
-0.314568 0.397658 2.707018 1.000000
0.025662 0.388064 2.732602 1.000000
-0.135676 0.446386 2.629989 0.000000
-0.154762 0.229709 2.802553 0.000000
-0.281657 0.022186 2.628875 1.000000
-0.000838 0.011646 2.640328 1.000000
-0.146224 0.020118 2.759564 0.000000
-0.531097 0.511263 2.637100 1.000000
0.236211 0.503333 2.648569 1.000000
-0.633723 0.710225 2.478002 1.000000
0.424378 0.700586 2.615185 1.000000
-0.632895 0.755522 2.426922 1.000000
0.440825 0.764593 2.598035 0.795673
-0.283981 -0.551922 2.659631 1.000000
-0.049391 -0.560351 2.683778 1.000000
-0.325668 -0.959802 2.778900 1.000000
-0.057420 -0.979693 2.763882 1.000000
-0.330483 -1.006585 2.617227 0.000000
-0.046787 -1.011419 2.598865 0.000000
-0.129200 0.684596 2.605688 1.000000
-0.312425 0.392787 2.701882 1.000000
0.040138 0.385572 2.733325 1.000000
-0.126258 0.442400 2.627715 0.000000
-0.146125 0.226284 2.800893 0.000000
-0.275164 0.019351 2.615435 1.000000
0.002597 0.010436 2.658689 1.000000
-0.155462 0.017071 2.760666 0.000000
-0.564797 0.418742 2.654246 1.000000
0.287144 0.426189 2.670295 1.000000
-0.762499 0.544847 2.503508 1.000000
0.536214 0.549871 2.650873 1.000000
-0.775514 0.582680 2.448183 1.000000
0.576000 0.604404 2.661109 1.000000
-0.283919 -0.552750 2.660832 1.000000
-0.046427 -0.562903 2.683958 1.000000
-0.322929 -0.961869 2.776713 1.000000
-0.061142 -0.982315 2.762739 1.000000
-0.309937 -1.008764 2.615523 0.000000
-0.030870 -1.013917 2.600150 0.000000
-0.111600 0.681629 2.601878 1.000000
-0.310865 0.385772 2.696896 1.000000
0.045945 0.377578 2.724895 1.000000
-0.124084 0.430663 2.618486 0.000000
-0.143228 0.222863 2.801637 0.000000
-0.276806 0.014140 2.621457 1.000000
0.002398 0.008074 2.654778 1.000000
-0.152018 0.011596 2.762339 0.000000
-0.567024 0.358497 2.661074 1.000000
0.302997 0.355175 2.692230 1.000000
-0.819303 0.401060 2.545174 1.000000
0.577946 0.410841 2.678307 1.000000
-0.876134 0.417486 2.511084 1.000000
0.637534 0.442951 2.687241 1.000000
-0.283637 -0.556854 2.665753 1.000000
-0.051811 -0.566254 2.687478 1.000000
-0.318167 -0.968705 2.773063 1.000000
-0.055112 -0.986860 2.761020 1.000000
-0.309625 -1.011774 2.610514 0.000000
-0.033000 -1.015777 2.596627 0.000000
-0.109651 0.677734 2.596632 1.000000
-0.309411 0.383114 2.689937 1.000000
0.047316 0.371335 2.717705 1.000000
-0.122244 0.426616 2.611667 0.000000
-0.143303 0.218049 2.793732 0.000000
-0.273753 0.004698 2.627855 1.000000
0.006588 -0.000102 2.649931 1.000000
-0.143319 0.006884 2.763531 0.000000
-0.554260 0.291114 2.682574 1.000000
0.292353 0.279552 2.716406 1.000000
-0.817277 0.256038 2.585403 1.000000
0.574164 0.260743 2.707509 1.000000
-0.873558 0.243078 2.548988 1.000000
0.642234 0.264708 2.711022 1.000000
-0.283095 -0.565374 2.669523 1.000000
-0.048131 -0.575062 2.687023 1.000000
-0.327026 -0.980599 2.758897 1.000000
-0.057691 -0.994785 2.764937 1.000000
-0.322688 -1.016456 2.594442 0.000000
-0.041331 -1.025731 2.600241 0.000000
-0.106380 0.677409 2.593304 1.000000
-0.311204 0.377766 2.683781 1.000000
0.045825 0.368100 2.708297 1.000000
-0.125009 0.421492 2.603343 0.000000
-0.143262 0.214557 2.787560 0.000000
-0.267815 -0.000060 2.631693 1.000000
0.012661 -0.004914 2.651961 1.000000
-0.136461 0.004405 2.766423 0.000000
-0.497173 0.193985 2.716447 1.000000
0.233616 0.183786 2.722095 1.000000
-0.720576 0.040774 2.629352 1.000000
0.473140 0.030176 2.721706 1.000000
-0.772376 -0.003052 2.621761 1.000000
0.529363 -0.007925 2.714710 0.644231
-0.279564 -0.569641 2.673044 1.000000
-0.045427 -0.580337 2.687052 1.000000
-0.322020 -0.982940 2.771586 1.000000
-0.055419 -0.999472 2.768016 1.000000
-0.320779 -1.022111 2.607836 0.000000
-0.040057 -1.031627 2.603455 0.000000
-0.102779 0.676333 2.589948 1.000000
-0.309151 0.368573 2.680873 1.000000
0.048281 0.365466 2.700785 1.000000
-0.124818 0.414457 2.597408 0.000000
-0.137024 0.209724 2.784562 0.000000
-0.264495 -0.002491 2.632175 1.000000
0.016443 -0.011848 2.641549 1.000000
-0.127821 0.003684 2.761435 0.000000
-0.452981 0.150785 2.723314 1.000000
0.180217 0.137115 2.719987 1.000000
-0.609804 -0.082972 2.675287 1.000000
0.367114 -0.078679 2.713285 1.000000
-0.630769 -0.147637 2.668927 1.000000
0.379105 -0.140576 2.687083 0.543269
-0.276980 -0.573549 2.668980 1.000000
-0.038403 -0.584487 2.691427 1.000000
-0.317084 -0.985253 2.774911 1.000000
-0.056675 -1.003591 2.771093 1.000000
-0.323979 -1.026543 2.611823 0.000000
-0.046875 -1.035393 2.606039 0.000000
-0.104668 0.674633 2.590961 1.000000
-0.302832 0.359534 2.678744 1.000000
0.054834 0.356721 2.693940 1.000000
-0.119637 0.404288 2.592217 0.000000
-0.129302 0.202124 2.782289 0.000000
-0.262943 -0.016187 2.634787 1.000000
0.018170 -0.024768 2.636554 1.000000
-0.122791 -0.008096 2.760158 0.000000
-0.404072 0.118734 2.724417 1.000000
0.147384 0.110472 2.727345 1.000000
-0.485979 -0.153364 2.688886 1.000000
0.242491 -0.158654 2.704227 1.000000
-0.497877 -0.216900 2.710867 1.000000
0.239308 -0.225828 2.692431 0.610577
-0.278116 -0.586017 2.671531 1.000000
-0.033580 -0.597027 2.693208 1.000000
-0.316455 -1.001010 2.764483 1.000000
-0.056641 -1.016262 2.770921 1.000000
-0.326932 -1.036818 2.600294 0.000000
-0.050730 -1.047246 2.605527 0.000000
-0.104392 0.668733 2.588990 1.000000
-0.286982 0.363389 2.679110 1.000000
0.070502 0.359466 2.697918 1.000000
-0.102765 0.406249 2.593801 0.000000
-0.115096 0.206805 2.786574 0.000000
-0.259760 -0.018247 2.632022 0.692308
0.020866 -0.020721 2.650572 0.711538
-0.127599 -0.010553 2.765813 0.000000
-0.343103 0.110043 2.729818 1.000000
0.116341 0.099629 2.714909 1.000000
-0.314817 -0.163189 2.651911 1.000000
0.069460 -0.173132 2.644701 1.000000
-0.319959 -0.230958 2.645387 0.257212
0.060731 -0.240415 2.637062 0.442308
-0.276931 -0.585516 2.673428 1.000000
-0.034993 -0.596666 2.687882 1.000000
-0.313650 -1.000275 2.768061 1.000000
-0.050077 -1.015364 2.770304 1.000000
-0.314915 -1.037622 2.603886 0.000000
-0.034926 -1.048278 2.605875 0.000000
-0.094349 0.671644 2.588676 1.000000
-0.280664 0.372656 2.682861 1.000000
0.076577 0.354901 2.697947 1.000000
-0.095798 0.409270 2.596059 0.000000
-0.113840 0.208590 2.787092 0.000000
-0.246999 -0.011621 2.643249 0.432692
0.033843 -0.022699 2.653559 0.817308
-0.110650 -0.004608 2.772808 0.000000
-0.338705 0.121510 2.738779 1.000000
0.122485 0.095264 2.690795 1.000000
-0.294671 -0.139968 2.634738 1.000000
0.091561 -0.182423 2.635403 1.000000
-0.312375 -0.205842 2.631769 0.408654
0.080837 -0.248897 2.624101 0.947115
-0.277939 -0.579075 2.672533 1.000000
-0.049941 -0.597129 2.687459 1.000000
-0.314960 -0.994016 2.766247 1.000000
-0.051402 -1.015093 2.774826 1.000000
-0.324966 -1.030194 2.602109 0.000000
-0.044782 -1.049539 2.610145 0.000000
-0.094776 0.676297 2.600785 1.000000
-0.270598 0.367195 2.688830 1.000000
0.087198 0.355168 2.687817 1.000000
-0.090624 0.401348 2.591396 0.000000
-0.096430 0.211561 2.793976 0.000000
-0.239365 -0.010258 2.653447 1.000000
0.041377 -0.027122 2.654483 1.000000
-0.098575 -0.004077 2.778210 0.000000
-0.336472 0.113103 2.725338 1.000000
0.147966 0.097332 2.679911 1.000000
-0.379908 -0.167732 2.691364 1.000000
0.185539 -0.179532 2.617908 1.000000
-0.349727 -0.223898 2.666949 0.644231
0.152656 -0.239148 2.612785 0.947115
-0.274137 -0.578734 2.674120 1.000000
-0.033845 -0.598752 2.699015 1.000000
-0.319160 -0.991705 2.772897 1.000000
-0.055188 -1.018541 2.774188 1.000000
-0.335360 -1.029019 2.609510 0.000000
-0.051972 -1.048373 2.608508 0.000000
-0.082195 0.674173 2.591987 1.000000
-0.267922 0.363994 2.691042 1.000000
0.089963 0.354989 2.692265 1.000000
-0.087674 0.398112 2.594102 0.000000
-0.093071 0.211543 2.799662 0.000000
-0.240180 -0.013271 2.648974 1.000000
0.040352 -0.025223 2.665126 1.000000
-0.106350 -0.002925 2.780916 0.000000
-0.343303 0.111625 2.725731 1.000000
0.158295 0.099422 2.667931 1.000000
-0.405398 -0.164839 2.680796 1.000000
0.228915 -0.168918 2.595039 1.000000
-0.388883 -0.231017 2.677743 0.795673
0.221993 -0.236756 2.591605 1.000000
-0.277314 -0.579081 2.679692 1.000000
-0.023228 -0.597865 2.702207 1.000000
-0.318956 -0.994735 2.768160 1.000000
-0.053811 -1.018006 2.772031 1.000000
-0.325911 -1.029090 2.603474 0.000000
-0.039160 -1.046542 2.606740 0.000000
-0.075380 0.672341 2.594347 1.000000
-0.261118 0.366383 2.695341 1.000000
0.096639 0.355953 2.687274 1.000000
-0.083412 0.397154 2.592752 0.000000
-0.083941 0.216187 2.803328 0.000000
-0.237899 -0.011030 2.658774 1.000000
0.042782 -0.025778 2.668904 1.000000
-0.101303 -0.004328 2.788090 0.000000
-0.343228 0.114513 2.721259 1.000000
0.172949 0.102878 2.655933 1.000000
-0.409126 -0.157971 2.657699 1.000000
0.257144 -0.161636 2.581280 1.000000
-0.411328 -0.225422 2.647353 0.778846
0.266136 -0.227472 2.565583 1.000000
-0.279469 -0.577003 2.683617 1.000000
-0.025093 -0.598154 2.703797 1.000000
-0.319163 -0.994517 2.763844 1.000000
-0.049984 -1.018110 2.776920 1.000000
-0.329652 -1.025265 2.598633 0.000000
-0.039785 -1.047526 2.611449 0.000000
-0.070320 0.673084 2.592040 1.000000
-0.256983 0.367028 2.697570 1.000000
0.100748 0.357434 2.687521 1.000000
-0.079950 0.397415 2.593712 0.000000
-0.078801 0.218158 2.805742 0.000000
-0.233121 -0.005387 2.673005 1.000000
0.047211 -0.027655 2.668612 1.000000
-0.089914 -0.002753 2.795114 0.000000
-0.331198 0.111116 2.710756 1.000000
0.174484 0.103308 2.653526 1.000000
-0.394088 -0.161143 2.640587 1.000000
0.259911 -0.154309 2.556885 1.000000
-0.413400 -0.226218 2.647923 0.677885
0.272071 -0.218174 2.536031 0.879808
-0.283413 -0.571738 2.685685 1.000000
-0.023460 -0.597587 2.707016 1.000000
-0.320672 -0.989236 2.767147 1.000000
-0.051470 -1.016638 2.784093 1.000000
-0.342487 -1.019332 2.602926 0.000000
-0.049301 -1.047234 2.618535 0.000000
-0.058410 0.674753 2.597292 1.000000
-0.257050 0.370158 2.697236 1.000000
0.100567 0.355199 2.690158 1.000000
-0.078659 0.399249 2.595351 0.000000
-0.082131 0.217082 2.804861 0.000000
-0.233014 -0.003405 2.672299 1.000000
0.047153 -0.028047 2.671591 1.000000
-0.091366 -0.001515 2.796227 0.000000
-0.325105 0.112081 2.707344 1.000000
0.171570 0.100189 2.654582 1.000000
-0.360350 -0.163418 2.629544 1.000000
0.241294 -0.157908 2.546328 1.000000
-0.367942 -0.230198 2.617527 0.778846
0.242144 -0.220599 2.519296 0.862981
-0.282974 -0.570867 2.687333 1.000000
-0.023981 -0.596958 2.710911 1.000000
-0.322969 -0.988358 2.767521 1.000000
-0.052748 -1.016457 2.785220 1.000000
-0.341427 -1.018219 2.602847 0.000000
-0.048552 -1.046095 2.619527 0.000000
-0.063171 0.672390 2.589337 1.000000
-0.257081 0.375700 2.692881 1.000000
0.100171 0.352564 2.693106 1.000000
-0.076045 0.400396 2.594563 0.000000
-0.087923 0.219009 2.804442 0.000000
-0.217804 0.000947 2.670904 0.740385
0.061832 -0.029072 2.672894 1.000000
-0.077422 -0.000564 2.796269 0.000000
-0.317106 0.115188 2.693681 1.000000
0.162815 0.095079 2.657793 1.000000
-0.304902 -0.164855 2.624565 1.000000
0.215915 -0.168646 2.553010 1.000000
-0.319162 -0.228542 2.604509 0.896635
0.205046 -0.227153 2.519536 0.947115
-0.282691 -0.564338 2.687495 1.000000
-0.022992 -0.596724 2.710269 1.000000
-0.326231 -0.982440 2.762486 1.000000
-0.055753 -1.016096 2.783638 1.000000
-0.344456 -1.010150 2.597410 0.000000
-0.051391 -1.045433 2.617896 0.000000
-0.060734 0.673559 2.586732 1.000000
-0.263888 0.375100 2.687627 1.000000
0.092901 0.349338 2.701818 1.000000
-0.078835 0.400818 2.597382 0.000000
-0.100429 0.214534 2.802133 0.000000
-0.224803 -0.007484 2.663635 0.451923
0.056223 -0.015692 2.671306 1.000000
-0.087135 0.006640 2.791205 0.000000
-0.325314 0.114634 2.684749 1.000000
0.141418 0.088606 2.665916 1.000000
-0.283645 -0.163116 2.616571 1.000000
0.150911 -0.184805 2.572719 1.000000
-0.310672 -0.225540 2.622426 0.862981
0.134947 -0.247151 2.549921 0.963942
-0.279659 -0.565677 2.686742 1.000000
-0.023223 -0.590194 2.708655 1.000000
-0.321959 -0.986960 2.742068 1.000000
-0.049769 -1.009386 2.785485 1.000000
-0.334391 -1.007596 2.575426 0.000000
-0.042541 -1.040155 2.620103 0.000000
-0.066048 0.671042 2.591897 1.000000
