-0.387926 0.310594 2.692352 1.000000
-0.012999 0.312649 2.685241 1.000000
-0.202055 0.369825 2.621617 0.000000
-0.198307 0.164774 2.760011 0.000000
-0.385484 -0.048680 2.642110 0.259615
-0.019312 -0.051465 2.636491 0.615385
-0.200579 -0.052195 2.758887 0.000000
-0.442612 0.029620 2.715789 1.000000
0.038536 0.030429 2.698763 1.000000
-0.436479 -0.264479 2.642848 1.000000
0.028257 -0.267146 2.642237 1.000000
-0.432148 -0.331211 2.616365 0.257212
0.023361 -0.334494 2.617469 0.375000
-0.308983 -0.603993 2.682071 1.000000
-0.079322 -0.597975 2.720881 1.000000
-0.326952 -1.029832 2.738978 1.000000
-0.078593 -1.021703 2.794058 1.000000
-0.330497 -1.053043 2.564173 0.000000
-0.079764 -1.051719 2.620260 0.000000
-0.199987 0.584587 2.608539 0.884615
-0.386280 0.311281 2.690468 1.000000
-0.011293 0.311515 2.687462 1.000000
-0.199361 0.369625 2.621790 0.000000
-0.198124 0.164524 2.760155 0.000000
-0.385956 -0.048404 2.649949 0.288462
-0.020408 -0.052348 2.628042 0.682692
-0.196034 -0.051044 2.758399 0.000000
-0.438616 0.030094 2.716644 1.000000
0.039528 0.029116 2.700054 1.000000
-0.438067 -0.263760 2.642447 1.000000
0.028278 -0.269059 2.646944 1.000000
-0.427414 -0.332380 2.623708 0.290865
0.025841 -0.336037 2.620840 0.324519
-0.308906 -0.604236 2.684447 1.000000
-0.083110 -0.598024 2.722532 1.000000
-0.328037 -1.030145 2.740450 1.000000
-0.080558 -1.023785 2.782714 1.000000
-0.339395 -1.052589 2.565878 0.019231
-0.090514 -1.048489 2.608361 0.000000
-0.195851 0.586680 2.606136 0.956731
-0.382579 0.312608 2.694187 1.000000
-0.007644 0.311462 2.687272 1.000000
-0.196155 0.371172 2.624360 0.000000
-0.194287 0.164205 2.759910 0.000000
-0.384953 -0.048915 2.641793 0.269231
-0.018822 -0.054863 2.635961 0.701923
-0.199997 -0.052795 2.758478 0.000000
-0.440683 0.031528 2.712536 1.000000
0.039466 0.027888 2.696485 1.000000
-0.437590 -0.266625 2.655926 1.000000
0.026962 -0.271360 2.647457 1.000000
-0.429385 -0.328756 2.620631 0.324519
0.021324 -0.333698 2.612024 0.324519
-0.308184 -0.604872 2.686175 1.000000
-0.083539 -0.600135 2.725131 1.000000
-0.326572 -1.031389 2.737603 1.000000
-0.082016 -1.025317 2.789305 1.000000
-0.330027 -1.052352 2.562512 0.019231
-0.084322 -1.051645 2.614921 0.000000
-0.200505 0.582348 2.603633 1.000000
-0.384054 0.312048 2.690028 1.000000
-0.009079 0.312037 2.685678 1.000000
-0.197348 0.369887 2.620351 0.000000
-0.195735 0.165575 2.759874 0.000000
-0.386276 -0.048630 2.643246 0.269231
-0.020063 -0.048786 2.640365 0.596154
-0.202230 -0.051741 2.761382 0.000000
-0.440400 0.031291 2.715384 1.000000
0.040582 0.029203 2.699129 1.000000
-0.436421 -0.265410 2.652313 1.000000
0.029370 -0.269799 2.649158 1.000000
-0.421189 -0.323255 2.612372 0.358173
0.023344 -0.334773 2.618904 0.391827
-0.306608 -0.603505 2.681355 1.000000
-0.078740 -0.596542 2.720206 1.000000
-0.328785 -1.028831 2.740572 1.000000
-0.083641 -1.019395 2.798126 1.000000
-0.330831 -1.053046 2.565879 0.038462
-0.082357 -1.051372 2.624679 0.000000
-0.201477 0.585801 2.603944 0.875000
-0.384529 0.308742 2.688015 1.000000
-0.009562 0.312463 2.691288 1.000000
-0.197048 0.369472 2.623036 0.000000
-0.196190 0.163056 2.759434 0.000000
-0.384146 -0.050081 2.642697 0.355769
-0.017942 -0.051123 2.638979 0.836538
-0.199836 -0.052941 2.760428 0.000000
-0.441796 0.028699 2.715050 1.000000
0.039393 0.029634 2.698041 1.000000
-0.433734 -0.264684 2.639848 1.000000
0.031066 -0.267964 2.641827 1.000000
-0.447567 -0.333336 2.623448 0.223558
0.026786 -0.337509 2.623978 0.324519
-0.308216 -0.604955 2.681450 1.000000
-0.077779 -0.598190 2.722577 1.000000
-0.328085 -1.030769 2.737912 1.000000
-0.102571 -1.019982 2.802433 0.931731
-0.330688 -1.053831 2.563071 0.000000
-0.099489 -1.052961 2.629196 0.000000
-0.205481 0.585658 2.603470 0.961538
-0.385714 0.313534 2.682641 1.000000
-0.010806 0.312076 2.690785 1.000000
-0.196562 0.370172 2.618821 0.000000
-0.200414 0.166849 2.759738 0.000000
-0.385883 -0.050730 2.639723 0.432692
-0.019660 -0.049671 2.638895 0.740385
-0.202499 -0.050956 2.758925 0.000000
-0.441683 0.034427 2.716628 1.000000
0.038686 0.029971 2.703259 1.000000
-0.434087 -0.259775 2.646580 1.000000
0.030225 -0.267415 2.648402 1.000000
-0.432535 -0.329103 2.627488 0.240385
0.028892 -0.334634 2.622844 0.408654
-0.309276 -0.604966 2.680564 1.000000
-0.080716 -0.597666 2.722323 1.000000
-0.322019 -1.031279 2.735290 1.000000
-0.088467 -1.022756 2.786655 1.000000
-0.323318 -1.053697 2.560350 0.057692
-0.086650 -1.049179 2.612280 0.000000
-0.203080 0.587479 2.608601 0.899038
-0.385909 0.307767 2.690029 1.000000
-0.010976 0.314030 2.686697 1.000000
-0.200011 0.369051 2.621140 0.000000
-0.195357 0.164115 2.759675 0.000000
-0.384988 -0.048309 2.646441 0.317308
-0.018915 -0.050289 2.636092 0.759615
-0.198594 -0.053179 2.760776 0.000000
-0.442072 0.027322 2.714533 1.000000
0.040878 0.032172 2.703170 1.000000
-0.435591 -0.267220 2.644085 1.000000
0.029580 -0.266128 2.651695 1.000000
-0.441836 -0.335196 2.621424 0.240385
0.021625 -0.328479 2.616732 0.492788
-0.308709 -0.603383 2.683527 1.000000
-0.086266 -0.597261 2.723114 1.000000
-0.328786 -1.029178 2.740063 1.000000
-0.077374 -1.021928 2.790039 1.000000
-0.334509 -1.052115 2.565279 0.019231
-0.082095 -1.049471 2.615892 0.000000
-0.202782 0.586268 2.610055 0.855769
-0.383528 0.314085 2.685050 1.000000
-0.008585 0.312597 2.691421 1.000000
-0.194686 0.371708 2.621194 0.000000
-0.197844 0.166319 2.759100 0.000000
-0.386403 -0.048961 2.639507 0.336538
-0.020187 -0.049066 2.636930 0.750000
-0.202454 -0.050416 2.757826 0.000000
-0.440736 0.034801 2.716184 1.000000
0.041280 0.030386 2.701987 1.000000
-0.435745 -0.259099 2.644241 1.000000
0.029005 -0.266946 2.647020 1.000000
-0.424200 -0.327096 2.623834 0.442308
0.026413 -0.333552 2.619997 0.459135
-0.310029 -0.603204 2.683387 1.000000
-0.081588 -0.596425 2.721950 1.000000
-0.326005 -1.029473 2.737611 1.000000
-0.085019 -1.021393 2.787450 1.000000
-0.327900 -1.051658 2.562647 0.019231
-0.084583 -1.048264 2.613135 0.000000
-0.201231 0.585642 2.611524 0.889423
-0.381666 0.306556 2.681390 1.000000
-0.006827 0.312383 2.690675 1.000000
-0.193451 0.366696 2.618005 0.000000
-0.193798 0.163676 2.759410 0.000000
-0.385960 -0.039027 2.646757 0.259615
-0.019881 -0.044748 2.638125 0.836538
-0.200170 -0.046237 2.761950 0.000000
-0.441413 0.028323 2.719985 1.000000
0.042931 0.030074 2.707956 1.000000
-0.441382 -0.265659 2.646425 1.000000
0.027953 -0.268315 2.657202 1.000000
-0.429778 -0.336546 2.650130 0.543269
0.023153 -0.335332 2.631530 0.576923
-0.307886 -0.595761 2.679062 1.000000
-0.083621 -0.591272 2.718213 1.000000
-0.330894 -1.020045 2.745050 1.000000
-0.089459 -1.014287 2.795181 1.000000
-0.336085 -1.046864 2.570803 0.000000
-0.091684 -1.045828 2.621663 0.000000
-0.201655 0.586487 2.603707 0.937500
-0.384743 0.299758 2.676761 1.000000
-0.010338 0.310457 2.694969 1.000000
-0.195951 0.363505 2.618854 0.000000
-0.196787 0.158088 2.756753 0.000000
-0.373295 -0.048134 2.631458 0.836538
-0.007703 -0.062379 2.647584 1.000000
-0.195824 -0.056663 2.759013 0.000000
-0.459872 0.020273 2.716824 1.000000
0.057908 0.026595 2.706176 1.000000
-0.502370 -0.274739 2.637989 1.000000
0.095317 -0.271215 2.635730 1.000000
-0.484145 -0.344168 2.633439 1.000000
0.083603 -0.341506 2.625963 0.728365
-0.310847 -0.604881 2.688355 1.000000
-0.077262 -0.605893 2.727004 1.000000
-0.310716 -1.031045 2.745661 1.000000
-0.087380 -1.033241 2.773602 1.000000
-0.305504 -1.054539 2.570936 0.000000
-0.079120 -1.052532 2.598480 0.019231
-0.203286 0.585499 2.607226 0.865385
-0.387353 0.297592 2.685845 1.000000
-0.012742 0.313916 2.690888 1.000000
-0.201707 0.364460 2.621628 0.000000
-0.194573 0.158456 2.758463 0.000000
-0.377973 -0.054262 2.628380 0.923077
-0.008418 -0.053456 2.653835 0.875000
-0.201414 -0.054401 2.760443 0.000000
-0.498471 0.026273 2.705017 1.000000
0.103857 0.044620 2.705498 1.000000
-0.602608 -0.247564 2.603533 1.000000
0.198333 -0.238399 2.621207 1.000000
-0.613858 -0.314276 2.627952 0.189904
0.202875 -0.309942 2.615362 0.442308
-0.315803 -0.606774 2.682372 1.000000
-0.082015 -0.603140 2.725434 1.000000
-0.319812 -1.032975 2.739265 1.000000
-0.088527 -1.029113 2.783778 1.000000
-0.310027 -1.056366 2.564722 0.019231
-0.075234 -1.053179 2.609559 0.115385
-0.201697 0.586461 2.601727 1.000000
-0.384919 0.302800 2.687488 1.000000
-0.009950 0.306756 2.690183 1.000000
-0.197566 0.363014 2.621666 0.000000
-0.196397 0.157899 2.760010 0.000000
-0.382392 -0.054346 2.629637 0.961538
-0.007926 -0.050426 2.650516 0.903846
-0.201810 -0.053143 2.759509 0.000000
-0.554436 0.063874 2.680950 1.000000
0.166381 0.072780 2.684970 1.000000
-0.742904 -0.168982 2.604329 1.000000
0.331824 -0.171589 2.592637 1.000000
-0.786845 -0.223229 2.587014 0.000000
0.375557 -0.227102 2.579256 0.425481
-0.312003 -0.606189 2.684694 1.000000
-0.080061 -0.600709 2.723840 1.000000
-0.324083 -1.032844 2.736848 1.000000
-0.082434 -1.025915 2.787823 1.000000
-0.315180 -1.054466 2.562029 0.019231
-0.071242 -1.052168 2.613772 0.000000
-0.200046 0.584938 2.607040 1.000000
-0.388122 0.309147 2.688811 1.000000
-0.013123 0.310294 2.688982 1.000000
-0.200764 0.366033 2.620106 0.000000
-0.200214 0.164909 2.764196 0.000000
-0.386139 -0.051406 2.638469 1.000000
-0.008586 -0.040969 2.639026 0.769231
-0.197506 -0.047388 2.758361 0.000000
-0.640641 0.181756 2.652583 1.000000
0.244002 0.190172 2.661350 1.000000
-0.897291 0.091152 2.524290 1.000000
0.491803 0.079138 2.531721 1.000000
-0.958822 0.069507 2.493980 0.000000
0.547849 0.034081 2.533180 0.644231
-0.310138 -0.601518 2.686600 1.000000
-0.077862 -0.592183 2.722199 1.000000
-0.326876 -1.028358 2.735873 1.000000
-0.085285 -1.017756 2.783297 1.000000
-0.326818 -1.048586 2.560662 0.038462
-0.082649 -1.042862 2.608737 0.000000
-0.199775 0.594608 2.616914 0.951923
-0.388697 0.317691 2.681711 1.000000
-0.013734 0.317700 2.686956 1.000000
-0.200210 0.369822 2.612327 0.000000
-0.202384 0.177613 2.768095 0.000000
-0.394431 -0.032215 2.641924 1.000000
-0.005668 -0.031022 2.650200 0.903846
-0.202551 -0.042720 2.765139 0.000000
-0.669987 0.297408 2.645651 1.000000
0.267305 0.294853 2.650478 1.000000
-0.931460 0.289255 2.498753 1.000000
0.534041 0.287839 2.513305 1.000000
-0.986879 0.285776 2.453037 1.000000
0.599393 0.291762 2.483523 1.000000
-0.309387 -0.586158 2.675904 1.000000
-0.082361 -0.579353 2.721337 1.000000
-0.332067 -1.010787 2.739749 0.994231
-0.079377 -1.005871 2.775866 1.000000
-0.329354 -1.037150 2.565377 0.000000
-0.074956 -1.028201 2.600966 0.000000
-0.205425 0.604106 2.612301 0.629808
-0.382525 0.325300 2.676037 1.000000
-0.018027 0.324267 2.683746 1.000000
-0.198741 0.375707 2.607038 0.000000
-0.202639 0.186113 2.765945 0.000000
-0.393742 -0.034142 2.650543 1.000000
-0.001491 -0.020161 2.650356 1.000000
-0.196995 -0.043017 2.769011 0.000000
-0.651830 0.404340 2.635124 1.000000
0.253244 0.397764 2.645584 1.000000
-0.898587 0.504224 2.498326 1.000000
0.500781 0.485234 2.501869 1.000000
-0.953841 0.504829 2.452284 0.947115
0.564283 0.509896 2.478791 1.000000
-0.308991 -0.583250 2.678288 1.000000
-0.085226 -0.573943 2.711894 1.000000
-0.321803 -1.009185 2.735868 1.000000
-0.076503 -0.996883 2.789008 1.000000
-0.322771 -1.032784 2.561081 0.057692
-0.074959 -1.028487 2.615495 0.000000
-0.202508 0.609494 2.621345 0.557692
-0.378284 0.350310 2.666651 1.000000
-0.030145 0.329452 2.673168 1.000000
-0.198841 0.389086 2.596056 0.000000
-0.213021 0.203263 2.758787 0.000000
-0.404345 -0.035632 2.641453 1.000000
-0.012772 -0.009413 2.647753 1.000000
-0.210053 -0.028910 2.764042 0.000000
-0.594243 0.531834 2.639125 1.000000
0.188549 0.506992 2.641553 1.000000
-0.771338 0.734251 2.508231 1.000000
0.369878 0.697848 2.499559 1.000000
-0.785127 0.783803 2.457954 1.000000
0.398748 0.756375 2.469321 1.000000
-0.307467 -0.582466 2.674108 1.000000
-0.085849 -0.567767 2.710088 1.000000
-0.325436 -1.007858 2.734266 1.000000
-0.081479 -0.991886 2.780823 1.000000
-0.322938 -1.032656 2.559660 0.076923
-0.075692 -1.020828 2.606935 0.000000
-0.205431 0.620054 2.623207 0.350962
-0.373957 0.357408 2.680832 1.000000
-0.033511 0.336581 2.670274 1.000000
-0.201647 0.401078 2.605021 0.000000
-0.209000 0.204692 2.755324 0.000000
-0.408351 -0.030176 2.646453 1.000000
-0.017089 -0.000552 2.636832 0.846154
-0.209516 -0.018858 2.761168 0.000000
-0.538975 0.581835 2.628966 1.000000
0.141298 0.556450 2.633020 1.000000
-0.642379 0.834588 2.507200 1.000000
0.254118 0.795601 2.493442 1.000000
-0.658998 0.898759 2.479286 1.000000
0.265272 0.860184 2.463811 1.000000
-0.304146 -0.576577 2.670042 1.000000
-0.085135 -0.559607 2.705690 1.000000
-0.328210 -1.001390 2.732128 1.000000
-0.077466 -0.983562 2.777129 1.000000
-0.332654 -1.026642 2.557627 0.019231
-0.078372 -1.012885 2.603211 0.000000
-0.203554 0.610322 2.627518 0.360577
-0.372058 0.370011 2.682560 1.000000
-0.036056 0.347092 2.679273 1.000000
-0.200295 0.413921 2.611464 0.000000
-0.212439 0.214876 2.757908 0.000000
-0.405047 -0.016230 2.636761 1.000000
-0.013300 0.008061 2.636269 1.000000
-0.208957 -0.005145 2.756130 0.000000
-0.492481 0.618731 2.620332 1.000000
0.099486 0.588462 2.619235 1.000000
-0.511573 0.900095 2.521260 1.000000
0.131144 0.853392 2.484494 1.000000
-0.501751 0.968175 2.500236 1.000000
0.134107 0.920085 2.457726 1.000000
-0.305138 -0.564098 2.665525 1.000000
-0.084559 -0.550012 2.701771 1.000000
-0.328806 -0.988894 2.727879 1.000000
-0.075989 -0.973287 2.777035 1.000000
-0.329571 -1.014467 2.553370 0.000000
-0.073040 -1.004102 2.603398 0.000000
-0.205441 0.614432 2.622367 0.509615
-0.360541 0.371791 2.697621 1.000000
-0.026725 0.366660 2.684250 1.000000
-0.195622 0.430262 2.626330 0.000000
-0.193674 0.219472 2.755854 0.000000
-0.404285 0.008331 2.638727 1.000000
-0.012639 0.031470 2.627126 1.000000
-0.204916 0.019820 2.752493 0.000000
-0.418531 0.638910 2.617315 1.000000
0.041677 0.628992 2.596687 1.000000
-0.352920 0.918579 2.528661 1.000000
-0.034137 0.893524 2.475634 1.000000
-0.314159 0.979143 2.526954 1.000000
-0.064944 0.955171 2.455045 1.000000
-0.299550 -0.540472 2.656760 1.000000
-0.085807 -0.527265 2.690140 1.000000
-0.331909 -0.961277 2.739079 1.000000
-0.078463 -0.946391 2.785949 1.000000
-0.337373 -0.994717 2.565990 0.000000
-0.079120 -0.985706 2.614012 0.000000
-0.195186 0.625731 2.613615 0.408654
-0.358105 0.389007 2.700886 1.000000
-0.026991 0.371936 2.676970 1.000000
-0.193963 0.438402 2.621508 0.000000
-0.194437 0.233975 2.760871 0.000000
-0.409410 0.000941 2.646079 1.000000
-0.018447 0.026405 2.622510 1.000000
-0.206787 0.014530 2.753697 0.000000
-0.385208 0.653504 2.599238 1.000000
0.007432 0.639888 2.587290 1.000000
-0.268986 0.921532 2.529392 1.000000
-0.117496 0.889284 2.475847 1.000000
-0.234067 0.982586 2.514345 1.000000
-0.155244 0.947977 2.458423 1.000000
-0.303649 -0.546983 2.662423 1.000000
-0.088433 -0.531431 2.699527 1.000000
-0.331353 -0.970217 2.733177 1.000000
-0.073373 -0.954772 2.773389 1.000000
-0.342190 -0.998553 2.559431 0.000000
-0.081044 -0.985323 2.599850 0.000000
-0.197132 0.630160 2.596092 0.490385
-0.344900 0.298291 2.774182 1.000000
-0.038812 0.365451 2.634866 1.000000
-0.225105 0.399061 2.656651 0.000000
-0.141702 0.179337 2.733971 0.000000
-0.404715 -0.016360 2.713996 1.000000
-0.047846 0.030955 2.557592 1.000000
-0.178620 0.010350 2.745466 0.000000
-0.359964 0.544277 2.632179 1.000000
-0.008214 0.643657 2.584213 1.000000
-0.303448 0.824873 2.541861 1.000000
-0.155826 0.880859 2.474524 1.000000
-0.263175 0.876312 2.511770 0.930288
-0.186391 0.943760 2.457711 1.000000
-0.304221 -0.556670 2.658179 1.000000
-0.087956 -0.527105 2.696525 1.000000
-0.335510 -0.979491 2.729900 1.000000
-0.070131 -0.946675 2.788954 1.000000
-0.405287 -1.001548 2.569423 0.000000
-0.140681 -0.984305 2.631744 0.000000
-0.149382 0.595257 2.613796 0.807692
-0.355523 0.268740 2.809303 0.576923
-0.057886 0.366675 2.644245 1.000000
-0.244925 0.391392 2.694790 0.000000
-0.153535 0.163379 2.724298 0.000000
-0.383573 -0.031694 2.755511 1.000000
-0.057852 0.007784 2.540096 1.000000
-0.154530 -0.014480 2.747414 0.000000
-0.360309 0.500274 2.644665 1.000000
0.000505 0.637206 2.579906 1.000000
-0.338554 0.778481 2.534986 1.000000
-0.141564 0.878436 2.472543 1.000000
-0.297671 0.832509 2.510842 1.000000
-0.195184 0.924848 2.460538 1.000000
-0.309067 -0.573661 2.662548 1.000000
-0.072987 -0.540829 2.709912 1.000000
-0.337219 -0.993145 2.752777 1.000000
-0.077918 -0.964548 2.782975 1.000000
-0.431459 -1.018424 2.605849 0.000000
-0.171205 -0.988928 2.635289 0.000000
-0.176079 0.568561 2.599515 1.000000
-0.368711 0.306893 2.797738 0.826923
-0.064487 0.360502 2.639077 1.000000
-0.247608 0.404279 2.673953 0.000000
-0.173143 0.177838 2.740226 0.000000
-0.393540 -0.025256 2.739305 1.000000
-0.051590 0.000998 2.548421 1.000000
-0.164221 -0.012810 2.748287 0.000000
-0.368331 0.536496 2.630639 1.000000
0.011193 0.629083 2.586385 1.000000
-0.347690 0.815148 2.522371 1.000000
-0.103615 0.880786 2.471235 1.000000
-0.318841 0.876477 2.498292 1.000000
-0.157761 0.927125 2.461526 1.000000
-0.308609 -0.572512 2.665472 1.000000
-0.076160 -0.546570 2.705909 1.000000
-0.334468 -0.995629 2.737606 1.000000
-0.076450 -0.969610 2.782966 1.000000
-0.418812 -1.016638 2.584137 0.000000
-0.156308 -0.997738 2.628242 0.000000
-0.175921 0.580679 2.576910 1.000000
-0.362938 0.307757 2.787147 1.000000
-0.056574 0.359028 2.636644 1.000000
-0.240778 0.402484 2.665241 0.000000
-0.166883 0.178275 2.739284 0.000000
-0.394383 -0.022350 2.736109 1.000000
-0.047570 -0.000973 2.553573 1.000000
-0.165174 -0.013675 2.750628 0.000000
-0.388151 0.542246 2.629248 1.000000
0.047055 0.620067 2.595751 1.000000
-0.393099 0.818409 2.513456 1.000000
-0.009357 0.880925 2.459851 1.000000
-0.373666 0.883432 2.489631 1.000000
-0.039808 0.938099 2.428589 1.000000
-0.306850 -0.570925 2.653894 1.000000
-0.076442 -0.547148 2.708983 1.000000
-0.334729 -0.989145 2.749890 1.000000
-0.075970 -0.971426 2.778903 1.000000
-0.411389 -1.019809 2.594034 0.000000
-0.152551 -0.997343 2.622149 0.000000
-0.180906 0.573922 2.590757 1.000000
-0.364978 0.375012 2.696995 1.000000
-0.028481 0.370364 2.670761 1.000000
-0.201587 0.426439 2.613235 0.000000
-0.192509 0.230747 2.764347 0.000000
-0.400220 0.000791 2.667799 1.000000
-0.010430 0.017443 2.624875 1.000000
-0.192018 0.003733 2.765092 0.000000
-0.473347 0.622561 2.602194 1.000000
0.103534 0.611949 2.591894 1.000000
-0.524219 0.894311 2.480186 1.000000
0.140838 0.872334 2.443133 1.000000
-0.507024 0.960245 2.457157 1.000000
0.142633 0.937137 2.411977 1.000000
-0.302643 -0.550080 2.663006 1.000000
-0.083440 -0.538560 2.697612 1.000000
-0.328784 -0.973437 2.733619 1.000000
-0.074174 -0.957861 2.792486 1.000000
-0.349155 -1.001035 2.560612 0.000000
-0.089174 -0.996959 2.621155 0.000000
-0.236961 0.621980 2.603057 0.591346
-0.364654 0.379735 2.691584 1.000000
-0.022128 0.363724 2.681817 1.000000
-0.192162 0.426517 2.616698 0.000000
-0.197180 0.228630 2.765116 0.000000
-0.397656 0.003525 2.651356 1.000000
-0.005790 0.023915 2.642350 1.000000
-0.198671 0.007815 2.766288 0.000000
-0.529801 0.600639 2.615974 1.000000
0.145726 0.581215 2.602370 1.000000
-0.646988 0.848066 2.489001 1.000000
0.262569 0.824666 2.467633 1.000000
-0.715606 0.869331 2.485429 0.375000
0.280895 0.882859 2.429539 1.000000
-0.305916 -0.545308 2.666058 1.000000
-0.088716 -0.535338 2.694627 1.000000
-0.327654 -0.969385 2.733776 1.000000
-0.074335 -0.952626 2.797409 1.000000
-0.333681 -0.996880 2.559661 0.000000
-0.074727 -0.994821 2.626156 0.000000
-0.245105 0.615056 2.597910 0.548077
-0.370444 0.366661 2.688400 1.000000
-0.021758 0.353495 2.678119 1.000000
-0.195632 0.414522 2.612981 0.000000
-0.198671 0.217361 2.762416 0.000000
-0.395172 0.006639 2.651631 1.000000
-0.002838 0.012722 2.641997 1.000000
-0.195954 0.001894 2.766140 0.000000
-0.580837 0.553006 2.637411 1.000000
0.192119 0.534664 2.623132 1.000000
-0.783782 0.748372 2.530184 1.000000
0.378372 0.728109 2.486232 1.000000
-0.807969 0.803782 2.491222 1.000000
0.410153 0.785253 2.456268 1.000000
-0.303354 -0.547142 2.663377 1.000000
-0.086443 -0.541055 2.699773 1.000000
-0.326668 -0.968898 2.743864 1.000000
-0.073798 -0.960850 2.792038 1.000000
-0.333109 -1.001595 2.570665 0.000000
-0.075553 -0.998760 2.619794 0.000000
-0.241388 0.606852 2.600847 0.504808
-0.382001 0.356136 2.682281 1.000000
-0.017898 0.335899 2.674326 1.000000
-0.196281 0.399542 2.607382 0.000000
-0.203826 0.204183 2.759009 0.000000
-0.398228 -0.019567 2.652384 1.000000
-0.005914 -0.009988 2.645058 1.000000
-0.199617 -0.024101 2.767951 0.000000
-0.659886 0.416458 2.660684 1.000000
0.250553 0.429053 2.650198 1.000000
-0.934139 0.515295 2.586015 1.000000
0.510112 0.530222 2.536389 1.000000
-0.992347 0.535022 2.548652 0.930288
0.569080 0.562117 2.510333 1.000000
-0.306969 -0.571642 2.672466 1.000000
-0.083101 -0.562771 2.711082 1.000000
-0.331803 -0.996147 2.736328 1.000000
-0.075479 -0.987244 2.779383 1.000000
-0.336290 -1.022121 2.561934 0.000000
-0.076979 -1.015288 2.605258 0.000000
-0.240065 0.594646 2.600142 0.850962
-0.388975 0.346173 2.679063 1.000000
-0.015924 0.328607 2.675471 1.000000
-0.199804 0.391786 2.606997 0.000000
-0.207645 0.194722 2.756386 0.000000
-0.396722 -0.025711 2.649302 0.865385
-0.004442 -0.012754 2.647111 1.000000
-0.199560 -0.030050 2.767331 0.000000
-0.666306 0.308586 2.714416 1.000000
0.265821 0.338001 2.665156 1.000000
-0.950957 0.290428 2.629245 1.000000
0.553450 0.348263 2.589168 1.000000
-1.007626 0.246171 2.627442 0.795673
0.622954 0.350735 2.570824 0.000000
-0.308948 -0.575907 2.675145 1.000000
-0.080858 -0.566620 2.709427 1.000000
-0.330806 -1.000739 2.737910 1.000000
-0.075538 -0.988395 2.792959 1.000000
-0.332994 -1.026405 2.563426 0.019231
-0.073644 -1.022636 2.619950 0.000000
-0.214100 0.589546 2.588396 0.918269
-0.385061 0.330465 2.672726 1.000000
-0.010105 0.328185 2.678051 1.000000
-0.196255 0.383984 2.605290 0.000000
-0.199570 0.186348 2.754091 0.000000
-0.393559 -0.030528 2.650751 1.000000
-0.001281 -0.023119 2.639801 0.778846
-0.193948 -0.034262 2.764613 0.000000
-0.619989 0.196286 2.731155 1.000000
0.253178 0.243058 2.684751 1.000000
-0.882266 0.076397 2.684845 1.000000
0.525966 0.154683 2.629220 1.000000
-0.945188 0.042358 2.677400 1.000000
0.593024 0.132734 2.615263 0.000000
-0.310141 -0.582144 2.679930 1.000000
-0.081419 -0.575906 2.706298 1.000000
-0.323288 -1.007428 2.742067 1.000000
-0.081416 -0.996697 2.794814 1.000000
-0.329996 -1.032705 2.567641 0.000000
-0.083215 -1.033002 2.622226 0.000000
-0.194856 0.587994 2.576010 1.000000
-0.380278 0.313400 2.666972 1.000000
-0.005543 0.322705 2.677547 1.000000
-0.192263 0.372138 2.601708 0.000000
-0.191633 0.175747 2.752183 0.000000
-0.389426 -0.037625 2.653759 0.884615
0.002655 -0.035292 2.635779 1.000000
-0.187879 -0.041938 2.764136 0.000000
-0.524763 0.093291 2.739047 1.000000
0.189509 0.134238 2.708431 1.000000
-0.692721 -0.140738 2.738935 1.000000
0.386297 -0.071831 2.666133 1.000000
-0.724796 -0.203966 2.726823 1.000000
0.425571 -0.130793 2.653710 1.000000
-0.310700 -0.590590 2.683069 1.000000
-0.077960 -0.585242 2.714330 1.000000
-0.329411 -1.016821 2.736706 1.000000
-0.084975 -1.005866 2.803358 1.000000
-0.338875 -1.038402 2.561912 0.038462
-0.090016 -1.042293 2.630859 0.000000
-0.198238 0.586115 2.567196 0.990385
-0.386269 0.298207 2.660609 1.000000
-0.011960 0.319268 2.669228 1.000000
-0.200302 0.359653 2.592053 0.000000
-0.193302 0.170199 2.751020 0.000000
-0.386574 -0.050584 2.633044 1.000000
0.000577 -0.050001 2.649493 0.615385
-0.198071 -0.053059 2.760748 0.000000
-0.473292 0.046381 2.742440 1.000000
0.134650 0.086701 2.715096 1.000000
-0.577618 -0.228239 2.728102 1.000000
0.276247 -0.170105 2.692590 1.000000
-0.584717 -0.299126 2.718208 1.000000
0.297038 -0.226696 2.653366 0.778846
-0.313325 -0.602646 2.688580 1.000000
-0.078598 -0.599319 2.721124 1.000000
-0.322949 -1.028910 2.744314 1.000000
-0.086264 -1.021790 2.800874 1.000000
-0.316972 -1.051896 2.569545 0.038462
-0.076507 -1.054627 2.627858 0.134615
-0.200613 0.585773 2.567843 1.000000
-0.384158 0.297671 2.657144 1.000000
-0.010018 0.318922 2.671015 1.000000
-0.197252 0.358888 2.590979 0.000000
-0.192459 0.170143 2.750869 0.000000
-0.383695 -0.046478 2.632800 0.355769
0.003377 -0.053072 2.649783 0.894231
-0.195450 -0.052688 2.760759 0.000000
-0.438955 0.032380 2.738867 1.000000
0.087400 0.056158 2.710075 1.000000
-0.454907 -0.262764 2.696610 1.000000
0.172766 -0.229148 2.688554 1.000000
-0.460164 -0.327964 2.666699 0.543269
0.178434 -0.294847 2.659834 0.862981
-0.311567 -0.600693 2.689419 1.000000
-0.080724 -0.600724 2.719269 1.000000
-0.333941 -1.025914 2.749312 1.000000
-0.089804 -1.025657 2.784459 1.000000
-0.327530 -1.050828 2.574823 0.000000
-0.080874 -1.052554 2.610375 0.019231
-0.210006 0.587552 2.581670 0.865385
-0.377514 0.303785 2.661533 1.000000
-0.002968 0.311398 2.678334 1.000000
-0.188138 0.360957 2.598864 0.000000
-0.191015 0.166097 2.751292 0.000000
-0.374513 -0.055012 2.633794 0.480769
0.012618 -0.048929 2.649611 0.375000
-0.185827 -0.052152 2.761222 0.000000
-0.428052 0.029466 2.728702 1.000000
0.057036 0.031787 2.701443 1.000000
-0.412665 -0.261558 2.646658 1.000000
0.057029 -0.269186 2.668606 1.000000
-0.407818 -0.331610 2.662231 0.341346
0.055044 -0.335649 2.641184 0.661058
-0.314352 -0.604209 2.684955 1.000000
-0.079865 -0.602063 2.716900 1.000000
-0.328220 -1.029459 2.747164 1.000000
-0.081279 -1.026302 2.787036 1.000000
-0.324147 -1.055112 2.572712 0.000000
-0.073050 -1.055066 2.613217 0.096154
-0.206902 0.584051 2.584610 0.875000
-0.382703 0.302635 2.673239 1.000000
-0.008113 0.319564 2.677827 1.000000
-0.197057 0.366444 2.605981 0.000000
-0.189862 0.167440 2.752809 0.000000
-0.390279 -0.048775 2.638468 0.355769
-0.002779 -0.049839 2.638246 0.692308
-0.196463 -0.050122 2.757974 0.000000
-0.436134 0.026984 2.723193 1.000000
0.049394 0.040234 2.678728 1.000000
-0.432450 -0.268032 2.663869 1.000000
0.036840 -0.259840 2.659604 1.000000
-0.408565 -0.331368 2.639550 0.257212
0.028584 -0.330025 2.646217 0.341346
-0.309931 -0.602742 2.683151 1.000000
-0.082581 -0.598436 2.717887 1.000000
-0.318488 -1.028750 2.740984 1.000000
-0.086102 -1.021289 2.795880 1.000000
-0.320201 -1.052441 2.566216 0.000000
-0.084481 -1.053293 2.622441 0.000000
-0.212610 0.587794 2.590138 0.831731
-0.384557 0.302992 2.671786 1.000000
-0.010168 0.319898 2.684896 1.000000
-0.197510 0.367945 2.609705 0.000000
-0.193443 0.166513 2.753306 0.000000
-0.391430 -0.045595 2.632894 0.413462
-0.004279 -0.057441 2.644337 0.548077
-0.201426 -0.052747 2.758175 0.000000
-0.446483 0.030007 2.726975 1.000000
0.049071 0.040823 2.681842 1.000000
-0.439737 -0.265083 2.667655 1.000000
0.028856 -0.258283 2.654093 1.000000
-0.430031 -0.334075 2.649786 0.307692
0.027330 -0.324002 2.624904 0.509615
-0.312456 -0.602627 2.684323 1.000000
-0.084631 -0.601866 2.723177 1.000000
-0.328716 -1.028651 2.740347 1.000000
-0.085065 -1.025419 2.797358 1.000000
-0.324890 -1.051786 2.565538 0.000000
-0.079326 -1.055836 2.623720 0.153846
-0.205223 0.586748 2.591429 0.990385
-0.383557 0.305993 2.674514 1.000000
-0.008727 0.314864 2.681470 1.000000
-0.196183 0.366366 2.608897 0.000000
-0.194137 0.166051 2.754094 0.000000
-0.390306 -0.045206 2.638749 0.384615
-0.002845 -0.050525 2.640422 0.557692
-0.197132 -0.050747 2.759169 0.000000
-0.442031 0.030513 2.725954 1.000000
0.047930 0.034381 2.690065 1.000000
-0.433838 -0.261642 2.649549 1.000000
0.035058 -0.266224 2.663038 1.000000
-0.430281 -0.327118 2.679104 0.408654
0.025700 -0.324675 2.622181 0.509615
-0.312586 -0.600344 2.682712 1.000000
-0.081092 -0.597404 2.718576 1.000000
-0.323649 -1.025510 2.746047 1.000000
-0.079309 -1.021063 2.792125 1.000000
-0.324875 -1.051465 2.571596 0.038462
-0.077581 -1.051223 2.618356 0.000000
-0.204563 0.589299 2.595839 0.846154
