-0.359045 0.324529 2.798935 1.000000
0.003545 0.324850 2.757058 1.000000
-0.191023 0.366225 2.663390 0.000000
-0.165455 0.194305 2.883450 0.000000
-0.365415 -0.028171 2.768775 0.019231
-0.002194 -0.038842 2.731027 0.346154
-0.169386 -0.043209 2.891380 0.000000
-0.430159 0.044351 2.822555 1.000000
0.057888 0.040091 2.765699 1.000000
-0.440154 -0.256789 2.792592 1.000000
0.044196 -0.260076 2.728343 1.000000
-0.449390 -0.315981 2.828370 0.576923
0.025497 -0.326471 2.717803 0.711538
-0.300178 -0.562727 2.799339 1.000000
-0.069526 -0.567071 2.782939 1.000000
-0.303589 -0.973654 2.929297 1.000000
-0.071147 -0.978580 2.911075 1.000000
-0.323948 -1.021848 2.776374 0.000000
-0.082084 -1.026482 2.757099 0.000000
-0.170677 0.605060 2.740649 0.519231
-0.360460 0.322492 2.806006 1.000000
0.001518 0.324072 2.759161 1.000000
-0.194322 0.367879 2.669329 0.000000
-0.165724 0.190114 2.884313 0.000000
-0.363682 -0.030044 2.773459 0.048077
-0.000928 -0.037019 2.730687 0.346154
-0.165864 -0.044228 2.893259 0.000000
-0.433199 0.040999 2.819591 1.000000
0.055903 0.038144 2.758137 1.000000
-0.441195 -0.261335 2.790175 1.000000
0.041025 -0.262546 2.716917 1.000000
-0.445228 -0.329372 2.805136 0.694712
0.021284 -0.328791 2.726456 0.846154
-0.300918 -0.563041 2.804372 1.000000
-0.066567 -0.566037 2.784452 1.000000
-0.309297 -0.977739 2.921489 1.000000
-0.071727 -0.978681 2.908790 1.000000
-0.331304 -1.020845 2.767281 0.000000
-0.084589 -1.025015 2.754484 0.000000
-0.181782 0.607740 2.726462 0.514423
-0.362816 0.318013 2.803170 1.000000
-0.000337 0.326185 2.761134 1.000000
-0.195747 0.365730 2.668435 0.000000
-0.166680 0.189825 2.884881 0.000000
-0.363588 -0.030703 2.775144 0.000000
-0.001879 -0.039411 2.724553 0.298077
-0.163213 -0.043200 2.890813 0.000000
-0.426539 0.034572 2.818558 1.000000
0.056140 0.040963 2.751386 1.000000
-0.428816 -0.267033 2.782779 1.000000
0.035323 -0.259903 2.715378 1.000000
-0.421037 -0.336268 2.778898 0.610577
0.018191 -0.326169 2.701796 0.661058
-0.302313 -0.564684 2.801583 1.000000
-0.066842 -0.567687 2.784998 1.000000
-0.302090 -0.974714 2.934387 1.000000
-0.073071 -0.979904 2.910696 1.000000
-0.328702 -1.023849 2.782729 0.000000
-0.089233 -1.026585 2.756805 0.000000
-0.169277 0.606602 2.728893 0.480769
-0.364175 0.318941 2.805910 1.000000
-0.001788 0.323255 2.762530 1.000000
-0.197131 0.364210 2.670303 0.004808
-0.169029 0.189278 2.887663 0.000000
-0.364433 -0.032493 2.779952 0.000000
-0.003731 -0.039833 2.722432 0.346154
-0.161865 -0.045401 2.891689 0.000000
-0.414157 0.032821 2.813715 1.000000
0.054570 0.038421 2.751696 1.000000
-0.416602 -0.264627 2.754237 1.000000
0.033025 -0.261199 2.709479 1.000000
-0.404748 -0.332941 2.762097 0.425481
0.015232 -0.327558 2.697273 0.694712
-0.302283 -0.566260 2.802586 1.000000
-0.072950 -0.568840 2.783942 1.000000
-0.301344 -0.976239 2.935543 1.000000
-0.067395 -0.980195 2.912461 1.000000
-0.330655 -1.025332 2.784370 0.000000
-0.087849 -1.028258 2.759510 0.000000
-0.182325 0.609477 2.711796 0.408654
-0.359463 0.320993 2.801114 1.000000
0.003885 0.319634 2.766458 1.000000
-0.188461 0.365116 2.670142 0.000000
-0.168559 0.186961 2.885783 0.000000
-0.358241 -0.031015 2.775492 0.000000
0.003517 -0.041451 2.725585 0.288462
-0.158136 -0.044161 2.891556 0.000000
-0.410580 0.033444 2.807487 1.000000
0.058383 0.033011 2.751789 1.000000
-0.413253 -0.264456 2.742187 1.000000
0.065187 -0.269153 2.710976 1.000000
-0.406583 -0.329453 2.766681 0.593750
0.064457 -0.337164 2.695386 0.795673
-0.306094 -0.564574 2.803252 1.000000
-0.069907 -0.569673 2.787682 1.000000
-0.300356 -0.974375 2.936637 1.000000
-0.067420 -0.982641 2.911021 1.000000
-0.328784 -1.023979 2.785461 0.000000
-0.085561 -1.028702 2.757165 0.000000
-0.168953 0.609352 2.703927 0.586538
-0.361822 0.319326 2.798478 1.000000
0.001590 0.317942 2.764491 1.000000
-0.190705 0.360090 2.666570 0.000000
-0.170714 0.188324 2.887326 0.000000
-0.359757 -0.031627 2.777752 0.365385
0.001939 -0.044063 2.727859 0.692308
-0.159726 -0.045713 2.893832 0.000000
-0.423871 0.031980 2.814497 1.000000
0.071579 0.032056 2.757782 1.000000
-0.475876 -0.265418 2.756857 1.000000
0.165722 -0.250968 2.683571 1.000000
-0.490931 -0.331019 2.738446 0.576923
0.176080 -0.319385 2.692565 0.543269
-0.303155 -0.566230 2.805342 1.000000
-0.072763 -0.571610 2.791357 1.000000
-0.303407 -0.977146 2.935379 1.000000
-0.068014 -0.984490 2.914927 1.000000
-0.330362 -1.025212 2.783439 0.000000
-0.086597 -1.030720 2.761173 0.000000
-0.186812 0.608927 2.729663 0.471154
-0.364835 0.319718 2.805583 1.000000
-0.001601 0.320491 2.769731 1.000000
-0.194644 0.361463 2.672788 0.000000
-0.172496 0.189884 2.893483 0.000000
-0.359065 -0.033425 2.766192 0.336538
-0.005162 -0.040247 2.726967 1.000000
-0.166521 -0.042080 2.888170 0.000000
-0.504383 0.061215 2.822081 1.000000
0.162449 0.078516 2.736490 1.000000
-0.699872 -0.166747 2.757472 1.000000
0.376480 -0.113772 2.628909 1.000000
-0.752077 -0.183477 2.714299 0.526442
0.423546 -0.164580 2.637419 1.000000
-0.303031 -0.565587 2.807812 1.000000
-0.073943 -0.569549 2.788233 1.000000
-0.302632 -0.978824 2.930270 1.000000
-0.067722 -0.980886 2.916781 1.000000
-0.324680 -1.024336 2.776761 0.000000
-0.081569 -1.029110 2.763141 0.000000
-0.185683 0.607665 2.744944 0.379808
-0.366069 0.323297 2.815253 1.000000
-0.003695 0.326205 2.771646 1.000000
-0.198972 0.366917 2.679172 0.000000
-0.171247 0.193791 2.898021 0.000000
-0.354513 -0.030596 2.769300 0.355769
-0.003283 -0.038112 2.728541 1.000000
-0.162650 -0.041949 2.890330 0.000000
-0.578473 0.122453 2.818400 1.000000
0.225887 0.153154 2.718646 1.000000
-0.844969 -0.002523 2.737699 1.000000
0.487979 0.059456 2.593424 1.000000
-0.913277 0.001802 2.724116 0.560096
0.555040 0.045659 2.579948 0.543269
-0.304503 -0.562873 2.805663 1.000000
-0.074418 -0.567753 2.785380 1.000000
-0.302386 -0.976082 2.928200 1.000000
-0.066956 -0.980531 2.909153 1.000000
-0.326164 -1.021646 2.774964 0.000000
-0.082248 -1.026998 2.755108 0.000000
-0.201873 0.607058 2.753212 0.201923
-0.361729 0.325082 2.815268 1.000000
0.000357 0.325336 2.769241 1.000000
-0.195488 0.361325 2.676011 0.000000
-0.166461 0.199912 2.903475 0.000000
-0.356130 -0.026422 2.776060 0.413462
-0.001545 -0.036732 2.719191 0.875000
-0.156524 -0.039502 2.888188 0.000000
-0.630080 0.212019 2.812758 1.000000
0.267315 0.237223 2.693271 1.000000
-0.910277 0.215589 2.694826 1.000000
0.539640 0.271916 2.562632 1.000000
-0.975597 0.233816 2.711263 0.762019
0.595253 0.312580 2.551556 0.425481
-0.300812 -0.560731 2.799220 1.000000
-0.074242 -0.565113 2.782841 1.000000
-0.302899 -0.975519 2.916300 1.000000
-0.068210 -0.976718 2.910535 1.000000
-0.332586 -1.018539 2.763360 0.000000
-0.089750 -1.024469 2.757634 0.000000
-0.188853 0.611806 2.747882 0.259615
-0.361251 0.322225 2.815540 1.000000
-0.004986 0.324421 2.772463 1.000000
-0.197217 0.363775 2.679106 0.000000
-0.169400 0.193942 2.900509 0.000000
-0.361674 -0.028658 2.785121 0.480769
0.005887 -0.036034 2.716556 0.605769
-0.151999 -0.041919 2.890682 0.000000
-0.644075 0.357992 2.766510 1.000000
0.254768 0.365007 2.651826 1.000000
-0.864155 0.510009 2.626310 1.000000
0.435208 0.569446 2.522033 1.000000
-0.921747 0.549365 2.628142 0.677885
0.464106 0.631320 2.507696 0.963942
-0.290616 -0.563205 2.799233 1.000000
-0.079253 -0.566358 2.774824 1.000000
-0.306338 -0.978561 2.913225 1.000000
-0.068617 -0.976897 2.905613 1.000000
-0.337650 -1.019422 2.760018 0.000000
-0.094174 -1.025941 2.753744 0.000000
-0.184645 0.618768 2.757773 0.274038
-0.356528 0.323210 2.817573 1.000000
-0.008780 0.333261 2.778048 1.000000
-0.197500 0.370997 2.683847 0.000000
-0.167723 0.196731 2.901519 0.000000
-0.367026 -0.026304 2.775023 0.423077
0.007037 -0.030304 2.734305 0.605769
-0.164729 -0.039136 2.895972 0.000000
-0.609062 0.425840 2.724910 1.000000
0.217318 0.431453 2.629281 1.000000
-0.754754 0.657300 2.600207 1.000000
0.290472 0.696668 2.508202 1.000000
-0.782937 0.716300 2.575839 0.997596
0.311062 0.762125 2.495531 0.980769
-0.290597 -0.559678 2.798499 1.000000
-0.078723 -0.562672 2.770022 1.000000
-0.303603 -0.972192 2.922694 1.000000
-0.067651 -0.972680 2.902430 1.000000
-0.323401 -1.017862 2.768925 0.000000
-0.080715 -1.022506 2.749233 0.000000
-0.182938 0.614997 2.758058 0.375000
-0.349476 0.323297 2.825761 1.000000
-0.008433 0.328921 2.781518 1.000000
-0.194094 0.377069 2.693140 0.000000
-0.164450 0.187384 2.897535 0.000000
-0.363178 -0.024274 2.789545 0.288462
0.006555 -0.031810 2.719989 1.000000
-0.152230 -0.038356 2.894523 0.000000
-0.556274 0.472006 2.686616 1.000000
0.151891 0.488161 2.599365 1.000000
-0.598517 0.738347 2.548423 1.000000
0.134495 0.777488 2.511011 1.000000
-0.628291 0.799707 2.563173 0.795673
0.130346 0.846824 2.504348 1.000000
-0.296557 -0.558651 2.799491 1.000000
-0.076637 -0.562452 2.771460 1.000000
-0.305429 -0.973281 2.916814 1.000000
-0.067906 -0.975200 2.895252 1.000000
-0.338364 -1.015710 2.764374 0.000000
-0.093016 -1.021555 2.742467 0.000000
-0.184042 0.617863 2.750003 0.403846
-0.351615 0.327997 2.842507 1.000000
-0.017966 0.327106 2.779976 1.000000
-0.204166 0.381207 2.702695 0.000000
-0.167487 0.186542 2.901180 0.000000
-0.360276 -0.021099 2.778259 0.384615
0.005523 -0.030169 2.724333 0.923077
-0.156818 -0.033737 2.892115 0.000000
-0.456874 0.511019 2.643930 1.000000
0.058374 0.527131 2.584600 1.000000
-0.390216 0.773293 2.508516 1.000000
-0.079774 0.794695 2.554723 1.000000
-0.359443 0.830848 2.483828 0.795673
-0.112897 0.856107 2.554079 1.000000
-0.298299 -0.555391 2.798720 1.000000
-0.078566 -0.561161 2.766747 1.000000
-0.304096 -0.966957 2.926553 1.000000
-0.067562 -0.973251 2.892533 1.000000
-0.331908 -1.013826 2.774394 0.000000
-0.086926 -1.020569 2.739207 0.000000
-0.179989 0.612895 2.779278 0.259615
-0.349090 0.327178 2.868390 0.980769
-0.016652 0.317033 2.783982 1.000000
-0.205066 0.385575 2.723626 0.000000
-0.166086 0.173296 2.902665 0.000000
-0.358462 -0.023843 2.790734 0.509615
0.003394 -0.034004 2.714867 0.586538
-0.148576 -0.037706 2.892094 0.000000
-0.417755 0.494948 2.640138 1.000000
0.023004 0.522157 2.580729 1.000000
-0.288951 0.732016 2.499383 1.000000
-0.176007 0.751937 2.566590 1.000000
-0.257821 0.791553 2.480530 1.000000
-0.203238 0.799185 2.610123 0.492788
-0.297717 -0.558712 2.802016 1.000000
-0.074641 -0.563661 2.771133 1.000000
-0.305728 -0.971598 2.925393 1.000000
-0.067143 -0.978232 2.888760 1.000000
-0.342165 -1.016032 2.774328 0.000000
-0.095748 -1.022130 2.735863 0.000000
-0.180132 0.594684 2.767403 0.562500
-0.354221 0.325139 2.886027 0.605769
-0.024346 0.305383 2.783847 1.000000
-0.212009 0.384815 2.736479 0.000000
-0.173958 0.161976 2.902406 0.000000
-0.354256 -0.022916 2.807057 0.028846
-0.006286 -0.044275 2.697016 1.000000
-0.137883 -0.042635 2.887830 0.000000
-0.401577 0.480408 2.644810 1.000000
0.016720 0.521769 2.594040 1.000000
-0.273528 0.723428 2.515637 1.000000
-0.208841 0.717293 2.538960 1.000000
-0.217207 0.748905 2.483265 1.000000
-0.260200 0.762626 2.525685 0.000000
-0.296404 -0.561982 2.799791 1.000000
-0.072540 -0.568850 2.772787 1.000000
-0.304992 -0.977302 2.914669 1.000000
-0.065565 -0.985065 2.884490 1.000000
-0.355215 -1.017291 2.766340 0.000000
-0.109909 -1.026044 2.734566 0.000000
-0.179833 0.584363 2.759300 0.884615
-0.352902 0.348600 2.848681 0.798077
-0.020484 0.307560 2.788834 1.000000
-0.195590 0.384678 2.710285 0.000000
-0.184967 0.184604 2.906484 0.000000
-0.362476 -0.021595 2.787546 0.615385
0.002998 -0.033120 2.724231 1.000000
-0.155787 -0.037673 2.896025 0.000000
-0.445603 0.501209 2.620440 1.000000
0.043452 0.521961 2.604656 1.000000
-0.292112 0.729230 2.494033 1.000000
-0.162280 0.735930 2.546140 1.000000
-0.259538 0.790925 2.492690 1.000000
-0.214028 0.782522 2.550656 1.000000
-0.297249 -0.557335 2.797769 1.000000
-0.072760 -0.562334 2.771680 1.000000
-0.304251 -0.969030 2.925126 1.000000
-0.067260 -0.978054 2.885291 1.000000
-0.335189 -1.015431 2.773428 0.000000
-0.089799 -1.020523 2.730983 0.000000
-0.204230 0.598110 2.763318 0.860577
-0.361964 0.339383 2.838671 1.000000
-0.028064 0.324561 2.786518 1.000000
-0.208611 0.382463 2.701671 0.000000
-0.184830 0.193605 2.907593 0.000000
-0.363244 -0.019693 2.790946 0.567308
0.004575 -0.028246 2.720882 1.000000
-0.153048 -0.036529 2.895447 0.000000
-0.479284 0.512365 2.638859 1.000000
0.076484 0.522471 2.603453 1.000000
-0.389182 0.769150 2.508181 1.000000
-0.081032 0.764787 2.516246 1.000000
-0.368581 0.831367 2.484230 1.000000
-0.111206 0.827627 2.513133 1.000000
-0.297987 -0.554314 2.797644 1.000000
-0.077398 -0.558079 2.774010 1.000000
-0.305075 -0.966708 2.922714 1.000000
-0.063719 -0.974509 2.884284 1.000000
-0.338697 -1.012060 2.771270 0.000000
-0.090535 -1.016132 2.730429 0.000000
-0.203457 0.606419 2.764311 0.673077
-0.359218 0.341196 2.827685 1.000000
-0.023997 0.319668 2.781876 1.000000
-0.202089 0.377822 2.692158 0.000000
-0.184913 0.194752 2.903882 0.000000
-0.364151 -0.019990 2.787937 0.490385
0.004751 -0.029313 2.718812 1.000000
-0.153830 -0.036564 2.893043 0.000000
-0.533900 0.506733 2.663332 1.000000
0.110680 0.510909 2.608044 1.000000
-0.517235 0.783831 2.538799 1.000000
0.057667 0.789879 2.498797 1.000000
-0.516303 0.851550 2.521997 0.778846
0.043027 0.857895 2.493452 1.000000
-0.296529 -0.554826 2.797588 1.000000
-0.076189 -0.558809 2.772285 1.000000
-0.308400 -0.968600 2.917634 1.000000
-0.065918 -0.974462 2.885811 1.000000
-0.340915 -1.011852 2.765337 0.000000
-0.091630 -1.017095 2.732045 0.000000
-0.185203 0.611825 2.754440 0.682692
-0.364021 0.335527 2.828939 1.000000
-0.021465 0.332048 2.772649 1.000000
-0.210808 0.379665 2.688522 0.000000
-0.177750 0.199480 2.900836 0.000000
-0.369270 -0.019630 2.788543 0.471154
0.004352 -0.027291 2.713316 1.000000
-0.154696 -0.036433 2.890139 0.000000
-0.605637 0.464087 2.721342 1.000000
0.200738 0.457832 2.626745 1.000000
-0.714421 0.730208 2.613594 1.000000
0.286489 0.730641 2.515006 1.000000
-0.756243 0.778565 2.585636 0.644231
0.314786 0.793550 2.525537 1.000000
-0.296975 -0.554000 2.796622 1.000000
-0.080040 -0.557255 2.768165 1.000000
-0.306583 -0.964228 2.928463 1.000000
-0.063948 -0.970026 2.891137 1.000000
-0.340938 -1.011820 2.777873 0.000000
-0.091444 -1.016484 2.738795 0.000000
-0.182870 0.615859 2.750599 0.625000
-0.367112 0.331850 2.820174 1.000000
-0.017730 0.326938 2.761150 1.000000
-0.211014 0.370343 2.676585 0.000000
-0.176301 0.199557 2.896275 0.000000
-0.368357 -0.026504 2.791975 0.240385
-0.003767 -0.028765 2.704860 1.000000
-0.153152 -0.040729 2.886490 0.000000
-0.644055 0.405975 2.754363 1.000000
0.241983 0.400660 2.644371 1.000000
-0.832004 0.631642 2.664601 1.000000
0.420671 0.630754 2.547236 1.000000
-0.885536 0.674438 2.651493 0.896635
0.462896 0.684891 2.559698 1.000000
-0.294554 -0.559015 2.802755 1.000000
-0.080379 -0.559326 2.770353 1.000000
-0.311507 -0.975067 2.913998 1.000000
-0.063489 -0.971434 2.895424 1.000000
-0.350031 -1.014145 2.761973 0.000000
-0.096227 -1.018626 2.744349 0.000000
-0.181118 0.617200 2.727846 0.706731
-0.369517 0.326283 2.813823 1.000000
-0.010004 0.329861 2.762339 1.000000
-0.206886 0.372206 2.674965 0.000000
-0.174316 0.195316 2.890106 0.000000
-0.368857 -0.028177 2.777145 0.375000
0.000753 -0.032306 2.714765 0.980769
-0.160541 -0.042071 2.886047 0.000000
-0.663786 0.341950 2.805014 1.000000
0.268253 0.337810 2.665243 1.000000
-0.909392 0.498294 2.705157 1.000000
0.504499 0.511128 2.570981 1.000000
-0.976058 0.518870 2.706334 0.997596
0.566650 0.541947 2.578504 1.000000
-0.300647 -0.559512 2.806492 1.000000
-0.078142 -0.562905 2.769958 1.000000
-0.307782 -0.976542 2.915103 1.000000
-0.068088 -0.972971 2.902269 1.000000
-0.337328 -1.016116 2.761208 0.000000
-0.089562 -1.022638 2.749971 0.000000
-0.196532 0.620540 2.731479 0.644231
-0.370962 0.319420 2.804144 1.000000
-0.008683 0.324663 2.759964 1.000000
-0.204430 0.361869 2.667004 0.000000
-0.174903 0.193248 2.889111 0.000000
-0.367235 -0.031929 2.772552 0.346154
0.000807 -0.036174 2.716387 0.759615
-0.161868 -0.043659 2.885077 0.000000
-0.649208 0.229440 2.828367 1.000000
0.258052 0.215574 2.704686 1.000000
-0.941307 0.249699 2.738269 1.000000
0.522713 0.283246 2.566030 1.000000
-1.010492 0.249357 2.729193 0.762019
0.589213 0.304305 2.567866 0.879808
-0.304518 -0.563262 2.803174 1.000000
-0.078250 -0.566581 2.774888 1.000000
-0.303290 -0.979039 2.916707 1.000000
-0.064601 -0.976909 2.906059 1.000000
-0.331853 -1.021022 2.763266 0.000000
-0.084566 -1.026348 2.753482 0.000000
-0.196408 0.622211 2.705305 0.706731
-0.372275 0.318208 2.800420 1.000000
-0.009756 0.314711 2.758082 1.000000
-0.204251 0.352889 2.662916 0.000000
-0.179244 0.190866 2.890424 0.000000
-0.363010 -0.032761 2.779022 0.625000
-0.001713 -0.043835 2.709757 0.913462
-0.155825 -0.046861 2.884178 0.000000
-0.608500 0.147947 2.826916 1.000000
0.219875 0.137819 2.719718 1.000000
-0.891660 0.053784 2.762589 1.000000
0.480662 0.100002 2.565626 1.000000
-0.929855 0.044052 2.705008 0.694712
0.545017 0.093474 2.539455 0.206731
-0.301864 -0.566740 2.803854 1.000000
-0.076233 -0.571666 2.776273 1.000000
-0.308036 -0.982920 2.915737 1.000000
-0.067029 -0.982464 2.906355 1.000000
-0.341735 -1.023492 2.762960 0.000000
-0.092593 -1.031162 2.754376 0.000000
-0.193723 0.606557 2.720765 0.548077
-0.371672 0.314524 2.792598 1.000000
-0.008157 0.318737 2.759975 1.000000
-0.200796 0.353259 2.659770 0.000000
-0.178495 0.190850 2.887284 0.000000
-0.365188 -0.036621 2.767766 0.509615
-0.000394 -0.045344 2.719758 0.903846
-0.164368 -0.047589 2.884955 0.000000
-0.514926 0.067736 2.830135 1.000000
0.123990 0.063960 2.738517 1.000000
-0.690306 -0.163676 2.752821 1.000000
0.295300 -0.149838 2.615107 1.000000
-0.715316 -0.228694 2.756847 0.762019
0.310683 -0.185147 2.556920 0.341346
-0.302070 -0.568601 2.810880 1.000000
-0.073550 -0.574110 2.779285 1.000000
-0.304884 -0.986702 2.915496 1.000000
-0.067000 -0.983753 2.913115 1.000000
-0.329113 -1.025337 2.760438 0.000000
-0.082773 -1.033934 2.760289 0.000000
-0.191227 0.609007 2.706590 0.456731
-0.372046 0.311985 2.797745 1.000000
-0.008989 0.319554 2.760907 1.000000
-0.203050 0.355302 2.663930 0.000000
-0.176923 0.187263 2.886903 0.000000
-0.364004 -0.036567 2.761999 0.317308
0.001854 -0.046908 2.723308 0.923077
-0.166276 -0.048080 2.884284 0.000000
-0.460067 0.038118 2.823476 1.000000
0.070642 0.042459 2.743875 1.000000
-0.528174 -0.251268 2.773134 1.000000
0.150226 -0.239980 2.674509 1.000000
-0.537451 -0.320371 2.775919 0.661058
0.156188 -0.290098 2.626325 0.526442
-0.302458 -0.568399 2.811326 1.000000
-0.075042 -0.575334 2.781572 1.000000
-0.307074 -0.984327 2.924213 1.000000
-0.066378 -0.985143 2.914774 1.000000
-0.327644 -1.026106 2.769442 0.000000
-0.079199 -1.035192 2.761629 0.000000
-0.209694 0.608627 2.716345 0.610577
-0.369526 0.317399 2.810286 1.000000
-0.007728 0.321104 2.762184 1.000000
-0.204063 0.365428 2.673694 0.000000
-0.173989 0.184677 2.885970 0.000000
-0.367592 -0.035013 2.766248 0.000000
-0.002131 -0.045761 2.724079 0.336538
-0.168737 -0.047146 2.886630 0.000000
-0.415689 0.032821 2.808795 1.000000
0.046202 0.038796 2.739580 1.000000
-0.409389 -0.267133 2.784654 1.000000
0.029669 -0.261488 2.727284 1.000000
-0.408901 -0.336633 2.778439 0.189904
0.017357 -0.327456 2.708158 0.593750
-0.303809 -0.567868 2.809482 1.000000
-0.072968 -0.574319 2.776469 1.000000
-0.303246 -0.983077 2.925076 1.000000
-0.067810 -0.983658 2.911290 1.000000
-0.325658 -1.026035 2.770885 0.000000
-0.080221 -1.034211 2.758277 0.000000
-0.191303 0.600198 2.719401 0.408654
