-0.333319 0.346552 2.817376 1.000000
0.053772 0.375442 2.646785 1.000000
-0.185671 0.452276 2.643392 0.000000
-0.106896 0.225235 2.783691 0.000000
-0.311354 0.063909 2.720489 0.000000
0.000622 0.075664 2.573663 0.788462
-0.099536 0.046693 2.763855 0.000000
-0.380876 0.088137 2.721924 1.000000
0.086717 0.099031 2.672521 1.000000
-0.381742 -0.215989 2.703993 1.000000
0.073197 -0.203524 2.639461 1.000000
-0.392748 -0.297697 2.704144 0.173077
0.048680 -0.281152 2.652513 0.913462
-0.279255 -0.517980 2.700430 1.000000
-0.001806 -0.505357 2.650521 1.000000
0.041802 -0.696493 2.973961 0.000000
-0.370714 -0.748335 2.771484 1.000000
-0.042798 -0.895232 2.943558 0.000000
-0.252720 -0.931604 2.763206 0.000000
-0.152641 0.663490 2.616794 1.000000
-0.334902 0.331832 2.849707 1.000000
0.032522 0.391481 2.646686 1.000000
-0.209092 0.456769 2.671352 0.000000
-0.107971 0.224269 2.786049 0.000000
-0.309622 0.055119 2.737290 0.000000
-0.014871 0.084686 2.560450 0.884615
-0.093917 0.050412 2.759500 0.000000
-0.381963 0.088090 2.719893 1.000000
0.082990 0.116910 2.669932 1.000000
-0.378195 -0.214955 2.683135 1.000000
0.076619 -0.187282 2.644854 1.000000
-0.351705 -0.292994 2.680767 0.324519
0.052455 -0.266002 2.648921 1.000000
-0.284256 -0.521167 2.702890 1.000000
-0.001318 -0.500777 2.645627 1.000000
0.040394 -0.692350 2.976866 0.000000
-0.372702 -0.738697 2.769045 1.000000
-0.042712 -0.892281 2.950425 0.000000
-0.256323 -0.923105 2.763754 0.000000
-0.149415 0.651384 2.614779 1.000000
-0.347121 0.325254 2.868364 0.942308
0.008175 0.408667 2.652534 1.000000
-0.235202 0.460824 2.688523 0.024038
-0.117868 0.231091 2.792890 0.000000
-0.313637 0.057961 2.741757 0.000000
-0.026133 0.097336 2.555167 0.942308
-0.097294 0.061322 2.756867 0.000000
-0.386130 0.086539 2.723281 0.953846
0.085105 0.137741 2.667919 1.000000
-0.375149 -0.217258 2.677781 1.000000
0.076627 -0.168749 2.646124 1.000000
-0.342670 -0.288483 2.651906 0.324519
0.060278 -0.249531 2.644017 1.000000
-0.280373 -0.516342 2.703375 1.000000
-0.001788 -0.489465 2.648555 1.000000
0.040176 -0.689269 2.981060 0.000000
-0.373865 -0.731075 2.762342 1.000000
-0.041841 -0.889176 2.951245 0.000000
-0.255239 -0.914121 2.761568 0.000000
-0.147129 0.645020 2.602826 1.000000
-0.354844 0.322053 2.871365 0.836538
-0.004155 0.415387 2.652090 1.000000
-0.249457 0.457832 2.687774 0.057692
-0.121949 0.236061 2.797303 0.000000
-0.314388 0.056809 2.746185 0.000000
-0.029454 0.103411 2.557330 1.000000
-0.097947 0.062524 2.759025 0.000000
-0.387778 0.084214 2.718720 1.000000
0.079919 0.143981 2.667032 1.000000
-0.379691 -0.222338 2.672861 1.000000
0.079069 -0.165519 2.648284 1.000000
-0.343397 -0.293678 2.692630 0.475962
0.057815 -0.244991 2.642824 1.000000
-0.283373 -0.514927 2.698296 1.000000
-0.006274 -0.485303 2.652472 1.000000
0.036130 -0.686123 2.978250 0.000000
-0.374498 -0.739226 2.750951 1.000000
-0.044488 -0.886492 2.947727 0.000000
-0.250855 -0.918921 2.749929 0.000000
-0.153659 0.636538 2.590119 1.000000
-0.328308 0.351984 2.823208 1.000000
0.063425 0.365152 2.661503 1.000000
-0.172141 0.452894 2.653866 0.000000
-0.106937 0.220842 2.792924 0.000000
-0.312133 0.061182 2.709346 0.000000
0.008209 0.080467 2.582719 0.596154
-0.103155 0.050041 2.766339 0.000000
-0.379850 0.090368 2.724720 1.000000
0.091927 0.082754 2.676949 1.000000
-0.383301 -0.218974 2.708705 1.000000
0.080370 -0.224785 2.641638 1.000000
-0.396814 -0.300214 2.704864 0.055288
0.032828 -0.291725 2.649133 0.492788
-0.279654 -0.516969 2.703225 1.000000
-0.006423 -0.506012 2.654281 1.000000
0.040326 -0.686048 2.983919 0.000000
-0.373991 -0.751962 2.773304 1.000000
-0.043713 -0.885833 2.959378 0.000000
-0.256322 -0.935022 2.758415 0.000000
-0.151867 0.650788 2.614251 1.000000
-0.331246 0.347595 2.820444 1.000000
0.060988 0.370150 2.661010 1.000000
-0.176519 0.452364 2.652126 0.000000
-0.106696 0.221712 2.791271 0.000000
-0.312951 0.062602 2.717178 0.000000
0.004458 0.076394 2.582692 0.625000
-0.102850 0.048031 2.769037 0.000000
-0.378815 0.085164 2.726256 1.000000
0.095341 0.090074 2.680550 1.000000
-0.380764 -0.222577 2.708718 1.000000
0.075831 -0.215453 2.644656 1.000000
-0.396693 -0.303391 2.712293 0.038462
0.039756 -0.289586 2.645233 0.795673
-0.277409 -0.518846 2.702009 1.000000
-0.005257 -0.507871 2.650513 1.000000
0.041701 -0.686254 2.984687 0.000000
-0.375234 -0.748554 2.772794 1.000000
-0.038827 -0.887028 2.956692 0.000000
-0.259613 -0.933036 2.759509 0.000000
-0.148714 0.655041 2.613458 1.000000
-0.331520 0.349054 2.827083 1.000000
0.055626 0.367661 2.655187 1.000000
-0.181336 0.451888 2.653537 0.000000
-0.109089 0.221138 2.791275 0.000000
-0.311098 0.062148 2.721939 0.000000
0.002011 0.076508 2.577782 0.625000
-0.099446 0.049113 2.767518 0.000000
-0.382222 0.094267 2.717804 1.000000
0.085633 0.088308 2.677336 1.000000
-0.383992 -0.212693 2.707536 1.000000
0.077593 -0.216764 2.642702 1.000000
-0.384495 -0.295044 2.703590 0.021635
0.042026 -0.290271 2.654064 0.661058
-0.277372 -0.519604 2.701340 1.000000
-0.006284 -0.507799 2.652418 1.000000
0.041810 -0.684993 2.985124 0.000000
-0.369258 -0.757878 2.776817 1.000000
-0.037515 -0.886235 2.957060 0.000000
-0.249927 -0.939651 2.759584 0.000000
-0.151021 0.654339 2.614714 1.000000
-0.337933 0.348999 2.821060 1.000000
0.051990 0.371095 2.655992 1.000000
-0.186620 0.450091 2.647472 0.000000
-0.112201 0.224962 2.793129 0.000000
-0.311030 0.064831 2.725058 0.000000
-0.000086 0.072835 2.575809 0.750000
-0.098927 0.048384 2.767320 0.000000
-0.381603 0.088359 2.725947 1.000000
0.086148 0.092981 2.675286 1.000000
-0.379586 -0.217347 2.710849 1.000000
0.077860 -0.211335 2.643478 1.000000
-0.396442 -0.298044 2.709661 0.156250
0.044918 -0.286523 2.651157 0.778846
-0.274844 -0.519974 2.699229 1.000000
-0.002738 -0.507967 2.653378 1.000000
0.042897 -0.683993 2.985415 0.000000
-0.372178 -0.753609 2.767124 1.000000
-0.033588 -0.885931 2.954599 0.000000
-0.253442 -0.936362 2.758106 0.000000
-0.152860 0.659548 2.614263 1.000000
-0.330326 0.347152 2.830671 1.000000
0.054321 0.369860 2.653733 1.000000
-0.183441 0.451800 2.655395 0.000000
-0.107167 0.221464 2.791647 0.000000
-0.316751 0.065755 2.717183 0.000000
0.001889 0.075711 2.585293 0.653846
-0.107296 0.048037 2.770649 0.000000
-0.382773 0.092045 2.727755 1.000000
0.088557 0.092980 2.677970 1.000000
-0.384006 -0.212261 2.704648 1.000000
0.071880 -0.209452 2.640629 1.000000
-0.399230 -0.293230 2.701540 0.122596
0.039655 -0.284726 2.650263 0.930288
-0.278455 -0.517261 2.701397 1.000000
-0.000059 -0.505071 2.652776 1.000000
0.041304 -0.682613 2.984552 0.000000
-0.369277 -0.749984 2.768791 1.000000
-0.037426 -0.884000 2.955857 0.000000
-0.250901 -0.932947 2.759281 0.000000
-0.153749 0.655861 2.622257 1.000000
-0.337981 0.349742 2.817073 1.000000
0.054276 0.371674 2.657608 1.000000
-0.184034 0.451185 2.646024 0.000000
-0.112122 0.225356 2.791856 0.000000
-0.312171 0.067219 2.720382 0.000000
0.001725 0.072094 2.577307 0.701923
-0.101137 0.048341 2.766777 0.000000
-0.380608 0.089848 2.723285 1.000000
0.087398 0.094821 2.677950 1.000000
-0.385811 -0.214562 2.711845 1.000000
0.080493 -0.207539 2.641153 1.000000
-0.398155 -0.295614 2.703151 0.088942
0.041304 -0.280075 2.641643 0.930288
-0.277966 -0.517576 2.702877 1.000000
-0.002808 -0.507313 2.655307 1.000000
0.042678 -0.682407 2.985334 0.000000
-0.367447 -0.760009 2.769092 1.000000
-0.036136 -0.883847 2.957251 0.000000
-0.245698 -0.940658 2.758065 0.000000
-0.151300 0.663269 2.628719 1.000000
-0.333621 0.349663 2.818784 1.000000
0.057687 0.367004 2.656447 1.000000
-0.180015 0.448455 2.645888 0.000000
-0.109007 0.223159 2.792982 0.000000
-0.311976 0.062308 2.720931 0.000000
0.002953 0.074137 2.580557 0.730769
-0.100992 0.047822 2.769096 0.000000
-0.382358 0.090686 2.724614 1.000000
0.088728 0.089629 2.676739 1.000000
-0.391660 -0.214088 2.718843 1.000000
0.087498 -0.213534 2.643609 1.000000
-0.360253 -0.287118 2.696989 0.526442
0.071962 -0.294336 2.648810 1.000000
-0.284524 -0.519539 2.700203 1.000000
0.002522 -0.507703 2.652523 1.000000
0.038268 -0.679455 2.983039 0.000000
-0.368343 -0.754899 2.757964 1.000000
-0.040402 -0.881429 2.958626 0.000000
-0.249036 -0.937326 2.749917 0.000000
-0.142611 0.660036 2.621806 1.000000
-0.334256 0.350806 2.815693 1.000000
0.061259 0.362956 2.663388 1.000000
-0.174636 0.448744 2.647830 0.000000
-0.111318 0.220611 2.794060 0.000000
-0.314068 0.064489 2.708944 0.000000
0.009864 0.069331 2.590329 0.826923
-0.107152 0.047001 2.771582 0.000000
-0.378909 0.085892 2.725125 1.000000
0.100646 0.082436 2.674932 1.000000
-0.433621 -0.218166 2.721566 1.000000
0.134737 -0.222520 2.638915 1.000000
-0.433944 -0.297783 2.700156 0.829327
0.153946 -0.302588 2.634730 1.000000
-0.281598 -0.519190 2.704421 1.000000
-0.003365 -0.512943 2.652428 1.000000
0.042067 -0.680483 2.985472 0.000000
-0.387712 -0.735709 2.763858 1.000000
-0.037962 -0.882030 2.961970 0.000000
-0.279488 -0.925021 2.758682 0.000000
-0.145954 0.656182 2.622216 1.000000
-0.334903 0.352319 2.802360 1.000000
0.067032 0.367508 2.668221 1.000000
-0.170277 0.444262 2.635950 0.000000
-0.107392 0.228412 2.799936 0.000000
-0.305968 0.070243 2.695813 0.000000
0.025697 0.066498 2.600896 1.000000
-0.104676 0.046774 2.773110 0.000000
-0.408840 0.082861 2.732428 1.000000
0.140244 0.089864 2.645443 1.000000
-0.550995 -0.194763 2.697084 1.000000
0.259451 -0.189833 2.567396 1.000000
-0.571047 -0.274036 2.686544 1.000000
0.285099 -0.267364 2.556062 0.896635
-0.280934 -0.514018 2.703217 1.000000
-0.004648 -0.515089 2.656343 1.000000
0.040682 -0.679413 2.984236 0.000000
-0.378381 -0.754372 2.769619 1.000000
-0.043244 -0.879568 2.962484 0.000000
-0.264495 -0.939733 2.753812 0.000000
-0.154736 0.662479 2.624407 1.000000
-0.334060 0.353727 2.787399 1.000000
0.076160 0.371675 2.681695 1.000000
-0.159524 0.442131 2.629380 0.000000
-0.104817 0.234542 2.806441 0.000000
-0.311441 0.071687 2.699272 1.000000
0.024257 0.067892 2.619790 1.000000
-0.114187 0.043579 2.784974 0.000000
-0.503919 0.129329 2.719128 1.000000
0.224929 0.145141 2.579628 1.000000
-0.762805 -0.036517 2.647870 1.000000
0.441906 -0.050140 2.459668 1.000000
-0.793306 -0.110984 2.629933 0.711538
0.498531 -0.109944 2.455846 1.000000
-0.278233 -0.513451 2.700525 1.000000
-0.007972 -0.513964 2.654345 1.000000
0.041173 -0.679032 2.983945 0.000000
-0.385670 -0.747359 2.766751 1.000000
-0.039595 -0.879932 2.957597 0.000000
-0.275280 -0.934633 2.748828 0.000000
-0.147211 0.673933 2.643925 0.990385
-0.330576 0.354946 2.784846 1.000000
0.080607 0.369493 2.682412 1.000000
-0.154101 0.441621 2.628028 0.000000
-0.102416 0.234057 2.806024 0.000000
-0.309496 0.071636 2.704042 1.000000
0.027540 0.068883 2.630394 1.000000
-0.113756 0.042554 2.792833 0.000000
-0.562343 0.204582 2.698402 1.000000
0.264391 0.201751 2.534478 1.000000
-0.855327 0.116609 2.621311 1.000000
0.530738 0.109796 2.392616 1.000000
-0.928237 0.089904 2.593591 0.610577
0.589452 0.063769 2.357521 1.000000
-0.270008 -0.514187 2.699379 1.000000
-0.002451 -0.513016 2.655971 1.000000
0.045103 -0.680898 2.986915 0.000000
-0.355424 -0.777339 2.779694 1.000000
-0.033045 -0.882162 2.955865 0.000000
-0.235417 -0.955446 2.741554 0.000000
-0.149026 0.673437 2.655525 1.000000
-0.329429 0.348051 2.758157 1.000000
0.086664 0.368921 2.679372 1.000000
-0.146431 0.426401 2.604467 0.000000
-0.099163 0.238683 2.804378 0.000000
-0.302157 0.071990 2.694918 1.000000
0.036160 0.059781 2.628451 1.000000
-0.108333 0.050975 2.789969 0.000000
-0.607158 0.291205 2.686797 1.000000
0.306886 0.296336 2.501352 1.000000
-0.916179 0.301932 2.610091 1.000000
0.573973 0.287999 2.327894 1.000000
-0.989278 0.269196 2.590537 1.000000
0.648415 0.280054 2.293359 1.000000
-0.279242 -0.517224 2.695616 1.000000
-0.005319 -0.523677 2.650715 1.000000
0.040111 -0.678324 2.981665 0.000000
-0.374791 -0.753401 2.793827 1.000000
-0.038255 -0.880192 2.955466 0.000000
-0.270819 -0.942044 2.759442 0.000000
-0.143878 0.686292 2.657124 0.625000
-0.329663 0.361278 2.722304 1.000000
0.080427 0.380981 2.659290 1.000000
-0.147397 0.424486 2.568568 0.000000
-0.105438 0.262682 2.791044 0.000000
-0.316102 0.087996 2.686737 1.000000
0.024468 0.066716 2.635898 1.000000
-0.127207 0.065525 2.790938 0.000000
-0.613481 0.427122 2.679934 1.000000
0.308637 0.428049 2.479323 1.000000
-0.896670 0.540413 2.580347 1.000000
0.532561 0.541059 2.279236 1.000000
-0.972815 0.567364 2.563826 1.000000
0.593918 0.555427 2.226073 1.000000
-0.274040 -0.507568 2.684047 1.000000
-0.000342 -0.510985 2.646323 1.000000
0.035773 -0.672731 2.978157 0.000000
-0.370694 -0.745917 2.778272 1.000000
-0.035440 -0.875238 2.939451 0.000000
-0.263112 -0.933072 2.747005 0.000000
-0.159920 0.703748 2.671303 0.264423
-0.313988 0.358787 2.704933 1.000000
0.085878 0.377292 2.644071 1.000000
-0.136391 0.415783 2.549895 0.000000
-0.094431 0.264286 2.779514 0.000000
-0.306769 0.086144 2.681214 1.000000
0.033660 0.057376 2.633193 1.000000
-0.119104 0.061417 2.787112 0.000000
-0.571218 0.496988 2.676315 1.000000
0.288509 0.500707 2.471458 1.000000
-0.824867 0.660964 2.571371 1.000000
0.474088 0.674667 2.277712 1.000000
-0.889547 0.709977 2.556823 1.000000
0.517479 0.699014 2.211971 1.000000
-0.270865 -0.510607 2.690658 1.000000
0.006027 -0.518012 2.645913 1.000000
0.041242 -0.673960 2.983350 0.000000
-0.367256 -0.751358 2.772297 1.000000
-0.032471 -0.876357 2.948993 0.000000
-0.259841 -0.938956 2.743188 0.000000
-0.152250 0.712431 2.669882 0.245192
-0.315197 0.379416 2.705827 1.000000
0.076241 0.398639 2.636546 1.000000
-0.145074 0.432298 2.545576 0.014423
-0.096689 0.289082 2.779211 0.000000
-0.300058 0.100637 2.679659 1.000000
0.039500 0.073788 2.624846 1.000000
-0.109967 0.079374 2.781920 0.000000
-0.543532 0.559400 2.673926 1.000000
0.252989 0.563645 2.471980 1.000000
-0.755855 0.769235 2.562171 1.000000
0.394361 0.777100 2.282106 1.000000
-0.801490 0.836143 2.546741 1.000000
0.436999 0.824964 2.230255 1.000000
-0.270188 -0.495156 2.685889 1.000000
-0.018163 -0.507004 2.654363 1.000000
0.036360 -0.668824 2.978517 0.000000
-0.382143 -0.765354 2.757018 1.000000
-0.041160 -0.869192 2.940810 0.000000
-0.266877 -0.945232 2.713016 0.000000
-0.146690 0.727782 2.672709 0.000000
-0.319698 0.413350 2.729567 1.000000
0.058542 0.409839 2.628937 1.000000
-0.162599 0.462129 2.557906 0.000000
-0.104815 0.305537 2.780564 0.000000
-0.307782 0.121586 2.704039 1.000000
0.027122 0.105633 2.622736 1.000000
-0.110097 0.099914 2.790612 0.000000
-0.498138 0.631611 2.656331 1.000000
0.188630 0.620989 2.476178 1.000000
-0.619877 0.896407 2.530534 1.000000
0.251273 0.881254 2.305593 1.000000
-0.645438 0.971972 2.509702 1.000000
0.279089 0.937927 2.252565 1.000000
-0.266806 -0.472646 2.682181 1.000000
-0.007658 -0.475735 2.646983 1.000000
0.031114 -0.662724 2.973519 0.000000
-0.379073 -0.715495 2.766692 1.000000
-0.045376 -0.860565 2.922659 0.000000
-0.269758 -0.901336 2.733646 0.000000
-0.139237 0.717141 2.692927 0.024038
-0.322545 0.418011 2.748138 1.000000
0.043481 0.411823 2.620023 1.000000
-0.179678 0.469372 2.566919 0.000000
-0.107817 0.305630 2.780136 0.000000
-0.313350 0.125954 2.716988 1.000000
0.016340 0.114629 2.615987 1.000000
-0.110521 0.108437 2.791805 0.000000
-0.457142 0.654119 2.645347 1.000000
0.146534 0.643852 2.478700 1.000000
-0.528568 0.935072 2.517929 1.000000
0.171480 0.919009 2.323981 1.000000
-0.524657 1.014888 2.497643 1.000000
0.098442 0.950362 2.302078 0.408654
-0.263535 -0.468188 2.680956 1.000000
-0.003286 -0.466271 2.642139 1.000000
0.031271 -0.660745 2.973831 0.000000
-0.379469 -0.703198 2.752213 1.000000
-0.041490 -0.858401 2.917118 0.000000
-0.270145 -0.889843 2.724091 0.076923
-0.128981 0.704384 2.700075 0.081731
-0.322032 0.426403 2.763603 1.000000
0.042953 0.422336 2.625107 1.000000
-0.180077 0.493225 2.585178 0.000000
-0.109612 0.303778 2.776441 0.000000
-0.308588 0.138894 2.731370 1.000000
0.009761 0.126538 2.598983 1.000000
-0.099308 0.124319 2.786448 0.000000
-0.425897 0.665510 2.636725 1.000000
0.116101 0.659817 2.475744 1.000000
-0.427620 0.950857 2.501064 1.000000
0.055579 0.942392 2.347997 1.000000
-0.411373 1.031127 2.491571 0.879808
0.039713 1.016112 2.314667 0.000000
-0.260209 -0.455932 2.682835 1.000000
-0.006928 -0.454332 2.635154 1.000000
0.029924 -0.656170 2.975224 0.000000
-0.381434 -0.687596 2.758026 1.000000
-0.043455 -0.852183 2.913801 0.000000
-0.274656 -0.875280 2.727172 0.192308
-0.111024 0.708350 2.681766 0.134615
-0.315512 0.426822 2.793796 1.000000
0.033769 0.419066 2.617413 1.000000
-0.189269 0.498631 2.604442 0.000000
-0.106241 0.297331 2.777709 0.000000
-0.309327 0.138870 2.742126 1.000000
-0.001405 0.119497 2.587744 1.000000
-0.096933 0.121384 2.782461 0.000000
-0.379409 0.656804 2.634158 1.000000
0.080458 0.664142 2.475228 1.000000
-0.338046 0.939074 2.505535 1.000000
-0.045363 0.939826 2.397134 1.000000
-0.289009 0.999284 2.477829 1.000000
-0.119107 0.968617 2.374106 0.711538
-0.258815 -0.458472 2.681281 1.000000
-0.008212 -0.457365 2.632638 1.000000
0.029523 -0.651266 2.980373 0.000000
-0.383988 -0.684824 2.762325 1.000000
-0.037463 -0.849081 2.917439 0.000000
-0.278855 -0.874000 2.735158 0.298077
-0.099447 0.705531 2.658137 0.009615
-0.318685 0.424665 2.810820 1.000000
0.020450 0.413781 2.614871 1.000000
-0.200036 0.498757 2.615942 0.000000
-0.112548 0.290852 2.778909 0.000000
-0.316431 0.135552 2.738564 1.000000
-0.006273 0.131894 2.587521 1.000000
-0.103936 0.126643 2.781114 0.000000
-0.364436 0.640954 2.628041 1.000000
0.066606 0.664224 2.482847 1.000000
-0.320784 0.928367 2.513107 1.000000
-0.076956 0.931034 2.405879 1.000000
-0.272748 0.986700 2.480134 1.000000
-0.149553 0.964882 2.386349 0.846154
-0.267045 -0.456786 2.681108 1.000000
-0.007209 -0.449653 2.639663 1.000000
0.025182 -0.643580 2.980232 0.000000
-0.380871 -0.686435 2.758303 1.000000
-0.043428 -0.842566 2.922999 0.000000
-0.270315 -0.872928 2.734302 0.000000
-0.097672 0.698057 2.645190 0.331731
-0.320628 0.414459 2.835540 0.836538
0.001777 0.416372 2.611024 1.000000
-0.222334 0.487970 2.627926 0.000000
-0.108587 0.292111 2.789598 0.000000
-0.305297 0.119821 2.739433 1.000000
-0.021316 0.150671 2.545970 1.000000
-0.089443 0.137326 2.751456 0.000000
-0.352431 0.621141 2.639595 1.000000
0.062311 0.667037 2.486022 1.000000
-0.319697 0.907063 2.518312 1.000000
-0.098295 0.925182 2.414612 1.000000
-0.273907 0.965273 2.482087 1.000000
-0.152742 0.987093 2.414709 0.963942
-0.268891 -0.459379 2.683619 1.000000
-0.011191 -0.441203 2.645657 1.000000
0.025590 -0.640880 2.983789 0.000000
-0.367910 -0.704688 2.760074 1.000000
-0.050811 -0.840060 2.938307 0.000000
-0.244850 -0.882818 2.733537 0.192308
-0.108665 0.695918 2.660831 0.399038
-0.318977 0.384467 2.840454 0.759615
-0.008840 0.413305 2.601860 1.000000
-0.237238 0.465275 2.628806 0.000000
-0.099724 0.280741 2.785249 0.000000
-0.297762 0.098266 2.752871 1.000000
-0.031769 0.132609 2.535860 1.000000
-0.083324 0.130201 2.746526 0.000000
-0.347396 0.595106 2.648786 1.000000
0.050108 0.669956 2.489751 1.000000
-0.334395 0.880908 2.524563 1.000000
-0.123958 0.921971 2.430823 1.000000
-0.297192 0.942512 2.484336 1.000000
-0.194979 0.960875 2.446311 1.000000
-0.274699 -0.476185 2.683568 1.000000
0.014681 -0.455621 2.638813 1.000000
0.026174 -0.635132 2.990122 0.000000
-0.346461 -0.702840 2.773807 1.000000
-0.043664 -0.838457 2.953243 0.000000
-0.228679 -0.885418 2.754543 0.000000
-0.123931 0.678972 2.658991 0.759615
-0.318373 0.374780 2.832509 0.913462
-0.000550 0.410751 2.604452 1.000000
-0.231625 0.456846 2.623630 0.000000
-0.094974 0.276508 2.785623 0.000000
-0.296780 0.093428 2.742918 1.000000
-0.027413 0.136267 2.531658 1.000000
-0.082665 0.128008 2.741236 0.000000
-0.349850 0.593180 2.650573 1.000000
0.058782 0.666062 2.490057 1.000000
-0.333987 0.875497 2.519491 1.000000
-0.096595 0.927163 2.420621 1.000000
-0.296399 0.939594 2.483768 1.000000
-0.166137 0.971331 2.417381 1.000000
-0.279624 -0.476789 2.685922 1.000000
-0.018030 -0.459458 2.652022 1.000000
0.023409 -0.626624 2.994927 0.000000
-0.387013 -0.707866 2.761150 1.000000
-0.048511 -0.830588 2.966557 0.000000
-0.269411 -0.890647 2.742720 0.000000
-0.183526 0.661732 2.602391 1.000000
-0.304618 0.343509 2.790154 1.000000
0.017947 0.387880 2.585348 1.000000
-0.212374 0.431811 2.592008 0.000000
-0.083040 0.247773 2.755836 0.000000
-0.309039 0.076487 2.753958 1.000000
-0.019001 0.090394 2.567654 1.000000
-0.092843 0.078586 2.771251 0.000000
-0.352016 0.592910 2.658885 1.000000
0.070602 0.657080 2.505114 1.000000
-0.351826 0.874770 2.526369 1.000000
-0.055719 0.922241 2.401488 1.000000
-0.319532 0.940054 2.487736 1.000000
-0.125459 0.966112 2.404473 1.000000
-0.274705 -0.508971 2.689355 1.000000
-0.015054 -0.495451 2.666773 1.000000
0.033711 -0.628208 3.006255 0.000000
-0.387975 -0.740167 2.770732 1.000000
-0.018788 -0.838079 2.978382 0.000000
-0.270360 -0.923600 2.760847 0.000000
-0.201480 0.595846 2.502869 1.000000
-0.313438 0.413614 2.771201 1.000000
0.035107 0.405688 2.605307 1.000000
-0.187198 0.476899 2.581127 0.000000
-0.101978 0.290237 2.769095 0.000000
-0.310212 0.119140 2.737329 1.000000
-0.001338 0.094832 2.585570 1.000000
-0.097845 0.106206 2.779480 0.000000
-0.402289 0.651223 2.644493 1.000000
0.102629 0.659285 2.497898 1.000000
-0.417559 0.930359 2.512793 1.000000
0.040298 0.940656 2.386359 1.000000
-0.385755 0.997479 2.477003 1.000000
-0.026646 0.974536 2.352184 0.475962
-0.267579 -0.478925 2.683545 1.000000
0.013898 -0.475435 2.638681 1.000000
0.029214 -0.623677 3.000916 0.000000
-0.370303 -0.688394 2.768302 1.000000
-0.025254 -0.830396 2.957568 0.000000
-0.269198 -0.880950 2.751625 0.000000
-0.167285 0.612405 2.460943 0.793269
-0.320864 0.426823 2.768462 1.000000
0.036322 0.405875 2.614830 1.000000
-0.184777 0.479985 2.580065 0.000000
-0.110037 0.299683 2.778413 0.000000
-0.311446 0.134998 2.721675 1.000000
0.008645 0.096993 2.598703 1.000000
-0.104547 0.113211 2.783008 0.000000
-0.444968 0.649119 2.649400 1.000000
0.136142 0.640906 2.497399 1.000000
-0.489892 0.925364 2.524956 1.000000
0.123406 0.918043 2.367599 1.000000
-0.492451 1.000915 2.492047 1.000000
0.154327 0.989230 2.339782 0.762019
-0.262801 -0.467534 2.680660 1.000000
-0.001922 -0.472747 2.636724 1.000000
0.027180 -0.621991 2.999749 0.000000
-0.382144 -0.694872 2.762644 1.000000
-0.027943 -0.827211 2.950506 0.000000
-0.279102 -0.885479 2.737552 0.081731
-0.158707 0.616423 2.457960 0.740385
-0.327290 0.432971 2.757856 1.000000
0.038949 0.402434 2.618692 1.000000
-0.182445 0.472461 2.570615 0.000000
-0.114787 0.308109 2.784736 0.000000
-0.306997 0.141397 2.722020 1.000000
0.011567 0.103539 2.595098 1.000000
-0.100254 0.112200 2.780746 0.000000
-0.501418 0.632355 2.662564 1.000000
0.181871 0.611923 2.496864 1.000000
-0.584640 0.895793 2.529592 1.000000
0.233433 0.881079 2.359374 1.000000
-0.625306 0.965212 2.511575 0.644231
0.258230 0.930642 2.298333 1.000000
-0.263298 -0.460695 2.681507 1.000000
-0.012120 -0.468297 2.639514 1.000000
0.026811 -0.619093 2.998542 0.000000
-0.372205 -0.718887 2.771072 1.000000
-0.031961 -0.823511 2.950191 0.000000
-0.258379 -0.901416 2.734944 0.000000
-0.157323 0.614360 2.454133 0.451923
-0.327890 0.386334 2.749461 1.000000
0.056138 0.396060 2.627128 1.000000
-0.174597 0.448326 2.571929 0.043269
-0.103533 0.279742 2.781610 0.000000
-0.306069 0.128238 2.709573 1.000000
0.021538 0.098638 2.605541 1.000000
-0.103628 0.101399 2.782656 0.000000
-0.561832 0.534438 2.697457 1.000000
0.254283 0.545404 2.493700 1.000000
-0.718522 0.760297 2.560724 1.000000
0.409723 0.751774 2.327838 1.000000
-0.766332 0.821504 2.533058 1.000000
0.442046 0.811048 2.280517 1.000000
-0.259199 -0.471205 2.683527 1.000000
-0.006136 -0.476447 2.646096 1.000000
0.032520 -0.620744 3.003374 0.000000
-0.386822 -0.702720 2.762899 1.000000
-0.026681 -0.826405 2.961215 0.000000
-0.280730 -0.892129 2.741748 0.024038
-0.146470 0.603301 2.465403 0.975962
-0.320464 0.366691 2.739516 1.000000
0.079950 0.397765 2.635817 1.000000
-0.156045 0.445656 2.573641 0.019231
-0.089837 0.265797 2.775394 0.000000
-0.293837 0.104287 2.701046 1.000000
0.038223 0.074067 2.612458 1.000000
-0.095076 0.077186 2.783530 0.000000
-0.593977 0.434447 2.729867 1.000000
0.309456 0.470445 2.489060 1.000000
-0.788942 0.607761 2.567510 1.000000
0.511230 0.619661 2.311773 1.000000
-0.844862 0.653108 2.527336 1.000000
0.575129 0.650942 2.270111 1.000000
-0.274440 -0.491727 2.687804 1.000000
-0.014332 -0.504310 2.655426 1.000000
0.032849 -0.618828 3.002738 0.000000
-0.390369 -0.736113 2.776367 1.000000
-0.029887 -0.826510 2.980134 0.000000
-0.283923 -0.924198 2.746842 0.000000
-0.146736 0.604198 2.477406 0.899038
-0.323454 0.353436 2.740387 1.000000
0.089340 0.380480 2.647407 1.000000
-0.146652 0.439527 2.583616 0.000000
-0.091075 0.243758 2.773412 0.000000
-0.283641 0.086332 2.694278 1.000000
0.050281 0.057091 2.612633 1.000000
-0.086477 0.060651 2.780943 0.000000
-0.601929 0.316775 2.750223 1.000000
0.327478 0.368682 2.498612 1.000000
-0.832046 0.427878 2.581367 1.000000
0.574199 0.426824 2.326686 1.000000
-0.894336 0.457463 2.536177 0.000000
0.654613 0.429281 2.308658 1.000000
-0.278409 -0.506122 2.697352 1.000000
-0.002973 -0.521516 2.659066 1.000000
0.038512 -0.620342 3.007640 0.000000
-0.400021 -0.721491 2.769189 1.000000
-0.026966 -0.828184 2.998009 0.000000
-0.304862 -0.917360 2.756601 0.461538
-0.145846 0.615642 2.514672 1.000000
-0.325368 0.355128 2.765234 1.000000
0.085178 0.381313 2.662560 1.000000
-0.150094 0.457414 2.616694 0.000000
-0.096651 0.233708 2.773334 0.000000
-0.281019 0.083547 2.697188 0.432692
0.049697 0.060718 2.601631 1.000000
-0.080183 0.059012 2.775333 0.000000
-0.536917 0.167944 2.752918 1.000000
0.269973 0.200475 2.548145 1.000000
-0.810789 0.126439 2.617960 1.000000
0.533656 0.117968 2.411739 1.000000
-0.851548 0.108250 2.548640 0.980769
0.577625 0.050319 2.394777 0.661058
-0.276242 -0.506334 2.699589 1.000000
-0.010309 -0.520376 2.658151 1.000000
0.040046 -0.621222 3.010277 0.000000
-0.393952 -0.749097 2.759488 1.000000
-0.027203 -0.828559 3.002068 0.000000
-0.287124 -0.938002 2.737553 0.000000
-0.161642 0.669400 2.629801 0.899038
-0.329409 0.356168 2.767816 1.000000
0.079469 0.372575 2.656797 1.000000
-0.156416 0.445148 2.608430 0.000000
-0.100738 0.235276 2.782473 0.000000
-0.291383 0.076307 2.688222 0.230769
0.039835 0.063164 2.592583 1.000000
-0.090215 0.052907 2.765862 0.000000
-0.466331 0.114036 2.747099 1.000000
0.219702 0.144917 2.577353 1.000000
-0.710127 -0.052124 2.673897 1.000000
0.412708 -0.072587 2.488780 1.000000
-0.775804 -0.097754 2.653852 0.000000
0.471483 -0.117427 2.452279 1.000000
-0.274933 -0.510835 2.697380 1.000000
-0.009776 -0.518057 2.660480 1.000000
0.040212 -0.621490 3.010753 0.000000
-0.381023 -0.757626 2.781090 1.000000
-0.026182 -0.829161 3.004193 0.000000
-0.268608 -0.943186 2.758535 0.000000
-0.154303 0.670649 2.626349 0.961538
-0.337709 0.350253 2.777593 1.000000
0.069864 0.368894 2.662213 1.000000
-0.165860 0.446296 2.621095 0.000000
-0.110125 0.226551 2.782472 0.000000
-0.304257 0.069332 2.683552 0.000000
0.024268 0.067800 2.578222 1.000000
-0.100367 0.049292 2.754766 0.000000
-0.410946 0.077926 2.732227 1.000000
0.136718 0.094361 2.620429 1.000000
-0.529676 -0.208409 2.703819 1.000000
0.225122 -0.203052 2.595491 1.000000
-0.505447 -0.274132 2.660335 0.862981
0.246878 -0.282573 2.594765 1.000000
-0.280577 -0.513912 2.694078 1.000000
-0.003376 -0.512458 2.656841 1.000000
0.036560 -0.619674 3.007131 0.000000
-0.368859 -0.759465 2.780023 1.000000
-0.028889 -0.827710 3.003151 0.000000
-0.250388 -0.942032 2.765441 0.000000
-0.149203 0.664779 2.608495 1.000000
-0.323591 0.353468 2.786717 1.000000
0.082549 0.352966 2.664955 1.000000
-0.147756 0.449330 2.634598 0.000000
-0.105181 0.214423 2.777577 0.000000
-0.308509 0.063733 2.667122 0.000000
0.027737 0.066566 2.589946 0.384615
-0.111095 0.047633 2.755510 0.000000
-0.381608 0.077604 2.719645 1.000000
0.100697 0.064148 2.650090 1.000000
-0.414387 -0.236469 2.717372 1.000000
0.101406 -0.251584 2.644276 1.000000
-0.407788 -0.318606 2.720077 0.728365
0.114827 -0.331968 2.631800 0.879808
-0.284013 -0.516552 2.694633 1.000000
-0.003642 -0.516741 2.656189 1.000000
0.036237 -0.619093 3.005583 0.000000
-0.390128 -0.734963 2.769199 1.000000
-0.030960 -0.826608 3.006358 0.000000
-0.283454 -0.925207 2.766657 0.000000
-0.146617 0.648182 2.608520 1.000000
-0.323007 0.350931 2.816289 1.000000
0.060833 0.362432 2.636539 1.000000
-0.172618 0.455661 2.644060 0.000000
-0.106585 0.216335 2.769756 0.000000
-0.311965 0.053394 2.705137 0.000000
0.002476 0.073587 2.564626 0.653846
-0.100647 0.047744 2.753680 0.000000
-0.383121 0.087314 2.716212 1.000000
0.084822 0.076073 2.659903 1.000000
-0.381318 -0.226608 2.703191 1.000000
0.067833 -0.237286 2.644493 1.000000
-0.401749 -0.305570 2.715233 0.088942
0.028640 -0.309196 2.653994 0.644231
-0.280776 -0.526385 2.686055 1.000000
-0.004216 -0.511296 2.657030 1.000000
0.034998 -0.618183 3.004840 0.000000
-0.376109 -0.750711 2.775943 1.000000
-0.020401 -0.829075 2.998986 0.000000
-0.259106 -0.934742 2.771341 0.000000
-0.145507 0.649785 2.600769 1.000000
-0.333973 0.347814 2.794179 1.000000
0.062770 0.370025 2.646269 1.000000
-0.174562 0.451539 2.629628 0.000000
-0.108361 0.222272 2.772775 0.000000
-0.312845 0.068050 2.695552 0.000000
0.011079 0.061271 2.577008 0.673077
-0.106544 0.045325 2.758542 0.000000
-0.371434 0.077252 2.711598 1.000000
0.092608 0.087902 2.676985 1.000000
-0.389896 -0.233018 2.701729 1.000000
0.082293 -0.220801 2.640898 1.000000
-0.404789 -0.314108 2.701592 0.139423
0.043140 -0.293177 2.646011 0.896635
-0.277882 -0.520454 2.688874 1.000000
0.002027 -0.513484 2.660559 1.000000
0.036546 -0.615064 3.008167 0.000000
-0.379747 -0.742758 2.767544 1.000000
-0.018389 -0.825990 2.999766 0.000000
-0.266497 -0.929119 2.772296 0.000000
-0.146829 0.650420 2.585528 1.000000
-0.332743 0.355913 2.798845 1.000000
0.062710 0.370719 2.646616 1.000000
-0.173413 0.456041 2.632002 0.000000
-0.109465 0.226543 2.775802 0.000000
-0.314308 0.070754 2.698935 0.000000
0.008609 0.064467 2.577652 0.798077
-0.107465 0.048087 2.760141 0.000000
-0.374357 0.087504 2.715455 1.000000
0.099708 0.089611 2.665022 1.000000
-0.401784 -0.220601 2.701452 1.000000
0.081492 -0.218573 2.641207 1.000000
-0.410521 -0.302519 2.698205 0.000000
0.047818 -0.293793 2.643553 0.930288
-0.280810 -0.517484 2.690864 1.000000
-0.006214 -0.512089 2.659063 1.000000
0.035713 -0.613805 3.007566 0.000000
-0.393855 -0.727232 2.774007 1.000000
-0.020014 -0.824524 2.999173 0.000000
-0.286983 -0.917326 2.778623 0.000000
-0.143882 0.654258 2.592894 1.000000
-0.334539 0.353915 2.801798 1.000000
0.057554 0.370720 2.641308 1.000000
-0.179195 0.455027 2.631819 0.000000
-0.111233 0.225570 2.773831 0.000000
-0.314759 0.068843 2.705443 0.000000
0.002076 0.068544 2.568914 0.653846
-0.104968 0.048099 2.756444 0.000000
-0.377668 0.086580 2.717216 1.000000
0.086751 0.089845 2.668496 1.000000
-0.392477 -0.220943 2.689023 1.000000
0.073183 -0.216762 2.631179 1.000000
-0.415554 -0.300067 2.686955 0.055288
0.038046 -0.290337 2.643408 0.862981
-0.279831 -0.517987 2.688735 1.000000
-0.008478 -0.508900 2.656594 1.000000
0.035622 -0.612861 3.006937 0.000000
-0.388033 -0.744655 2.757202 1.000000
-0.018495 -0.823962 2.997645 0.000000
-0.272410 -0.929591 2.760043 0.000000
-0.143224 0.655559 2.591373 1.000000
-0.333857 0.352283 2.807069 1.000000
0.055603 0.372182 2.640631 1.000000
-0.181660 0.455416 2.635465 0.000000
-0.110413 0.225229 2.774659 0.000000
-0.317246 0.067008 2.704297 0.000000
-0.001895 0.074833 2.564592 0.653846
-0.106603 0.049039 2.752780 0.000000
-0.382154 0.089750 2.714414 1.000000
0.081988 0.091955 2.665486 1.000000
-0.387163 -0.216540 2.683053 1.000000
0.072150 -0.214206 2.634005 1.000000
-0.401601 -0.297074 2.672890 0.156250
0.038454 -0.288940 2.642765 0.896635
-0.276799 -0.516872 2.691082 1.000000
-0.011047 -0.504153 2.656713 1.000000
0.038473 -0.612223 3.009321 0.000000
-0.376800 -0.759896 2.759595 1.000000
-0.016475 -0.823132 3.000564 0.000000
-0.252603 -0.939163 2.755503 0.000000
-0.146407 0.650824 2.584598 1.000000
-0.332989 0.352757 2.811392 1.000000
0.054029 0.373642 2.639470 1.000000
-0.183511 0.456222 2.637612 0.000000
-0.109676 0.226301 2.775893 0.000000
-0.314205 0.067551 2.711072 0.000000
-0.001659 0.075582 2.565211 0.711538
-0.102678 0.049004 2.755298 0.000000
-0.381745 0.091655 2.715453 1.000000
0.084098 0.093937 2.664306 1.000000
-0.385513 -0.214812 2.687426 1.000000
0.068737 -0.211687 2.631444 1.000000
-0.357862 -0.292425 2.684416 0.324519
0.045442 -0.287691 2.653308 0.896635
-0.276284 -0.516199 2.693967 1.000000
-0.004877 -0.502195 2.658232 1.000000
0.040106 -0.611211 3.011195 0.000000
-0.379255 -0.746204 2.758555 1.000000
-0.014688 -0.822169 3.002661 0.000000
-0.259450 -0.928441 2.762393 0.000000
-0.150046 0.649936 2.582032 1.000000
