-0.375979 0.288301 2.650430 1.000000
-0.031718 0.299491 2.630831 1.000000
-0.214159 0.357458 2.495817 0.000000
-0.195393 0.157605 2.711333 0.000000
-0.390089 -0.048375 2.583285 0.240385
-0.023386 -0.052218 2.562344 0.769231
-0.200174 -0.049287 2.687558 0.000000
-0.448678 0.020453 2.670447 1.000000
0.029748 0.028578 2.646841 1.000000
-0.430715 -0.270979 2.637712 1.000000
0.021922 -0.263774 2.618632 1.000000
-0.414895 -0.334484 2.639972 0.375000
0.007745 -0.326109 2.632831 0.627404
-0.294429 -0.541479 2.715758 1.000000
-0.090338 -0.545362 2.694196 1.000000
-0.300857 -0.944180 2.774410 1.000000
-0.070009 -0.945028 2.768375 1.000000
-0.309643 -0.966761 2.618405 0.000000
-0.079927 -0.974269 2.613549 0.000000
-0.216722 0.554133 2.532179 1.000000
-0.383722 0.295321 2.663526 1.000000
-0.040883 0.295174 2.624974 1.000000
-0.228417 0.360440 2.500696 0.000000
-0.204588 0.158110 2.713382 0.000000
-0.391176 -0.050377 2.593282 0.298077
-0.025963 -0.049419 2.554004 0.701923
-0.196283 -0.048798 2.687915 0.000000
-0.448236 0.023936 2.666451 1.000000
0.030349 0.026757 2.651408 1.000000
-0.425976 -0.268316 2.637169 1.000000
0.026516 -0.266203 2.621020 1.000000
-0.419429 -0.333397 2.634029 0.475962
0.003297 -0.327206 2.615746 0.661058
-0.296212 -0.542999 2.717736 1.000000
-0.088999 -0.542819 2.694100 1.000000
-0.299761 -0.946372 2.771832 1.000000
-0.072233 -0.942654 2.768262 1.000000
-0.315791 -0.967110 2.616148 0.000000
-0.089029 -0.971963 2.614044 0.000000
-0.214567 0.558233 2.540593 1.000000
-0.379682 0.291923 2.669749 1.000000
-0.038022 0.293167 2.621877 1.000000
-0.229020 0.359557 2.503615 0.000000
-0.198948 0.154541 2.712912 0.000000
-0.392872 -0.051586 2.605968 0.221154
-0.030396 -0.053691 2.546546 0.730769
-0.193033 -0.050803 2.689662 0.000000
-0.444260 0.019865 2.665773 1.000000
0.030235 0.023646 2.651888 1.000000
-0.430835 -0.273047 2.630975 1.000000
0.025950 -0.270134 2.622490 1.000000
-0.421530 -0.332646 2.656462 0.375000
0.002639 -0.330897 2.615234 0.711538
-0.295033 -0.547106 2.718766 1.000000
-0.092635 -0.544897 2.697033 1.000000
-0.303231 -0.950518 2.772070 1.000000
-0.072787 -0.945493 2.766154 1.000000
-0.327819 -0.970455 2.617401 0.000000
-0.098632 -0.973217 2.612897 0.000000
-0.213908 0.553370 2.538912 1.000000
-0.380782 0.291158 2.661789 1.000000
-0.037515 0.292300 2.627273 1.000000
-0.223861 0.355826 2.500335 0.000000
-0.201635 0.155123 2.714729 0.000000
-0.390777 -0.053431 2.599019 0.250000
-0.026559 -0.051961 2.551400 0.817308
-0.193779 -0.050474 2.689155 0.000000
-0.448191 0.019957 2.671961 1.000000
0.031039 0.022424 2.653056 1.000000
-0.425689 -0.271396 2.629637 1.000000
0.029857 -0.271482 2.624735 1.000000
-0.426434 -0.330461 2.657903 0.425481
-0.000743 -0.327503 2.639345 0.812500
-0.295567 -0.546310 2.720407 1.000000
-0.095116 -0.545058 2.697667 1.000000
-0.302585 -0.949640 2.774484 1.000000
-0.070915 -0.945042 2.768917 1.000000
-0.321813 -0.970135 2.619130 0.000000
-0.091554 -0.973700 2.615042 0.000000
-0.211282 0.558770 2.548666 1.000000
-0.377300 0.286580 2.663827 1.000000
-0.034050 0.282561 2.629360 1.000000
-0.219422 0.348519 2.502236 0.000000
-0.200191 0.148043 2.717132 0.000000
-0.388985 -0.054238 2.599001 0.615385
-0.024630 -0.054789 2.552426 0.855769
-0.192236 -0.050805 2.689662 0.000000
-0.449115 0.015590 2.664428 1.000000
0.035934 0.011798 2.648920 1.000000
-0.431220 -0.277676 2.628361 1.000000
0.047007 -0.282169 2.615947 1.000000
-0.430636 -0.343040 2.632281 0.240385
0.000960 -0.326147 2.631238 0.846154
-0.297291 -0.547506 2.721801 1.000000
-0.091849 -0.548065 2.696257 1.000000
-0.302443 -0.951565 2.770375 1.000000
-0.072993 -0.947753 2.770707 1.000000
-0.321674 -0.970026 2.614767 0.000000
-0.093102 -0.977344 2.616940 0.000000
-0.213470 0.552912 2.553641 1.000000
-0.376704 0.284429 2.665897 1.000000
-0.033151 0.283970 2.634328 1.000000
-0.217899 0.353048 2.507953 0.000000
-0.199068 0.145336 2.715900 0.000000
-0.386666 -0.054017 2.599987 0.913462
-0.022546 -0.057780 2.551745 1.000000
-0.189486 -0.052989 2.689765 0.000000
-0.450531 0.013404 2.669024 1.000000
0.041742 0.013640 2.649394 1.000000
-0.468324 -0.279715 2.627202 1.000000
0.113773 -0.267479 2.588009 1.000000
-0.446638 -0.339660 2.642190 0.560096
0.075214 -0.319770 2.596207 0.543269
-0.297768 -0.547148 2.725111 1.000000
-0.095946 -0.549059 2.700710 1.000000
-0.300889 -0.951532 2.771075 1.000000
-0.071988 -0.948191 2.776662 1.000000
-0.321422 -0.969054 2.615525 0.000000
-0.093434 -0.978672 2.623250 0.000000
-0.212837 0.550395 2.554748 1.000000
-0.380038 0.278391 2.659588 1.000000
-0.036266 0.291659 2.633707 1.000000
-0.221507 0.352772 2.503996 0.000000
-0.197811 0.146752 2.713125 0.000000
-0.384493 -0.058301 2.580252 0.980769
-0.017322 -0.055123 2.570265 1.000000
-0.197801 -0.054537 2.690131 0.000000
-0.476693 0.014061 2.668238 1.000000
0.079717 0.035551 2.649326 1.000000
-0.577952 -0.261333 2.620239 1.000000
0.231157 -0.215315 2.599014 1.000000
-0.575407 -0.324973 2.605019 0.677885
0.226372 -0.275249 2.573066 0.644231
-0.297198 -0.546575 2.724041 1.000000
-0.094468 -0.551503 2.698294 1.000000
-0.299826 -0.950049 2.777436 1.000000
-0.067863 -0.951060 2.771066 1.000000
-0.303385 -0.970734 2.620962 0.000000
-0.072642 -0.979643 2.615873 0.000000
-0.213777 0.554114 2.557063 1.000000
-0.377995 0.274261 2.660642 1.000000
-0.034556 0.298055 2.638090 1.000000
-0.220317 0.353492 2.506585 0.000000
-0.192349 0.148254 2.715955 0.000000
-0.385948 -0.058994 2.586643 1.000000
-0.019653 -0.049923 2.560751 0.971154
-0.194736 -0.052870 2.688339 0.000000
-0.526494 0.034624 2.660555 1.000000
0.127589 0.067468 2.642117 1.000000
-0.701696 -0.202492 2.619417 1.000000
0.343481 -0.134744 2.608764 1.000000
-0.710003 -0.236062 2.563808 0.627404
0.377293 -0.190496 2.614826 0.677885
-0.297314 -0.545815 2.724746 1.000000
-0.092789 -0.548281 2.691133 1.000000
-0.298107 -0.950050 2.772103 1.000000
-0.072405 -0.947306 2.768677 1.000000
-0.307684 -0.968367 2.615587 0.000000
-0.082734 -0.977866 2.614132 0.000000
-0.214267 0.555593 2.560674 1.000000
-0.373383 0.282104 2.656672 1.000000
-0.029132 0.300889 2.643887 1.000000
-0.210373 0.362215 2.508740 0.000000
-0.191273 0.151936 2.714066 0.000000
-0.386562 -0.054910 2.577967 1.000000
-0.016832 -0.049569 2.568074 0.846154
-0.198628 -0.051856 2.687915 0.000000
-0.576401 0.088105 2.657614 1.000000
0.186932 0.121636 2.637803 1.000000
-0.814618 -0.078853 2.600236 1.000000
0.440003 -0.029996 2.608181 1.000000
-0.819588 -0.144042 2.596507 0.509615
0.495993 -0.062572 2.598585 0.728365
-0.298965 -0.542796 2.719831 1.000000
-0.095450 -0.549025 2.686338 1.000000
-0.299476 -0.945933 2.775776 1.000000
-0.069701 -0.946434 2.770314 1.000000
-0.302857 -0.967624 2.619435 0.000000
-0.073694 -0.979311 2.615952 0.000000
-0.213671 0.561756 2.565216 1.000000
-0.371020 0.289379 2.666935 1.000000
-0.026795 0.305882 2.650748 1.000000
-0.209002 0.370469 2.518448 0.000000
-0.189271 0.157087 2.720487 0.000000
-0.382515 -0.045114 2.582672 1.000000
-0.007989 -0.044393 2.562614 1.000000
-0.189102 -0.048309 2.687359 0.000000
-0.638608 0.209586 2.650238 1.000000
0.241310 0.229186 2.628692 1.000000
-0.926270 0.173122 2.593995 1.000000
0.534111 0.200738 2.602227 1.000000
-0.986639 0.160580 2.616051 1.000000
0.574503 0.182579 2.650465 0.442308
-0.299484 -0.535391 2.714948 1.000000
-0.091799 -0.542978 2.680311 1.000000
-0.298397 -0.938137 2.773633 1.000000
-0.070869 -0.939446 2.769891 1.000000
-0.306747 -0.960891 2.617630 0.000000
-0.079243 -0.974611 2.616210 0.000000
-0.208513 0.557577 2.553204 1.000000
-0.371056 0.296078 2.666420 1.000000
-0.030042 0.327163 2.654167 1.000000
-0.213353 0.383701 2.519726 0.000000
-0.186738 0.171581 2.722302 0.000000
-0.379295 -0.033791 2.585013 1.000000
-0.008521 -0.033718 2.565626 1.000000
-0.187914 -0.039853 2.689936 0.000000
-0.649198 0.311727 2.639857 1.000000
0.247824 0.312510 2.624339 1.000000
-0.936977 0.340973 2.579505 1.000000
0.534456 0.375612 2.590075 1.000000
-1.000280 0.338995 2.562863 1.000000
0.592945 0.378304 2.619401 0.375000
-0.297072 -0.527118 2.707129 1.000000
-0.092909 -0.534574 2.672109 1.000000
-0.300440 -0.929228 2.769942 1.000000
-0.072122 -0.929671 2.767582 1.000000
-0.308316 -0.953499 2.614143 0.000000
-0.080114 -0.967103 2.614417 0.000000
-0.211118 0.574058 2.559130 1.000000
-0.360791 0.296357 2.667486 1.000000
-0.028429 0.322142 2.647129 1.000000
-0.211134 0.380664 2.516773 0.000000
-0.182298 0.169274 2.719808 0.000000
-0.383524 -0.031665 2.588429 1.000000
-0.008949 -0.028879 2.561625 1.000000
-0.187996 -0.037426 2.689443 0.000000
-0.616352 0.395563 2.633471 1.000000
0.235612 0.395663 2.612672 1.000000
-0.877580 0.504485 2.562927 1.000000
0.492986 0.522209 2.559514 1.000000
-0.939681 0.524898 2.566797 1.000000
0.550796 0.550817 2.548212 0.000000
-0.295983 -0.525811 2.702781 1.000000
-0.095327 -0.531437 2.665653 1.000000
-0.299932 -0.926897 2.771805 1.000000
-0.069729 -0.925507 2.764155 1.000000
-0.310383 -0.953513 2.616541 0.000000
-0.080352 -0.964354 2.611503 0.000000
-0.210226 0.575389 2.564346 1.000000
-0.359808 0.315848 2.651873 1.000000
-0.041181 0.339558 2.638002 1.000000
-0.214048 0.385653 2.498024 0.000000
-0.190112 0.194150 2.720497 0.000000
-0.389387 -0.022462 2.588036 1.000000
-0.010665 -0.014328 2.571346 1.000000
-0.194792 -0.027224 2.694167 0.000000
-0.559330 0.499948 2.618013 1.000000
0.174593 0.499139 2.584860 1.000000
-0.751357 0.702975 2.544829 1.000000
0.362670 0.708222 2.518816 1.000000
-0.796641 0.750244 2.546648 1.000000
0.405202 0.755708 2.503835 0.000000
-0.293881 -0.517609 2.695760 1.000000
-0.095876 -0.520694 2.660219 1.000000
-0.300143 -0.917874 2.769229 1.000000
-0.073293 -0.914819 2.759240 1.000000
-0.305765 -0.946273 2.614031 0.000000
-0.079063 -0.953574 2.606305 0.000000
-0.223750 0.598341 2.572096 1.000000
-0.359019 0.335209 2.661952 1.000000
-0.048196 0.348658 2.629374 1.000000
-0.222828 0.401173 2.499921 0.000000
-0.191414 0.207758 2.719795 0.000000
-0.389040 -0.013114 2.593016 1.000000
-0.006482 -0.004565 2.572747 1.000000
-0.191504 -0.017490 2.697320 0.000000
-0.510653 0.551795 2.597954 1.000000
0.126434 0.550175 2.575585 1.000000
-0.637988 0.787818 2.495090 1.000000
0.244389 0.799313 2.494843 1.000000
-0.667175 0.841695 2.471988 0.000000
0.270850 0.856306 2.476407 0.000000
-0.294756 -0.509757 2.693173 1.000000
-0.097854 -0.511673 2.660776 1.000000
-0.299986 -0.910115 2.766215 1.000000
-0.072175 -0.905579 2.759910 1.000000
-0.307122 -0.938332 2.611046 0.000000
-0.079514 -0.944518 2.607088 0.000000
-0.223035 0.605552 2.581648 0.913462
-0.357625 0.360006 2.667777 1.000000
-0.049603 0.361952 2.633960 1.000000
-0.220096 0.420198 2.504789 0.000000
-0.194647 0.226808 2.725456 0.000000
-0.387561 0.000626 2.597030 1.000000
-0.005321 0.005747 2.570560 1.000000
-0.188408 -0.005430 2.698126 0.000000
-0.467960 0.588382 2.573412 1.000000
0.075934 0.587127 2.551669 1.000000
-0.519582 0.855634 2.486444 1.000000
0.115434 0.860868 2.479859 1.000000
-0.539095 0.916416 2.471850 0.105769
0.123843 0.923815 2.463882 0.000000
-0.294550 -0.498245 2.690571 1.000000
-0.100018 -0.500994 2.657797 1.000000
-0.300944 -0.897033 2.771668 1.000000
-0.072570 -0.894285 2.758883 1.000000
-0.311020 -0.928275 2.617244 0.000000
-0.082837 -0.934174 2.606476 0.000000
-0.210241 0.615801 2.590701 0.528846
-0.356341 0.367077 2.675084 1.000000
-0.053103 0.360078 2.634587 1.000000
-0.222345 0.421626 2.508419 0.000000
-0.197089 0.230014 2.730653 0.000000
-0.388346 0.008085 2.610283 1.000000
-0.008598 0.025591 2.562128 1.000000
-0.183688 0.008910 2.699910 0.000000
-0.387980 0.602138 2.548678 1.000000
0.001156 0.600307 2.526979 1.000000
-0.348090 0.867875 2.457423 1.000000
-0.068492 0.868218 2.464472 1.000000
-0.348536 0.932691 2.448096 0.324519
-0.084297 0.930122 2.450106 0.000000
-0.294872 -0.489739 2.685319 1.000000
-0.100834 -0.486517 2.645287 1.000000
-0.298122 -0.888062 2.768852 1.000000
-0.081968 -0.876966 2.758613 1.000000
-0.316467 -0.920102 2.615355 0.000000
-0.100535 -0.921494 2.608290 0.000000
-0.213550 0.602919 2.598576 0.629808
-0.371495 0.384500 2.703811 1.000000
-0.073250 0.390778 2.630242 1.000000
-0.258427 0.438880 2.521449 0.000000
-0.199223 0.257743 2.746005 0.000000
-0.390488 0.035894 2.632833 1.000000
-0.015877 0.062239 2.540718 1.000000
-0.175391 0.043312 2.698152 0.000000
-0.351730 0.595417 2.540187 1.000000
-0.036166 0.625103 2.506284 1.000000
-0.249091 0.845894 2.458885 1.000000
-0.182620 0.861416 2.455379 1.000000
-0.220041 0.904469 2.462541 0.072115
-0.197040 0.922226 2.435824 0.543269
-0.293009 -0.464520 2.664111 1.000000
-0.102902 -0.452279 2.637396 1.000000
-0.298706 -0.858183 2.767290 1.000000
-0.075321 -0.835405 2.771944 1.000000
-0.335831 -0.896585 2.618725 0.000000
-0.112723 -0.888617 2.628089 0.115385
-0.198870 0.605373 2.562664 0.831731
-0.359100 0.338333 2.770798 0.519231
-0.082317 0.380341 2.617312 1.000000
-0.295077 0.427524 2.571792 0.000000
-0.169651 0.222341 2.741818 0.000000
-0.391214 0.038219 2.689838 1.000000
-0.042065 0.075298 2.492087 1.000000
-0.159808 0.054235 2.690832 0.000000
-0.355793 0.511461 2.567967 1.000000
-0.044486 0.615736 2.497803 1.000000
-0.261843 0.756478 2.465799 1.000000
-0.201767 0.845330 2.454817 1.000000
-0.217202 0.800982 2.448053 0.189904
-0.205641 0.909464 2.442164 0.576923
-0.295870 -0.461323 2.650547 1.000000
-0.096411 -0.438093 2.635043 1.000000
-0.292737 -0.841860 2.794875 1.000000
-0.067779 -0.813865 2.788747 1.000000
-0.365209 -0.892120 2.663931 0.057692
-0.141635 -0.871475 2.661661 0.346154
-0.191955 0.585672 2.568494 1.000000
-0.367759 0.327781 2.774002 0.240385
-0.087890 0.372024 2.621714 1.000000
-0.300397 0.427767 2.580394 0.033654
-0.180696 0.208757 2.736749 0.000000
-0.390956 0.027062 2.691787 1.000000
-0.041078 0.050296 2.493216 1.000000
-0.159247 0.037884 2.692436 0.000000
-0.371989 0.504562 2.576100 1.000000
-0.010969 0.598740 2.507181 1.000000
-0.314008 0.748649 2.451245 1.000000
-0.128093 0.842242 2.432899 1.000000
-0.280411 0.802315 2.434525 1.000000
-0.151664 0.902133 2.444969 0.762019
-0.294395 -0.477048 2.653702 1.000000
-0.089999 -0.456760 2.646241 1.000000
-0.290075 -0.852919 2.809751 1.000000
-0.075553 -0.839185 2.784773 1.000000
-0.360366 -0.907811 2.679480 0.173077
-0.146957 -0.889519 2.653273 0.134615
-0.199411 0.562867 2.535659 1.000000
-0.358224 0.424391 2.644348 1.000000
-0.069205 0.347275 2.627669 1.000000
-0.214792 0.405308 2.478705 0.000000
-0.233601 0.277561 2.743408 0.000000
-0.406350 0.046693 2.619196 1.000000
-0.001292 0.079107 2.573190 1.000000
-0.190334 0.056072 2.710130 0.000000
-0.386152 0.643517 2.502082 1.000000
0.011226 0.574596 2.523305 1.000000
-0.310879 0.900283 2.428765 1.000000
-0.058493 0.827959 2.434332 1.000000
-0.292049 0.960964 2.412909 0.000000
-0.075680 0.890733 2.427096 1.000000
-0.291600 -0.451719 2.661716 1.000000
-0.097110 -0.440588 2.632640 1.000000
-0.286419 -0.828643 2.815178 1.000000
-0.079031 -0.814746 2.791787 1.000000
-0.305219 -0.887973 2.670088 0.269231
-0.092299 -0.876864 2.647254 0.346154
-0.266928 0.608588 2.575392 0.649038
-0.360686 0.395703 2.670994 1.000000
-0.060226 0.349172 2.632841 1.000000
-0.221334 0.412206 2.498871 0.000000
-0.215330 0.249657 2.744396 0.000000
-0.406338 0.037260 2.618358 1.000000
-0.002174 0.067076 2.563574 1.000000
-0.188440 0.046708 2.704677 0.000000
-0.425499 0.600030 2.519924 1.000000
0.036963 0.568860 2.527655 1.000000
-0.400520 0.859986 2.427863 1.000000
0.014354 0.829204 2.436081 1.000000
-0.413061 0.914755 2.394227 0.307692
0.008098 0.893896 2.428080 0.879808
-0.290519 -0.461658 2.661017 1.000000
-0.098077 -0.450964 2.634708 1.000000
-0.287177 -0.837877 2.816250 1.000000
-0.076900 -0.822177 2.800242 1.000000
-0.308735 -0.897693 2.671744 0.365385
-0.092797 -0.886903 2.657125 0.365385
-0.240214 0.602969 2.577981 0.427885
-0.367174 0.380970 2.685618 1.000000
-0.061930 0.342454 2.631754 1.000000
-0.232835 0.409309 2.508611 0.000000
-0.213297 0.234152 2.744575 0.000000
-0.404026 0.030265 2.626153 1.000000
-0.005927 0.064359 2.556974 1.000000
-0.184589 0.037987 2.704292 0.000000
-0.480697 0.571163 2.545434 1.000000
0.087069 0.542059 2.550086 1.000000
-0.532384 0.825948 2.450446 1.000000
0.135520 0.794994 2.448665 1.000000
-0.538806 0.890281 2.440038 0.896635
0.120188 0.854368 2.471642 0.644231
-0.289510 -0.467385 2.659740 1.000000
-0.096756 -0.453455 2.639863 1.000000
-0.285911 -0.843001 2.816421 1.000000
-0.077375 -0.827019 2.800249 1.000000
-0.312663 -0.903119 2.672913 0.326923
-0.098563 -0.889667 2.656894 0.403846
-0.235262 0.591397 2.573300 0.932692
-0.365998 0.361401 2.686561 1.000000
-0.055745 0.341546 2.629018 1.000000
-0.234692 0.398233 2.508241 0.000000
-0.202188 0.224140 2.743562 0.000000
-0.402058 0.018527 2.625355 1.000000
-0.004700 0.052306 2.551889 1.000000
-0.181921 0.028039 2.701296 0.000000
-0.520703 0.537558 2.570300 1.000000
0.123319 0.520601 2.563011 1.000000
-0.614445 0.775924 2.466639 1.000000
0.219181 0.761454 2.467345 1.000000
-0.636832 0.837390 2.469634 0.543269
0.210523 0.825389 2.478551 0.812500
-0.290832 -0.477631 2.668313 1.000000
-0.096819 -0.464717 2.642667 1.000000
-0.293459 -0.864975 2.793241 1.000000
-0.075115 -0.837510 2.804543 0.937981
-0.321639 -0.912484 2.645344 0.173077
-0.098837 -0.900837 2.661884 0.384615
-0.235567 0.592021 2.560429 0.894231
-0.370462 0.356952 2.675174 1.000000
-0.051217 0.341838 2.634090 1.000000
-0.227133 0.401033 2.505683 0.000000
-0.206032 0.219313 2.736494 0.000000
-0.391840 -0.001617 2.610580 1.000000
-0.004161 0.033871 2.562629 1.000000
-0.183182 0.007844 2.700280 0.000000
-0.562456 0.510680 2.586977 1.000000
0.156962 0.488106 2.574593 1.000000
-0.706389 0.731044 2.504260 1.000000
0.301310 0.704533 2.482714 1.000000
-0.735598 0.788425 2.492320 1.000000
0.329164 0.763752 2.485083 1.000000
-0.291955 -0.491890 2.688369 1.000000
-0.095710 -0.482884 2.649641 1.000000
-0.297073 -0.888227 2.780778 1.000000
-0.073677 -0.857973 2.806076 0.903606
-0.313661 -0.923674 2.627831 0.000000
-0.090939 -0.919242 2.661602 0.384615
-0.236724 0.594684 2.552028 1.000000
-0.367230 0.331068 2.682400 1.000000
-0.040043 0.324276 2.634467 1.000000
-0.223119 0.387364 2.512917 0.000000
-0.194961 0.193262 2.732626 0.000000
-0.382754 -0.022441 2.605344 0.990385
-0.007546 -0.007683 2.557997 1.000000
-0.180570 -0.020379 2.695554 0.000000
-0.605162 0.434121 2.629300 1.000000
0.202339 0.426399 2.604918 1.000000
-0.820849 0.595130 2.554089 1.000000
0.420317 0.588123 2.538338 1.000000
-0.871757 0.635881 2.548088 1.000000
0.446449 0.647787 2.531587 1.000000
-0.293395 -0.516591 2.699591 1.000000
-0.091570 -0.511156 2.679168 1.000000
-0.300838 -0.916808 2.773214 1.000000
-0.074412 -0.910021 2.758299 1.000000
-0.318560 -0.944871 2.618867 0.000000
-0.092503 -0.941289 2.604612 0.000000
-0.222723 0.576990 2.539638 1.000000
-0.375441 0.326468 2.677696 1.000000
-0.041344 0.313301 2.634964 1.000000
-0.223446 0.379837 2.510391 0.000000
-0.202946 0.185345 2.730604 0.000000
-0.383790 -0.030696 2.602316 1.000000
-0.011097 -0.016571 2.559289 1.000000
-0.184117 -0.027709 2.694890 0.000000
-0.636107 0.381048 2.652957 1.000000
0.218988 0.373890 2.625258 1.000000
-0.892830 0.489418 2.607034 1.000000
0.474044 0.470077 2.551408 1.000000
-0.952323 0.516666 2.604519 1.000000
0.517385 0.519165 2.551777 1.000000
-0.292494 -0.524253 2.703262 1.000000
-0.086263 -0.518472 2.683347 1.000000
-0.299195 -0.924504 2.776766 1.000000
-0.073424 -0.916604 2.766867 1.000000
-0.315150 -0.952616 2.622236 0.000000
-0.089608 -0.949346 2.613275 0.000000
-0.211965 0.576486 2.538536 1.000000
-0.371946 0.312103 2.661572 1.000000
-0.027615 0.320752 2.641911 1.000000
-0.209633 0.372124 2.503693 0.000000
-0.192005 0.184117 2.729709 0.000000
-0.380862 -0.037658 2.603399 1.000000
-0.011657 -0.023216 2.557136 1.000000
-0.181926 -0.031567 2.694300 0.000000
-0.640234 0.278154 2.688042 1.000000
0.241171 0.281108 2.638216 1.000000
-0.924914 0.265926 2.654506 1.000000
0.524295 0.284153 2.591859 1.000000
-0.988099 0.280026 2.664360 1.000000
0.582413 0.297707 2.564900 0.829327
-0.290685 -0.530853 2.706853 1.000000
-0.086009 -0.524279 2.687470 1.000000
-0.299815 -0.932435 2.772413 1.000000
-0.074113 -0.923758 2.764439 1.000000
-0.317034 -0.957339 2.617468 0.000000
-0.091814 -0.953947 2.610491 0.000000
-0.209071 0.569325 2.526960 1.000000
-0.371422 0.300699 2.670494 1.000000
-0.027587 0.308861 2.643360 1.000000
-0.212448 0.366141 2.511377 0.000000
-0.190560 0.169554 2.729586 0.000000
-0.375671 -0.042269 2.582711 1.000000
-0.003516 -0.033344 2.573645 0.894231
-0.186808 -0.037218 2.693079 0.000000
-0.623914 0.198481 2.696113 1.000000
0.229855 0.216263 2.645886 1.000000
-0.902248 0.121758 2.685915 1.000000
0.504777 0.136968 2.606006 1.000000
-0.967258 0.115125 2.681682 0.997596
0.569375 0.140268 2.595790 0.812500
-0.292580 -0.532137 2.714253 1.000000
-0.086449 -0.534352 2.690411 1.000000
-0.297935 -0.935034 2.771651 1.000000
-0.068664 -0.934062 2.765014 1.000000
-0.300281 -0.957267 2.615367 0.000000
-0.071916 -0.963161 2.609878 0.000000
-0.207755 0.550087 2.522562 1.000000
-0.366431 0.298839 2.671244 1.000000
-0.023025 0.308520 2.639564 1.000000
-0.209849 0.366523 2.510699 0.000000
-0.184336 0.167728 2.726501 0.000000
-0.374784 -0.044765 2.583480 1.000000
-0.002563 -0.038671 2.574820 0.836538
-0.186013 -0.040922 2.694052 0.000000
-0.578180 0.133075 2.712260 1.000000
0.202190 0.156535 2.652851 1.000000
-0.825752 -0.011411 2.693997 1.000000
0.456862 0.029013 2.615670 1.000000
-0.880134 -0.046529 2.703871 1.000000
0.503071 -0.017157 2.611062 0.812500
-0.295626 -0.533289 2.721401 1.000000
-0.086166 -0.538352 2.693649 1.000000
-0.295188 -0.936965 2.773314 1.000000
-0.074741 -0.938736 2.765839 1.000000
-0.298226 -0.957101 2.616758 0.000000
-0.077985 -0.966833 2.610518 0.000000
-0.207834 0.548694 2.521639 1.000000
-0.365913 0.289610 2.672627 1.000000
-0.023196 0.319356 2.646458 1.000000
-0.211108 0.368483 2.515502 0.000000
-0.177440 0.168316 2.728904 0.000000
-0.374124 -0.042914 2.597427 0.932692
-0.008480 -0.037858 2.567461 1.000000
-0.181923 -0.039726 2.696995 0.000000
-0.519434 0.066815 2.715135 1.000000
0.149228 0.106631 2.652068 1.000000
-0.699099 -0.159466 2.702808 1.000000
0.358006 -0.091758 2.625838 1.000000
-0.727929 -0.217595 2.711644 1.000000
0.365651 -0.156592 2.620714 0.930288
-0.293816 -0.533969 2.723225 1.000000
-0.085930 -0.536475 2.694371 1.000000
-0.300247 -0.937639 2.774779 1.000000
-0.074233 -0.936973 2.765881 1.000000
-0.311814 -0.957405 2.618574 0.000000
-0.086540 -0.964987 2.610999 0.000000
-0.204514 0.557064 2.537866 1.000000
-0.368167 0.281511 2.667369 1.000000
-0.026138 0.322237 2.647825 1.000000
-0.212908 0.364802 2.512996 0.000000
-0.177028 0.166574 2.727843 0.000000
-0.372889 -0.042806 2.595117 0.894231
-0.006891 -0.038484 2.569700 0.942308
-0.181950 -0.038778 2.697055 0.000000
-0.488398 0.038142 2.715523 1.000000
0.116207 0.086178 2.651920 1.000000
-0.624739 -0.218711 2.702289 1.000000
0.287377 -0.148441 2.632110 1.000000
-0.643770 -0.280932 2.709675 0.913462
0.295748 -0.212114 2.619307 0.930288
-0.292411 -0.533732 2.724044 1.000000
-0.086435 -0.537513 2.694027 1.000000
-0.298455 -0.937796 2.772475 1.000000
-0.076721 -0.938386 2.763708 1.000000
-0.308221 -0.956404 2.616005 0.000000
-0.087168 -0.965609 2.608549 0.000000
-0.208853 0.555263 2.536990 1.000000
-0.363560 0.266405 2.665654 1.000000
-0.022084 0.309330 2.641649 1.000000
-0.210513 0.346961 2.507663 0.000000
-0.170902 0.154567 2.727109 0.000000
-0.368821 -0.052736 2.598148 0.846154
-0.010008 -0.048537 2.569305 0.951923
-0.180234 -0.048320 2.698272 0.000000
-0.465174 0.012502 2.710563 1.000000
0.100033 0.060791 2.652813 1.000000
-0.564331 -0.262436 2.695974 1.000000
0.235512 -0.197497 2.628963 1.000000
-0.542965 -0.324300 2.698116 0.677885
0.228503 -0.262408 2.623894 0.694712
-0.295694 -0.543273 2.726984 1.000000
-0.084984 -0.546562 2.698024 1.000000
-0.296966 -0.947418 2.775096 1.000000
-0.072212 -0.947105 2.769098 1.000000
-0.308928 -0.965990 2.618774 0.000000
-0.084418 -0.974983 2.614184 0.000000
-0.209008 0.549317 2.546757 1.000000
-0.370734 0.280049 2.667464 1.000000
-0.027977 0.307549 2.639430 1.000000
-0.215954 0.350940 2.506556 0.000000
-0.182510 0.161027 2.729166 0.000000
-0.370085 -0.052770 2.597461 0.980769
-0.010954 -0.045720 2.573569 0.923077
-0.182943 -0.046671 2.700172 0.000000
-0.451819 0.015602 2.702656 1.000000
0.069842 0.047198 2.659289 1.000000
-0.482895 -0.274260 2.661494 1.000000
0.152267 -0.233396 2.625326 1.000000
-0.471473 -0.334765 2.683786 0.391827
0.137366 -0.297162 2.625485 0.661058
-0.294747 -0.542357 2.728576 1.000000
-0.084531 -0.544978 2.699143 1.000000
-0.297248 -0.946778 2.774258 1.000000
-0.071338 -0.945427 2.770667 1.000000
-0.306547 -0.964411 2.617647 0.000000
-0.081115 -0.973444 2.615606 0.000000
-0.208376 0.554738 2.543859 1.000000
-0.367932 0.283929 2.677392 1.000000
-0.026188 0.311647 2.639076 1.000000
-0.218202 0.357805 2.513084 0.000000
-0.178038 0.163546 2.730779 0.000000
-0.370961 -0.049322 2.607591 0.538462
-0.013512 -0.048588 2.564865 0.769231
-0.178606 -0.046030 2.700315 0.000000
-0.442739 0.015143 2.697001 1.000000
0.052972 0.044088 2.658356 1.000000
-0.449778 -0.277041 2.654629 1.000000
0.109321 -0.244031 2.626275 1.000000
-0.430842 -0.324637 2.695425 0.391827
0.086201 -0.305230 2.629158 0.762019
-0.294240 -0.542789 2.727534 1.000000
-0.084534 -0.544327 2.701651 1.000000
-0.295799 -0.946359 2.780239 1.000000
-0.070692 -0.945703 2.767641 1.000000
-0.314070 -0.966597 2.624736 0.000000
-0.089340 -0.971762 2.613052 0.000000
-0.213652 0.560790 2.553346 1.000000
-0.367261 0.283195 2.670220 1.000000
-0.023294 0.300724 2.650119 1.000000
-0.207007 0.356872 2.516064 0.000000
-0.184257 0.155094 2.729392 0.000000
-0.368631 -0.049854 2.594669 0.836538
-0.008936 -0.049935 2.580003 0.778846
-0.184102 -0.046953 2.702139 0.000000
-0.438098 0.012452 2.687450 1.000000
0.044844 0.028811 2.656190 1.000000
-0.419875 -0.278528 2.635964 1.000000
0.070315 -0.264679 2.626745 1.000000
-0.399215 -0.336516 2.658297 0.593750
0.032114 -0.313904 2.646893 0.846154
-0.295050 -0.541860 2.727450 1.000000
-0.083298 -0.547488 2.702012 1.000000
-0.296527 -0.945454 2.779969 1.000000
-0.070269 -0.948990 2.767404 1.000000
-0.302883 -0.965787 2.623538 0.000000
-0.077001 -0.974558 2.611759 0.000000
-0.207011 0.555781 2.558570 1.000000
-0.367444 0.288028 2.667106 1.000000
-0.022813 0.302471 2.660345 1.000000
-0.200773 0.362880 2.520506 0.000000
-0.188021 0.157047 2.730770 0.000000
-0.369963 -0.049431 2.594023 0.326923
-0.010306 -0.047760 2.578520 0.605769
-0.185202 -0.045413 2.701057 0.000000
-0.432686 0.015365 2.671106 1.000000
0.041739 0.029616 2.659493 1.000000
-0.409420 -0.275645 2.621860 1.000000
0.037912 -0.262476 2.611318 1.000000
-0.425135 -0.338183 2.610446 0.189904
0.015849 -0.322768 2.598420 0.543269
-0.295521 -0.541028 2.726495 1.000000
-0.082609 -0.545363 2.702109 1.000000
-0.297403 -0.945674 2.770164 1.000000
-0.072184 -0.946555 2.769828 1.000000
-0.303874 -0.962570 2.613329 0.000000
-0.078933 -0.972978 2.614326 0.000000
-0.206768 0.554453 2.554446 1.000000
