-0.363177 0.399758 2.774253 1.000000
0.065084 0.387713 2.612354 1.000000
-0.180170 0.474817 2.604940 0.000000
-0.125233 0.244210 2.767420 0.000000
-0.361580 0.028435 2.696370 0.096154
0.055619 0.019512 2.555043 0.913462
-0.105615 0.021242 2.765703 0.000000
-0.425478 0.139293 2.674067 1.000000
0.098313 0.114381 2.689466 1.000000
-0.392829 -0.173896 2.650416 1.000000
0.116755 -0.200650 2.700758 1.000000
-0.356390 -0.254609 2.664971 0.627404
0.059333 -0.264427 2.727017 0.324519
-0.254516 -0.598298 2.666097 1.000000
-0.016102 -0.594358 2.665923 1.000000
-0.264120 -1.089697 2.739879 1.000000
-0.010023 -1.084617 2.747272 1.000000
-0.337024 -1.119929 2.529042 0.000000
-0.078684 -1.120541 2.535904 0.000000
-0.145409 0.707247 2.570390 1.000000
-0.365636 0.393801 2.769778 1.000000
0.063190 0.388248 2.609025 1.000000
-0.183757 0.470257 2.599878 0.000000
-0.124578 0.243027 2.765591 0.000000
-0.357555 0.030143 2.708444 0.028846
0.055034 0.025246 2.553998 0.865385
-0.099503 0.023512 2.769618 0.000000
-0.432572 0.126466 2.693642 1.000000
0.103129 0.117000 2.690108 1.000000
-0.378620 -0.180730 2.644526 1.000000
0.114710 -0.198225 2.703950 1.000000
-0.360443 -0.255693 2.690402 0.543269
0.060186 -0.264562 2.677855 0.543269
-0.254550 -0.595273 2.661968 1.000000
-0.015816 -0.589836 2.670035 1.000000
-0.270841 -1.083731 2.752255 1.000000
-0.003009 -1.081335 2.742656 1.000000
-0.349322 -1.119550 2.544316 0.000000
-0.079573 -1.114230 2.533522 0.000000
-0.145228 0.706969 2.569688 1.000000
-0.363198 0.397451 2.761004 1.000000
0.071464 0.381390 2.617563 1.000000
-0.172685 0.469925 2.599003 0.000000
-0.126191 0.240397 2.765592 0.000000
-0.358823 0.036819 2.688211 0.144231
0.061237 0.019775 2.556429 0.903846
-0.104666 0.025296 2.763365 0.000000
-0.428472 0.133265 2.674017 1.000000
0.107766 0.108850 2.695190 1.000000
-0.393263 -0.179618 2.653852 1.000000
0.120797 -0.206278 2.687001 1.000000
-0.347175 -0.256423 2.659437 0.610577
0.056774 -0.264857 2.709890 0.560096
-0.251666 -0.592533 2.662172 1.000000
-0.015053 -0.591129 2.668162 1.000000
-0.271550 -1.080898 2.752245 1.000000
-0.005247 -1.081640 2.747602 1.000000
-0.338588 -1.117235 2.540427 0.000000
-0.070538 -1.117356 2.535134 0.000000
-0.145467 0.707466 2.556482 1.000000
-0.366041 0.390168 2.753419 1.000000
0.071240 0.375045 2.618065 1.000000
-0.173489 0.460252 2.592783 0.000000
-0.127462 0.236002 2.766537 0.000000
-0.362951 0.034165 2.671683 0.230769
0.063987 0.017512 2.564193 0.798077
-0.113417 0.025156 2.761286 0.000000
-0.431472 0.120073 2.683869 1.000000
0.112780 0.103124 2.698087 1.000000
-0.396631 -0.192482 2.649461 1.000000
0.103738 -0.212287 2.675215 1.000000
-0.343702 -0.264714 2.655406 0.492788
0.048499 -0.279922 2.654514 1.000000
-0.251875 -0.594662 2.666577 1.000000
-0.012990 -0.593092 2.671328 1.000000
-0.265479 -1.086018 2.740017 1.000000
-0.008929 -1.085442 2.739029 1.000000
-0.321329 -1.116743 2.524105 0.000000
-0.062128 -1.115672 2.522378 0.000000
-0.136244 0.690068 2.561499 0.538462
-0.363517 0.386727 2.765512 1.000000
0.071203 0.382940 2.621400 1.000000
-0.175124 0.465468 2.603958 0.000000
-0.122627 0.235654 2.768356 0.000000
-0.358003 0.033838 2.691603 0.153846
0.061700 0.017996 2.558542 1.000000
-0.103609 0.022486 2.765977 0.000000
-0.421700 0.127275 2.658504 1.000000
0.120669 0.109696 2.692413 1.000000
-0.391206 -0.187628 2.648743 1.000000
0.116438 -0.206582 2.680648 1.000000
-0.342702 -0.263062 2.652113 0.644231
0.061691 -0.277691 2.681474 0.711538
-0.255747 -0.594939 2.661601 1.000000
-0.015540 -0.593790 2.667864 1.000000
-0.267035 -1.086158 2.736336 1.000000
-0.007024 -1.084412 2.746773 1.000000
-0.336082 -1.116836 2.524269 0.000000
-0.072728 -1.119715 2.534363 0.000000
-0.150552 0.705678 2.556719 1.000000
-0.359271 0.388682 2.771583 1.000000
0.072306 0.383079 2.618371 1.000000
-0.173173 0.469279 2.608294 0.000000
-0.120466 0.234434 2.765349 0.000000
-0.358425 0.030479 2.706677 0.086538
0.054212 0.017512 2.552826 1.000000
-0.100715 0.017033 2.768173 0.000000
-0.418597 0.130816 2.661276 1.000000
0.116169 0.109363 2.691430 1.000000
-0.392060 -0.184129 2.643092 1.000000
0.116346 -0.206065 2.664401 1.000000
-0.346236 -0.260278 2.655579 0.627404
0.062267 -0.277597 2.667997 0.930288
-0.250623 -0.597910 2.661040 1.000000
-0.013839 -0.594116 2.667589 1.000000
-0.269460 -1.088282 2.739710 1.000000
-0.009785 -1.084364 2.749135 1.000000
-0.347069 -1.118847 2.530608 0.000000
-0.084855 -1.119793 2.539872 0.000000
-0.148062 0.701960 2.560724 1.000000
-0.366747 0.384856 2.765795 1.000000
0.066736 0.383079 2.617966 1.000000
-0.180213 0.464095 2.602338 0.000000
-0.124954 0.235211 2.767126 0.000000
-0.357819 0.030423 2.698222 0.019231
0.058849 0.021544 2.555336 1.000000
-0.101621 0.022294 2.766584 0.000000
-0.423428 0.123204 2.663265 1.000000
0.123892 0.110295 2.685113 1.000000
-0.388391 -0.189907 2.632196 1.000000
0.112557 -0.205525 2.666124 1.000000
-0.344711 -0.260611 2.666069 0.560096
0.062285 -0.279443 2.658167 0.997596
-0.251873 -0.596365 2.661678 1.000000
-0.013424 -0.592218 2.667569 1.000000
-0.271462 -1.087368 2.736116 1.000000
-0.010493 -1.081724 2.753500 1.000000
-0.344510 -1.116434 2.525164 0.000000
-0.079417 -1.119179 2.542484 0.000000
-0.144498 0.708594 2.565866 1.000000
-0.363637 0.382527 2.785992 1.000000
0.063592 0.387250 2.621017 1.000000
-0.182662 0.471810 2.621467 0.000000
-0.124031 0.230659 2.766400 0.000000
-0.364455 0.030965 2.690856 0.096154
0.055783 0.024258 2.558711 1.000000
-0.110042 0.024892 2.765782 0.000000
-0.421727 0.134239 2.652614 1.000000
0.129758 0.114159 2.683102 1.000000
-0.395090 -0.182052 2.637030 1.000000
0.111599 -0.201957 2.656026 1.000000
-0.373077 -0.240233 2.572340 0.896635
0.065901 -0.279053 2.660761 1.000000
-0.248198 -0.595432 2.662322 1.000000
-0.012542 -0.590062 2.664429 1.000000
-0.271770 -1.085413 2.742143 1.000000
-0.005059 -1.081036 2.741221 1.000000
-0.338249 -1.116876 2.529371 0.000000
-0.068855 -1.115347 2.528069 0.000000
-0.145074 0.696371 2.562929 1.000000
-0.365220 0.385928 2.782020 1.000000
0.062043 0.380456 2.617155 1.000000
-0.182945 0.468602 2.615488 0.000000
-0.127864 0.230141 2.766151 0.000000
-0.364690 0.020536 2.699854 0.826923
0.051414 0.027665 2.555238 1.000000
-0.108078 0.021341 2.767133 0.000000
-0.421021 0.128624 2.661317 1.000000
0.128193 0.103607 2.670703 1.000000
-0.458070 -0.176709 2.573534 1.000000
0.164069 -0.204044 2.590886 1.000000
-0.464884 -0.261686 2.545483 0.661058
0.094958 -0.255829 2.566465 0.795673
-0.251539 -0.601236 2.660675 1.000000
-0.010184 -0.590037 2.670412 1.000000
-0.270601 -1.091140 2.742155 1.000000
-0.004695 -1.081765 2.742402 1.000000
-0.343962 -1.123279 2.531759 0.000000
-0.074315 -1.113538 2.530683 0.000000
-0.146178 0.699488 2.551185 1.000000
-0.362700 0.398656 2.784517 1.000000
0.067852 0.385169 2.628931 1.000000
-0.174536 0.480122 2.624050 0.000000
-0.129395 0.236733 2.770067 0.000000
-0.357274 0.031623 2.701825 1.000000
0.060883 0.026138 2.563181 1.000000
-0.101774 0.023342 2.772732 0.000000
-0.415777 0.140561 2.662566 1.000000
0.137949 0.105385 2.662234 1.000000
-0.536102 -0.133202 2.546866 1.000000
0.213244 -0.176305 2.528845 1.000000
-0.533861 -0.201910 2.489173 0.762019
0.171468 -0.255246 2.520039 0.442308
-0.247526 -0.594296 2.657280 1.000000
-0.011387 -0.589849 2.662908 1.000000
-0.265445 -1.083862 2.741018 1.000000
-0.006706 -1.081126 2.737968 1.000000
-0.335475 -1.117442 2.529713 0.000000
-0.073618 -1.114214 2.525579 0.000000
-0.141046 0.704686 2.565997 1.000000
-0.363719 0.399261 2.770192 1.000000
0.074550 0.378983 2.638767 1.000000
-0.166100 0.476444 2.619256 0.000000
-0.131842 0.234666 2.770805 0.000000
-0.347639 0.043663 2.707826 1.000000
0.066102 0.022092 2.557958 1.000000
-0.090960 0.023492 2.771748 0.000000
-0.427411 0.137267 2.663816 1.000000
0.158744 0.101917 2.651386 1.000000
-0.628817 -0.078550 2.540048 1.000000
0.289743 -0.127704 2.470907 1.000000
-0.640250 -0.137154 2.473047 0.896635
0.319609 -0.193216 2.417330 0.004808
-0.249153 -0.586989 2.651447 1.000000
-0.010895 -0.588092 2.664652 1.000000
-0.272022 -1.073251 2.751626 1.000000
-0.004370 -1.078132 2.747279 1.000000
-0.346315 -1.112774 2.542821 0.000000
-0.078242 -1.114446 2.537742 0.000000
-0.141299 0.701611 2.566939 1.000000
-0.371555 0.398401 2.737393 1.000000
0.075317 0.377083 2.639335 1.000000
-0.165216 0.465608 2.593519 0.000000
-0.137077 0.240992 2.770587 0.000000
-0.333175 0.039334 2.662194 0.961538
0.055216 0.012855 2.581244 1.000000
-0.108950 0.024134 2.766441 0.000000
-0.476896 0.140373 2.669839 1.000000
0.199689 0.118714 2.635410 1.000000
-0.745543 0.078276 2.514059 1.000000
0.414797 -0.006417 2.439538 1.000000
-0.778536 -0.004872 2.506826 0.980769
0.451301 -0.043440 2.366387 0.156250
-0.246628 -0.592410 2.653600 1.000000
-0.009364 -0.596369 2.669954 1.000000
-0.273206 -1.079822 2.747046 1.000000
-0.009283 -1.088184 2.741559 1.000000
-0.316965 -1.119099 2.529736 0.000000
-0.053339 -1.119998 2.523091 0.000000
-0.146001 0.716102 2.587072 1.000000
-0.371347 0.395770 2.721029 1.000000
0.080114 0.382020 2.645149 1.000000
-0.159559 0.465024 2.586338 0.000000
-0.135770 0.243599 2.768002 0.000000
-0.321617 0.038459 2.649616 0.605769
0.046268 0.015463 2.579795 1.000000
-0.110003 0.028813 2.759898 0.000000
-0.528091 0.163094 2.670916 1.000000
0.232405 0.141539 2.631191 1.000000
-0.814563 0.171548 2.540867 1.000000
0.483753 0.108343 2.444716 1.000000
-0.855271 0.100989 2.503202 0.846154
0.517360 0.028076 2.422759 0.677885
-0.247127 -0.591275 2.661306 1.000000
-0.009353 -0.595577 2.666078 1.000000
-0.261386 -1.082184 2.737553 1.000000
-0.003328 -1.084552 2.754827 1.000000
-0.304839 -1.114853 2.519090 0.000000
-0.042562 -1.124608 2.536797 0.000000
-0.146413 0.717266 2.588392 1.000000
-0.369120 0.391358 2.706270 1.000000
0.085141 0.382232 2.648586 1.000000
-0.153193 0.459466 2.577707 0.000000
-0.133411 0.244549 2.767487 0.000000
-0.320911 0.035899 2.637399 0.673077
0.045517 0.012780 2.591013 1.000000
-0.118884 0.028468 2.760763 0.000000
-0.582609 0.206295 2.667472 1.000000
0.285314 0.181134 2.619914 1.000000
-0.878498 0.245659 2.567028 1.000000
0.551759 0.173874 2.452156 1.000000
-0.945869 0.251158 2.507992 0.593750
0.622790 0.127526 2.481497 0.879808
-0.246350 -0.593735 2.657993 1.000000
-0.008950 -0.598719 2.667424 1.000000
-0.264145 -1.083869 2.738372 1.000000
-0.005977 -1.089743 2.744209 1.000000
-0.292398 -1.119014 2.517810 0.000000
-0.031808 -1.124447 2.523280 0.000000
-0.143000 0.724441 2.596539 1.000000
-0.372055 0.377202 2.686953 1.000000
0.083723 0.387809 2.643166 1.000000
-0.155761 0.447213 2.560039 0.000000
-0.131386 0.247669 2.765428 0.000000
-0.330049 0.027893 2.634670 0.990385
0.050314 0.013093 2.599121 1.000000
-0.126066 0.021722 2.764062 0.000000
-0.644331 0.292790 2.667649 1.000000
0.326456 0.241941 2.605278 1.000000
-0.941212 0.384126 2.612205 1.000000
0.621121 0.284198 2.500677 1.000000
-1.026976 0.406542 2.598188 0.156250
0.694398 0.242151 2.530959 1.000000
-0.248049 -0.599517 2.659161 1.000000
-0.010405 -0.601614 2.666720 1.000000
-0.269790 -1.088804 2.743627 1.000000
-0.009605 -1.091097 2.752831 1.000000
-0.292104 -1.125949 2.522712 0.000000
-0.026469 -1.130019 2.531738 0.000000
-0.143268 0.737310 2.611848 0.769231
-0.369306 0.384327 2.684819 1.000000
0.085843 0.388531 2.633967 1.000000
-0.154445 0.443859 2.550347 0.000000
-0.128351 0.258710 2.768603 0.000000
-0.344243 0.026538 2.640680 1.000000
0.049584 0.031462 2.598037 1.000000
-0.131401 0.027661 2.766309 0.000000
-0.649480 0.335362 2.662893 1.000000
0.350728 0.293111 2.588066 1.000000
-0.939238 0.452417 2.623128 1.000000
0.652912 0.354609 2.523684 1.000000
-1.026006 0.470609 2.637081 0.257212
0.724941 0.303619 2.540000 1.000000
-0.247192 -0.595443 2.659222 1.000000
-0.012087 -0.589490 2.662994 1.000000
-0.267755 -1.085650 2.738488 1.000000
-0.010155 -1.072550 2.779863 0.875481
-0.292545 -1.120354 2.517440 0.000000
-0.026059 -1.125416 2.561612 0.000000
-0.137447 0.746000 2.620374 0.557692
-0.360815 0.388911 2.684068 1.000000
0.093201 0.382290 2.624155 1.000000
-0.147510 0.441023 2.544150 0.000000
-0.120914 0.259909 2.765707 0.000000
-0.348968 0.027062 2.656026 1.000000
0.054960 0.024214 2.578598 1.000000
-0.119188 0.024122 2.762480 0.000000
-0.645923 0.382713 2.654802 1.000000
0.373019 0.354523 2.568367 1.000000
-0.919158 0.539011 2.621049 1.000000
0.673948 0.427950 2.502979 1.000000
-1.004403 0.510961 2.620166 0.661058
0.743442 0.408632 2.556381 1.000000
-0.247280 -0.597596 2.657033 1.000000
-0.012233 -0.593111 2.663994 1.000000
-0.269464 -1.086734 2.742245 1.000000
-0.000451 -1.082209 2.751474 1.000000
-0.312017 -1.122800 2.524140 0.000000
-0.039110 -1.122159 2.533321 0.000000
-0.141805 0.750911 2.629608 0.384615
-0.354158 0.392213 2.681087 1.000000
0.092518 0.394491 2.627177 1.000000
-0.144971 0.448429 2.544052 0.000000
-0.117260 0.267999 2.766031 0.000000
-0.352683 0.037258 2.653389 1.000000
0.067823 0.027080 2.581033 1.000000
-0.117381 0.031466 2.762888 0.000000
-0.631336 0.453623 2.649091 1.000000
0.358521 0.442039 2.534418 1.000000
-0.876389 0.631314 2.560105 1.000000
0.628089 0.587537 2.458874 1.000000
-0.948176 0.646945 2.611648 0.795673
0.707381 0.573164 2.498380 1.000000
-0.247402 -0.589747 2.650328 1.000000
-0.017433 -0.589658 2.657614 1.000000
-0.267658 -1.079600 2.731831 1.000000
-0.003117 -1.075768 2.760088 1.000000
-0.306552 -1.114428 2.512844 0.000000
-0.036883 -1.122631 2.542499 0.000000
-0.139781 0.742405 2.656155 0.322115
-0.357017 0.393661 2.685871 1.000000
0.080524 0.391035 2.623467 1.000000
-0.153561 0.446107 2.544096 0.000000
-0.122721 0.268343 2.767806 0.000000
-0.356093 0.036458 2.648917 1.000000
0.066544 0.025689 2.590377 1.000000
-0.124617 0.026516 2.766013 0.000000
-0.614948 0.500683 2.621287 1.000000
0.325088 0.501237 2.522489 1.000000
-0.821709 0.725198 2.537423 1.000000
0.556859 0.678609 2.399965 1.000000
-0.905146 0.729561 2.570188 0.762019
0.639479 0.697607 2.429418 1.000000
-0.250739 -0.590760 2.649128 1.000000
-0.018114 -0.590366 2.662733 1.000000
-0.275742 -1.078763 2.739888 1.000000
-0.006433 -1.079757 2.748573 1.000000
-0.307265 -1.117958 2.520453 0.000000
-0.034351 -1.118996 2.528659 0.000000
-0.139713 0.735382 2.665155 0.427885
-0.346761 0.411047 2.692138 1.000000
0.082382 0.379127 2.624874 1.000000
-0.141670 0.451942 2.548777 0.000000
-0.120969 0.267625 2.768313 0.000000
-0.349883 0.037843 2.655285 1.000000
0.066215 0.025013 2.582504 1.000000
-0.116510 0.026975 2.764458 0.000000
-0.588793 0.531253 2.594138 1.000000
0.271788 0.555892 2.500325 1.000000
-0.719795 0.794896 2.475365 1.000000
0.449846 0.768448 2.345757 1.000000
-0.800303 0.832682 2.487411 1.000000
0.519483 0.818028 2.373086 1.000000
-0.249962 -0.589828 2.652996 1.000000
-0.019882 -0.590337 2.663714 1.000000
-0.273188 -1.078834 2.738687 1.000000
-0.008710 -1.081447 2.739177 1.000000
-0.312789 -1.115259 2.520086 0.000000
-0.046067 -1.115995 2.519878 0.000000
-0.138670 0.734877 2.666875 0.509615
-0.352432 0.407542 2.703616 1.000000
0.064287 0.363623 2.627841 1.000000
-0.154560 0.444237 2.557055 0.000000
-0.134966 0.256393 2.773684 0.000000
-0.346560 0.032424 2.658561 1.000000
0.063485 0.014971 2.582960 1.000000
-0.115006 0.017685 2.766053 0.000000
-0.501463 0.592173 2.539390 1.000000
0.175839 0.586462 2.482349 1.000000
-0.500421 0.878318 2.399136 1.000000
0.234729 0.843083 2.302824 1.000000
-0.574878 0.925425 2.382064 1.000000
0.282086 0.919179 2.298233 1.000000
-0.248608 -0.596852 2.650657 1.000000
-0.019068 -0.598440 2.666266 1.000000
-0.263349 -1.087140 2.730718 1.000000
-0.006299 -1.089378 2.742594 1.000000
-0.305144 -1.121565 2.512202 0.000000
-0.046071 -1.124429 2.523800 0.000000
-0.145235 0.725271 2.689528 0.596154
-0.356540 0.401078 2.719495 1.000000
0.060058 0.403478 2.632716 1.000000
-0.170033 0.465100 2.571561 0.000000
-0.126061 0.269244 2.777241 0.000000
-0.341494 0.040310 2.659388 1.000000
0.055016 0.027661 2.577334 1.000000
-0.113435 0.029501 2.763073 0.000000
-0.427979 0.602841 2.524993 1.000000
0.130608 0.618199 2.452271 1.000000
-0.355429 0.872833 2.370565 1.000000
0.113372 0.885030 2.277597 1.000000
-0.377602 0.959188 2.360289 1.000000
0.042708 0.940059 2.283326 1.000000
-0.251224 -0.587353 2.648908 1.000000
-0.017948 -0.587182 2.663063 1.000000
-0.266425 -1.074839 2.744483 1.000000
-0.010596 -1.077355 2.744823 1.000000
-0.313007 -1.115815 2.528076 0.000000
-0.053936 -1.114334 2.527025 0.000000
-0.143067 0.718858 2.713524 0.274038
-0.352619 0.385622 2.775573 0.557692
0.054176 0.401992 2.626426 1.000000
-0.182133 0.475134 2.613485 0.000000
-0.115100 0.244266 2.770976 0.000000
-0.332061 0.036710 2.689759 0.721154
0.035121 0.024913 2.546483 1.000000
-0.094916 0.025604 2.755797 0.000000
-0.357840 0.559593 2.543867 1.000000
0.070324 0.626844 2.444323 1.000000
-0.273554 0.825536 2.387055 1.000000
-0.035889 0.882110 2.283146 1.000000
-0.229300 0.900076 2.363825 1.000000
-0.115031 0.920508 2.300937 1.000000
-0.249072 -0.590927 2.647155 1.000000
-0.017172 -0.587447 2.663420 1.000000
-0.270742 -1.080114 2.732212 1.000000
-0.008279 -1.077698 2.744558 1.000000
-0.350730 -1.112718 2.524318 0.000000
-0.088180 -1.113473 2.537152 0.000000
-0.115443 0.710795 2.661893 0.899038
-0.362607 0.385079 2.784151 0.144231
0.042022 0.400332 2.621536 1.000000
-0.195420 0.473465 2.615652 0.000000
-0.123680 0.243646 2.772603 0.000000
-0.333697 0.032159 2.700146 0.673077
0.032598 0.022658 2.546083 1.000000
-0.093377 0.022613 2.759343 0.000000
-0.319225 0.549989 2.548883 1.000000
0.026048 0.625577 2.438676 1.000000
-0.183087 0.786038 2.379435 1.000000
-0.121990 0.899089 2.359674 1.000000
-0.207489 0.857332 2.330689 1.000000
-0.207826 0.907124 2.334733 1.000000
-0.250163 -0.594776 2.652011 1.000000
-0.010988 -0.588666 2.670919 1.000000
-0.272571 -1.085573 2.727012 1.000000
-0.019631 -1.079684 2.747305 1.000000
-0.358307 -1.113188 2.520692 0.000000
-0.103195 -1.110381 2.540530 0.000000
-0.160765 0.730627 2.549839 0.379808
-0.358444 0.394960 2.787923 0.000000
0.047229 0.405043 2.625922 1.000000
-0.189762 0.481073 2.619640 0.000000
-0.121184 0.250585 2.777023 0.000000
-0.332769 0.042156 2.701694 0.711538
0.034043 0.027323 2.549289 1.000000
-0.092892 0.028922 2.761973 0.000000
-0.320457 0.554967 2.547828 1.000000
0.027626 0.623286 2.434410 1.000000
-0.176450 0.777083 2.365585 1.000000
-0.122969 0.894684 2.351043 1.000000
-0.198659 0.856990 2.331291 1.000000
-0.165613 0.970349 2.328442 0.000000
-0.249125 -0.586380 2.651158 1.000000
-0.015520 -0.584028 2.665774 1.000000
-0.268599 -1.076394 2.731879 1.000000
-0.006982 -1.074882 2.743218 1.000000
-0.352613 -1.107088 2.525286 0.000000
-0.091481 -1.108835 2.537334 0.000000
-0.155274 0.756595 2.599774 0.528846
-0.354083 0.407131 2.817602 0.000000
0.029635 0.270114 2.648453 1.000000
-0.148503 0.441451 2.665014 0.000000
-0.197995 0.177258 2.766747 0.000000
-0.327832 0.042639 2.674105 0.538462
0.050568 -0.002725 2.561172 1.000000
-0.096575 0.018028 2.759333 0.000000
-0.334546 0.548712 2.563630 1.000000
0.059925 0.522868 2.506585 1.000000
-0.203992 0.785275 2.388790 1.000000
-0.051181 0.767286 2.329129 1.000000
-0.185540 0.851870 2.331527 1.000000
-0.092693 0.846689 2.334264 1.000000
-0.250306 -0.594184 2.654786 1.000000
-0.014765 -0.605024 2.668358 1.000000
-0.263840 -1.085193 2.730515 1.000000
-0.004681 -1.097160 2.736977 1.000000
-0.313177 -1.117346 2.513229 0.000000
-0.070691 -1.128209 2.523998 0.000000
-0.134714 0.666209 2.661815 1.000000
-0.334913 0.426964 2.756081 1.000000
0.068622 0.332695 2.643686 1.000000
-0.135980 0.463656 2.608648 0.000000
-0.144633 0.229016 2.774377 0.000000
-0.336694 0.012654 2.684929 1.000000
0.067635 -0.020551 2.586977 1.000000
-0.100270 -0.010512 2.779595 0.000000
-0.383423 0.591234 2.519639 1.000000
0.118656 0.557310 2.463998 1.000000
-0.222662 0.831135 2.376244 1.000000
0.017347 0.807746 2.287997 1.000000
-0.215210 0.913817 2.342147 1.000000
-0.037759 0.878169 2.280360 1.000000
-0.250507 -0.620990 2.668480 1.000000
-0.005209 -0.627332 2.677028 1.000000
-0.273442 -1.112641 2.737482 1.000000
-0.011695 -1.122523 2.718894 1.000000
-0.326340 -1.140633 2.520458 0.000000
-0.064285 -1.140280 2.500719 0.000000
-0.113445 0.711975 2.664312 1.000000
-0.345471 0.412812 2.723859 1.000000
0.077062 0.395526 2.642067 1.000000
-0.152146 0.470082 2.579596 0.000000
-0.121247 0.268271 2.781870 0.000000
-0.342317 0.052987 2.690715 0.826923
0.067159 0.030176 2.580150 1.000000
-0.099619 0.032082 2.777977 0.000000
-0.431765 0.605636 2.521901 1.000000
0.176986 0.571153 2.430914 1.000000
-0.346480 0.869956 2.357492 1.000000
0.109657 0.839280 2.264350 1.000000
-0.265782 0.909054 2.353809 1.000000
0.060510 0.914350 2.262519 1.000000
-0.249650 -0.577879 2.652910 1.000000
-0.019544 -0.582485 2.662144 1.000000
-0.267781 -1.066573 2.741554 1.000000
-0.005403 -1.073074 2.740444 1.000000
-0.326496 -1.103251 2.527338 0.000000
-0.062371 -1.109002 2.525630 0.000000
-0.112787 0.716524 2.674403 0.841346
-0.342940 0.421634 2.709810 1.000000
0.086652 0.395648 2.650613 1.000000
-0.139728 0.471740 2.574212 0.000000
-0.122750 0.275556 2.783546 0.000000
-0.345607 0.048265 2.678982 1.000000
0.072328 0.029575 2.592997 1.000000
-0.107162 0.032375 2.780690 0.000000
-0.484215 0.605461 2.531472 1.000000
0.232409 0.539624 2.441853 1.000000
-0.431438 0.886061 2.380418 1.000000
0.222469 0.817358 2.277219 1.000000
-0.411430 0.963379 2.339478 0.021635
0.243045 0.904595 2.272669 1.000000
-0.250996 -0.581202 2.659680 1.000000
-0.018181 -0.585393 2.661649 1.000000
-0.270080 -1.071951 2.735903 1.000000
-0.008314 -1.073418 2.755151 1.000000
-0.316852 -1.103972 2.518030 0.000000
-0.049612 -1.115866 2.537955 0.000000
-0.134346 0.727809 2.676330 0.572115
-0.341199 0.414010 2.708729 1.000000
0.094348 0.397214 2.642557 1.000000
-0.138639 0.466343 2.568719 0.000000
-0.113701 0.274763 2.781492 0.000000
-0.351615 0.044490 2.668522 1.000000
0.077294 0.031741 2.604331 1.000000
-0.115489 0.031679 2.782505 0.000000
-0.569466 0.557090 2.594917 1.000000
0.316303 0.487696 2.474986 1.000000
-0.628754 0.825947 2.426064 1.000000
0.413075 0.759306 2.329475 1.000000
-0.590529 0.907068 2.422514 0.795673
0.489450 0.802150 2.349115 1.000000
-0.250395 -0.583060 2.663449 1.000000
-0.017512 -0.585630 2.660851 1.000000
-0.267660 -1.073942 2.739245 1.000000
-0.004810 -1.075007 2.746628 1.000000
-0.302867 -1.106663 2.519311 0.000000
-0.034421 -1.114282 2.526942 0.000000
-0.147547 0.711371 2.635682 0.971154
-0.339489 0.401402 2.700623 1.000000
0.101304 0.392322 2.635747 1.000000
-0.135617 0.454988 2.560008 0.024038
-0.107536 0.268531 2.776900 0.000000
-0.349926 0.042231 2.670882 1.000000
0.084728 0.024457 2.598565 1.000000
-0.108554 0.028299 2.780485 0.000000
-0.600400 0.517165 2.635721 1.000000
0.359756 0.445281 2.508916 1.000000
-0.715966 0.792636 2.512184 1.000000
0.543057 0.690830 2.405924 1.000000
-0.777969 0.853284 2.489122 0.509615
0.629538 0.714598 2.402673 0.997596
-0.249395 -0.586727 2.664399 1.000000
-0.014888 -0.590519 2.668190 1.000000
-0.269471 -1.077400 2.740855 1.000000
-0.006279 -1.081159 2.746972 1.000000
-0.308425 -1.109981 2.521532 0.000000
-0.040856 -1.117018 2.527427 0.000000
-0.142458 0.693966 2.552976 1.000000
-0.334852 0.398024 2.693188 1.000000
0.111826 0.394059 2.633286 1.000000
-0.127360 0.455264 2.555552 0.091346
-0.100194 0.266568 2.770616 0.000000
-0.348045 0.041522 2.677356 0.798077
0.084301 0.018453 2.593604 1.000000
-0.104024 0.025146 2.780570 0.000000
-0.614779 0.477936 2.670435 1.000000
0.388093 0.413647 2.540790 1.000000
-0.823215 0.708793 2.585338 1.000000
0.637565 0.610560 2.486280 1.000000
-0.845615 0.794222 2.569384 0.560096
0.720466 0.576212 2.484846 0.812500
-0.251605 -0.588930 2.667535 1.000000
-0.016872 -0.594652 2.669457 1.000000
-0.268598 -1.079668 2.744326 1.000000
-0.005860 -1.085575 2.746154 1.000000
-0.313711 -1.112240 2.526186 0.000000
-0.047129 -1.120639 2.527639 0.000000
-0.082539 0.677323 2.484393 1.000000
-0.334732 0.402992 2.688815 1.000000
0.118290 0.397727 2.637306 1.000000
-0.120542 0.463580 2.557215 0.000000
-0.099118 0.266962 2.765732 0.000000
-0.344423 0.044315 2.652182 0.932692
0.090245 0.020473 2.607298 1.000000
-0.111921 0.032113 2.776777 0.000000
-0.625226 0.434962 2.711480 1.000000
0.404451 0.365362 2.582653 1.000000
-0.894373 0.614454 2.700069 1.000000
0.713861 0.460429 2.586529 1.000000
-0.975791 0.618676 2.737587 0.627404
0.787451 0.495389 2.624169 0.425481
-0.248258 -0.585759 2.669398 1.000000
-0.015948 -0.593242 2.667519 1.000000
-0.267542 -1.078296 2.732990 1.000000
-0.001207 -1.082044 2.756199 1.000000
-0.292907 -1.105962 2.511016 0.000000
-0.022085 -1.122666 2.535756 0.000000
-0.093467 0.697682 2.506341 1.000000
-0.338580 0.397156 2.684322 1.000000
0.115362 0.398982 2.639430 1.000000
-0.123234 0.461818 2.556270 0.000000
-0.101917 0.264127 2.763781 0.000000
-0.337922 0.048242 2.645289 0.971154
0.087949 0.018902 2.603708 1.000000
-0.110373 0.037306 2.771544 0.000000
-0.627622 0.424073 2.723351 1.000000
0.400462 0.351165 2.592268 1.000000
-0.917139 0.568325 2.722393 1.000000
0.716674 0.417357 2.608355 1.000000
-0.966992 0.572718 2.796890 0.644231
0.781358 0.454105 2.658554 0.442308
-0.247428 -0.583196 2.666916 1.000000
-0.013565 -0.592771 2.665515 1.000000
-0.259418 -1.074622 2.740163 1.000000
-0.005446 -1.081243 2.756829 1.000000
-0.284416 -1.107008 2.518786 0.000000
-0.024484 -1.122768 2.536387 0.000000
-0.095793 0.699590 2.530385 1.000000
-0.339246 0.393675 2.683560 1.000000
0.114259 0.397636 2.638579 1.000000
-0.124764 0.457109 2.554181 0.000000
-0.102091 0.263932 2.765760 0.000000
-0.338548 0.039671 2.640036 1.000000
0.085250 0.019678 2.607923 1.000000
-0.115408 0.031225 2.771361 0.000000
-0.627992 0.425387 2.713717 1.000000
0.398991 0.361127 2.584872 1.000000
-0.924309 0.552348 2.723313 1.000000
0.715657 0.422043 2.590104 1.000000
-0.999492 0.553829 2.772300 0.324519
0.792805 0.444829 2.629894 0.391827
-0.249794 -0.588624 2.666879 1.000000
-0.015187 -0.595508 2.664264 1.000000
-0.271406 -1.079699 2.740275 1.000000
-0.001329 -1.083728 2.756234 1.000000
-0.291060 -1.112003 2.518348 0.000000
-0.015780 -1.125713 2.535532 0.000000
-0.090798 0.707543 2.626204 1.000000
-0.333985 0.400863 2.696975 1.000000
0.115591 0.395364 2.636298 1.000000
-0.123446 0.461945 2.561403 0.000000
-0.097940 0.264124 2.768317 0.000000
-0.339550 0.041590 2.638150 0.942308
0.087164 0.018855 2.607819 1.000000
-0.115695 0.030548 2.770428 0.000000
-0.619505 0.448737 2.668604 1.000000
0.390589 0.410580 2.542687 1.000000
-0.889237 0.619163 2.631238 1.000000
0.689807 0.523317 2.511766 1.000000
-0.957102 0.611115 2.689409 0.778846
0.772325 0.488137 2.514511 0.610577
-0.250603 -0.587649 2.663573 1.000000
-0.016303 -0.595414 2.664583 1.000000
-0.264977 -1.077935 2.743711 1.000000
-0.006691 -1.084009 2.755089 1.000000
-0.284367 -1.113561 2.522270 0.000000
-0.020347 -1.125197 2.534185 0.000000
-0.093630 0.727338 2.666730 0.870192
-0.337025 0.394114 2.697839 1.000000
0.106368 0.393631 2.635378 1.000000
-0.131284 0.453663 2.559267 0.000000
-0.101390 0.263802 2.772941 0.000000
-0.346741 0.045342 2.650757 0.980769
0.088720 0.025086 2.595354 1.000000
-0.110464 0.032863 2.769686 0.000000
-0.607008 0.480815 2.641100 1.000000
0.359183 0.452908 2.508109 1.000000
-0.853579 0.672266 2.573741 1.000000
0.624962 0.612551 2.431533 1.000000
-0.913697 0.734007 2.548675 0.055288
0.705978 0.611313 2.392941 0.375000
-0.249270 -0.583787 2.661680 1.000000
-0.016832 -0.589725 2.659957 1.000000
-0.265277 -1.074609 2.738140 1.000000
0.002256 -1.071037 2.782360 0.997356
-0.296324 -1.107940 2.517671 0.000000
-0.021735 -1.127100 2.565651 0.000000
-0.093101 0.735860 2.674546 0.519231
-0.334837 0.397814 2.700953 1.000000
0.102823 0.397895 2.635360 1.000000
-0.132612 0.456658 2.560373 0.000000
-0.100346 0.268760 2.775431 0.000000
-0.348107 0.044842 2.661190 1.000000
0.084757 0.020747 2.589400 1.000000
-0.107756 0.028104 2.771089 0.000000
-0.583364 0.510187 2.602906 1.000000
0.318842 0.498937 2.470638 1.000000
-0.751887 0.748613 2.471739 1.000000
0.506742 0.722882 2.340277 1.000000
-0.837813 0.761245 2.494357 1.000000
0.595787 0.718304 2.350498 1.000000
-0.248397 -0.586098 2.657764 1.000000
-0.017347 -0.592011 2.663147 1.000000
-0.263481 -1.077457 2.730892 1.000000
-0.005536 -1.080384 2.754589 1.000000
-0.302351 -1.108931 2.511393 0.000000
-0.040097 -1.122131 2.536085 0.000000
-0.090943 0.737699 2.694966 0.197115
-0.343551 0.399006 2.712175 1.000000
0.085543 0.397884 2.637658 1.000000
-0.147742 0.458631 2.568251 0.000000
-0.111429 0.267985 2.780224 0.000000
-0.344904 0.045172 2.669386 1.000000
0.071683 0.027169 2.580354 1.000000
-0.106014 0.029705 2.769342 0.000000
-0.518938 0.553972 2.540367 1.000000
0.226478 0.544432 2.430404 1.000000
-0.594617 0.797577 2.346125 1.000000
0.281255 0.805794 2.252949 1.000000
-0.594989 0.881745 2.377268 1.000000
0.361867 0.845186 2.250883 1.000000
-0.248941 -0.584132 2.652795 1.000000
-0.015408 -0.587087 2.657908 1.000000
-0.265753 -1.073901 2.735575 1.000000
-0.003018 -1.075174 2.750787 1.000000
-0.314119 -1.108928 2.518515 0.000000
-0.046750 -1.117528 2.534050 0.000000
-0.097632 0.717266 2.715181 0.245192
-0.351511 0.390347 2.720142 1.000000
0.073284 0.408082 2.636109 1.000000
-0.163731 0.460588 2.573340 0.000000
-0.114686 0.267542 2.780524 0.000000
-0.342846 0.043212 2.668705 1.000000
0.066637 0.029199 2.582240 1.000000
-0.107745 0.031248 2.770053 0.000000
-0.455128 0.565598 2.512488 1.000000
0.170150 0.562095 2.409247 1.000000
-0.437292 0.836612 2.341112 1.000000
0.127652 0.819653 2.222179 1.000000
-0.487089 0.899682 2.301152 1.000000
0.164979 0.901267 2.222684 1.000000
-0.248374 -0.584858 2.654840 1.000000
-0.014750 -0.585854 2.664237 1.000000
-0.270577 -1.075062 2.733679 1.000000
-0.004824 -1.076690 2.741629 1.000000
-0.318003 -1.107911 2.516072 0.000000
-0.049305 -1.111940 2.523775 0.000000
-0.092251 0.707916 2.707678 0.408654
-0.362670 0.396570 2.767602 0.211538
0.050009 0.389854 2.626286 1.000000
-0.185573 0.468642 2.603090 0.000000
-0.128953 0.248456 2.778901 0.000000
-0.334826 0.037032 2.697428 0.807692
0.041856 0.028361 2.550819 1.000000
-0.092922 0.030471 2.761877 0.000000
-0.372899 0.541069 2.514720 1.000000
0.080829 0.571800 2.400722 1.000000
-0.292852 0.794692 2.333475 1.000000
-0.059051 0.807130 2.231501 1.000000
-0.255777 0.867556 2.296451 1.000000
-0.088854 0.891337 2.222823 1.000000
-0.247302 -0.589576 2.655800 1.000000
-0.011886 -0.585144 2.667971 1.000000
-0.273115 -1.078959 2.738550 1.000000
-0.020624 -1.075605 2.747847 1.000000
-0.353238 -1.109919 2.530457 0.000000
-0.098248 -1.108225 2.539061 0.000000
-0.106578 0.718363 2.707123 0.000000
-0.370914 0.403640 2.798301 0.000000
0.036048 0.360874 2.628248 1.000000
-0.190059 0.469220 2.627898 0.014423
-0.152230 0.227787 2.779146 0.000000
-0.332171 0.037075 2.713504 0.951923
0.040677 0.016592 2.543061 1.000000
-0.084586 0.021303 2.762740 0.000000
-0.353458 0.514386 2.528897 1.000000
0.050622 0.556619 2.412333 1.000000
-0.247135 0.757773 2.346411 1.000000
-0.130579 0.769407 2.251924 1.000000
-0.210686 0.779707 2.267387 0.593750
-0.189369 0.836786 2.244301 1.000000
-0.244044 -0.593294 2.658212 1.000000
-0.013329 -0.592751 2.666503 1.000000
-0.274494 -1.082495 2.740453 1.000000
-0.006306 -1.081390 2.757006 1.000000
-0.361365 -1.111657 2.534821 0.000000
-0.097106 -1.120168 2.554687 0.000000
-0.158879 0.725853 2.574328 1.000000
-0.367677 0.416165 2.795979 0.000000
0.026796 0.266898 2.654524 1.000000
-0.153395 0.440239 2.652145 0.000000
-0.209533 0.182904 2.767142 0.000000
-0.315796 0.047613 2.673720 1.000000
0.066363 -0.021151 2.575578 1.000000
-0.088493 0.010059 2.767924 0.000000
-0.346581 0.531348 2.528342 1.000000
0.029624 0.496704 2.474185 1.000000
-0.207392 0.723295 2.309569 1.000000
-0.107736 0.718457 2.284351 1.000000
-0.246075 0.788371 2.261370 1.000000
-0.103111 0.805876 2.304121 1.000000
-0.244256 -0.595329 2.659932 1.000000
-0.010213 -0.616214 2.672385 1.000000
-0.266305 -1.085757 2.737407 1.000000
-0.008597 -1.108593 2.739980 1.000000
-0.291819 -1.119540 2.516298 0.000000
-0.066915 -1.138355 2.524587 0.000000
-0.183841 0.671568 2.615218 0.870192
-0.338660 0.318276 2.836917 0.000000
0.007022 0.428550 2.575832 1.000000
-0.239511 0.446929 2.639174 0.000000
-0.085152 0.232985 2.753185 0.000000
-0.317311 0.001869 2.765549 0.125000
-0.002065 0.024442 2.515472 1.000000
-0.067595 0.002510 2.755643 0.000000
-0.331244 0.468096 2.585727 1.000000
0.074892 0.592937 2.343522 1.000000
-0.258901 0.699985 2.372690 1.000000
-0.195014 0.769362 2.323132 1.000000
-0.262479 0.735628 2.290403 1.000000
-0.265371 0.784201 2.269428 1.000000
-0.254842 -0.613962 2.661474 1.000000
-0.009668 -0.591779 2.672156 1.000000
-0.272962 -1.105374 2.733550 1.000000
-0.025472 -1.079772 2.765013 0.591106
-0.411048 -1.126181 2.556969 0.000000
-0.156378 -1.109908 2.584357 0.000000
-0.154107 0.727207 2.613837 0.711538
-0.348277 0.326231 2.845876 0.000000
-0.004345 0.389050 2.576866 1.000000
-0.243072 0.432901 2.639000 0.000000
-0.104795 0.214619 2.764816 0.000000
-0.316424 0.008417 2.761178 0.586538
-0.002772 0.015601 2.508196 1.000000
-0.066825 0.003889 2.749479 0.000000
-0.340559 0.468453 2.590023 1.000000
0.057888 0.592745 2.375912 1.000000
-0.310094 0.713466 2.381183 1.000000
-0.190035 0.776191 2.278672 1.000000
-0.232369 0.731578 2.340131 1.000000
-0.272829 0.804064 2.258112 1.000000
-0.257159 -0.611968 2.654655 1.000000
-0.009421 -0.594617 2.675948 1.000000
-0.262586 -1.102391 2.735057 1.000000
-0.015084 -1.088459 2.731599 1.000000
-0.400598 -1.129678 2.559304 0.000000
-0.151973 -1.106922 2.553830 0.000000
-0.150939 0.712139 2.624447 0.894231
-0.374833 0.372138 2.794698 0.000000
0.026922 0.328404 2.618546 1.000000
-0.195240 0.441827 2.625815 0.000000
-0.161557 0.192405 2.764562 0.000000
-0.334125 0.013823 2.705886 0.826923
0.041164 -0.015866 2.547080 1.000000
-0.089414 -0.008061 2.762658 0.000000
-0.380501 0.527198 2.546088 1.000000
0.100978 0.542756 2.432934 1.000000
-0.291966 0.776555 2.359750 1.000000
-0.055349 0.753164 2.243119 1.000000
-0.224380 0.820788 2.320636 1.000000
-0.122281 0.812300 2.234322 1.000000
-0.249919 -0.619144 2.666898 1.000000
-0.006970 -0.619593 2.674915 1.000000
-0.265593 -1.108830 2.750387 1.000000
-0.008866 -1.113159 2.733199 0.987981
-0.349044 -1.141373 2.543848 0.000000
-0.096324 -1.137155 2.527149 0.000000
-0.150773 0.708656 2.623545 1.000000
-0.355597 0.409579 2.708047 1.000000
0.069420 0.406688 2.626693 1.000000
-0.163910 0.473246 2.564026 0.000000
-0.126485 0.272913 2.766667 0.000000
-0.344492 0.042466 2.671837 1.000000
0.051505 0.030588 2.572840 1.000000
-0.110701 0.034580 2.765744 0.000000
-0.476651 0.605046 2.526284 1.000000
0.170579 0.563182 2.400473 1.000000
-0.394429 0.879578 2.375850 1.000000
0.073032 0.829818 2.245075 1.000000
-0.309442 0.898617 2.354192 0.459135
0.051658 0.910174 2.211303 0.930288
-0.251526 -0.585072 2.654227 1.000000
-0.018405 -0.584665 2.661270 1.000000
-0.272126 -1.074410 2.738680 1.000000
-0.008555 -1.076900 2.729209 1.000000
-0.326876 -1.109308 2.523120 0.000000
-0.061451 -1.107857 2.512587 0.000000
-0.141854 0.746959 2.665852 0.274038
-0.350164 0.400474 2.700593 1.000000
0.076739 0.411545 2.621862 1.000000
-0.160085 0.469145 2.557186 0.000000
-0.117142 0.272565 2.762390 0.000000
-0.348041 0.044607 2.662787 1.000000
0.059137 0.031408 2.578286 1.000000
-0.114439 0.037275 2.765273 0.000000
-0.528101 0.593394 2.570193 1.000000
0.232113 0.547697 2.414003 1.000000
-0.521439 0.881228 2.422385 1.000000
0.203589 0.840307 2.278704 1.000000
-0.479399 0.941717 2.371120 0.274038
0.248170 0.906288 2.237310 0.846154
-0.251893 -0.583251 2.651263 1.000000
-0.019979 -0.584266 2.659055 1.000000
-0.253266 -1.069731 2.752971 0.991106
-0.001454 -1.073170 2.746455 1.000000
-0.300918 -1.114629 2.537576 0.000000
-0.044498 -1.113636 2.529221 0.000000
-0.122903 0.737167 2.674067 0.528846
-0.347495 0.386436 2.690282 1.000000
0.082595 0.408661 2.615398 1.000000
-0.156518 0.460996 2.549142 0.000000
-0.110814 0.263729 2.753088 0.000000
-0.360532 0.033071 2.655758 1.000000
0.061584 0.031499 2.583431 1.000000
-0.124512 0.031935 2.765289 0.000000
-0.575518 0.556885 2.619866 1.000000
0.288022 0.529881 2.444777 1.000000
-0.659209 0.835981 2.478478 1.000000
0.342702 0.824405 2.321671 1.000000
-0.601300 0.904535 2.477352 0.728365
0.418821 0.868840 2.304768 0.930288
-0.252681 -0.591170 2.654783 1.000000
-0.019758 -0.587777 2.659605 1.000000
-0.269800 -1.080845 2.738053 1.000000
-0.007250 -1.076449 2.749339 1.000000
-0.308737 -1.116694 2.519238 0.000000
-0.041167 -1.117484 2.530600 0.000000
-0.113045 0.735815 2.649471 0.701923
-0.359311 0.387576 2.691964 1.000000
0.077189 0.411751 2.607961 1.000000
-0.167392 0.460841 2.545451 0.000000
-0.116868 0.268034 2.752501 0.000000
-0.360395 0.041055 2.661332 0.990385
0.068314 0.034608 2.581118 1.000000
-0.118889 0.035679 2.766511 0.000000
-0.627446 0.507118 2.679577 1.000000
0.344761 0.482490 2.509261 1.000000
-0.801342 0.774358 2.619245 1.000000
0.529656 0.735361 2.424602 1.000000
-0.844168 0.852495 2.629966 0.391827
0.614287 0.736214 2.454457 0.963942
-0.249171 -0.584885 2.655164 1.000000
-0.019306 -0.583808 2.653040 1.000000
-0.266490 -1.074341 2.739676 1.000000
0.003436 -1.058076 2.799879 0.641106
-0.308556 -1.110525 2.521497 0.000000
-0.028496 -1.125382 2.587437 0.000000
-0.104111 0.735861 2.646184 0.586538
-0.360161 0.386649 2.686797 1.000000
0.080766 0.408814 2.604819 1.000000
-0.164578 0.460017 2.541607 0.000000
-0.116545 0.265074 2.747245 0.000000
-0.350945 0.041913 2.659456 1.000000
0.074017 0.019262 2.580868 1.000000
-0.111624 0.029820 2.765520 0.000000
-0.638597 0.473584 2.722782 1.000000
0.364056 0.456723 2.542927 1.000000
-0.878580 0.690007 2.692555 1.000000
0.637751 0.628540 2.512684 1.000000
-0.932406 0.749199 2.733218 0.492788
0.713220 0.676263 2.503673 0.021635
-0.252634 -0.588577 2.655148 1.000000
-0.015015 -0.592929 2.662333 1.000000
-0.272426 -1.077559 2.741828 1.000000
-0.007788 -1.083821 2.739678 1.000000
-0.314882 -1.114481 2.523848 0.000000
-0.046722 -1.118890 2.520736 0.000000
-0.106026 0.721945 2.658207 0.115385
-0.355804 0.383257 2.679828 1.000000
0.089903 0.407679 2.604133 1.000000
-0.156210 0.459629 2.538550 0.000000
-0.110898 0.261015 2.741273 0.000000
-0.345724 0.039976 2.650471 1.000000
0.071866 0.016646 2.579160 1.000000
-0.112105 0.027242 2.760530 0.000000
-0.637521 0.439742 2.737353 1.000000
0.379201 0.430753 2.563651 1.000000
-0.915538 0.605190 2.730283 1.000000
0.681226 0.545978 2.578493 1.000000
-0.959261 0.621396 2.806964 0.711538
0.768486 0.525000 2.578591 0.324519
-0.251213 -0.590313 2.657758 1.000000
-0.015231 -0.595236 2.660455 1.000000
-0.271665 -1.079461 2.743342 1.000000
-0.002455 -1.082461 2.757704 1.000000
-0.311293 -1.116046 2.524773 0.000000
-0.037467 -1.126873 2.539798 0.000000
-0.168575 0.745671 2.635034 0.432692
-0.354068 0.382858 2.677812 1.000000
0.094429 0.409956 2.609253 1.000000
-0.151313 0.461035 2.540019 0.000000
-0.108325 0.261554 2.742395 0.000000
-0.344914 0.037289 2.644123 1.000000
0.070562 0.018352 2.580040 1.000000
-0.114626 0.028209 2.758168 0.000000
-0.636784 0.418464 2.737952 1.000000
0.381514 0.413705 2.560452 1.000000
-0.937109 0.533473 2.741486 1.000000
0.693380 0.490916 2.575045 1.000000
-1.014303 0.577667 2.753418 0.072115
0.780367 0.512602 2.579211 0.000000
-0.249340 -0.591503 2.657849 1.000000
-0.010778 -0.594850 2.657379 1.000000
-0.262726 -1.081034 2.742633 1.000000
-0.008390 -1.084876 2.740315 1.000000
-0.299128 -1.117981 2.523565 0.000000
-0.039418 -1.122232 2.520490 0.000000
-0.165442 0.758613 2.626599 0.471154
-0.352418 0.378725 2.684528 1.000000
0.093669 0.411696 2.610531 1.000000
-0.153586 0.458310 2.543662 0.000000
-0.105215 0.261768 2.747693 0.000000
-0.344990 0.036361 2.650192 0.980769
0.068869 0.035553 2.573999 1.000000
-0.111312 0.032309 2.757427 0.000000
-0.636210 0.426888 2.707971 1.000000
0.370273 0.432595 2.530153 1.000000
-0.929052 0.552940 2.699323 1.000000
0.672649 0.532880 2.514919 1.000000
-1.010117 0.591435 2.698380 0.021635
0.760171 0.527557 2.534047 0.290865
-0.250031 -0.586700 2.656203 1.000000
-0.015818 -0.584308 2.651884 1.000000
-0.265652 -1.075958 2.742175 1.000000
0.005267 -1.067528 2.766176 0.625481
-0.308405 -1.112886 2.524254 0.000000
-0.030597 -1.120165 2.550249 0.000000
-0.171675 0.755814 2.633667 0.495192
-0.352756 0.387365 2.693218 1.000000
0.089530 0.403575 2.614272 1.000000
-0.153369 0.458266 2.549176 0.000000
-0.109471 0.262448 2.754906 0.000000
-0.344757 0.038589 2.650536 0.817308
0.071947 0.024095 2.574296 1.000000
-0.109922 0.027980 2.757802 0.000000
-0.631576 0.451173 2.667577 1.000000
0.345941 0.464002 2.499940 1.000000
-0.885145 0.637216 2.626742 1.000000
0.613291 0.622809 2.437644 1.000000
-0.969481 0.608833 2.638410 0.896635
0.692208 0.584697 2.418310 0.475962
-0.250388 -0.589144 2.650154 1.000000
-0.014150 -0.590851 2.654941 1.000000
-0.273126 -1.076452 2.745139 1.000000
-0.000349 -1.079835 2.742765 1.000000
-0.315266 -1.116865 2.527717 0.000000
-0.038427 -1.120099 2.524568 0.000000
-0.178103 0.742796 2.643779 0.312500
-0.346001 0.400968 2.696386 1.000000
0.090036 0.398088 2.625818 1.000000
-0.143525 0.461903 2.555177 0.000000
-0.111051 0.266909 2.763791 0.000000
-0.351524 0.040553 2.650455 1.000000
0.071382 0.027288 2.583677 1.000000
-0.117270 0.026534 2.762927 0.000000
-0.600383 0.503206 2.607136 1.000000
0.276179 0.529041 2.448814 1.000000
-0.747817 0.750487 2.471139 1.000000
0.457087 0.755759 2.317472 1.000000
-0.835013 0.766648 2.484924 1.000000
0.505399 0.826228 2.290003 0.055288
-0.248495 -0.587206 2.650008 1.000000
-0.017664 -0.588528 2.653395 1.000000
-0.265735 -1.076954 2.732826 1.000000
-0.006008 -1.077651 2.740755 1.000000
-0.302194 -1.112746 2.513575 0.000000
-0.038125 -1.117569 2.521538 0.000000
-0.172803 0.744655 2.655481 0.355769
-0.357576 0.394101 2.707354 1.000000
0.070443 0.410102 2.625446 1.000000
-0.167320 0.462604 2.560912 0.000000
-0.120134 0.271282 2.770116 0.000000
-0.349572 0.041566 2.663336 1.000000
0.064987 0.035441 2.571702 1.000000
-0.110515 0.031861 2.761727 0.000000
-0.541882 0.553384 2.556803 1.000000
0.223007 0.549447 2.427172 1.000000
-0.619358 0.815285 2.397381 1.000000
0.270325 0.820427 2.271157 1.000000
-0.701140 0.851091 2.388206 0.812500
0.351519 0.851660 2.249100 1.000000
-0.247049 -0.584269 2.647508 1.000000
-0.014559 -0.581721 2.654649 1.000000
-0.260804 -1.071429 2.744947 1.000000
-0.004052 -1.070567 2.743683 1.000000
-0.310176 -1.113166 2.529305 0.000000
-0.048966 -1.111029 2.526826 0.000000
-0.162632 0.738584 2.669426 0.341346
-0.360681 0.398921 2.706678 1.000000
0.063618 0.405175 2.626435 1.000000
-0.170424 0.463212 2.561050 0.000000
-0.128049 0.270602 2.770102 0.000000
-0.350650 0.040524 2.664720 1.000000
0.063840 0.032357 2.572934 1.000000
-0.111536 0.032310 2.763109 0.000000
-0.486080 0.577852 2.520244 1.000000
0.168818 0.567274 2.413935 1.000000
-0.486092 0.846663 2.351860 1.000000
0.107563 0.831822 2.250000 1.000000
-0.484255 0.928552 2.315183 1.000000
0.167272 0.893873 2.224724 1.000000
-0.247144 -0.585969 2.651287 1.000000
-0.017019 -0.584712 2.653806 1.000000
-0.268643 -1.075547 2.734109 1.000000
0.000347 -1.066500 2.774586 0.959856
-0.317674 -1.110102 2.517123 0.000000
-0.041698 -1.121704 2.560422 0.000000
-0.161039 0.737681 2.671693 0.302885
-0.366909 0.393665 2.730856 1.000000
0.049650 0.403684 2.619808 1.000000
-0.187073 0.467235 2.576128 0.000000
-0.131097 0.260185 2.767424 0.000000
-0.348673 0.033126 2.670853 1.000000
0.054727 0.028951 2.568096 1.000000
-0.110497 0.029906 2.762716 0.000000
-0.399603 0.579344 2.512388 1.000000
0.088710 0.588204 2.401404 1.000000
-0.296113 0.830133 2.345201 1.000000
-0.062630 0.820893 2.244849 1.000000
-0.244406 0.901028 2.326368 1.000000
-0.114339 0.894175 2.241638 1.000000
-0.248024 -0.592077 2.655038 1.000000
-0.014666 -0.587972 2.661978 1.000000
-0.267844 -1.083341 2.727669 1.000000
-0.007836 -1.077740 2.746178 1.000000
-0.323798 -1.113023 2.511638 0.000000
-0.059671 -1.115560 2.530391 0.000000
-0.145331 0.737688 2.669217 0.466346
-0.357975 0.446011 2.780178 0.230769
0.040000 0.373603 2.611238 1.000000
-0.176588 0.494829 2.607226 0.000000
-0.152123 0.257042 2.766775 0.000000
-0.341045 0.045637 2.694999 0.865385
0.039893 0.041525 2.550045 1.000000
-0.098034 0.041258 2.760667 0.000000
-0.376308 0.567478 2.518343 1.000000
0.054320 0.579544 2.408679 1.000000
-0.218437 0.798360 2.364126 1.000000
-0.144384 0.789782 2.273293 1.000000
-0.154231 0.853813 2.334854 0.677885
-0.216381 0.843099 2.278595 1.000000
-0.244514 -0.579861 2.651153 1.000000
-0.013407 -0.574384 2.657101 1.000000
-0.269682 -1.069629 2.731789 1.000000
-0.006606 -1.063662 2.744102 1.000000
-0.347680 -1.100028 2.522807 0.000000
-0.082165 -1.101806 2.535494 0.000000
-0.192507 0.732309 2.630124 0.639423
-0.377562 0.402612 2.778024 0.000000
0.028978 0.401376 2.610194 1.000000
-0.209021 0.479083 2.603516 0.000000
-0.140547 0.255816 2.771027 0.000000
-0.340925 0.044152 2.715535 0.394231
0.029227 0.039884 2.528206 1.000000
-0.089156 0.038329 2.753736 0.000000
-0.354420 0.543673 2.525930 1.000000
0.043364 0.590506 2.391087 1.000000
-0.193846 0.779086 2.380258 1.000000
-0.205342 0.767862 2.295616 1.000000
-0.109376 0.807864 2.370712 1.000000
-0.284585 0.808645 2.306180 1.000000
-0.246645 -0.581297 2.648156 1.000000
-0.012412 -0.573110 2.659612 1.000000
-0.274091 -1.068981 2.739917 1.000000
-0.007396 -1.061098 2.753694 1.000000
-0.370995 -1.101275 2.539298 0.000000
-0.103871 -1.100560 2.554153 0.000000
-0.155685 0.748475 2.617984 0.706731
-0.381946 0.352946 2.776685 0.057692
0.038509 0.375730 2.626990 1.000000
-0.201751 0.459919 2.628938 0.000000
-0.145731 0.204111 2.747350 0.000000
-0.338058 0.024108 2.700165 0.740385
0.043949 0.003689 2.548437 1.000000
-0.092682 0.010133 2.761703 0.000000
-0.358081 0.516174 2.537481 1.000000
0.047045 0.556061 2.399307 1.000000
-0.184265 0.739680 2.386477 1.000000
-0.204943 0.727335 2.298627 1.000000
-0.096156 0.756740 2.386059 1.000000
-0.276876 0.768083 2.333549 1.000000
-0.251046 -0.606052 2.654378 1.000000
-0.007279 -0.604035 2.672481 1.000000
-0.268493 -1.097105 2.729016 1.000000
-0.011080 -1.096437 2.739824 1.000000
-0.350067 -1.125800 2.521162 0.000000
-0.092135 -1.124282 2.531651 0.000000
-0.167248 0.699988 2.602478 0.831731
-0.384673 0.332935 2.771331 0.067308
0.036756 0.358458 2.627769 1.000000
-0.204020 0.440908 2.626186 0.000000
-0.147805 0.185722 2.745838 0.000000
-0.335449 0.015055 2.700506 0.980769
0.048081 -0.021496 2.547398 1.000000
-0.089455 -0.009586 2.761315 0.000000
-0.363292 0.502829 2.536016 1.000000
0.061121 0.538131 2.400133 1.000000
-0.209773 0.733261 2.372852 1.000000
-0.184965 0.720244 2.302324 1.000000
-0.122337 0.753040 2.368593 1.000000
-0.267836 0.747933 2.322819 1.000000
-0.249834 -0.619990 2.654002 1.000000
-0.002465 -0.622434 2.673898 1.000000
-0.265771 -1.102097 2.773697 0.928606
-0.008817 -1.115619 2.735025 0.987981
-0.335764 -1.151473 2.565505 0.000000
-0.091628 -1.140318 2.527147 0.000000
-0.176946 0.675387 2.562196 0.947115
-0.377566 0.333878 2.780360 0.278846
0.041531 0.354213 2.626343 1.000000
-0.200570 0.435910 2.626853 0.000000
-0.140952 0.186244 2.756118 0.000000
-0.337277 0.001974 2.705528 1.000000
0.048232 -0.029484 2.547348 1.000000
-0.089056 -0.021800 2.763218 0.000000
-0.372525 0.494308 2.537115 1.000000
0.070517 0.514687 2.384808 1.000000
-0.229034 0.690665 2.326323 1.000000
-0.169612 0.715366 2.309675 1.000000
-0.236268 0.750251 2.259603 0.257212
-0.257317 0.734221 2.312270 1.000000
-0.252011 -0.631535 2.663345 1.000000
-0.003565 -0.631307 2.679801 1.000000
-0.265760 -1.123580 2.731982 1.000000
-0.007026 -1.126405 2.723105 0.997356
-0.348652 -1.150224 2.524376 0.000000
-0.093101 -1.143933 2.515825 0.000000
-0.174657 0.682323 2.564062 0.995192
-0.358533 0.336052 2.797394 0.000000
0.047421 0.392945 2.596270 1.000000
-0.205504 0.449324 2.621591 0.000000
-0.107834 0.212415 2.751714 0.000000
-0.345113 0.004553 2.727791 1.000000
0.034299 0.003575 2.525927 1.000000
-0.086083 -0.003512 2.757192 0.000000
-0.409493 0.434470 2.529327 1.000000
0.115718 0.465802 2.323927 1.000000
-0.247949 0.623817 2.327661 1.000000
-0.171726 0.603090 2.290092 1.000000
-0.202622 0.676681 2.271046 0.000000
-0.216565 0.660211 2.237356 1.000000
-0.252217 -0.619714 2.656473 1.000000
-0.007930 -0.607572 2.672419 1.000000
-0.269904 -1.111243 2.727847 1.000000
-0.011835 -1.099937 2.740023 1.000000
-0.374396 -1.136211 2.530010 0.000000
-0.113586 -1.126462 2.540964 0.000000
-0.182205 0.677448 2.588399 0.437500
-0.358885 0.355421 2.771804 0.086538
0.072393 0.370082 2.618348 0.259615
-0.175978 0.447880 2.611215 0.000000
-0.114815 0.209961 2.760381 0.000000
-0.354075 0.013007 2.707621 1.000000
0.059434 -0.005848 2.551819 1.000000
-0.095553 -0.003629 2.767988 0.000000
-0.448022 0.384088 2.496729 1.000000
0.127700 0.369665 2.333086 1.000000
-0.224279 0.540362 2.327942 1.000000
-0.146856 0.508637 2.242104 1.000000
-0.175513 0.603007 2.286087 0.072115
-0.209334 0.572130 2.231172 0.812500
-0.248838 -0.617169 2.658010 1.000000
-0.003051 -0.614241 2.668667 1.000000
-0.273381 -1.107899 2.732782 1.000000
-0.012102 -1.107121 2.731879 1.000000
-0.351432 -1.135886 2.523484 0.000000
-0.087924 -1.132715 2.521458 0.000000
-0.257971 0.668707 2.580323 0.000000
-0.362630 0.379801 2.751122 0.048077
0.081272 0.369261 2.638857 0.000000
-0.162242 0.453851 2.602284 0.000000
-0.124237 0.226475 2.773903 0.000000
-0.358805 0.021103 2.683720 0.519231
0.069338 -0.001988 2.575186 1.000000
-0.108668 0.004850 2.772726 0.000000
-0.480026 0.290367 2.500292 1.000000
0.144598 0.252896 2.379734 1.000000
-0.263834 0.441682 2.316835 1.000000
-0.088521 0.399056 2.213648 1.000000
-0.184781 0.445071 2.274485 0.879808
-0.152634 0.373199 2.156417 0.947115
-0.253057 -0.610165 2.658080 1.000000
-0.007107 -0.611831 2.664647 1.000000
-0.264973 -1.101792 2.729980 1.000000
-0.011163 -1.103513 2.737043 1.000000
-0.321243 -1.132000 2.514104 0.000000
-0.062255 -1.135039 2.520070 0.000000
-0.147102 0.715361 2.603952 1.000000
-0.395019 0.381214 2.795804 0.711538
0.029449 0.403329 2.625213 1.000000
-0.221925 0.471151 2.623347 0.110577
-0.145918 0.244663 2.783107 0.000000
-0.343091 0.036283 2.713772 1.000000
0.063883 0.010914 2.542457 1.000000
-0.082735 0.015966 2.764341 0.000000
-0.458670 0.234989 2.554322 0.969231
0.162405 0.178465 2.500690 1.000000
-0.372892 0.164433 2.254658 0.682692
-0.000962 0.139336 2.228818 1.000000
-0.290030 0.170103 2.220656 1.000000
-0.037091 0.084552 2.167598 1.000000
-0.250578 -0.595326 2.651467 1.000000
-0.013748 -0.597842 2.661837 1.000000
-0.271659 -1.085652 2.729857 1.000000
-0.007099 -1.087243 2.748159 1.000000
-0.357253 -1.114930 2.523707 0.000000
-0.092138 -1.124570 2.543083 0.000000
-0.158919 0.712838 2.608695 1.000000
-0.373251 0.383535 2.787743 1.000000
0.052785 0.387032 2.619681 1.000000
-0.194676 0.467980 2.618121 0.000000
-0.131574 0.234403 2.773224 0.000000
-0.340006 0.038724 2.709820 1.000000
0.069615 0.015667 2.544595 0.903846
-0.080390 0.018901 2.764239 0.000000
-0.430006 0.164948 2.606151 1.000000
0.133247 0.123784 2.529109 1.000000
-0.366131 0.041687 2.317808 1.000000
0.036492 -0.041101 2.272465 1.000000
-0.364018 -0.043160 2.288640 1.000000
0.018526 -0.128728 2.279757 1.000000
-0.248956 -0.592064 2.653883 1.000000
-0.010679 -0.594405 2.658930 1.000000
-0.264531 -1.081822 2.736966 1.000000
-0.005817 -1.085261 2.736681 1.000000
-0.348636 -1.114146 2.530658 0.000000
-0.088143 -1.118837 2.529856 0.000000
-0.158266 0.712451 2.602980 1.000000
-0.372508 0.381274 2.784993 1.000000
0.053815 0.389884 2.617845 1.000000
-0.193975 0.469831 2.617435 0.000000
-0.130189 0.233455 2.767950 0.000000
-0.355815 0.029666 2.706900 0.365385
0.053333 0.023356 2.539037 1.000000
-0.095205 0.022614 2.759697 0.000000
-0.411560 0.129379 2.645374 1.000000
0.118752 0.109828 2.575161 1.000000
-0.391513 -0.111324 2.434007 1.000000
0.106017 -0.176070 2.429849 1.000000
-0.384537 -0.198966 2.415987 0.644231
0.052584 -0.246886 2.443428 0.947115
-0.248970 -0.596463 2.653921 1.000000
-0.011624 -0.590712 2.658758 1.000000
-0.273453 -1.085806 2.737308 1.000000
-0.004505 -1.080190 2.744607 1.000000
-0.357159 -1.116835 2.530640 0.000000
-0.085677 -1.117610 2.537987 0.000000
-0.158063 0.710330 2.591084 1.000000
