-0.466299 0.238985 2.720158 1.000000
-0.149855 0.197350 2.940779 0.000000
-0.240105 0.295000 2.747473 1.000000
-0.391037 0.060003 2.919613 0.000000
-0.411793 -0.184735 2.658465 1.000000
-0.196724 -0.149892 2.825279 0.000000
-0.424357 -0.199774 2.903492 0.000000
-0.509264 -0.013114 2.682130 1.000000
-0.029645 0.019400 2.795192 0.846154
-0.293927 0.158126 2.620094 1.000000
-0.057592 -0.253464 2.725473 1.000000
-0.223765 0.178444 2.635815 1.000000
-0.069241 -0.323397 2.701889 0.644231
-0.097903 -0.611809 2.784834 1.000000
-0.362241 -0.659572 2.714816 1.000000
-0.183680 -1.018184 2.822124 1.000000
-0.314358 -1.054893 2.838579 1.000000
-0.008415 -1.053769 2.837494 0.000000
-0.398627 -1.111451 2.690525 0.000000
-0.272994 0.510974 2.627724 1.000000
-0.467789 0.226160 2.737721 1.000000
-0.147154 0.180696 2.951427 0.000000
-0.241251 0.282196 2.761977 0.908654
-0.388372 0.043174 2.931860 0.000000
-0.405138 -0.186694 2.668396 0.605769
-0.187330 -0.153655 2.831991 0.000000
-0.412068 -0.211810 2.912820 0.000000
-0.490337 -0.024884 2.680758 1.000000
-0.034685 0.000684 2.802691 0.907692
-0.299192 0.177028 2.634346 1.000000
-0.077873 -0.263786 2.712554 1.000000
-0.226080 0.184422 2.647856 1.000000
-0.073574 -0.337757 2.702942 0.711538
-0.094839 -0.619565 2.788217 1.000000
-0.364126 -0.661054 2.731701 1.000000
-0.177582 -1.027329 2.815980 1.000000
-0.316879 -1.061731 2.837127 1.000000
-0.002301 -1.061686 2.833771 0.000000
-0.413429 -1.110782 2.693976 0.000000
-0.268287 0.486711 2.621172 1.000000
-0.471802 0.222306 2.743004 1.000000
-0.148140 0.178427 2.952436 0.000000
-0.245749 0.281022 2.765368 1.000000
-0.387753 0.037986 2.933904 0.000000
-0.408140 -0.186282 2.670594 0.730769
-0.189825 -0.148827 2.832553 0.000000
-0.413296 -0.209147 2.915283 0.000000
-0.507741 -0.027825 2.689355 1.000000
-0.033885 0.003069 2.799822 0.846154
-0.296984 0.151492 2.636090 1.000000
-0.081242 -0.261029 2.711231 1.000000
-0.226265 0.170793 2.650542 1.000000
-0.094397 -0.331417 2.689896 0.072115
-0.092633 -0.616697 2.783557 1.000000
-0.364622 -0.657487 2.734433 1.000000
-0.177938 -1.023918 2.811550 1.000000
-0.312473 -1.057607 2.839664 1.000000
-0.002480 -1.059849 2.823539 0.000000
-0.414248 -1.107480 2.700471 0.000000
-0.261915 0.477415 2.617306 1.000000
-0.467300 0.225696 2.739630 1.000000
-0.147665 0.176038 2.953900 0.000000
-0.241348 0.282628 2.767058 1.000000
-0.387709 0.037410 2.928559 0.000000
-0.406451 -0.190319 2.668705 1.000000
-0.191145 -0.155982 2.835317 0.000000
-0.417580 -0.211277 2.913366 0.000000
-0.506533 -0.024471 2.688883 1.000000
-0.032123 0.001918 2.801074 0.969231
-0.292871 0.150896 2.634466 1.000000
-0.076892 -0.264474 2.718709 1.000000
-0.221683 0.167867 2.649529 1.000000
-0.092407 -0.332590 2.692212 0.206731
-0.095033 -0.622039 2.786341 1.000000
-0.367625 -0.664155 2.737999 1.000000
-0.184011 -1.028681 2.811120 1.000000
-0.306007 -1.062247 2.845772 1.000000
-0.009069 -1.066060 2.825897 0.000000
-0.403553 -1.115506 2.704815 0.000000
-0.254789 0.479512 2.619349 1.000000
-0.462728 0.217220 2.745785 1.000000
-0.145017 0.179384 2.965266 0.000000
-0.239370 0.282100 2.776601 1.000000
-0.379634 0.032370 2.936591 0.000000
-0.401316 -0.187511 2.666173 0.586538
-0.189143 -0.148139 2.835666 0.000000
-0.415983 -0.205672 2.910871 0.000000
-0.493593 -0.032269 2.687028 1.000000
-0.031270 0.005109 2.811585 0.800000
-0.292117 0.160017 2.645295 1.000000
-0.080236 -0.257620 2.720942 1.000000
-0.228714 0.193697 2.665993 1.000000
-0.087397 -0.328141 2.697317 0.509615
-0.091187 -0.620071 2.780936 1.000000
-0.364097 -0.657649 2.742798 1.000000
-0.185818 -1.025101 2.810681 1.000000
-0.313727 -1.060997 2.835866 1.000000
-0.011075 -1.065325 2.818893 0.000000
-0.412239 -1.106306 2.692819 0.000000
-0.246224 0.479200 2.629982 1.000000
-0.453240 0.222977 2.744898 1.000000
-0.134884 0.166426 2.959363 0.000000
-0.226674 0.276690 2.773718 1.000000
-0.376570 0.031178 2.931488 0.000000
-0.404810 -0.188533 2.669609 0.932692
-0.191705 -0.151167 2.838385 0.000000
-0.419377 -0.204030 2.914496 0.000000
-0.496645 -0.025682 2.690989 1.000000
-0.024812 -0.007241 2.802530 0.876923
-0.283638 0.152464 2.644444 1.000000
-0.073850 -0.274155 2.725550 1.000000
-0.219995 0.185395 2.665602 1.000000
-0.090392 -0.343729 2.703907 0.206731
-0.091903 -0.618721 2.784178 1.000000
-0.365479 -0.661260 2.745659 1.000000
-0.184222 -1.024722 2.807191 1.000000
-0.312059 -1.064150 2.839011 1.000000
-0.009335 -1.063928 2.817074 0.000000
-0.405091 -1.110402 2.692634 0.000000
-0.245949 0.479837 2.630106 1.000000
-0.453722 0.217679 2.752506 1.000000
-0.130185 0.171981 2.961742 0.000000
-0.229171 0.280421 2.778738 1.000000
-0.366457 0.027142 2.935704 0.000000
-0.403892 -0.189292 2.673480 0.846154
-0.187942 -0.151820 2.838576 0.000000
-0.413728 -0.207179 2.918440 0.000000
-0.492926 -0.031456 2.697826 1.000000
-0.025430 -0.003638 2.803608 0.907692
-0.295242 0.163437 2.651117 1.000000
-0.069232 -0.271475 2.727066 1.000000
-0.225021 0.186474 2.662107 1.000000
-0.091249 -0.339639 2.705817 0.341346
-0.091396 -0.622067 2.779949 1.000000
-0.360502 -0.662082 2.744533 1.000000
-0.184987 -1.027316 2.810003 1.000000
-0.313781 -1.064320 2.844086 1.000000
-0.010071 -1.067395 2.814278 0.000000
-0.407311 -1.111278 2.698252 0.000000
-0.245605 0.477194 2.631612 1.000000
-0.450297 0.214111 2.760798 1.000000
-0.122425 0.169582 2.963434 0.000000
-0.225944 0.278906 2.783489 1.000000
-0.357656 0.022575 2.940277 0.000000
-0.401828 -0.189624 2.675802 0.365385
-0.182953 -0.152444 2.837068 0.000000
-0.407070 -0.208855 2.920801 0.000000
-0.488779 -0.034198 2.702289 1.000000
-0.023967 -0.004642 2.800009 0.861538
-0.289214 0.157805 2.652168 1.000000
-0.055930 -0.273488 2.721684 1.000000
-0.225331 0.193672 2.666834 1.000000
-0.081672 -0.340846 2.702113 0.576923
-0.092141 -0.626051 2.776157 1.000000
-0.361857 -0.660703 2.743981 1.000000
-0.183496 -1.031535 2.809705 1.000000
-0.312859 -1.064297 2.836716 1.000000
-0.008401 -1.071050 2.808908 0.000000
-0.414902 -1.109023 2.695979 0.000000
-0.243804 0.479145 2.640682 1.000000
-0.442320 0.220268 2.756281 1.000000
-0.120561 0.170152 2.967238 0.000000
-0.216669 0.278788 2.782822 0.995192
-0.359564 0.029789 2.941619 0.000000
-0.408667 -0.188466 2.668391 1.000000
-0.193445 -0.150900 2.834414 0.000000
-0.418834 -0.209487 2.913088 0.000000
-0.490576 -0.027704 2.704096 1.000000
-0.025598 -0.003678 2.801461 0.892308
-0.290004 0.162950 2.653085 1.000000
-0.054030 -0.273198 2.724393 1.000000
-0.223411 0.193372 2.668002 1.000000
-0.065134 -0.346946 2.719871 0.778846
-0.094999 -0.620755 2.774947 1.000000
-0.358206 -0.663906 2.743348 1.000000
-0.180030 -1.027724 2.807113 1.000000
-0.313558 -1.067550 2.838042 1.000000
-0.004306 -1.064106 2.811340 0.000000
-0.398369 -1.112514 2.686366 0.000000
-0.243403 0.481937 2.640068 1.000000
-0.446935 0.231006 2.760154 1.000000
-0.121009 0.171711 2.962145 0.000000
-0.219298 0.283866 2.781014 1.000000
-0.363961 0.037352 2.942072 0.000000
-0.406900 -0.185537 2.671510 0.923077
-0.187534 -0.150372 2.832560 0.000000
-0.411618 -0.206831 2.916349 0.000000
-0.493931 -0.015616 2.701057 1.000000
-0.020953 -0.005179 2.802833 0.907692
-0.282851 0.163084 2.649384 1.000000
-0.060861 -0.269951 2.715369 1.000000
-0.216270 0.192100 2.666924 1.000000
-0.061629 -0.344664 2.715062 0.576923
-0.093319 -0.619042 2.774526 1.000000
-0.359483 -0.660582 2.737720 1.000000
-0.179958 -1.025879 2.803957 1.000000
-0.311411 -1.063964 2.831856 1.000000
-0.004384 -1.062947 2.808416 0.000000
-0.404123 -1.109287 2.684987 0.000000
-0.239920 0.481866 2.633407 1.000000
-0.450310 0.230122 2.745474 1.000000
-0.129385 0.180679 2.957857 0.000000
-0.223419 0.284701 2.769749 1.000000
-0.371375 0.044647 2.937435 0.000000
-0.394901 -0.182496 2.659593 1.000000
-0.176760 -0.151317 2.823109 0.000000
-0.403692 -0.198938 2.904694 0.000000
-0.475890 -0.018091 2.680388 1.000000
-0.010438 0.000894 2.815856 1.000000
-0.270298 0.169473 2.639378 1.000000
-0.072008 -0.253294 2.711504 1.000000
-0.198535 0.179088 2.657824 1.000000
-0.073596 -0.326373 2.696025 0.442308
-0.090787 -0.620075 2.772118 1.000000
-0.359414 -0.659122 2.736048 1.000000
-0.176926 -1.026530 2.807661 1.000000
-0.312896 -1.062679 2.830213 1.000000
-0.001312 -1.063262 2.813213 0.000000
-0.403066 -1.107729 2.681686 0.000000
-0.238473 0.486352 2.627963 1.000000
-0.451057 0.232486 2.720959 1.000000
-0.144572 0.193851 2.955731 0.000000
-0.226956 0.290859 2.758627 0.754808
-0.383053 0.053979 2.923423 0.000000
-0.398986 -0.184181 2.645609 0.788462
-0.192181 -0.147132 2.822116 0.000000
-0.425645 -0.183368 2.889967 0.000000
-0.471382 -0.016027 2.655277 1.000000
-0.022453 -0.005054 2.845585 0.876923
-0.267103 0.177091 2.645815 1.000000
-0.071636 -0.242952 2.703299 1.000000
-0.199825 0.197813 2.670853 1.000000
-0.065391 -0.306665 2.664774 0.072115
-0.093834 -0.612917 2.774875 1.000000
-0.356256 -0.660199 2.727111 1.000000
-0.170195 -1.021632 2.806659 1.000000
-0.312999 -1.062069 2.829672 1.000000
0.006248 -1.054181 2.812006 0.000000
-0.379960 -1.109983 2.670171 0.000000
-0.234425 0.496776 2.624646 1.000000
-0.445189 0.235804 2.685840 1.000000
-0.163644 0.213320 2.951869 0.000000
-0.224588 0.294294 2.740263 0.221154
-0.400782 0.074272 2.908138 0.000000
-0.385730 -0.178559 2.636882 0.519231
-0.191020 -0.155065 2.828796 0.000000
-0.430133 -0.182730 2.878612 0.230769
-0.460162 -0.014155 2.624439 1.000000
-0.025797 0.006228 2.883348 0.707692
-0.268514 0.190969 2.641590 1.000000
-0.067565 -0.202442 2.699112 1.000000
-0.204384 0.215553 2.671009 1.000000
-0.079915 -0.257308 2.649920 0.000000
-0.091930 -0.611251 2.776089 1.000000
-0.353868 -0.662616 2.707897 1.000000
-0.165381 -1.020229 2.811176 1.000000
-0.310077 -1.058678 2.830804 1.000000
0.010943 -1.050672 2.825439 0.000000
-0.362123 -1.114815 2.668447 0.000000
-0.225625 0.517126 2.628922 1.000000
-0.447160 0.206445 2.635756 1.000000
-0.213330 0.233830 2.944168 0.000000
-0.243647 0.289129 2.718180 0.000000
-0.429043 0.070771 2.878131 0.000000
-0.359398 -0.164077 2.638247 0.298077
-0.190201 -0.155882 2.854119 0.605769
-0.433928 -0.182500 2.871759 0.605769
-0.407630 -0.032841 2.548369 1.000000
-0.052007 0.033524 2.923282 0.000000
-0.272881 0.201487 2.625906 1.000000
-0.032259 -0.195939 2.761457 0.000000
-0.215697 0.226457 2.667005 1.000000
-0.028155 -0.256526 2.717925 0.000000
-0.079416 -0.606783 2.766531 1.000000
-0.344058 -0.654523 2.692256 1.000000
-0.151720 -1.015911 2.802243 1.000000
-0.306010 -1.047026 2.827839 0.969231
0.024738 -1.045917 2.815754 0.000000
-0.344914 -1.107597 2.663407 0.000000
-0.213537 0.514951 2.655581 0.942308
-0.435878 0.191327 2.598664 1.000000
-0.242995 0.104649 2.923975 1.000000
-0.251430 0.242530 2.734329 0.004808
-0.434378 -0.027338 2.770897 0.000000
-0.336544 -0.202133 2.626005 0.701923
-0.228881 -0.180954 2.877512 0.461538
-0.462606 -0.242762 2.833080 0.447115
-0.337650 -0.025643 2.500061 1.000000
-0.064027 -0.066938 2.852473 0.000000
-0.220691 0.192262 2.633872 1.000000
0.003346 -0.216042 2.623434 0.000000
-0.187932 0.234081 2.686414 1.000000
0.020209 -0.255163 2.562051 0.000000
-0.042096 -0.627499 2.770323 1.000000
-0.331968 -0.676654 2.671971 1.000000
-0.140767 -1.032487 2.782063 1.000000
-0.312420 -1.059387 2.836357 0.984856
0.031453 -1.073591 2.811579 0.000000
-0.349986 -1.130273 2.675782 0.000000
-0.219228 0.481438 2.657231 1.000000
-0.403637 0.199402 2.577492 1.000000
-0.210174 0.039638 2.873450 1.000000
-0.197934 0.184582 2.689360 0.000000
-0.449187 -0.019312 2.743534 0.000000
-0.349018 -0.241753 2.628549 0.519231
-0.218379 -0.222037 2.869049 0.259615
-0.454119 -0.287725 2.845948 0.437500
-0.252033 0.016837 2.476869 1.000000
-0.102726 -0.174266 2.777097 0.000000
-0.146459 0.141952 2.705468 1.000000
-0.103632 -0.327324 2.540870 0.000000
-0.113503 0.135666 2.772229 1.000000
-0.104715 -0.367212 2.477701 0.000000
-0.012096 -0.631468 2.785493 1.000000
-0.315140 -0.718781 2.662036 1.000000
-0.115903 -1.035338 2.786894 1.000000
-0.315660 -1.082150 2.866612 0.706731
0.052616 -1.078499 2.831150 0.000000
-0.348615 -1.168679 2.712837 0.000000
-0.224585 0.462453 2.669717 1.000000
-0.362436 0.231592 2.564511 1.000000
-0.189536 0.081964 2.877977 1.000000
-0.162876 0.215369 2.686822 0.000000
-0.424565 0.024833 2.740214 0.000000
-0.324629 -0.229674 2.614067 0.788462
-0.203621 -0.195818 2.858006 1.000000
-0.439020 -0.260571 2.829433 0.567308
-0.220567 0.051109 2.447352 1.000000
-0.088040 -0.142321 2.800653 0.000000
-0.138514 0.191405 2.676759 1.000000
-0.074338 -0.315136 2.578893 0.000000
-0.106132 0.202552 2.743165 0.661058
-0.071417 -0.360324 2.519461 0.000000
0.002213 -0.611611 2.806446 1.000000
-0.301254 -0.699533 2.668274 1.000000
-0.007851 -1.027273 2.774614 1.000000
-0.306901 -1.075144 2.849308 0.656731
0.159693 -1.036215 2.838406 0.000000
-0.340197 -1.151319 2.690220 0.000000
-0.186242 0.495880 2.662988 1.000000
-0.331227 0.220698 2.552827 1.000000
-0.188911 0.042747 2.866871 1.000000
-0.143022 0.189078 2.689306 0.000000
-0.413045 0.003533 2.706536 0.000000
-0.305744 -0.233659 2.604677 0.798077
-0.205902 -0.205534 2.858716 1.000000
-0.435689 -0.277117 2.808755 0.562500
-0.173213 0.049117 2.443228 1.000000
-0.088079 -0.179048 2.781877 0.000000
-0.127678 0.207661 2.670881 1.000000
-0.054713 -0.339778 2.553222 0.000000
-0.133922 0.271619 2.709000 0.240385
-0.046460 -0.381732 2.491950 0.000000
0.011174 -0.613710 2.819594 1.000000
-0.289968 -0.708927 2.664669 1.000000
0.016970 -1.027088 2.765058 1.000000
-0.303663 -1.078853 2.856648 0.584856
0.174749 -1.036105 2.850173 0.000000
-0.325453 -1.160288 2.698175 0.000000
-0.174438 0.469513 2.653859 1.000000
-0.243296 0.189974 2.552829 1.000000
-0.043316 0.032726 2.845788 1.000000
-0.031368 0.159650 2.648823 0.105769
-0.298170 -0.007394 2.741284 0.000000
-0.226525 -0.229066 2.637682 0.240385
-0.070874 -0.224651 2.863621 1.000000
-0.312210 -0.271328 2.864164 1.000000
-0.076556 0.012621 2.468206 1.000000
0.027767 -0.201626 2.764483 0.000000
0.070955 0.198299 2.619189 1.000000
0.007625 -0.385998 2.552749 0.000000
0.118878 0.250632 2.642581 1.000000
0.001611 -0.434268 2.496035 0.000000
0.106277 -0.619370 2.804642 1.000000
-0.271635 -0.707830 2.716947 1.000000
0.031875 -1.028796 2.777740 1.000000
-0.300843 -1.085593 2.891105 0.787981
0.197181 -1.062852 2.838850 0.000000
-0.354783 -1.153814 2.734081 0.000000
-0.031852 0.431494 2.617021 1.000000
-0.187636 0.180241 2.536179 1.000000
-0.018882 0.130959 2.882065 1.000000
0.011899 0.195624 2.658640 0.086538
-0.256920 0.042606 2.767992 0.000000
-0.178478 -0.220515 2.629287 0.875000
-0.054072 -0.206193 2.873445 0.490385
-0.295528 -0.241915 2.844377 1.000000
0.038744 0.067137 2.584869 1.000000
0.070759 -0.111006 2.883290 0.000000
0.208925 0.256415 2.704190 1.000000
0.090141 -0.352596 2.740151 0.000000
0.280869 0.273400 2.693323 1.000000
0.094700 -0.416321 2.701409 0.000000
0.099273 -0.646876 2.803401 1.000000
-0.267786 -0.688846 2.750185 1.000000
0.018127 -1.055741 2.791835 1.000000
-0.298604 -1.090184 2.859120 0.841106
0.186724 -1.090638 2.842602 0.000000
-0.302830 -1.136889 2.685854 0.000000
0.015396 0.449270 2.608379 1.000000
-0.219958 0.289757 2.579276 1.000000
0.045848 0.251056 2.857139 1.000000
0.006075 0.310137 2.633587 0.100962
-0.214193 0.157784 2.823077 0.000000
-0.211001 -0.133491 2.630159 0.423077
-0.018864 -0.128209 2.825994 1.000000
-0.260387 -0.136522 2.870937 0.461538
0.027775 0.248419 2.636945 1.000000
0.080727 -0.004392 2.847007 0.000000
0.295743 0.221342 2.717433 1.000000
0.084955 -0.249937 2.709507 0.365385
0.369565 0.231069 2.711238 1.000000
0.119824 -0.314755 2.722367 0.341346
0.066701 -0.573974 2.773783 1.000000
-0.258148 -0.606287 2.710417 1.000000
0.044799 -0.989581 2.799870 1.000000
-0.281801 -1.001732 2.840618 1.000000
0.223333 -0.997947 2.816483 0.000000
-0.358885 -1.048250 2.685330 0.000000
-0.016274 0.532110 2.594605 0.302885
-0.251396 0.265794 2.577480 1.000000
-0.056987 0.164196 2.897523 1.000000
-0.046976 0.277070 2.692079 0.000000
-0.291924 0.076033 2.777053 0.173077
-0.215383 -0.147051 2.611196 0.682692
-0.079749 -0.138089 2.849563 1.000000
-0.321591 -0.177838 2.830728 1.000000
-0.003025 0.226489 2.644061 1.000000
0.002677 -0.079413 2.836966 0.000000
0.259994 0.175901 2.737762 1.000000
0.062343 -0.286102 2.655482 0.000000
0.333382 0.169130 2.725475 1.000000
0.098481 -0.351331 2.660155 0.000000
0.069198 -0.575539 2.774433 1.000000
-0.264454 -0.627037 2.697674 1.000000
0.049709 -0.991203 2.801506 1.000000
-0.277347 -1.016103 2.847173 1.000000
0.224625 -0.996804 2.841423 0.000000
-0.314191 -1.078051 2.682780 0.000000
-0.035114 0.491354 2.590954 1.000000
-0.245046 0.274902 2.582957 1.000000
-0.190551 0.151113 2.946620 0.692308
-0.105718 0.282316 2.771585 0.000000
-0.350268 0.066720 2.734843 0.000000
-0.155699 -0.159071 2.549788 1.000000
-0.136327 -0.118586 2.820493 0.663462
-0.344937 -0.179047 2.705391 1.000000
-0.006501 0.231750 2.676618 1.000000
-0.095240 -0.084157 2.900394 0.000000
0.227164 0.107969 2.778817 1.000000
0.045262 -0.276023 2.749851 0.000000
0.291741 0.086487 2.747980 1.000000
0.080709 -0.340343 2.763603 0.000000
0.065168 -0.586519 2.780552 1.000000
-0.263977 -0.627696 2.692990 1.000000
0.051355 -1.003239 2.787102 1.000000
-0.286908 -1.015180 2.845368 1.000000
0.218857 -1.007779 2.851465 0.000000
-0.199128 -1.076953 2.701497 0.019231
-0.078994 0.460089 2.568111 1.000000
-0.274288 0.166983 2.572318 1.000000
-0.233639 0.142157 2.957384 0.028846
-0.156877 0.243821 2.760356 0.000000
-0.355389 -0.017353 2.764474 0.000000
-0.181340 -0.163914 2.547461 1.000000
-0.145267 -0.202979 2.816660 1.000000
-0.350678 -0.262846 2.695647 1.000000
-0.036283 0.200351 2.670618 1.000000
-0.094524 -0.074384 2.975544 0.000000
0.170398 0.051434 2.794451 1.000000
0.090307 -0.267909 2.888355 0.000000
0.224530 0.012543 2.760690 1.000000
0.135128 -0.319629 2.918335 0.000000
0.038816 -0.601192 2.786609 1.000000
-0.299641 -0.678941 2.701510 1.000000
0.049686 -1.017779 2.771564 1.000000
-0.349501 -1.063895 2.853870 1.000000
0.157231 -1.020162 2.915261 0.000000
-0.202862 -1.117855 2.765521 0.048077
-0.128821 0.453372 2.602459 1.000000
-0.362816 0.226372 2.629094 1.000000
-0.208532 0.097452 2.960937 1.000000
-0.189063 0.251206 2.784789 0.000000
-0.393181 -0.005597 2.779922 0.000000
-0.250512 -0.180057 2.554908 0.971154
-0.162292 -0.200068 2.813968 1.000000
-0.374393 -0.294775 2.733557 0.533654
-0.109781 0.249213 2.681261 1.000000
-0.083757 -0.112556 2.877867 0.000000
0.065809 0.053854 2.786381 1.000000
0.054099 -0.276349 2.695154 0.000000
0.095983 -0.014241 2.792315 1.000000
0.102347 -0.333380 2.693658 0.000000
0.005715 -0.602790 2.789008 1.000000
-0.322538 -0.676158 2.723474 1.000000
0.029606 -1.017774 2.755754 1.000000
-0.403783 -1.050964 2.887207 1.000000
0.130385 -1.023865 2.904168 0.000000
-0.272260 -1.122674 2.788315 0.278846
-0.187985 0.464090 2.630173 1.000000
-0.403752 0.197225 2.622712 1.000000
-0.272745 0.073209 2.966225 0.086538
-0.256544 0.238648 2.800650 0.000000
-0.415094 -0.045473 2.758542 0.000000
-0.193125 -0.166791 2.566869 1.000000
-0.147867 -0.165886 2.837509 1.000000
-0.362628 -0.226657 2.734520 0.687500
-0.155875 0.249573 2.677466 1.000000
-0.106068 -0.104510 2.881329 0.000000
0.036742 0.072672 2.784913 1.000000
0.034755 -0.266805 2.699544 1.000000
0.062996 0.004083 2.798658 0.930288
0.083713 -0.322937 2.693629 1.000000
-0.008889 -0.625853 2.796253 1.000000
-0.326915 -0.647809 2.723559 1.000000
0.011507 -1.039695 2.749267 1.000000
-0.407489 -1.030308 2.868786 1.000000
0.143816 -1.046922 2.870355 0.000000
-0.266720 -1.094514 2.777780 0.254808
-0.220336 0.441038 2.646827 1.000000
-0.443317 0.157394 2.650421 1.000000
-0.278239 0.062624 2.987720 0.836538
-0.285704 0.218317 2.812358 0.000000
-0.428778 -0.076642 2.799506 0.000000
-0.238335 -0.192654 2.581710 1.000000
-0.171748 -0.173679 2.847231 0.086538
-0.391519 -0.247848 2.765857 0.817308
-0.211813 0.271899 2.670289 1.000000
-0.109900 -0.106614 2.889882 0.000000
0.002873 0.102148 2.740570 1.000000
-0.005382 -0.260896 2.679015 1.000000
0.017003 0.041924 2.782475 1.000000
0.011425 -0.333334 2.686294 1.000000
-0.023098 -0.647944 2.786783 1.000000
-0.332249 -0.666368 2.722007 1.000000
-0.015422 -1.064118 2.761693 1.000000
-0.367428 -1.045710 2.891568 1.000000
0.144165 -1.066127 2.843840 0.000000
-0.294139 -1.118193 2.744614 0.298077
-0.227240 0.425417 2.688411 1.000000
-0.416303 0.176145 2.656222 1.000000
-0.203967 0.092711 2.966949 0.000000
-0.219930 0.222212 2.771955 0.000000
-0.414839 -0.033697 2.836432 0.000000
-0.294373 -0.184934 2.612556 0.932692
-0.159936 -0.175238 2.851571 1.000000
-0.401254 -0.217485 2.831506 0.379808
-0.176029 0.267881 2.685331 1.000000
-0.093623 -0.120568 2.872675 0.000000
0.011638 0.065862 2.746059 1.000000
-0.060177 -0.325124 2.682332 0.000000
0.023510 0.006440 2.789770 0.694712
-0.054375 -0.398219 2.696684 0.000000
-0.054805 -0.643575 2.776393 1.000000
-0.349607 -0.668331 2.731809 1.000000
-0.126041 -1.054272 2.788325 1.000000
-0.280851 -1.058855 2.860854 1.000000
0.045914 -1.082853 2.831159 0.000000
-0.317254 -1.119748 2.695969 0.000000
-0.241184 0.457207 2.656023 1.000000
-0.397847 0.158937 2.647135 1.000000
-0.219748 0.081302 2.979146 0.230769
-0.215134 0.207496 2.781404 0.000000
-0.415673 -0.047701 2.829305 0.000000
-0.295758 -0.205186 2.612764 0.846154
-0.186360 -0.193920 2.864161 0.000000
-0.424072 -0.238078 2.819829 0.317308
-0.161966 0.256547 2.689144 1.000000
-0.099146 -0.133412 2.902303 0.000000
0.002932 0.033374 2.740592 1.000000
-0.041479 -0.344076 2.724858 0.000000
0.025190 -0.037399 2.749445 1.000000
-0.035976 -0.417070 2.739835 0.000000
-0.073399 -0.667726 2.787095 1.000000
-0.357151 -0.692556 2.744743 1.000000
-0.201864 -1.064195 2.773029 1.000000
-0.294887 -1.084117 2.873942 1.000000
-0.039820 -1.118643 2.827776 0.000000
-0.281277 -1.138245 2.703340 0.000000
-0.252784 0.448397 2.668925 1.000000
-0.421004 0.168245 2.672313 1.000000
-0.259115 0.101710 3.017708 0.000000
-0.246490 0.223968 2.817854 0.000000
-0.442799 -0.035518 2.859880 0.000000
-0.300268 -0.211398 2.609648 0.923077
-0.201482 -0.204855 2.865566 0.000000
-0.431748 -0.269662 2.808999 0.528846
-0.175822 0.250049 2.680650 1.000000
-0.128088 -0.111228 2.954138 0.000000
-0.012943 0.023355 2.721368 1.000000
-0.051074 -0.326352 2.789874 0.000000
-0.003434 -0.050652 2.725271 1.000000
-0.043278 -0.398954 2.805710 0.000000
-0.095372 -0.681878 2.794550 1.000000
-0.350607 -0.706873 2.761369 1.000000
-0.219983 -1.079759 2.787362 1.000000
-0.352371 -1.105895 2.882480 1.000000
-0.063792 -1.129991 2.860172 0.000000
-0.230873 -1.144762 2.756196 0.000000
-0.256848 0.436271 2.662108 1.000000
-0.471832 0.136909 2.719023 1.000000
-0.237066 0.099250 3.025634 0.000000
-0.281703 0.219310 2.829061 0.000000
-0.426183 -0.065359 2.904723 0.000000
-0.332743 -0.223245 2.616050 0.692308
-0.192939 -0.188106 2.849535 0.057692
-0.429337 -0.254773 2.839875 0.298077
-0.236955 0.226030 2.658263 1.000000
-0.089999 -0.093071 2.936552 0.000000
-0.027850 0.039651 2.690322 1.000000
-0.008898 -0.299363 2.763180 0.000000
-0.005396 -0.029985 2.705461 1.000000
0.013868 -0.369651 2.774314 0.000000
-0.092021 -0.680391 2.783579 1.000000
-0.362737 -0.694955 2.777539 1.000000
-0.203537 -1.082111 2.774977 1.000000
-0.302196 -1.095776 2.875346 1.000000
-0.035218 -1.129699 2.815279 0.000000
-0.281201 -1.135037 2.701455 0.000000
-0.247420 0.419047 2.686430 1.000000
-0.446758 0.162572 2.714870 1.000000
-0.209033 0.097066 3.014436 0.000000
-0.248001 0.225901 2.822262 0.000000
-0.413847 -0.047935 2.893992 0.000000
-0.341055 -0.216529 2.620085 0.653846
-0.205453 -0.172439 2.854528 0.000000
-0.440490 -0.243524 2.843258 0.177885
-0.206998 0.244380 2.664064 1.000000
-0.079490 -0.104117 2.918020 0.000000
-0.028479 0.026977 2.681518 1.000000
-0.015158 -0.313271 2.741081 0.000000
-0.006388 -0.042630 2.697312 1.000000
0.002951 -0.385363 2.748660 0.000000
-0.083142 -0.664855 2.778882 1.000000
-0.365251 -0.683169 2.776581 1.000000
-0.191342 -1.066943 2.756363 1.000000
-0.288572 -1.082203 2.870291 1.000000
-0.021589 -1.114515 2.790144 0.000000
-0.302895 -1.125714 2.696734 0.000000
-0.240622 0.432798 2.676617 1.000000
-0.446969 0.155142 2.711387 1.000000
-0.209288 0.098919 3.012867 0.000000
-0.250556 0.224761 2.819197 0.000000
-0.409531 -0.052630 2.892798 0.000000
-0.344381 -0.225397 2.620989 0.644231
-0.208853 -0.180343 2.855291 0.000000
-0.443010 -0.254310 2.844280 0.254808
-0.206751 0.237707 2.664507 1.000000
-0.073004 -0.099678 2.920467 0.000000
-0.024947 0.023409 2.684878 1.000000
0.002217 -0.310339 2.749718 0.000000
-0.015834 -0.050464 2.691392 1.000000
0.023166 -0.381684 2.757041 0.000000
-0.083590 -0.673530 2.774696 1.000000
-0.365830 -0.691766 2.778568 1.000000
-0.186244 -1.077691 2.772502 1.000000
-0.281137 -1.089106 2.872572 1.000000
-0.013961 -1.121585 2.797239 0.000000
-0.298164 -1.133675 2.699529 0.000000
-0.240387 0.435109 2.680449 1.000000
