-0.379805 0.408452 2.619450 1.000000
0.017181 0.383801 2.846514 0.855769
-0.138181 0.492415 2.668027 0.024038
-0.213659 0.235369 2.772083 0.000000
-0.394129 0.054598 2.530460 1.000000
-0.000851 0.032470 2.731614 0.000000
-0.265087 0.033984 2.762146 0.000000
-0.465518 0.149103 2.690130 1.000000
0.074449 0.151370 2.698460 1.000000
-0.443448 -0.160100 2.658702 1.000000
0.017761 -0.149586 2.645258 1.000000
-0.427477 -0.248166 2.652088 1.000000
-0.013090 -0.232964 2.632981 0.896635
-0.309507 -0.571397 2.655566 1.000000
-0.087026 -0.582378 2.639628 1.000000
-0.268755 -1.062846 2.717421 1.000000
-0.064148 -1.066822 2.748252 1.000000
-0.170737 -1.080134 2.515493 0.000000
0.036410 -1.106357 2.550752 0.000000
-0.215196 0.671121 2.521573 1.000000
-0.378969 0.412967 2.628086 1.000000
0.025389 0.376389 2.840031 0.798077
-0.134037 0.491162 2.669144 0.000000
-0.211055 0.233968 2.771694 0.000000
-0.397371 0.051048 2.540793 0.980769
0.005134 0.030545 2.722972 0.019231
-0.257356 0.030620 2.766033 0.000000
-0.466316 0.153413 2.697579 1.000000
0.074653 0.146036 2.685015 1.000000
-0.450126 -0.155008 2.653208 1.000000
0.021014 -0.157068 2.637807 1.000000
-0.434698 -0.243391 2.651014 0.812500
-0.019997 -0.236675 2.631862 0.560096
-0.305986 -0.575233 2.655386 1.000000
-0.084274 -0.584937 2.637840 1.000000
-0.274400 -1.068988 2.702474 1.000000
-0.060965 -1.071782 2.735039 1.000000
-0.184841 -1.082911 2.496400 0.000000
0.031490 -1.107704 2.532943 0.000000
-0.214041 0.668917 2.523717 1.000000
-0.379692 0.414187 2.632859 1.000000
0.027499 0.373951 2.838627 0.942308
-0.133484 0.490201 2.670216 0.057692
-0.211203 0.233652 2.773846 0.000000
-0.392455 0.053049 2.533500 1.000000
0.005462 0.029273 2.725116 0.038462
-0.257944 0.032284 2.762039 0.000000
-0.458909 0.150689 2.698840 1.000000
0.075890 0.147477 2.676792 1.000000
-0.448315 -0.156418 2.642176 1.000000
0.021601 -0.157954 2.643433 1.000000
-0.422212 -0.241478 2.630438 0.913462
-0.013945 -0.236576 2.618747 0.812500
-0.303302 -0.573319 2.659057 1.000000
-0.087866 -0.585126 2.630349 1.000000
-0.272327 -1.066609 2.711163 1.000000
-0.058978 -1.071119 2.730273 1.000000
-0.176723 -1.082072 2.507934 0.000000
0.036008 -1.106793 2.529310 0.000000
-0.213113 0.670073 2.527531 1.000000
-0.378749 0.417716 2.639509 1.000000
0.032720 0.375616 2.836195 0.846154
-0.131960 0.493758 2.672748 0.014423
-0.207015 0.235677 2.774523 0.000000
-0.389312 0.050539 2.535822 1.000000
0.008862 0.032259 2.727507 0.000000
-0.254571 0.030904 2.764326 0.000000
-0.459339 0.151073 2.696060 1.000000
0.076980 0.146309 2.674770 1.000000
-0.450128 -0.156365 2.633392 1.000000
0.027334 -0.161611 2.642919 1.000000
-0.419643 -0.240535 2.627028 0.930288
-0.013213 -0.232874 2.606423 0.812500
-0.304454 -0.573579 2.661149 1.000000
-0.086326 -0.584124 2.629854 1.000000
-0.280560 -1.067454 2.711402 1.000000
-0.062451 -1.067374 2.743471 1.000000
-0.186374 -1.083638 2.507568 0.000000
0.030358 -1.109960 2.542836 0.000000
-0.205693 0.674126 2.531588 1.000000
-0.369278 0.414150 2.626800 1.000000
0.030339 0.367881 2.845728 0.769231
-0.122597 0.485030 2.670574 0.000000
-0.209527 0.232112 2.775800 0.000000
-0.385224 0.051131 2.533231 1.000000
0.009414 0.026510 2.731407 0.000000
-0.254546 0.030631 2.764007 0.000000
-0.463997 0.151795 2.694618 1.000000
0.078834 0.135078 2.685386 1.000000
-0.450768 -0.159030 2.633742 1.000000
0.028397 -0.170463 2.618902 1.000000
-0.410079 -0.227227 2.591933 0.812500
-0.029856 -0.238293 2.626654 0.711538
-0.302679 -0.575791 2.656242 1.000000
-0.081431 -0.587003 2.627871 1.000000
-0.279252 -1.069268 2.710464 1.000000
-0.065397 -1.070454 2.742008 1.000000
-0.180877 -1.086764 2.508727 0.000000
0.032063 -1.114015 2.543803 0.000000
-0.210972 0.671777 2.530969 1.000000
-0.379248 0.415184 2.631275 1.000000
0.018827 0.358626 2.850596 1.000000
-0.133805 0.485614 2.682164 0.000000
-0.218820 0.225285 2.769335 0.000000
-0.375165 0.050442 2.523222 1.000000
0.005027 0.027659 2.748064 0.000000
-0.260584 0.029062 2.762322 0.000000
-0.470353 0.149410 2.688406 1.000000
0.078886 0.121165 2.701971 1.000000
-0.455272 -0.158508 2.616253 1.000000
0.026952 -0.176422 2.607887 1.000000
-0.407167 -0.227712 2.585413 1.000000
-0.021017 -0.244051 2.642235 0.745192
-0.302648 -0.575306 2.653304 1.000000
-0.084615 -0.586970 2.636053 1.000000
-0.261073 -1.068283 2.700781 1.000000
-0.061938 -1.072485 2.739831 1.000000
-0.151560 -1.077967 2.504326 0.000000
0.047415 -1.108720 2.546414 0.000000
-0.209412 0.660332 2.532973 1.000000
-0.386486 0.410540 2.625076 1.000000
0.006812 0.360937 2.854466 0.855769
-0.143812 0.485457 2.682423 0.004808
-0.226098 0.223346 2.766826 0.000000
-0.370870 0.046278 2.525445 1.000000
0.011710 0.026842 2.746521 0.000000
-0.253751 0.025327 2.763351 0.000000
-0.480495 0.145896 2.681059 1.000000
0.076030 0.125871 2.706589 1.000000
-0.448218 -0.151913 2.579662 1.000000
0.041239 -0.171040 2.603961 1.000000
-0.401480 -0.228377 2.574837 1.000000
-0.017857 -0.230743 2.635546 0.492788
-0.301816 -0.578778 2.646311 1.000000
-0.082522 -0.589706 2.642838 1.000000
-0.270106 -1.069963 2.715166 1.000000
-0.058341 -1.077491 2.734980 1.000000
-0.164228 -1.090824 2.517591 0.000000
0.050222 -1.108889 2.540277 0.000000
-0.212017 0.658336 2.530587 1.000000
-0.382027 0.417679 2.605782 1.000000
-0.006532 0.369544 2.863562 1.000000
-0.140748 0.487600 2.674246 0.000000
-0.238620 0.234765 2.769600 0.000000
-0.350307 0.060235 2.520620 1.000000
0.004412 0.015762 2.781036 0.096154
-0.261079 0.026900 2.768978 0.000000
-0.481494 0.156704 2.664812 1.000000
0.068516 0.133930 2.721181 1.000000
-0.437674 -0.132046 2.546152 1.000000
0.083224 -0.149613 2.584500 1.000000
-0.386205 -0.205568 2.546220 1.000000
0.083349 -0.227799 2.540440 0.240385
-0.304832 -0.572469 2.638203 1.000000
-0.080137 -0.591449 2.654736 1.000000
-0.201657 -1.046669 2.745431 1.000000
-0.053137 -1.082474 2.726668 1.000000
-0.095078 -1.068058 2.548290 0.000000
0.078096 -1.101902 2.544784 0.000000
-0.230916 0.665150 2.518871 1.000000
-0.384232 0.417890 2.588754 1.000000
-0.024378 0.381279 2.869697 1.000000
-0.145627 0.488254 2.665621 0.000000
-0.253771 0.244306 2.772350 0.000000
-0.350984 0.048610 2.516722 1.000000
-0.001821 0.025972 2.787263 0.201923
-0.267126 0.029716 2.768448 0.000000
-0.502611 0.168855 2.660148 1.000000
0.057752 0.144675 2.734243 1.000000
-0.427313 -0.099894 2.515078 1.000000
0.138859 -0.109630 2.568034 1.000000
-0.377129 -0.169705 2.489341 1.000000
0.135216 -0.153920 2.490063 0.341346
-0.301434 -0.578217 2.639729 1.000000
-0.076011 -0.588491 2.665511 1.000000
-0.265399 -1.069836 2.703143 1.000000
-0.050421 -1.080526 2.730746 1.000000
-0.135013 -1.083882 2.520158 0.000000
0.085886 -1.097090 2.552344 0.000000
-0.233717 0.663279 2.499769 1.000000
-0.387013 0.412892 2.571977 1.000000
-0.045769 0.393222 2.876820 1.000000
-0.155004 0.490245 2.661306 0.043269
-0.266266 0.248698 2.770268 0.000000
-0.346852 0.046351 2.514940 1.000000
-0.014613 0.031893 2.806535 0.240385
-0.278305 0.034246 2.771669 0.000000
-0.518831 0.168554 2.637216 1.000000
0.047733 0.157037 2.747350 1.000000
-0.393255 -0.074420 2.481060 1.000000
0.183898 -0.044880 2.547788 1.000000
-0.325856 -0.117914 2.440809 1.000000
0.211640 -0.108559 2.490957 0.173077
-0.297352 -0.579214 2.637392 1.000000
-0.050623 -0.580094 2.664311 1.000000
-0.270174 -1.071010 2.703768 1.000000
-0.047297 -1.071620 2.737791 1.000000
-0.127737 -1.086575 2.530129 0.000000
0.101238 -1.095649 2.570335 0.000000
-0.238616 0.664711 2.489126 1.000000
-0.381888 0.408344 2.557896 1.000000
-0.067125 0.399263 2.890471 1.000000
-0.159268 0.490811 2.664815 0.000000
-0.275898 0.249520 2.768610 0.000000
-0.338758 0.041157 2.502057 1.000000
-0.037617 0.042381 2.825989 0.509615
-0.296326 0.035087 2.764578 0.000000
-0.523022 0.163192 2.577949 1.000000
0.038488 0.175694 2.751723 1.000000
-0.306223 0.002658 2.418875 1.000000
0.265823 0.065246 2.566904 1.000000
-0.227773 -0.006447 2.376249 0.576923
0.279240 0.036681 2.482889 0.358173
-0.291864 -0.579860 2.634834 1.000000
-0.025736 -0.569400 2.687138 1.000000
-0.267788 -1.070928 2.707506 1.000000
-0.016571 -1.062874 2.745513 1.000000
-0.107780 -1.086407 2.549901 0.000000
0.151771 -1.077346 2.596743 0.100962
-0.239965 0.653777 2.477642 1.000000
-0.366136 0.399562 2.541301 1.000000
-0.084134 0.399017 2.902188 1.000000
-0.154882 0.485406 2.666978 0.000000
-0.279964 0.245680 2.764357 0.000000
-0.327655 0.026941 2.487231 1.000000
-0.058807 0.046150 2.837904 0.461538
-0.310377 0.032258 2.752614 0.000000
-0.511952 0.157470 2.530116 1.000000
0.044661 0.193742 2.756435 1.000000
-0.240634 0.075947 2.398585 1.000000
0.305216 0.117845 2.601907 1.000000
-0.161846 0.092392 2.358881 0.778846
0.337566 0.127535 2.518756 0.644231
-0.287155 -0.588571 2.630469 1.000000
-0.013475 -0.566685 2.708679 1.000000
-0.268560 -1.079847 2.703347 1.000000
0.013994 -1.060852 2.753994 1.000000
-0.093256 -1.094058 2.562820 0.000000
0.196031 -1.062877 2.621557 0.014423
-0.232401 0.657398 2.478466 1.000000
-0.353277 0.402015 2.533182 1.000000
-0.095759 0.401400 2.911928 1.000000
-0.149185 0.485768 2.671471 0.000000
-0.284942 0.249723 2.763391 0.000000
-0.318131 0.031282 2.483191 1.000000
-0.054470 0.044534 2.838053 0.259615
-0.304903 0.035819 2.748821 0.028846
-0.470768 0.148139 2.488188 1.000000
0.049757 0.203540 2.770729 1.000000
-0.176153 0.162877 2.383818 1.000000
0.326822 0.164987 2.630617 1.000000
-0.091447 0.190526 2.373102 0.846154
0.354050 0.194768 2.550454 0.593750
-0.273346 -0.587323 2.617108 1.000000
-0.014119 -0.567967 2.727840 1.000000
-0.275258 -1.076035 2.707473 1.000000
0.031669 -1.060662 2.774364 1.000000
-0.099613 -1.102303 2.569124 0.000000
0.215702 -1.055794 2.644791 0.000000
-0.218696 0.668314 2.484451 1.000000
-0.313448 0.399473 2.516176 1.000000
-0.095734 0.395980 2.919106 0.000000
-0.120151 0.476472 2.672699 0.000000
-0.276789 0.250139 2.755372 0.000000
-0.276861 0.031405 2.460296 1.000000
-0.069143 0.031582 2.850773 0.086538
-0.303426 0.026447 2.724917 0.432692
-0.387893 0.146734 2.421185 1.000000
0.069125 0.217183 2.780254 1.000000
-0.102477 0.264510 2.402978 1.000000
0.354939 0.198727 2.663566 1.000000
-0.034604 0.318001 2.427195 0.980769
0.393407 0.242193 2.595116 0.862981
-0.252720 -0.591528 2.591260 1.000000
-0.021949 -0.579285 2.741652 1.000000
-0.273909 -1.073963 2.708802 1.000000
0.035491 -1.070069 2.794942 1.000000
-0.083924 -1.110365 2.593641 0.000000
0.235751 -1.057717 2.692841 0.115385
-0.185772 0.682539 2.492281 1.000000
-0.291793 0.401539 2.507067 1.000000
-0.113684 0.387003 2.928766 0.000000
-0.114832 0.474537 2.683555 0.000000
-0.277374 0.245439 2.744310 0.000000
-0.259765 0.024144 2.449555 1.000000
-0.072090 0.025474 2.850050 0.230769
-0.299571 0.016814 2.712456 0.475962
-0.313989 0.154170 2.380036 1.000000
0.059335 0.204386 2.808250 1.000000
-0.058846 0.316230 2.439584 1.000000
0.343649 0.186531 2.691037 1.000000
0.012404 0.369184 2.452762 1.000000
0.396642 0.222605 2.628229 1.000000
-0.230389 -0.598976 2.591164 1.000000
-0.012460 -0.584693 2.742312 1.000000
-0.270272 -1.077877 2.717941 1.000000
0.041451 -1.076116 2.793363 1.000000
-0.075105 -1.121499 2.614557 0.000000
0.246825 -1.063068 2.702082 0.057692
-0.144744 0.694530 2.520916 1.000000
-0.274087 0.376499 2.461655 1.000000
-0.044823 0.397778 2.857571 0.000000
-0.061273 0.433899 2.600245 0.000000
-0.261956 0.270498 2.725238 0.028846
-0.259209 0.012672 2.454673 1.000000
-0.039025 0.005036 2.838184 0.750000
-0.277205 0.001254 2.719816 0.086538
-0.195654 0.137127 2.344764 1.000000
0.069058 0.146926 2.822806 1.000000
-0.019740 0.358792 2.462935 1.000000
0.347377 0.169563 2.696079 1.000000
0.059111 0.392381 2.489555 0.947115
0.370698 0.192516 2.612511 0.610577
-0.202295 -0.614145 2.589971 1.000000
-0.002940 -0.603803 2.751517 1.000000
-0.273302 -1.087061 2.725310 1.000000
0.040272 -1.098240 2.777463 1.000000
-0.088879 -1.147415 2.611175 0.000000
0.238762 -1.086432 2.671900 0.110577
-0.131108 0.753221 2.594971 0.427885
-0.229120 0.384714 2.479134 1.000000
-0.115810 0.386451 2.922893 0.490385
-0.069758 0.449624 2.674537 0.000000
-0.271168 0.251367 2.726742 0.129808
-0.185956 0.008449 2.420231 1.000000
-0.066237 0.023760 2.845733 0.173077
-0.268110 0.008191 2.673224 0.216346
-0.084356 0.191377 2.348823 1.000000
0.040797 0.164130 2.879404 0.000000
0.093749 0.406405 2.466697 1.000000
0.301652 0.147957 2.723876 0.000000
0.165199 0.415687 2.520205 1.000000
0.378409 0.147205 2.677376 0.000000
-0.169830 -0.610003 2.587408 1.000000
0.020583 -0.589398 2.741153 1.000000
-0.268126 -1.080109 2.715264 1.000000
0.038783 -1.084307 2.782897 1.000000
-0.061483 -1.141075 2.649971 0.000000
0.256922 -1.080970 2.727353 0.000000
-0.052461 0.687869 2.617310 1.000000
-0.210560 0.398299 2.481931 1.000000
-0.094909 0.367444 2.924014 0.288462
-0.048641 0.446075 2.680152 0.000000
-0.254537 0.249627 2.720304 0.201923
-0.158486 0.013340 2.415176 1.000000
-0.046506 0.019129 2.843015 0.298077
-0.245384 0.010856 2.666567 0.043269
-0.023185 0.229564 2.368570 1.000000
0.056917 0.144612 2.867989 0.000000
0.217732 0.399310 2.448307 1.000000
0.317907 0.120817 2.713673 0.000000
0.226750 0.449688 2.522030 1.000000
0.394922 0.117681 2.667702 0.000000
-0.158719 -0.607772 2.577105 1.000000
0.036364 -0.591323 2.744257 1.000000
-0.285292 -1.063935 2.728443 1.000000
0.040787 -1.087547 2.771657 1.000000
-0.084502 -1.141519 2.662521 0.000000
0.260883 -1.088198 2.724341 0.072115
-0.041320 0.687372 2.626070 0.836538
-0.155064 0.376893 2.468341 1.000000
-0.100069 0.363447 2.922828 0.432692
-0.016318 0.423398 2.683697 0.000000
-0.241930 0.246739 2.705771 0.302885
-0.127392 0.008994 2.413181 1.000000
-0.051170 0.012196 2.848841 0.461538
-0.234866 0.008262 2.656499 0.187500
0.088829 0.266947 2.390642 1.000000
0.038153 0.126184 2.901745 0.000000
0.327676 0.448213 2.459516 1.000000
0.313233 0.061341 2.789397 0.000000
0.380044 0.478828 2.525657 1.000000
0.394904 0.045865 2.755563 0.000000
-0.159501 -0.611081 2.582583 1.000000
0.057603 -0.593002 2.743634 1.000000
-0.297612 -1.073575 2.701045 1.000000
0.045941 -1.089250 2.768349 1.000000
-0.088894 -1.146687 2.658944 0.000000
0.269275 -1.095871 2.740794 0.038462
-0.034200 0.686005 2.641170 0.846154
-0.063161 0.337375 2.478901 1.000000
-0.159931 0.325469 2.917160 0.000000
0.003718 0.371488 2.719946 0.000000
-0.235197 0.222192 2.663136 0.173077
-0.038713 -0.040275 2.426903 1.000000
-0.131500 -0.028292 2.859183 0.201923
-0.229563 -0.030492 2.611931 0.000000
0.206060 0.415298 2.459326 1.000000
-0.051624 0.073508 2.942241 0.000000
0.508523 0.476580 2.491368 1.000000
0.231028 -0.038705 2.938804 0.000000
0.597840 0.482133 2.498153 1.000000
0.315665 -0.068522 2.937446 0.000000
-0.176887 -0.650714 2.582400 1.000000
0.089908 -0.613397 2.742552 1.000000
-0.343083 -1.104431 2.698709 1.000000
0.052808 -1.108801 2.756947 1.000000
-0.131689 -1.172326 2.735916 0.000000
0.275098 -1.124519 2.788909 0.000000
-0.016735 0.636469 2.618259 1.000000
-0.048386 0.294316 2.494215 1.000000
-0.175828 0.301057 2.924211 0.000000
-0.000331 0.343783 2.736682 0.000000
-0.228455 0.181540 2.671615 0.000000
0.000663 -0.057774 2.447933 1.000000
-0.147457 -0.060359 2.864675 0.288462
-0.212586 -0.053375 2.606868 0.000000
0.211858 0.395960 2.453486 1.000000
-0.060927 0.055713 2.973686 0.000000
0.510848 0.479328 2.483064 1.000000
0.221401 -0.052894 3.005165 0.000000
0.597146 0.502109 2.492448 1.000000
0.305902 -0.081786 3.014072 0.000000
-0.192813 -0.664025 2.579727 1.000000
0.097940 -0.637612 2.750841 1.000000
-0.378098 -1.109782 2.697960 1.000000
0.060535 -1.133202 2.750186 1.000000
-0.174108 -1.176564 2.765853 0.000000
0.278456 -1.149721 2.804211 0.033654
0.001353 0.634822 2.623365 1.000000
-0.034156 0.335930 2.472584 1.000000
-0.143513 0.285836 2.914506 0.057692
0.013541 0.372723 2.725888 0.000000
-0.186588 0.179230 2.654432 0.000000
-0.010157 -0.043695 2.455288 1.000000
-0.131196 -0.073971 2.879614 0.144231
-0.212845 -0.054639 2.627196 0.014423
0.242646 0.343747 2.400105 1.000000
0.012279 0.060442 2.942261 0.000000
0.512843 0.477730 2.494791 1.000000
0.307490 -0.009569 2.963343 0.000000
0.599738 0.465407 2.513549 0.896635
0.395306 -0.027046 2.969457 0.000000
-0.204727 -0.654794 2.585520 1.000000
0.098580 -0.646263 2.762060 1.000000
-0.372653 -1.114810 2.670345 1.000000
0.066352 -1.142115 2.752029 1.000000
-0.168452 -1.176006 2.742722 0.000000
0.283637 -1.157388 2.808910 0.000000
0.021875 0.635553 2.625149 0.956731
-0.075054 0.329645 2.460043 1.000000
-0.113234 0.306875 2.915881 0.865385
0.012781 0.379687 2.699986 0.000000
-0.198392 0.186669 2.672657 0.028846
-0.042174 -0.032789 2.447959 1.000000
-0.098812 -0.064777 2.885439 0.000000
-0.217073 -0.044953 2.648002 0.389423
0.168308 0.237856 2.337502 1.000000
0.041420 0.079918 2.936280 0.000000
0.408501 0.365751 2.501108 1.000000
0.332498 -0.007691 2.926588 0.000000
0.488393 0.377260 2.540342 0.223558
0.419210 -0.030607 2.923380 0.000000
-0.198847 -0.649323 2.600179 1.000000
0.093808 -0.642640 2.766769 1.000000
-0.375294 -1.109001 2.667794 1.000000
0.062536 -1.138621 2.760994 1.000000
-0.167140 -1.182373 2.712172 0.000000
0.284171 -1.153024 2.797763 0.000000
0.065110 0.643658 2.629305 1.000000
-0.102492 0.321323 2.423375 1.000000
-0.072696 0.321980 2.880404 1.000000
0.020351 0.382050 2.644765 0.000000
-0.193861 0.190980 2.659005 0.000000
-0.064271 -0.038892 2.444795 1.000000
-0.054378 -0.062590 2.886338 0.000000
-0.206889 -0.042936 2.669292 0.144231
0.143502 0.177935 2.361227 1.000000
0.081841 0.094323 2.891997 0.000000
0.297468 0.315201 2.608282 1.000000
0.365529 -0.005841 2.847455 0.000000
0.302190 0.357676 2.687199 1.000000
0.450066 -0.032640 2.833679 0.000000
-0.194456 -0.655102 2.603721 1.000000
0.086847 -0.652082 2.770960 1.000000
-0.376267 -1.112671 2.671425 1.000000
0.073184 -1.148485 2.750817 1.000000
-0.167001 -1.195666 2.672474 0.000000
0.297868 -1.155172 2.763214 0.000000
0.086360 0.632463 2.634077 0.937500
-0.110658 0.317901 2.461365 1.000000
0.067518 0.392161 2.873209 1.000000
0.084041 0.394855 2.616162 0.000000
-0.131447 0.247213 2.736010 0.000000
-0.139116 -0.007873 2.458138 1.000000
0.016128 -0.037824 2.871202 0.663462
-0.198753 -0.007576 2.717364 0.432692
-0.058236 0.076722 2.305692 1.000000
0.333163 0.390933 2.793572 1.000000
0.116589 0.259861 2.505044 1.000000
0.597443 0.538002 2.745362 1.000000
0.180846 0.222677 2.555470 0.862981
0.686797 0.529964 2.742961 0.391827
-0.177602 -0.635895 2.595244 1.000000
0.073294 -0.633654 2.761750 1.000000
-0.374688 -1.087706 2.658749 1.000000
0.071561 -1.130629 2.757046 1.000000
-0.183424 -1.181391 2.585796 0.000000
0.288219 -1.130805 2.695884 0.168269
0.147885 0.628255 2.633520 0.822115
-0.110383 0.308864 2.493975 1.000000
0.137581 0.392505 2.864773 1.000000
0.112695 0.376883 2.609740 0.000000
-0.091973 0.258699 2.773266 0.000000
-0.144835 0.002311 2.472733 1.000000
0.071039 -0.020344 2.858097 1.000000
-0.162499 0.020582 2.737514 0.274038
-0.266740 0.069723 2.432359 0.000000
0.394327 0.379110 2.754168 1.000000
0.019713 0.212545 2.390689 1.000000
0.692999 0.452219 2.722871 1.000000
0.072966 0.247840 2.453719 1.000000
0.779588 0.474463 2.715003 0.000000
-0.178171 -0.620001 2.589038 1.000000
0.075381 -0.622303 2.758356 1.000000
-0.370933 -1.073250 2.655503 1.000000
0.071297 -1.119273 2.754886 1.000000
-0.195983 -1.163651 2.546410 0.000000
0.274092 -1.120257 2.657140 0.144231
0.146913 0.638986 2.643396 0.855769
-0.070838 0.364570 2.521173 1.000000
0.078367 0.341106 2.953552 0.000000
0.112799 0.400095 2.702301 0.000000
-0.112643 0.235688 2.771175 0.000000
-0.106125 -0.003904 2.459602 1.000000
0.030810 -0.017768 2.879931 0.432692
-0.175828 0.014772 2.715625 0.000000
-0.201420 0.109179 2.463533 1.000000
0.307011 0.263547 2.809066 1.000000
0.082016 0.241392 2.382440 1.000000
0.586945 0.364246 2.719351 1.000000
0.133104 0.290574 2.437446 1.000000
0.635503 0.336006 2.649358 0.560096
-0.180288 -0.621518 2.589408 1.000000
0.080489 -0.619532 2.761708 1.000000
-0.368415 -1.075684 2.662553 1.000000
0.062647 -1.116148 2.753785 1.000000
-0.176519 -1.167114 2.588404 0.000000
0.280726 -1.123098 2.698335 0.192308
0.162520 0.638268 2.603335 0.961538
-0.069770 0.374285 2.510871 1.000000
0.040832 0.334106 2.953496 0.596154
0.093289 0.411350 2.710446 0.000000
-0.123988 0.227021 2.748006 0.245192
-0.082515 -0.008642 2.448282 1.000000
0.021879 -0.015545 2.878019 0.432692
-0.171939 0.012050 2.697942 0.000000
-0.064832 0.101314 2.404992 0.000000
0.268654 0.198436 2.857319 0.000000
0.180315 0.311073 2.383104 1.000000
0.542543 0.296709 2.746170 0.000000
0.214548 0.364884 2.446246 1.000000
0.621218 0.327586 2.715984 0.000000
-0.172362 -0.623114 2.600092 1.000000
0.088018 -0.618048 2.771739 1.000000
-0.378420 -1.069180 2.674749 1.000000
0.065179 -1.114110 2.751510 1.000000
-0.183665 -1.168224 2.620509 0.000000
0.287458 -1.122934 2.716935 0.105769
0.139164 0.646612 2.619049 0.961538
-0.015066 0.307862 2.499441 1.000000
0.003477 0.307935 2.954659 0.038462
0.109820 0.352063 2.721131 0.000000
-0.129977 0.193953 2.730924 0.028846
-0.038773 -0.056896 2.436630 1.000000
-0.002063 -0.030667 2.876612 0.173077
-0.166578 -0.024675 2.667677 0.259615
0.250520 0.284208 2.397470 1.000000
0.229668 0.141867 2.926051 0.000000
0.443044 0.509822 2.504331 1.000000
0.533353 0.186471 2.873015 0.000000
0.513304 0.516344 2.559788 0.492788
0.620656 0.201948 2.859122 0.000000
-0.178844 -0.652777 2.616510 1.000000
0.107114 -0.639500 2.777244 1.000000
-0.386354 -1.101830 2.664462 1.000000
0.061389 -1.134174 2.762549 1.000000
-0.182887 -1.197264 2.651246 0.000000
0.285530 -1.154766 2.758316 0.014423
0.124476 0.617915 2.628052 0.985577
0.025585 0.306727 2.497574 1.000000
-0.029634 0.284560 2.940948 0.000000
0.117948 0.325037 2.730299 0.000000
-0.137369 0.198715 2.692186 0.274038
-0.000592 -0.077564 2.441102 1.000000
-0.039759 -0.049233 2.880742 0.259615
-0.166372 -0.046733 2.646824 0.072115
0.299012 0.376491 2.445819 1.000000
0.176771 0.092323 2.942002 0.000000
0.588853 0.490511 2.503870 1.000000
0.488119 0.090336 2.951247 0.000000
0.676842 0.503107 2.516267 1.000000
0.577750 0.092207 2.955393 0.000000
-0.187846 -0.665933 2.620259 1.000000
0.123722 -0.649595 2.774480 1.000000
-0.388434 -1.117249 2.675812 1.000000
0.059891 -1.142433 2.767777 1.000000
-0.182808 -1.205676 2.699894 0.000000
0.282095 -1.171505 2.789263 0.000000
0.120845 0.608570 2.623260 1.000000
0.029263 0.319956 2.499124 1.000000
-0.059332 0.273381 2.938621 0.000000
0.095509 0.347376 2.742812 0.000000
-0.127171 0.176941 2.679862 0.187500
0.021758 -0.070184 2.451591 1.000000
-0.059274 -0.059867 2.886272 0.692308
-0.163692 -0.054972 2.641675 0.033654
0.305764 0.393419 2.468735 1.000000
0.178289 0.122882 2.959734 0.000000
0.617454 0.447867 2.497566 1.000000
0.482670 0.169053 3.007140 0.000000
0.705941 0.433178 2.500492 1.000000
0.569756 0.184584 3.022282 0.000000
-0.189632 -0.660056 2.615779 1.000000
0.122070 -0.656110 2.774784 1.000000
-0.371486 -1.119207 2.671624 1.000000
0.064618 -1.149732 2.768015 1.000000
-0.164875 -1.195336 2.718501 0.000000
0.285033 -1.175901 2.805612 0.000000
0.114078 0.613238 2.623689 1.000000
0.006810 0.324188 2.492861 1.000000
-0.060115 0.267048 2.942327 0.230769
0.080118 0.353990 2.740912 0.000000
-0.131476 0.167506 2.685699 0.086538
0.022936 -0.065040 2.448314 1.000000
-0.040165 -0.070131 2.886049 0.317308
-0.154190 -0.052593 2.646371 0.230769
0.278976 0.281100 2.401447 1.000000
0.188333 0.134433 2.958025 0.000000
0.567831 0.350612 2.521963 1.000000
0.491119 0.189108 3.006585 0.000000
0.636814 0.342267 2.578762 0.358173
0.577717 0.206871 3.022068 0.000000
-0.189393 -0.658132 2.609918 1.000000
0.121426 -0.664280 2.773174 1.000000
-0.365795 -1.119488 2.665076 1.000000
0.067959 -1.158383 2.776701 1.000000
-0.157414 -1.194287 2.705864 0.000000
0.289251 -1.182087 2.810598 0.000000
0.146378 0.600776 2.627319 1.000000
-0.012666 0.364927 2.466468 1.000000
-0.032048 0.284144 2.916871 0.923077
0.086587 0.381625 2.706597 0.000000
-0.130642 0.198255 2.664361 0.000000
-0.005942 -0.045641 2.442809 1.000000
-0.022092 -0.067348 2.884270 0.028846
-0.161290 -0.044765 2.658729 0.375000
0.199017 0.193782 2.364178 1.000000
0.215859 0.150305 2.903119 0.000000
0.433927 0.293276 2.559238 1.000000
0.523292 0.192722 2.929812 0.000000
0.497431 0.323314 2.615089 0.000000
0.611441 0.206774 2.939122 0.000000
-0.175447 -0.653190 2.597053 1.000000
0.116272 -0.659763 2.769334 1.000000
-0.376438 -1.102099 2.668409 1.000000
0.076744 -1.155176 2.765808 1.000000
-0.170560 -1.192448 2.679918 0.000000
0.300220 -1.173151 2.786218 0.000000
0.157013 0.625974 2.640916 1.000000
-0.035074 0.363780 2.454302 1.000000
-0.012208 0.301971 2.903410 1.000000
0.085303 0.391738 2.683473 0.000000
-0.131648 0.203829 2.668658 0.000000
-0.011889 -0.018744 2.444941 1.000000
0.018390 -0.070944 2.883094 1.000000
-0.142580 -0.024196 2.676555 0.230769
0.113367 0.127745 2.370241 1.000000
0.249665 0.359200 2.811591 1.000000
0.273430 0.263711 2.613815 1.000000
0.539474 0.473072 2.780700 1.000000
0.303447 0.285827 2.695449 0.677885
0.589816 0.528115 2.730796 1.000000
-0.153514 -0.640442 2.592443 1.000000
0.114905 -0.657236 2.756757 1.000000
-0.381653 -1.076782 2.660033 1.000000
0.067512 -1.151895 2.765394 1.000000
-0.181952 -1.180650 2.663549 0.000000
0.291610 -1.173354 2.766086 0.000000
0.144714 0.632074 2.643334 0.572115
-0.082252 0.298720 2.486896 1.000000
0.191739 0.341294 2.837490 0.000000
0.154390 0.333817 2.589660 0.000000
-0.054734 0.242199 2.764217 0.000000
-0.117897 -0.000853 2.464105 1.000000
0.119076 -0.049745 2.834340 1.000000
-0.119684 0.003857 2.730056 0.533654
-0.000228 0.082681 2.309796 1.000000
0.445573 0.418052 2.733789 1.000000
0.118484 0.324423 2.485420 1.000000
0.758135 0.451368 2.725216 1.000000
0.160427 0.349298 2.560763 0.341346
0.847421 0.460369 2.724007 0.000000
-0.144705 -0.631713 2.577945 1.000000
0.103182 -0.644120 2.750106 1.000000
-0.378374 -1.062802 2.658998 1.000000
0.066696 -1.139564 2.764697 1.000000
-0.216530 -1.171664 2.546584 0.000000
0.265759 -1.157276 2.661056 0.067308
0.261626 0.549666 2.677531 1.000000
-0.053707 0.342936 2.475508 1.000000
0.142461 0.396674 2.885816 1.000000
0.148999 0.407129 2.625780 0.000000
-0.067902 0.263772 2.748255 0.000000
-0.092427 0.001765 2.448935 1.000000
0.086142 -0.003755 2.853536 0.605769
-0.134656 0.032644 2.709738 0.000000
0.076094 0.130235 2.324163 1.000000
0.377536 0.311611 2.747386 1.000000
0.207967 0.377394 2.482841 1.000000
0.679651 0.378378 2.685288 1.000000
0.285288 0.364604 2.526571 0.947115
0.759325 0.372871 2.644346 0.408654
-0.150709 -0.612822 2.587615 1.000000
0.101247 -0.610368 2.748657 1.000000
-0.370361 -1.050694 2.671458 1.000000
0.069347 -1.106164 2.761979 1.000000
-0.192760 -1.156787 2.582670 0.000000
0.279778 -1.121811 2.683524 0.000000
0.313173 0.593354 2.641571 0.240385
-0.076793 0.328193 2.488350 1.000000
0.128567 0.351178 2.897084 0.673077
0.124176 0.393916 2.640284 0.000000
-0.072811 0.215287 2.749301 0.000000
-0.103326 -0.011494 2.453688 1.000000
0.092223 -0.022531 2.850247 0.269231
-0.134641 0.014922 2.716512 0.000000
0.148191 0.211140 2.354800 1.000000
0.340410 0.185847 2.811756 1.000000
0.312729 0.447610 2.485955 1.000000
0.580659 0.287216 2.641606 1.000000
0.395900 0.439273 2.518626 0.846154
0.650429 0.315862 2.592965 0.000000
-0.160423 -0.627293 2.592572 1.000000
0.100880 -0.627769 2.758599 1.000000
-0.374773 -1.066960 2.680634 1.000000
0.070994 -1.123870 2.758153 1.000000
-0.200373 -1.171368 2.583864 0.000000
0.279653 -1.136364 2.674567 0.000000
0.187377 0.635639 2.630409 0.629808
-0.074370 0.361768 2.478240 1.000000
0.120951 0.327226 2.891060 0.500000
0.126440 0.396817 2.640224 0.000000
-0.085177 0.222165 2.725734 0.086538
-0.107963 -0.027526 2.447949 1.000000
0.085353 -0.014242 2.845531 1.000000
-0.141542 0.010922 2.709003 0.317308
0.190725 0.288834 2.393020 1.000000
0.279861 0.103418 2.823796 0.000000
0.460825 0.451080 2.435107 1.000000
0.515426 0.192139 2.639295 0.000000
0.521812 0.500137 2.479021 1.000000
0.583250 0.218052 2.586544 0.000000
-0.163770 -0.634897 2.614271 1.000000
0.103962 -0.625049 2.773658 1.000000
-0.379580 -1.080135 2.661160 1.000000
0.063979 -1.120254 2.760133 1.000000
-0.196286 -1.178092 2.574620 0.000000
0.275148 -1.135212 2.683548 0.264423
0.201386 0.634714 2.621137 0.514423
0.001065 0.300220 2.495359 1.000000
0.072048 0.285774 2.935575 0.019231
0.156697 0.311388 2.690687 0.000000
-0.108817 0.208707 2.730131 0.750000
-0.057752 -0.076291 2.435880 1.000000
0.035933 -0.031175 2.865772 0.432692
-0.153725 -0.028359 2.679286 0.000000
0.274525 0.349031 2.410187 1.000000
0.175160 0.022654 2.937156 0.000000
0.569234 0.470880 2.445557 1.000000
0.464010 0.006038 2.820143 0.000000
0.650133 0.482975 2.482482 1.000000
0.547198 0.001657 2.786752 0.000000
-0.181387 -0.664509 2.625791 1.000000
0.113689 -0.647776 2.774997 1.000000
-0.388227 -1.114051 2.672027 1.000000
0.058274 -1.141559 2.764217 1.000000
-0.187956 -1.210000 2.635055 0.000000
0.279937 -1.165759 2.733215 0.230769
0.179899 0.605359 2.613321 1.000000
0.025159 0.309276 2.497206 1.000000
0.003892 0.282152 2.942857 0.000000
0.136246 0.319426 2.721758 0.000000
-0.126903 0.205542 2.702269 0.490385
-0.005078 -0.087448 2.441373 1.000000
-0.000241 -0.042405 2.881336 0.403846
-0.148805 -0.042769 2.660692 0.562500
0.304354 0.364665 2.436682 1.000000
0.115382 0.023138 2.961529 0.000000
0.619747 0.425711 2.445313 1.000000
0.423284 0.006561 2.913316 0.000000
0.704117 0.397522 2.457203 1.000000
0.511886 0.002171 2.899727 0.000000
-0.191597 -0.666276 2.622554 1.000000
0.120583 -0.655582 2.775131 1.000000
-0.378665 -1.124720 2.665481 1.000000
0.072152 -1.150201 2.771272 1.000000
-0.170110 -1.209323 2.670800 0.000000
0.296205 -1.172140 2.771322 0.000000
0.167268 0.595280 2.605648 1.000000
0.008998 0.317688 2.501261 1.000000
-0.024882 0.264210 2.952912 0.000000
0.110184 0.326337 2.739161 0.000000
-0.138873 0.187297 2.704015 0.317308
-0.005360 -0.071751 2.455037 1.000000
-0.024308 -0.066342 2.896887 0.115385
-0.161955 -0.056255 2.669496 0.475962
0.281861 0.273093 2.409574 1.000000
0.110879 0.016747 2.967003 0.000000
0.592465 0.314446 2.482333 1.000000
0.422046 0.012639 2.943330 0.000000
0.676652 0.306605 2.512426 0.762019
0.511551 0.011802 2.936800 0.000000
-0.189096 -0.666229 2.624852 1.000000
0.120469 -0.665627 2.785640 1.000000
-0.380220 -1.123307 2.664348 1.000000
0.077322 -1.160442 2.768156 1.000000
-0.172479 -1.209017 2.677722 0.000000
0.300688 -1.180609 2.787707 0.000000
0.173780 0.590296 2.619597 1.000000
-0.017084 0.351016 2.477251 1.000000
-0.037788 0.276969 2.928751 0.000000
0.082932 0.368525 2.717005 0.000000
-0.138904 0.190112 2.677573 0.158654
-0.009687 -0.066025 2.457465 1.000000
-0.024194 -0.061542 2.899493 0.000000
-0.164194 -0.051878 2.673526 0.495192
0.213530 0.204879 2.374623 1.000000
0.137590 0.055490 2.936287 0.000000
0.493213 0.260060 2.524565 1.000000
0.447130 0.091756 2.919793 0.000000
0.556914 0.233705 2.582027 0.425481
0.536119 0.102505 2.915328 0.000000
-0.186725 -0.662764 2.620065 1.000000
0.115241 -0.662517 2.781907 1.000000
-0.375185 -1.119122 2.676885 1.000000
0.076249 -1.157895 2.772468 1.000000
-0.166887 -1.204146 2.684885 0.000000
0.300204 -1.175796 2.786788 0.000000
0.202687 0.585605 2.627098 1.000000
-0.024803 0.364336 2.465786 1.000000
0.022362 0.305034 2.910672 0.769231
0.114613 0.378681 2.685215 0.000000
-0.125354 0.220587 2.689583 0.201923
-0.027110 -0.034204 2.461458 1.000000
0.026355 -0.051589 2.900160 0.721154
-0.146054 -0.025905 2.699236 0.187500
0.120533 0.136564 2.355017 1.000000
0.299059 0.350317 2.870523 1.000000
0.341924 0.234975 2.567846 1.000000
0.550864 0.493598 2.752617 1.000000
0.403011 0.263024 2.627311 0.000000
0.622933 0.534729 2.718431 0.000000
-0.173176 -0.641759 2.615973 1.000000
0.112693 -0.652628 2.775636 1.000000
-0.368890 -1.095669 2.667650 1.000000
0.061767 -1.147010 2.774469 1.000000
-0.164917 -1.186785 2.639829 0.000000
0.285274 -1.170000 2.760419 0.000000
0.211217 0.635235 2.648881 0.634615
-0.062133 0.356684 2.500031 1.000000
0.179602 0.385003 2.878948 1.000000
0.161712 0.398496 2.626272 0.000000
-0.053181 0.275909 2.772527 0.000000
-0.111825 0.021140 2.486495 1.000000
0.108836 -0.010894 2.868467 0.951923
-0.126535 0.031144 2.751898 0.605769
-0.117252 0.117523 2.349022 1.000000
0.431824 0.413001 2.757324 1.000000
0.121636 0.252835 2.509941 1.000000
0.732211 0.492567 2.753217 1.000000
0.181321 0.223752 2.570325 0.475962
0.816413 0.465393 2.768251 0.694712
-0.150556 -0.603337 2.595101 1.000000
0.101213 -0.612875 2.763508 1.000000
-0.359762 -1.047588 2.671800 1.000000
0.063353 -1.108384 2.770309 1.000000
-0.191346 -1.146263 2.559637 0.000000
0.265278 -1.125159 2.672196 0.230769
0.255207 0.617543 2.634102 0.812500
-0.080135 0.367813 2.533200 1.000000
0.183838 0.345778 2.902651 0.788462
0.144608 0.411950 2.657032 0.000000
-0.042208 0.231284 2.779737 0.000000
-0.115969 0.019599 2.507634 1.000000
0.130991 -0.023897 2.871967 0.307692
-0.111346 0.024489 2.773546 0.187500
-0.228947 0.155456 2.405941 1.000000
0.409139 0.382250 2.735736 1.000000
0.070480 0.228508 2.488167 1.000000
0.711774 0.457975 2.722239 1.000000
0.142383 0.215372 2.540241 0.879808
0.796373 0.429639 2.712516 1.000000
-0.167513 -0.603747 2.596504 1.000000
0.104514 -0.623470 2.759094 1.000000
-0.347061 -1.061346 2.669814 1.000000
0.058566 -1.117943 2.778937 1.000000
-0.184931 -1.145990 2.538549 0.000000
0.251599 -1.140440 2.665299 0.336538
0.226059 0.627679 2.619772 1.000000
-0.112632 0.370567 2.553091 1.000000
0.235111 0.381553 2.850947 1.000000
0.135036 0.422771 2.614139 0.000000
-0.015789 0.259418 2.796250 0.000000
-0.147820 0.037541 2.543447 1.000000
0.176877 -0.027305 2.836681 0.548077
-0.081286 0.025733 2.800719 0.000000
-0.291150 0.159615 2.466930 1.000000
0.485890 0.309415 2.738946 1.000000
0.023259 0.211959 2.491380 1.000000
0.784315 0.387391 2.682328 1.000000
0.110651 0.192704 2.498183 0.913462
0.869016 0.411869 2.665566 0.105769
-0.174903 -0.591796 2.598444 1.000000
0.099136 -0.623911 2.765598 1.000000
-0.312301 -1.062713 2.678245 1.000000
0.061849 -1.119466 2.772202 1.000000
-0.183570 -1.129454 2.506037 0.000000
0.220525 -1.133525 2.613126 0.000000
0.203693 0.656651 2.613438 0.975962
-0.144026 0.381952 2.576301 1.000000
0.234722 0.385374 2.833793 1.000000
0.109431 0.430995 2.610158 0.000000
-0.021988 0.266347 2.805650 0.000000
-0.168965 0.052625 2.560047 1.000000
0.185981 -0.017615 2.814408 0.567308
-0.075549 0.030522 2.808119 0.000000
-0.323551 0.162130 2.555373 1.000000
0.411073 0.172874 2.784136 1.000000
-0.021835 0.184979 2.470426 1.000000
0.665546 0.288139 2.650108 1.000000
0.053246 0.165088 2.425464 0.509615
0.719850 0.249340 2.590108 1.000000
-0.184275 -0.580074 2.612732 1.000000
0.088959 -0.614434 2.757241 1.000000
-0.265549 -1.060463 2.710864 1.000000
0.062211 -1.110616 2.767098 1.000000
-0.157495 -1.117376 2.521744 0.000000
0.198212 -1.121505 2.588028 0.096154
0.169950 0.654541 2.563060 1.000000
-0.164202 0.379330 2.584557 1.000000
0.232004 0.379586 2.814306 1.000000
0.092417 0.421100 2.598473 0.000000
-0.029593 0.268237 2.809052 0.000000
-0.192250 0.048935 2.573082 1.000000
0.179234 -0.017523 2.803740 0.288462
-0.082523 0.028540 2.814534 0.000000
-0.354673 0.172906 2.595531 1.000000
0.377680 0.145842 2.777752 1.000000
-0.066406 0.181154 2.480676 1.000000
0.635197 0.201768 2.620589 1.000000
-0.001245 0.147085 2.429221 0.812500
0.679594 0.150123 2.562141 1.000000
-0.179700 -0.586357 2.614244 1.000000
0.075862 -0.615957 2.756222 1.000000
-0.247971 -1.066018 2.725028 1.000000
0.066355 -1.112590 2.772770 1.000000
-0.152916 -1.124691 2.529572 0.000000
0.187883 -1.121225 2.583461 0.086538
0.132084 0.652443 2.542146 1.000000
-0.190550 0.385576 2.594684 1.000000
0.220735 0.376460 2.795993 1.000000
0.066642 0.426036 2.592058 0.000000
-0.041204 0.266173 2.805154 0.000000
-0.218931 0.042724 2.588620 1.000000
0.170603 -0.018256 2.789031 0.384615
-0.090347 0.022531 2.820597 0.000000
-0.368614 0.173496 2.620916 1.000000
0.337628 0.127776 2.775790 1.000000
-0.097706 0.173946 2.476107 1.000000
0.581507 0.122884 2.593901 1.000000
-0.031552 0.127847 2.436701 0.543269
0.615253 0.057704 2.542258 1.000000
-0.183343 -0.594659 2.641201 1.000000
0.066328 -0.618575 2.756283 1.000000
-0.244842 -1.082000 2.716866 1.000000
0.064467 -1.115137 2.777047 1.000000
-0.152651 -1.124821 2.515997 0.000000
0.169459 -1.123850 2.578095 0.000000
0.084759 0.666339 2.547229 1.000000
-0.227588 0.386848 2.600566 1.000000
0.186068 0.383748 2.797144 1.000000
0.027463 0.439148 2.598229 0.000000
-0.070491 0.261202 2.801545 0.000000
-0.241231 0.040876 2.591695 1.000000
0.154386 -0.005432 2.783949 0.548077
-0.107202 0.025520 2.820944 0.000000
-0.393481 0.174699 2.657604 1.000000
0.277583 0.129776 2.754108 1.000000
-0.156848 0.150402 2.468306 1.000000
0.501918 0.027831 2.579703 1.000000
-0.087867 0.103895 2.434644 0.543269
0.511127 -0.046876 2.530832 1.000000
-0.194688 -0.593363 2.654416 1.000000
0.052556 -0.611485 2.750025 1.000000
-0.255996 -1.083935 2.705292 1.000000
0.067184 -1.107494 2.777781 1.000000
-0.163244 -1.116530 2.502769 0.000000
0.166726 -1.115848 2.576031 0.000000
0.026431 0.674744 2.539714 1.000000
-0.258509 0.383087 2.602749 1.000000
0.154182 0.385423 2.801358 1.000000
-0.005842 0.445905 2.605077 0.000000
-0.097082 0.252358 2.796941 0.000000
-0.261621 0.037371 2.589633 1.000000
0.135147 -0.000601 2.781344 0.711538
-0.126956 0.025118 2.818697 0.000000
-0.415656 0.175771 2.687038 1.000000
0.240056 0.134568 2.741108 1.000000
-0.205155 0.137182 2.473968 1.000000
0.442111 -0.033395 2.595758 1.000000
-0.162434 0.060437 2.455540 0.947115
0.434138 -0.107431 2.545663 1.000000
-0.209809 -0.594815 2.659183 1.000000
0.039824 -0.609434 2.743754 1.000000
-0.256545 -1.087626 2.703477 1.000000
0.070271 -1.103883 2.783787 1.000000
-0.162910 -1.114745 2.500553 0.000000
0.169530 -1.114109 2.581985 0.000000
-0.010433 0.682619 2.543220 1.000000
-0.288966 0.383855 2.608613 1.000000
0.123686 0.392692 2.807116 1.000000
-0.039343 0.457625 2.614770 0.000000
-0.121413 0.249058 2.794663 0.000000
-0.284753 0.029715 2.579503 1.000000
0.108512 0.008080 2.780735 0.826923
-0.155011 0.026840 2.811696 0.000000
-0.427469 0.164555 2.692747 1.000000
0.195193 0.141785 2.732268 1.000000
-0.244818 0.085735 2.466682 1.000000
0.370984 -0.066858 2.608130 1.000000
-0.208929 0.007848 2.440225 0.778846
0.353175 -0.145012 2.567768 1.000000
-0.225228 -0.597958 2.662294 1.000000
0.028076 -0.605407 2.733711 1.000000
-0.254460 -1.091609 2.711925 1.000000
0.062370 -1.098378 2.786737 1.000000
-0.155829 -1.117626 2.511236 0.000000
0.167345 -1.112444 2.588083 0.000000
-0.042683 0.682802 2.535910 1.000000
-0.340142 0.388666 2.612960 1.000000
0.072086 0.391034 2.812526 1.000000
-0.091984 0.466544 2.624986 0.000000
-0.170203 0.244028 2.789197 0.000000
-0.318582 0.050793 2.587297 1.000000
0.080250 0.010906 2.774277 0.855769
-0.181782 0.032400 2.814678 0.000000
-0.427911 0.136644 2.678568 1.000000
0.143927 0.139084 2.732654 1.000000
-0.309686 -0.043268 2.464653 1.000000
0.276486 -0.119598 2.648972 1.000000
-0.279819 -0.127480 2.473064 0.947115
0.240495 -0.198932 2.627404 1.000000
-0.252025 -0.583407 2.666703 1.000000
0.014725 -0.594264 2.712485 1.000000
-0.237433 -1.077286 2.720366 0.969231
0.053460 -1.085205 2.779457 1.000000
-0.147410 -1.096945 2.514963 0.000000
0.154635 -1.104530 2.579278 0.057692
-0.099109 0.683937 2.536730 1.000000
-0.328347 0.407430 2.605627 1.000000
0.047858 0.382370 2.865638 0.817308
-0.086161 0.481746 2.665750 0.000000
-0.185821 0.240854 2.786729 0.000000
-0.315825 0.057922 2.560962 1.000000
0.056177 0.010979 2.795548 0.355769
-0.208657 0.034595 2.803296 0.000000
-0.450327 0.172028 2.679110 1.000000
0.111171 0.155163 2.725450 1.000000
-0.369181 -0.097320 2.564312 1.000000
0.219710 -0.124899 2.685470 1.000000
-0.397190 -0.172399 2.523900 1.000000
0.182398 -0.202145 2.659101 1.000000
-0.267896 -0.576049 2.675985 1.000000
0.002297 -0.590477 2.692850 1.000000
-0.223090 -1.067188 2.737503 0.891106
0.048164 -1.080497 2.762026 1.000000
-0.109374 -1.081087 2.543707 0.000000
0.172971 -1.095183 2.575240 0.038462
-0.153555 0.665413 2.514220 1.000000
-0.326691 0.419155 2.609713 1.000000
0.049817 0.398289 2.869657 0.788462
-0.083580 0.492712 2.666972 0.408654
-0.185554 0.256881 2.795742 0.000000
-0.316487 0.054096 2.544463 1.000000
0.040132 0.026086 2.804575 0.086538
-0.225247 0.040811 2.793970 0.000000
-0.439244 0.170605 2.671542 1.000000
0.109326 0.169616 2.720999 1.000000
-0.461392 -0.126996 2.591571 1.000000
0.166425 -0.132846 2.703731 1.000000
-0.443295 -0.212127 2.569673 1.000000
0.130374 -0.211337 2.679362 1.000000
-0.274478 -0.572530 2.681226 1.000000
-0.016256 -0.581501 2.668392 1.000000
-0.250691 -1.068200 2.708686 1.000000
0.016663 -1.073120 2.733472 1.000000
-0.122102 -1.072264 2.523944 0.000000
0.149314 -1.088234 2.552208 0.000000
-0.180873 0.672731 2.509192 1.000000
-0.364119 0.408694 2.613488 1.000000
0.013930 0.385685 2.871003 0.528846
-0.125575 0.490783 2.677911 0.052885
-0.212935 0.238203 2.783592 0.000000
-0.343594 0.043771 2.545132 1.000000
0.027361 0.034489 2.785810 0.038462
-0.238596 0.037414 2.789448 0.000000
-0.465428 0.144109 2.667136 1.000000
0.088546 0.151421 2.721179 1.000000
-0.522046 -0.167925 2.638287 1.000000
0.089188 -0.165086 2.690897 1.000000
-0.530651 -0.256998 2.645095 1.000000
0.051395 -0.240025 2.722682 0.930288
-0.274731 -0.578628 2.680401 1.000000
-0.043541 -0.579717 2.643728 1.000000
-0.251546 -1.074104 2.711616 1.000000
-0.063286 -1.069591 2.725226 1.000000
-0.131861 -1.080510 2.521049 0.000000
0.056980 -1.105530 2.538341 0.000000
-0.216704 0.665195 2.521265 1.000000
-0.366616 0.409927 2.615327 1.000000
0.020852 0.388219 2.858558 0.807692
-0.126658 0.493757 2.671757 0.129808
-0.207658 0.239335 2.778085 0.000000
-0.351982 0.046587 2.538100 1.000000
0.017666 0.041856 2.780912 0.000000
-0.248313 0.039397 2.782959 0.000000
-0.476002 0.145958 2.675390 1.000000
0.087384 0.146731 2.709218 0.984615
-0.539807 -0.168955 2.648387 1.000000
0.052416 -0.172860 2.690352 1.000000
-0.550415 -0.257474 2.638082 1.000000
0.005286 -0.249231 2.691210 0.576923
-0.278793 -0.574015 2.677758 1.000000
-0.064167 -0.574942 2.634514 1.000000
-0.250100 -1.068474 2.718932 1.000000
-0.052900 -1.065526 2.713313 1.000000
-0.129715 -1.077312 2.528904 0.000000
0.063194 -1.093513 2.522472 0.000000
-0.239192 0.659516 2.515029 1.000000
-0.376229 0.409126 2.626301 1.000000
0.026818 0.384125 2.842385 0.826923
-0.133101 0.492525 2.667836 0.038462
-0.206440 0.236124 2.774964 0.000000
-0.368410 0.042574 2.543697 1.000000
0.016074 0.041065 2.762304 0.000000
-0.249177 0.035289 2.781363 0.000000
-0.481083 0.141034 2.692919 1.000000
0.082559 0.147048 2.675583 1.000000
-0.540491 -0.175492 2.640420 1.000000
0.036411 -0.175004 2.655102 1.000000
-0.550545 -0.264588 2.644330 0.879808
-0.007043 -0.253515 2.653601 0.644231
-0.285061 -0.577378 2.674483 1.000000
-0.073028 -0.578363 2.632675 1.000000
-0.255677 -1.071695 2.716868 1.000000
-0.055472 -1.069314 2.707958 1.000000
-0.147453 -1.082164 2.519741 0.000000
0.049963 -1.095774 2.510817 0.000000
-0.239909 0.661489 2.518369 1.000000
-0.458551 0.344764 2.773068 1.000000
-0.028424 0.431212 2.641608 1.000000
-0.285712 0.464440 2.619457 0.043269
-0.192775 0.243802 2.778449 0.000000
-0.423714 0.025021 2.700856 0.269231
-0.004095 0.056074 2.564564 0.980769
-0.167958 0.035987 2.773131 0.000000
-0.489003 0.059094 2.694832 1.000000
0.083534 0.157115 2.671049 1.000000
-0.524154 -0.258099 2.615628 1.000000
0.073074 -0.169896 2.640674 1.000000
-0.534364 -0.344617 2.594065 0.000000
0.012285 -0.235467 2.632958 0.980769
-0.283038 -0.589300 2.663600 1.000000
-0.068957 -0.573183 2.644584 1.000000
-0.245005 -1.082568 2.711026 1.000000
-0.050951 -1.065674 2.708909 1.000000
-0.315556 -1.108411 2.498809 0.000000
-0.115453 -1.095925 2.495354 0.000000
-0.216181 0.694952 2.535610 1.000000
-0.450991 0.364675 2.786911 1.000000
-0.027146 0.414825 2.620763 1.000000
-0.281207 0.471790 2.621104 0.000000
-0.196166 0.239905 2.768054 0.000000
-0.432420 0.012289 2.699179 0.548077
-0.014460 0.052088 2.560093 1.000000
-0.176376 0.027341 2.769677 0.000000
-0.496492 0.091672 2.682432 1.000000
0.073627 0.139756 2.660743 1.000000
-0.482070 -0.228436 2.618753 1.000000
0.056762 -0.183395 2.617173 1.000000
-0.490228 -0.314134 2.593383 0.257212
-0.008178 -0.244563 2.626953 0.862981
-0.283170 -0.598980 2.662115 1.000000
-0.067446 -0.578760 2.637453 1.000000
-0.252342 -1.091268 2.723036 1.000000
-0.064703 -1.071352 2.703436 1.000000
-0.322916 -1.121870 2.511460 0.000000
-0.127677 -1.100392 2.489258 0.000000
-0.243212 0.703187 2.559571 1.000000
-0.448154 0.358680 2.816041 1.000000
-0.046795 0.418238 2.603610 1.000000
-0.299305 0.473062 2.635618 0.057692
-0.196774 0.236766 2.763088 0.000000
-0.418741 0.010396 2.733026 0.048077
-0.035707 0.042850 2.514276 1.000000
-0.153833 0.025245 2.751955 0.000000
-0.489027 0.100820 2.681125 1.000000
0.046250 0.145941 2.662606 1.000000
-0.445820 -0.213140 2.611202 1.000000
0.054931 -0.168946 2.585152 1.000000
-0.452279 -0.291482 2.654505 0.560096
-0.009429 -0.230679 2.595206 0.862981
-0.282717 -0.603422 2.658243 1.000000
-0.065706 -0.581666 2.641038 1.000000
-0.241141 -1.090460 2.748095 1.000000
-0.059036 -1.074480 2.705058 1.000000
-0.349405 -1.135170 2.555842 0.000000
-0.163874 -1.101540 2.507680 0.000000
-0.246878 0.701420 2.542385 1.000000
