-0.418267 0.359078 2.794780 1.000000
-0.056651 0.321929 2.595398 1.000000
-0.272282 0.434947 2.604569 0.000000
-0.217551 0.202340 2.747173 0.000000
-0.332456 0.005070 2.684617 0.000000
-0.022344 0.081309 2.554069 1.000000
-0.125628 0.039457 2.740146 0.000000
-0.441324 0.082821 2.743133 1.000000
0.074326 0.409076 2.828180 0.000000
-0.430158 -0.215640 2.670781 1.000000
-0.027684 0.694579 2.785397 0.000000
-0.393938 -0.282099 2.638092 0.610577
-0.034806 0.776520 2.779702 0.000000
-0.345156 -0.537935 2.693654 1.000000
-0.101572 -0.530138 2.610423 1.000000
-0.344465 -0.965684 2.857342 0.194231
-0.067696 -0.910861 2.862746 0.397356
-0.455503 -1.032941 2.682055 0.000000
-0.185197 -1.019533 2.714550 0.000000
-0.220167 0.638447 2.561391 1.000000
-0.406392 0.233479 2.818849 1.000000
-0.108309 0.363347 2.551012 1.000000
-0.351628 0.350850 2.603273 0.000000
-0.163803 0.194691 2.736590 0.000000
-0.271461 0.023266 2.700679 0.000000
-0.015337 0.068020 2.473913 1.000000
-0.055353 0.030804 2.683813 0.000000
-0.434066 -0.041520 2.761499 1.000000
0.104674 0.434381 2.720638 0.000000
-0.377593 -0.315723 2.634009 1.000000
-0.082620 0.675461 2.691664 0.115385
-0.372154 -0.375673 2.577672 0.173077
-0.133727 0.739356 2.681515 0.000000
-0.349926 -0.512320 2.718574 1.000000
-0.107967 -0.523830 2.625883 1.000000
-0.326302 -0.959104 2.816502 0.469231
-0.081355 -0.961378 2.758577 0.566106
-0.504275 -0.995012 2.695611 0.000000
-0.281663 -0.997364 2.680090 0.000000
-0.243663 0.623741 2.584282 1.000000
-0.403328 0.215051 2.800483 1.000000
-0.102881 0.358297 2.538984 1.000000
-0.348119 0.335988 2.587003 0.067308
-0.157756 0.185630 2.723353 0.000000
-0.271839 0.005332 2.698327 0.000000
-0.008509 0.025021 2.476302 1.000000
-0.055499 -0.004145 2.686028 0.000000
-0.441258 -0.063223 2.770497 1.000000
0.105396 0.430801 2.714164 0.000000
-0.382256 -0.336191 2.641074 1.000000
-0.079922 0.674724 2.695005 0.125000
-0.347075 -0.410077 2.651100 0.475962
-0.131426 0.738549 2.686565 0.000000
-0.353302 -0.534687 2.739066 1.000000
-0.117197 -0.557619 2.637326 1.000000
-0.313254 -0.989339 2.777162 0.337981
-0.071640 -0.998689 2.751984 0.322356
-0.498082 -1.015083 2.664227 0.000000
-0.253328 -1.046288 2.641067 0.000000
-0.253687 0.618951 2.588721 1.000000
-0.401129 0.207354 2.800153 1.000000
-0.102667 0.355463 2.540837 1.000000
-0.346923 0.332338 2.588756 0.052885
-0.155838 0.179682 2.721496 0.000000
-0.268150 -0.001073 2.697440 0.000000
-0.004806 0.011787 2.474933 1.000000
-0.051945 -0.013272 2.685156 0.000000
-0.441594 -0.071213 2.775198 1.000000
0.106851 0.428472 2.714691 0.000000
-0.375846 -0.341079 2.642178 1.000000
-0.076581 0.674335 2.698373 0.076923
-0.369853 -0.420637 2.662962 0.862981
-0.128385 0.738162 2.692061 0.000000
-0.342758 -0.546666 2.739495 0.888462
-0.120822 -0.567607 2.642503 1.000000
-0.310411 -1.002948 2.762387 0.234856
-0.063032 -1.010868 2.742225 0.422356
-0.492153 -1.021809 2.643255 0.000000
-0.246436 -1.059032 2.634422 0.000000
-0.250972 0.614158 2.591669 1.000000
-0.407434 0.212661 2.798241 1.000000
-0.104954 0.362158 2.543346 1.000000
-0.350310 0.338981 2.588412 0.000000
-0.161225 0.185019 2.722499 0.000000
-0.277049 -0.000072 2.699655 0.000000
-0.010962 0.014717 2.480557 1.000000
-0.060413 -0.005838 2.690738 0.000000
-0.444011 -0.066660 2.773442 1.000000
0.110674 0.429426 2.712474 0.000000
-0.372649 -0.334197 2.638124 1.000000
-0.072638 0.676091 2.701630 0.048077
-0.372780 -0.413140 2.661904 0.930288
-0.123724 0.740642 2.697059 0.000000
-0.345346 -0.546413 2.745357 0.942308
-0.118078 -0.566966 2.647867 1.000000
-0.311816 -1.002891 2.761708 0.197356
-0.064079 -1.011723 2.742943 0.266106
-0.492684 -1.020498 2.641063 0.000000
-0.244387 -1.057925 2.629221 0.000000
-0.257197 0.620219 2.592564 1.000000
-0.410243 0.212224 2.799641 1.000000
-0.107165 0.359010 2.542010 1.000000
-0.353308 0.335137 2.587748 0.009615
-0.163782 0.184364 2.724804 0.000000
-0.282009 -0.001767 2.701062 0.000000
-0.015474 0.007499 2.482205 1.000000
-0.065562 -0.012618 2.692278 0.000000
-0.450032 -0.066814 2.775254 1.000000
0.109934 0.422708 2.710933 0.000000
-0.379390 -0.338024 2.646751 1.000000
-0.067889 0.673699 2.702749 0.038462
-0.374680 -0.419267 2.659973 0.879808
-0.117643 0.739340 2.699133 0.000000
-0.345405 -0.552276 2.746356 0.961538
-0.114678 -0.571883 2.652554 1.000000
-0.312510 -1.008850 2.761268 0.000000
-0.054475 -1.017614 2.738945 0.281731
-0.490214 -1.025747 2.635911 0.000000
-0.223986 -1.065448 2.610274 0.000000
-0.261150 0.616539 2.587918 1.000000
-0.422964 0.210933 2.786728 1.000000
-0.104426 0.358767 2.549125 1.000000
-0.352946 0.335039 2.579500 0.019231
-0.172406 0.183106 2.727008 0.000000
-0.293577 -0.007780 2.695091 0.000000
-0.014082 0.002884 2.493117 1.000000
-0.076889 -0.015995 2.699860 0.000000
-0.447543 -0.069497 2.757490 1.000000
0.116885 0.419493 2.713895 0.000000
-0.380834 -0.350804 2.650040 1.000000
-0.063071 0.669111 2.703952 0.057692
-0.368010 -0.432125 2.654509 0.812500
-0.113975 0.733786 2.699132 0.000000
-0.345607 -0.561543 2.739822 0.842308
-0.114010 -0.577498 2.657911 1.000000
-0.312832 -1.017898 2.760568 0.300481
-0.054614 -1.024088 2.740331 0.222356
-0.477285 -1.036170 2.618442 0.000000
-0.212678 -1.071439 2.597670 0.000000
-0.262486 0.619780 2.595708 1.000000
-0.433425 0.227128 2.753948 1.000000
-0.085518 0.386887 2.571703 1.000000
-0.335729 0.362264 2.565689 0.000000
-0.176851 0.201887 2.728398 0.000000
-0.319283 -0.008422 2.680045 0.000000
-0.015697 0.025640 2.519731 1.000000
-0.105537 0.001120 2.715618 0.000000
-0.447498 -0.055577 2.746281 1.000000
0.050179 0.142992 2.616832 1.000000
-0.381177 -0.336391 2.636878 1.000000
-0.005582 0.444036 2.582235 1.000000
-0.375320 -0.416916 2.653573 0.829327
-0.034349 0.517033 2.607561 0.000000
-0.345165 -0.557678 2.735079 0.857692
-0.109040 -0.567051 2.649917 1.000000
-0.316024 -1.014060 2.760180 0.325481
-0.056537 -1.013692 2.736627 0.012981
-0.449103 -1.032011 2.588289 0.000000
-0.198120 -1.061200 2.577645 0.000000
-0.254182 0.636148 2.578641 1.000000
-0.451873 0.242013 2.766416 1.000000
-0.100360 0.393563 2.584078 1.000000
-0.351311 0.377602 2.580000 0.000000
-0.196555 0.208586 2.737863 0.000000
-0.341773 -0.005704 2.685724 0.000000
-0.042228 0.057739 2.526750 1.000000
-0.131823 0.034120 2.722859 0.000000
-0.451253 -0.039632 2.736399 1.000000
0.040294 0.148778 2.601453 1.000000
-0.384553 -0.321758 2.630404 1.000000
0.084451 0.398455 2.426156 0.346154
-0.373896 -0.402389 2.643910 0.745192
0.099124 0.466620 2.382160 0.000000
-0.353082 -0.549922 2.724226 1.000000
-0.105451 -0.546158 2.643277 1.000000
-0.320472 -1.005953 2.751348 0.241106
-0.069885 -1.002163 2.666903 0.472356
-0.453840 -1.025689 2.579879 0.000000
-0.231124 -1.022278 2.521384 0.000000
-0.270889 0.633773 2.562129 1.000000
-0.455535 0.263759 2.768304 1.000000
-0.098495 0.407285 2.590263 1.000000
-0.349816 0.399689 2.585016 0.000000
-0.201340 0.222516 2.739940 0.000000
-0.372334 0.009046 2.679223 0.000000
-0.070820 0.066124 2.521562 1.000000
-0.162020 0.045940 2.717315 0.000000
-0.447013 -0.011950 2.698676 1.000000
0.013276 0.148186 2.623748 1.000000
-0.410292 -0.312242 2.630860 1.000000
0.036090 -0.157615 2.580585 1.000000
-0.380959 -0.389020 2.637339 0.408654
0.016287 -0.236720 2.592741 1.000000
-0.350152 -0.549675 2.701384 1.000000
-0.088925 -0.533810 2.638755 1.000000
-0.321063 -1.004510 2.746579 0.291106
-0.072506 -0.990000 2.675972 0.272356
-0.437882 -1.030108 2.564161 0.000000
-0.193581 -1.009078 2.495540 0.000000
-0.252005 0.646496 2.561077 1.000000
-0.466020 0.315829 2.706398 1.000000
-0.053872 0.389131 2.639043 1.000000
-0.291513 0.438524 2.573202 0.000000
-0.226527 0.220986 2.734108 0.000000
-0.391680 0.047667 2.631855 0.038462
-0.053710 0.072649 2.567221 0.538462
-0.197305 0.049245 2.728083 0.000000
-0.460669 0.039067 2.622227 1.000000
0.039913 0.122654 2.700399 1.000000
-0.386901 -0.257427 2.544329 1.000000
0.017641 -0.173630 2.595654 1.000000
-0.350277 -0.325705 2.572511 1.000000
0.018940 -0.251632 2.568984 1.000000
-0.337962 -0.527754 2.675539 1.000000
-0.074305 -0.516254 2.643208 1.000000
-0.275131 -0.935801 2.873814 0.581731
-0.072243 -0.973642 2.666802 0.244231
-0.335247 -1.034857 2.689010 0.000000
-0.108294 -0.984886 2.451971 0.000000
-0.238463 0.648818 2.538928 1.000000
-0.423909 0.344427 2.576615 1.000000
-0.046481 0.362716 2.768941 1.000000
-0.192309 0.442391 2.580172 0.000000
-0.259065 0.219215 2.732400 0.000000
-0.350861 0.068125 2.525110 0.576923
-0.040350 0.056295 2.675005 0.250000
-0.252903 0.050995 2.717866 0.000000
-0.445648 0.060257 2.536045 1.000000
0.054633 0.093408 2.766300 1.000000
-0.348805 -0.224935 2.448253 1.000000
0.058302 -0.125125 2.541542 1.000000
-0.269335 -0.226163 2.426334 0.644231
0.061299 -0.201270 2.510072 0.173077
-0.326126 -0.516963 2.632187 1.000000
-0.068985 -0.528162 2.631801 1.000000
-0.310110 -0.923767 2.841991 0.556731
-0.068494 -0.985189 2.661639 0.409856
-0.250627 -1.018105 2.654533 0.000000
0.032040 -0.997693 2.468468 0.000000
-0.223423 0.653359 2.554529 1.000000
-0.373043 0.355538 2.520837 1.000000
-0.061543 0.348932 2.808414 1.000000
-0.141370 0.430129 2.584176 0.000000
-0.271317 0.225087 2.720223 0.000000
-0.294784 0.096293 2.491871 0.653846
-0.039562 0.018031 2.710415 1.000000
-0.254942 0.040168 2.697557 0.000000
-0.411809 0.087914 2.437701 1.000000
0.060685 0.095888 2.839661 0.830769
-0.204217 -0.119978 2.344207 1.000000
0.055751 -0.010772 2.550615 1.000000
-0.125548 -0.132062 2.322697 0.240385
0.119511 -0.006406 2.498528 0.442308
-0.318563 -0.500935 2.600228 1.000000
-0.062504 -0.542367 2.608465 1.000000
-0.340989 -0.905937 2.812913 0.594231
-0.068062 -0.997414 2.660094 0.191106
-0.222340 -0.996141 2.653653 0.000000
0.081338 -1.017131 2.502394 0.000000
-0.195257 0.652942 2.554347 1.000000
-0.311065 0.361808 2.462549 1.000000
-0.116748 0.299093 2.834145 1.000000
-0.104445 0.395064 2.602011 0.000000
-0.302581 0.213828 2.675035 0.086538
-0.267884 0.067276 2.432810 0.576923
-0.131354 0.017819 2.745762 0.000000
-0.320212 0.041026 2.641656 1.000000
-0.273945 0.132675 2.306695 1.000000
-0.056899 0.027910 2.887296 0.000000
0.015740 0.045520 2.270304 1.000000
0.028726 -0.095093 2.618062 0.000000
0.081026 0.093014 2.287023 1.000000
0.105514 -0.106593 2.590334 0.000000
-0.302748 -0.531563 2.557752 1.000000
-0.027542 -0.529999 2.582243 1.000000
-0.339878 -0.909460 2.813838 0.175481
-0.043670 -0.981106 2.659738 0.316106
-0.165497 -0.994278 2.713958 0.000000
0.155457 -1.003049 2.573452 0.000000
-0.173708 0.638778 2.581233 0.735577
-0.270569 0.364203 2.432760 1.000000
-0.123932 0.300510 2.825464 1.000000
-0.074763 0.374658 2.590236 0.000000
-0.306283 0.233994 2.653872 0.057692
-0.261949 0.029216 2.411054 1.000000
-0.136171 0.023928 2.732266 0.076923
-0.321395 0.031033 2.619637 0.346154
-0.157419 0.165947 2.263049 1.000000
-0.117925 0.028287 2.901659 0.000000
0.152411 0.175214 2.259596 1.000000
-0.026644 -0.141381 2.661182 0.000000
0.211332 0.217632 2.298666 1.000000
0.048246 -0.170692 2.643021 0.000000
-0.293398 -0.557618 2.563416 1.000000
-0.001327 -0.524874 2.563255 1.000000
-0.340079 -0.929283 2.826951 0.109856
-0.039935 -0.971671 2.656237 0.347356
-0.175438 -1.025226 2.720805 0.000000
0.153566 -1.007936 2.562318 0.000000
-0.142879 0.646686 2.601888 0.451923
-0.249916 0.357248 2.436253 1.000000
-0.144524 0.287578 2.840993 0.057692
-0.068843 0.354774 2.610765 0.000000
-0.315280 0.232956 2.653966 0.000000
-0.241222 0.026443 2.398465 1.000000
-0.141901 0.034486 2.728761 0.000000
-0.317468 0.032979 2.601413 0.245192
-0.060337 0.234517 2.260329 1.000000
-0.168696 0.016881 2.919003 0.000000
0.247742 0.278429 2.282440 1.000000
-0.068722 -0.175020 2.699624 0.000000
0.292196 0.339787 2.314942 1.000000
0.003494 -0.213445 2.689340 0.000000
-0.295642 -0.550034 2.580259 1.000000
0.015722 -0.513893 2.564593 1.000000
-0.339568 -0.932384 2.828539 0.034856
-0.034429 -0.960565 2.652532 0.266106
-0.151998 -1.007373 2.746242 0.000000
0.163265 -0.999234 2.568863 0.000000
-0.098946 0.631564 2.576667 1.000000
-0.237509 0.386710 2.415226 1.000000
-0.198162 0.290562 2.826302 0.836538
-0.100081 0.405115 2.625041 0.000000
-0.308017 0.221622 2.602027 0.000000
-0.164621 -0.001386 2.384054 1.000000
-0.142479 0.047637 2.724835 0.000000
-0.283832 0.039782 2.560513 0.677885
0.013162 0.334489 2.283107 1.000000
0.069541 0.238236 2.751605 1.000000
0.311598 0.410978 2.343782 1.000000
0.349823 0.366317 2.746387 1.000000
0.343321 0.481529 2.372307 1.000000
0.424059 0.402171 2.745423 0.000000
-0.314375 -0.551038 2.569307 1.000000
0.030339 -0.508240 2.578730 1.000000
-0.337099 -0.929340 2.826474 0.000000
-0.053572 -0.955079 2.634026 0.403606
-0.141275 -0.991123 2.752892 0.000000
0.149675 -1.001209 2.569674 0.000000
-0.060398 0.618488 2.547876 1.000000
-0.248704 0.411464 2.425818 1.000000
-0.139005 0.327786 2.826742 0.000000
-0.077348 0.435998 2.608255 0.000000
-0.285504 0.252253 2.626859 0.043269
-0.181714 0.039547 2.383843 1.000000
-0.100007 0.085263 2.715895 0.000000
-0.267405 0.084407 2.577978 0.750000
-0.005309 0.331386 2.294923 1.000000
0.102228 0.238584 2.708855 1.000000
0.266016 0.449949 2.398101 1.000000
0.390234 0.348222 2.718857 1.000000
0.282084 0.525217 2.427665 0.879808
0.417633 0.415364 2.679631 1.000000
-0.314596 -0.515111 2.496067 1.000000
0.006332 -0.489424 2.583151 1.000000
-0.332590 -0.871036 2.783743 0.000000
-0.053137 -0.940102 2.638982 0.469231
-0.253305 -1.001180 2.627682 0.000000
0.146890 -0.976296 2.559875 0.000000
-0.029997 0.625023 2.510880 1.000000
-0.196540 0.427031 2.461485 1.000000
-0.084679 0.287266 2.843073 0.000000
-0.015580 0.405820 2.634839 0.000000
-0.249373 0.255499 2.648316 0.447115
-0.112949 0.084451 2.397755 1.000000
-0.012183 0.048795 2.725780 1.000000
-0.183718 0.097647 2.602356 0.144231
-0.061642 0.239690 2.292260 1.000000
0.147366 0.316232 2.685228 1.000000
0.161362 0.426828 2.404305 1.000000
0.451294 0.362538 2.689559 1.000000
0.197476 0.491994 2.439610 1.000000
0.520753 0.402551 2.670278 1.000000
-0.292861 -0.477373 2.445122 1.000000
-0.017881 -0.522826 2.581357 1.000000
-0.325522 -0.834593 2.729887 0.262981
-0.063189 -0.976691 2.622797 0.244231
-0.313184 -0.971031 2.560149 0.000000
0.141733 -1.003517 2.553042 0.000000
-0.009642 0.598451 2.487709 1.000000
-0.179582 0.403604 2.451285 1.000000
0.119956 0.305077 2.724653 1.000000
0.063705 0.417685 2.513424 0.004808
-0.108928 0.238471 2.637992 0.000000
-0.195628 0.096120 2.454933 1.000000
0.048593 -0.000246 2.678752 1.000000
-0.159109 0.060878 2.665809 0.000000
-0.084942 0.179845 2.300541 1.000000
0.367508 0.407531 2.635375 1.000000
0.128164 0.358121 2.441577 1.000000
0.673593 0.439429 2.638261 1.000000
0.165410 0.390104 2.507813 1.000000
0.742015 0.484461 2.628886 0.846154
-0.276847 -0.497114 2.426280 1.000000
-0.024546 -0.556052 2.572020 1.000000
-0.321521 -0.850501 2.714179 0.328606
-0.063973 -1.010152 2.616769 0.306731
-0.326402 -0.987866 2.544810 0.000000
0.087863 -1.038512 2.462755 0.000000
0.033826 0.651920 2.467057 1.000000
-0.168170 0.423988 2.480562 1.000000
0.195878 0.374966 2.684640 1.000000
0.082454 0.444055 2.474832 0.000000
-0.048126 0.298466 2.672796 0.000000
-0.178665 0.131059 2.504708 1.000000
0.109322 0.041345 2.672158 1.000000
-0.096982 0.100605 2.703314 0.000000
-0.118296 0.205065 2.303850 1.000000
0.473076 0.399223 2.635548 1.000000
0.137782 0.346434 2.410621 1.000000
0.765860 0.489886 2.605948 1.000000
0.144114 0.403640 2.469652 0.896635
0.840902 0.456501 2.613128 0.576923
-0.261383 -0.447350 2.430614 1.000000
-0.023410 -0.514672 2.554260 1.000000
-0.329476 -0.837373 2.660852 0.297356
-0.032595 -0.969059 2.610937 0.491106
-0.338017 -0.947065 2.472509 0.000000
0.071472 -0.994856 2.420981 0.000000
0.020743 0.694114 2.487969 0.331731
-0.186912 0.403029 2.465392 1.000000
0.197042 0.383777 2.639264 0.000000
0.062060 0.412055 2.431049 0.000000
-0.049634 0.315768 2.667036 0.000000
-0.192376 0.130992 2.502677 1.000000
0.127204 0.096064 2.627869 0.980769
-0.076205 0.144721 2.685324 0.000000
-0.132070 0.184117 2.290418 1.000000
0.478946 0.376245 2.659031 1.000000
0.121602 0.344674 2.372386 1.000000
0.755824 0.487340 2.582159 1.000000
0.162586 0.392125 2.425922 0.442308
0.835363 0.505836 2.593507 0.173077
-0.260667 -0.425550 2.434528 1.000000
-0.038063 -0.476490 2.563684 1.000000
-0.348403 -0.852235 2.575972 0.881731
-0.027460 -0.933475 2.592260 0.703606
-0.345072 -0.921479 2.369156 0.000000
0.041491 -0.944796 2.385630 0.000000
0.065136 0.618974 2.373353 0.850962
-0.198811 0.433575 2.414567 1.000000
0.098540 0.428721 2.716782 1.000000
0.040513 0.478769 2.477249 0.000000
-0.127204 0.327532 2.639839 0.000000
-0.160232 0.144130 2.409903 1.000000
0.078349 0.113573 2.657229 1.000000
-0.132537 0.152601 2.624857 0.000000
-0.007518 0.288288 2.264985 1.000000
0.314515 0.250313 2.733805 1.000000
0.250199 0.395398 2.396176 1.000000
0.522430 0.448559 2.628861 1.000000
0.282622 0.456953 2.440415 1.000000
0.584085 0.449042 2.574126 0.980769
-0.281841 -0.422952 2.465151 1.000000
-0.026317 -0.467248 2.580167 1.000000
-0.336034 -0.871748 2.538699 0.609856
-0.021004 -0.924246 2.609985 0.597356
-0.205130 -0.915246 2.369730 0.000000
0.134566 -0.932399 2.457309 0.000000
0.055162 0.708391 2.526306 0.403846
-0.199588 0.474505 2.405368 1.000000
0.046660 0.437783 2.748573 0.509615
0.023674 0.519751 2.511928 0.000000
-0.157444 0.339808 2.622626 0.000000
-0.149305 0.164367 2.372426 1.000000
0.049139 0.144811 2.653961 0.375000
-0.155276 0.176797 2.588883 0.230769
0.031507 0.358805 2.289865 1.000000
0.178473 0.189717 2.742542 1.000000
0.323546 0.408092 2.376192 1.000000
0.336253 0.434464 2.647856 1.000000
0.378539 0.445748 2.424723 1.000000
0.377658 0.501123 2.622563 0.000000
-0.268982 -0.403567 2.502327 1.000000
0.001840 -0.438646 2.584008 1.000000
-0.320540 -0.855264 2.557781 0.931731
-0.019139 -0.894882 2.618259 0.831731
-0.149596 -0.890826 2.427045 0.000000
0.160327 -0.912349 2.495518 0.000000
0.050461 0.722068 2.489958 0.706731
-0.194590 0.446270 2.385048 1.000000
0.002400 0.441551 2.760479 0.038462
0.007100 0.513311 2.519489 0.000000
-0.173580 0.322913 2.611900 0.000000
-0.125575 0.164451 2.348715 1.000000
0.039242 0.155456 2.651667 0.230769
-0.157699 0.175150 2.562952 0.375000
0.076182 0.392104 2.322345 1.000000
0.153701 0.205899 2.783367 0.000000
0.377672 0.419213 2.382326 1.000000
0.313146 0.452189 2.695731 0.000000
0.446922 0.445029 2.418870 1.000000
0.354998 0.519193 2.672145 0.000000
-0.244025 -0.398140 2.518928 1.000000
0.019932 -0.431513 2.572061 1.000000
-0.323025 -0.846215 2.571386 1.000000
-0.020001 -0.886795 2.601849 1.000000
-0.136905 -0.891258 2.466939 0.000000
0.172749 -0.910204 2.502461 0.000000
0.050332 0.704252 2.484393 0.937500
-0.193693 0.406329 2.378437 1.000000
0.004275 0.408266 2.753378 0.086538
0.013848 0.463870 2.508297 0.000000
-0.182242 0.296282 2.612699 0.288462
-0.153150 0.121603 2.366041 1.000000
0.024540 0.128320 2.661686 0.086538
-0.176991 0.124269 2.581607 0.432692
0.082730 0.354212 2.344901 1.000000
0.136501 0.163096 2.790191 0.000000
0.383624 0.405679 2.390974 1.000000
0.329107 0.374447 2.680672 0.000000
0.456731 0.427417 2.422285 1.000000
0.380059 0.432146 2.651139 0.000000
-0.218390 -0.448512 2.524734 1.000000
0.030792 -0.462782 2.558867 1.000000
-0.317339 -0.892019 2.581963 1.000000
0.003499 -0.919521 2.579077 0.916106
-0.135622 -0.946455 2.474288 0.000000
0.191064 -0.935604 2.468898 0.000000
0.050285 0.666768 2.505685 0.379808
-0.211419 0.374790 2.379026 1.000000
-0.017198 0.386409 2.755748 0.000000
-0.007039 0.440035 2.510250 0.000000
-0.198751 0.267313 2.614416 0.000000
-0.140364 0.092177 2.371736 1.000000
0.019649 0.102567 2.677208 0.288462
-0.176841 0.098805 2.585440 0.360577
0.064426 0.330007 2.332182 1.000000
0.123527 0.146470 2.795414 0.000000
0.364194 0.374767 2.391271 1.000000
0.319398 0.352667 2.681930 0.000000
0.433543 0.403726 2.425176 1.000000
0.371274 0.408955 2.651304 0.000000
-0.225453 -0.474408 2.525740 1.000000
0.032997 -0.487675 2.550281 1.000000
-0.321258 -0.917477 2.591124 1.000000
0.016041 -0.944190 2.582999 0.647356
-0.133582 -0.972327 2.494439 0.000000
0.205492 -0.958902 2.475898 0.000000
0.028904 0.644038 2.505822 0.399038
-0.211807 0.360446 2.382393 1.000000
-0.074015 0.369855 2.783268 0.000000
-0.032291 0.432228 2.543234 0.000000
-0.226383 0.245916 2.614321 0.000000
-0.153549 0.069844 2.379244 1.000000
-0.034782 0.090980 2.702466 0.461538
-0.216204 0.063578 2.586798 0.850962
0.056748 0.292822 2.314163 1.000000
0.074687 0.137370 2.836049 0.000000
0.352980 0.340660 2.395236 1.000000
0.282293 0.347267 2.754781 0.000000
0.414531 0.382524 2.430679 1.000000
0.337372 0.404514 2.732725 0.000000
-0.247549 -0.487244 2.537918 1.000000
0.025657 -0.495526 2.540015 1.000000
-0.334921 -0.931657 2.605943 0.925481
0.004266 -0.950177 2.590994 0.375481
-0.134832 -0.981844 2.535061 0.000000
0.189302 -0.971609 2.477500 0.000000
-0.002981 0.626751 2.469519 1.000000
-0.254512 0.386708 2.384600 1.000000
-0.041570 0.372968 2.750991 1.000000
-0.045884 0.447952 2.510978 0.000000
-0.226162 0.259838 2.608699 0.000000
-0.196865 0.065819 2.387855 1.000000
-0.025854 0.084117 2.686929 0.288462
-0.224725 0.063145 2.602938 0.346154
-0.081087 0.182015 2.287950 1.000000
0.111490 0.137543 2.760760 0.000000
0.220918 0.209423 2.355892 1.000000
0.317348 0.332364 2.644878 0.000000
0.284233 0.230079 2.404493 0.913462
0.372052 0.385576 2.613679 0.000000
-0.270089 -0.491652 2.563823 1.000000
0.003932 -0.507399 2.561806 1.000000
-0.349693 -0.939169 2.619992 0.384856
-0.054806 -0.959906 2.601196 0.484856
-0.162918 -0.985294 2.517200 0.000000
0.129120 -0.993558 2.488871 0.000000
-0.059567 0.675597 2.477872 1.000000
-0.285191 0.400720 2.407512 1.000000
-0.019686 0.374902 2.737083 1.000000
-0.060066 0.458729 2.503437 0.000000
-0.223353 0.265810 2.619869 0.000000
-0.232022 0.083412 2.397126 1.000000
-0.017959 0.090156 2.667601 0.403846
-0.227220 0.071632 2.613649 0.000000
-0.246881 0.133550 2.315835 1.000000
0.134334 0.141026 2.714116 0.000000
0.055671 0.063586 2.323913 1.000000
0.328646 0.328933 2.570259 0.000000
0.128015 0.047068 2.359842 1.000000
0.380309 0.380282 2.531638 0.000000
-0.282644 -0.477292 2.571335 1.000000
-0.009685 -0.500336 2.573989 1.000000
-0.336544 -0.929157 2.623069 0.462981
-0.063389 -0.953822 2.609063 0.294231
-0.167264 -0.964568 2.490145 0.000000
0.110786 -0.984327 2.481349 0.000000
-0.088106 0.683733 2.468104 1.000000
-0.310952 0.381130 2.431889 1.000000
0.001233 0.365501 2.718373 1.000000
-0.076478 0.447762 2.493780 0.000000
-0.213240 0.248658 2.631948 0.000000
-0.248908 0.093569 2.439828 0.548077
0.018387 0.065200 2.656100 0.836538
-0.198383 0.064422 2.648734 0.000000
-0.371059 0.104272 2.401382 1.000000
0.103774 0.103751 2.716230 0.646154
-0.129188 -0.081769 2.343798 1.000000
0.147275 -0.175275 2.597425 1.000000
-0.064537 -0.131411 2.331419 0.000000
0.109917 -0.247505 2.611007 0.021635
-0.289320 -0.480160 2.582486 1.000000
-0.019572 -0.516289 2.580954 1.000000
-0.325335 -0.932896 2.641623 0.553606
-0.057935 -0.971283 2.616634 0.334856
-0.195654 -0.965717 2.469332 0.000000
0.084111 -0.996094 2.452971 0.000000
-0.114870 0.675385 2.449318 1.000000
-0.358099 0.361966 2.502144 1.000000
0.017171 0.375713 2.699017 1.000000
-0.124632 0.455323 2.507179 0.000000
-0.197792 0.235938 2.661952 0.000000
-0.292420 0.062647 2.473699 1.000000
0.017345 0.090356 2.623039 0.000000
-0.192419 0.055807 2.666044 0.000000
-0.433556 0.087014 2.530191 1.000000
0.100649 0.108946 2.650447 1.000000
-0.335701 -0.202260 2.465186 1.000000
0.110102 -0.199938 2.640596 1.000000
-0.291973 -0.267192 2.439319 1.000000
0.085582 -0.274948 2.616726 1.000000
-0.302702 -0.492685 2.603681 1.000000
-0.041020 -0.508898 2.569394 1.000000
-0.331680 -0.946932 2.654516 0.409856
-0.060720 -0.961772 2.634828 0.666106
-0.233753 -0.974767 2.461606 0.000000
0.031792 -0.993956 2.439933 0.000000
-0.153978 0.649733 2.444264 1.000000
-0.402258 0.341543 2.574510 1.000000
0.013763 0.375510 2.648999 1.000000
-0.183571 0.448364 2.511160 0.000000
-0.194568 0.223718 2.675020 0.000000
-0.327320 0.056104 2.507685 0.346154
0.010062 0.085618 2.573470 0.086538
-0.182544 0.057578 2.669183 0.000000
-0.433514 0.057194 2.606931 1.000000
0.063553 0.100484 2.590086 1.000000
-0.383650 -0.240942 2.522890 1.000000
0.081671 -0.209590 2.610696 1.000000
-0.356979 -0.318238 2.533439 0.947115
0.052888 -0.286376 2.619229 1.000000
-0.322994 -0.501122 2.621988 1.000000
-0.063195 -0.514791 2.561359 1.000000
-0.332102 -0.957586 2.658345 0.391106
-0.076940 -0.965648 2.640748 0.362981
-0.288901 -0.975418 2.445286 0.000000
-0.036681 -1.004015 2.429832 0.000000
-0.182596 0.637431 2.453283 1.000000
-0.406238 0.342449 2.660715 1.000000
0.007941 0.384595 2.580369 1.000000
-0.227110 0.453864 2.523792 0.000000
-0.174211 0.228541 2.678287 0.000000
-0.352569 0.059004 2.570791 0.076923
-0.013953 0.083889 2.509592 0.307692
-0.159321 0.062949 2.669197 0.000000
-0.441736 0.057430 2.661232 1.000000
0.061378 0.104491 2.568651 1.000000
-0.421047 -0.241059 2.569293 1.000000
0.045757 -0.206114 2.572432 1.000000
-0.383900 -0.314613 2.571972 0.913462
0.017429 -0.283461 2.575957 1.000000
-0.336888 -0.505506 2.641411 1.000000
-0.088230 -0.513943 2.560075 1.000000
-0.336287 -0.962936 2.664254 0.447356
-0.077191 -0.964790 2.639946 0.147356
-0.379979 -0.973651 2.450819 0.000000
-0.115923 -1.003155 2.428744 0.000000
-0.206528 0.652588 2.478848 1.000000
-0.396282 0.336245 2.732882 1.000000
-0.035412 0.372472 2.513254 1.000000
-0.278401 0.434094 2.533440 0.000000
-0.167455 0.226191 2.681441 0.000000
-0.372530 0.046558 2.629954 0.000000
-0.071328 0.083623 2.465855 0.817308
-0.158262 0.055119 2.662512 0.000000
-0.452073 0.056671 2.711271 1.000000
0.021800 0.095702 2.546520 1.000000
-0.441751 -0.243308 2.627695 1.000000
0.014307 -0.213705 2.526808 1.000000
-0.397343 -0.307729 2.601707 0.610577
-0.020030 -0.286156 2.546023 1.000000
-0.346117 -0.515735 2.673238 1.000000
-0.108812 -0.510328 2.580343 1.000000
-0.339432 -0.973669 2.677234 0.272356
-0.113981 -0.956497 2.683641 0.406731
-0.450825 -0.976931 2.489726 0.000000
-0.217967 -0.998602 2.496578 0.000000
-0.232241 0.657100 2.496877 1.000000
