-0.385314 0.287107 2.672790 1.000000
-0.040927 0.299172 2.656158 1.000000
-0.222405 0.361411 2.521749 0.000000
-0.205067 0.154608 2.730729 0.000000
-0.386502 -0.031858 2.581435 0.288462
-0.020167 -0.048251 2.561306 0.625000
-0.198091 -0.061415 2.684182 0.000000
-0.444018 0.018697 2.674164 1.000000
0.029283 0.033647 2.663820 1.000000
-0.408458 -0.267740 2.644894 1.000000
0.007435 -0.254396 2.636956 1.000000
-0.425501 -0.330297 2.654082 0.307692
-0.001645 -0.317085 2.653563 0.745192
-0.299290 -0.517065 2.725225 1.000000
-0.097571 -0.537351 2.677545 1.000000
-0.275663 -0.905592 2.844126 0.984856
-0.079175 -0.933387 2.769560 1.000000
-0.287765 -0.952328 2.693813 0.346154
-0.090037 -0.969510 2.616257 0.000000
-0.220712 0.539987 2.535656 1.000000
-0.380025 0.286127 2.671457 1.000000
-0.035682 0.302402 2.657736 1.000000
-0.216745 0.361692 2.521446 0.000000
-0.198656 0.156181 2.731634 0.000000
-0.384234 -0.032123 2.580512 0.365385
-0.017990 -0.052167 2.562093 0.519231
-0.196494 -0.061746 2.684460 0.000000
-0.445142 0.019765 2.672772 1.000000
0.033082 0.037160 2.668170 1.000000
-0.414062 -0.266792 2.645364 1.000000
0.008544 -0.249675 2.637261 1.000000
-0.421523 -0.331342 2.637250 0.425481
-0.008088 -0.312412 2.628556 0.879808
-0.299480 -0.518955 2.725001 1.000000
-0.100626 -0.540479 2.679965 1.000000
-0.275396 -0.906090 2.848271 1.000000
-0.076405 -0.937136 2.767860 1.000000
-0.287375 -0.954529 2.698489 0.365385
-0.087298 -0.971844 2.614233 0.000000
-0.218606 0.543348 2.538819 1.000000
-0.388390 0.291481 2.677275 1.000000
-0.044439 0.308501 2.656470 1.000000
-0.228395 0.367314 2.523898 0.000000
-0.205537 0.161968 2.733783 0.000000
-0.382209 -0.027647 2.584807 0.307692
-0.016215 -0.045837 2.560451 0.567308
-0.192722 -0.057327 2.685520 0.000000
-0.444479 0.021831 2.670123 1.000000
0.030444 0.043837 2.672389 1.000000
-0.416000 -0.266650 2.645640 1.000000
0.009074 -0.243347 2.631154 1.000000
-0.428180 -0.330827 2.650241 0.341346
-0.002079 -0.307679 2.626124 0.913462
-0.300246 -0.516178 2.721031 1.000000
-0.101135 -0.535279 2.677517 1.000000
-0.278486 -0.906819 2.833171 0.975481
-0.078080 -0.931556 2.767422 1.000000
-0.292546 -0.950930 2.682237 0.288462
-0.091033 -0.967084 2.614143 0.000000
-0.224080 0.546679 2.537256 1.000000
-0.383734 0.285800 2.666716 1.000000
-0.039135 0.298370 2.655846 1.000000
-0.218231 0.351476 2.514502 0.000000
-0.204182 0.157893 2.736018 0.000000
-0.379801 -0.028834 2.579085 0.384615
-0.013605 -0.053492 2.566114 0.567308
-0.194090 -0.061826 2.685632 0.000000
-0.444562 0.015811 2.666398 1.000000
0.035575 0.032537 2.674414 1.000000
-0.408790 -0.273145 2.641473 1.000000
0.007957 -0.255662 2.634727 1.000000
-0.424975 -0.336343 2.647159 0.358173
-0.006756 -0.319172 2.628538 0.644231
-0.300972 -0.517739 2.721346 1.000000
-0.099578 -0.540465 2.681576 1.000000
-0.275613 -0.906703 2.838450 1.000000
-0.073270 -0.936227 2.772842 1.000000
-0.286475 -0.952757 2.687833 0.346154
-0.082479 -0.972224 2.619402 0.000000
-0.218747 0.541633 2.533219 1.000000
-0.380739 0.288366 2.665522 1.000000
-0.036167 0.305536 2.664830 1.000000
-0.212014 0.362590 2.520967 0.000000
-0.201477 0.159730 2.734222 0.000000
-0.382129 -0.027457 2.573866 0.480769
-0.015699 -0.051484 2.568643 0.548077
-0.198619 -0.059569 2.684419 0.000000
-0.445026 0.018359 2.664224 1.000000
0.032604 0.036928 2.677420 1.000000
-0.409851 -0.271527 2.639311 1.000000
0.006259 -0.252378 2.638690 1.000000
-0.434856 -0.327470 2.662405 0.105769
-0.000134 -0.317350 2.633599 0.778846
-0.298032 -0.515609 2.720572 1.000000
-0.097884 -0.537714 2.684742 1.000000
-0.280164 -0.905139 2.837175 1.000000
-0.069997 -0.934408 2.771376 1.000000
-0.286935 -0.950656 2.686156 0.365385
-0.076232 -0.968485 2.617349 0.000000
-0.218949 0.537896 2.527251 1.000000
-0.382657 0.285230 2.661795 1.000000
-0.038441 0.307317 2.669065 1.000000
-0.211793 0.362974 2.521670 0.000000
-0.203157 0.158634 2.733593 0.000000
-0.378946 -0.025469 2.572513 0.355769
-0.012544 -0.050286 2.575606 0.500000
-0.198148 -0.059283 2.686959 0.000000
-0.440585 0.012968 2.660690 1.000000
0.033849 0.038814 2.681846 1.000000
-0.405601 -0.277592 2.633499 1.000000
0.016954 -0.250832 2.634856 1.000000
-0.422876 -0.336108 2.657284 0.290865
0.002785 -0.314602 2.630284 0.711538
-0.299646 -0.514037 2.719022 1.000000
-0.095749 -0.537419 2.684260 1.000000
-0.281217 -0.903767 2.834866 1.000000
-0.074035 -0.934658 2.770160 1.000000
-0.284951 -0.948899 2.683625 0.365385
-0.076550 -0.968154 2.615900 0.000000
-0.222559 0.538626 2.529871 1.000000
-0.384408 0.288359 2.657476 1.000000
-0.039936 0.300423 2.672254 1.000000
-0.208403 0.362175 2.521657 0.000000
-0.210211 0.156088 2.732050 0.000000
-0.381014 -0.031641 2.570064 0.375000
-0.014390 -0.050049 2.581199 0.538462
-0.202058 -0.058989 2.689043 0.000000
-0.444777 0.016541 2.653459 1.000000
0.035402 0.033024 2.691415 1.000000
-0.403241 -0.274162 2.638503 1.000000
0.015945 -0.254083 2.631011 1.000000
-0.418704 -0.337076 2.648042 0.274038
0.009566 -0.318118 2.643137 0.492788
-0.297522 -0.520345 2.717961 1.000000
-0.096142 -0.539150 2.691013 1.000000
-0.282535 -0.909696 2.835563 1.000000
-0.071836 -0.937963 2.768514 1.000000
-0.281555 -0.955309 2.684424 0.384615
-0.070502 -0.968000 2.613528 0.000000
-0.219341 0.536005 2.528331 1.000000
-0.384695 0.286635 2.656556 1.000000
-0.040659 0.303214 2.676282 1.000000
-0.207694 0.362163 2.522991 0.000000
-0.209914 0.156935 2.734219 0.000000
-0.379985 -0.030653 2.564335 0.451923
-0.013611 -0.049021 2.581894 0.490385
-0.203138 -0.057958 2.686435 0.000000
-0.442045 0.013938 2.652453 1.000000
0.035657 0.036344 2.701295 1.000000
-0.408443 -0.277588 2.630553 1.000000
0.016865 -0.248575 2.630131 1.000000
-0.424997 -0.331149 2.664397 0.223558
0.020904 -0.311776 2.646791 0.475962
-0.298500 -0.518437 2.716034 1.000000
-0.089654 -0.537810 2.689647 1.000000
-0.280456 -0.907829 2.833070 1.000000
-0.069066 -0.936958 2.766498 1.000000
-0.277202 -0.953124 2.681867 0.250000
-0.064885 -0.966589 2.611485 0.000000
-0.218277 0.541780 2.536743 1.000000
-0.385539 0.282851 2.642742 1.000000
-0.043313 0.308018 2.678424 1.000000
-0.203912 0.358237 2.515453 0.000000
-0.211985 0.159742 2.732881 0.000000
-0.374310 -0.027234 2.559001 0.500000
-0.009242 -0.048581 2.592845 0.500000
-0.203316 -0.056335 2.688784 0.000000
-0.438538 0.008895 2.647260 1.000000
0.035855 0.041813 2.705790 1.000000
-0.399583 -0.282401 2.625772 1.000000
0.018113 -0.244139 2.636878 1.000000
-0.410138 -0.341819 2.651194 0.341346
0.009091 -0.306094 2.656074 0.610577
-0.297183 -0.516762 2.711778 1.000000
-0.090397 -0.538001 2.691591 1.000000
-0.285566 -0.908031 2.823234 1.000000
-0.071663 -0.937903 2.764919 1.000000
-0.275491 -0.950917 2.671630 0.288462
-0.060840 -0.965819 2.609909 0.000000
-0.217994 0.546544 2.535607 1.000000
-0.390419 0.280353 2.638018 1.000000
-0.048461 0.304026 2.677128 1.000000
-0.207499 0.357477 2.513654 0.000000
-0.217960 0.155256 2.727519 0.000000
-0.372484 -0.034623 2.555547 0.480769
-0.007544 -0.051377 2.593147 0.451923
-0.202464 -0.060941 2.687189 0.000000
-0.437752 0.005363 2.644279 1.000000
0.036322 0.040957 2.715930 1.000000
-0.400402 -0.285993 2.620439 1.000000
0.020816 -0.242185 2.635668 1.000000
-0.413451 -0.333580 2.663490 0.324519
0.003563 -0.305200 2.631229 0.627404
-0.296178 -0.522091 2.711846 1.000000
-0.088611 -0.540578 2.696929 1.000000
-0.288740 -0.911320 2.830566 1.000000
-0.071790 -0.941144 2.767022 1.000000
-0.276561 -0.957029 2.679945 0.346154
-0.059045 -0.967748 2.611927 0.000000
-0.222408 0.539147 2.527252 1.000000
-0.388562 0.302105 2.631927 1.000000
-0.047239 0.309696 2.681582 1.000000
-0.198368 0.369266 2.512807 0.000000
-0.225194 0.169676 2.727715 0.000000
-0.373790 -0.029071 2.549446 0.567308
-0.010513 -0.041334 2.601934 0.365385
-0.208966 -0.051949 2.688149 0.000000
-0.439903 0.028046 2.639227 1.000000
0.036554 0.045671 2.714243 1.000000
-0.400508 -0.263018 2.617581 1.000000
0.017525 -0.239973 2.645077 1.000000
-0.401874 -0.328467 2.619222 0.425481
0.010849 -0.305116 2.645258 0.627404
-0.296150 -0.517070 2.706792 1.000000
-0.088848 -0.534858 2.692335 1.000000
-0.290809 -0.906785 2.824020 1.000000
-0.074825 -0.934725 2.766891 1.000000
-0.271569 -0.951681 2.673891 0.288462
-0.054695 -0.962744 2.612832 0.000000
-0.220572 0.557952 2.533433 1.000000
-0.385064 0.281191 2.629147 1.000000
-0.045599 0.310827 2.683093 1.000000
-0.197320 0.355260 2.510235 0.000000
-0.215692 0.162205 2.731895 0.000000
-0.368372 -0.030526 2.545725 0.615385
-0.005579 -0.047408 2.600243 0.375000
-0.204635 -0.055738 2.685310 0.000000
-0.441673 0.007809 2.642602 1.000000
0.036564 0.045581 2.714990 1.000000
-0.397387 -0.282183 2.610273 1.000000
0.020919 -0.240006 2.642211 1.000000
-0.404045 -0.339848 2.640582 0.358173
0.003819 -0.301001 2.625616 0.560096
-0.296045 -0.518386 2.706288 1.000000
-0.089734 -0.538549 2.694480 1.000000
-0.291522 -0.908810 2.821168 1.000000
-0.071587 -0.937576 2.772565 1.000000
-0.272204 -0.952834 2.670791 0.269231
-0.051491 -0.966768 2.618719 0.000000
-0.220325 0.545400 2.526958 1.000000
-0.384574 0.281957 2.629710 1.000000
-0.044780 0.307788 2.683540 1.000000
-0.196620 0.357965 2.512366 0.000000
-0.215772 0.159052 2.728716 0.000000
-0.369042 -0.030679 2.546377 0.644231
-0.006104 -0.047983 2.599778 0.336538
-0.204958 -0.058251 2.685104 0.000000
-0.436248 0.007211 2.635432 1.000000
0.034380 0.041316 2.713785 1.000000
-0.396251 -0.284226 2.610156 1.000000
0.021497 -0.243462 2.636912 1.000000
-0.415357 -0.331102 2.651700 0.358173
-0.000916 -0.304977 2.635544 0.661058
-0.298657 -0.517488 2.706972 1.000000
-0.090829 -0.538555 2.693680 1.000000
-0.288633 -0.906740 2.825429 1.000000
-0.071149 -0.938511 2.766464 1.000000
-0.270464 -0.951969 2.675267 0.288462
-0.051772 -0.965639 2.612149 0.000000
-0.220910 0.539990 2.522800 1.000000
-0.389687 0.278506 2.626848 1.000000
-0.049870 0.302700 2.681293 1.000000
-0.201347 0.354976 2.510425 0.000000
-0.221408 0.154121 2.724891 0.000000
-0.371068 -0.031926 2.549210 0.663462
-0.008311 -0.052959 2.602513 0.346154
-0.207180 -0.059472 2.688175 0.000000
-0.436869 0.002735 2.639905 1.000000
0.033087 0.037155 2.713698 1.000000
-0.398476 -0.289656 2.617668 1.000000
0.017990 -0.247485 2.634873 1.000000
-0.420891 -0.335694 2.658489 0.290865
0.004559 -0.311571 2.633979 0.543269
-0.299365 -0.521497 2.707505 1.000000
-0.091479 -0.543415 2.694422 1.000000
-0.289126 -0.913504 2.816477 1.000000
-0.074037 -0.942790 2.770873 1.000000
-0.270927 -0.955065 2.665262 0.230769
-0.054787 -0.971440 2.616817 0.000000
-0.219384 0.538792 2.524995 1.000000
-0.393532 0.275899 2.642210 1.000000
-0.051641 0.308320 2.675144 1.000000
-0.215060 0.358655 2.515037 0.000000
-0.216204 0.154795 2.727594 0.000000
-0.374456 -0.034769 2.557239 0.576923
-0.008790 -0.051374 2.587050 0.451923
-0.201663 -0.061188 2.685199 0.000000
-0.441309 -0.000132 2.641573 1.000000
0.034029 0.044488 2.714259 1.000000
-0.400602 -0.292524 2.622982 1.000000
0.020892 -0.238750 2.630003 1.000000
-0.424765 -0.333311 2.668157 0.290865
0.004504 -0.302113 2.627795 0.593750
-0.299295 -0.522255 2.710980 1.000000
-0.092303 -0.540783 2.692782 1.000000
-0.286130 -0.910711 2.831720 1.000000
-0.069381 -0.939832 2.769487 1.000000
-0.277619 -0.957239 2.681097 0.326923
-0.060068 -0.969065 2.614622 0.000000
-0.222201 0.534709 2.522806 1.000000
-0.390630 0.284995 2.640867 1.000000
-0.047892 0.306835 2.673712 1.000000
-0.209557 0.360676 2.512965 0.000000
-0.217291 0.159197 2.727645 0.000000
-0.373342 -0.030883 2.555204 0.519231
-0.007803 -0.046303 2.587126 0.423077
-0.201194 -0.056299 2.684231 0.000000
-0.441241 0.010774 2.640573 1.000000
0.029943 0.043190 2.720530 1.000000
-0.401966 -0.280318 2.620114 1.000000
0.025189 -0.230347 2.611672 1.000000
-0.425589 -0.321144 2.665539 0.156250
-0.011210 -0.279489 2.635092 0.526442
-0.297404 -0.519177 2.707195 1.000000
-0.089943 -0.535657 2.693817 1.000000
-0.287743 -0.908771 2.824552 1.000000
-0.074221 -0.935408 2.768659 1.000000
-0.277864 -0.953992 2.673615 0.288462
-0.063622 -0.963993 2.613756 0.000000
-0.222489 0.541182 2.524438 1.000000
-0.388841 0.285321 2.624733 1.000000
-0.050585 0.315863 2.685358 1.000000
-0.198968 0.359761 2.509491 0.000000
-0.221236 0.166853 2.730921 0.000000
-0.365110 -0.028549 2.543996 0.634615
-0.003385 -0.043863 2.605610 0.394231
-0.204061 -0.055053 2.686438 0.000000
-0.440654 0.014341 2.635910 1.000000
0.030823 0.059661 2.748388 1.000000
-0.394691 -0.272008 2.606021 1.000000
0.035913 -0.163573 2.560925 1.000000
-0.410375 -0.325162 2.640905 0.391827
0.038651 -0.216589 2.522583 0.000000
-0.297243 -0.515107 2.705749 1.000000
-0.091218 -0.536167 2.693990 1.000000
-0.289239 -0.904377 2.824300 1.000000
-0.073257 -0.936928 2.762673 1.000000
-0.267428 -0.949520 2.674597 0.173077
-0.050045 -0.962295 2.608588 0.000000
-0.223339 0.539127 2.510575 1.000000
-0.379877 0.294888 2.605264 1.000000
-0.056334 0.340284 2.716097 1.000000
-0.179806 0.383666 2.521813 0.000000
-0.223036 0.180946 2.731041 0.000000
-0.356340 -0.015416 2.531273 0.769231
-0.006620 -0.033612 2.641912 1.000000
-0.216570 -0.041537 2.694709 0.000000
-0.439787 0.029539 2.621918 1.000000
0.032408 0.086263 2.759401 0.876923
-0.395531 -0.253421 2.593845 1.000000
0.055734 0.035196 2.477158 0.644231
-0.395072 -0.316841 2.610154 0.526442
0.062465 0.019496 2.413940 0.000000
-0.296896 -0.506035 2.698194 1.000000
-0.089961 -0.532456 2.687641 1.000000
-0.290933 -0.894595 2.819168 1.000000
-0.073098 -0.931748 2.764649 1.000000
-0.247909 -0.939147 2.673949 0.230769
-0.027676 -0.958530 2.615840 0.000000
-0.217979 0.549517 2.509293 1.000000
-0.384858 0.302527 2.604873 1.000000
-0.060867 0.329633 2.720287 1.000000
-0.180076 0.384803 2.526330 0.000000
-0.234717 0.177605 2.728380 0.000000
-0.354698 -0.013046 2.529655 0.740385
-0.007009 -0.033558 2.646133 1.000000
-0.217867 -0.041604 2.695157 0.000000
-0.436586 0.038600 2.612532 1.000000
0.018932 0.079530 2.779210 0.707692
-0.397751 -0.241902 2.589693 1.000000
0.077030 0.186746 2.522616 0.750000
-0.396383 -0.306463 2.600569 0.644231
0.092078 0.207766 2.462450 0.000000
-0.296750 -0.505414 2.693346 1.000000
-0.089455 -0.532018 2.687041 1.000000
-0.293078 -0.893940 2.814520 1.000000
-0.072450 -0.931813 2.761364 1.000000
-0.247368 -0.938538 2.670139 0.250000
-0.024607 -0.957342 2.613095 0.000000
-0.205926 0.547060 2.512528 1.000000
-0.384204 0.311988 2.603486 1.000000
-0.061161 0.331950 2.722943 1.000000
-0.176537 0.389008 2.527222 0.000000
-0.238666 0.184129 2.729472 0.000000
-0.353719 -0.014097 2.522891 0.730769
-0.008088 -0.028141 2.646251 0.903846
-0.219727 -0.038019 2.691423 0.000000
-0.435395 0.046358 2.603917 1.000000
0.073455 0.105373 2.783942 0.892308
-0.391002 -0.235540 2.591581 1.000000
0.087176 0.283582 2.561135 0.923077
-0.397625 -0.299902 2.581486 0.879808
0.090862 0.321156 2.507629 0.004808
-0.294997 -0.504377 2.691465 1.000000
-0.092389 -0.528930 2.685809 1.000000
-0.292984 -0.893507 2.810725 1.000000
-0.072991 -0.927647 2.765164 1.000000
-0.243888 -0.937243 2.667193 0.192308
-0.021736 -0.954392 2.618256 0.000000
-0.188056 0.546026 2.507817 1.000000
-0.379646 0.304068 2.598278 1.000000
-0.062609 0.323717 2.732912 1.000000
-0.170159 0.387515 2.534830 0.000000
-0.237657 0.173057 2.725074 0.000000
-0.346028 -0.015908 2.516400 0.855769
-0.005735 -0.036117 2.653028 1.000000
-0.219105 -0.040913 2.690165 0.000000
-0.440159 0.047954 2.603677 1.000000
0.122060 0.144755 2.789086 1.000000
-0.386557 -0.224378 2.589167 1.000000
0.114565 0.372497 2.629947 1.000000
-0.395092 -0.287563 2.574234 0.913462
0.142648 0.375091 2.570847 0.492788
-0.294404 -0.505565 2.694851 1.000000
-0.090513 -0.535780 2.686681 1.000000
-0.293577 -0.895264 2.812252 1.000000
-0.071166 -0.935185 2.762512 1.000000
-0.238615 -0.937848 2.670512 0.211538
-0.014457 -0.960012 2.617281 0.000000
-0.201476 0.533501 2.504296 1.000000
-0.382173 0.310184 2.601753 1.000000
-0.058560 0.319356 2.720983 1.000000
-0.173409 0.387027 2.528358 0.000000
-0.238529 0.174398 2.721463 0.000000
-0.349258 -0.017970 2.519381 0.750000
-0.003591 -0.036074 2.642108 0.817308
-0.215247 -0.041747 2.687918 0.000000
-0.440200 0.054458 2.606607 1.000000
0.160347 0.185042 2.774143 1.000000
-0.388220 -0.217249 2.593764 1.000000
0.140259 0.422235 2.632622 1.000000
-0.393617 -0.280774 2.578804 1.000000
0.177670 0.431311 2.579647 0.711538
-0.295242 -0.506950 2.695023 1.000000
-0.091848 -0.535557 2.684631 1.000000
-0.294770 -0.896649 2.812425 1.000000
-0.072949 -0.934109 2.764932 1.000000
-0.246352 -0.939941 2.668529 0.250000
-0.022331 -0.961335 2.617891 0.000000
-0.194523 0.539218 2.506418 1.000000
-0.379635 0.315721 2.616029 1.000000
-0.047755 0.320965 2.710122 1.000000
-0.176201 0.390099 2.526830 0.000000
-0.228879 0.178168 2.724444 0.000000
-0.356969 -0.009067 2.530263 0.711538
-0.003199 -0.034005 2.625662 0.625000
-0.210806 -0.038927 2.687342 0.000000
-0.438748 0.063091 2.610393 1.000000
0.191564 0.227799 2.747467 1.000000
-0.389136 -0.206382 2.607020 1.000000
0.193230 0.468513 2.616537 1.000000
-0.400027 -0.264107 2.578080 1.000000
0.235951 0.477098 2.567656 0.745192
-0.293092 -0.501311 2.693731 1.000000
-0.087269 -0.529547 2.680568 1.000000
-0.294560 -0.890377 2.813208 1.000000
-0.068362 -0.928063 2.761045 1.000000
-0.257356 -0.935545 2.666579 0.288462
-0.030223 -0.956648 2.610537 0.000000
-0.207839 0.545387 2.508631 1.000000
-0.362918 0.313665 2.621091 1.000000
-0.027212 0.323338 2.700041 1.000000
-0.163399 0.380736 2.518293 0.000000
-0.207917 0.182851 2.731835 0.000000
-0.347765 -0.002502 2.541262 0.750000
0.009191 -0.035540 2.621054 1.000000
-0.195658 -0.037454 2.691499 0.000000
-0.437145 0.064009 2.630586 1.000000
0.233157 0.322721 2.688391 1.000000
-0.391535 -0.206223 2.605506 1.000000
0.347142 0.541016 2.565553 1.000000
-0.399155 -0.269645 2.591090 0.879808
0.404474 0.524488 2.538569 0.627404
-0.296155 -0.499573 2.688764 1.000000
-0.087093 -0.529581 2.676146 1.000000
-0.286441 -0.888525 2.808224 1.000000
-0.073272 -0.927207 2.761890 1.000000
-0.258905 -0.933538 2.659429 0.134615
-0.042288 -0.958809 2.610345 0.000000
-0.219568 0.547043 2.505372 1.000000
-0.369085 0.311027 2.621598 1.000000
-0.034611 0.326250 2.679842 1.000000
-0.176601 0.376979 2.505520 0.000000
-0.206446 0.185195 2.727035 0.000000
-0.344236 -0.012320 2.551121 0.961538
0.017100 -0.039741 2.610788 1.000000
-0.183037 -0.037337 2.693664 0.000000
-0.434037 0.058439 2.634661 1.000000
0.210315 0.410683 2.647094 1.000000
-0.395990 -0.214406 2.623038 1.000000
0.448011 0.528326 2.571676 1.000000
-0.394745 -0.266293 2.583107 0.795673
0.504766 0.557356 2.556695 0.795673
-0.291163 -0.509411 2.696539 1.000000
-0.087387 -0.534958 2.682227 1.000000
-0.295556 -0.906567 2.785404 1.000000
-0.072320 -0.933763 2.762083 1.000000
-0.274708 -0.940957 2.632737 0.057692
-0.049847 -0.963628 2.608696 0.000000
-0.215598 0.564952 2.516884 1.000000
-0.365597 0.295824 2.635890 1.000000
-0.030106 0.346114 2.653275 1.000000
-0.195599 0.375353 2.495714 0.000000
-0.179849 0.191057 2.724903 0.000000
-0.344685 -0.020311 2.573985 0.932692
0.021880 -0.036992 2.589073 1.000000
-0.166432 -0.035500 2.696150 0.000000
-0.434942 0.043535 2.637979 1.000000
0.203220 0.456955 2.611610 1.000000
-0.398312 -0.228285 2.604768 1.000000
0.472085 0.516205 2.588549 1.000000
-0.395249 -0.291439 2.587725 0.728365
0.536964 0.524513 2.585395 0.778846
-0.288327 -0.519333 2.696457 1.000000
-0.084836 -0.534374 2.681914 1.000000
-0.294366 -0.917199 2.781989 1.000000
-0.070298 -0.932798 2.763743 1.000000
-0.290458 -0.950427 2.627700 0.000000
-0.065837 -0.964391 2.609126 0.000000
-0.213888 0.570523 2.514121 1.000000
-0.356670 0.291580 2.628792 1.000000
-0.021198 0.345577 2.657099 1.000000
-0.183590 0.375589 2.495152 0.000000
-0.172377 0.187336 2.721373 0.000000
-0.332581 -0.016354 2.571585 1.000000
0.033277 -0.036220 2.596664 1.000000
-0.157741 -0.030621 2.698694 0.000000
-0.425303 0.037966 2.644458 1.000000
0.218261 0.445088 2.612015 1.000000
-0.390882 -0.235279 2.607178 1.000000
0.478968 0.528025 2.563116 1.000000
-0.395882 -0.300460 2.603359 0.745192
0.543679 0.537906 2.564856 0.694712
-0.282360 -0.514526 2.702384 1.000000
-0.080449 -0.534299 2.680595 1.000000
-0.291753 -0.914109 2.779160 1.000000
-0.066548 -0.932587 2.763196 1.000000
-0.283885 -0.944040 2.624347 0.000000
-0.058118 -0.964319 2.608773 0.000000
-0.220247 0.575905 2.528478 1.000000
-0.358895 0.305203 2.627739 1.000000
-0.022646 0.347748 2.659327 1.000000
-0.181540 0.381952 2.495344 0.000000
-0.179364 0.195496 2.723314 0.000000
-0.329379 -0.013686 2.565654 1.000000
0.036093 -0.033455 2.595899 1.000000
-0.156266 -0.026280 2.695276 0.000000
-0.417829 0.049905 2.638479 1.000000
0.216783 0.444773 2.614321 1.000000
-0.389612 -0.224724 2.617248 1.000000
0.477197 0.523541 2.562858 1.000000
-0.394287 -0.289575 2.609449 0.829327
0.541058 0.535236 2.554299 0.745192
-0.279369 -0.511612 2.699649 1.000000
-0.080633 -0.532145 2.676086 1.000000
-0.294034 -0.910805 2.777617 1.000000
-0.066810 -0.929406 2.763504 1.000000
-0.283673 -0.941369 2.623075 0.000000
-0.056324 -0.962912 2.609582 0.000000
-0.222308 0.582791 2.526727 1.000000
-0.357745 0.312331 2.633484 1.000000
-0.020008 0.353776 2.660851 1.000000
-0.181901 0.388981 2.499031 0.000000
-0.177331 0.201687 2.726278 0.000000
-0.329470 -0.010011 2.568297 0.990385
0.036468 -0.027633 2.593872 1.000000
-0.154740 -0.023691 2.695621 0.000000
-0.418107 0.058411 2.640398 1.000000
0.224115 0.437361 2.621047 1.000000
-0.387122 -0.214613 2.618060 1.000000
0.477285 0.520469 2.550343 1.000000
-0.389714 -0.274843 2.592489 0.677885
0.540863 0.534245 2.542840 0.694712
-0.282270 -0.508350 2.694841 1.000000
-0.077833 -0.526794 2.675209 1.000000
-0.294425 -0.906532 2.778220 1.000000
-0.066125 -0.924133 2.762578 1.000000
-0.286131 -0.939087 2.623961 0.000000
-0.057279 -0.957736 2.608574 0.000000
-0.219584 0.582444 2.519083 1.000000
-0.354584 0.315933 2.637815 1.000000
-0.014576 0.354591 2.668191 1.000000
-0.178098 0.398720 2.507920 0.000000
-0.174875 0.199758 2.725048 0.000000
-0.333017 -0.010963 2.566982 1.000000
0.033019 -0.025578 2.593052 1.000000
-0.158400 -0.024485 2.694477 0.000000
-0.418963 0.064411 2.633381 1.000000
0.235719 0.409369 2.626006 1.000000
-0.388135 -0.207582 2.617680 1.000000
0.473534 0.506036 2.529691 1.000000
-0.390251 -0.266430 2.589033 0.896635
0.538371 0.512534 2.523195 0.795673
-0.279375 -0.508679 2.694372 1.000000
-0.076067 -0.525193 2.675728 1.000000
-0.290173 -0.906939 2.777566 1.000000
-0.064202 -0.922118 2.764939 1.000000
-0.281195 -0.939402 2.623326 0.000000
-0.054777 -0.956408 2.611121 0.000000
-0.218979 0.570231 2.508095 1.000000
-0.355558 0.318206 2.635248 1.000000
-0.013892 0.341485 2.677046 1.000000
-0.171668 0.395852 2.512654 0.000000
-0.183844 0.192559 2.725409 0.000000
-0.333110 -0.015521 2.559840 1.000000
0.031807 -0.027169 2.599529 1.000000
-0.163255 -0.027493 2.693762 0.000000
-0.419796 0.066197 2.627523 1.000000
0.242742 0.363040 2.640052 1.000000
-0.387689 -0.206002 2.608799 1.000000
0.457694 0.484761 2.519828 1.000000
-0.387510 -0.265098 2.580588 0.795673
0.517973 0.476460 2.495625 0.661058
-0.277980 -0.511736 2.693768 1.000000
-0.075032 -0.527687 2.678197 1.000000
-0.292396 -0.909519 2.778681 1.000000
-0.066217 -0.925786 2.762391 1.000000
-0.277197 -0.942851 2.625115 0.000000
-0.050645 -0.957963 2.608617 0.000000
-0.219114 0.557197 2.502703 1.000000
-0.357559 0.313060 2.622950 1.000000
-0.018704 0.329685 2.685607 1.000000
-0.165225 0.388551 2.512575 0.000000
-0.193875 0.183412 2.721950 0.000000
-0.338279 -0.024217 2.537897 1.000000
0.021980 -0.030634 2.608947 1.000000
-0.180467 -0.034339 2.685958 0.000000
-0.427931 0.060518 2.638707 1.000000
0.239653 0.311553 2.642008 1.000000
-0.381574 -0.211931 2.615737 1.000000
0.441006 0.427879 2.490910 1.000000
-0.385956 -0.268984 2.583894 0.762019
0.488296 0.447242 2.449960 0.274038
-0.275719 -0.514001 2.697463 1.000000
-0.075990 -0.532364 2.679545 1.000000
-0.299797 -0.912413 2.777068 1.000000
-0.064943 -0.930978 2.760995 1.000000
-0.270368 -0.944512 2.625318 0.000000
-0.035654 -0.961255 2.608844 0.000000
-0.207248 0.554565 2.506001 1.000000
-0.371949 0.307000 2.630053 1.000000
-0.030623 0.324986 2.676937 1.000000
-0.185358 0.384250 2.511352 0.000000
-0.203179 0.177549 2.720392 0.000000
-0.346751 -0.015953 2.544647 0.730769
0.017283 -0.032643 2.590209 0.971154
-0.179555 -0.039047 2.680446 0.000000
-0.424232 0.047225 2.626474 1.000000
0.205518 0.204759 2.680450 1.000000
-0.378407 -0.228736 2.619703 1.000000
0.365621 0.302956 2.473026 1.000000
-0.396753 -0.287660 2.597803 0.745192
0.397299 0.330134 2.422566 0.290865
-0.279852 -0.509361 2.688818 1.000000
-0.076557 -0.526190 2.682032 1.000000
-0.286726 -0.896299 2.814839 1.000000
-0.065669 -0.924553 2.764719 1.000000
-0.270782 -0.945195 2.665576 0.230769
-0.048791 -0.956013 2.610933 0.000000
-0.209452 0.546646 2.502277 1.000000
-0.375879 0.304504 2.625151 1.000000
-0.033228 0.317664 2.663127 1.000000
-0.190921 0.374029 2.499330 0.000000
-0.207285 0.175117 2.715910 0.000000
-0.349152 -0.018803 2.546618 0.750000
0.015578 -0.038983 2.584572 1.000000
-0.179531 -0.047143 2.678355 0.000000
-0.424749 0.046744 2.628446 1.000000
0.161732 0.148282 2.709386 1.000000
-0.388570 -0.227389 2.611330 1.000000
0.290403 0.204680 2.470611 1.000000
-0.398802 -0.291996 2.614419 0.745192
0.316816 0.165896 2.424933 0.576923
-0.282420 -0.510695 2.691970 1.000000
-0.077022 -0.529247 2.682657 1.000000
-0.287467 -0.897891 2.817283 1.000000
-0.066572 -0.927491 2.765973 1.000000
-0.275242 -0.946501 2.667576 0.269231
-0.053539 -0.959382 2.611903 0.000000
-0.201570 0.546850 2.497698 1.000000
-0.377941 0.308037 2.626707 1.000000
-0.036726 0.314309 2.677281 1.000000
-0.187942 0.383314 2.512218 0.000000
-0.214017 0.170832 2.714487 0.000000
-0.356558 -0.018923 2.536023 0.567308
0.005439 -0.032580 2.596413 1.000000
-0.194901 -0.043947 2.678044 0.000000
-0.432734 0.050023 2.627107 1.000000
0.122894 0.107301 2.712538 1.000000
-0.381775 -0.223190 2.609020 1.000000
0.242884 0.113746 2.461281 1.000000
-0.402699 -0.283400 2.594014 0.610577
0.255186 0.058800 2.427846 0.526442
-0.284054 -0.507994 2.691407 1.000000
-0.078148 -0.527117 2.678936 1.000000
-0.286166 -0.895781 2.814963 1.000000
-0.069016 -0.925006 2.764084 1.000000
-0.263708 -0.943332 2.666104 0.211538
-0.045368 -0.957152 2.611336 0.000000
-0.199916 0.538296 2.498169 1.000000
-0.376924 0.302103 2.617589 1.000000
-0.038732 0.320752 2.683192 1.000000
-0.184247 0.379830 2.509384 0.000000
-0.213110 0.172927 2.716987 0.000000
-0.354721 -0.019260 2.536574 0.509615
0.006237 -0.039499 2.601192 1.000000
-0.195187 -0.046072 2.680655 0.000000
-0.431484 0.045068 2.630548 1.000000
0.079998 0.087926 2.713308 1.000000
-0.387788 -0.228338 2.608062 1.000000
0.169949 -0.039526 2.483459 1.000000
-0.402542 -0.285462 2.579647 0.610577
0.170680 -0.103807 2.470981 0.677885
-0.287894 -0.509713 2.694580 1.000000
-0.080294 -0.532970 2.680779 1.000000
-0.289305 -0.898393 2.815309 1.000000
-0.070442 -0.931780 2.761419 1.000000
-0.265887 -0.944783 2.666231 0.230769
-0.045635 -0.962091 2.608479 0.000000
-0.187474 0.535274 2.493233 1.000000
-0.378240 0.298045 2.613958 1.000000
-0.042093 0.318808 2.688782 1.000000
-0.183402 0.378403 2.511712 0.009615
-0.216059 0.169239 2.716466 0.000000
-0.356678 -0.020907 2.530938 0.528846
0.002559 -0.040232 2.604773 0.798077
-0.200756 -0.044854 2.679411 0.000000
-0.435221 0.040452 2.633358 1.000000
0.064041 0.076857 2.701929 1.000000
-0.388099 -0.233526 2.606241 1.000000
0.119898 -0.129334 2.521971 1.000000
-0.398087 -0.297969 2.600270 0.593750
0.118191 -0.188796 2.494591 0.560096
-0.288767 -0.510317 2.696136 1.000000
-0.083857 -0.534511 2.682081 1.000000
-0.289788 -0.899686 2.814626 1.000000
-0.070881 -0.933657 2.760587 1.000000
-0.262093 -0.945002 2.665952 0.211538
-0.042099 -0.962713 2.608101 0.000000
-0.187989 0.538990 2.502392 1.000000
-0.372547 0.305623 2.612076 1.000000
-0.039817 0.317978 2.702425 1.000000
-0.171892 0.385052 2.520957 0.000000
-0.217470 0.171021 2.718072 0.000000
-0.357609 -0.017476 2.528505 0.615385
-0.002222 -0.040716 2.618148 0.461538
-0.208685 -0.043333 2.683689 0.000000
-0.434294 0.046128 2.631214 1.000000
0.053350 0.067699 2.688381 1.000000
-0.387934 -0.231447 2.608000 1.000000
0.062306 -0.181133 2.555196 1.000000
-0.392159 -0.290949 2.580983 0.711538
0.061074 -0.244802 2.539931 0.795673
-0.291498 -0.508571 2.695923 1.000000
-0.087742 -0.537171 2.676325 1.000000
-0.291487 -0.897316 2.816448 1.000000
-0.072399 -0.934682 2.762344 1.000000
-0.256619 -0.942912 2.669378 0.269231
-0.036403 -0.965864 2.611823 0.000000
-0.179981 0.535110 2.501632 1.000000
-0.373027 0.310453 2.622263 1.000000
-0.034751 0.314057 2.689949 1.000000
-0.177332 0.387834 2.519358 0.000000
-0.214079 0.170405 2.714588 0.000000
-0.366312 -0.016626 2.536620 0.586538
-0.006128 -0.040016 2.604413 0.384615
-0.208310 -0.045297 2.682025 0.000000
-0.437793 0.051406 2.635637 1.000000
0.037578 0.057968 2.664135 1.000000
-0.392833 -0.226343 2.612648 1.000000
0.026540 -0.218675 2.608989 1.000000
-0.399771 -0.283626 2.581684 0.661058
0.036711 -0.278535 2.584461 0.021635
-0.292821 -0.507365 2.697636 1.000000
-0.089452 -0.534477 2.674091 1.000000
-0.291546 -0.897276 2.814330 1.000000
-0.070840 -0.930260 2.767143 1.000000
-0.266082 -0.941872 2.665041 0.153846
-0.044488 -0.964710 2.615343 0.000000
-0.188541 0.540839 2.505826 1.000000
-0.377385 0.306135 2.631920 1.000000
-0.037876 0.319009 2.691863 1.000000
-0.187047 0.394403 2.527736 0.000000
-0.211500 0.168243 2.714805 0.000000
-0.371347 -0.014612 2.538041 0.557692
-0.009105 -0.038839 2.593443 0.413462
-0.208485 -0.042883 2.678062 0.000000
-0.443084 0.046750 2.640372 1.000000
0.033667 0.063159 2.658828 1.000000
-0.396666 -0.230738 2.612965 1.000000
0.022675 -0.212313 2.596386 1.000000
-0.403889 -0.293307 2.595044 0.408654
0.021173 -0.276911 2.585748 0.139423
-0.295428 -0.504941 2.698521 1.000000
-0.093787 -0.532017 2.671909 1.000000
-0.290635 -0.894503 2.816280 1.000000
-0.071623 -0.926828 2.768251 1.000000
-0.270720 -0.939596 2.666298 0.211538
-0.050838 -0.962827 2.615947 0.000000
-0.195157 0.540876 2.513297 1.000000
-0.377775 0.304491 2.639976 1.000000
-0.034807 0.318871 2.674483 1.000000
-0.195229 0.384544 2.516922 0.000000
-0.206665 0.171097 2.719531 0.000000
-0.373161 -0.013605 2.551800 0.576923
-0.008090 -0.039491 2.582276 0.471154
-0.201437 -0.046347 2.679738 0.000000
-0.440327 0.044385 2.639055 1.000000
0.035318 0.061261 2.657503 1.000000
-0.405569 -0.235195 2.618536 1.000000
0.022300 -0.213910 2.595010 1.000000
-0.410786 -0.300465 2.619485 0.257212
0.001720 -0.274062 2.579311 0.274038
-0.298544 -0.504567 2.701283 1.000000
-0.095484 -0.530510 2.670849 1.000000
-0.286364 -0.895033 2.815463 1.000000
-0.068693 -0.925179 2.766595 1.000000
-0.278266 -0.939052 2.664065 0.269231
-0.059033 -0.961711 2.613309 0.000000
-0.201410 0.536913 2.501742 1.000000
-0.378153 0.292883 2.646730 1.000000
-0.035279 0.324736 2.667904 1.000000
-0.204427 0.378709 2.515098 0.000000
-0.197852 0.169921 2.722715 0.000000
-0.379112 -0.018417 2.559120 0.423077
-0.012805 -0.041156 2.572476 0.509615
-0.201290 -0.049212 2.678955 0.000000
-0.444127 0.034132 2.647115 1.000000
0.034423 0.067287 2.654980 1.000000
-0.404589 -0.244096 2.624177 1.000000
0.017397 -0.207676 2.594932 1.000000
-0.412085 -0.308658 2.632169 0.425481
-0.002461 -0.264893 2.570031 0.307692
-0.298758 -0.507918 2.706847 1.000000
-0.096555 -0.531270 2.672585 1.000000
-0.285403 -0.898491 2.820529 1.000000
-0.075280 -0.926766 2.766284 1.000000
-0.284080 -0.942569 2.668938 0.211538
-0.072730 -0.963027 2.612651 0.000000
-0.207235 0.549073 2.519244 1.000000
-0.381262 0.300754 2.648883 1.000000
-0.037465 0.323075 2.667073 1.000000
-0.206539 0.383588 2.516654 0.000000
-0.203640 0.171991 2.721493 0.000000
-0.380933 -0.016408 2.558741 0.461538
-0.014507 -0.037406 2.571669 0.519231
-0.202786 -0.045561 2.678504 0.000000
-0.443010 0.040937 2.651314 1.000000
0.034387 0.066501 2.648878 1.000000
-0.409665 -0.237967 2.626383 1.000000
0.017648 -0.208668 2.589526 1.000000
-0.406391 -0.302871 2.634453 0.341346
-0.005202 -0.267379 2.571661 0.341346
-0.297372 -0.505405 2.707569 1.000000
-0.099023 -0.528635 2.670882 1.000000
-0.286403 -0.895631 2.822691 1.000000
-0.069524 -0.922666 2.768445 1.000000
-0.284736 -0.940257 2.671264 0.288462
-0.066889 -0.960419 2.615173 0.000000
-0.206714 0.550395 2.518370 1.000000
-0.381517 0.300095 2.658833 1.000000
-0.036798 0.313635 2.655609 1.000000
-0.213296 0.378598 2.515960 0.000000
-0.203064 0.166771 2.720325 0.000000
-0.383793 -0.020186 2.570995 0.384615
-0.017347 -0.042458 2.561144 0.548077
-0.198728 -0.051084 2.679278 0.000000
-0.442937 0.039826 2.656919 1.000000
0.036146 0.056379 2.651843 1.000000
-0.414064 -0.240166 2.634434 1.000000
0.013471 -0.216710 2.583701 1.000000
-0.423085 -0.303899 2.646473 0.240385
-0.003366 -0.275394 2.560018 0.459135
-0.298846 -0.510259 2.710998 1.000000
-0.099548 -0.530869 2.673638 1.000000
-0.281994 -0.899628 2.828289 1.000000
-0.073191 -0.926123 2.767067 1.000000
-0.290142 -0.945427 2.677423 0.288462
-0.080616 -0.962869 2.613708 0.000000
-0.211701 0.550213 2.524116 1.000000
-0.384903 0.296720 2.673616 1.000000
-0.040799 0.312081 2.654077 1.000000
-0.224039 0.375292 2.522543 0.000000
-0.203008 0.164709 2.727368 0.000000
-0.384338 -0.021691 2.577851 0.336538
-0.018635 -0.045804 2.554285 0.644231
-0.195625 -0.055079 2.678854 0.000000
-0.440318 0.036440 2.653984 1.000000
0.035993 0.056572 2.649635 1.000000
-0.416539 -0.244073 2.642507 1.000000
0.013330 -0.215800 2.581192 1.000000
-0.429175 -0.307015 2.655422 0.240385
-0.013097 -0.271134 2.558215 0.930288
-0.298781 -0.510872 2.716153 1.000000
-0.100785 -0.531213 2.676870 1.000000
-0.276631 -0.899165 2.836101 1.000000
-0.074851 -0.927894 2.764166 1.000000
-0.291001 -0.946316 2.686118 0.230769
-0.088688 -0.962557 2.610766 0.000000
-0.209773 0.539556 2.519826 1.000000
-0.381677 0.296602 2.688006 1.000000
-0.039185 0.309494 2.648538 1.000000
-0.229210 0.377493 2.529625 0.000000
-0.198262 0.161755 2.727717 0.000000
-0.383158 -0.026949 2.599944 0.269231
-0.019570 -0.045668 2.551682 0.673077
-0.187706 -0.059240 2.687607 0.000000
-0.440530 0.037255 2.657253 1.000000
0.037558 0.053016 2.648199 1.000000
-0.429677 -0.243986 2.630928 1.000000
0.015079 -0.219599 2.576903 1.000000
-0.437513 -0.308550 2.638569 0.257212
-0.007256 -0.279631 2.563282 1.000000
-0.299493 -0.518122 2.721118 1.000000
-0.100053 -0.532266 2.680731 1.000000
-0.278797 -0.910424 2.827511 0.900481
-0.079490 -0.928622 2.770886 1.000000
-0.302356 -0.952441 2.677164 0.365385
-0.102512 -0.964399 2.618852 0.000000
-0.217063 0.535988 2.522674 1.000000
-0.385001 0.299375 2.678481 1.000000
-0.041643 0.305186 2.645365 1.000000
-0.228210 0.370100 2.519458 0.000000
-0.204566 0.163910 2.728426 0.000000
-0.385561 -0.046131 2.590025 0.269231
-0.018909 -0.045158 2.569030 0.750000
-0.195658 -0.053136 2.694031 0.000000
-0.441489 0.037963 2.665562 1.000000
0.039377 0.050006 2.648956 1.000000
-0.423342 -0.242053 2.630989 1.000000
0.022745 -0.224411 2.582985 1.000000
-0.431277 -0.306793 2.625154 0.257212
0.003432 -0.283559 2.562568 0.425481
-0.296224 -0.533477 2.728944 1.000000
-0.100025 -0.544486 2.681949 1.000000
-0.298577 -0.935003 2.795427 1.000000
-0.072532 -0.939905 2.774347 1.000000
-0.306948 -0.960708 2.639884 0.000000
-0.081435 -0.976358 2.620996 0.000000
-0.216175 0.539414 2.518866 1.000000
-0.380167 0.299353 2.673573 1.000000
-0.036677 0.314309 2.645010 1.000000
-0.223187 0.368695 2.514128 0.000000
-0.196548 0.171423 2.731187 0.000000
-0.384301 -0.047552 2.593923 0.326923
-0.018038 -0.046114 2.566996 0.644231
-0.192742 -0.047112 2.695086 0.000000
-0.443622 0.038731 2.670292 1.000000
0.036946 0.056482 2.653150 1.000000
-0.420808 -0.240557 2.628944 1.000000
0.024676 -0.218699 2.587147 1.000000
-0.451458 -0.298387 2.626821 0.156250
-0.001841 -0.274014 2.564228 0.442308
-0.296567 -0.536138 2.732301 1.000000
-0.098429 -0.546072 2.684153 1.000000
-0.301704 -0.940905 2.774565 1.000000
-0.070109 -0.941675 2.775505 1.000000
-0.312371 -0.957130 2.617889 0.000000
-0.081398 -0.977873 2.622251 0.000000
-0.216286 0.553877 2.527750 1.000000
-0.381024 0.299588 2.671105 1.000000
-0.036642 0.307953 2.652234 1.000000
-0.218315 0.366559 2.516462 0.000000
-0.201612 0.167836 2.733189 0.000000
-0.384338 -0.046762 2.596438 0.317308
-0.018133 -0.042329 2.569053 0.663462
-0.192645 -0.046249 2.697347 0.000000
-0.443322 0.037865 2.667815 1.000000
0.036847 0.049129 2.652459 1.000000
-0.419239 -0.243263 2.634694 1.000000
0.026315 -0.225297 2.579727 1.000000
-0.426315 -0.308281 2.631406 0.290865
-0.000532 -0.283804 2.567709 0.492788
-0.295357 -0.534744 2.733099 1.000000
-0.100227 -0.543809 2.683141 1.000000
-0.300560 -0.938425 2.784710 1.000000
-0.074137 -0.939892 2.773064 1.000000
-0.310945 -0.958272 2.628432 0.000000
-0.085308 -0.975457 2.619654 0.000000
-0.213779 0.544241 2.521143 1.000000
-0.386204 0.299901 2.679811 1.000000
-0.042743 0.312582 2.649840 1.000000
-0.229421 0.370065 2.520532 0.000000
-0.203319 0.169839 2.734936 0.000000
-0.387859 -0.046402 2.602207 0.298077
-0.022662 -0.041715 2.563670 0.653846
-0.193192 -0.044631 2.697237 0.000000
-0.446238 0.037967 2.669850 1.000000
0.034700 0.055066 2.649816 1.000000
-0.422417 -0.242747 2.634423 1.000000
0.024488 -0.222526 2.590979 1.000000
-0.425073 -0.307672 2.626305 0.307692
0.003875 -0.283894 2.581115 0.560096
-0.296107 -0.536081 2.731511 1.000000
-0.100112 -0.542035 2.685556 1.000000
-0.302101 -0.940949 2.772687 1.000000
-0.073325 -0.938212 2.774859 1.000000
-0.317142 -0.956630 2.616314 0.000000
-0.089151 -0.973771 2.621857 0.000000
-0.216240 0.546315 2.524082 1.000000
-0.383283 0.304573 2.679269 1.000000
-0.039547 0.315778 2.651973 1.000000
-0.224956 0.376638 2.522384 0.000000
-0.201546 0.172486 2.733369 0.000000
-0.391055 -0.039826 2.610358 0.317308
-0.027105 -0.039493 2.561204 0.740385
-0.193696 -0.040881 2.699676 0.000000
-0.446912 0.043188 2.666791 1.000000
0.034567 0.056874 2.650628 1.000000
-0.430416 -0.238682 2.633048 1.000000
0.021372 -0.221550 2.594350 1.000000
-0.433830 -0.303902 2.628262 0.122596
0.002580 -0.281807 2.576908 0.358173
-0.296139 -0.532984 2.729778 1.000000
-0.098687 -0.538609 2.684217 1.000000
-0.301095 -0.937338 2.775851 1.000000
-0.071005 -0.934935 2.772584 1.000000
-0.321280 -0.954820 2.620251 0.000000
-0.091719 -0.970372 2.620139 0.000000
-0.220568 0.552009 2.528450 1.000000
