-0.364405 0.412748 2.565390 1.000000
0.021186 0.408987 2.812511 1.000000
-0.124107 0.499175 2.616175 0.370192
-0.208074 0.255579 2.743484 0.000000
-0.374146 0.058667 2.510507 1.000000
0.013633 0.046403 2.722867 0.000000
-0.251337 0.047655 2.746200 0.000000
-0.452502 0.153203 2.659197 1.000000
0.082154 0.172872 2.666295 1.000000
-0.437125 -0.165629 2.637757 1.000000
0.041988 -0.138535 2.663208 1.000000
-0.416160 -0.252266 2.627314 0.341346
0.015701 -0.221031 2.639591 1.000000
-0.311620 -0.564861 2.619222 1.000000
-0.079403 -0.573008 2.653099 1.000000
-0.312892 -1.054735 2.703072 1.000000
-0.047894 -1.053826 2.774878 1.000000
-0.211212 -1.088878 2.505141 0.000000
0.055831 -1.096469 2.579675 0.000000
-0.209765 0.683831 2.467665 1.000000
-0.363158 0.412023 2.567082 1.000000
0.024300 0.393111 2.810561 1.000000
-0.119602 0.489800 2.616305 0.028846
-0.210676 0.248168 2.742467 0.000000
-0.370766 0.058198 2.512068 1.000000
0.015595 0.028523 2.725291 0.000000
-0.249299 0.037412 2.747798 0.000000
-0.450625 0.153032 2.656181 1.000000
0.085286 0.152386 2.673573 1.000000
-0.435778 -0.163303 2.633228 1.000000
0.043737 -0.157610 2.657180 1.000000
-0.405455 -0.247693 2.636874 0.661058
0.010659 -0.240381 2.646729 0.980769
-0.306080 -0.571826 2.613014 1.000000
-0.069600 -0.584056 2.647497 1.000000
-0.316309 -1.061965 2.694671 1.000000
-0.048242 -1.065581 2.768684 1.000000
-0.213696 -1.096976 2.497374 0.000000
0.058978 -1.109408 2.575644 0.000000
-0.204767 0.689229 2.482118 1.000000
-0.361966 0.413468 2.573472 1.000000
0.019700 0.381849 2.824659 0.894231
-0.119506 0.488154 2.632012 0.014423
-0.213841 0.240962 2.744235 0.000000
-0.359234 0.055841 2.497371 1.000000
0.009729 0.021055 2.738776 0.000000
-0.256066 0.031148 2.741300 0.000000
-0.445565 0.149189 2.642831 1.000000
0.083100 0.141318 2.690611 1.000000
-0.437018 -0.163323 2.600039 1.000000
0.048506 -0.167851 2.666296 1.000000
-0.404814 -0.243316 2.624906 0.610577
0.005353 -0.243890 2.646039 0.862981
-0.304786 -0.574686 2.612185 1.000000
-0.065753 -0.589352 2.652703 1.000000
-0.325475 -1.065037 2.690523 1.000000
-0.047679 -1.073596 2.763112 1.000000
-0.206870 -1.100093 2.502414 0.000000
0.075274 -1.111144 2.578304 0.000000
-0.198420 0.676283 2.485096 1.000000
-0.369932 0.420942 2.572023 1.000000
-0.000833 0.388565 2.841247 1.000000
-0.131662 0.497250 2.644109 0.105769
-0.228255 0.246643 2.746398 0.000000
-0.365648 0.056132 2.501325 1.000000
0.008423 0.032553 2.736132 0.000000
-0.257465 0.034944 2.743404 0.000000
-0.457999 0.157300 2.630859 1.000000
0.078043 0.151230 2.711925 1.000000
-0.450766 -0.153103 2.585627 1.000000
0.045028 -0.156078 2.678001 1.000000
-0.403277 -0.229210 2.582994 0.879808
0.013174 -0.236740 2.654906 0.795673
-0.302903 -0.571739 2.609161 1.000000
-0.063712 -0.581517 2.652023 1.000000
-0.325571 -1.060677 2.695385 1.000000
-0.050225 -1.063992 2.770534 1.000000
-0.211747 -1.099515 2.505078 0.000000
0.068959 -1.106402 2.584315 0.000000
-0.203487 0.673899 2.484329 1.000000
-0.369231 0.421859 2.563647 1.000000
-0.020102 0.395491 2.858905 0.971154
-0.136085 0.499086 2.650080 0.081731
-0.241273 0.251973 2.752392 0.000000
-0.346757 0.063903 2.481154 1.000000
-0.012025 0.031452 2.768420 0.000000
-0.276004 0.036515 2.736103 0.000000
-0.464360 0.160239 2.621930 1.000000
0.063013 0.162712 2.722020 1.000000
-0.440920 -0.142280 2.540783 1.000000
0.044507 -0.147871 2.698465 1.000000
-0.389561 -0.215128 2.530308 1.000000
0.013748 -0.232001 2.692944 0.728365
-0.307050 -0.565139 2.605933 1.000000
-0.072190 -0.579611 2.662051 1.000000
-0.320552 -1.051907 2.705348 1.000000
-0.046814 -1.065450 2.763667 1.000000
-0.181719 -1.091058 2.532508 0.000000
0.098388 -1.093372 2.593908 0.000000
-0.204897 0.679527 2.487320 1.000000
-0.376912 0.423432 2.560617 1.000000
-0.037642 0.399680 2.867368 0.942308
-0.146731 0.501472 2.653991 0.000000
-0.255189 0.255188 2.754876 0.000000
-0.340801 0.063396 2.482840 1.000000
-0.022117 0.037069 2.788400 0.000000
-0.283955 0.039788 2.741618 0.000000
-0.480455 0.164242 2.612584 1.000000
0.054180 0.168158 2.734288 1.000000
-0.427969 -0.117752 2.486001 1.000000
0.032991 -0.142048 2.710293 1.000000
-0.370722 -0.186731 2.481637 1.000000
0.009713 -0.227302 2.694664 0.795673
-0.309139 -0.564236 2.600480 1.000000
-0.077973 -0.576138 2.667692 1.000000
-0.322646 -1.049746 2.705863 1.000000
-0.055148 -1.061110 2.773947 1.000000
-0.177327 -1.090069 2.538717 0.000000
0.096880 -1.089787 2.610404 0.000000
-0.212477 0.676316 2.483765 1.000000
-0.375852 0.424156 2.554602 1.000000
-0.052798 0.399116 2.878289 0.990385
-0.149306 0.499670 2.658365 0.000000
-0.266925 0.256684 2.756956 0.000000
-0.354463 0.058857 2.487052 1.000000
-0.033589 0.035273 2.790538 0.000000
-0.295756 0.037441 2.745605 0.000000
-0.516710 0.181462 2.598704 1.000000
0.039810 0.167189 2.745533 1.000000
-0.392387 -0.061703 2.444379 1.000000
0.028165 -0.144022 2.721738 1.000000
-0.348466 -0.139200 2.433440 1.000000
0.002439 -0.229044 2.708934 1.000000
-0.315376 -0.568857 2.604476 1.000000
-0.080917 -0.577988 2.677155 1.000000
-0.316479 -1.058758 2.688169 1.000000
-0.054663 -1.064672 2.774411 1.000000
-0.168995 -1.087723 2.520566 0.000000
0.098774 -1.088955 2.611473 0.000000
-0.215297 0.673275 2.481808 1.000000
-0.368154 0.416012 2.524768 1.000000
-0.101412 0.390659 2.896211 1.000000
-0.156051 0.484265 2.659474 0.000000
-0.302835 0.254034 2.749169 0.000000
-0.330892 0.054640 2.470733 1.000000
-0.073807 0.018045 2.828766 0.067308
-0.322562 0.032583 2.735684 0.000000
-0.527507 0.185675 2.563234 1.000000
0.003190 0.148443 2.797151 1.000000
-0.328736 0.005024 2.404073 1.000000
0.040442 -0.150558 2.719232 1.000000
-0.254680 -0.007314 2.354902 0.509615
-0.022599 -0.213202 2.706744 0.997596
-0.313408 -0.577751 2.599497 1.000000
-0.076167 -0.585922 2.685146 1.000000
-0.320283 -1.065019 2.697125 1.000000
-0.047673 -1.075271 2.767209 1.000000
-0.142837 -1.094639 2.561785 0.000000
0.135641 -1.086432 2.637007 0.000000
-0.217846 0.679379 2.482744 1.000000
-0.358031 0.403402 2.517004 1.000000
-0.129549 0.394427 2.913841 1.000000
-0.161062 0.478960 2.669601 0.000000
-0.314063 0.250241 2.752520 0.000000
-0.330811 0.038480 2.465868 1.000000
-0.102459 0.025605 2.844430 0.000000
-0.343196 0.026179 2.731293 0.302885
-0.528859 0.180992 2.511235 1.000000
-0.018952 0.153036 2.825668 0.892308
-0.276109 0.053278 2.385682 1.000000
0.039526 -0.128550 2.712743 1.000000
-0.196823 0.073614 2.348877 0.745192
0.066674 -0.177381 2.642509 0.492788
-0.311925 -0.587421 2.599821 1.000000
-0.060322 -0.579916 2.694566 1.000000
-0.327644 -1.073036 2.704417 1.000000
-0.041289 -1.071709 2.763747 1.000000
-0.142077 -1.105586 2.581183 0.000000
0.152621 -1.080248 2.649696 0.000000
-0.211630 0.680698 2.492340 1.000000
-0.338963 0.395428 2.507207 1.000000
-0.158610 0.407813 2.928020 0.855769
-0.160175 0.478302 2.677379 0.000000
-0.324950 0.255835 2.754546 0.000000
-0.309198 0.035768 2.460470 1.000000
-0.145756 0.028934 2.871396 0.000000
-0.364626 0.023365 2.720333 0.764423
-0.505681 0.175657 2.469202 1.000000
-0.040206 0.160817 2.871017 0.000000
-0.219324 0.114317 2.375395 1.000000
0.031533 -0.127779 2.787181 0.000000
-0.148243 0.167362 2.361684 1.000000
0.066497 -0.183026 2.725702 0.000000
-0.304779 -0.588659 2.598269 1.000000
-0.054885 -0.572288 2.718270 1.000000
-0.326340 -1.075439 2.696194 1.000000
-0.025460 -1.067041 2.755180 1.000000
-0.122106 -1.102730 2.605502 0.000000
0.185031 -1.060458 2.675610 0.081731
-0.209179 0.682990 2.489961 1.000000
-0.365908 0.357302 2.468076 1.000000
-0.158861 0.402361 2.874112 0.000000
-0.173213 0.447591 2.618104 0.000000
-0.342397 0.242446 2.727140 0.000000
-0.324120 0.012977 2.463468 1.000000
-0.121494 0.012805 2.856612 0.230769
-0.354152 0.008882 2.727734 0.187500
-0.443933 0.104178 2.394020 1.000000
-0.052709 0.145629 2.841002 0.000000
-0.172297 0.239609 2.382856 1.000000
0.007412 -0.153155 2.790249 0.000000
-0.095172 0.281151 2.402360 1.000000
0.036724 -0.218648 2.736343 0.000000
-0.287250 -0.611065 2.597951 1.000000
-0.053997 -0.592816 2.747573 1.000000
-0.325821 -1.096029 2.699593 1.000000
0.010051 -1.085671 2.746654 1.000000
-0.132045 -1.134095 2.591506 0.000000
0.212016 -1.059246 2.650774 0.240385
-0.201202 0.723420 2.556805 0.884615
-0.232746 0.238959 2.424343 1.000000
0.034092 0.263947 2.795743 0.000000
-0.008086 0.299365 2.541265 0.000000
-0.193339 0.133623 2.685515 0.000000
-0.221745 -0.091861 2.479599 1.000000
0.031314 -0.109744 2.841899 1.000000
-0.216431 -0.107320 2.745094 0.475962
-0.218659 -0.026949 2.344788 0.000000
0.102732 0.000127 2.858697 0.000000
-0.018954 0.196983 2.409322 0.000000
0.059534 -0.275984 2.726945 0.000000
-0.013326 0.250799 2.480922 0.375000
0.056448 -0.360194 2.696065 0.000000
-0.210840 -0.716561 2.625644 1.000000
0.022491 -0.720169 2.771260 1.000000
-0.431977 -1.155410 2.699937 1.000000
0.047986 -1.215685 2.799943 1.000000
-0.264808 -1.258305 2.589717 0.000000
0.235526 -1.213243 2.675428 0.000000
0.123759 0.443383 2.431028 1.000000
-0.232746 0.238959 2.424343 1.000000
0.034092 0.263947 2.795743 0.000000
-0.008086 0.299365 2.541265 0.000000
-0.193339 0.133623 2.685515 0.000000
-0.221745 -0.091861 2.479599 1.000000
0.031314 -0.109744 2.841899 1.000000
-0.216431 -0.107320 2.745094 0.475962
-0.218659 -0.026949 2.344788 0.000000
0.102732 0.000127 2.858697 0.000000
-0.018954 0.196983 2.409322 0.000000
0.059534 -0.275984 2.726945 0.000000
-0.013326 0.250799 2.480922 0.375000
0.056448 -0.360194 2.696065 0.000000
-0.210840 -0.716561 2.625644 1.000000
0.022491 -0.720169 2.771260 1.000000
-0.431977 -1.155410 2.699937 1.000000
0.047986 -1.215685 2.799943 1.000000
-0.264808 -1.258305 2.589717 0.000000
0.235526 -1.213243 2.675428 0.000000
0.123759 0.443383 2.431028 1.000000
-0.124347 0.345003 2.502095 1.000000
-0.001515 0.274470 2.936661 0.000000
0.052852 0.344110 2.691739 0.000000
-0.195384 0.207460 2.739725 0.706731
-0.153914 -0.039582 2.446747 1.000000
-0.020260 -0.053960 2.868113 0.461538
-0.227848 -0.041573 2.702255 0.000000
0.120543 0.275541 2.384558 1.000000
-0.004929 -0.002762 2.974162 0.000000
0.402582 0.355030 2.484591 1.000000
-0.039808 -0.257434 2.802733 0.000000
0.453958 0.370219 2.556592 0.846154
-0.044903 -0.337251 2.762018 0.000000
-0.212662 -0.657868 2.629049 1.000000
0.039010 -0.659389 2.762269 1.000000
-0.363770 -1.129089 2.675151 1.000000
0.028718 -1.155983 2.779509 1.000000
-0.158357 -1.200638 2.617120 0.000000
0.246913 -1.162416 2.724456 0.000000
0.085091 0.513282 2.469093 0.644231
-0.145761 0.322834 2.512616 1.000000
-0.042648 0.260287 2.954453 0.000000
0.013693 0.350070 2.716636 0.000000
-0.203494 0.163421 2.740900 0.331731
-0.139964 -0.066090 2.440634 1.000000
-0.036673 -0.056487 2.870586 0.432692
-0.232028 -0.058040 2.690062 0.000000
0.067590 0.236693 2.349875 1.000000
0.007876 -0.013208 2.984846 0.000000
0.337865 0.291436 2.494154 1.000000
0.042929 -0.267026 2.812190 0.000000
0.362859 0.288206 2.580289 0.442308
0.058175 -0.345392 2.771193 0.000000
-0.222717 -0.672389 2.638994 1.000000
0.045087 -0.667890 2.761012 1.000000
-0.353368 -1.150196 2.679487 1.000000
0.041838 -1.164706 2.774165 1.000000
-0.142087 -1.211967 2.632309 0.000000
0.262675 -1.167305 2.730510 0.000000
0.033849 0.590786 2.635312 1.000000
-0.144550 0.376475 2.456030 1.000000
0.100552 0.360896 2.842613 1.000000
0.081075 0.392809 2.584942 0.000000
-0.143236 0.277230 2.722503 0.230769
-0.193036 0.006772 2.476779 1.000000
0.038121 -0.036343 2.851382 1.000000
-0.202725 -0.007515 2.742216 0.605769
-0.002727 0.145377 2.361970 1.000000
0.104113 0.092899 2.922866 0.000000
0.201755 0.271391 2.568754 1.000000
0.030579 -0.191352 2.826657 0.000000
0.252439 0.311777 2.630840 1.000000
0.015829 -0.277532 2.806410 0.000000
-0.203940 -0.625500 2.614445 1.000000
0.042072 -0.635992 2.752579 1.000000
-0.357498 -1.095526 2.664491 1.000000
0.039062 -1.132713 2.768944 1.000000
-0.173194 -1.167195 2.556895 0.000000
0.237401 -1.137421 2.662544 0.105769
0.135311 0.652693 2.660830 0.745192
-0.143448 0.328760 2.458883 1.000000
0.062448 0.389285 2.863375 1.000000
0.058781 0.405820 2.603648 0.000000
-0.141450 0.242873 2.729952 0.000000
-0.163850 -0.003094 2.455464 1.000000
0.026719 -0.019782 2.854243 1.000000
-0.199775 0.012550 2.718560 0.375000
-0.215938 0.078171 2.343516 1.000000
0.330788 0.362416 2.791627 1.000000
0.024400 0.239575 2.467647 1.000000
0.580185 0.524610 2.711200 1.000000
0.101056 0.202357 2.495808 1.000000
0.651643 0.573700 2.688000 0.000000
-0.199649 -0.625069 2.602275 1.000000
0.044116 -0.624721 2.749331 1.000000
-0.360807 -1.090818 2.666424 1.000000
0.038233 -1.121563 2.760399 1.000000
-0.172114 -1.169134 2.571856 0.000000
0.246206 -1.125943 2.674321 0.100962
0.123200 0.644365 2.654038 0.745192
-0.157891 0.327120 2.482512 1.000000
0.124958 0.378424 2.831245 1.000000
0.074253 0.391019 2.581598 0.000000
-0.107805 0.246409 2.750535 0.000000
-0.175778 0.012511 2.479397 1.000000
0.084627 -0.030900 2.834255 1.000000
-0.159394 0.025372 2.744578 0.980769
-0.344847 0.128383 2.404713 1.000000
0.383527 0.416649 2.735248 1.000000
-0.047525 0.215562 2.451355 1.000000
0.676024 0.509304 2.714778 1.000000
0.036274 0.222694 2.482681 1.000000
0.753139 0.463906 2.707948 0.862981
-0.195586 -0.615571 2.588589 1.000000
0.042788 -0.629363 2.749521 1.000000
-0.355174 -1.078097 2.675826 1.000000
0.039910 -1.126352 2.750885 1.000000
-0.193177 -1.159198 2.542181 0.000000
0.227222 -1.127780 2.626011 0.235577
0.120761 0.661110 2.650638 0.500000
-0.134901 0.332655 2.497222 1.000000
0.122883 0.394376 2.870722 1.000000
0.082197 0.415832 2.614448 0.000000
-0.091450 0.241618 2.763086 0.000000
-0.150465 0.009786 2.477313 1.000000
0.091663 -0.030280 2.845265 0.913462
-0.146319 0.029460 2.742550 0.403846
-0.338117 0.154261 2.413015 0.000000
0.366328 0.298844 2.773713 1.000000
-0.031396 0.215465 2.413201 1.000000
0.634896 0.433286 2.705296 1.000000
0.036586 0.264617 2.445089 1.000000
0.700924 0.410454 2.648964 0.812500
-0.197673 -0.613244 2.595267 1.000000
0.044740 -0.629835 2.752352 1.000000
-0.354523 -1.078503 2.672345 1.000000
0.038849 -1.126778 2.747709 1.000000
-0.185050 -1.156509 2.546348 0.000000
0.231560 -1.127975 2.631338 0.177885
0.137072 0.658029 2.627455 0.798077
-0.130195 0.359540 2.504290 1.000000
0.176351 0.328553 2.843161 0.000000
0.113435 0.375043 2.594822 0.000000
-0.082365 0.244795 2.760034 0.000000
-0.168239 0.020690 2.495190 1.000000
0.113397 -0.056661 2.827330 1.000000
-0.132848 0.016968 2.758796 0.000000
-0.141829 0.125463 2.351291 1.000000
0.385758 0.148264 2.850166 1.000000
0.085201 0.313583 2.444047 1.000000
0.530822 0.353328 2.676716 1.000000
0.156495 0.343108 2.489871 1.000000
0.597220 0.337816 2.618363 0.829327
-0.192107 -0.616170 2.594908 1.000000
0.049014 -0.643667 2.756405 1.000000
-0.360673 -1.077475 2.671013 1.000000
0.038384 -1.140547 2.753958 1.000000
-0.204846 -1.157724 2.529735 0.000000
0.217049 -1.143695 2.617027 0.129808
0.122825 0.687302 2.642127 0.625000
-0.098517 0.369383 2.483616 1.000000
0.133229 0.339553 2.877530 0.000000
0.119672 0.394668 2.623423 0.000000
-0.096560 0.244957 2.739299 0.014423
-0.138749 0.003763 2.461979 1.000000
0.071759 -0.030641 2.849436 0.778846
-0.159079 0.018602 2.726784 0.519231
0.022268 0.162259 2.336360 1.000000
0.242964 0.083878 2.874571 1.000000
0.165135 0.397217 2.481071 1.000000
0.445914 0.238165 2.703033 1.000000
0.250429 0.392513 2.508585 0.963942
0.491342 0.203146 2.634009 0.677885
-0.188009 -0.620041 2.607427 1.000000
0.056987 -0.630814 2.760847 1.000000
-0.367642 -1.077918 2.678762 1.000000
0.036876 -1.127395 2.757429 1.000000
-0.187443 -1.164712 2.575435 0.000000
0.241380 -1.135031 2.663616 0.250000
0.117842 0.666146 2.632908 0.778846
-0.085258 0.363314 2.498486 1.000000
0.081756 0.320038 2.922747 0.125000
0.107174 0.386616 2.672321 0.000000
-0.120432 0.227200 2.745660 0.274038
-0.124112 -0.020635 2.444009 1.000000
0.044704 -0.018334 2.852807 0.490385
-0.173933 0.008399 2.703681 0.144231
0.138741 0.235583 2.386392 1.000000
0.198568 0.067539 2.927160 0.000000
0.327960 0.455342 2.497370 1.000000
0.434118 0.212035 2.792788 0.000000
0.400179 0.447196 2.550024 0.627404
0.491437 0.179208 2.732032 0.000000
-0.182077 -0.632733 2.619437 1.000000
0.070088 -0.627300 2.767037 1.000000
-0.365599 -1.091012 2.676957 1.000000
0.031481 -1.122792 2.764669 1.000000
-0.173191 -1.177878 2.598762 0.000000
0.245732 -1.139165 2.697514 0.173077
0.135319 0.644461 2.629050 0.971154
-0.035955 0.276799 2.507582 1.000000
0.014447 0.277230 2.953683 0.000000
0.109388 0.301662 2.712475 0.000000
-0.151549 0.184902 2.742069 0.721154
-0.062120 -0.083503 2.427531 1.000000
0.003364 -0.036816 2.862447 0.057692
-0.173899 -0.035717 2.664125 0.057692
0.227321 0.291316 2.404405 1.000000
0.085544 0.015894 3.017470 0.000000
0.460145 0.481741 2.489868 1.000000
0.371821 0.090996 2.934866 0.000000
0.517921 0.495338 2.557184 0.930288
0.435727 0.040932 2.896603 0.000000
-0.199944 -0.669043 2.629787 1.000000
0.088727 -0.654618 2.764695 1.000000
-0.378715 -1.129087 2.688174 1.000000
0.027760 -1.147711 2.752430 1.000000
-0.171093 -1.212792 2.664341 0.000000
0.250326 -1.174723 2.732035 0.110577
0.142366 0.609153 2.628392 1.000000
0.000530 0.303738 2.512375 1.000000
-0.062858 0.264322 2.955095 0.000000
0.087334 0.317113 2.749067 0.000000
-0.162536 0.183367 2.701383 0.245192
-0.008044 -0.060005 2.447475 1.000000
-0.059458 -0.056880 2.886755 0.000000
-0.179304 -0.039224 2.649942 0.331731
0.274373 0.357393 2.457892 1.000000
0.009952 0.002546 3.015029 0.000000
0.564757 0.465106 2.509478 1.000000
0.306284 0.083620 3.020785 0.000000
0.649978 0.476051 2.535399 1.000000
0.381012 0.039231 2.998432 0.000000
-0.198526 -0.656598 2.625438 1.000000
0.097953 -0.652658 2.760731 1.000000
-0.360991 -1.123111 2.680019 1.000000
0.030537 -1.144954 2.750302 1.000000
-0.150434 -1.191696 2.720552 0.000000
0.252086 -1.175831 2.775678 0.000000
0.130590 0.599566 2.641133 1.000000
0.028185 0.320689 2.502207 1.000000
-0.064861 0.254632 2.939748 0.000000
0.094693 0.330417 2.748460 0.000000
-0.137153 0.176828 2.675968 0.375000
0.013677 -0.076461 2.456650 1.000000
-0.067368 -0.079654 2.891439 0.230769
-0.171131 -0.060300 2.647280 0.245192
0.309426 0.362544 2.472644 1.000000
0.025578 -0.002520 2.995552 0.000000
0.618610 0.418553 2.503191 1.000000
0.318740 0.077318 3.041381 0.000000
0.701937 0.417400 2.536503 1.000000
0.397975 0.037685 3.027046 0.000000
-0.205073 -0.668088 2.632168 1.000000
0.100604 -0.673402 2.773559 1.000000
-0.361821 -1.136111 2.690414 1.000000
0.051372 -1.166773 2.739344 1.000000
-0.154622 -1.197673 2.753343 0.000000
0.270615 -1.191744 2.783956 0.000000
0.142093 0.618347 2.650640 1.000000
0.013545 0.339210 2.492060 1.000000
-0.050144 0.248920 2.936532 0.115385
0.091928 0.344310 2.740298 0.000000
-0.130662 0.175026 2.674014 0.360577
0.005249 -0.062979 2.457366 1.000000
-0.050542 -0.084853 2.895576 0.000000
-0.168271 -0.055680 2.658841 0.418269
0.292780 0.300721 2.439247 1.000000
0.062174 -0.002332 2.977487 0.000000
0.595480 0.374493 2.496087 1.000000
0.354929 0.081568 3.018404 0.000000
0.668322 0.360590 2.546636 1.000000
0.435732 0.046794 3.000628 0.000000
-0.202518 -0.661203 2.632605 1.000000
0.104899 -0.673924 2.771130 1.000000
-0.357178 -1.131147 2.679951 1.000000
0.051837 -1.167549 2.748166 1.000000
-0.148835 -1.193893 2.737722 0.000000
0.272666 -1.192946 2.783818 0.000000
0.146820 0.616806 2.643872 1.000000
0.003625 0.340299 2.488579 1.000000
-0.044154 0.256119 2.936234 0.000000
0.095593 0.337430 2.732147 0.000000
-0.145729 0.190747 2.678807 0.360577
-0.005242 -0.052776 2.449631 1.000000
-0.040179 -0.077446 2.889848 0.000000
-0.169384 -0.050280 2.658930 0.490385
0.254568 0.239836 2.390347 1.000000
0.043979 -0.005295 2.972513 0.000000
0.538229 0.323463 2.506185 1.000000
0.347385 0.031820 3.003909 0.000000
0.590231 0.293703 2.573002 0.408654
0.422694 -0.012810 2.984135 0.000000
-0.192802 -0.655823 2.629312 1.000000
0.109380 -0.666074 2.773729 1.000000
-0.358568 -1.121182 2.683820 1.000000
0.031624 -1.156398 2.750390 1.000000
-0.149406 -1.190240 2.730332 0.000000
0.251497 -1.192781 2.782225 0.000000
0.145341 0.617689 2.643986 1.000000
-0.045492 0.376471 2.454123 1.000000
-0.018156 0.302436 2.905272 1.000000
0.080311 0.392114 2.681545 0.000000
-0.147458 0.217480 2.666687 0.000000
-0.041742 -0.034265 2.440137 1.000000
-0.010412 -0.056418 2.880758 0.288462
-0.172986 -0.033278 2.671500 0.173077
0.145527 0.177074 2.359228 1.000000
0.103325 0.053694 2.933382 0.000000
0.351353 0.270859 2.589033 1.000000
0.406772 0.101375 2.925332 0.000000
0.348664 0.311582 2.668963 1.000000
0.482597 0.061790 2.898163 0.000000
-0.179163 -0.646000 2.614471 1.000000
0.109422 -0.650184 2.753273 1.000000
-0.357076 -1.105322 2.680649 1.000000
0.036798 -1.141847 2.752081 1.000000
-0.147389 -1.187146 2.676450 0.000000
0.259502 -1.174739 2.750572 0.000000
0.160178 0.624288 2.650388 1.000000
-0.060979 0.356155 2.456767 1.000000
0.116664 0.343709 2.873122 1.000000
0.138992 0.383099 2.621319 0.000000
-0.095733 0.247955 2.717428 0.072115
-0.104530 -0.005311 2.455218 1.000000
0.062209 -0.045611 2.862887 0.778846
-0.157089 -0.013313 2.715849 0.129808
-0.015110 0.104855 2.320563 1.000000
0.385645 0.332698 2.807924 1.000000
0.210865 0.225505 2.511840 1.000000
0.587404 0.534560 2.697865 1.000000
0.274145 0.259507 2.565635 0.000000
0.642247 0.547028 2.627929 0.391827
-0.166028 -0.631907 2.598523 1.000000
0.098127 -0.643052 2.748771 1.000000
-0.363354 -1.082102 2.671976 1.000000
0.044471 -1.137146 2.748293 1.000000
-0.175816 -1.177387 2.591780 0.000000
0.259343 -1.160419 2.685289 0.000000
0.177408 0.679898 2.653093 0.230769
-0.080791 0.350453 2.472637 1.000000
0.157940 0.362988 2.852632 1.000000
0.141087 0.391896 2.602424 0.000000
-0.069830 0.252912 2.739516 0.000000
-0.128445 0.005730 2.462680 1.000000
0.094519 -0.033887 2.842597 1.000000
-0.142073 0.007587 2.728322 0.562500
-0.189686 0.106758 2.359129 1.000000
0.397409 0.418947 2.721360 1.000000
0.081231 0.239663 2.466558 1.000000
0.693301 0.502096 2.703886 1.000000
0.163001 0.204080 2.476651 0.661058
0.761230 0.475438 2.651642 1.000000
-0.166280 -0.621934 2.588502 1.000000
0.094146 -0.632543 2.744668 1.000000
-0.358357 -1.072581 2.672362 1.000000
0.036664 -1.126206 2.745903 1.000000
-0.186570 -1.166483 2.561218 0.000000
0.240750 -1.150200 2.653956 0.341346
0.167355 0.650638 2.638679 0.701923
-0.123614 0.334952 2.484117 1.000000
0.193820 0.399788 2.806775 1.000000
0.116757 0.401589 2.558770 0.000000
-0.049288 0.265105 2.749553 0.000000
-0.152781 0.020006 2.476873 1.000000
0.134334 -0.028493 2.809788 0.692308
-0.117384 0.022411 2.740494 0.461538
-0.331803 0.137647 2.455917 1.000000
0.449459 0.356592 2.703580 1.000000
-0.017928 0.189599 2.446507 1.000000
0.739795 0.422600 2.624142 1.000000
0.070458 0.174736 2.441868 1.000000
0.825516 0.439335 2.603494 0.156250
-0.178498 -0.608454 2.584502 1.000000
0.090768 -0.626412 2.734773 1.000000
-0.345098 -1.068909 2.669557 1.000000
0.026973 -1.118330 2.765683 1.000000
-0.194148 -1.150450 2.523796 0.000000
0.208556 -1.150001 2.636432 0.000000
0.122344 0.665505 2.636420 0.461538
-0.150385 0.349375 2.493692 1.000000
0.165280 0.410792 2.819803 1.000000
0.085437 0.426651 2.572486 0.000000
-0.068876 0.264182 2.752453 0.000000
-0.168712 0.026266 2.478307 1.000000
0.127060 -0.012202 2.804895 0.471154
-0.128064 0.027882 2.741176 0.000000
-0.336644 0.132673 2.476353 1.000000
0.373879 0.250383 2.728799 1.000000
-0.028122 0.177168 2.423620 1.000000
0.638463 0.371004 2.628830 1.000000
0.053991 0.142417 2.413409 0.778846
0.701131 0.341173 2.571934 1.000000
-0.183405 -0.600689 2.580888 1.000000
0.083387 -0.615260 2.730100 1.000000
-0.318020 -1.067583 2.685283 1.000000
0.038672 -1.109387 2.759212 1.000000
-0.171270 -1.144026 2.532631 0.000000
0.214839 -1.133464 2.621129 0.149038
0.144102 0.663693 2.563251 1.000000
-0.179058 0.354501 2.499955 1.000000
0.141280 0.407884 2.822906 1.000000
0.056777 0.432616 2.577877 0.000000
-0.091499 0.260057 2.753476 0.000000
-0.187394 0.027664 2.482365 1.000000
0.116006 -0.010805 2.801877 0.413462
-0.141528 0.022652 2.744331 0.000000
-0.348256 0.129592 2.477241 1.000000
0.304793 0.198332 2.748512 1.000000
-0.044166 0.168528 2.420264 1.000000
0.571099 0.284991 2.628176 1.000000
0.032273 0.124921 2.402663 0.812500
0.620098 0.253104 2.560083 1.000000
-0.189390 -0.601306 2.582340 1.000000
0.065075 -0.615615 2.735750 1.000000
-0.292138 -1.072393 2.702873 1.000000
0.045122 -1.112020 2.749638 1.000000
-0.149409 -1.144113 2.544235 0.000000
0.215226 -1.122972 2.602582 0.067308
0.083762 0.670265 2.541094 1.000000
-0.223231 0.368343 2.500085 1.000000
0.093021 0.398676 2.829977 1.000000
0.010185 0.443850 2.587306 0.000000
-0.135930 0.253052 2.744924 0.000000
-0.220758 0.029165 2.485690 1.000000
0.083499 0.000491 2.805416 0.403846
-0.175216 0.022568 2.747677 0.000000
-0.377241 0.137422 2.487750 1.000000
0.212637 0.162536 2.762339 1.000000
-0.082469 0.151446 2.403742 1.000000
0.480999 0.146993 2.625321 1.000000
-0.008033 0.108455 2.377947 0.677885
0.513466 0.097495 2.557865 1.000000
-0.197439 -0.600242 2.584199 1.000000
0.040785 -0.608565 2.727695 1.000000
-0.251676 -1.075243 2.719996 1.000000
0.029438 -1.104216 2.762486 1.000000
-0.108997 -1.137976 2.557550 0.000000
0.197997 -1.118501 2.613942 0.110577
0.024656 0.682157 2.523469 1.000000
-0.254901 0.375961 2.503195 1.000000
0.054352 0.394104 2.840534 1.000000
-0.026621 0.454654 2.600599 0.000000
-0.166273 0.245612 2.739867 0.000000
-0.238956 0.027130 2.478821 1.000000
0.061294 0.002871 2.802674 0.375000
-0.196951 0.020458 2.741396 0.000000
-0.402573 0.143573 2.492909 1.000000
0.171294 0.160158 2.766651 1.000000
-0.115995 0.143385 2.390643 1.000000
0.406895 0.042080 2.623010 1.000000
-0.045129 0.093653 2.366996 0.576923
0.417613 -0.026653 2.566306 1.000000
-0.214991 -0.600987 2.597313 1.000000
0.016114 -0.608291 2.730512 1.000000
-0.272694 -1.080110 2.716144 1.000000
0.033586 -1.103384 2.770342 1.000000
-0.120869 -1.137121 2.560002 0.000000
0.201451 -1.109518 2.620459 0.000000
-0.023218 0.678737 2.505178 1.000000
-0.286790 0.382269 2.501963 1.000000
0.032545 0.396532 2.829966 1.000000
-0.054974 0.458539 2.592716 0.000000
-0.192375 0.250405 2.735538 0.000000
-0.264449 0.021043 2.476156 1.000000
0.037384 0.012138 2.799323 0.451923
-0.221450 0.021044 2.738655 0.000000
-0.429519 0.148502 2.506275 1.000000
0.127534 0.148351 2.777377 1.000000
-0.155803 0.122916 2.380034 1.000000
0.314124 -0.038846 2.637251 1.000000
-0.090310 0.064283 2.361948 0.475962
0.306900 -0.123555 2.608500 1.000000
-0.241305 -0.601233 2.610228 1.000000
0.000984 -0.603970 2.719746 1.000000
-0.259236 -1.087951 2.709188 1.000000
0.027689 -1.097748 2.769540 1.000000
-0.102679 -1.125703 2.551880 0.000000
0.194619 -1.103938 2.618619 0.129808
-0.053058 0.679402 2.494690 1.000000
-0.283163 0.419312 2.518725 1.000000
-0.011709 0.417390 2.887605 0.990385
-0.069342 0.495783 2.646100 0.000000
-0.215026 0.271889 2.752140 0.000000
-0.275373 0.043104 2.473098 1.000000
-0.001909 0.030058 2.820469 0.221154
-0.254749 0.038222 2.738250 0.000000
-0.451320 0.203072 2.527672 1.000000
0.084818 0.189066 2.775987 1.000000
-0.220120 0.059910 2.394780 1.000000
0.174762 -0.093250 2.727588 1.000000
-0.176295 0.006415 2.337579 0.576923
0.142188 -0.162886 2.681283 1.000000
-0.270657 -0.578993 2.615644 1.000000
-0.010852 -0.581975 2.688842 1.000000
-0.265678 -1.068404 2.702022 1.000000
0.008468 -1.074267 2.754295 1.000000
-0.095779 -1.092398 2.556283 0.000000
0.186388 -1.085562 2.616824 0.000000
-0.108913 0.662065 2.452056 1.000000
-0.295962 0.418370 2.521555 1.000000
-0.043094 0.409671 2.903322 0.750000
-0.093002 0.498380 2.663672 0.000000
-0.231487 0.261812 2.750010 0.000000
-0.261149 0.048853 2.467308 1.000000
-0.034254 0.039864 2.846858 0.000000
-0.274573 0.040424 2.732833 0.389423
-0.473435 0.210095 2.563330 1.000000
0.075614 0.203283 2.765688 0.661539
-0.286135 0.019800 2.414503 1.000000
0.101135 -0.098355 2.741202 1.000000
-0.219593 -0.027965 2.377828 0.745192
0.067742 -0.168848 2.696818 1.000000
-0.284874 -0.568928 2.619744 1.000000
-0.026586 -0.571384 2.666762 1.000000
-0.263380 -1.056294 2.714721 1.000000
0.001232 -1.063294 2.732026 1.000000
-0.078597 -1.072993 2.587215 0.000000
0.189769 -1.068937 2.609131 0.000000
-0.146771 0.647991 2.454273 1.000000
-0.323120 0.411962 2.537001 1.000000
-0.045629 0.407304 2.901338 0.634615
-0.117613 0.501428 2.669496 0.000000
-0.232416 0.251788 2.753741 0.000000
-0.278359 0.047604 2.474028 1.000000
-0.019121 0.042811 2.832346 0.000000
-0.268502 0.043170 2.739806 0.000000
-0.491825 0.197578 2.597215 1.000000
0.074319 0.200404 2.759765 0.692308
-0.329129 -0.012462 2.440382 1.000000
0.074484 -0.105255 2.732035 1.000000
-0.273368 -0.079184 2.418171 0.947115
0.034942 -0.176263 2.693974 0.997596
-0.297298 -0.567534 2.626086 1.000000
-0.040918 -0.571725 2.654286 1.000000
-0.262643 -1.057893 2.699268 1.000000
-0.020843 -1.064176 2.718299 1.000000
-0.088644 -1.066873 2.556702 0.000000
0.155019 -1.075220 2.578184 0.000000
-0.177583 0.652780 2.470220 1.000000
-0.343314 0.424601 2.557800 1.000000
-0.022333 0.409593 2.884159 0.692308
-0.119780 0.506682 2.663093 0.000000
-0.231473 0.260899 2.761644 0.000000
-0.314167 0.049911 2.478167 1.000000
-0.021764 0.051053 2.810009 0.000000
-0.278809 0.045912 2.741775 0.000000
-0.485338 0.190415 2.627558 1.000000
0.072121 0.187777 2.740021 0.738462
-0.409674 -0.093778 2.523022 1.000000
0.032926 -0.118979 2.715791 1.000000
-0.374250 -0.173337 2.501347 1.000000
0.018112 -0.202497 2.686470 0.644231
-0.301264 -0.565829 2.632543 1.000000
-0.068347 -0.567840 2.643679 1.000000
-0.273959 -1.054511 2.718870 1.000000
-0.053409 -1.057244 2.728939 1.000000
-0.112659 -1.073048 2.562922 0.000000
0.104751 -1.080042 2.570361 0.000000
-0.197848 0.658989 2.471884 1.000000
-0.369506 0.423227 2.580138 1.000000
-0.011877 0.410004 2.865954 0.894231
-0.136302 0.507815 2.659209 0.033654
-0.231843 0.259230 2.767256 0.000000
-0.347036 0.048274 2.490825 1.000000
-0.011771 0.059009 2.779099 0.000000
-0.275651 0.049227 2.747063 0.000000
-0.475896 0.170193 2.652915 1.000000
0.065641 0.174326 2.730714 1.000000
-0.434135 -0.128801 2.568030 1.000000
0.032806 -0.135525 2.713765 1.000000
-0.393152 -0.208527 2.572333 1.000000
0.010529 -0.197557 2.652854 0.728365
-0.303097 -0.565799 2.640658 1.000000
-0.076995 -0.565066 2.642255 1.000000
-0.271003 -1.057228 2.707564 1.000000
-0.069003 -1.052036 2.741280 1.000000
-0.129253 -1.071700 2.533269 0.000000
0.067880 -1.085491 2.565709 0.000000
-0.211659 0.668132 2.483387 1.000000
-0.386801 0.411614 2.596124 1.000000
-0.011626 0.403961 2.858707 1.000000
-0.153648 0.504720 2.665137 0.091346
-0.229474 0.246488 2.765951 0.000000
-0.370186 0.053910 2.504183 1.000000
-0.010798 0.050074 2.761952 0.000000
-0.276565 0.043643 2.752949 0.000000
-0.475365 0.152658 2.667142 1.000000
0.063807 0.169797 2.721674 1.000000
-0.443027 -0.154522 2.621402 1.000000
0.028628 -0.137662 2.690947 1.000000
-0.413900 -0.238802 2.631552 0.795673
0.006265 -0.211872 2.645702 0.997596
-0.301576 -0.566364 2.644215 1.000000
-0.087663 -0.570862 2.645710 1.000000
-0.278367 -1.057706 2.715298 1.000000
-0.060639 -1.056804 2.746399 1.000000
-0.151389 -1.078434 2.530560 0.000000
0.064083 -1.088155 2.561622 0.000000
-0.216948 0.665587 2.498015 1.000000
-0.379635 0.410097 2.607356 1.000000
0.006822 0.388828 2.852229 0.836538
-0.139924 0.494050 2.664649 0.120192
-0.221333 0.239786 2.771043 0.000000
-0.391343 0.051663 2.525729 1.000000
-0.004158 0.037111 2.739027 0.000000
-0.269202 0.036197 2.761520 0.000000
-0.467206 0.151437 2.677504 1.000000
0.075691 0.153238 2.715187 1.000000
-0.446961 -0.158464 2.655150 1.000000
0.018454 -0.146443 2.657810 1.000000
-0.417659 -0.240488 2.633523 1.000000
0.002542 -0.230562 2.630881 0.947115
-0.309614 -0.571964 2.655468 1.000000
-0.088914 -0.580568 2.647373 1.000000
-0.275866 -1.064549 2.712296 1.000000
-0.056356 -1.069200 2.732153 1.000000
-0.171538 -1.080344 2.513430 0.000000
0.050730 -1.096104 2.535964 0.000000
-0.220783 0.670102 2.511592 1.000000
