-0.276949 0.366972 2.678799 1.000000
0.079435 0.342612 2.702477 1.000000
-0.089565 0.395835 2.594511 0.000000
-0.115896 0.204408 2.793894 0.000000
-0.256763 -0.025060 2.649098 0.586538
0.023827 -0.015020 2.665532 0.673077
-0.124458 0.002180 2.780169 0.000000
-0.347346 0.108529 2.674525 1.000000
0.115043 0.077750 2.683867 1.000000
-0.308927 -0.167887 2.598280 1.000000
0.070954 -0.200768 2.619218 1.000000
-0.334222 -0.227376 2.576306 0.913462
0.055893 -0.267307 2.621929 0.829327
-0.283995 -0.582680 2.678477 1.000000
-0.023365 -0.592893 2.705704 1.000000
-0.325384 -0.998627 2.765680 1.000000
-0.050316 -1.012482 2.780191 1.000000
-0.333640 -1.032347 2.600922 0.000000
-0.034073 -1.042786 2.615364 0.000000
-0.072137 0.664052 2.588167 1.000000
-0.282127 0.369181 2.677319 1.000000
0.074115 0.354285 2.709474 1.000000
-0.093620 0.405410 2.598560 0.000000
-0.119363 0.208391 2.792498 0.000000
-0.262020 -0.021922 2.645694 0.432692
0.018281 -0.014284 2.667479 0.721154
-0.131989 0.002521 2.779562 0.000000
-0.349957 0.110042 2.668046 1.000000
0.112775 0.089370 2.696622 1.000000
-0.320363 -0.169457 2.598865 1.000000
0.069066 -0.186773 2.621681 1.000000
-0.342655 -0.230570 2.578132 0.913462
0.054670 -0.253397 2.625618 1.000000
-0.287179 -0.581714 2.673775 1.000000
-0.024943 -0.591273 2.706620 1.000000
-0.324175 -0.997879 2.761909 1.000000
-0.050983 -1.011504 2.777733 1.000000
-0.329419 -1.032299 2.597173 0.000000
-0.031138 -1.040597 2.613082 0.000000
-0.078327 0.667947 2.585436 1.000000
-0.290164 0.369791 2.671181 1.000000
0.065148 0.349637 2.710051 1.000000
-0.099688 0.403415 2.596089 0.000000
-0.131974 0.206423 2.789074 0.000000
-0.267632 -0.023845 2.638682 0.461538
0.011890 -0.013342 2.667990 0.826923
-0.141508 0.002217 2.775939 0.000000
-0.358261 0.110647 2.661986 1.000000
0.103785 0.084633 2.697496 1.000000
-0.324377 -0.170373 2.601113 1.000000
0.076011 -0.193220 2.620998 1.000000
-0.346264 -0.233816 2.588563 0.980769
0.068641 -0.260723 2.628108 0.913462
-0.291954 -0.582794 2.671161 1.000000
-0.031162 -0.590977 2.709413 1.000000
-0.324319 -0.999688 2.757655 1.000000
-0.049091 -1.011367 2.782082 1.000000
-0.325223 -1.033824 2.592780 0.000000
-0.025983 -1.040732 2.617905 0.000000
-0.081325 0.668420 2.590156 1.000000
-0.294649 0.375558 2.667180 1.000000
0.059595 0.349060 2.711602 1.000000
-0.102443 0.406212 2.595293 0.000000
-0.141213 0.208931 2.786783 0.000000
-0.265135 -0.020244 2.639462 0.557692
0.014017 -0.014422 2.673251 1.000000
-0.140810 0.002834 2.778877 0.000000
-0.362566 0.116382 2.656076 1.000000
0.105448 0.085057 2.701221 1.000000
-0.330370 -0.165749 2.599276 1.000000
0.103201 -0.192066 2.617203 1.000000
-0.345824 -0.232027 2.593793 0.980769
0.083247 -0.257300 2.614385 1.000000
-0.295557 -0.579801 2.664704 1.000000
-0.033602 -0.591267 2.707187 1.000000
-0.323484 -0.996931 2.751606 1.000000
-0.050873 -1.011660 2.779993 1.000000
-0.324893 -1.031180 2.586758 0.000000
-0.025435 -1.041076 2.616171 0.000000
-0.087848 0.669291 2.585708 1.000000
-0.301921 0.378333 2.659566 1.000000
0.050252 0.351332 2.717958 1.000000
-0.106983 0.410003 2.595953 0.000000
-0.153326 0.210151 2.783043 0.000000
-0.263167 -0.016902 2.636461 0.557692
0.014372 -0.010877 2.681598 1.000000
-0.144645 0.005866 2.780892 0.000000
-0.366574 0.118237 2.648919 1.000000
0.103375 0.088681 2.706309 1.000000
-0.329596 -0.163827 2.594379 1.000000
0.125348 -0.187674 2.622362 1.000000
-0.344214 -0.230500 2.592736 1.000000
0.122331 -0.255348 2.613831 0.896635
-0.301079 -0.574665 2.662065 1.000000
-0.040494 -0.588545 2.707328 1.000000
-0.327123 -0.989629 2.759305 1.000000
-0.048917 -1.009120 2.780642 1.000000
-0.326560 -1.028078 2.595380 0.000000
-0.018601 -1.038152 2.617583 0.000000
-0.090619 0.671688 2.586330 1.000000
-0.305924 0.372453 2.654020 1.000000
0.045815 0.350347 2.716911 1.000000
-0.110602 0.404708 2.591895 0.000000
-0.157069 0.208557 2.782832 0.000000
-0.263128 -0.016338 2.635606 0.557692
0.013846 -0.008230 2.683784 1.000000
-0.146371 0.007116 2.781358 0.000000
-0.365649 0.111157 2.643119 1.000000
0.105556 0.088852 2.713351 1.000000
-0.331091 -0.170516 2.584900 1.000000
0.130634 -0.184806 2.621669 1.000000
-0.343822 -0.236408 2.597463 1.000000
0.120672 -0.244466 2.589997 0.778846
-0.301008 -0.573312 2.661573 1.000000
-0.034322 -0.586149 2.708098 1.000000
-0.320222 -0.990278 2.751570 1.000000
-0.050472 -1.006803 2.779641 1.000000
-0.318055 -1.025894 2.587020 0.000000
-0.016922 -1.035719 2.617196 0.000000
-0.088658 0.667880 2.582398 1.000000
-0.308896 0.371769 2.648618 1.000000
0.041477 0.348638 2.718386 1.000000
-0.112308 0.403705 2.590448 0.000000
-0.163010 0.207177 2.779914 0.000000
-0.265882 -0.021099 2.633592 0.769231
0.009956 -0.008072 2.686932 1.000000
-0.152321 0.005566 2.781304 0.000000
-0.369704 0.110728 2.636955 1.000000
0.104623 0.087895 2.719635 1.000000
-0.341929 -0.172686 2.583611 1.000000
0.129436 -0.186963 2.631444 1.000000
-0.338746 -0.237265 2.605541 0.980769
0.122063 -0.253576 2.618406 0.862981
-0.299029 -0.577262 2.662601 1.000000
-0.038150 -0.587258 2.714694 1.000000
-0.325166 -0.994169 2.751112 1.000000
-0.048689 -1.009363 2.778298 1.000000
-0.317181 -1.029576 2.586695 0.000000
-0.013219 -1.034754 2.615671 0.000000
-0.086141 0.664475 2.577826 1.000000
-0.307507 0.374895 2.641690 1.000000
0.039814 0.346690 2.723767 1.000000
-0.108546 0.403955 2.590498 0.000000
-0.168750 0.208231 2.778006 0.000000
-0.260744 -0.019986 2.626906 0.432692
0.013165 -0.009322 2.689849 1.000000
-0.152186 0.005462 2.778542 0.000000
-0.367652 0.113766 2.627995 1.000000
0.092565 0.083685 2.729973 1.000000
-0.335520 -0.168518 2.571046 1.000000
0.119827 -0.194878 2.655010 1.000000
-0.342741 -0.233991 2.589007 1.000000
0.108522 -0.258569 2.633165 0.846154
-0.295846 -0.577163 2.658874 1.000000
-0.035083 -0.587484 2.720298 1.000000
-0.326395 -0.993537 2.748475 1.000000
-0.046511 -1.009625 2.783512 1.000000
-0.311808 -1.029849 2.584710 0.000000
-0.005342 -1.034893 2.622215 0.000000
-0.082605 0.664216 2.577045 1.000000
-0.305834 0.376667 2.633943 1.000000
0.039684 0.348298 2.723253 1.000000
-0.105730 0.402337 2.585467 0.000000
-0.171061 0.213476 2.778223 0.000000
-0.265082 -0.019767 2.624365 0.336538
0.007698 -0.007406 2.691744 0.884615
-0.159144 0.003983 2.778115 0.000000
-0.370901 0.116450 2.626526 1.000000
0.087937 0.084644 2.735905 1.000000
-0.328836 -0.163280 2.563663 1.000000
0.105111 -0.195542 2.663996 1.000000
-0.343119 -0.230036 2.562562 1.000000
0.094552 -0.262444 2.655383 0.627404
-0.293740 -0.578539 2.657115 1.000000
-0.031882 -0.585414 2.726344 1.000000
-0.328088 -0.995276 2.743598 1.000000
-0.044689 -1.008533 2.782344 1.000000
-0.307601 -1.030852 2.580304 0.000000
-0.000220 -1.031162 2.621531 0.000000
-0.082254 0.667864 2.575914 1.000000
-0.305849 0.376486 2.629592 1.000000
0.038194 0.347593 2.724267 1.000000
-0.104919 0.399795 2.583398 0.000000
-0.174240 0.215362 2.779025 0.000000
-0.264345 -0.014963 2.623328 0.269231
0.007580 -0.008888 2.694895 0.826923
-0.160277 0.005486 2.778820 0.000000
-0.368246 0.115830 2.616391 1.000000
0.088365 0.085248 2.750089 1.000000
-0.312972 -0.163111 2.560582 1.000000
0.094392 -0.196426 2.682255 1.000000
-0.327934 -0.229598 2.556432 1.000000
0.082996 -0.263238 2.690495 0.879808
-0.298824 -0.574866 2.647458 1.000000
-0.029397 -0.584359 2.729524 1.000000
-0.331538 -0.987021 2.754170 1.000000
-0.046291 -1.007650 2.783082 1.000000
-0.316028 -1.030197 2.592165 0.000000
0.001585 -1.029792 2.623183 0.000000
-0.080212 0.671269 2.583746 1.000000
-0.308084 0.379816 2.623618 1.000000
0.031316 0.347940 2.732958 1.000000
-0.105214 0.402833 2.586682 0.000000
-0.183872 0.215945 2.776358 0.000000
-0.274611 -0.015633 2.609133 0.336538
-0.006071 -0.004375 2.691966 0.711538
-0.177523 0.007041 2.768776 0.000000
-0.373855 0.120707 2.600086 1.000000
0.083530 0.086040 2.759403 1.000000
-0.309256 -0.158179 2.554950 1.000000
0.082547 -0.196212 2.693676 1.000000
-0.315691 -0.225691 2.562836 1.000000
0.070201 -0.263127 2.699295 0.947115
-0.301198 -0.576114 2.642895 1.000000
-0.033966 -0.579404 2.736713 1.000000
-0.338488 -0.987068 2.752694 1.000000
-0.046980 -1.004073 2.779334 1.000000
-0.313010 -1.032184 2.592489 0.000000
0.007645 -1.021634 2.621037 0.000000
-0.085352 0.673212 2.587500 1.000000
-0.310474 0.377851 2.614111 1.000000
0.022216 0.344642 2.742089 1.000000
-0.105754 0.399627 2.588302 0.000000
-0.195763 0.213984 2.774115 0.000000
-0.279923 -0.017231 2.599550 0.365385
-0.016296 -0.004351 2.696691 0.701923
-0.191693 0.003072 2.764563 0.000000
-0.377730 0.118945 2.592543 1.000000
0.074548 0.082586 2.766767 1.000000
-0.314606 -0.160235 2.547086 1.000000
0.083788 -0.199153 2.699461 1.000000
-0.332969 -0.225043 2.558237 1.000000
0.079634 -0.264518 2.718741 0.762019
-0.304723 -0.578598 2.648140 1.000000
-0.037037 -0.579388 2.736798 1.000000
-0.341343 -0.991735 2.749661 1.000000
-0.042334 -1.003847 2.783014 1.000000
-0.301617 -1.034092 2.591617 0.000000
0.020631 -1.021526 2.627859 0.000000
-0.091846 0.669950 2.583457 1.000000
-0.317815 0.379456 2.604837 1.000000
0.010645 0.346777 2.743438 1.000000
-0.112428 0.401868 2.585741 0.000000
-0.207887 0.215430 2.768004 0.000000
-0.282746 -0.015329 2.593091 0.442308
-0.022437 -0.004493 2.699031 0.903846
-0.199958 0.003092 2.761117 0.000000
-0.383279 0.120195 2.581979 1.000000
0.062018 0.085810 2.779230 1.000000
-0.326075 -0.161399 2.544176 1.000000
0.091368 -0.190566 2.697062 1.000000
-0.335857 -0.228944 2.542281 1.000000
0.093730 -0.255717 2.676782 0.375000
-0.306000 -0.578370 2.650971 1.000000
-0.042404 -0.577977 2.742780 1.000000
-0.341156 -0.991265 2.753979 1.000000
-0.043441 -1.003054 2.783244 1.000000
-0.294184 -1.034158 2.598082 0.000000
0.024141 -1.017832 2.629737 0.000000
-0.093423 0.669850 2.578807 1.000000
-0.336458 0.376782 2.585951 1.000000
-0.017550 0.341349 2.744715 1.000000
-0.130095 0.397399 2.579662 0.000000
-0.238321 0.211918 2.755660 0.000000
-0.292448 -0.022776 2.585194 0.500000
-0.039116 -0.006214 2.706231 0.759615
-0.220067 -0.004825 2.758008 0.000000
-0.397908 0.117670 2.564519 1.000000
0.049757 0.088341 2.797920 1.000000
-0.334327 -0.160903 2.524611 1.000000
0.109226 -0.173189 2.691602 1.000000
-0.348166 -0.227536 2.530097 1.000000
0.097362 -0.240355 2.694710 0.375000
-0.313324 -0.584562 2.648386 1.000000
-0.055900 -0.580111 2.755728 1.000000
-0.343372 -0.996323 2.757378 1.000000
-0.046064 -1.006107 2.783300 1.000000
-0.287705 -1.040769 2.604814 0.000000
0.029374 -1.014094 2.632983 0.000000
-0.096710 0.664686 2.581477 1.000000
-0.352406 0.379076 2.570247 1.000000
-0.040305 0.345715 2.742423 1.000000
-0.146155 0.401523 2.572918 0.000000
-0.260180 0.214313 2.743335 0.000000
-0.300420 -0.023747 2.578157 0.509615
-0.052729 -0.002545 2.709691 0.836538
-0.235675 -0.004769 2.753867 0.000000
-0.403080 0.121053 2.538173 1.000000
0.032041 0.100240 2.810840 1.000000
-0.342748 -0.157880 2.518332 1.000000
0.123848 -0.134427 2.675416 1.000000
-0.352586 -0.224747 2.528004 1.000000
0.130370 -0.201530 2.664634 0.223558
-0.314022 -0.585617 2.645686 1.000000
-0.068277 -0.576589 2.764824 1.000000
-0.339392 -0.996754 2.758169 1.000000
-0.046770 -1.002671 2.782747 1.000000
-0.276699 -1.041579 2.608469 0.000000
0.034080 -1.004802 2.635069 0.000000
-0.098583 0.666885 2.588584 1.000000
-0.355726 0.375216 2.544103 1.000000
-0.064372 0.357459 2.751375 1.000000
-0.151957 0.405030 2.569396 0.000000
-0.278559 0.218405 2.731367 0.000000
-0.303853 -0.027606 2.562583 0.653846
-0.073455 0.002172 2.721113 0.346154
-0.260018 -0.006604 2.744416 0.000000
-0.399715 0.119927 2.509617 1.000000
0.005865 0.115312 2.820138 1.000000
-0.349832 -0.157791 2.503817 1.000000
0.154866 -0.073120 2.672014 1.000000
-0.342340 -0.225534 2.507859 1.000000
0.190686 -0.117700 2.634715 0.000000
-0.307911 -0.588744 2.646321 1.000000
-0.079224 -0.573810 2.770315 1.000000
-0.345012 -0.999754 2.755974 0.934856
-0.055445 -0.999491 2.793955 1.000000
-0.260001 -1.044333 2.617641 0.000000
0.042181 -1.001655 2.656789 0.000000
-0.091599 0.664010 2.588723 1.000000
-0.354820 0.376972 2.512494 1.000000
-0.096859 0.364294 2.760404 1.000000
-0.158174 0.412726 2.568192 0.000000
-0.300825 0.218940 2.706717 0.000000
-0.298885 -0.027785 2.536921 0.778846
-0.095717 0.008487 2.727993 0.490385
-0.283701 0.001045 2.722297 0.000000
-0.396597 0.130595 2.477773 1.000000
-0.012069 0.136513 2.828072 1.000000
-0.348284 -0.137544 2.478078 1.000000
0.214068 0.048005 2.704535 1.000000
-0.342997 -0.205581 2.480239 1.000000
0.270921 0.027627 2.672689 0.000000
-0.305907 -0.587437 2.644272 1.000000
-0.094422 -0.566843 2.781454 1.000000
-0.342785 -0.997999 2.755661 0.884856
-0.071576 -0.992734 2.802062 1.000000
-0.235107 -1.040814 2.633504 0.000000
0.046776 -0.992180 2.682300 0.000000
-0.073408 0.652424 2.599131 1.000000
-0.345532 0.379688 2.492908 1.000000
-0.113391 0.368757 2.765223 1.000000
-0.156003 0.417908 2.568198 0.000000
-0.308673 0.220826 2.690434 0.000000
-0.293759 -0.034197 2.519431 0.778846
-0.111957 0.014624 2.728396 0.625000
-0.298223 0.003398 2.703802 0.000000
-0.376969 0.139947 2.447164 1.000000
-0.028338 0.158027 2.859645 1.000000
-0.341597 -0.123435 2.448342 1.000000
0.208820 0.177691 2.741357 1.000000
-0.338595 -0.190370 2.461469 1.000000
0.269142 0.184686 2.710149 0.000000
-0.302001 -0.589148 2.646467 1.000000
-0.101142 -0.563352 2.779980 1.000000
-0.348201 -0.998695 2.758114 0.800481
-0.071124 -0.988515 2.805757 1.000000
-0.226342 -1.041851 2.650234 0.000000
0.058033 -0.985944 2.697766 0.000000
-0.067400 0.650210 2.598544 1.000000
-0.329528 0.378379 2.471116 1.000000
-0.125012 0.364135 2.764602 1.000000
-0.147997 0.414880 2.564734 0.000000
-0.312946 0.217962 2.670123 0.000000
-0.278038 -0.036170 2.506489 0.682692
-0.117293 0.012958 2.731987 0.307692
-0.300320 0.004359 2.688936 0.000000
-0.364054 0.143750 2.427958 1.000000
-0.022386 0.181917 2.884476 0.815385
-0.324860 -0.113590 2.430014 1.000000
0.185437 0.294865 2.775773 1.000000
-0.320478 -0.181328 2.437355 1.000000
0.238643 0.326022 2.746449 0.000000
-0.295970 -0.590551 2.645269 1.000000
-0.101955 -0.565284 2.774059 1.000000
-0.353224 -0.999976 2.752144 0.972356
-0.075314 -0.990915 2.795467 1.000000
-0.220222 -1.043067 2.658316 0.000000
0.063897 -0.986961 2.700837 0.000000
-0.063034 0.647114 2.599105 1.000000
-0.322516 0.380803 2.465815 1.000000
-0.108413 0.354108 2.751492 1.000000
-0.136883 0.410114 2.553747 0.000000
-0.303569 0.215393 2.660475 0.000000
-0.274039 -0.040920 2.503514 0.615385
-0.104491 0.004142 2.723343 0.778846
-0.289022 0.000913 2.686412 0.000000
-0.335545 0.151938 2.404849 1.000000
-0.007803 0.199164 2.900274 0.723077
-0.295999 -0.101049 2.412065 1.000000
0.131110 0.399099 2.820603 1.000000
-0.281637 -0.167785 2.413339 1.000000
0.155970 0.438795 2.770926 0.375000
-0.291541 -0.596338 2.642210 1.000000
-0.103693 -0.573556 2.769673 1.000000
-0.353807 -1.003674 2.754145 0.828606
-0.086742 -0.999357 2.796781 1.000000
-0.225665 -1.050392 2.655417 0.000000
0.049157 -1.000275 2.697379 0.000000
-0.056411 0.648352 2.598670 1.000000
-0.317500 0.377324 2.464108 1.000000
-0.098725 0.357967 2.746821 1.000000
-0.131933 0.413363 2.549644 0.000000
-0.289746 0.212251 2.657996 0.000000
-0.257526 -0.035771 2.499468 0.403846
-0.085963 0.003832 2.718783 0.875000
-0.270780 0.002977 2.683176 0.000000
-0.326392 0.146876 2.403146 1.000000
0.011994 0.209057 2.896717 0.800000
-0.266098 -0.103505 2.409010 1.000000
0.133953 0.424853 2.826588 1.000000
-0.248769 -0.169129 2.401604 1.000000
0.176177 0.473358 2.803653 0.745192
-0.286451 -0.591780 2.633392 1.000000
-0.092770 -0.571539 2.772755 1.000000
-0.345458 -0.998794 2.748228 0.875481
-0.089333 -0.998241 2.788340 1.000000
-0.219060 -1.045591 2.647313 0.000000
0.047798 -1.000704 2.690672 0.000000
-0.050674 0.648263 2.595849 1.000000
-0.303886 0.386563 2.482288 1.000000
-0.064359 0.382702 2.748326 0.913462
-0.113144 0.429010 2.552045 0.000000
-0.258813 0.230470 2.680317 0.000000
-0.245312 -0.018382 2.513572 0.701923
-0.057084 0.009086 2.720737 1.000000
-0.244044 0.012372 2.699256 0.000000
-0.318070 0.153382 2.426794 1.000000
0.066960 0.239093 2.888988 1.000000
-0.238828 -0.092995 2.410758 1.000000
0.187695 0.457628 2.818964 1.000000
-0.215634 -0.156477 2.401083 1.000000
0.223997 0.511705 2.798482 0.862981
-0.282367 -0.577757 2.622382 1.000000
-0.078637 -0.565805 2.768003 1.000000
-0.337520 -0.985353 2.737070 0.928606
-0.087017 -0.992308 2.786819 1.000000
-0.223004 -1.032900 2.623160 0.000000
0.042084 -0.999602 2.678977 0.000000
-0.040435 0.668207 2.586884 1.000000
-0.291047 0.393126 2.510065 1.000000
-0.018569 0.391396 2.742264 1.000000
-0.092066 0.433458 2.552846 0.000000
-0.222865 0.241464 2.704903 0.000000
-0.232053 0.004678 2.525430 0.721154
-0.022936 0.010907 2.713401 1.000000
-0.210722 0.023513 2.711485 0.000000
-0.328319 0.158470 2.453657 1.000000
0.171255 0.280824 2.848920 1.000000
-0.226926 -0.082877 2.421741 1.000000
0.310697 0.497717 2.793599 1.000000
-0.194388 -0.142301 2.413276 1.000000
0.353577 0.550364 2.786441 0.677885
-0.281972 -0.559100 2.610492 1.000000
-0.062371 -0.558168 2.763158 1.000000
-0.334209 -0.968637 2.719487 1.000000
-0.086593 -0.983827 2.786755 1.000000
-0.235903 -1.015366 2.591024 0.000000
0.030868 -0.997158 2.666857 0.000000
-0.027052 0.677088 2.574026 1.000000
-0.264482 0.405102 2.532522 1.000000
0.022027 0.403306 2.747169 1.000000
-0.062560 0.442748 2.561859 0.000000
-0.186669 0.256309 2.725959 0.000000
-0.225233 0.023201 2.538902 0.836538
-0.003889 0.009700 2.711894 0.961538
-0.190696 0.029371 2.723821 0.000000
-0.333180 0.171896 2.491131 1.000000
0.247414 0.330625 2.815986 1.000000
-0.232222 -0.067811 2.433900 1.000000
0.402062 0.540255 2.760612 1.000000
-0.199880 -0.124921 2.415084 1.000000
0.454709 0.581817 2.747865 0.913462
-0.288236 -0.543890 2.597733 1.000000
-0.060447 -0.554860 2.755465 1.000000
-0.332084 -0.957479 2.694432 1.000000
-0.080771 -0.980087 2.788603 1.000000
-0.246495 -0.999033 2.555515 0.000000
0.024684 -0.995287 2.658225 0.000000
-0.022785 0.691656 2.566361 0.687500
-0.249925 0.411413 2.547558 1.000000
0.050466 0.405535 2.730752 1.000000
-0.045790 0.447112 2.557813 0.000000
-0.155429 0.260380 2.731600 0.000000
-0.206052 0.048964 2.564878 0.528846
0.027789 -0.001213 2.712872 1.000000
-0.154354 0.033502 2.745195 0.000000
-0.330859 0.176325 2.514999 1.000000
0.294447 0.463336 2.727700 1.000000
-0.235647 -0.070825 2.458607 1.000000
0.538148 0.581373 2.725445 1.000000
-0.215922 -0.126019 2.423591 0.913462
0.600976 0.607880 2.722038 0.728365
-0.282608 -0.524812 2.572258 1.000000
-0.062595 -0.554290 2.748522 1.000000
-0.329857 -0.935223 2.680238 1.000000
-0.073789 -0.979676 2.783885 1.000000
-0.271960 -0.981653 2.529101 0.000000
0.012437 -0.993910 2.639966 0.000000
-0.020541 0.698076 2.553077 0.754808
-0.236800 0.413606 2.568911 1.000000
0.087913 0.414978 2.706724 1.000000
-0.033832 0.451511 2.548476 0.000000
-0.114543 0.267896 2.740473 0.000000
-0.188871 0.063514 2.589306 0.557692
0.059771 -0.002023 2.703250 1.000000
-0.115678 0.035136 2.760371 0.000000
-0.321412 0.175017 2.551857 1.000000
0.333204 0.466403 2.667188 1.000000
-0.261285 -0.081987 2.478308 1.000000
0.578672 0.583767 2.699533 1.000000
-0.246532 -0.143658 2.452998 1.000000
0.644302 0.599849 2.689747 0.862981
-0.283172 -0.506161 2.561709 1.000000
-0.060012 -0.549302 2.743463 1.000000
-0.337504 -0.920410 2.649887 1.000000
-0.074355 -0.974256 2.782679 1.000000
-0.301551 -0.959154 2.490023 0.000000
-0.011513 -0.990712 2.627340 0.000000
0.010134 0.695463 2.542125 0.865385
-0.224169 0.411614 2.570550 1.000000
0.098950 0.410716 2.714675 1.000000
-0.021099 0.451230 2.554945 0.000000
-0.104148 0.261585 2.739956 0.000000
-0.179907 0.056536 2.594005 0.432692
0.067897 -0.007580 2.710556 1.000000
-0.107648 0.031609 2.766003 0.000000
-0.310939 0.170717 2.555136 1.000000
0.347251 0.451050 2.664496 1.000000
-0.273158 -0.095419 2.488211 1.000000
0.599753 0.564509 2.674715 1.000000
-0.267017 -0.160847 2.469689 0.980769
0.664846 0.583341 2.683079 0.829327
-0.276240 -0.512383 2.570858 1.000000
-0.051336 -0.557719 2.739449 1.000000
-0.355034 -0.927022 2.635623 1.000000
-0.077661 -0.981680 2.782965 1.000000
-0.307725 -0.960698 2.477578 0.000000
-0.011709 -1.001545 2.629323 0.000000
0.021885 0.686301 2.516779 1.000000
-0.215384 0.412367 2.569477 1.000000
0.108355 0.412315 2.714783 1.000000
-0.011760 0.448629 2.552958 0.000000
-0.097768 0.266971 2.744515 0.000000
-0.178352 0.048599 2.587208 0.557692
0.070391 -0.006325 2.706423 1.000000
-0.105408 0.034146 2.760114 0.000000
-0.302143 0.169099 2.556329 1.000000
0.361745 0.435524 2.668585 1.000000
-0.282934 -0.102844 2.495709 1.000000
0.620273 0.540713 2.678320 1.000000
-0.279145 -0.170051 2.484290 1.000000
0.687972 0.549324 2.676236 0.795673
-0.270650 -0.519342 2.578506 1.000000
-0.052251 -0.560564 2.735941 1.000000
-0.361439 -0.931886 2.640904 1.000000
-0.073402 -0.984012 2.786676 1.000000
-0.309834 -0.966899 2.484504 0.000000
-0.005580 -1.005680 2.634096 0.000000
0.040253 0.683127 2.518631 1.000000
-0.205083 0.409544 2.561839 1.000000
0.111903 0.400910 2.720718 1.000000
-0.000347 0.442460 2.554748 0.000000
-0.097606 0.258738 2.738809 0.000000
-0.170658 0.042239 2.590951 0.730769
0.075013 -0.005299 2.719356 1.000000
-0.103302 0.032309 2.766424 0.000000
-0.293589 0.164940 2.537470 1.000000
0.368974 0.420376 2.678359 1.000000
-0.299317 -0.112702 2.487602 1.000000
0.637093 0.508041 2.672700 1.000000
-0.292493 -0.180542 2.484023 1.000000
0.701293 0.521149 2.691887 0.812500
-0.269758 -0.520414 2.581222 1.000000
-0.053116 -0.562692 2.742420 1.000000
-0.360577 -0.934195 2.634758 1.000000
-0.067495 -0.987141 2.786753 1.000000
-0.304076 -0.966683 2.479509 0.000000
0.006297 -1.005334 2.636507 0.000000
0.045684 0.681031 2.531430 0.961538
-0.202364 0.402882 2.552411 1.000000
0.103935 0.389715 2.731648 1.000000
0.002645 0.434157 2.559030 0.000000
-0.107775 0.249123 2.734134 0.000000
-0.174711 0.028811 2.556958 0.884615
0.064512 -0.002865 2.701423 1.000000
-0.116596 0.035075 2.735869 0.000000
-0.290371 0.156808 2.526498 1.000000
0.362998 0.402385 2.690481 1.000000
-0.297375 -0.121954 2.474771 1.000000
0.635951 0.479099 2.683773 1.000000
-0.281820 -0.188410 2.476588 1.000000
0.703963 0.482448 2.688742 0.627404
-0.272504 -0.529858 2.568984 1.000000
-0.052653 -0.563483 2.740799 1.000000
-0.354538 -0.944787 2.627580 1.000000
-0.073125 -0.988133 2.780579 1.000000
-0.288886 -0.979119 2.476380 0.000000
0.010961 -1.005752 2.635771 0.000000
0.049429 0.677660 2.542368 1.000000
-0.193314 0.405216 2.547672 1.000000
0.104656 0.383481 2.741920 1.000000
0.012314 0.428161 2.563197 0.000000
-0.113719 0.251901 2.736804 0.000000
-0.171766 0.027162 2.538909 1.000000
0.058918 -0.010074 2.695434 1.000000
-0.121889 0.035993 2.720183 0.000000
-0.280529 0.158712 2.513372 1.000000
0.365195 0.369844 2.703447 1.000000
-0.283125 -0.121846 2.464509 1.000000
0.641877 0.431145 2.675221 1.000000
-0.265213 -0.187722 2.465602 1.000000
0.707929 0.426119 2.658682 0.459135
-0.270097 -0.534975 2.562474 1.000000
-0.052230 -0.565492 2.745124 1.000000
-0.353495 -0.951304 2.607689 1.000000
-0.078500 -0.989847 2.784639 1.000000
-0.274452 -0.982915 2.462420 0.000000
0.013113 -1.008558 2.644614 0.000000
0.047181 0.678824 2.532071 1.000000
-0.206640 0.399859 2.529612 1.000000
0.076698 0.372647 2.746736 1.000000
-0.003240 0.424431 2.562403 0.000000
-0.139898 0.239067 2.717504 0.000000
-0.169050 0.013189 2.512484 0.971154
0.043716 -0.004610 2.695556 0.971154
-0.140788 0.032542 2.697559 0.000000
-0.277844 0.147699 2.490076 1.000000
0.323867 0.278363 2.731381 1.000000
-0.249602 -0.128660 2.421390 1.000000
0.603647 0.316108 2.684604 1.000000
-0.237287 -0.195436 2.428526 1.000000
0.668656 0.317007 2.663755 0.324519
-0.268459 -0.543815 2.549200 1.000000
-0.048718 -0.564695 2.750428 1.000000
-0.343272 -0.962595 2.586020 1.000000
-0.079104 -0.989404 2.782493 1.000000
-0.245044 -0.991888 2.452441 0.000000
0.030828 -1.006808 2.656151 0.000000
0.041972 0.673884 2.556566 0.995192
-0.211043 0.392436 2.517475 1.000000
0.062822 0.369269 2.746877 1.000000
-0.009412 0.418717 2.558761 0.000000
-0.151447 0.233932 2.709665 0.000000
-0.175056 0.004082 2.505023 0.903846
0.032070 0.000651 2.695256 0.951923
-0.153897 0.029257 2.690346 0.000000
-0.276463 0.138225 2.478797 1.000000
0.294675 0.240372 2.741540 1.000000
-0.235846 -0.137340 2.411606 1.000000
0.574992 0.262929 2.686640 1.000000
-0.217601 -0.200447 2.430214 1.000000
0.633338 0.247356 2.654783 0.425481
-0.266513 -0.549811 2.540457 1.000000
-0.048306 -0.564229 2.751610 1.000000
-0.343418 -0.968242 2.576924 1.000000
-0.075733 -0.989000 2.785464 1.000000
-0.240674 -0.998450 2.446996 0.000000
0.039387 -1.006130 2.663792 0.000000
0.033478 0.674594 2.561731 1.000000
-0.225693 0.391499 2.489929 1.000000
0.020736 0.365206 2.748281 1.000000
-0.030964 0.420950 2.555226 0.000000
-0.183783 0.226345 2.681187 0.000000
-0.184727 -0.005721 2.489300 0.884615
0.010594 0.005162 2.691372 0.673077
-0.176292 0.020841 2.675443 0.000000
-0.275384 0.134642 2.440971 1.000000
0.179670 0.153032 2.772022 1.000000
-0.180524 -0.127060 2.369344 1.000000
0.442542 0.071504 2.689147 1.000000
-0.158476 -0.191608 2.372346 0.778846
0.496871 0.050883 2.653305 0.223558
-0.255889 -0.561459 2.530231 1.000000
-0.047465 -0.563491 2.750553 1.000000
-0.350727 -0.975776 2.571177 1.000000
-0.086278 -0.986949 2.789359 1.000000
-0.239655 -1.013149 2.450279 0.000000
0.038548 -1.008554 2.678446 0.000000
0.009032 0.673730 2.554206 1.000000
-0.246097 0.373829 2.464731 1.000000
-0.019881 0.348990 2.741088 1.000000
-0.059481 0.411476 2.547238 0.000000
-0.209092 0.201784 2.650857 0.000000
-0.190033 -0.024741 2.460751 0.846154
-0.012931 -0.005217 2.678363 0.471154
-0.198332 0.002364 2.646822 0.000000
-0.264745 0.120320 2.392701 1.000000
0.090806 0.114903 2.793567 1.000000
-0.123019 -0.123643 2.350262 1.000000
0.234163 -0.100133 2.672681 1.000000
-0.085436 -0.179751 2.360314 0.812500
0.253422 -0.155197 2.637203 0.223558
-0.246628 -0.583985 2.524992 1.000000
-0.045856 -0.571575 2.749959 1.000000
-0.341522 -0.996814 2.578814 1.000000
-0.096119 -0.994258 2.783751 1.000000
-0.219153 -1.038983 2.471121 0.000000
0.042570 -1.018140 2.691310 0.000000
-0.019821 0.656874 2.540562 1.000000
-0.284150 0.366049 2.455829 1.000000
-0.043662 0.359290 2.720940 1.000000
-0.097268 0.418202 2.529351 0.000000
-0.224995 0.197695 2.639595 0.000000
-0.220965 -0.038145 2.460901 1.000000
-0.036424 0.000671 2.669562 0.000000
-0.222912 -0.011520 2.647216 0.000000
-0.254847 0.119448 2.371595 1.000000
0.047310 0.115335 2.752177 0.092308
-0.101236 -0.116568 2.341663 1.000000
0.092670 -0.151337 2.668365 1.000000
-0.066229 -0.173649 2.354998 0.913462
0.060729 -0.211472 2.663345 0.728365
-0.252795 -0.593412 2.527517 1.000000
-0.051137 -0.572256 2.741361 1.000000
-0.350222 -1.006368 2.575522 1.000000
-0.080073 -0.996915 2.775378 1.000000
-0.229986 -1.047573 2.465088 0.000000
0.053293 -1.014119 2.674049 0.000000
-0.054795 0.658348 2.528856 1.000000
-0.301295 0.356024 2.450082 1.000000
-0.040152 0.362270 2.694886 1.000000
-0.108246 0.409072 2.504562 0.000000
-0.230039 0.199407 2.639833 0.000000
-0.236404 -0.038339 2.457728 1.000000
-0.034175 0.005351 2.648244 0.355769
-0.221689 -0.010122 2.643236 0.000000
-0.255540 0.113967 2.365517 1.000000
0.041190 0.118336 2.746317 0.246154
-0.092625 -0.113912 2.340170 1.000000
0.048429 -0.154842 2.672035 0.509615
-0.051377 -0.165417 2.357704 0.879808
0.034144 -0.220441 2.659616 0.341346
-0.265288 -0.590148 2.518524 1.000000
-0.047422 -0.567763 2.728780 1.000000
-0.365307 -1.001980 2.570677 1.000000
-0.087455 -0.989425 2.782891 1.000000
-0.256400 -1.043805 2.449268 0.000000
0.036374 -1.015436 2.671806 0.000000
-0.079228 0.666464 2.524221 1.000000
-0.306431 0.353934 2.462992 1.000000
-0.031191 0.373193 2.691106 1.000000
-0.109953 0.407806 2.502297 0.000000
-0.225682 0.209692 2.658660 0.000000
-0.250777 -0.030629 2.464239 1.000000
-0.036241 0.014672 2.640374 0.153846
-0.223245 -0.004990 2.648659 0.000000
-0.283959 0.105411 2.390673 1.000000
0.046736 0.125827 2.722543 0.938462
-0.113246 -0.112648 2.345664 1.000000
0.074237 -0.151802 2.680570 1.000000
-0.079319 -0.170848 2.356766 0.947115
0.055334 -0.207659 2.646157 0.930288
-0.271364 -0.582091 2.520340 1.000000
-0.047081 -0.560507 2.715882 1.000000
-0.365912 -0.994368 2.578797 1.000000
-0.077349 -0.982633 2.772645 1.000000
-0.265992 -1.035588 2.449696 0.000000
0.036909 -1.007127 2.651421 0.000000
-0.096274 0.676595 2.518239 1.000000
-0.305047 0.354077 2.483008 1.000000
-0.008762 0.365992 2.683599 1.000000
-0.103440 0.399290 2.502002 0.000000
-0.212814 0.211410 2.674714 0.000000
-0.250499 -0.028106 2.485126 0.519231
-0.017938 0.004416 2.639914 0.153846
-0.203895 -0.007725 2.666340 0.000000
-0.305244 0.103448 2.420673 1.000000
0.076387 0.131072 2.753866 1.000000
-0.144185 -0.115703 2.358865 1.000000
0.084628 -0.138452 2.677294 1.000000
-0.118659 -0.178969 2.361591 0.980769
0.071866 -0.204752 2.667140 1.000000
-0.279149 -0.581940 2.527792 1.000000
-0.037055 -0.568850 2.712931 1.000000
-0.363242 -0.997093 2.581700 1.000000
-0.072717 -0.989360 2.777962 1.000000
-0.277747 -1.032670 2.441076 0.000000
0.027959 -1.018284 2.646137 0.000000
-0.098376 0.674262 2.511944 1.000000
-0.296756 0.355573 2.514712 1.000000
0.017108 0.362135 2.686788 1.000000
-0.093809 0.398734 2.515300 0.000000
-0.188433 0.209505 2.695106 0.000000
-0.234951 -0.018650 2.514232 0.471154
0.010662 -0.015271 2.651213 0.798077
-0.173086 -0.012257 2.691877 0.000000
-0.329229 0.103438 2.477875 1.000000
0.101017 0.127433 2.753600 1.000000
-0.190018 -0.116568 2.382117 1.000000
0.098028 -0.142040 2.682651 1.000000
-0.166998 -0.180672 2.377383 1.000000
0.089292 -0.209752 2.683161 1.000000
-0.284539 -0.578596 2.538788 1.000000
-0.033899 -0.583700 2.712476 1.000000
-0.357026 -0.996218 2.590428 1.000000
-0.071656 -1.003866 2.778538 1.000000
-0.286441 -1.026985 2.440691 0.000000
0.014423 -1.033860 2.636972 0.000000
-0.107794 0.669346 2.502936 1.000000
-0.286305 0.369287 2.567307 1.000000
0.051540 0.376238 2.685531 1.000000
-0.086341 0.414431 2.535262 0.000000
-0.148736 0.221478 2.724913 0.000000
-0.228709 -0.004530 2.552180 0.326923
0.035865 -0.015781 2.646920 0.951923
-0.137982 0.001384 2.716981 0.000000
-0.328605 0.117614 2.537860 1.000000
0.125167 0.133750 2.733133 1.000000
-0.244547 -0.127208 2.438051 1.000000
0.121044 -0.142414 2.697702 1.000000
-0.237838 -0.192544 2.419400 1.000000
0.112833 -0.210060 2.701975 0.862981
-0.290909 -0.564858 2.564596 1.000000
-0.023316 -0.581985 2.712285 1.000000
-0.348432 -0.984797 2.616287 1.000000
-0.062131 -1.001176 2.783710 1.000000
-0.308454 -1.010162 2.454705 0.000000
-0.002285 -1.032980 2.629577 0.000000
-0.100847 0.671293 2.500215 1.000000
-0.286227 0.378216 2.588734 1.000000
0.059385 0.379517 2.682087 1.000000
-0.088350 0.419607 2.542023 0.000000
-0.140218 0.228564 2.736712 0.000000
-0.224727 0.004634 2.576104 0.163462
0.046463 -0.014399 2.648185 1.000000
-0.120382 0.006563 2.732739 0.000000
-0.327908 0.124011 2.561059 1.000000
0.134763 0.135038 2.727617 1.000000
-0.272171 -0.137715 2.479365 1.000000
0.136373 -0.143934 2.697267 1.000000
-0.284968 -0.204531 2.473590 1.000000
0.110323 -0.206489 2.688907 0.997596
-0.288584 -0.558211 2.592463 1.000000
-0.030274 -0.581271 2.706005 1.000000
-0.349762 -0.978268 2.638715 1.000000
-0.062286 -0.998787 2.789577 1.000000
-0.320224 -1.000654 2.474469 0.000000
-0.018439 -1.033920 2.630853 0.000000
-0.100506 0.673935 2.503573 1.000000
-0.284327 0.377233 2.598578 1.000000
0.064108 0.381201 2.680684 1.000000
-0.088132 0.417658 2.544507 0.000000
-0.133357 0.231441 2.745428 0.000000
-0.222575 0.007311 2.589375 0.259615
0.050809 -0.010180 2.653071 1.000000
-0.113514 0.009289 2.742764 0.000000
-0.333928 0.121768 2.580662 1.000000
0.140371 0.134664 2.722812 1.000000
-0.299394 -0.149150 2.511630 1.000000
0.135111 -0.145287 2.686260 1.000000
-0.308791 -0.215074 2.496553 1.000000
0.111666 -0.207416 2.670386 0.862981
-0.292866 -0.552638 2.610306 1.000000
-0.031407 -0.580159 2.696649 1.000000
-0.348518 -0.972736 2.662740 1.000000
-0.071318 -0.996697 2.781692 1.000000
-0.326460 -0.996284 2.497485 0.000000
-0.031657 -1.033071 2.622149 0.000000
-0.094780 0.674696 2.507321 1.000000
-0.280728 0.375060 2.607384 1.000000
0.068084 0.376366 2.687962 1.000000
-0.084664 0.416056 2.553265 0.000000
-0.129512 0.225841 2.750492 0.000000
-0.230849 -0.002338 2.587028 0.971154
0.038007 -0.008072 2.669400 1.000000
-0.132835 0.002861 2.747627 0.000000
-0.341840 0.119366 2.608518 1.000000
0.136039 0.123614 2.717190 1.000000
-0.328720 -0.158462 2.551571 1.000000
0.119394 -0.156496 2.670872 1.000000
-0.327321 -0.226714 2.552737 1.000000
0.096715 -0.217349 2.649799 0.896635
-0.299094 -0.558429 2.630282 1.000000
-0.034897 -0.583546 2.690570 1.000000
-0.348743 -0.977778 2.693611 1.000000
-0.071736 -0.997756 2.787534 1.000000
-0.314569 -1.006346 2.531234 0.000000
-0.020394 -1.038622 2.632473 0.000000
-0.101503 0.671612 2.516907 1.000000
-0.287088 0.370550 2.608109 1.000000
0.063225 0.371566 2.681894 1.000000
-0.091978 0.410224 2.549727 0.000000
-0.133615 0.222475 2.749996 0.000000
-0.248353 -0.007300 2.595298 0.673077
0.027233 -0.006946 2.651458 0.288462
-0.135487 0.001854 2.745642 0.000000
-0.349741 0.115521 2.634579 1.000000
0.123434 0.115701 2.709629 1.000000
-0.335518 -0.161951 2.570913 1.000000
0.099388 -0.164185 2.659034 1.000000
-0.344342 -0.229189 2.562994 1.000000
0.092934 -0.229101 2.679180 0.627404
-0.299198 -0.565174 2.638903 1.000000
-0.036411 -0.583538 2.686734 1.000000
-0.351776 -0.984036 2.703087 1.000000
-0.061464 -0.997978 2.786441 1.000000
-0.330214 -1.011970 2.538451 0.000000
-0.024729 -1.038509 2.627200 0.000000
-0.099858 0.673653 2.531524 1.000000
-0.293508 0.369578 2.612276 1.000000
0.057008 0.373576 2.684984 1.000000
-0.099078 0.412536 2.553950 0.000000
-0.137816 0.221043 2.751235 0.000000
-0.247059 -0.004141 2.598184 0.519231
0.028840 -0.007326 2.652691 0.807692
-0.133250 0.000837 2.748013 0.000000
-0.355071 0.113351 2.638189 1.000000
0.120537 0.117180 2.707285 1.000000
-0.336360 -0.166668 2.583346 1.000000
0.097785 -0.163436 2.655416 1.000000
-0.346809 -0.234137 2.582759 1.000000
0.078702 -0.226091 2.636132 0.862981
-0.303566 -0.561584 2.643533 1.000000
-0.044853 -0.583938 2.679209 1.000000
-0.352282 -0.979841 2.714365 1.000000
-0.059477 -0.996817 2.787124 1.000000
-0.333667 -1.009888 2.549741 0.000000
-0.025820 -1.039651 2.627804 0.000000
-0.105864 0.674938 2.532646 1.000000
-0.303130 0.367259 2.620576 1.000000
0.048465 0.370732 2.687904 1.000000
-0.109686 0.411404 2.559903 0.000000
-0.145097 0.216904 2.754857 0.000000
-0.260560 -0.009281 2.589959 1.000000
0.012039 -0.006755 2.659133 0.942308
-0.155039 -0.000229 2.745552 0.000000
-0.368406 0.110679 2.643785 1.000000
0.111279 0.112856 2.705327 1.000000
-0.350238 -0.170144 2.587374 1.000000
0.088920 -0.168119 2.649991 1.000000
-0.341326 -0.237489 2.580530 1.000000
0.074839 -0.233928 2.638483 0.526442
-0.311665 -0.565834 2.650075 1.000000
-0.057206 -0.585844 2.667972 1.000000
-0.357396 -0.986581 2.706728 1.000000
-0.062439 -0.993779 2.794033 1.000000
-0.324735 -1.012105 2.543535 0.000000
-0.021783 -1.042496 2.638072 0.000000
-0.111861 0.672584 2.539341 1.000000
-0.312090 0.366308 2.626545 1.000000
0.041762 0.367020 2.680875 1.000000
-0.120599 0.407856 2.558313 0.000000
-0.150663 0.215873 2.756631 0.000000
-0.275009 -0.012267 2.601513 1.000000
0.003133 -0.005362 2.642640 1.000000
-0.154453 0.004155 2.745119 0.000000
-0.379049 0.109222 2.644488 1.000000
0.101121 0.107777 2.697093 1.000000
-0.358189 -0.170737 2.582268 1.000000
0.081235 -0.174951 2.647462 1.000000
-0.354403 -0.236313 2.600897 1.000000
0.061041 -0.239891 2.641415 0.560096
-0.318578 -0.568481 2.648992 1.000000
-0.063650 -0.585281 2.659744 1.000000
-0.358010 -0.988185 2.716986 1.000000
-0.067027 -0.991252 2.792052 1.000000
-0.347135 -1.016050 2.551289 0.000000
-0.041564 -1.043017 2.633868 0.000000
-0.125704 0.673085 2.542896 1.000000
-0.325180 0.365305 2.630134 1.000000
0.028565 0.373796 2.684508 1.000000
-0.134842 0.413266 2.562891 0.000000
-0.159911 0.216104 2.756773 0.000000
-0.282745 -0.012693 2.603383 1.000000
-0.004734 -0.004606 2.645170 1.000000
-0.162617 0.005493 2.747135 0.000000
-0.390319 0.107212 2.646242 1.000000
0.089788 0.114186 2.691241 1.000000
-0.363042 -0.171235 2.577988 1.000000
0.075310 -0.170328 2.648033 1.000000
-0.373278 -0.238614 2.573878 1.000000
0.053719 -0.231582 2.626977 0.728365
-0.321772 -0.569742 2.650393 1.000000
-0.071205 -0.584784 2.658828 1.000000
-0.359593 -0.989720 2.717602 1.000000
-0.067058 -0.989728 2.794223 1.000000
-0.347917 -1.017288 2.551910 0.000000
-0.042301 -1.042312 2.636197 0.129808
-0.131891 0.677778 2.554457 1.000000
