-0.435203 0.219520 2.518639 1.000000
-0.076777 0.240029 2.491982 1.000000
-0.265449 0.273538 2.411798 0.000000
-0.241791 0.101863 2.597813 0.000000
-0.455532 -0.112463 2.498828 1.000000
-0.027784 -0.115263 2.477590 0.942308
-0.235621 -0.102818 2.608346 0.000000
-0.500864 -0.046156 2.522964 1.000000
0.019072 -0.015706 2.510041 1.000000
-0.476088 -0.321191 2.435055 1.000000
-0.006107 -0.289551 2.418602 1.000000
-0.494071 -0.381726 2.407991 0.139423
-0.019609 -0.355781 2.406286 0.829327
-0.350202 -0.617076 2.525669 1.000000
-0.117436 -0.617291 2.515764 1.000000
-0.354908 -1.001945 2.618782 1.000000
-0.127382 -0.996616 2.629032 1.000000
-0.364949 -1.041087 2.456487 0.000000
-0.127608 -1.044464 2.468772 0.134615
-0.263301 0.516144 2.374394 1.000000
-0.434016 0.219649 2.519075 1.000000
-0.075422 0.240660 2.495225 1.000000
-0.263538 0.275037 2.414106 0.000000
-0.241104 0.101145 2.598203 0.000000
-0.456251 -0.112150 2.501368 1.000000
-0.028825 -0.116735 2.474647 0.932692
-0.234915 -0.103396 2.608054 0.000000
-0.500669 -0.045912 2.524061 1.000000
0.021817 -0.014961 2.509085 1.000000
-0.480032 -0.321192 2.435367 1.000000
-0.010082 -0.288106 2.417181 1.000000
-0.486912 -0.381044 2.402340 0.223558
-0.004551 -0.356258 2.410463 0.644231
-0.348062 -0.617278 2.528421 1.000000
-0.117957 -0.618057 2.516298 1.000000
-0.359674 -1.003718 2.614122 1.000000
-0.136115 -0.994056 2.639226 1.000000
-0.370799 -1.039531 2.451130 0.000000
-0.136347 -1.046019 2.480253 0.322115
-0.264049 0.515903 2.377688 1.000000
-0.433873 0.219969 2.520946 1.000000
-0.075584 0.238247 2.491035 1.000000
-0.264755 0.272275 2.412259 0.000000
-0.240446 0.101762 2.599257 0.000000
-0.457523 -0.112762 2.501812 1.000000
-0.029917 -0.118453 2.478398 0.903846
-0.237006 -0.105632 2.610300 0.000000
-0.503151 -0.044630 2.518678 1.000000
0.019982 -0.017389 2.509323 1.000000
-0.475885 -0.317881 2.426653 1.000000
-0.012643 -0.289046 2.414372 1.000000
-0.484008 -0.382375 2.404406 0.004808
-0.012708 -0.352925 2.389075 0.728365
-0.347853 -0.618259 2.529699 1.000000
-0.119390 -0.619415 2.519433 1.000000
-0.354546 -1.004441 2.617075 1.000000
-0.126136 -1.000450 2.627056 1.000000
-0.364543 -1.041119 2.454203 0.000000
-0.128193 -1.045874 2.466106 0.177885
-0.262526 0.517616 2.378577 1.000000
-0.439469 0.221764 2.522783 1.000000
-0.080563 0.240907 2.502286 1.000000
-0.267772 0.277947 2.420249 0.000000
-0.247972 0.100617 2.601345 0.000000
-0.464879 -0.115502 2.504144 1.000000
-0.037122 -0.117014 2.482946 0.865385
-0.245008 -0.104952 2.613660 0.000000
-0.510468 -0.041661 2.515762 1.000000
0.002687 -0.017953 2.525608 1.000000
-0.478999 -0.315800 2.429970 1.000000
-0.024480 -0.269117 2.385318 1.000000
-0.480609 -0.376191 2.397247 0.189904
-0.024656 -0.337821 2.384835 0.492788
-0.348700 -0.620240 2.527903 1.000000
-0.119890 -0.618963 2.518459 1.000000
-0.358638 -1.006331 2.615371 1.000000
-0.137017 -0.993886 2.644773 1.000000
-0.366767 -1.043042 2.452403 0.000000
-0.133121 -1.047430 2.486373 0.307692
-0.268514 0.515682 2.381289 1.000000
-0.440271 0.223639 2.518004 1.000000
-0.080764 0.238359 2.506257 1.000000
-0.265442 0.277381 2.419536 0.000000
-0.252249 0.100454 2.601624 0.000000
-0.453656 -0.122966 2.496397 1.000000
-0.025454 -0.121982 2.488062 0.826923
-0.237242 -0.110986 2.612454 0.000000
-0.505797 -0.039417 2.514129 1.000000
0.024341 -0.008088 2.547778 1.000000
-0.466808 -0.310337 2.427576 1.000000
-0.027559 -0.212448 2.352963 1.000000
-0.483046 -0.373490 2.405931 0.206731
-0.021885 -0.263986 2.307885 0.105769
-0.351067 -0.626289 2.527499 1.000000
-0.117923 -0.625773 2.514806 1.000000
-0.360045 -1.011438 2.619123 1.000000
-0.129943 -1.002316 2.636819 1.000000
-0.365350 -1.050009 2.456468 0.000000
-0.124710 -1.053997 2.477841 0.201923
-0.268235 0.517405 2.386771 1.000000
-0.441892 0.225455 2.502782 1.000000
-0.083372 0.243788 2.529751 1.000000
-0.258134 0.282093 2.424203 0.000000
-0.262553 0.103067 2.604657 0.000000
-0.454914 -0.126311 2.474022 1.000000
-0.031059 -0.096230 2.527591 1.000000
-0.258337 -0.108292 2.620585 0.000000
-0.506580 -0.032200 2.518259 1.000000
0.009847 0.007958 2.610401 0.569231
-0.480399 -0.294104 2.417728 1.000000
-0.005206 0.018825 2.329259 0.000000
-0.504615 -0.358259 2.421989 0.425481
-0.022312 0.061481 2.278188 1.000000
-0.354114 -0.619261 2.533668 1.000000
-0.121976 -0.609114 2.507381 1.000000
-0.355267 -1.007001 2.614116 1.000000
-0.136831 -0.981808 2.640400 1.000000
-0.335674 -1.040800 2.451493 0.000000
-0.112051 -1.038283 2.484936 0.250000
-0.260165 0.512426 2.378052 1.000000
-0.442835 0.227277 2.506096 1.000000
-0.084018 0.244226 2.529824 1.000000
-0.259670 0.284343 2.426449 0.000000
-0.262899 0.103117 2.604720 0.000000
-0.456690 -0.127963 2.474494 1.000000
-0.033049 -0.093117 2.526859 1.000000
-0.259910 -0.107753 2.620499 0.000000
-0.506615 -0.031255 2.509999 1.000000
-0.004979 -0.004324 2.583655 0.738462
-0.479949 -0.295476 2.415196 1.000000
0.015432 0.100316 2.322608 0.567308
-0.494027 -0.358312 2.439152 0.526442
-0.003049 0.145339 2.274113 0.307692
-0.353336 -0.619515 2.534101 1.000000
-0.122750 -0.607305 2.509612 1.000000
-0.349628 -1.006624 2.617462 1.000000
-0.128481 -0.982864 2.635065 1.000000
-0.330625 -1.041431 2.454981 0.000000
-0.106674 -1.035701 2.477886 0.153846
-0.258571 0.509109 2.372952 1.000000
-0.449139 0.232359 2.488437 1.000000
-0.092091 0.250130 2.530872 1.000000
-0.261203 0.280334 2.414088 0.000000
-0.276314 0.118043 2.609196 0.000000
-0.457834 -0.121523 2.486594 1.000000
-0.032156 -0.093197 2.524315 1.000000
-0.255750 -0.105939 2.625761 0.000000
-0.512419 -0.019413 2.506279 1.000000
0.166213 0.252683 2.499503 1.000000
-0.498217 -0.285903 2.437770 1.000000
0.370153 0.392704 2.378198 1.000000
-0.490171 -0.338693 2.394540 0.694712
0.420462 0.428234 2.347750 0.000000
-0.350613 -0.616372 2.529941 1.000000
-0.115689 -0.605049 2.517433 1.000000
-0.354740 -1.002506 2.617687 1.000000
-0.138795 -0.980857 2.640112 1.000000
-0.341797 -1.039588 2.455114 0.000000
-0.115176 -1.033550 2.483146 0.269231
-0.277581 0.518508 2.376196 1.000000
-0.447591 0.233497 2.488378 1.000000
-0.091491 0.248807 2.525498 1.000000
-0.260350 0.279290 2.410963 0.000000
-0.273978 0.118988 2.607817 0.000000
-0.456413 -0.117938 2.492291 1.000000
-0.029461 -0.094297 2.516382 1.000000
-0.249863 -0.103910 2.624912 0.000000
-0.510503 -0.019070 2.505444 1.000000
0.165601 0.276072 2.490861 1.000000
-0.494997 -0.285946 2.436046 1.000000
0.393715 0.390886 2.385689 1.000000
-0.489202 -0.340101 2.394164 0.677885
0.450246 0.419733 2.359374 0.000000
-0.349830 -0.614470 2.529114 1.000000
-0.117073 -0.604969 2.519251 1.000000
-0.354795 -1.001012 2.615000 1.000000
-0.125414 -0.984930 2.630499 1.000000
-0.347244 -1.037344 2.451919 0.000000
-0.109667 -1.032035 2.470794 0.173077
-0.270176 0.522374 2.382001 1.000000
-0.445369 0.232416 2.494109 1.000000
-0.088502 0.247808 2.516178 1.000000
-0.261631 0.279235 2.409270 0.000000
-0.266729 0.116944 2.604896 0.000000
-0.451459 -0.112094 2.499593 1.000000
-0.023395 -0.099267 2.504496 1.000000
-0.238930 -0.101646 2.622763 0.000000
-0.505239 -0.026546 2.511111 1.000000
0.170845 0.281047 2.465490 1.000000
-0.502594 -0.290876 2.412888 1.000000
0.405174 0.393728 2.356321 1.000000
-0.461524 -0.325742 2.370249 0.509615
0.461936 0.421700 2.329561 0.000000
-0.350520 -0.611987 2.527606 1.000000
-0.114585 -0.606930 2.516470 1.000000
-0.351140 -0.996926 2.620542 1.000000
-0.127375 -0.985779 2.631038 1.000000
-0.352581 -1.036174 2.457968 0.000000
-0.117894 -1.034407 2.471294 0.153846
-0.269816 0.520229 2.373035 1.000000
-0.441314 0.231848 2.495768 1.000000
-0.082704 0.250499 2.521291 1.000000
-0.257399 0.282506 2.413557 0.000000
-0.262372 0.115681 2.605334 0.000000
-0.449147 -0.108720 2.498996 1.000000
-0.020985 -0.099892 2.504161 1.000000
-0.236596 -0.100717 2.622310 0.000000
-0.503977 -0.026087 2.513390 1.000000
0.177647 0.246760 2.466782 1.000000
-0.496862 -0.288551 2.411408 1.000000
0.381961 0.401505 2.349958 1.000000
-0.479926 -0.354167 2.400090 0.610577
0.431397 0.439586 2.321211 0.000000
-0.350839 -0.609746 2.525614 1.000000
-0.114932 -0.606597 2.514322 1.000000
-0.352620 -0.991723 2.630049 1.000000
-0.139774 -0.980852 2.641333 1.000000
-0.354906 -1.035817 2.468733 0.038462
-0.128152 -1.035162 2.483574 0.250000
-0.273012 0.520132 2.369979 1.000000
-0.444310 0.223642 2.492659 1.000000
-0.086175 0.253781 2.513430 1.000000
-0.263289 0.280792 2.408309 0.000000
-0.260197 0.112642 2.598965 0.000000
-0.448072 -0.113574 2.490396 1.000000
-0.020310 -0.099148 2.505844 1.000000
-0.238759 -0.099981 2.618660 0.000000
-0.497499 -0.031655 2.515207 1.000000
0.082021 0.054751 2.538151 1.000000
-0.489517 -0.297043 2.435728 1.000000
0.165779 0.264082 2.376979 1.000000
-0.484085 -0.355759 2.400466 0.677885
0.222510 0.288432 2.346827 1.000000
-0.347560 -0.612394 2.530716 1.000000
-0.112994 -0.607408 2.515091 1.000000
-0.358116 -0.999452 2.613725 1.000000
-0.130849 -0.987973 2.623108 1.000000
-0.353954 -1.034621 2.450268 0.000000
-0.117718 -1.034069 2.462873 0.000000
-0.271019 0.516799 2.363940 1.000000
-0.441607 0.223479 2.495136 1.000000
-0.082916 0.249221 2.511828 1.000000
-0.260943 0.279194 2.409078 0.000000
-0.257565 0.109434 2.598297 0.000000
-0.446473 -0.115031 2.485487 1.000000
-0.019073 -0.099137 2.507942 1.000000
-0.239362 -0.100022 2.617123 0.000000
-0.496099 -0.030535 2.526152 1.000000
0.034899 0.022241 2.567095 1.000000
-0.489163 -0.292212 2.435475 1.000000
0.134375 0.198232 2.377683 1.000000
-0.487172 -0.359821 2.423416 0.576923
0.176372 0.224649 2.330156 1.000000
-0.346434 -0.613014 2.532365 1.000000
-0.112483 -0.607916 2.513438 1.000000
-0.354596 -1.000258 2.614776 1.000000
-0.138172 -0.983639 2.635867 1.000000
-0.347641 -1.035181 2.451360 0.000000
-0.121011 -1.036241 2.478034 0.230769
-0.270798 0.518416 2.368966 1.000000
-0.441426 0.220178 2.495931 1.000000
-0.083121 0.248266 2.516639 1.000000
-0.260814 0.283036 2.414828 0.000000
-0.256874 0.101545 2.592814 0.000000
-0.440947 -0.120896 2.478711 1.000000
-0.013866 -0.098396 2.501600 1.000000
-0.234445 -0.098173 2.610198 0.000000
-0.493536 -0.033615 2.530825 1.000000
0.003415 0.015082 2.597142 0.615385
-0.483988 -0.294892 2.439918 1.000000
0.052519 0.048508 2.326787 0.567308
-0.458732 -0.356920 2.424586 0.745192
0.111480 0.038944 2.292837 0.475962
-0.346121 -0.615850 2.533577 1.000000
-0.114488 -0.609285 2.509027 1.000000
-0.357375 -1.003033 2.615910 1.000000
-0.134249 -0.982104 2.641055 1.000000
-0.350199 -1.037987 2.452511 0.000000
-0.119907 -1.038404 2.484220 0.230769
-0.264664 0.516853 2.376507 1.000000
-0.429449 0.228513 2.501076 1.000000
-0.070404 0.241270 2.523975 1.000000
-0.245628 0.280697 2.419612 0.000000
-0.251088 0.104888 2.603175 0.000000
-0.450255 -0.112617 2.484701 1.000000
-0.022348 -0.112845 2.502653 0.721154
-0.241339 -0.102105 2.613899 0.000000
-0.495913 -0.029270 2.518815 1.000000
0.020434 -0.009462 2.532085 1.000000
-0.478053 -0.290619 2.413066 1.000000
0.005153 -0.276289 2.440572 1.000000
-0.501815 -0.355070 2.411698 0.240385
0.027929 -0.340772 2.433963 0.745192
-0.345242 -0.615897 2.530360 1.000000
-0.112591 -0.616364 2.513549 1.000000
-0.357224 -1.002460 2.615455 1.000000
-0.139450 -0.991009 2.638991 1.000000
-0.351636 -1.038562 2.452244 0.000000
-0.121557 -1.044959 2.481696 0.250000
-0.241521 0.513098 2.372436 1.000000
-0.426326 0.227229 2.503201 1.000000
-0.067429 0.244613 2.525362 1.000000
-0.243419 0.282515 2.421726 0.000000
-0.246079 0.105198 2.603894 0.000000
-0.447619 -0.109832 2.482362 1.000000
-0.020100 -0.113096 2.507748 0.788462
-0.240930 -0.102406 2.615302 0.000000
-0.492905 -0.031938 2.514238 1.000000
0.019121 -0.008812 2.528031 1.000000
-0.482490 -0.299316 2.420387 1.000000
0.014002 -0.279829 2.444776 1.000000
-0.466353 -0.317192 2.356040 0.274038
0.022774 -0.345267 2.463785 0.711538
-0.345491 -0.613728 2.531336 1.000000
-0.112661 -0.615984 2.513594 1.000000
-0.356578 -1.000596 2.615161 1.000000
-0.140770 -0.990087 2.640372 1.000000
-0.348403 -1.036194 2.451948 0.000000
-0.120517 -1.044735 2.483604 0.269231
-0.245305 0.513538 2.374985 1.000000
