-0.373195 0.279603 2.692917 1.000000
-0.030014 0.292830 2.660100 1.000000
-0.217854 0.348340 2.531615 0.000000
-0.189535 0.150658 2.748088 0.000000
-0.376962 -0.053239 2.602855 0.903846
-0.011172 -0.057395 2.570362 0.711538
-0.183887 -0.054404 2.701089 0.000000
-0.441976 0.010576 2.659514 1.000000
0.039723 0.023077 2.635770 1.000000
-0.433500 -0.272418 2.575524 1.000000
0.037231 -0.260154 2.552188 1.000000
-0.446572 -0.334412 2.558966 0.122596
0.004357 -0.316395 2.558865 0.442308
-0.297440 -0.546887 2.728990 1.000000
-0.102083 -0.556089 2.690018 1.000000
-0.297217 -0.949696 2.787252 1.000000
-0.079854 -0.955090 2.767178 1.000000
-0.311478 -0.972211 2.631643 0.000000
-0.094339 -0.985716 2.612981 0.000000
-0.210649 0.555515 2.585868 1.000000
-0.371940 0.290296 2.683798 1.000000
-0.028225 0.296371 2.654680 1.000000
-0.213504 0.354122 2.523492 0.000000
-0.191496 0.158381 2.742448 0.000000
-0.377122 -0.053324 2.595187 0.884615
-0.010373 -0.055849 2.576108 0.615385
-0.187763 -0.052471 2.700408 0.000000
-0.438935 0.020227 2.651372 1.000000
0.038927 0.025406 2.631315 1.000000
-0.429944 -0.264354 2.571187 1.000000
0.037430 -0.258215 2.547328 1.000000
-0.430257 -0.325617 2.548057 0.189904
0.001308 -0.311103 2.560977 0.661058
-0.295515 -0.544944 2.730854 1.000000
-0.097260 -0.554477 2.694125 1.000000
-0.298681 -0.948314 2.785006 1.000000
-0.075837 -0.953733 2.770182 1.000000
-0.306836 -0.969229 2.628736 0.000000
-0.084551 -0.983682 2.615419 0.000000
-0.212787 0.561016 2.573546 1.000000
-0.373647 0.283502 2.672764 1.000000
-0.030092 0.291871 2.642356 1.000000
-0.216294 0.343670 2.509996 0.000000
-0.191789 0.155223 2.735002 0.000000
-0.373711 -0.054310 2.597016 1.000000
-0.006928 -0.057224 2.578641 0.644231
-0.184548 -0.052999 2.702586 0.000000
-0.440417 0.012355 2.647114 1.000000
0.041160 0.021265 2.624125 1.000000
-0.424329 -0.273056 2.569938 1.000000
0.037894 -0.264726 2.547492 1.000000
-0.436637 -0.336094 2.557176 0.206731
0.004290 -0.319516 2.560025 0.492788
-0.295691 -0.546139 2.732330 1.000000
-0.093321 -0.555703 2.696815 1.000000
-0.295805 -0.949151 2.789170 1.000000
-0.078132 -0.956092 2.768276 1.000000
-0.304012 -0.971167 2.633053 0.000000
-0.086521 -0.984100 2.613132 0.000000
-0.206519 0.551736 2.553693 1.000000
-0.369144 0.280043 2.654001 1.000000
-0.025378 0.288083 2.625976 1.000000
-0.210653 0.329668 2.488799 0.000000
-0.187247 0.157305 2.726462 0.000000
-0.371819 -0.062292 2.605170 0.884615
-0.005773 -0.064039 2.575447 0.586538
-0.179478 -0.057331 2.704717 0.000000
-0.439541 0.008851 2.645284 1.000000
0.043762 0.016454 2.622173 1.000000
-0.418902 -0.275995 2.567537 1.000000
0.038131 -0.269799 2.547106 1.000000
-0.426245 -0.339228 2.552181 0.223558
-0.002898 -0.314401 2.571915 0.593750
-0.293890 -0.553117 2.740743 1.000000
-0.087658 -0.560745 2.705462 1.000000
-0.292033 -0.958140 2.780765 1.000000
-0.074046 -0.961567 2.774781 1.000000
-0.305224 -0.973670 2.624210 0.000000
-0.087104 -0.988809 2.619823 0.000000
-0.207685 0.545816 2.527848 1.000000
-0.375593 0.290753 2.631529 1.000000
-0.032001 0.307891 2.605540 1.000000
-0.217377 0.340366 2.466060 0.000000
-0.190804 0.175320 2.708536 0.000000
-0.370711 -0.055749 2.605726 0.807692
-0.003900 -0.053222 2.587854 0.663462
-0.181815 -0.043366 2.711055 0.000000
-0.436787 0.016814 2.632727 1.000000
0.043548 0.037571 2.608312 1.000000
-0.416608 -0.274549 2.582294 1.000000
0.042764 -0.253942 2.554806 1.000000
-0.406811 -0.335136 2.559456 0.223558
0.015189 -0.310301 2.573557 0.644231
-0.289211 -0.543009 2.754188 1.000000
-0.086965 -0.549795 2.721186 1.000000
-0.293049 -0.948959 2.783153 1.000000
-0.072466 -0.953116 2.773828 1.000000
-0.300045 -0.960118 2.625828 0.000000
-0.080424 -0.973804 2.617516 0.000000
-0.216267 0.543535 2.476427 1.000000
-0.375849 0.283282 2.600308 1.000000
-0.031710 0.298712 2.581474 1.000000
-0.213482 0.316919 2.434841 0.014423
-0.193061 0.176411 2.692875 0.000000
-0.366654 -0.045984 2.615181 0.942308
0.000130 -0.056166 2.599645 0.701923
-0.178069 -0.038088 2.721495 0.000000
-0.436214 0.009858 2.625691 1.000000
0.046340 0.028787 2.591384 1.000000
-0.407864 -0.283477 2.589850 1.000000
0.043268 -0.266575 2.561631 1.000000
-0.400667 -0.341369 2.619599 0.375000
0.010854 -0.320568 2.579585 0.745192
-0.284795 -0.536249 2.767018 1.000000
-0.080161 -0.549605 2.730011 1.000000
-0.278282 -0.940993 2.809316 1.000000
-0.071777 -0.954084 2.774467 1.000000
-0.287078 -0.957517 2.652555 0.153846
-0.079886 -0.971475 2.617763 0.000000
-0.214436 0.522758 2.428545 1.000000
-0.380556 0.275587 2.576363 1.000000
-0.036724 0.281100 2.548544 1.000000
-0.221478 0.282191 2.404536 0.009615
-0.197588 0.179091 2.679382 0.000000
-0.367521 -0.042706 2.627922 0.894231
-0.001517 -0.063621 2.606039 0.634615
-0.176635 -0.033363 2.729923 0.000000
-0.433825 0.001718 2.607327 1.000000
0.047892 0.015689 2.583151 1.000000
-0.406727 -0.293101 2.593034 1.000000
0.045162 -0.279624 2.557869 1.000000
-0.411376 -0.358323 2.589470 0.021635
0.012141 -0.319628 2.597839 0.526442
-0.281941 -0.534691 2.783618 1.000000
-0.079814 -0.549625 2.753633 1.000000
-0.273485 -0.939766 2.822245 1.000000
-0.069017 -0.955945 2.774535 1.000000
-0.286604 -0.954972 2.665653 0.173077
-0.081806 -0.964368 2.617405 0.000000
-0.219456 0.490051 2.373817 1.000000
-0.381393 0.248531 2.529430 1.000000
-0.039364 0.253560 2.484526 1.000000
-0.229786 0.211535 2.354729 0.033654
-0.191230 0.187586 2.645728 0.000000
-0.364166 -0.063485 2.632171 0.865385
0.002163 -0.054036 2.607890 0.471154
-0.174972 -0.017412 2.727101 0.000000
-0.434821 -0.020882 2.586763 1.000000
0.050429 -0.001320 2.560015 1.000000
-0.403077 -0.315219 2.598219 1.000000
0.046383 -0.297551 2.561947 1.000000
-0.384008 -0.364048 2.637467 0.257212
0.017064 -0.355452 2.570671 0.778846
-0.282792 -0.536860 2.811447 1.000000
-0.072708 -0.540059 2.778819 1.000000
-0.284499 -0.943798 2.818346 1.000000
-0.078926 -0.946337 2.802246 1.000000
-0.293871 -0.946431 2.660771 0.192308
-0.087258 -0.955286 2.644845 0.211538
-0.225815 0.425509 2.280445 1.000000
-0.383184 0.201235 2.490900 1.000000
-0.040196 0.215561 2.456559 1.000000
-0.223749 0.147534 2.327895 0.019231
-0.195206 0.165508 2.620475 0.000000
-0.357486 -0.076431 2.640582 0.557692
0.009297 -0.089578 2.627425 0.394231
-0.168499 -0.027427 2.734453 0.000000
-0.435521 -0.062175 2.573337 1.000000
0.048318 -0.036685 2.542915 1.000000
-0.395455 -0.355577 2.590659 1.000000
0.042128 -0.332851 2.558316 1.000000
-0.375842 -0.401837 2.632653 0.593750
0.010103 -0.389699 2.552746 0.728365
-0.278417 -0.546770 2.840981 1.000000
-0.068640 -0.564116 2.799082 1.000000
-0.283739 -0.953133 2.818854 1.000000
-0.072643 -0.970566 2.778310 1.000000
-0.291712 -0.944456 2.661420 0.153846
-0.079056 -0.962452 2.620774 0.000000
-0.225735 0.347074 2.223998 1.000000
-0.385305 0.150069 2.469348 1.000000
-0.043098 0.159087 2.426483 1.000000
-0.228703 0.070377 2.314433 0.000000
-0.194754 0.136616 2.599391 0.000000
-0.357538 -0.101860 2.657239 0.432692
0.009005 -0.117247 2.640345 0.269231
-0.167159 -0.042222 2.741669 0.000000
-0.433685 -0.110930 2.562725 1.000000
0.053865 -0.084533 2.528598 1.000000
-0.387216 -0.402886 2.592419 1.000000
0.027796 -0.378970 2.558709 1.000000
-0.371630 -0.453984 2.630292 0.375000
0.006695 -0.439933 2.569959 0.694712
-0.273364 -0.563884 2.869491 1.000000
-0.064654 -0.582384 2.824879 1.000000
-0.285665 -0.968102 2.823604 1.000000
-0.075676 -0.987060 2.782872 1.000000
-0.294527 -0.950057 2.667015 0.096154
-0.082460 -0.970592 2.626005 0.000000
-0.219475 0.265292 2.183022 1.000000
-0.380160 0.072510 2.459200 1.000000
-0.038963 0.090115 2.411243 1.000000
-0.222196 -0.014982 2.309980 0.000000
-0.187983 0.077716 2.587428 0.000000
-0.351539 -0.158291 2.701165 0.442308
0.014386 -0.152071 2.670568 0.086538
-0.162890 -0.076857 2.769790 0.000000
-0.425550 -0.189253 2.553543 1.000000
0.051992 -0.155053 2.516603 1.000000
-0.375114 -0.478443 2.602940 1.000000
0.024119 -0.447928 2.562018 1.000000
-0.346228 -0.516216 2.647963 0.375000
-0.014166 -0.499800 2.573498 0.610577
-0.281971 -0.617261 2.875292 1.000000
-0.066758 -0.620858 2.842063 1.000000
-0.284792 -1.012779 2.779340 1.000000
-0.081152 -1.021069 2.769448 1.000000
-0.302496 -0.975674 2.626912 0.000000
-0.091732 -0.992579 2.614526 0.000000
-0.222918 0.134391 2.155915 1.000000
-0.359581 -0.004868 2.436038 1.000000
-0.017163 0.034845 2.421976 1.000000
-0.178264 -0.107569 2.329032 0.000000
-0.185977 0.047547 2.579272 0.000000
-0.339219 -0.190810 2.699676 0.326923
0.026066 -0.166511 2.728871 0.067308
-0.168347 -0.093850 2.790948 0.000000
-0.418799 -0.251015 2.560371 1.000000
0.050413 -0.216899 2.529737 1.000000
-0.355573 -0.535418 2.622132 1.000000
0.011006 -0.508304 2.576929 1.000000
-0.338291 -0.588232 2.656778 0.206731
0.004068 -0.551667 2.625507 0.307692
-0.280465 -0.642167 2.877815 1.000000
-0.063235 -0.640286 2.842150 1.000000
-0.286819 -1.035833 2.774682 1.000000
-0.079914 -1.039326 2.763808 1.000000
-0.270082 -0.996301 2.622756 0.000000
-0.063505 -1.009737 2.609601 0.000000
-0.218825 0.026187 2.143775 1.000000
-0.339920 -0.087901 2.440622 1.000000
-0.002304 -0.017368 2.448755 1.000000
-0.146368 -0.157692 2.328635 0.000000
-0.176895 -0.042635 2.598025 0.173077
-0.313479 -0.307448 2.696329 1.000000
0.043298 -0.276043 2.777569 0.125000
-0.156900 -0.195226 2.795418 0.274038
-0.419535 -0.315615 2.579931 1.000000
0.049479 -0.273803 2.544455 1.000000
-0.337755 -0.588078 2.654714 1.000000
0.012074 -0.554767 2.623049 1.000000
-0.327146 -0.652677 2.656374 0.055288
0.003853 -0.616780 2.642417 0.257212
-0.280376 -0.743530 2.880444 0.923077
-0.064684 -0.738089 2.846412 1.000000
-0.309138 -1.118785 2.725505 1.000000
-0.093419 -1.131723 2.747032 1.000000
-0.252975 -1.066173 2.587656 0.000000
-0.054299 -1.096973 2.598081 0.000000
-0.223154 -0.046854 2.167850 0.000000
-0.218197 -0.150337 2.658084 1.000000
0.016247 -0.057956 2.434335 1.000000
-0.164462 -0.206740 2.443362 0.000000
0.000701 -0.097665 2.661454 0.000000
-0.271230 -0.321678 2.752330 1.000000
0.088420 -0.391618 2.727109 0.134615
-0.070246 -0.276582 2.819418 0.153846
-0.409201 -0.320417 2.552944 1.000000
0.059439 -0.299683 2.561482 1.000000
-0.343501 -0.598875 2.611228 1.000000
0.016736 -0.573553 2.653264 1.000000
-0.341706 -0.605057 2.676395 0.475962
0.012916 -0.625492 2.692962 0.324519
-0.276779 -0.796744 2.882774 0.811539
-0.070259 -0.838878 2.851997 1.000000
-0.307090 -1.152021 2.686538 1.000000
-0.097593 -1.212219 2.692252 1.000000
-0.346472 -1.075542 2.554158 0.000000
-0.110104 -1.149536 2.547895 0.000000
-0.112805 0.031182 2.331639 1.000000
-0.178823 0.030646 2.698715 1.000000
0.039793 -0.115240 2.480128 1.000000
-0.192347 -0.095742 2.504711 0.043269
0.020371 -0.081423 2.707901 0.129808
-0.171202 -0.250803 2.878717 1.000000
0.055446 -0.429839 2.651886 0.000000
0.029304 -0.321946 2.837909 0.000000
-0.301976 -0.089895 2.484822 1.000000
0.048471 -0.373508 2.573237 1.000000
-0.395153 -0.344935 2.586757 1.000000
0.006574 -0.630069 2.701842 1.000000
-0.392087 -0.405837 2.610628 1.000000
-0.004857 -0.690744 2.723662 0.000000
-0.299789 -0.754468 2.867184 1.000000
-0.065753 -0.861530 2.867288 1.000000
-0.306936 -1.134335 2.721243 1.000000
-0.096431 -1.216279 2.670155 1.000000
-0.435184 -1.099223 2.636131 0.000000
-0.249354 -1.224385 2.708541 0.000000
-0.221580 0.042398 2.367840 1.000000
-0.178374 0.048506 2.661685 0.288462
-0.019626 -0.078520 2.401027 1.000000
-0.233731 -0.090616 2.495295 0.201923
0.024604 -0.028120 2.622172 0.000000
-0.132060 -0.202389 2.873207 1.000000
0.060701 -0.361806 2.604311 0.951923
0.062134 -0.253237 2.791767 0.000000
-0.307005 -0.008969 2.428734 1.000000
0.032724 -0.319541 2.516280 0.492308
-0.405092 -0.266112 2.511736 1.000000
0.036014 -0.561130 2.672027 0.884615
-0.398898 -0.317095 2.552364 1.000000
0.034265 -0.625006 2.657709 0.021635
-0.365045 -0.613319 2.824080 1.000000
-0.069873 -0.780490 2.870293 1.000000
-0.223449 -0.994855 2.818611 1.000000
-0.092116 -1.151131 2.703621 1.000000
-0.370423 -1.049121 2.799154 0.000000
-0.235079 -1.171276 2.767498 0.000000
-0.257917 0.021653 2.314957 0.793269
-0.173903 0.058491 2.662768 0.634615
-0.025477 -0.065998 2.393771 0.980769
-0.236031 -0.078022 2.495733 0.201923
0.027294 -0.019297 2.613853 0.129808
-0.119931 -0.213377 2.864947 1.000000
0.059564 -0.368704 2.584713 0.817308
0.069683 -0.272961 2.778775 0.173077
-0.303849 0.006382 2.430952 1.000000
0.006880 -0.310775 2.505024 0.000000
-0.405754 -0.249996 2.506148 1.000000
0.021761 -0.564877 2.635330 0.019231
-0.398822 -0.296344 2.551886 1.000000
0.025736 -0.620138 2.670238 0.000000
-0.426898 -0.521662 2.756027 1.000000
-0.085649 -0.776909 2.878930 1.000000
-0.202844 -0.842602 2.867593 1.000000
-0.099990 -1.148416 2.713321 1.000000
-0.326724 -0.937459 2.843504 0.149038
-0.215502 -1.188481 2.813203 0.000000
-0.268942 0.034139 2.312689 0.413462
-0.157635 0.055241 2.689584 0.980769
-0.011542 -0.047308 2.410550 1.000000
-0.225491 -0.053863 2.505715 0.144231
0.037882 -0.032656 2.635815 0.173077
-0.119344 -0.255739 2.855118 1.000000
0.027976 -0.380760 2.542800 0.682692
0.057421 -0.323063 2.749520 0.000000
-0.275089 0.043949 2.447260 1.000000
-0.002742 -0.308520 2.476390 0.000000
-0.403676 -0.207041 2.485493 1.000000
0.020440 -0.580859 2.555676 0.000000
-0.408280 -0.256962 2.527624 1.000000
0.025778 -0.643401 2.574338 0.000000
-0.468976 -0.420226 2.665676 0.850000
-0.074712 -0.773700 2.899224 0.626923
-0.219108 -0.685434 2.847003 1.000000
-0.086393 -1.131978 2.706481 1.000000
-0.330990 -0.796512 2.838714 0.076923
-0.123446 -1.203746 2.842131 0.000000
-0.245735 0.046826 2.337368 0.663462
-0.103950 0.039210 2.761438 0.346154
-0.013930 -0.012700 2.442615 1.000000
-0.211066 -0.016960 2.569078 0.605769
0.068157 -0.055930 2.654263 0.000000
-0.119324 -0.214120 2.845692 0.923077
0.019956 -0.361797 2.539639 1.000000
0.048046 -0.311376 2.748440 0.000000
-0.230680 0.041757 2.525508 0.000000
0.106377 -0.243779 2.504734 0.000000
-0.436897 -0.122668 2.423467 1.000000
0.046193 -0.518436 2.534981 0.086538
-0.440793 -0.179869 2.455108 0.072115
0.037452 -0.583199 2.539175 0.038462
-0.433983 -0.209242 2.594584 1.000000
-0.064793 -0.749696 2.891718 0.673077
-0.337309 -0.575008 2.744647 1.000000
-0.013931 -1.129399 2.754284 1.000000
-0.474873 -0.632615 2.692857 0.000000
-0.075937 -1.186085 2.887950 0.000000
-0.222602 0.052531 2.391979 1.000000
-0.033739 0.092587 2.768092 0.778846
-0.050832 -0.051081 2.469062 0.519231
-0.199760 0.016030 2.636962 0.288462
0.084765 -0.057597 2.656072 0.000000
-0.022188 -0.168379 2.763697 0.000000
-0.005216 -0.402102 2.480923 1.000000
0.085906 -0.326363 2.662277 0.000000
-0.196534 0.093741 2.556684 0.000000
0.088377 -0.259766 2.559993 0.292308
-0.409841 -0.009044 2.403992 1.000000
0.094978 -0.530790 2.483303 0.163462
-0.438373 -0.057738 2.437204 0.694712
0.080678 -0.592245 2.500829 0.072115
-0.372290 -0.128209 2.558418 1.000000
-0.222856 -0.695588 2.857816 1.000000
-0.393612 -0.513560 2.687640 1.000000
-0.064662 -1.059193 2.766082 1.000000
-0.541447 -0.523648 2.633165 0.000000
-0.158972 -1.127172 2.872895 0.000000
-0.148797 0.069847 2.371083 1.000000
-0.041478 0.155466 2.785577 0.346154
0.017957 -0.008143 2.494774 0.673077
-0.167888 0.071849 2.612829 0.000000
0.098253 -0.006778 2.711459 0.000000
-0.045664 -0.079178 2.820437 0.000000
0.031512 -0.296361 2.534516 0.923077
0.074655 -0.239955 2.739177 0.000000
-0.204513 0.093500 2.584835 0.000000
0.091327 -0.243483 2.594520 0.907692
-0.427872 0.045273 2.421649 1.000000
0.090618 -0.486677 2.454159 0.269231
-0.481098 0.034406 2.385082 0.000000
0.092586 -0.543853 2.422297 0.000000
-0.312810 -0.039065 2.492726 1.000000
-0.343549 -0.534937 2.829437 1.000000
-0.444771 -0.366937 2.694557 1.000000
-0.104005 -0.863467 2.847755 1.000000
-0.578626 -0.364572 2.610881 0.000000
-0.220977 -0.944975 2.915568 0.000000
-0.080403 0.029146 2.391181 1.000000
-0.019261 0.169768 2.798552 0.605769
0.058908 -0.032110 2.538733 1.000000
-0.107573 0.123838 2.592005 0.000000
0.061229 -0.039484 2.769692 0.245192
-0.131831 -0.042512 2.803401 0.000000
-0.068400 -0.311472 2.561506 0.000000
-0.090828 -0.252380 2.768712 0.000000
-0.105490 0.164549 2.547046 0.000000
0.022228 -0.263551 2.661928 1.000000
-0.195123 0.179999 2.281392 0.798077
-0.139625 -0.469824 2.758868 1.000000
-0.232205 0.189617 2.228282 1.000000
-0.175630 -0.502123 2.803012 0.846154
-0.241052 0.120808 2.431405 1.000000
-0.453751 -0.396824 2.909820 0.000000
-0.427175 -0.195860 2.606701 1.000000
-0.144157 -0.632621 2.790654 1.000000
-0.540983 -0.189434 2.497473 0.000000
-0.192988 -0.746297 2.888725 0.000000
-0.034046 0.118459 2.423770 1.000000
0.009879 0.154807 2.729797 0.576923
0.070376 -0.138592 2.586950 1.000000
-0.044216 0.058719 2.533934 0.259615
0.021641 -0.055849 2.797141 0.000000
-0.156691 0.003658 2.764778 0.000000
-0.113295 -0.334990 2.629464 0.240385
-0.174303 -0.210047 2.795586 0.000000
-0.056558 0.263995 2.497524 0.615385
-0.042258 -0.348537 2.700773 1.000000
-0.215691 0.273607 2.267419 1.000000
-0.290008 -0.457460 2.767762 1.000000
-0.216447 0.327134 2.229702 1.000000
-0.335196 -0.493485 2.798560 0.105769
-0.191890 0.213451 2.436047 1.000000
-0.510715 -0.427192 2.865943 0.000000
-0.469119 0.001722 2.645722 1.000000
-0.146838 -0.588294 2.780567 1.000000
-0.583909 0.090628 2.583727 0.000000
-0.184034 -0.716762 2.864454 0.000000
-0.018508 0.170439 2.468724 1.000000
-0.370788 0.228047 2.574686 1.000000
-0.029438 0.272858 2.552394 1.000000
-0.209558 0.243769 2.405478 0.000000
-0.180224 0.160024 2.686310 0.000000
-0.359440 -0.084355 2.670362 1.000000
0.007636 -0.095312 2.667061 0.432692
-0.173805 -0.052304 2.777327 0.000000
-0.428232 -0.025448 2.626920 1.000000
0.051521 0.022932 2.580415 1.000000
-0.385594 -0.301399 2.606955 1.000000
0.041722 -0.254455 2.608447 1.000000
-0.359689 -0.361484 2.604297 0.375000
0.023876 -0.316405 2.619936 1.000000
-0.275855 -0.579972 2.807986 1.000000
-0.069177 -0.590748 2.772309 1.000000
-0.285072 -0.987533 2.786490 1.000000
-0.075609 -0.998928 2.771677 1.000000
-0.286672 -0.979182 2.628844 0.000000
-0.077027 -0.998662 2.613809 0.000000
-0.210965 0.380388 2.321254 1.000000
-0.373493 0.281938 2.633464 1.000000
-0.032148 0.306492 2.589808 1.000000
-0.224435 0.319066 2.456610 0.000000
-0.181682 0.180483 2.712946 0.000000
-0.361235 -0.064121 2.653150 1.000000
0.003345 -0.052230 2.610534 0.586538
-0.167159 -0.026171 2.741601 0.000000
-0.433198 0.022105 2.642715 1.000000
0.054386 0.054859 2.589998 1.000000
-0.385672 -0.247437 2.576155 1.000000
0.040555 -0.225570 2.579374 1.000000
-0.375811 -0.312156 2.574566 0.442308
0.017272 -0.286442 2.572988 1.000000
-0.285143 -0.554195 2.775120 1.000000
-0.081354 -0.555503 2.729336 1.000000
-0.296099 -0.962075 2.779957 1.000000
-0.068481 -0.960728 2.775561 1.000000
-0.312629 -0.963493 2.622956 0.000000
-0.087253 -0.979083 2.619884 0.000000
-0.200176 0.473988 2.402489 1.000000
-0.368987 0.283683 2.646811 1.000000
-0.027536 0.312008 2.606390 1.000000
-0.218636 0.321798 2.471267 0.000000
-0.176808 0.184790 2.728599 0.000000
-0.366173 -0.056915 2.641036 0.778846
-0.000743 -0.051824 2.604827 0.807692
-0.172718 -0.030030 2.734746 0.000000
-0.434497 0.022967 2.650633 1.000000
0.056305 0.057177 2.601877 1.000000
-0.393934 -0.243164 2.560552 1.000000
0.037268 -0.222133 2.558460 1.000000
-0.385311 -0.307783 2.554366 0.307692
0.017116 -0.284271 2.553876 1.000000
-0.289724 -0.552033 2.756539 1.000000
-0.081126 -0.554949 2.718528 1.000000
-0.297594 -0.959327 2.778337 1.000000
-0.071965 -0.958572 2.777093 1.000000
-0.312213 -0.967446 2.621350 0.000000
-0.087019 -0.981474 2.621615 0.000000
-0.205806 0.506911 2.440669 1.000000
-0.366018 0.289665 2.654007 1.000000
-0.023538 0.306925 2.616128 1.000000
-0.213055 0.318233 2.478907 0.000000
-0.177541 0.187724 2.740531 0.000000
-0.366357 -0.055354 2.632126 0.826923
-0.000318 -0.051084 2.602581 0.701923
-0.174388 -0.036270 2.730680 0.000000
-0.432306 0.026512 2.656232 1.000000
0.058704 0.048820 2.610770 1.000000
-0.399818 -0.241696 2.560725 1.000000
0.028669 -0.227134 2.541525 1.000000
-0.393035 -0.306025 2.550529 0.223558
0.002191 -0.286895 2.545514 0.846154
-0.289859 -0.551777 2.746798 1.000000
-0.084376 -0.555307 2.711585 1.000000
-0.297974 -0.958308 2.778677 1.000000
-0.071973 -0.957792 2.776399 1.000000
-0.309724 -0.970382 2.621703 0.000000
-0.084236 -0.983185 2.621062 0.000000
-0.199455 0.532559 2.474453 1.000000
-0.365939 0.297366 2.682266 1.000000
-0.024427 0.309355 2.634820 1.000000
-0.217663 0.343247 2.506815 0.000000
-0.178317 0.179985 2.748762 0.000000
-0.371133 -0.052540 2.630279 1.000000
-0.005763 -0.048191 2.593378 0.750000
-0.176958 -0.046032 2.726106 0.000000
-0.436979 0.035104 2.654771 1.000000
0.056657 0.049408 2.618618 1.000000
-0.413659 -0.238089 2.565454 1.000000
0.016483 -0.220946 2.527752 1.000000
-0.398844 -0.301863 2.566744 0.442308
-0.006242 -0.282359 2.528227 0.661058
-0.291937 -0.549356 2.739589 1.000000
-0.085713 -0.551396 2.708170 1.000000
-0.298792 -0.954853 2.781717 1.000000
-0.068627 -0.952883 2.777208 1.000000
-0.313600 -0.970847 2.625354 0.000000
-0.084034 -0.980146 2.622470 0.000000
-0.192226 0.550809 2.520263 1.000000
-0.357638 0.282554 2.687696 1.000000
-0.015239 0.309149 2.654832 1.000000
-0.204871 0.350966 2.523818 0.000000
-0.168784 0.164123 2.748603 0.000000
-0.368036 -0.050997 2.625995 1.000000
-0.002639 -0.052380 2.589137 0.769231
-0.173800 -0.050796 2.721918 0.000000
-0.436830 0.021712 2.657735 1.000000
0.053680 0.045850 2.623374 1.000000
-0.430857 -0.250690 2.559693 1.000000
0.018537 -0.222858 2.522113 1.000000
-0.414851 -0.311073 2.540049 0.442308
0.008783 -0.283803 2.543994 0.425481
-0.292729 -0.548788 2.735477 1.000000
-0.085275 -0.553455 2.705036 1.000000
-0.296062 -0.953008 2.788264 1.000000
-0.070351 -0.954682 2.775644 1.000000
-0.311727 -0.973223 2.632474 0.000000
-0.086256 -0.982478 2.621051 0.000000
-0.195144 0.541502 2.535639 1.000000
-0.356051 0.275654 2.685661 1.000000
-0.013305 0.305299 2.659754 1.000000
-0.200599 0.345365 2.524886 0.000000
-0.167424 0.158941 2.750466 0.000000
-0.365707 -0.053298 2.617171 1.000000
0.000319 -0.057216 2.587416 0.730769
-0.173376 -0.054753 2.716850 0.000000
-0.440112 0.014491 2.663615 1.000000
0.055288 0.040819 2.628310 1.000000
-0.447558 -0.263479 2.579104 1.000000
0.022429 -0.227436 2.522030 1.000000
-0.438928 -0.326493 2.594692 0.442308
-0.008842 -0.279498 2.497535 0.459135
-0.295002 -0.549591 2.735042 1.000000
-0.086593 -0.557826 2.700471 1.000000
-0.294895 -0.954681 2.780209 1.000000
-0.072635 -0.957513 2.779170 1.000000
-0.308253 -0.972117 2.623870 0.000000
-0.085667 -0.988347 2.624885 0.000000
-0.190124 0.543157 2.547417 1.000000
-0.360568 0.279887 2.688361 1.000000
-0.017270 0.302383 2.662559 1.000000
-0.203814 0.350998 2.529474 0.000000
-0.174592 0.156855 2.749008 0.000000
-0.368693 -0.053313 2.614943 0.980769
-0.002280 -0.054720 2.590130 0.615385
-0.177731 -0.056191 2.717190 0.000000
-0.438518 0.016552 2.656100 1.000000
0.049888 0.035627 2.635932 1.000000
-0.464256 -0.267260 2.592558 1.000000
0.032905 -0.238024 2.536024 1.000000
-0.439110 -0.325494 2.608827 0.509615
-0.005536 -0.290432 2.544019 0.694712
-0.296592 -0.548772 2.732984 1.000000
-0.089215 -0.557028 2.695739 1.000000
-0.293860 -0.953461 2.780814 1.000000
-0.074758 -0.955687 2.778986 1.000000
-0.305020 -0.972019 2.624431 0.000000
-0.085377 -0.988253 2.624871 0.000000
-0.187052 0.550470 2.563098 1.000000
-0.359445 0.273304 2.680831 1.000000
-0.015694 0.300449 2.669735 1.000000
-0.196875 0.344476 2.527928 0.000000
-0.174611 0.153859 2.751334 0.000000
-0.366510 -0.056215 2.604140 1.000000
0.000480 -0.057874 2.590296 0.576923
-0.178685 -0.057498 2.712071 0.000000
-0.441658 0.008888 2.663102 1.000000
0.054225 0.034288 2.635236 1.000000
-0.460814 -0.274661 2.591895 1.000000
0.040364 -0.246189 2.552164 1.000000
-0.472951 -0.337748 2.579210 0.189904
0.005983 -0.301879 2.549951 0.627404
-0.297245 -0.549990 2.731201 1.000000
-0.088666 -0.559194 2.697809 1.000000
-0.292293 -0.953704 2.786137 1.000000
-0.073886 -0.958356 2.778301 1.000000
-0.299108 -0.975053 2.629860 0.000000
-0.080016 -0.989758 2.623702 0.000000
-0.186121 0.545454 2.561107 1.000000
