-0.394648 0.290144 2.667860 1.000000
-0.070888 0.282233 2.658235 1.000000
-0.233849 0.374659 2.553964 0.000000
-0.235374 0.159004 2.679939 0.000000
-0.394681 -0.001369 2.568969 0.471154
-0.055992 -0.006807 2.572345 0.528846
-0.225984 -0.004169 2.635508 0.000000
-0.431529 0.015224 2.665109 1.000000
-0.039564 0.008256 2.688091 1.000000
-0.416438 -0.257892 2.570290 1.000000
-0.040182 -0.273821 2.623065 1.000000
-0.401963 -0.316156 2.580960 0.593750
-0.050882 -0.323172 2.657241 0.341346
-0.324382 -0.478079 2.678982 1.000000
-0.115343 -0.483816 2.653602 1.000000
-0.329376 -0.861131 2.762108 1.000000
-0.069358 -0.857689 2.762084 1.000000
-0.329344 -0.892333 2.618330 0.000000
-0.065860 -0.898278 2.620712 0.057692
-0.226812 0.503106 2.583443 1.000000
-0.397708 0.290439 2.664253 1.000000
-0.073962 0.277612 2.663713 1.000000
-0.232447 0.374066 2.556240 0.000000
-0.240856 0.156667 2.678902 0.000000
-0.392394 -0.003168 2.558775 0.490385
-0.054279 -0.005497 2.579367 0.519231
-0.227285 -0.005291 2.633798 0.000000
-0.430248 0.014541 2.666569 1.000000
-0.041994 0.003367 2.694382 1.000000
-0.415102 -0.264360 2.588784 1.000000
-0.037836 -0.277411 2.622267 1.000000
-0.403039 -0.323930 2.583885 0.509615
-0.050801 -0.322523 2.661189 0.206731
-0.324474 -0.477289 2.678754 1.000000
-0.117382 -0.484817 2.650678 1.000000
-0.331379 -0.859549 2.765321 1.000000
-0.069297 -0.857549 2.762137 1.000000
-0.323670 -0.892132 2.622057 0.000000
-0.058432 -0.898296 2.621185 0.076923
-0.229043 0.501745 2.586998 1.000000
-0.400483 0.290612 2.666437 1.000000
-0.076576 0.283727 2.662808 1.000000
-0.237840 0.376675 2.556384 0.000000
-0.241061 0.159822 2.680253 0.000000
-0.395087 -0.001364 2.559885 0.509615
-0.056757 -0.003411 2.576608 0.538462
-0.229129 -0.003280 2.633016 0.000000
-0.432809 0.015685 2.663137 1.000000
-0.042987 0.011276 2.698496 1.000000
-0.417710 -0.266952 2.605144 1.000000
-0.041970 -0.268450 2.626269 1.000000
-0.417840 -0.326127 2.590438 0.240385
-0.051444 -0.325991 2.644083 0.375000
-0.324986 -0.475030 2.680768 1.000000
-0.117912 -0.482015 2.652449 1.000000
-0.329232 -0.857705 2.765654 1.000000
-0.068306 -0.855213 2.761658 1.000000
-0.323132 -0.889603 2.622159 0.000000
-0.059229 -0.895342 2.620403 0.038462
-0.227539 0.503315 2.584518 1.000000
-0.401216 0.292737 2.663157 1.000000
-0.077342 0.283798 2.664586 1.000000
-0.236340 0.377393 2.555357 0.000000
-0.242862 0.160994 2.679887 0.000000
-0.398709 -0.001478 2.560508 0.413462
-0.060102 -0.002592 2.570307 0.548077
-0.231283 -0.002374 2.630234 0.000000
-0.430535 0.019238 2.665556 1.000000
-0.044822 0.012796 2.698653 1.000000
-0.421751 -0.261434 2.605881 1.000000
-0.039629 -0.264852 2.625912 1.000000
-0.408076 -0.316655 2.627829 0.475962
-0.046647 -0.307274 2.669147 0.206731
-0.322218 -0.475736 2.678419 1.000000
-0.117203 -0.479892 2.654535 1.000000
-0.330288 -0.859205 2.759357 1.000000
-0.068384 -0.853964 2.761076 1.000000
-0.326467 -0.889655 2.615468 0.000000
-0.062319 -0.893498 2.619492 0.019231
-0.226048 0.499871 2.575532 1.000000
-0.403980 0.300866 2.665170 1.000000
-0.080167 0.290131 2.662719 1.000000
-0.239984 0.383528 2.554520 0.000000
-0.246156 0.168411 2.681270 0.000000
-0.399231 -0.000747 2.564337 0.461538
-0.060558 0.006010 2.566864 0.548077
-0.230370 0.002188 2.630452 0.000000
-0.432416 0.029630 2.667528 1.000000
-0.044245 0.021969 2.697008 1.000000
-0.416473 -0.246388 2.599888 1.000000
-0.040279 -0.252741 2.622662 1.000000
-0.407800 -0.304569 2.615943 0.560096
-0.055989 -0.311562 2.626035 0.274038
-0.319692 -0.473038 2.677410 1.000000
-0.113628 -0.473293 2.655385 1.000000
-0.331288 -0.855199 2.763912 1.000000
-0.069555 -0.848198 2.761063 1.000000
-0.329625 -0.887725 2.620437 0.000000
-0.065833 -0.887695 2.619387 0.115385
-0.227146 0.495598 2.557141 1.000000
-0.400192 0.300601 2.663505 1.000000
-0.076364 0.291716 2.657821 1.000000
-0.237751 0.384987 2.551866 0.000000
-0.241481 0.168929 2.677103 0.000000
-0.395526 0.001310 2.559312 0.509615
-0.057174 0.002448 2.575682 0.509615
-0.229475 -0.000320 2.632239 0.000000
-0.427531 0.031050 2.665833 1.000000
-0.041837 0.025580 2.695034 1.000000
-0.412018 -0.245270 2.607834 1.000000
-0.034663 -0.248587 2.626242 1.000000
-0.402168 -0.305444 2.608147 0.391827
-0.044238 -0.306663 2.642164 0.475962
-0.319276 -0.471162 2.681349 1.000000
-0.112079 -0.475594 2.655475 1.000000
-0.329703 -0.854574 2.762284 1.000000
-0.070562 -0.850806 2.761096 1.000000
-0.322668 -0.885110 2.618535 0.000000
-0.061241 -0.889635 2.619493 0.019231
-0.229207 0.488318 2.543188 1.000000
-0.401611 0.300038 2.651386 1.000000
-0.077772 0.297583 2.641494 1.000000
-0.242469 0.383580 2.534486 0.000000
-0.240006 0.172230 2.667543 0.000000
-0.398942 -0.001424 2.575032 0.423077
-0.060358 0.002926 2.565361 0.548077
-0.227770 -0.001601 2.634981 0.000000
-0.428363 0.033126 2.664813 1.000000
-0.043056 0.035252 2.687438 1.000000
-0.416261 -0.241750 2.611269 1.000000
-0.032832 -0.239429 2.632563 1.000000
-0.412345 -0.300773 2.626068 0.543269
-0.041586 -0.299448 2.638821 0.509615
-0.318896 -0.473561 2.686225 1.000000
-0.108735 -0.472950 2.665124 1.000000
-0.328472 -0.858390 2.760242 1.000000
-0.070054 -0.850703 2.762444 1.000000
-0.331982 -0.886087 2.615790 0.000000
-0.072500 -0.887637 2.620051 0.057692
-0.227645 0.479633 2.514539 1.000000
-0.398822 0.303090 2.636114 1.000000
-0.074920 0.297431 2.630507 1.000000
-0.237486 0.379774 2.517533 0.000000
-0.238597 0.174800 2.660233 0.000000
-0.389688 0.001586 2.572420 0.461538
-0.051037 -0.002418 2.579607 0.509615
-0.221750 -0.001439 2.640845 0.000000
-0.425338 0.038899 2.666062 1.000000
-0.039040 0.039099 2.688561 1.000000
-0.413475 -0.235377 2.617118 1.000000
-0.030177 -0.236201 2.645084 1.000000
-0.406359 -0.295178 2.626669 0.593750
-0.042164 -0.295560 2.637952 0.442308
-0.317236 -0.472653 2.691254 1.000000
-0.108482 -0.476676 2.673896 1.000000
-0.327209 -0.858251 2.761102 1.000000
-0.069608 -0.856120 2.764312 1.000000
-0.324598 -0.884536 2.616368 0.000000
-0.066303 -0.889894 2.621154 0.038462
-0.228890 0.469349 2.488100 0.822115
-0.398708 0.304958 2.611584 1.000000
-0.074991 0.291878 2.608094 1.000000
-0.235432 0.366302 2.486887 0.000000
-0.241366 0.176233 2.648805 0.000000
-0.388282 -0.006178 2.574132 0.413462
-0.049779 -0.004363 2.586939 0.528846
-0.221493 -0.003045 2.645305 0.000000
-0.425441 0.044906 2.660470 1.000000
-0.036396 0.039933 2.684000 1.000000
-0.409371 -0.230370 2.628803 1.000000
-0.028564 -0.235189 2.648209 1.000000
-0.408876 -0.291245 2.632283 0.627404
-0.033814 -0.294733 2.660254 0.442308
-0.319858 -0.477475 2.698649 1.000000
-0.106556 -0.480858 2.680064 1.000000
-0.326999 -0.864834 2.758368 1.000000
-0.063781 -0.861392 2.763899 1.000000
-0.321524 -0.887334 2.613077 0.000000
-0.057811 -0.892379 2.620198 0.019231
-0.227842 0.459548 2.454160 0.697115
-0.399687 0.294182 2.569743 1.000000
-0.075754 0.288017 2.572110 1.000000
-0.235769 0.343631 2.440680 0.000000
-0.240331 0.174454 2.624357 0.000000
-0.388682 -0.011096 2.589904 0.355769
-0.049943 -0.008985 2.591541 0.557692
-0.219674 -0.001919 2.655066 0.000000
-0.429499 0.043379 2.647632 1.000000
-0.031472 0.045792 2.668133 1.000000
-0.407243 -0.231547 2.645033 1.000000
-0.025035 -0.229805 2.677513 1.000000
-0.410172 -0.291844 2.653619 0.677885
-0.031291 -0.288842 2.663601 0.543269
-0.321011 -0.480750 2.717367 1.000000
-0.101845 -0.483575 2.694230 1.000000
-0.326700 -0.870181 2.761811 1.000000
-0.062860 -0.867128 2.765158 1.000000
-0.326001 -0.886873 2.615638 0.000000
-0.061927 -0.893790 2.620472 0.057692
-0.221791 0.420317 2.390705 0.740385
-0.395322 0.284107 2.534184 1.000000
-0.071386 0.278252 2.531484 1.000000
-0.233974 0.310267 2.395426 0.000000
-0.234654 0.175600 2.605767 0.000000
-0.386683 -0.019888 2.594164 0.307692
-0.048059 -0.013023 2.600320 0.403846
-0.218806 -0.002448 2.660549 0.000000
-0.427217 0.042695 2.634438 1.000000
-0.030271 0.049324 2.654961 1.000000
-0.402513 -0.229779 2.660505 1.000000
-0.018425 -0.220366 2.706491 1.000000
-0.408281 -0.287895 2.678035 0.644231
-0.027613 -0.279365 2.694129 0.509615
-0.323320 -0.482589 2.738720 1.000000
-0.097023 -0.485388 2.713452 1.000000
-0.325040 -0.873906 2.761782 1.000000
-0.057995 -0.871924 2.765712 1.000000
-0.322265 -0.882572 2.614939 0.000000
-0.055639 -0.891400 2.619901 0.115385
-0.224091 0.396022 2.339582 0.596154
-0.394343 0.246280 2.500800 1.000000
-0.070570 0.253296 2.490902 1.000000
-0.236862 0.255192 2.355570 0.000000
-0.227729 0.158085 2.585496 0.000000
-0.386430 -0.037537 2.610097 0.211538
-0.047958 -0.027420 2.600829 0.346154
-0.216197 -0.010078 2.666318 0.000000
-0.425200 0.016365 2.623585 1.000000
-0.025658 0.045963 2.645443 1.000000
-0.403628 -0.250364 2.682092 1.000000
-0.014439 -0.213845 2.731486 1.000000
-0.404274 -0.310503 2.692135 0.711538
-0.023117 -0.270324 2.710203 0.475962
-0.322469 -0.492651 2.764102 1.000000
-0.091422 -0.492017 2.743626 1.000000
-0.325285 -0.884618 2.768335 1.000000
-0.058447 -0.881768 2.769536 1.000000
-0.328962 -0.886180 2.621264 0.000000
-0.063275 -0.891928 2.622842 0.000000
-0.218753 0.389532 2.309978 0.370192
-0.388385 0.136691 2.468457 1.000000
-0.064746 0.137216 2.453182 1.000000
-0.232731 0.090005 2.328587 0.514423
-0.220950 0.084981 2.578017 0.000000
-0.387759 -0.088095 2.664952 0.221154
-0.051048 -0.072253 2.631392 0.153846
-0.215554 -0.045789 2.703026 0.000000
-0.428982 -0.070578 2.622334 1.000000
-0.007212 -0.014527 2.657995 1.000000
-0.404154 -0.332458 2.694295 1.000000
-0.002125 -0.264492 2.766923 1.000000
-0.397843 -0.385520 2.723666 0.307692
-0.004263 -0.322365 2.786008 0.408654
-0.325121 -0.540152 2.778367 1.000000
-0.087931 -0.533716 2.767979 1.000000
-0.335208 -0.932022 2.778105 1.000000
-0.054472 -0.924190 2.776597 1.000000
-0.349566 -0.931554 2.631683 0.000000
-0.069438 -0.928701 2.630304 0.038462
-0.219210 0.341942 2.319489 0.000000
-0.367597 0.036015 2.485150 1.000000
-0.049712 0.038812 2.547742 0.923077
-0.183677 -0.023353 2.392305 0.033654
-0.231930 -0.001777 2.636406 0.000000
-0.371648 -0.190873 2.701246 1.000000
-0.036551 -0.153375 2.733733 0.442308
-0.213459 -0.131583 2.767238 0.000000
-0.438784 -0.171557 2.625795 1.000000
0.019701 -0.147830 2.715907 1.000000
-0.400551 -0.421807 2.725322 1.000000
0.020298 -0.399730 2.818554 1.000000
-0.385445 -0.476658 2.747260 0.038462
0.019236 -0.456810 2.839973 0.000000
-0.326301 -0.630813 2.798643 0.965385
-0.080205 -0.617381 2.765572 1.000000
-0.338551 -1.020945 2.762429 1.000000
-0.043722 -1.007303 2.782730 1.000000
-0.323650 -1.007880 2.616644 0.000000
-0.026559 -1.012123 2.636689 0.000000
-0.113617 0.118357 2.332180 1.000000
-0.381575 -0.074816 2.572232 1.000000
-0.060485 -0.037398 2.550384 0.817308
-0.217713 -0.147043 2.454317 0.000000
-0.211621 -0.062203 2.689145 0.000000
-0.358630 -0.227249 2.746619 0.740385
-0.023313 -0.233752 2.794286 0.644231
-0.197486 -0.191208 2.821636 0.000000
-0.440172 -0.319440 2.638136 1.000000
0.070744 -0.210451 2.693380 1.000000
-0.416618 -0.565965 2.749122 1.000000
-0.006158 -0.445704 2.804678 1.000000
-0.410940 -0.621253 2.774203 0.000000
-0.025137 -0.498517 2.828525 0.000000
-0.327325 -0.683227 2.804346 1.000000
-0.061356 -0.676167 2.773819 1.000000
-0.341397 -1.071913 2.755469 0.966106
-0.061426 -1.067996 2.785377 1.000000
-0.321708 -1.054424 2.610720 0.000000
-0.025503 -1.072209 2.642767 0.000000
-0.076317 0.016310 2.396239 1.000000
-0.363343 -0.200314 2.572271 1.000000
-0.084325 -0.131512 2.721908 0.596154
-0.161829 -0.146532 2.522562 0.000000
-0.242756 -0.264102 2.727518 0.807692
-0.301942 -0.399981 2.715767 1.000000
-0.008855 -0.391825 2.885430 0.759615
-0.185299 -0.367953 2.850907 0.000000
-0.443596 -0.436689 2.642174 1.000000
0.105862 -0.224636 2.572389 0.876923
-0.437015 -0.689061 2.739426 0.673077
-0.021230 -0.451592 2.646751 1.000000
-0.434657 -0.745887 2.761412 0.000000
-0.017443 -0.457319 2.707339 0.745192
-0.339456 -0.854874 2.805306 1.000000
-0.037690 -0.840838 2.767833 1.000000
-0.335819 -1.245525 2.773019 0.103606
-0.068715 -1.231467 2.778324 0.447356
-0.265377 -1.234234 2.644348 0.000000
0.013500 -1.241263 2.656708 0.000000
-0.081776 -0.101013 2.495526 1.000000
0.000000 0.000000 0.000000 0.000000
0.000000 0.000000 0.000000 0.000000
0.000000 0.000000 0.000000 0.000000
0.000000 0.000000 0.000000 0.000000
0.000000 0.000000 0.000000 0.000000
0.000000 0.000000 0.000000 0.000000
0.000000 0.000000 0.000000 0.000000
0.000000 0.000000 0.000000 0.000000
0.000000 0.000000 0.000000 0.000000
0.000000 0.000000 0.000000 0.000000
0.000000 0.000000 0.000000 0.000000
0.000000 0.000000 0.000000 0.000000
0.000000 0.000000 0.000000 0.000000
0.000000 0.000000 0.000000 0.000000
0.000000 0.000000 0.000000 0.000000
0.000000 0.000000 0.000000 0.000000
0.000000 0.000000 0.000000 0.000000
0.000000 0.000000 0.000000 0.000000
0.000000 0.000000 0.000000 0.000000
0.000000 0.000000 0.000000 0.000000
0.000000 0.000000 0.000000 0.000000
0.000000 0.000000 0.000000 0.000000
0.000000 0.000000 0.000000 0.000000
0.000000 0.000000 0.000000 0.000000
0.000000 0.000000 0.000000 0.000000
0.000000 0.000000 0.000000 0.000000
0.000000 0.000000 0.000000 0.000000
0.000000 0.000000 0.000000 0.000000
0.000000 0.000000 0.000000 0.000000
0.000000 0.000000 0.000000 0.000000
0.000000 0.000000 0.000000 0.000000
0.000000 0.000000 0.000000 0.000000
0.000000 0.000000 0.000000 0.000000
0.000000 0.000000 0.000000 0.000000
0.000000 0.000000 0.000000 0.000000
0.000000 0.000000 0.000000 0.000000
0.000000 0.000000 0.000000 0.000000
0.000000 0.000000 0.000000 0.000000
0.000000 0.000000 0.000000 0.000000
0.000000 0.000000 0.000000 0.000000
0.000000 0.000000 0.000000 0.000000
0.000000 0.000000 0.000000 0.000000
0.000000 0.000000 0.000000 0.000000
0.000000 0.000000 0.000000 0.000000
0.000000 0.000000 0.000000 0.000000
0.000000 0.000000 0.000000 0.000000
0.000000 0.000000 0.000000 0.000000
0.000000 0.000000 0.000000 0.000000
0.000000 0.000000 0.000000 0.000000
0.000000 0.000000 0.000000 0.000000
0.000000 0.000000 0.000000 0.000000
0.000000 0.000000 0.000000 0.000000
0.000000 0.000000 0.000000 0.000000
0.000000 0.000000 0.000000 0.000000
0.000000 0.000000 0.000000 0.000000
0.000000 0.000000 0.000000 0.000000
0.000000 0.000000 0.000000 0.000000
0.000000 0.000000 0.000000 0.000000
0.000000 0.000000 0.000000 0.000000
0.000000 0.000000 0.000000 0.000000
0.000000 0.000000 0.000000 0.000000
0.000000 0.000000 0.000000 0.000000
0.000000 0.000000 0.000000 0.000000
0.000000 0.000000 0.000000 0.000000
0.000000 0.000000 0.000000 0.000000
0.000000 0.000000 0.000000 0.000000
0.000000 0.000000 0.000000 0.000000
0.000000 0.000000 0.000000 0.000000
0.000000 0.000000 0.000000 0.000000
0.000000 0.000000 0.000000 0.000000
0.000000 0.000000 0.000000 0.000000
0.000000 0.000000 0.000000 0.000000
0.000000 0.000000 0.000000 0.000000
0.000000 0.000000 0.000000 0.000000
0.000000 0.000000 0.000000 0.000000
0.000000 0.000000 0.000000 0.000000
0.000000 0.000000 0.000000 0.000000
0.000000 0.000000 0.000000 0.000000
0.000000 0.000000 0.000000 0.000000
0.000000 0.000000 0.000000 0.000000
0.000000 0.000000 0.000000 0.000000
0.000000 0.000000 0.000000 0.000000
0.000000 0.000000 0.000000 0.000000
0.000000 0.000000 0.000000 0.000000
0.000000 0.000000 0.000000 0.000000
0.000000 0.000000 0.000000 0.000000
0.000000 0.000000 0.000000 0.000000
0.000000 0.000000 0.000000 0.000000
0.000000 0.000000 0.000000 0.000000
0.000000 0.000000 0.000000 0.000000
0.000000 0.000000 0.000000 0.000000
0.000000 0.000000 0.000000 0.000000
0.000000 0.000000 0.000000 0.000000
0.000000 0.000000 0.000000 0.000000
0.000000 0.000000 0.000000 0.000000
0.000000 0.000000 0.000000 0.000000
0.000000 0.000000 0.000000 0.000000
0.000000 0.000000 0.000000 0.000000
0.000000 0.000000 0.000000 0.000000
0.000000 0.000000 0.000000 0.000000
0.000000 0.000000 0.000000 0.000000
0.000000 0.000000 0.000000 0.000000
0.000000 0.000000 0.000000 0.000000
0.000000 0.000000 0.000000 0.000000
0.000000 0.000000 0.000000 0.000000
0.000000 0.000000 0.000000 0.000000
0.000000 0.000000 0.000000 0.000000
0.000000 0.000000 0.000000 0.000000
0.000000 0.000000 0.000000 0.000000
0.000000 0.000000 0.000000 0.000000
0.000000 0.000000 0.000000 0.000000
0.000000 0.000000 0.000000 0.000000
0.000000 0.000000 0.000000 0.000000
0.000000 0.000000 0.000000 0.000000
0.000000 0.000000 0.000000 0.000000
0.000000 0.000000 0.000000 0.000000
0.000000 0.000000 0.000000 0.000000
0.000000 0.000000 0.000000 0.000000
0.000000 0.000000 0.000000 0.000000
0.000000 0.000000 0.000000 0.000000
0.000000 0.000000 0.000000 0.000000
0.000000 0.000000 0.000000 0.000000
0.000000 0.000000 0.000000 0.000000
0.000000 0.000000 0.000000 0.000000
0.000000 0.000000 0.000000 0.000000
0.000000 0.000000 0.000000 0.000000
0.000000 0.000000 0.000000 0.000000
0.000000 0.000000 0.000000 0.000000
0.000000 0.000000 0.000000 0.000000
0.000000 0.000000 0.000000 0.000000
0.000000 0.000000 0.000000 0.000000
0.000000 0.000000 0.000000 0.000000
0.000000 0.000000 0.000000 0.000000
0.000000 0.000000 0.000000 0.000000
0.000000 0.000000 0.000000 0.000000
0.000000 0.000000 0.000000 0.000000
0.000000 0.000000 0.000000 0.000000
0.000000 0.000000 0.000000 0.000000
0.000000 0.000000 0.000000 0.000000
0.000000 0.000000 0.000000 0.000000
0.000000 0.000000 0.000000 0.000000
0.000000 0.000000 0.000000 0.000000
0.000000 0.000000 0.000000 0.000000
0.000000 0.000000 0.000000 0.000000
0.000000 0.000000 0.000000 0.000000
0.000000 0.000000 0.000000 0.000000
0.000000 0.000000 0.000000 0.000000
0.000000 0.000000 0.000000 0.000000
0.000000 0.000000 0.000000 0.000000
0.000000 0.000000 0.000000 0.000000
0.000000 0.000000 0.000000 0.000000
0.000000 0.000000 0.000000 0.000000
0.000000 0.000000 0.000000 0.000000
0.000000 0.000000 0.000000 0.000000
0.000000 0.000000 0.000000 0.000000
0.000000 0.000000 0.000000 0.000000
0.000000 0.000000 0.000000 0.000000
0.000000 0.000000 0.000000 0.000000
0.000000 0.000000 0.000000 0.000000
0.000000 0.000000 0.000000 0.000000
0.000000 0.000000 0.000000 0.000000
0.000000 0.000000 0.000000 0.000000
0.000000 0.000000 0.000000 0.000000
0.000000 0.000000 0.000000 0.000000
0.000000 0.000000 0.000000 0.000000
0.000000 0.000000 0.000000 0.000000
0.000000 0.000000 0.000000 0.000000
0.000000 0.000000 0.000000 0.000000
0.000000 0.000000 0.000000 0.000000
0.000000 0.000000 0.000000 0.000000
0.000000 0.000000 0.000000 0.000000
0.000000 0.000000 0.000000 0.000000
0.000000 0.000000 0.000000 0.000000
0.000000 0.000000 0.000000 0.000000
0.000000 0.000000 0.000000 0.000000
0.000000 0.000000 0.000000 0.000000
0.000000 0.000000 0.000000 0.000000
0.000000 0.000000 0.000000 0.000000
0.000000 0.000000 0.000000 0.000000
0.000000 0.000000 0.000000 0.000000
0.000000 0.000000 0.000000 0.000000
0.000000 0.000000 0.000000 0.000000
0.000000 0.000000 0.000000 0.000000
0.000000 0.000000 0.000000 0.000000
0.000000 0.000000 0.000000 0.000000
0.000000 0.000000 0.000000 0.000000
0.000000 0.000000 0.000000 0.000000
0.000000 0.000000 0.000000 0.000000
0.000000 0.000000 0.000000 0.000000
0.000000 0.000000 0.000000 0.000000
0.000000 0.000000 0.000000 0.000000
0.000000 0.000000 0.000000 0.000000
0.000000 0.000000 0.000000 0.000000
0.000000 0.000000 0.000000 0.000000
0.000000 0.000000 0.000000 0.000000
0.000000 0.000000 0.000000 0.000000
0.000000 0.000000 0.000000 0.000000
0.000000 0.000000 0.000000 0.000000
0.000000 0.000000 0.000000 0.000000
0.000000 0.000000 0.000000 0.000000
0.000000 0.000000 0.000000 0.000000
0.000000 0.000000 0.000000 0.000000
0.000000 0.000000 0.000000 0.000000
0.000000 0.000000 0.000000 0.000000
0.000000 0.000000 0.000000 0.000000
0.000000 0.000000 0.000000 0.000000
0.000000 0.000000 0.000000 0.000000
0.000000 0.000000 0.000000 0.000000
0.000000 0.000000 0.000000 0.000000
0.000000 0.000000 0.000000 0.000000
0.000000 0.000000 0.000000 0.000000
0.000000 0.000000 0.000000 0.000000
0.000000 0.000000 0.000000 0.000000
0.000000 0.000000 0.000000 0.000000
0.000000 0.000000 0.000000 0.000000
0.000000 0.000000 0.000000 0.000000
0.000000 0.000000 0.000000 0.000000
0.000000 0.000000 0.000000 0.000000
0.000000 0.000000 0.000000 0.000000
0.000000 0.000000 0.000000 0.000000
0.000000 0.000000 0.000000 0.000000
0.000000 0.000000 0.000000 0.000000
0.000000 0.000000 0.000000 0.000000
0.000000 0.000000 0.000000 0.000000
0.000000 0.000000 0.000000 0.000000
0.000000 0.000000 0.000000 0.000000
0.000000 0.000000 0.000000 0.000000
0.000000 0.000000 0.000000 0.000000
0.000000 0.000000 0.000000 0.000000
0.000000 0.000000 0.000000 0.000000
0.000000 0.000000 0.000000 0.000000
0.000000 0.000000 0.000000 0.000000
0.000000 0.000000 0.000000 0.000000
0.000000 0.000000 0.000000 0.000000
0.000000 0.000000 0.000000 0.000000
0.000000 0.000000 0.000000 0.000000
0.000000 0.000000 0.000000 0.000000
0.000000 0.000000 0.000000 0.000000
0.000000 0.000000 0.000000 0.000000
0.000000 0.000000 0.000000 0.000000
0.000000 0.000000 0.000000 0.000000
0.000000 0.000000 0.000000 0.000000
0.000000 0.000000 0.000000 0.000000
0.000000 0.000000 0.000000 0.000000
0.000000 0.000000 0.000000 0.000000
0.000000 0.000000 0.000000 0.000000
0.000000 0.000000 0.000000 0.000000
0.000000 0.000000 0.000000 0.000000
0.000000 0.000000 0.000000 0.000000
0.000000 0.000000 0.000000 0.000000
0.000000 0.000000 0.000000 0.000000
0.000000 0.000000 0.000000 0.000000
0.000000 0.000000 0.000000 0.000000
0.000000 0.000000 0.000000 0.000000
0.000000 0.000000 0.000000 0.000000
0.000000 0.000000 0.000000 0.000000
0.000000 0.000000 0.000000 0.000000
0.000000 0.000000 0.000000 0.000000
0.000000 0.000000 0.000000 0.000000
0.000000 0.000000 0.000000 0.000000
0.000000 0.000000 0.000000 0.000000
0.000000 0.000000 0.000000 0.000000
0.000000 0.000000 0.000000 0.000000
0.000000 0.000000 0.000000 0.000000
0.000000 0.000000 0.000000 0.000000
0.000000 0.000000 0.000000 0.000000
0.000000 0.000000 0.000000 0.000000
0.000000 0.000000 0.000000 0.000000
0.000000 0.000000 0.000000 0.000000
0.000000 0.000000 0.000000 0.000000
0.000000 0.000000 0.000000 0.000000
0.000000 0.000000 0.000000 0.000000
0.000000 0.000000 0.000000 0.000000
0.000000 0.000000 0.000000 0.000000
0.000000 0.000000 0.000000 0.000000
0.000000 0.000000 0.000000 0.000000
0.000000 0.000000 0.000000 0.000000
0.000000 0.000000 0.000000 0.000000
0.000000 0.000000 0.000000 0.000000
0.000000 0.000000 0.000000 0.000000
0.000000 0.000000 0.000000 0.000000
0.000000 0.000000 0.000000 0.000000
0.000000 0.000000 0.000000 0.000000
0.000000 0.000000 0.000000 0.000000
0.000000 0.000000 0.000000 0.000000
0.000000 0.000000 0.000000 0.000000
0.000000 0.000000 0.000000 0.000000
0.000000 0.000000 0.000000 0.000000
0.000000 0.000000 0.000000 0.000000
0.000000 0.000000 0.000000 0.000000
0.000000 0.000000 0.000000 0.000000
0.000000 0.000000 0.000000 0.000000
0.000000 0.000000 0.000000 0.000000
0.000000 0.000000 0.000000 0.000000
0.000000 0.000000 0.000000 0.000000
0.000000 0.000000 0.000000 0.000000
0.000000 0.000000 0.000000 0.000000
0.000000 0.000000 0.000000 0.000000
0.000000 0.000000 0.000000 0.000000
0.000000 0.000000 0.000000 0.000000
-0.360888 0.292272 2.628945 1.000000
-0.039998 0.300675 2.629685 1.000000
-0.201553 0.347553 2.530588 0.000000
-0.197240 0.168537 2.693330 0.000000
-0.378599 -0.049581 2.594051 1.000000
-0.026756 -0.040581 2.588623 1.000000
-0.201309 -0.041299 2.686308 0.000000
-0.421782 0.033896 2.602540 1.000000
0.014054 0.040493 2.653069 1.000000
-0.446933 -0.200194 2.460387 1.000000
0.023976 -0.227367 2.591494 1.000000
-0.452838 -0.259960 2.454631 0.812500
0.021643 -0.278981 2.560341 0.661058
-0.306661 -0.500118 2.694575 0.926923
-0.102829 -0.502342 2.670025 1.000000
-0.318856 -0.875443 2.737777 1.000000
-0.062916 -0.874189 2.724985 1.000000
-0.319599 -0.891414 2.598819 0.000000
-0.065064 -0.894864 2.586663 0.000000
-0.201009 0.498720 2.519730 1.000000
-0.360279 0.292353 2.639389 1.000000
-0.039338 0.298306 2.640929 1.000000
-0.200395 0.351760 2.544385 0.000000
-0.197646 0.164051 2.697054 0.000000
-0.379684 -0.039805 2.582824 0.875000
-0.027813 -0.036299 2.573933 0.682692
-0.201409 -0.032316 2.673233 0.000000
-0.420953 0.028566 2.630840 1.000000
0.009117 0.032507 2.659401 1.000000
-0.452149 -0.218783 2.505158 1.000000
0.017385 -0.239976 2.599110 1.000000
-0.452299 -0.277321 2.490557 0.711538
0.011502 -0.294710 2.574423 0.576923
-0.303326 -0.493861 2.678074 1.000000
-0.100903 -0.495519 2.660229 1.000000
-0.321566 -0.856857 2.781927 1.000000
-0.059049 -0.851888 2.779114 0.934856
-0.325393 -0.895139 2.647448 0.192308
-0.061221 -0.896376 2.646520 0.269231
-0.199778 0.504091 2.543160 1.000000
-0.358715 0.291816 2.658297 1.000000
-0.037972 0.298106 2.647117 1.000000
-0.202755 0.360370 2.562932 0.000000
-0.194146 0.158808 2.696531 0.000000
-0.378985 -0.027157 2.582907 0.384615
-0.028158 -0.035164 2.555341 0.548077
-0.196091 -0.029606 2.663872 0.000000
-0.415840 0.024912 2.655257 1.000000
0.005879 0.032019 2.689368 1.000000
-0.436811 -0.241318 2.566499 1.000000
0.012492 -0.241536 2.623641 1.000000
-0.439338 -0.301119 2.558924 0.475962
-0.010466 -0.280221 2.583437 0.425481
-0.302519 -0.487466 2.658961 0.923077
-0.096209 -0.487887 2.655747 1.000000
-0.321196 -0.846315 2.776275 0.747356
-0.060239 -0.849073 2.761266 1.000000
-0.333791 -0.889010 2.643672 0.269231
-0.070784 -0.889153 2.627671 0.000000
-0.197767 0.512190 2.576401 1.000000
-0.357993 0.290946 2.662700 1.000000
-0.037245 0.297067 2.651540 1.000000
-0.201980 0.361090 2.568587 0.000000
-0.193570 0.157052 2.698386 0.000000
-0.375989 -0.026027 2.574442 0.346154
-0.024513 -0.036963 2.558644 0.490385
-0.196057 -0.033852 2.661477 0.000000
-0.406747 0.023185 2.671559 1.000000
0.004840 0.032808 2.702011 1.000000
-0.424114 -0.249672 2.607823 1.000000
0.006664 -0.235510 2.619445 1.000000
-0.411492 -0.308381 2.613646 0.610577
0.012115 -0.295248 2.612997 0.173077
-0.298883 -0.485568 2.658840 0.980769
-0.095099 -0.488374 2.654793 1.000000
-0.321797 -0.843978 2.776746 0.816106
-0.062083 -0.850745 2.757172 1.000000
-0.329718 -0.887161 2.643939 0.346154
-0.068655 -0.889287 2.622872 0.019231
-0.200049 0.511345 2.582241 1.000000
-0.358698 0.287215 2.657372 1.000000
-0.037802 0.294298 2.653273 1.000000
-0.200866 0.358167 2.566969 0.000000
-0.194702 0.153657 2.696150 0.000000
-0.373387 -0.030923 2.571850 0.326923
-0.021668 -0.037676 2.559508 0.394231
-0.194286 -0.038917 2.660567 0.000000
-0.402004 0.017868 2.677195 0.984615
0.005817 0.028976 2.703456 1.000000
-0.412537 -0.256969 2.614939 1.000000
0.011330 -0.242647 2.627877 1.000000
-0.396832 -0.314595 2.623456 0.290865
0.014618 -0.299274 2.607322 0.105769
-0.298733 -0.487880 2.659718 1.000000
-0.093403 -0.490837 2.651454 1.000000
-0.319737 -0.847346 2.774726 0.916106
-0.061169 -0.852642 2.756059 1.000000
-0.326015 -0.889594 2.641531 0.288462
-0.065912 -0.891859 2.621878 0.000000
-0.199937 0.509055 2.582683 1.000000
