-0.022931 0.335073 2.648844 1.000000
-0.379171 0.338594 2.613565 1.000000
-0.210022 0.380568 2.726158 0.000000
-0.192694 0.183341 2.531497 0.110577
-0.061262 -0.027699 2.648887 1.000000
-0.340402 -0.043595 2.618397 1.000000
-0.186605 -0.048312 2.509998 0.562500
0.029448 0.072470 2.649261 1.000000
-0.434676 0.076828 2.602991 1.000000
0.025117 -0.215474 2.622939 1.000000
-0.412496 -0.210117 2.574608 1.000000
0.007893 -0.281541 2.622735 0.610577
-0.406264 -0.265526 2.614012 0.762019
-0.065862 -0.604552 2.672508 1.000000
-0.312612 -0.612560 2.654782 1.000000
-0.085220 -1.016193 2.784459 1.000000
-0.325106 -1.025198 2.764006 1.000000
-0.099170 -0.971548 2.946207 0.000000
-0.344702 -0.981852 2.925522 0.000000
-0.195030 0.664320 2.588826 1.000000
-0.030767 0.338838 2.648772 1.000000
-0.387196 0.335488 2.615440 1.000000
-0.218245 0.381625 2.726694 0.000000
-0.198338 0.182911 2.533800 0.105769
-0.057850 -0.031950 2.644010 1.000000
-0.338800 -0.041847 2.635596 1.000000
-0.194194 -0.048291 2.515289 0.552885
0.029191 0.077713 2.652442 1.000000
-0.438087 0.072514 2.607885 1.000000
0.025744 -0.210054 2.622332 1.000000
-0.418504 -0.214381 2.575555 1.000000
0.010305 -0.272814 2.600323 0.644231
-0.400498 -0.264850 2.617866 0.829327
-0.060707 -0.605877 2.682774 1.000000
-0.311614 -0.613151 2.658199 1.000000
-0.088437 -1.018054 2.790909 1.000000
-0.319481 -1.026029 2.766929 1.000000
-0.085646 -0.975508 2.953796 0.000000
-0.325394 -0.983071 2.929624 0.000000
-0.203994 0.662450 2.579550 1.000000
-0.029288 0.345461 2.649356 1.000000
-0.385360 0.341313 2.612484 1.000000
-0.217577 0.389132 2.724791 0.000000
-0.195563 0.187812 2.534851 0.129808
-0.057433 -0.030904 2.657765 1.000000
-0.337105 -0.037027 2.628648 1.000000
-0.184138 -0.044070 2.519206 0.524038
0.031181 0.084364 2.652969 1.000000
-0.435232 0.078115 2.603183 1.000000
0.024010 -0.203703 2.625613 1.000000
-0.421317 -0.209696 2.575607 1.000000
0.021424 -0.271410 2.617202 0.677885
-0.413381 -0.272646 2.600827 0.829327
-0.058470 -0.603271 2.686070 1.000000
-0.309118 -0.610167 2.657044 1.000000
-0.093148 -1.015368 2.792484 1.000000
-0.322988 -1.024117 2.760980 1.000000
-0.101252 -0.972680 2.955156 0.000000
-0.340872 -0.982782 2.923220 0.000000
-0.205077 0.666938 2.569868 1.000000
-0.030815 0.341520 2.642027 1.000000
-0.386259 0.339408 2.599383 1.000000
-0.219558 0.394645 2.709881 0.000000
-0.197792 0.176693 2.539251 0.096154
-0.066730 -0.022493 2.665899 1.000000
-0.345966 -0.039524 2.636944 1.000000
-0.192809 -0.042439 2.527580 0.528846
0.034751 0.081793 2.653046 1.000000
-0.439115 0.076582 2.602800 1.000000
0.028159 -0.205028 2.614103 1.000000
-0.416225 -0.210873 2.576763 1.000000
0.017900 -0.272212 2.620634 0.425481
-0.429493 -0.276405 2.590585 0.862981
-0.065264 -0.598526 2.694383 1.000000
-0.309974 -0.609258 2.671277 1.000000
-0.087231 -1.014860 2.786746 1.000000
-0.323297 -1.025607 2.765214 1.000000
-0.099018 -0.977890 2.950588 0.000000
-0.341377 -0.988213 2.928385 0.000000
-0.200798 0.663601 2.552871 1.000000
-0.030222 0.339122 2.631990 1.000000
-0.384419 0.330160 2.580719 1.000000
-0.220839 0.398372 2.688605 0.000000
-0.193950 0.162868 2.544015 0.105769
-0.068301 -0.020270 2.693299 1.000000
-0.347490 -0.038659 2.664720 1.000000
-0.194275 -0.044388 2.555550 0.475962
0.035590 0.079596 2.647376 1.000000
-0.435870 0.067550 2.598446 1.000000
0.032143 -0.205046 2.594046 1.000000
-0.422256 -0.217304 2.547911 1.000000
0.014171 -0.270436 2.601966 0.728365
-0.424282 -0.278846 2.577409 0.644231
-0.059970 -0.595734 2.703175 1.000000
-0.315293 -0.607189 2.692901 1.000000
-0.088693 -1.011593 2.795809 1.000000
-0.323833 -1.029111 2.758123 1.000000
-0.097088 -0.974478 2.959827 0.000000
-0.342362 -1.003179 2.923454 0.000000
-0.196183 0.638232 2.482671 1.000000
-0.027189 0.340219 2.623292 1.000000
-0.382773 0.330571 2.582908 1.000000
-0.216041 0.399978 2.685053 0.000000
-0.193384 0.162984 2.542181 0.139423
-0.061588 -0.018750 2.707312 1.000000
-0.342001 -0.033898 2.691803 1.000000
-0.194064 -0.042691 2.575772 0.423077
0.035247 0.079652 2.635548 1.000000
-0.431580 0.066835 2.585784 1.000000
0.033314 -0.205151 2.582763 1.000000
-0.405575 -0.217641 2.537797 1.000000
0.013015 -0.269795 2.574356 1.000000
-0.406976 -0.284761 2.550231 0.812500
-0.060577 -0.594271 2.724456 1.000000
-0.320725 -0.601697 2.708076 1.000000
-0.090051 -1.012975 2.802953 1.000000
-0.317987 -1.025244 2.762334 1.000000
-0.090823 -0.981898 2.968433 0.000000
-0.330564 -1.003990 2.928888 0.000000
-0.194098 0.579026 2.409609 1.000000
-0.023108 0.326145 2.598804 1.000000
-0.380141 0.317919 2.573827 1.000000
-0.208544 0.395314 2.661091 0.000000
-0.194573 0.143854 2.544197 0.139423
-0.050540 -0.021510 2.724492 1.000000
-0.331317 -0.029826 2.710454 0.932692
-0.184115 -0.048349 2.594632 0.365385
0.040436 0.068923 2.620750 1.000000
-0.412518 0.054035 2.572384 1.000000
0.029544 -0.214187 2.574255 1.000000
-0.389640 -0.228303 2.525521 1.000000
0.009990 -0.279428 2.569476 1.000000
-0.377239 -0.294993 2.517755 0.795673
-0.057117 -0.594506 2.758146 1.000000
-0.325743 -0.596637 2.737583 1.000000
-0.084356 -1.018074 2.804949 1.000000
-0.313540 -1.022897 2.759844 1.000000
-0.084742 -0.999557 2.972302 0.000000
-0.329630 -1.014616 2.927243 0.000000
-0.192302 0.507151 2.352378 1.000000
-0.018203 0.285664 2.564544 1.000000
-0.376032 0.286809 2.553552 1.000000
-0.198662 0.372780 2.618355 0.000000
-0.197491 0.103144 2.552127 0.125000
-0.060841 -0.025445 2.740771 0.682692
-0.341508 -0.043112 2.736835 0.000000
-0.196817 -0.077364 2.621435 0.336538
0.037079 0.026735 2.595344 1.000000
-0.390939 0.020844 2.563083 1.000000
0.020506 -0.259770 2.573006 1.000000
-0.369491 -0.260752 2.507364 1.000000
-0.001826 -0.324262 2.571092 1.000000
-0.356098 -0.322848 2.532391 1.000000
-0.048170 -0.591998 2.785979 1.000000
-0.333122 -0.599739 2.773920 1.000000
-0.084661 -1.016589 2.813022 1.000000
-0.310490 -1.026015 2.763092 1.000000
-0.072756 -1.006932 2.980698 0.000000
-0.323734 -1.030980 2.930872 0.000000
-0.196347 0.451742 2.296841 1.000000
-0.015213 0.268356 2.559306 1.000000
-0.372646 0.269353 2.539183 1.000000
-0.196988 0.355811 2.607885 0.000000
-0.194123 0.085718 2.543597 0.110577
-0.062163 -0.035901 2.752691 0.413462
-0.342603 -0.054323 2.741937 0.000000
-0.194619 -0.097009 2.633749 0.298077
0.024851 0.007332 2.585405 1.000000
-0.384008 0.004787 2.556413 1.000000
0.016729 -0.278720 2.570116 1.000000
-0.359619 -0.277114 2.510978 1.000000
-0.006779 -0.342774 2.572548 1.000000
-0.339799 -0.342389 2.513803 1.000000
-0.045444 -0.597203 2.808516 1.000000
-0.327480 -0.608258 2.801792 1.000000
-0.088034 -1.021955 2.819044 1.000000
-0.317063 -1.032996 2.759034 1.000000
-0.076123 -1.018987 2.986971 0.000000
-0.333926 -1.050185 2.925678 0.000000
-0.194500 0.425126 2.272612 0.548077
-0.013372 0.257092 2.560544 1.000000
-0.370268 0.257117 2.532451 1.000000
-0.197114 0.337402 2.613831 0.000000
-0.189881 0.075575 2.521712 0.081731
-0.064985 -0.041988 2.763422 0.000000
-0.345121 -0.062518 2.749135 0.000000
-0.195022 -0.113559 2.647690 0.221154
0.012047 -0.004411 2.577526 1.000000
-0.381394 -0.005364 2.549767 1.000000
0.013454 -0.288709 2.573800 1.000000
-0.354411 -0.285471 2.509092 1.000000
-0.008744 -0.353191 2.570507 1.000000
-0.337599 -0.351579 2.512038 1.000000
-0.043807 -0.596845 2.843307 1.000000
-0.318823 -0.612064 2.830756 1.000000
-0.088508 -1.020747 2.817868 1.000000
-0.318325 -1.034255 2.766781 1.000000
-0.072098 -1.032509 2.985028 0.000000
-0.336376 -1.059356 2.932293 0.000000
-0.191459 0.413844 2.296617 0.307692
-0.010327 0.194931 2.523356 1.000000
-0.367823 0.181720 2.509720 1.000000
-0.194542 0.274004 2.576860 0.000000
-0.181970 0.005466 2.507430 0.019231
-0.055728 -0.068683 2.782817 0.000000
-0.336152 -0.087800 2.772872 0.000000
-0.187322 -0.152450 2.677498 0.004808
0.008343 -0.060564 2.570803 1.000000
-0.372747 -0.076853 2.541265 1.000000
0.004229 -0.341825 2.576837 1.000000
-0.338589 -0.355125 2.517605 1.000000
-0.013921 -0.407618 2.578688 1.000000
-0.330203 -0.422714 2.522394 1.000000
-0.050155 -0.616608 2.865786 1.000000
-0.312440 -0.627254 2.847423 0.934615
-0.082209 -1.039488 2.815963 1.000000
-0.318736 -1.045755 2.762842 1.000000
-0.069993 -1.060050 2.982630 0.000000
-0.333095 -1.078781 2.927320 0.000000
-0.184434 0.425943 2.301364 0.000000
-0.010433 0.130502 2.526849 1.000000
-0.368154 0.120851 2.516544 1.000000
-0.193236 0.217212 2.572834 0.000000
-0.184643 -0.057223 2.531565 0.009615
-0.051541 -0.106824 2.809199 0.000000
-0.331779 -0.129449 2.801693 0.000000
-0.182635 -0.198160 2.709711 0.000000
0.004055 -0.124550 2.569027 1.000000
-0.368520 -0.136706 2.543106 1.000000
-0.005897 -0.403746 2.580634 1.000000
-0.329290 -0.412628 2.520439 1.000000
-0.018996 -0.470402 2.587495 1.000000
-0.324311 -0.479656 2.532439 1.000000
-0.051704 -0.650294 2.870042 0.884615
-0.320716 -0.656100 2.842432 0.857692
-0.090716 -1.072322 2.818020 1.000000
-0.309763 -1.078247 2.779122 1.000000
-0.079252 -1.093916 2.984610 0.000000
-0.320954 -1.103447 2.945224 0.000000
-0.184931 0.409084 2.351647 0.000000
-0.010768 0.070877 2.514864 1.000000
-0.368318 0.052943 2.514295 1.000000
-0.194499 0.159521 2.552749 0.000000
-0.180586 -0.117762 2.549346 0.000000
-0.038574 -0.144318 2.824387 0.000000
-0.319776 -0.146754 2.819843 0.000000
-0.176941 -0.228012 2.728076 0.000000
-0.001187 -0.179539 2.573936 1.000000
-0.365019 -0.203550 2.536441 1.000000
-0.009478 -0.457439 2.577222 1.000000
-0.326913 -0.478855 2.544459 1.000000
-0.016002 -0.525188 2.582616 1.000000
-0.325234 -0.546636 2.552487 1.000000
-0.053804 -0.678114 2.861574 0.996154
-0.333041 -0.670204 2.839956 0.769231
-0.110709 -1.099497 2.822417 1.000000
-0.292730 -1.090573 2.776714 1.000000
-0.097884 -1.116747 2.989414 0.000000
-0.313840 -1.117402 2.941592 0.000000
-0.184538 0.363050 2.396000 0.000000
0.017376 -0.070667 2.540243 1.000000
-0.338548 -0.103691 2.560033 1.000000
-0.168919 0.015267 2.571229 0.822115
-0.141189 -0.257561 2.614674 0.000000
-0.018852 -0.233382 2.882075 0.000000
-0.298096 -0.221951 2.850549 0.000000
-0.152765 -0.320119 2.782226 0.000000
0.026488 -0.320766 2.591929 1.000000
-0.357204 -0.355897 2.523310 1.000000
-0.027563 -0.591367 2.595388 1.000000
-0.319028 -0.624091 2.575983 1.000000
-0.011961 -0.650430 2.625880 1.000000
-0.341079 -0.688507 2.581074 1.000000
-0.008407 -0.728755 2.862919 1.000000
-0.371035 -0.702212 2.815487 0.984615
-0.182202 -1.111844 2.789619 1.000000
-0.251886 -1.112126 2.805103 1.000000
-0.087531 -1.178213 2.912022 0.000000
-0.388206 -1.154018 2.894614 0.000000
-0.073932 0.201246 2.501812 0.514423
-0.035883 -0.126212 2.518001 1.000000
-0.303806 -0.238063 2.720970 1.000000
-0.190245 -0.083827 2.650010 0.000000
-0.081736 -0.339388 2.652409 0.000000
-0.005468 -0.304896 2.916207 0.000000
-0.280937 -0.301724 2.972847 0.538462
-0.165008 -0.372087 2.842326 0.009615
0.026658 -0.365680 2.576936 1.000000
-0.395385 -0.378857 2.529866 1.000000
-0.028254 -0.631526 2.619358 1.000000
-0.316468 -0.636463 2.583735 1.000000
-0.016488 -0.697790 2.630857 1.000000
-0.328311 -0.702862 2.594338 1.000000
-0.002066 -0.775810 2.769855 1.000000
-0.424027 -0.725512 2.842004 0.469231
-0.351345 -0.980975 2.904931 1.000000
-0.121620 -0.999188 2.715569 1.000000
-0.313634 -1.111045 2.804882 0.000000
-0.239628 -1.098137 2.647500 0.000000
-0.151781 0.104755 2.500162 1.000000
-0.058357 -0.131966 2.514683 1.000000
-0.375362 -0.267008 2.611820 1.000000
-0.241474 -0.108519 2.609387 0.865385
-0.141278 -0.365661 2.578890 0.000000
-0.022465 -0.416403 2.862493 0.000000
-0.294486 -0.476358 2.901375 1.000000
-0.158034 -0.515853 2.777896 0.894231
0.024456 -0.361463 2.583143 1.000000
-0.342106 -0.508003 2.540896 1.000000
-0.033434 -0.626793 2.616855 1.000000
-0.301494 -0.760365 2.638630 1.000000
-0.026684 -0.693426 2.630120 1.000000
-0.355304 -0.797773 2.619478 0.913462
-0.075008 -0.971701 2.848182 1.000000
-0.406344 -0.889067 2.784723 0.573077
-0.482850 -0.937049 2.969825 0.822356
-0.020210 -0.953526 2.614198 1.000000
-0.507397 -1.099695 2.933859 0.000000
-0.081123 -1.082775 2.525123 0.000000
-0.201705 0.107547 2.492674 1.000000
-0.315003 -0.225198 2.479649 1.000000
-0.442691 -0.353097 2.788682 1.000000
-0.314580 -0.225324 2.687134 0.000000
-0.404729 -0.452720 2.555774 0.000000
-0.294523 -0.677963 2.675900 0.000000
-0.396402 -0.773828 2.919892 1.000000
-0.386096 -0.829260 2.740317 0.000000
-0.112141 -0.352254 2.558639 1.000000
-0.398590 -0.538586 2.623154 0.000000
-0.046349 -0.610073 2.616067 1.000000
-0.273921 -0.780206 2.602540 0.000000
-0.040636 -0.677204 2.627127 1.000000
-0.300419 -0.838291 2.626740 0.000000
0.037516 -1.084851 2.962636 0.000000
-0.244839 -1.200550 3.058242 0.000000
-0.325176 -0.967070 3.154767 0.000000
-0.143317 -0.996932 2.696903 0.112981
-0.297166 -1.079742 3.276713 0.000000
-0.097261 -1.143218 2.627410 0.000000
-0.320067 -0.022897 2.481947 1.000000
-0.363057 -0.324676 2.504498 1.000000
-0.351703 -0.333112 2.862219 1.000000
-0.269774 -0.271166 2.681939 0.000000
-0.432982 -0.495786 2.681823 0.000000
-0.262451 -0.699321 2.574452 0.038462
-0.249865 -0.744695 2.851733 1.000000
-0.362752 -0.787232 2.707258 0.000000
-0.115041 -0.334515 2.543626 1.000000
-0.125195 -0.438480 2.828635 1.000000
-0.018513 -0.577880 2.614979 1.000000
-0.135437 -0.697290 2.744907 1.000000
-0.037449 -0.643457 2.616597 1.000000
-0.144301 -0.703694 2.812301 1.000000
0.037682 -1.206649 2.669635 0.000000
-0.161165 -1.244048 2.929959 0.000000
-0.115035 -0.996429 3.008482 0.403606
-0.210968 -1.052060 2.551815 0.000000
-0.051037 -1.114197 3.110389 0.000000
-0.226915 -1.202357 2.477608 0.000000
-0.316482 -0.067246 2.503544 1.000000
-0.338500 -0.410284 2.497472 0.557692
-0.369487 -0.487004 2.843717 1.000000
-0.273302 -0.384729 2.690947 0.000000
-0.410872 -0.617301 2.627103 0.000000
-0.268531 -0.697463 2.605589 0.000000
-0.275732 -0.845306 2.844738 1.000000
-0.349803 -0.853738 2.671913 0.389423
-0.097974 -0.349164 2.532046 1.000000
-0.124233 -0.500084 2.790613 1.000000
-0.024446 -0.601860 2.594963 1.000000
-0.043822 -0.757895 2.764095 1.000000
-0.049776 -0.661665 2.616017 1.000000
-0.102466 -0.786420 2.784313 1.000000
0.037616 -1.188785 2.510485 0.000000
-0.075965 -1.283587 2.854418 0.000000
-0.012339 -1.118470 2.928686 0.000000
-0.218283 -1.043174 2.531495 0.000000
0.062091 -1.265705 2.962333 0.000000
-0.243443 -1.181834 2.439352 0.000000
-0.344521 -0.160785 2.528652 1.000000
-0.352946 -0.076819 2.514256 1.000000
-0.425670 -0.335588 2.750717 1.000000
-0.294299 -0.193820 2.675258 1.000000
-0.493139 -0.291096 2.507653 0.000000
-0.255342 -0.505446 2.445835 0.000000
-0.309696 -0.688692 2.652155 1.000000
-0.379232 -0.642015 2.483596 0.000000
-0.113987 -0.145621 2.492343 1.000000
-0.226825 -0.486806 2.765347 1.000000
-0.042579 -0.397519 2.556546 1.000000
-0.056238 -0.683592 2.693208 1.000000
-0.037446 -0.465317 2.562772 1.000000
-0.073867 -0.743130 2.721599 1.000000
0.030217 -1.019635 2.338274 0.038462
-0.108181 -1.128685 2.662168 0.150000
0.028841 -1.436600 2.430307 0.000000
-0.305951 -0.939549 2.334379 0.000000
0.195197 -1.431523 2.455799 0.000000
-0.339606 -1.090421 2.267631 0.000000
-0.340940 -0.007287 2.885614 0.000000
-0.396324 -0.140667 2.527012 1.000000
-0.427374 -0.369553 2.798077 1.000000
-0.348857 -0.194039 2.720100 1.000000
-0.426830 -0.393173 2.543020 0.000000
-0.286813 -0.446550 2.426611 0.000000
-0.274398 -0.678616 2.585017 1.000000
-0.388974 -0.601673 2.457040 0.000000
-0.190359 -0.002005 2.546827 1.000000
-0.217551 -0.497679 2.754785 1.000000
-0.029994 -0.213801 2.504636 1.000000
-0.056069 -0.678675 2.637149 1.000000
-0.027358 -0.280311 2.519834 1.000000
-0.061344 -0.746726 2.635464 1.000000
-0.012851 -0.852805 2.090254 0.000000
-0.050973 -1.076170 2.370659 0.000000
-0.007572 -1.276568 2.142489 0.000000
-0.403801 -0.879513 2.232207 0.000000
0.111364 -1.289688 2.024031 0.000000
-0.450558 -1.019929 2.151912 0.000000
-0.348847 -0.038137 2.881567 0.000000
-0.367483 -0.329496 2.480307 1.000000
-0.317918 -0.492577 2.778409 1.000000
-0.276218 -0.332923 2.652622 0.000000
-0.369950 -0.568457 2.539354 0.000000
-0.261097 -0.560364 2.441459 0.000000
-0.156007 -0.814375 2.500924 1.000000
-0.319306 -0.739319 2.445014 0.086538
-0.317410 -0.087139 2.503779 1.000000
-0.072824 -0.498274 2.734378 1.000000
-0.052067 -0.051946 2.524311 1.000000
-0.028797 -0.680446 2.541427 1.000000
-0.011640 -0.103676 2.505568 1.000000
-0.038408 -0.742519 2.568189 1.000000
-0.043063 -0.843201 1.959549 0.000000
0.011561 -1.139595 2.238533 0.000000
-0.063307 -1.262620 2.037064 0.016106
-0.351507 -0.914851 2.237180 0.000000
0.002079 -1.293865 1.885082 0.000000
-0.433316 -1.047395 2.173230 0.000000
-0.290081 -0.149338 2.770375 0.000000
-0.342576 -0.428303 2.566944 1.000000
-0.225509 -0.669803 2.789026 1.000000
-0.211528 -0.480668 2.710833 0.000000
-0.330977 -0.679230 2.557875 0.000000
-0.219347 -0.567318 2.294389 0.000000
-0.118546 -0.777945 2.451160 1.000000
-0.279705 -0.730438 2.366324 0.000000
-0.305115 -0.193348 2.497210 1.000000
-0.106158 -0.464867 2.715282 1.000000
-0.129231 0.003295 2.451553 1.000000
0.018069 -0.343290 2.511025 1.000000
-0.111831 0.048658 2.499522 1.000000
0.055148 -0.329032 2.455496 0.072115
-0.055126 -0.742034 1.799558 0.000000
0.074083 -1.024372 1.970762 0.000000
-0.070413 -1.159841 1.886356 0.069231
0.007312 -1.434058 2.070912 0.000000
-0.035030 -1.194565 1.725445 0.000000
0.092755 -1.481500 1.933803 0.000000
-0.148759 -0.288855 2.758209 0.379808
-0.351991 -0.414374 2.553676 1.000000
-0.184046 -0.644609 2.752689 1.000000
-0.200492 -0.454478 2.681870 0.000000
-0.310722 -0.662330 2.534431 0.000000
-0.272355 -0.629339 2.282178 0.000000
-0.139953 -0.809719 2.452573 1.000000
-0.305705 -0.795242 2.364580 0.000000
-0.282014 -0.180028 2.515396 1.000000
-0.095982 -0.417821 2.704912 1.000000
-0.109944 -0.034492 2.371598 1.000000
-0.031149 -0.225417 2.530368 1.000000
-0.118447 -0.021279 2.305154 1.000000
-0.027951 -0.165104 2.498529 1.000000
-0.114064 -0.841896 1.798312 0.000000
0.069284 -1.105778 2.018487 0.000000
-0.103247 -1.267183 1.834979 0.056731
0.046928 -1.531127 2.048627 0.000000
-0.078757 -1.280874 1.668958 0.000000
0.163774 -1.545796 1.928286 0.000000
-0.150415 -0.281654 2.795844 1.000000
-0.351935 -0.304313 2.565902 1.000000
-0.210223 -0.566960 2.745876 1.000000
-0.200084 -0.375044 2.683829 0.000000
-0.350152 -0.556676 2.536925 0.000000
-0.254466 -0.540002 2.264139 0.000000
-0.145860 -0.724562 2.446469 1.000000
-0.312376 -0.686215 2.367552 0.000000
-0.237515 -0.093317 2.506761 1.000000
-0.079971 -0.359784 2.708551 1.000000
-0.126379 0.048427 2.309721 1.000000
-0.027621 -0.162772 2.535600 1.000000
-0.145773 0.070242 2.248000 1.000000
-0.023777 -0.104851 2.499655 1.000000
-0.143738 -0.860833 1.815224 0.000000
-0.006487 -1.104174 2.060030 0.000000
-0.131047 -1.287630 1.811581 0.062981
0.013014 -1.530702 2.055109 0.000000
-0.101618 -1.285340 1.645813 0.000000
0.154909 -1.523172 1.964781 0.000000
-0.147358 -0.362301 2.923069 0.000000
-0.342519 -0.408264 2.559582 1.000000
-0.195495 -0.656074 2.752285 1.000000
-0.197156 -0.462551 2.687603 0.000000
-0.319677 -0.656688 2.531428 0.000000
-0.212575 -0.583615 2.271436 0.000000
-0.101597 -0.793462 2.422266 1.000000
-0.270813 -0.738824 2.360568 0.000000
-0.377424 -0.168099 2.515020 1.000000
-0.080337 -0.442958 2.703803 1.000000
-0.210396 0.038590 2.495407 1.000000
0.035738 -0.251616 2.558580 1.000000
-0.160005 0.067710 2.459708 1.000000
0.047736 -0.187497 2.538421 1.000000
-0.124926 -0.818822 1.773662 0.000000
0.047111 -1.101776 1.981903 0.000000
-0.131101 -1.245361 1.792533 0.084856
0.022354 -1.526891 2.013434 0.000000
-0.115552 -1.252996 1.625052 0.000000
0.136212 -1.542648 1.890397 0.000000
-0.159291 -0.369545 2.860216 0.024038
-0.357851 0.170289 2.515642 1.000000
-0.003912 0.222327 2.529181 1.000000
-0.175594 0.187515 2.417988 0.000000
-0.174846 0.112852 2.685414 0.000000
-0.287695 -0.179993 2.690783 1.000000
-0.008689 -0.146728 2.703055 0.480769
-0.153061 -0.168600 2.821817 0.000000
-0.372707 -0.078047 2.517694 1.000000
0.052020 -0.020332 2.532318 1.000000
-0.375636 -0.345968 2.537530 1.000000
0.086746 -0.285052 2.564701 1.000000
-0.375310 -0.413730 2.545881 1.000000
0.091141 -0.352926 2.570652 1.000000
-0.234230 -0.742944 2.737999 1.000000
-0.092018 -0.731519 2.747364 1.000000
-0.181195 -1.151223 2.851250 1.000000
0.048250 -1.126388 2.829420 0.516106
-0.186591 -1.196855 2.689267 0.000000
0.008750 -1.173023 2.672528 0.000000
-0.142626 0.378755 2.270613 1.000000
-0.345509 0.202508 2.528976 1.000000
0.005643 0.271285 2.540199 1.000000
-0.165242 0.230016 2.429993 0.000000
-0.158325 0.151267 2.696155 0.000000
-0.309472 -0.110846 2.730900 1.000000
-0.033804 -0.055294 2.726139 0.740385
-0.175549 -0.053257 2.849954 0.000000
-0.384730 -0.046787 2.537733 1.000000
0.061251 0.024885 2.548090 1.000000
-0.396509 -0.318983 2.549268 1.000000
0.092916 -0.245815 2.562317 1.000000
-0.398130 -0.383038 2.572846 0.947115
0.084376 -0.313535 2.563947 1.000000
-0.293047 -0.646967 2.689001 1.000000
-0.043313 -0.636549 2.704410 1.000000
-0.242438 -1.052282 2.813454 1.000000
-0.091364 -1.047882 2.808462 1.000000
-0.293615 -1.105172 2.662015 0.000000
-0.079020 -1.090416 2.646016 0.000000
-0.158711 0.443947 2.307789 1.000000
-0.326111 0.298191 2.556643 1.000000
0.031709 0.304912 2.565769 1.000000
-0.144664 0.308572 2.456546 0.000000
-0.148949 0.193596 2.709239 0.000000
-0.291197 -0.068590 2.680497 1.000000
-0.010111 -0.059155 2.682276 1.000000
-0.153247 -0.007689 2.793133 0.000000
-0.388098 0.049153 2.566314 1.000000
0.090998 0.055135 2.577145 1.000000
-0.424038 -0.225609 2.554748 1.000000
0.122889 -0.220505 2.573291 1.000000
-0.427238 -0.293781 2.556742 1.000000
0.112867 -0.288028 2.571975 1.000000
-0.293591 -0.609563 2.668113 1.000000
-0.013550 -0.612339 2.689707 1.000000
-0.304006 -1.030164 2.741025 1.000000
-0.100058 -1.016400 2.797322 1.000000
-0.328534 -1.058027 2.576793 0.000000
-0.055961 -1.066971 2.642893 0.000000
-0.114059 0.547956 2.378084 1.000000
-0.316917 0.330199 2.593543 1.000000
0.041077 0.330992 2.595588 1.000000
-0.137374 0.350095 2.491469 0.000000
-0.138409 0.205684 2.728610 0.000000
-0.271899 -0.056408 2.661566 1.000000
0.009163 -0.066563 2.663302 1.000000
-0.130038 -0.005554 2.774329 0.000000
-0.391715 0.082752 2.577225 1.000000
0.105039 0.080076 2.585392 1.000000
-0.432716 -0.193676 2.565007 1.000000
0.145531 -0.196592 2.573925 1.000000
-0.432884 -0.261951 2.565402 0.980769
0.126712 -0.261654 2.565297 1.000000
-0.294554 -0.604788 2.671090 1.000000
-0.012699 -0.618477 2.694294 1.000000
-0.299567 -1.023893 2.752670 1.000000
-0.093085 -1.021135 2.811487 1.000000
-0.325454 -1.055383 2.589304 0.000000
-0.054959 -1.073937 2.656218 0.000000
-0.111898 0.594128 2.426532 1.000000
-0.310129 0.348580 2.611686 1.000000
0.047820 0.346813 2.605907 1.000000
-0.132693 0.370740 2.506444 0.000000
-0.129700 0.218237 2.738447 0.000000
-0.268837 -0.048012 2.643792 1.000000
0.012386 -0.051241 2.641662 1.000000
-0.126747 0.004887 2.755318 0.000000
-0.393382 0.101449 2.608127 1.000000
0.115446 0.094835 2.604338 1.000000
-0.440336 -0.174507 2.577029 1.000000
0.163888 -0.182334 2.589694 1.000000
-0.428702 -0.241666 2.573039 1.000000
0.139775 -0.243680 2.571894 0.762019
-0.293936 -0.596073 2.670629 1.000000
-0.013726 -0.608763 2.690233 1.000000
-0.300187 -1.016759 2.743525 1.000000
-0.089957 -1.015399 2.795904 1.000000
-0.326678 -1.044766 2.579622 0.000000
-0.061413 -1.062126 2.636681 0.000000
-0.099304 0.623974 2.456189 1.000000
-0.301750 0.357018 2.626154 1.000000
0.056245 0.358272 2.624832 1.000000
-0.123225 0.386184 2.524524 0.000000
-0.121823 0.221370 2.747965 0.000000
-0.260139 -0.031443 2.632358 1.000000
0.021006 -0.039093 2.633023 1.000000
-0.118562 0.011728 2.748626 0.000000
-0.389115 0.109339 2.637033 1.000000
0.130677 0.106334 2.635819 1.000000
-0.435574 -0.169701 2.613378 1.000000
0.172109 -0.174256 2.622480 1.000000
-0.420208 -0.233705 2.595244 0.829327
0.154382 -0.236353 2.600315 0.762019
-0.290681 -0.584856 2.656727 1.000000
-0.022291 -0.601587 2.682123 1.000000
-0.306178 -1.003022 2.741735 1.000000
-0.084930 -1.008283 2.796159 1.000000
-0.330766 -1.035329 2.578328 0.000000
-0.063583 -1.056414 2.636228 0.000000
-0.094658 0.652179 2.505806 1.000000
-0.300092 0.360124 2.639577 1.000000
0.057888 0.360287 2.643390 1.000000
-0.120062 0.394626 2.542370 0.000000
-0.122254 0.216970 2.755735 0.000000
-0.258472 -0.028127 2.622710 1.000000
0.022110 -0.025195 2.641857 1.000000
-0.126700 0.010487 2.751438 0.000000
-0.379873 0.108930 2.653239 1.000000
0.127416 0.105750 2.650997 1.000000
-0.412074 -0.173879 2.638758 1.000000
0.155802 -0.177717 2.640800 1.000000
-0.408248 -0.241916 2.643005 0.661058
0.124804 -0.232899 2.615192 0.947115
-0.287126 -0.583819 2.654993 1.000000
-0.024147 -0.596024 2.679836 1.000000
-0.303453 -1.001494 2.742228 1.000000
-0.082784 -1.003209 2.794254 1.000000
-0.316353 -1.035334 2.577793 0.000000
-0.055189 -1.051813 2.635426 0.000000
-0.104949 0.661792 2.524205 1.000000
-0.300684 0.356736 2.652887 1.000000
0.057112 0.364901 2.661818 1.000000
-0.120353 0.403071 2.561321 0.000000
-0.120877 0.208916 2.759802 0.000000
-0.255489 -0.025090 2.621314 1.000000
0.025504 -0.019083 2.631714 1.000000
-0.120147 0.009701 2.747401 0.000000
-0.361145 0.099002 2.657178 1.000000
0.121108 0.107937 2.661422 1.000000
-0.372606 -0.186663 2.653007 1.000000
0.121205 -0.177953 2.654443 1.000000
-0.372845 -0.250147 2.678132 0.812500
0.095917 -0.240401 2.643381 0.846154
-0.281095 -0.581992 2.651736 1.000000
-0.026812 -0.593531 2.674517 1.000000
-0.296561 -0.998159 2.746054 1.000000
-0.078760 -1.000360 2.793349 1.000000
-0.314614 -1.034521 2.582646 0.000000
-0.059737 -1.049500 2.633432 0.000000
-0.102632 0.664084 2.545331 1.000000
-0.303869 0.359342 2.662704 1.000000
0.053513 0.369426 2.681147 1.000000
-0.121748 0.412878 2.578941 0.000000
-0.125471 0.206075 2.764172 0.000000
-0.262836 -0.019173 2.617704 1.000000
0.018011 -0.016151 2.632455 1.000000
-0.129111 0.007745 2.747391 0.000000
-0.355694 0.100726 2.651547 1.000000
0.111237 0.112153 2.667396 1.000000
-0.339401 -0.183896 2.652465 1.000000
0.097559 -0.172611 2.671868 1.000000
-0.322350 -0.246395 2.630906 0.442308
0.059735 -0.227300 2.656377 0.425481
-0.279031 -0.582021 2.651017 1.000000
-0.031860 -0.591334 2.667886 1.000000
-0.292790 -0.997031 2.750552 1.000000
-0.077975 -0.996196 2.795514 1.000000
-0.304762 -1.035825 2.587145 0.000000
-0.056103 -1.048651 2.637021 0.000000
-0.113963 0.668312 2.566709 1.000000
-0.314471 0.359058 2.669138 1.000000
0.043041 0.368486 2.685271 1.000000
-0.132887 0.414045 2.585150 0.000000
-0.135518 0.203716 2.766384 0.000000
-0.267449 -0.018280 2.612303 1.000000
0.012945 -0.013729 2.633752 1.000000
-0.136999 0.005545 2.745874 0.000000
-0.363456 0.100253 2.653856 1.000000
0.102384 0.112157 2.665234 1.000000
-0.346795 -0.184086 2.646264 1.000000
0.093747 -0.172666 2.663748 1.000000
-0.353572 -0.243384 2.679421 0.492788
0.060453 -0.231795 2.656205 0.442308
-0.284857 -0.581253 2.653291 1.000000
-0.040916 -0.590651 2.663743 1.000000
-0.293120 -0.994496 2.760489 1.000000
-0.073976 -0.997368 2.789510 1.000000
-0.302303 -1.036539 2.597706 0.000000
-0.052007 -1.048312 2.630538 0.000000
-0.121910 0.670740 2.579923 1.000000
-0.322248 0.359481 2.672637 1.000000
0.035179 0.369546 2.690205 1.000000
-0.140390 0.414129 2.589021 0.000000
-0.143485 0.205102 2.771749 0.000000
-0.277215 -0.018826 2.611748 1.000000
0.003220 -0.011224 2.631750 1.000000
-0.146307 0.003965 2.745050 0.000000
-0.375234 0.100683 2.655714 1.000000
0.095252 0.112697 2.667789 1.000000
-0.373778 -0.184679 2.638853 1.000000
0.090883 -0.172473 2.648022 1.000000
-0.354799 -0.250210 2.636182 0.963942
0.059765 -0.233245 2.648204 0.661058
-0.288005 -0.582249 2.659296 1.000000
-0.050055 -0.589388 2.669030 1.000000
-0.292637 -0.996514 2.762696 1.000000
-0.073027 -0.999746 2.784824 1.000000
-0.299731 -1.037179 2.599459 0.000000
-0.054197 -1.046161 2.624072 0.000000
-0.133038 0.672091 2.582961 1.000000
-0.338075 0.359458 2.675240 1.000000
0.019440 0.363570 2.693401 1.000000
-0.155151 0.409939 2.591331 0.000000
-0.162184 0.203236 2.776576 0.000000
-0.288806 -0.018147 2.609707 1.000000
-0.009675 -0.012821 2.643752 1.000000
-0.164547 -0.002855 2.750248 0.000000
-0.394069 0.100709 2.652547 1.000000
0.080323 0.106425 2.665471 1.000000
-0.391522 -0.184468 2.620865 1.000000
0.080737 -0.178725 2.633290 1.000000
-0.406942 -0.249540 2.607099 0.896635
0.065008 -0.243597 2.647637 0.543269
-0.290664 -0.584657 2.672311 1.000000
-0.056009 -0.590661 2.672488 1.000000
-0.299315 -0.999615 2.772631 1.000000
-0.074223 -1.002725 2.782944 1.000000
-0.291549 -1.039293 2.609182 0.000000
-0.046984 -1.046868 2.622758 0.000000
-0.146505 0.670927 2.587727 1.000000
-0.346035 0.359480 2.675703 1.000000
0.011085 0.361402 2.700708 1.000000
-0.161237 0.408966 2.595384 0.000000
-0.173061 0.202060 2.780157 0.000000
-0.301740 -0.020507 2.615553 1.000000
-0.021776 -0.012308 2.641137 1.000000
-0.173417 -0.005473 2.752422 0.000000
-0.409989 0.102255 2.650839 1.000000
0.073396 0.105235 2.663610 1.000000
-0.407895 -0.179404 2.593239 1.000000
0.068485 -0.179955 2.627495 1.000000
-0.427892 -0.244078 2.602124 0.745192
0.061432 -0.246520 2.614042 0.543269
-0.295569 -0.587291 2.675509 1.000000
-0.063238 -0.590850 2.672274 1.000000
-0.301310 -1.002948 2.773109 1.000000
-0.072152 -1.003525 2.781586 1.000000
-0.297093 -1.041480 2.609257 0.000000
-0.050126 -1.046712 2.620342 0.000000
-0.155563 0.669290 2.588219 1.000000
-0.354825 0.364757 2.680218 1.000000
0.002220 0.362677 2.706259 1.000000
-0.169263 0.412509 2.600614 0.000000
-0.183890 0.205072 2.784591 0.000000
-0.315487 -0.018178 2.616078 1.000000
-0.035842 -0.009940 2.644924 1.000000
-0.188753 -0.003985 2.754508 0.000000
-0.419039 0.107738 2.650021 1.000000
0.058366 0.104744 2.668608 1.000000
-0.425156 -0.170953 2.577877 1.000000
0.050942 -0.179752 2.624733 1.000000
-0.424004 -0.235018 2.554298 0.593750
0.034925 -0.244908 2.612096 0.728365
-0.302336 -0.586024 2.679810 1.000000
-0.063364 -0.586953 2.676194 1.000000
-0.305067 -1.003132 2.771150 1.000000
-0.075184 -1.001632 2.777343 1.000000
-0.296678 -1.039157 2.606888 0.000000
-0.048819 -1.041749 2.615957 0.000000
-0.160734 0.670302 2.589867 1.000000
-0.375125 0.365198 2.680925 1.000000
-0.018107 0.364302 2.707402 1.000000
-0.189548 0.411373 2.600431 0.000000
-0.204057 0.208274 2.789195 0.000000
-0.331122 -0.018213 2.622284 1.000000
-0.051432 -0.004889 2.648697 1.000000
-0.203350 -0.004585 2.759814 0.000000
-0.429531 0.105220 2.652629 1.000000
0.039342 0.106300 2.668830 1.000000
-0.418539 -0.172493 2.575403 1.000000
0.034980 -0.180225 2.635689 1.000000
-0.405562 -0.238772 2.565392 0.711538
0.001109 -0.239101 2.628756 0.543269
-0.305939 -0.586010 2.683650 1.000000
-0.074437 -0.583574 2.675387 1.000000
-0.301525 -1.004169 2.769981 1.000000
-0.077487 -0.997668 2.779531 1.000000
-0.292892 -1.038081 2.605282 0.000000
-0.052898 -1.038465 2.618034 0.000000
-0.176914 0.672846 2.596193 1.000000
-0.386036 0.364522 2.684479 1.000000
-0.028823 0.360985 2.707936 1.000000
-0.200828 0.410125 2.602817 0.000000
-0.215143 0.205526 2.789969 0.000000
-0.336948 -0.020029 2.625498 1.000000
-0.056653 -0.008139 2.645365 1.000000
-0.206065 -0.003346 2.759727 0.000000
-0.439742 0.104815 2.650615 1.000000
0.028918 0.101723 2.677415 1.000000
-0.401492 -0.175013 2.590669 1.000000
0.022488 -0.184276 2.638328 1.000000
-0.403481 -0.242198 2.602661 0.425481
-0.002816 -0.247239 2.645879 0.475962
-0.311461 -0.587769 2.691936 1.000000
-0.077861 -0.585796 2.675697 1.000000
-0.302835 -1.007508 2.769871 1.000000
-0.078814 -0.999666 2.780765 1.000000
-0.297518 -1.038125 2.604389 0.000000
-0.057399 -1.040807 2.618904 0.000000
-0.187876 0.672133 2.603759 1.000000
-0.395918 0.362414 2.683834 1.000000
-0.038737 0.362178 2.708025 1.000000
-0.210899 0.407501 2.601459 0.000000
-0.224029 0.207270 2.793361 0.000000
-0.345962 -0.023533 2.633959 0.913462
-0.065884 -0.004072 2.650658 1.000000
-0.213890 -0.006072 2.766917 0.000000
-0.447000 0.101983 2.649901 1.000000
0.019955 0.102615 2.680274 1.000000
-0.402199 -0.179826 2.604507 1.000000
0.016693 -0.183288 2.638600 1.000000
-0.390972 -0.247115 2.601721 0.694712
-0.003421 -0.246288 2.621629 0.526442
-0.317041 -0.589438 2.691114 1.000000
-0.079551 -0.583493 2.682033 1.000000
-0.301526 -1.009054 2.768643 1.000000
-0.081007 -0.998411 2.782881 1.000000
-0.299338 -1.039564 2.603070 0.000000
-0.061027 -1.037963 2.620442 0.000000
-0.202026 0.670904 2.596355 1.000000
-0.406615 0.364158 2.682737 1.000000
-0.049903 0.363288 2.713058 1.000000
-0.220059 0.407003 2.602666 0.000000
-0.237165 0.210704 2.798282 0.000000
-0.354790 -0.022805 2.638638 1.000000
-0.074994 -0.003273 2.659478 1.000000
-0.224641 -0.006253 2.773595 0.000000
-0.457208 0.103209 2.650272 1.000000
0.010492 0.103182 2.692883 1.000000
-0.417820 -0.181197 2.615787 1.000000
0.014062 -0.182909 2.650828 1.000000
-0.410266 -0.247820 2.628668 0.728365
-0.011277 -0.245910 2.643728 0.442308
-0.320672 -0.589624 2.695342 1.000000
-0.083989 -0.582215 2.686601 1.000000
-0.301984 -1.009443 2.771053 1.000000
-0.078968 -1.000100 2.774212 1.000000
-0.296701 -1.039084 2.605391 0.000000
-0.057512 -1.034121 2.610712 0.000000
-0.217701 0.669803 2.597296 1.000000
-0.416059 0.363043 2.679833 1.000000
-0.059640 0.363640 2.713439 1.000000
-0.228894 0.405354 2.600906 0.000000
-0.247247 0.211669 2.798999 0.000000
-0.363987 -0.023513 2.639575 1.000000
-0.084401 -0.003235 2.662431 1.000000
-0.235081 -0.003283 2.775221 0.000000
-0.465416 0.101400 2.650211 1.000000
0.002464 0.103353 2.700542 1.000000
-0.429564 -0.184308 2.622172 1.000000
0.005034 -0.182555 2.656354 1.000000
-0.425178 -0.251938 2.630447 0.778846
-0.018381 -0.246669 2.654708 0.627404
-0.323656 -0.590790 2.698787 1.000000
-0.086106 -0.580948 2.691113 1.000000
-0.300304 -1.010379 2.774474 1.000000
-0.077606 -0.998982 2.777741 1.000000
-0.293594 -1.039884 2.608840 0.000000
-0.054018 -1.032351 2.614401 0.000000
-0.223576 0.669425 2.589433 1.000000
-0.422459 0.361849 2.680434 1.000000
-0.066707 0.363221 2.720468 1.000000
-0.234076 0.406124 2.605588 0.000000
-0.255214 0.209191 2.800169 0.000000
-0.370910 -0.023587 2.638824 1.000000
-0.092313 -0.004168 2.672119 1.000000
-0.247266 -0.000929 2.778913 0.000000
-0.471182 0.100372 2.647616 1.000000
-0.002182 0.103577 2.704830 1.000000
-0.444032 -0.186678 2.622618 1.000000
-0.000219 -0.183118 2.665291 1.000000
-0.439563 -0.254641 2.627387 0.812500
-0.017623 -0.249005 2.661091 0.627404
-0.325117 -0.592006 2.700305 1.000000
-0.087745 -0.580348 2.688289 1.000000
-0.298823 -1.011717 2.774340 1.000000
-0.079652 -0.996669 2.782845 1.000000
-0.285417 -1.040058 2.608910 0.000000
-0.047142 -1.032658 2.621606 0.000000
-0.235649 0.668436 2.592708 1.000000
