-0.399631 0.322799 2.812208 1.000000
-0.025033 0.331213 2.797034 1.000000
-0.217781 0.381869 2.700510 0.000000
-0.206686 0.199056 2.873054 0.000000
-0.369971 -0.011768 2.741820 0.384615
-0.034240 -0.018608 2.730238 0.711538
-0.198803 -0.019153 2.834083 0.000000
-0.432083 0.049314 2.811734 1.000000
0.033760 0.062166 2.799144 1.000000
-0.428884 -0.237597 2.752321 1.000000
0.015099 -0.219255 2.719693 1.000000
-0.414788 -0.307751 2.745035 0.694712
-0.005474 -0.285614 2.701077 0.795673
-0.307690 -0.545778 2.824306 1.000000
-0.077848 -0.548603 2.803097 1.000000
-0.295470 -0.971135 2.870290 1.000000
-0.061550 -0.969580 2.878630 1.000000
-0.303964 -0.990486 2.693548 0.000000
-0.065336 -1.001150 2.703493 0.000000
-0.210233 0.600463 2.737349 1.000000
-0.396903 0.321531 2.801399 1.000000
-0.022312 0.333377 2.814279 1.000000
-0.207811 0.383368 2.704160 0.000000
-0.207857 0.198839 2.875228 0.000000
-0.367592 -0.005221 2.728157 0.346154
-0.032086 -0.018835 2.740278 1.000000
-0.203699 -0.020098 2.831999 0.000000
-0.430274 0.047381 2.807347 1.000000
0.034869 0.063921 2.793519 1.000000
-0.427237 -0.243191 2.763339 1.000000
0.011591 -0.218817 2.716738 1.000000
-0.421759 -0.311366 2.741080 0.980769
-0.009374 -0.285850 2.701231 1.000000
-0.307786 -0.540549 2.817762 1.000000
-0.073538 -0.546271 2.800883 1.000000
-0.295743 -0.962327 2.888940 1.000000
-0.061708 -0.968242 2.870947 1.000000
-0.292751 -0.991860 2.713433 0.000000
-0.052790 -0.997118 2.695531 0.000000
-0.210295 0.603628 2.744995 1.000000
-0.398143 0.316066 2.800309 1.000000
-0.024003 0.334798 2.817418 1.000000
-0.209406 0.384969 2.707220 0.000000
-0.207398 0.194594 2.871746 0.000000
-0.364598 -0.008596 2.725292 0.519231
-0.028984 -0.016220 2.739482 1.000000
-0.201199 -0.025530 2.829596 0.000000
-0.436445 0.041191 2.806380 1.000000
0.035619 0.064908 2.791637 1.000000
-0.418845 -0.250260 2.761922 1.000000
0.013569 -0.220255 2.717976 1.000000
-0.433286 -0.315745 2.787931 0.644231
-0.008672 -0.287514 2.705530 1.000000
-0.305251 -0.540807 2.815741 1.000000
-0.072788 -0.545684 2.797535 1.000000
-0.296657 -0.961575 2.892634 1.000000
-0.062314 -0.965455 2.879481 1.000000
-0.291940 -0.993469 2.717578 0.000000
-0.051735 -0.999244 2.705038 0.000000
-0.208875 0.598807 2.750515 0.884615
-0.396123 0.314194 2.782687 1.000000
-0.022555 0.335660 2.807420 1.000000
-0.205263 0.376149 2.689042 0.000000
-0.206983 0.199553 2.868279 0.000000
-0.362808 -0.012438 2.720040 0.384615
-0.027533 -0.013736 2.742072 1.000000
-0.201595 -0.027498 2.827970 0.000000
-0.433685 0.038687 2.809895 1.000000
0.036283 0.063676 2.782556 1.000000
-0.435115 -0.254572 2.761376 1.000000
0.017257 -0.224090 2.710542 1.000000
-0.418651 -0.323446 2.748780 0.812500
-0.008435 -0.290708 2.701867 0.980769
-0.307347 -0.541586 2.813621 1.000000
-0.072012 -0.545503 2.795728 1.000000
-0.291588 -0.963868 2.879660 1.000000
-0.060969 -0.966785 2.868747 1.000000
-0.283008 -0.991026 2.703953 0.000000
-0.046701 -0.996723 2.693863 0.000000
-0.211420 0.600607 2.738145 0.759615
-0.393957 0.317277 2.781235 1.000000
-0.019384 0.334340 2.786607 1.000000
-0.207252 0.372608 2.675809 0.000000
-0.202219 0.203498 2.862066 0.000000
-0.361618 -0.015341 2.738902 0.375000
-0.025840 -0.014911 2.726696 1.000000
-0.190176 -0.027942 2.830084 0.000000
-0.430785 0.041533 2.808137 1.000000
0.036690 0.060780 2.774966 1.000000
-0.428799 -0.247542 2.738451 1.000000
0.019550 -0.229260 2.711664 1.000000
-0.407772 -0.314115 2.755750 0.879808
-0.006430 -0.293907 2.693797 0.778846
-0.302478 -0.545748 2.816609 1.000000
-0.071661 -0.546466 2.798282 1.000000
-0.293729 -0.969606 2.872654 1.000000
-0.056581 -0.968066 2.868271 1.000000
-0.301957 -0.993081 2.696401 0.000000
-0.061339 -0.997372 2.692765 0.000000
-0.209196 0.599411 2.725202 0.764423
-0.396654 0.319296 2.774354 1.000000
-0.022171 0.337306 2.766437 1.000000
-0.213675 0.368255 2.659651 0.000000
-0.201971 0.211120 2.855831 0.000000
-0.365880 -0.010932 2.742542 0.269231
-0.030270 -0.014911 2.726845 0.663462
-0.193615 -0.022029 2.832358 0.000000
-0.426067 0.043154 2.803072 1.000000
0.038342 0.064886 2.758093 1.000000
-0.421163 -0.241517 2.718397 1.000000
0.012888 -0.227842 2.714574 1.000000
-0.402209 -0.309972 2.729710 0.677885
-0.011373 -0.293946 2.699914 1.000000
-0.299658 -0.544733 2.815502 1.000000
-0.064007 -0.543552 2.800488 1.000000
-0.293567 -0.965513 2.891178 1.000000
-0.060826 -0.965073 2.872108 1.000000
-0.303784 -0.997112 2.716304 0.000000
-0.064865 -0.994912 2.696673 0.000000
-0.211090 0.597231 2.691744 0.639423
-0.393575 0.314434 2.750106 1.000000
-0.019487 0.336624 2.736304 1.000000
-0.212794 0.361425 2.631173 0.000000
-0.196472 0.211589 2.832663 0.000000
-0.358778 -0.015681 2.763056 0.961538
-0.023876 -0.013623 2.735991 1.000000
-0.183395 -0.020838 2.847197 0.000000
-0.429761 0.036334 2.751678 1.000000
0.045098 0.063714 2.735921 1.000000
-0.414005 -0.257326 2.701209 1.000000
0.018550 -0.231966 2.705915 1.000000
-0.375404 -0.317670 2.707682 0.610577
-0.005167 -0.299294 2.697098 1.000000
-0.295336 -0.548647 2.825505 1.000000
-0.059612 -0.546476 2.802125 1.000000
-0.291252 -0.975131 2.854554 1.000000
-0.060401 -0.967530 2.876036 1.000000
-0.306545 -0.987329 2.677633 0.000000
-0.068831 -0.998256 2.700911 0.000000
-0.216421 0.581364 2.640406 0.754808
-0.390799 0.304035 2.732426 1.000000
-0.018019 0.323161 2.696445 1.000000
-0.216740 0.338603 2.599973 0.000000
-0.189442 0.208727 2.813755 0.000000
-0.351224 -0.022691 2.775340 0.788462
-0.016597 -0.014785 2.746046 0.451923
-0.175286 -0.021494 2.858464 0.000000
-0.423312 0.024154 2.739120 1.000000
0.042090 0.048393 2.714478 1.000000
-0.400025 -0.268215 2.676686 1.000000
0.019311 -0.250256 2.700001 1.000000
-0.373149 -0.334895 2.674509 0.947115
-0.008630 -0.316356 2.695161 1.000000
-0.290051 -0.553839 2.835255 1.000000
-0.056192 -0.551120 2.804675 1.000000
-0.291596 -0.979197 2.877411 1.000000
-0.060747 -0.974291 2.864797 1.000000
-0.307819 -0.996620 2.701010 0.000000
-0.070718 -0.999184 2.688828 0.000000
-0.233235 0.548722 2.577444 0.605769
-0.391444 0.272745 2.699386 1.000000
-0.018440 0.300080 2.672082 1.000000
-0.214127 0.294724 2.568579 0.000000
-0.190086 0.197049 2.799223 0.000000
-0.342645 -0.043988 2.788058 0.653846
-0.007949 -0.022728 2.767507 0.403846
-0.169717 -0.026668 2.875585 0.000000
-0.409453 -0.011039 2.719529 1.000000
0.047029 0.022636 2.670725 1.000000
-0.384086 -0.306285 2.654916 1.000000
0.028172 -0.279794 2.657721 1.000000
-0.372720 -0.376381 2.643488 0.913462
-0.001353 -0.344715 2.667043 1.000000
-0.287138 -0.570126 2.842920 1.000000
-0.045497 -0.563080 2.807939 1.000000
-0.289644 -0.995583 2.883567 1.000000
-0.056138 -0.988385 2.848850 1.000000
-0.302333 -1.012394 2.706818 0.000000
-0.060556 -1.005314 2.671712 0.000000
-0.224376 0.494212 2.493778 0.947115
-0.386028 0.212767 2.671962 1.000000
-0.017951 0.243346 2.607080 1.000000
-0.220725 0.209839 2.524647 0.000000
-0.174215 0.166622 2.768131 0.000000
-0.323200 -0.064374 2.813444 0.538462
0.010507 -0.065155 2.774262 0.201923
-0.145332 -0.035996 2.887086 0.000000
-0.389858 -0.077533 2.673226 1.000000
0.041676 -0.038582 2.642459 1.000000
-0.369226 -0.382962 2.631967 1.000000
0.021079 -0.346685 2.634496 1.000000
-0.366482 -0.454138 2.621975 1.000000
-0.005356 -0.413548 2.636453 1.000000
-0.293524 -0.587600 2.854560 1.000000
-0.037993 -0.591934 2.818024 1.000000
-0.282917 -1.013498 2.888032 1.000000
-0.060757 -1.016140 2.864424 1.000000
-0.313812 -1.027998 2.713335 0.000000
-0.072054 -1.034857 2.687772 0.000000
-0.204365 0.379938 2.394702 0.937500
-0.378533 0.143291 2.645861 1.000000
-0.009796 0.176678 2.586334 1.000000
-0.208385 0.120667 2.505958 0.000000
-0.168567 0.123852 2.754392 0.000000
-0.323117 -0.110168 2.831426 0.586538
0.011019 -0.099995 2.797570 0.153846
-0.148450 -0.062048 2.902427 0.000000
-0.381673 -0.149174 2.663548 1.000000
0.034447 -0.110837 2.621495 1.000000
-0.354124 -0.455197 2.610804 1.000000
0.006215 -0.420561 2.599945 1.000000
-0.352067 -0.525927 2.597907 0.997596
-0.013448 -0.489643 2.603740 1.000000
-0.294428 -0.619936 2.860307 1.000000
-0.033467 -0.619182 2.824134 0.876923
-0.284712 -1.046517 2.883292 1.000000
-0.059721 -1.045154 2.845401 1.000000
-0.315770 -1.056652 2.708316 0.000000
-0.067490 -1.053543 2.667769 0.110577
-0.198041 0.249653 2.344453 0.759615
-0.359687 0.029118 2.632697 1.000000
0.010356 0.055769 2.578075 1.000000
-0.184848 -0.019937 2.505969 0.000000
-0.153121 0.037437 2.748903 0.000000
-0.317961 -0.183632 2.878056 0.278846
0.017335 -0.177732 2.857138 0.000000
-0.146319 -0.123930 2.947625 0.000000
-0.378724 -0.266213 2.643006 1.000000
0.027365 -0.239625 2.589999 1.000000
-0.332933 -0.571057 2.577924 1.000000
-0.020027 -0.549937 2.563125 1.000000
-0.338423 -0.641837 2.566378 0.778846
-0.039854 -0.618960 2.559115 0.778846
-0.300215 -0.670273 2.849048 1.000000
-0.029676 -0.666232 2.809929 0.888462
-0.282034 -1.095204 2.889781 1.000000
-0.073301 -1.085873 2.877419 1.000000
-0.320839 -1.113425 2.717021 0.000000
-0.056190 -1.115739 2.702779 0.000000
-0.210285 0.098463 2.323545 0.423077
-0.200788 0.006509 2.850826 0.730769
0.034247 -0.085502 2.583343 1.000000
-0.175688 -0.074679 2.652951 0.000000
0.013035 -0.076400 2.819371 0.000000
-0.239169 -0.219003 2.982224 1.000000
-0.005606 -0.339228 2.772724 0.192308
-0.051879 -0.241146 2.934291 0.000000
-0.332787 -0.170815 2.655100 1.000000
0.016976 -0.380218 2.578835 1.000000
-0.355455 -0.479408 2.600895 1.000000
-0.042976 -0.684794 2.530663 1.000000
-0.347798 -0.549154 2.585081 1.000000
-0.060117 -0.740920 2.572248 0.375000
-0.321694 -0.709723 2.841797 1.000000
-0.030595 -0.802816 2.788472 0.800000
-0.268920 -1.133198 2.862246 1.000000
-0.130468 -1.187607 2.944982 0.631731
-0.384448 -1.154056 2.728447 0.000000
-0.148960 -1.250169 2.779368 0.000000
-0.106068 -0.023834 2.484090 1.000000
-0.133440 -0.085699 2.901163 0.000000
0.008834 -0.153121 2.567187 1.000000
-0.171405 -0.141092 2.695267 0.000000
0.055509 -0.174642 2.798706 0.043269
-0.192484 -0.319971 3.056444 0.317308
-0.068719 -0.360087 2.746655 0.278846
-0.043004 -0.362975 2.939517 0.000000
-0.283177 -0.195309 2.673828 1.000000
0.009209 -0.446521 2.572904 1.000000
-0.377147 -0.485556 2.607431 1.000000
-0.050360 -0.749295 2.525349 1.000000
-0.371043 -0.556255 2.595700 1.000000
-0.063640 -0.819329 2.534951 0.173077
-0.347956 -0.796384 2.808384 1.000000
-0.012078 -0.871520 2.872830 0.626923
-0.216647 -1.181971 2.937204 1.000000
-0.188380 -1.241022 2.994897 0.891106
-0.334472 -1.258588 2.827974 0.000000
-0.235711 -1.274064 2.826517 0.000000
-0.075601 -0.004439 2.478644 1.000000
-0.208242 -0.038951 2.853596 1.000000
-0.047099 -0.109158 2.528861 1.000000
-0.232923 -0.106427 2.649265 0.000000
-0.008565 -0.116397 2.762753 0.000000
-0.177207 -0.326513 3.023369 1.000000
-0.059500 -0.352795 2.709760 0.000000
-0.041240 -0.390566 2.899774 0.000000
-0.336572 -0.122764 2.606140 1.000000
0.010925 -0.390212 2.577541 1.000000
-0.377709 -0.428447 2.633987 1.000000
-0.024661 -0.696726 2.551212 1.000000
-0.380175 -0.499730 2.624713 1.000000
-0.041645 -0.765997 2.541919 1.000000
-0.363965 -0.761272 2.705795 1.000000
-0.096563 -0.866089 2.870646 0.273077
-0.234621 -1.112052 2.912462 1.000000
-0.157235 -1.244686 3.058982 0.000000
-0.324778 -1.213269 2.797090 0.000000
-0.312338 -1.262375 2.973459 0.000000
-0.357699 -0.036338 2.538831 0.427885
-0.193631 -0.059456 2.843894 1.000000
-0.037513 -0.148054 2.526537 1.000000
-0.220315 -0.146157 2.651498 0.000000
0.006722 -0.130769 2.758888 0.000000
-0.116104 -0.312619 3.023793 1.000000
-0.017547 -0.346613 2.704376 0.000000
0.006052 -0.388790 2.892869 0.000000
-0.315336 -0.113766 2.586683 0.984615
0.011944 -0.427839 2.583048 1.000000
-0.386194 -0.410792 2.628508 1.000000
-0.030483 -0.731974 2.556647 1.000000
-0.387870 -0.482469 2.622767 1.000000
-0.047623 -0.800719 2.544252 1.000000
-0.360540 -0.723239 2.712996 1.000000
-0.057578 -0.852479 2.865118 0.234615
-0.266162 -1.098815 2.893294 1.000000
-0.153153 -1.225823 3.049378 0.000000
-0.373765 -1.181241 2.777919 0.000000
-0.308591 -1.228813 2.962693 0.000000
-0.352969 -0.036338 2.550379 0.336538
-0.218835 -0.063266 2.822109 0.894231
-0.041766 -0.177302 2.525826 1.000000
-0.230694 -0.172838 2.641243 0.000000
-0.010944 -0.130429 2.756250 0.000000
-0.098795 -0.326275 3.037308 0.086538
-0.027613 -0.350024 2.709794 0.000000
0.019710 -0.386152 2.895052 0.000000
-0.326476 -0.141962 2.566349 0.769231
0.007719 -0.455352 2.584411 1.000000
-0.387941 -0.435518 2.631308 1.000000
-0.029082 -0.759455 2.565988 1.000000
-0.388792 -0.507172 2.625120 1.000000
-0.040810 -0.830174 2.560107 1.000000
-0.377682 -0.690924 2.709599 1.000000
-0.026829 -0.861757 2.887640 0.607692
-0.265514 -1.078410 2.850064 1.000000
-0.112527 -1.236424 3.074024 0.000000
-0.384955 -1.152562 2.740889 0.000000
-0.275268 -1.235064 3.001930 0.000000
-0.370806 -0.015599 2.577665 0.264423
-0.171844 -0.067202 2.869194 1.000000
-0.039399 -0.181105 2.547669 1.000000
-0.216949 -0.142511 2.674246 0.000000
0.008547 -0.178585 2.779913 0.000000
-0.103956 -0.400686 3.039031 1.000000
-0.066717 -0.371262 2.706399 0.000000
0.004402 -0.425283 2.879284 0.000000
-0.270253 -0.103976 2.602357 1.000000
0.014336 -0.459674 2.589510 1.000000
-0.382075 -0.387288 2.620315 1.000000
-0.027563 -0.761461 2.573356 1.000000
-0.383480 -0.459025 2.625325 1.000000
-0.039763 -0.832092 2.567377 1.000000
-0.401255 -0.700595 2.672306 1.000000
-0.043254 -0.903853 2.866426 0.515385
-0.242343 -1.050415 2.858888 1.000000
-0.102586 -1.262579 3.090557 0.000000
-0.351398 -1.151912 2.761475 0.115385
-0.274840 -1.262116 3.045699 0.000000
-0.348655 0.017285 2.662692 0.000000
-0.127107 -0.074785 2.890858 1.000000
-0.039551 -0.150408 2.544072 1.000000
-0.198837 -0.117505 2.694340 0.000000
0.032276 -0.185044 2.767419 0.000000
-0.107186 -0.394940 3.024681 1.000000
-0.075478 -0.368596 2.691220 0.000000
-0.009149 -0.435382 2.861530 0.000000
-0.209954 -0.065233 2.617496 1.000000
0.011381 -0.427682 2.591051 1.000000
-0.387015 -0.311498 2.595933 1.000000
-0.021309 -0.729445 2.572814 1.000000
-0.389130 -0.381664 2.611606 1.000000
-0.035137 -0.799686 2.565870 1.000000
-0.397628 -0.710010 2.648108 1.000000
-0.085576 -0.901710 2.802823 0.338462
-0.241618 -1.031697 2.881791 1.000000
-0.100180 -1.235734 3.068611 0.241106
-0.337425 -1.147467 2.786383 0.048077
-0.235385 -1.304143 2.975211 0.000000
-0.323077 0.037611 2.685546 0.216346
-0.133089 -0.076749 2.891448 1.000000
-0.035291 -0.108811 2.539567 1.000000
-0.196914 -0.073660 2.686799 0.000000
0.014286 -0.191508 2.756236 0.000000
-0.196999 -0.391399 2.945559 1.000000
-0.116274 -0.388266 2.619415 0.000000
-0.067760 -0.425515 2.804143 0.000000
-0.229267 -0.044180 2.625234 1.000000
0.015312 -0.384409 2.591200 1.000000
-0.393998 -0.298083 2.608133 1.000000
-0.014511 -0.685900 2.580765 1.000000
-0.394004 -0.369446 2.617113 1.000000
-0.028617 -0.755128 2.567276 1.000000
-0.405016 -0.702627 2.526197 1.000000
-0.146310 -0.920080 2.776990 0.480769
-0.254022 -0.880840 2.883773 1.000000
-0.044398 -1.229686 3.052992 0.750481
-0.314712 -1.039422 2.830364 0.235577
-0.179868 -1.328105 2.992611 0.000000
-0.317152 0.059289 2.713727 0.000000
-0.174467 -0.129829 2.868378 1.000000
0.074635 -0.056126 2.597932 1.000000
-0.111503 0.002655 2.702491 0.000000
-0.030447 -0.235356 2.712286 0.000000
-0.303571 -0.424668 2.745867 1.000000
-0.101222 -0.367957 2.483695 0.000000
-0.124682 -0.421258 2.669366 0.000000
-0.261821 -0.060469 2.607455 1.000000
0.019822 -0.334542 2.596632 1.000000
-0.486587 -0.262002 2.611205 1.000000
-0.091478 -0.442740 2.855582 1.000000
-0.455220 -0.324737 2.627138 1.000000
-0.101000 -0.513855 2.860614 1.000000
-0.301949 -0.879451 2.424071 0.350000
-0.101214 -0.881870 2.709604 0.630769
-0.308582 -0.636824 2.775489 1.000000
0.007563 -1.176618 2.998909 0.534856
-0.371446 -0.774416 2.869299 0.000000
-0.150854 -1.255165 2.978449 0.000000
-0.229085 0.078631 2.746599 0.000000
-0.263581 -0.192363 2.819664 0.086538
0.052536 -0.143908 2.623840 1.000000
-0.140763 -0.059822 2.691666 0.000000
-0.105877 -0.308960 2.686334 0.000000
-0.338115 -0.441661 2.709237 1.000000
-0.061821 -0.409225 2.520808 0.000000
-0.144729 -0.453546 2.691181 0.490385
-0.300711 -0.059334 2.572558 1.000000
0.045081 -0.426287 2.605298 1.000000
-0.578554 -0.149061 2.646492 1.000000
-0.123450 -0.305819 2.823927 1.000000
-0.553843 -0.215645 2.657859 0.341346
-0.174927 -0.312032 2.873775 1.000000
-0.358416 -0.920910 2.461749 0.000000
-0.017303 -0.896446 2.733850 0.511539
-0.265394 -0.652588 2.780730 1.000000
-0.034869 -1.208710 3.024678 0.719231
-0.282893 -0.785597 2.897719 0.076923
-0.067786 -1.326937 2.895749 0.000000
-0.088273 -0.001404 2.541331 1.000000
-0.349415 0.043503 2.608668 1.000000
0.025358 0.030892 2.605260 1.000000
-0.164307 -0.000368 2.495328 0.062500
-0.162056 -0.001435 2.746942 0.000000
-0.325530 -0.210720 2.825377 0.519231
0.007902 -0.246540 2.846256 0.115385
-0.163097 -0.212134 2.932516 0.000000
-0.407015 -0.228995 2.667042 1.000000
0.047725 -0.251290 2.634471 1.000000
-0.338878 -0.522602 2.638405 1.000000
-0.000848 -0.547475 2.674252 1.000000
-0.319051 -0.591706 2.640602 0.745192
-0.019992 -0.605197 2.712659 1.000000
-0.287842 -0.752504 2.878453 1.000000
0.065273 -0.682294 3.067538 0.000000
-0.259658 -1.116345 3.100303 1.000000
-0.164986 -1.041586 3.050756 0.000000
-0.276477 -1.209545 2.949589 0.000000
-0.031978 -1.130472 3.128808 0.000000
-0.187505 0.285764 2.446470 0.100962
-0.348005 0.111575 2.629066 1.000000
0.026371 0.091996 2.638258 1.000000
-0.160006 0.064780 2.521819 0.000000
-0.166300 0.062519 2.773355 0.000000
-0.333047 -0.148265 2.819596 0.557692
-0.008201 -0.214192 2.874591 0.750000
-0.179906 -0.149764 2.939641 0.000000
-0.398784 -0.159351 2.697591 1.000000
0.052213 -0.190392 2.654507 1.000000
-0.341048 -0.455603 2.682629 1.000000
0.005815 -0.487353 2.685874 1.000000
-0.311602 -0.516750 2.706449 0.425481
-0.018993 -0.541998 2.725519 1.000000
-0.291768 -0.690440 2.836825 1.000000
0.012123 -0.649247 3.090111 0.000000
-0.291015 -1.107002 2.930947 1.000000
-0.103728 -1.055856 3.029860 0.825481
-0.266166 -1.145805 2.759015 0.134615
0.062358 -1.108564 3.066209 0.000000
-0.192758 0.211489 2.369436 1.000000
-0.347439 0.145571 2.642930 1.000000
0.027165 0.132616 2.654274 1.000000
-0.157719 0.109231 2.534667 0.000000
-0.165945 0.091006 2.785496 0.000000
-0.333934 -0.127333 2.817354 0.625000
-0.006138 -0.183494 2.865228 0.567308
-0.178457 -0.125237 2.934349 0.000000
-0.395170 -0.121528 2.724507 1.000000
0.055484 -0.148841 2.670240 1.000000
-0.339286 -0.417474 2.711773 1.000000
-0.008954 -0.435036 2.739591 1.000000
-0.315290 -0.483104 2.728810 0.274038
-0.033084 -0.498205 2.764100 1.000000
-0.291511 -0.668200 2.837525 1.000000
-0.017455 -0.623745 3.103395 0.000000
-0.292643 -1.095117 2.848418 1.000000
-0.105327 -1.035560 3.032234 0.362981
-0.265847 -1.099676 2.672505 0.000000
0.064867 -1.077279 3.063501 0.000000
-0.199384 0.296827 2.406986 1.000000
-0.351496 0.188477 2.660479 1.000000
0.023211 0.175146 2.666910 1.000000
-0.162729 0.165280 2.547060 0.000000
-0.168643 0.118259 2.794182 0.000000
-0.339263 -0.118272 2.820382 0.528846
-0.004504 -0.141138 2.837966 0.403846
-0.174927 -0.101885 2.923291 0.000000
-0.394234 -0.081065 2.734202 1.000000
0.061474 -0.103284 2.697363 1.000000
-0.336086 -0.376054 2.742080 1.000000
-0.015857 -0.387761 2.756980 1.000000
-0.329785 -0.440868 2.772622 0.408654
-0.046393 -0.449810 2.776749 1.000000
-0.289739 -0.651112 2.833371 1.000000
-0.043169 -0.623906 3.044351 0.000000
-0.290940 -1.076602 2.869824 1.000000
-0.105724 -1.035596 2.949633 1.000000
-0.287293 -1.091804 2.692512 0.028846
0.000374 -1.019055 2.807669 0.278846
-0.191746 0.374655 2.445066 1.000000
-0.355568 0.238961 2.685514 1.000000
0.019099 0.223391 2.682893 1.000000
-0.169151 0.228939 2.566420 0.000000
-0.170662 0.152253 2.806070 0.000000
-0.340627 -0.090484 2.817033 0.394231
-0.004742 -0.097349 2.811493 0.846154
-0.170541 -0.064699 2.907980 0.000000
-0.405594 -0.030133 2.752789 1.000000
0.061090 -0.051505 2.728818 1.000000
-0.348673 -0.324356 2.763617 1.000000
0.014604 -0.347751 2.730252 1.000000
-0.338714 -0.395545 2.766120 0.375000
-0.032196 -0.392133 2.762083 0.341346
-0.296496 -0.616230 2.822322 1.000000
-0.046526 -0.616171 2.802129 1.000000
-0.291190 -1.040069 2.874279 1.000000
-0.054899 -1.041269 2.841979 1.000000
-0.304927 -1.061832 2.698149 0.115385
-0.043533 -1.058070 2.665138 0.000000
-0.187203 0.463300 2.503638 1.000000
-0.364057 0.268327 2.710099 1.000000
0.009934 0.249779 2.689819 1.000000
-0.183098 0.265774 2.582497 0.000000
-0.175156 0.171128 2.815509 0.000000
-0.340666 -0.068082 2.809515 0.413462
-0.005700 -0.079169 2.785622 0.451923
-0.165553 -0.044505 2.891030 0.000000
-0.405978 -0.004712 2.763532 1.000000
0.060082 -0.021858 2.743312 1.000000
-0.357901 -0.300171 2.761754 1.000000
0.015217 -0.317676 2.733852 1.000000
-0.348982 -0.370207 2.748014 0.543269
-0.017537 -0.379156 2.751761 0.745192
-0.298402 -0.595560 2.819368 1.000000
-0.050298 -0.599102 2.796155 1.000000
-0.290129 -1.018474 2.877999 1.000000
-0.076859 -1.016377 2.882981 1.000000
-0.313583 -1.043155 2.703286 0.019231
-0.068460 -1.053111 2.709015 0.000000
-0.181222 0.510458 2.544794 1.000000
-0.365084 0.292481 2.746220 1.000000
0.006674 0.271843 2.701551 1.000000
-0.191797 0.304304 2.608864 0.000000
-0.172533 0.179829 2.826694 0.000000
-0.340559 -0.052696 2.801663 0.605769
-0.007191 -0.064434 2.761365 0.836538
-0.161613 -0.033495 2.875654 0.000000
-0.406705 0.015608 2.769060 1.000000
0.059828 0.000328 2.750203 1.000000
-0.368330 -0.279704 2.743643 1.000000
0.010863 -0.294056 2.733826 1.000000
-0.354151 -0.349872 2.750624 0.610577
-0.014233 -0.361405 2.731043 0.778846
-0.300229 -0.582757 2.818907 1.000000
-0.057547 -0.588355 2.787244 1.000000
-0.289065 -1.005230 2.880156 1.000000
-0.070129 -1.005580 2.877378 1.000000
-0.320869 -1.031181 2.706953 0.096154
-0.075830 -1.042983 2.703445 0.000000
-0.179877 0.532405 2.573455 1.000000
-0.373312 0.313828 2.765664 1.000000
0.000696 0.309266 2.738796 1.000000
-0.193934 0.346820 2.640085 0.000000
-0.181204 0.197964 2.842558 0.000000
-0.352055 -0.033959 2.784307 0.586538
-0.018686 -0.029931 2.742532 0.750000
-0.173462 -0.017639 2.859829 0.000000
-0.417674 0.038646 2.785964 1.000000
0.058350 0.036226 2.753957 1.000000
-0.386566 -0.253022 2.737222 1.000000
0.020088 -0.258337 2.740468 1.000000
-0.366578 -0.322100 2.735825 0.947115
-0.001906 -0.322329 2.716083 0.677885
-0.297139 -0.564743 2.821549 1.000000
-0.061109 -0.563289 2.783158 1.000000
-0.294287 -0.987828 2.879395 1.000000
-0.061020 -0.980230 2.875437 1.000000
-0.321484 -1.011837 2.705131 0.000000
-0.071568 -1.018629 2.701949 0.000000
-0.190694 0.577919 2.649287 1.000000
-0.376161 0.313560 2.776504 1.000000
-0.001810 0.318073 2.754911 1.000000
-0.195866 0.353455 2.654286 0.000000
-0.182528 0.200348 2.853524 0.000000
-0.353770 -0.026066 2.775117 0.759615
-0.020393 -0.022877 2.733339 0.846154
-0.175015 -0.015142 2.851226 0.000000
-0.418922 0.038767 2.798710 1.000000
0.056706 0.045556 2.766879 1.000000
-0.389133 -0.248898 2.731878 1.000000
0.017927 -0.245879 2.726053 1.000000
-0.377360 -0.319787 2.734963 0.711538
-0.000344 -0.315238 2.720682 0.711538
-0.296727 -0.558151 2.819412 1.000000
-0.063151 -0.557271 2.779801 1.000000
-0.296042 -0.981179 2.877713 1.000000
-0.061211 -0.973643 2.874581 1.000000
-0.321820 -1.005266 2.703245 0.000000
-0.072865 -1.013118 2.701405 0.000000
-0.188948 0.585293 2.694516 0.927885
-0.378733 0.318706 2.780591 1.000000
-0.004064 0.328487 2.768229 1.000000
-0.196102 0.364067 2.663871 0.000000
-0.185525 0.205946 2.859323 0.000000
-0.351525 -0.019692 2.760322 0.778846
-0.016311 -0.023850 2.737721 0.961538
-0.177273 -0.018192 2.846921 0.000000
-0.418875 0.044748 2.804806 1.000000
0.054034 0.056724 2.772715 1.000000
-0.393902 -0.243047 2.741588 1.000000
0.021747 -0.233720 2.727478 1.000000
-0.374490 -0.312212 2.745150 0.812500
0.000122 -0.301947 2.720354 0.778846
-0.295778 -0.554119 2.819645 1.000000
-0.064186 -0.556797 2.787401 1.000000
-0.294774 -0.977084 2.878380 1.000000
-0.058875 -0.980548 2.839904 1.000000
-0.309630 -1.001516 2.702692 0.000000
-0.066938 -1.002512 2.663448 0.000000
-0.195281 0.598389 2.717181 0.750000
-0.378510 0.318120 2.794722 1.000000
-0.004022 0.329775 2.778969 1.000000
-0.197296 0.373393 2.680086 0.000000
-0.184251 0.199703 2.861682 0.000000
-0.352064 -0.013408 2.746073 0.326923
-0.016837 -0.016845 2.723544 1.000000
-0.177868 -0.015244 2.832777 0.000000
-0.409045 0.042797 2.810237 1.000000
0.049476 0.057569 2.774758 1.000000
-0.407831 -0.244480 2.742375 1.000000
0.029379 -0.231105 2.716463 1.000000
-0.386026 -0.312925 2.745992 0.711538
0.007019 -0.299328 2.720813 0.745192
-0.297475 -0.546595 2.813438 1.000000
-0.069510 -0.550102 2.783976 1.000000
-0.294538 -0.968950 2.876328 1.000000
-0.056717 -0.968168 2.870023 1.000000
-0.309252 -0.995176 2.700886 0.000000
-0.064389 -1.004244 2.695887 0.000000
-0.196676 0.595863 2.771753 0.538462
-0.381087 0.316127 2.803275 1.000000
-0.006493 0.329349 2.791895 1.000000
-0.198974 0.382177 2.696003 0.000000
-0.187269 0.191901 2.860238 0.000000
-0.354286 -0.012383 2.734013 0.307692
-0.019037 -0.017149 2.712078 0.817308
-0.180275 -0.016359 2.821014 0.000000
-0.410331 0.040513 2.810480 1.000000
0.046632 0.057749 2.775126 1.000000
-0.406444 -0.247929 2.748822 1.000000
0.026122 -0.230593 2.716355 1.000000
-0.372548 -0.309618 2.734026 0.728365
0.003359 -0.297801 2.704599 1.000000
-0.296780 -0.544775 2.811303 1.000000
-0.068082 -0.547634 2.788927 1.000000
-0.292335 -0.965257 2.885607 1.000000
-0.059429 -0.964674 2.880293 1.000000
-0.306632 -0.996278 2.710915 0.000000
-0.067150 -1.002885 2.706614 0.000000
-0.195126 0.595429 2.762624 0.711538
-0.378075 0.317599 2.807983 1.000000
-0.003271 0.327666 2.801263 1.000000
-0.194177 0.387463 2.706320 0.000000
-0.186075 0.188576 2.860247 0.000000
-0.353592 -0.012755 2.723812 0.298077
-0.017658 -0.015249 2.717637 0.884615
-0.183920 -0.025753 2.818194 0.000000
-0.414307 0.042184 2.805874 1.000000
0.046863 0.056631 2.766668 1.000000
-0.401181 -0.248108 2.751895 1.000000
0.025054 -0.232561 2.709677 1.000000
-0.398064 -0.319287 2.761751 0.913462
0.009717 -0.302270 2.700802 0.778846
-0.297014 -0.542282 2.809286 1.000000
-0.067757 -0.545948 2.787097 1.000000
-0.294805 -0.963190 2.881229 1.000000
-0.059719 -0.961922 2.883247 1.000000
-0.299877 -0.993193 2.705849 0.000000
-0.059384 -1.002002 2.709818 0.000000
-0.196444 0.598555 2.763784 0.682692
