-0.384194 0.325777 2.773480 1.000000
-0.019745 0.330215 2.753930 1.000000
-0.208607 0.374913 2.650608 0.000000
-0.194975 0.192769 2.863386 0.000000
-0.382938 -0.031364 2.735065 0.000000
-0.020424 -0.031920 2.715565 0.336538
-0.194058 -0.041414 2.867317 0.000000
-0.432700 0.047722 2.789852 1.000000
0.035322 0.053116 2.743937 1.000000
-0.423362 -0.245580 2.758020 1.000000
0.020204 -0.240612 2.719423 1.000000
-0.412492 -0.313518 2.746383 0.459135
0.007807 -0.307347 2.703244 0.762019
-0.302349 -0.559822 2.798073 1.000000
-0.076862 -0.561489 2.767014 1.000000
-0.305533 -0.974385 2.915923 1.000000
-0.068227 -0.969619 2.905277 1.000000
-0.315460 -1.018426 2.760731 0.000000
-0.070036 -1.021509 2.752218 0.000000
-0.208461 0.605344 2.754794 0.163462
-0.383263 0.324618 2.775789 1.000000
-0.018710 0.330297 2.758629 1.000000
-0.207038 0.375528 2.654564 0.000000
-0.194236 0.191222 2.865524 0.000000
-0.380828 -0.031251 2.747545 0.000000
-0.019481 -0.030034 2.712565 0.269231
-0.186429 -0.042607 2.871430 0.000000
-0.431480 0.045860 2.793149 1.000000
0.037064 0.052995 2.740999 1.000000
-0.418216 -0.248287 2.763815 1.000000
0.022753 -0.242193 2.726745 1.000000
-0.414654 -0.317031 2.752386 0.442308
0.009345 -0.307781 2.707062 0.661058
-0.300548 -0.559861 2.800163 1.000000
-0.079677 -0.560286 2.767718 1.000000
-0.306448 -0.975034 2.915738 1.000000
-0.066388 -0.967525 2.908223 1.000000
-0.322886 -1.017937 2.760781 0.000000
-0.075552 -1.020421 2.755774 0.000000
-0.203661 0.609297 2.743486 0.413462
-0.383790 0.322518 2.766712 1.000000
-0.018951 0.330629 2.759494 1.000000
-0.204627 0.371599 2.649094 0.000000
-0.196383 0.193043 2.865163 0.000000
-0.383082 -0.031924 2.735583 0.000000
-0.020107 -0.030073 2.729043 0.278846
-0.198981 -0.041229 2.874464 0.000000
-0.433540 0.045089 2.799560 1.000000
0.037380 0.053089 2.741945 1.000000
-0.421512 -0.249952 2.775657 1.000000
0.019954 -0.241824 2.720145 1.000000
-0.412966 -0.315102 2.752172 0.391827
0.015883 -0.311112 2.712960 0.711538
-0.305417 -0.559069 2.804142 1.000000
-0.079786 -0.561020 2.773854 1.000000
-0.304735 -0.973535 2.922374 1.000000
-0.064563 -0.970182 2.908448 1.000000
-0.309348 -1.017861 2.767015 0.000000
-0.062154 -1.020600 2.754907 0.019231
-0.228624 0.611292 2.746021 0.182692
-0.383054 0.321583 2.771096 1.000000
-0.018440 0.329091 2.756083 1.000000
-0.206363 0.369854 2.649472 0.000000
-0.193785 0.192260 2.866125 0.000000
-0.381090 -0.033353 2.751302 0.000000
-0.019657 -0.031489 2.717250 0.240385
-0.186984 -0.040798 2.875940 0.000000
-0.430708 0.043242 2.798889 1.000000
0.037752 0.051122 2.746934 1.000000
-0.418941 -0.252201 2.780573 1.000000
0.021855 -0.243926 2.725862 1.000000
-0.417377 -0.321625 2.773723 0.375000
0.009991 -0.311823 2.714983 0.762019
-0.304306 -0.561676 2.807167 1.000000
-0.078623 -0.561516 2.778554 1.000000
-0.303865 -0.976880 2.922783 1.000000
-0.065344 -0.972870 2.906507 1.000000
-0.320523 -1.020021 2.767915 0.000000
-0.075202 -1.021076 2.752554 0.000000
-0.214496 0.611908 2.733086 0.322115
-0.384184 0.325254 2.765522 1.000000
-0.019391 0.330610 2.754469 1.000000
-0.205894 0.370406 2.645038 0.000000
-0.196680 0.196698 2.864986 0.000000
-0.381397 -0.031938 2.749684 0.000000
-0.019142 -0.030948 2.725880 0.250000
-0.190916 -0.039088 2.879812 0.000000
-0.432515 0.048430 2.798651 1.000000
0.036750 0.053315 2.750716 1.000000
-0.419368 -0.245921 2.777369 1.000000
0.023487 -0.240823 2.726882 1.000000
-0.428211 -0.314510 2.768074 0.139423
0.013573 -0.309689 2.721569 0.762019
-0.307148 -0.560453 2.808464 1.000000
-0.077558 -0.560253 2.787928 1.000000
-0.302818 -0.975591 2.924235 1.000000
-0.063663 -0.975705 2.901804 1.000000
-0.315633 -1.018995 2.769075 0.000000
-0.070337 -1.018602 2.746118 0.000000
-0.212608 0.614205 2.714573 0.288462
-0.384755 0.323379 2.765632 1.000000
-0.020100 0.333501 2.753413 1.000000
-0.207453 0.370616 2.644492 0.000000
-0.195267 0.197503 2.864764 0.000000
-0.381042 -0.030455 2.752848 0.000000
-0.019535 -0.030409 2.719536 0.259615
-0.187217 -0.035482 2.878044 0.000000
-0.431441 0.045110 2.794780 1.000000
0.037881 0.055841 2.752485 1.000000
-0.418683 -0.250615 2.785502 1.000000
0.021366 -0.238882 2.728776 1.000000
-0.419490 -0.319958 2.777757 0.341346
0.012976 -0.308146 2.729839 0.795673
-0.305974 -0.559161 2.812218 1.000000
-0.075977 -0.558604 2.790980 1.000000
-0.302854 -0.975586 2.923312 1.000000
-0.066777 -0.974530 2.903596 1.000000
-0.319435 -1.017143 2.768003 0.000000
-0.077520 -1.016899 2.747994 0.000000
-0.219671 0.612689 2.715617 0.288462
-0.383234 0.322802 2.759857 1.000000
-0.018455 0.333702 2.753325 1.000000
-0.204135 0.369112 2.641025 0.000000
-0.195055 0.198532 2.863412 0.000000
-0.380296 -0.030247 2.748671 0.000000
-0.017876 -0.029849 2.727504 0.259615
-0.190775 -0.035133 2.880296 0.000000
-0.430949 0.044628 2.786935 1.000000
0.038537 0.055968 2.752231 1.000000
-0.417746 -0.251066 2.783314 1.000000
0.021957 -0.238864 2.731799 1.000000
-0.407775 -0.311746 2.750334 0.391827
0.017633 -0.308091 2.724181 0.762019
-0.304101 -0.558776 2.812092 1.000000
-0.077406 -0.559662 2.787054 1.000000
-0.306620 -0.975268 2.922948 1.000000
-0.064304 -0.974325 2.903861 1.000000
-0.317513 -1.016684 2.767100 0.000000
-0.069512 -1.018278 2.748414 0.000000
-0.205230 0.619977 2.691891 0.418269
-0.383089 0.321767 2.758314 1.000000
-0.018440 0.333454 2.747381 1.000000
-0.205524 0.367849 2.637114 0.000000
-0.193404 0.198473 2.860276 0.000000
-0.379745 -0.031064 2.749272 0.000000
-0.017490 -0.030610 2.725447 0.250000
-0.189263 -0.035787 2.879509 0.000000
-0.429843 0.043197 2.789886 1.000000
0.039751 0.055348 2.754549 1.000000
-0.417613 -0.253016 2.777241 1.000000
0.022596 -0.239889 2.730280 1.000000
-0.406106 -0.319823 2.760704 0.324519
0.016676 -0.309258 2.734970 0.778846
-0.304361 -0.559599 2.811667 1.000000
-0.078520 -0.560026 2.789937 1.000000
-0.304715 -0.975992 2.922923 1.000000
-0.063436 -0.975284 2.904367 1.000000
-0.316963 -1.017583 2.767222 0.000000
-0.070496 -1.018419 2.748764 0.000000
-0.204023 0.613460 2.692428 0.509615
-0.381266 0.320702 2.747809 1.000000
-0.016493 0.333487 2.746292 1.000000
-0.200669 0.364309 2.630226 0.000000
-0.193991 0.200807 2.857952 0.000000
-0.379500 -0.032451 2.748020 0.048077
-0.017041 -0.030325 2.727646 0.163462
-0.190249 -0.035627 2.880086 0.000000
-0.430337 0.042314 2.778859 1.000000
0.040637 0.054935 2.750022 1.000000
-0.416080 -0.254240 2.779107 1.000000
0.023370 -0.240867 2.731380 1.000000
-0.407253 -0.313170 2.742798 0.442308
0.013510 -0.309373 2.722507 0.610577
-0.303118 -0.560761 2.810640 1.000000
-0.075012 -0.560466 2.788062 1.000000
-0.306712 -0.977596 2.920172 1.000000
-0.065209 -0.975564 2.903642 1.000000
-0.317132 -1.018502 2.764157 0.000000
-0.069733 -1.018999 2.748029 0.000000
-0.196036 0.616291 2.671343 0.552885
-0.379892 0.318497 2.736754 1.000000
-0.015133 0.329225 2.744549 1.000000
-0.196007 0.358194 2.622944 0.000000
-0.196316 0.200319 2.854702 0.000000
-0.380031 -0.036359 2.744044 0.038462
-0.017183 -0.032631 2.732890 0.163462
-0.194192 -0.038076 2.880896 0.000000
-0.430993 0.041139 2.776404 1.000000
0.042683 0.050364 2.746249 1.000000
-0.416806 -0.255798 2.770456 1.000000
0.023523 -0.246056 2.733042 1.000000
-0.402826 -0.312476 2.732229 0.425481
0.020426 -0.315713 2.730326 0.661058
-0.301006 -0.564393 2.809416 1.000000
-0.075993 -0.563821 2.787587 1.000000
-0.302277 -0.980763 2.920751 1.000000
-0.067019 -0.978522 2.904649 1.000000
-0.308597 -1.022464 2.764726 0.000000
-0.067261 -1.022434 2.749104 0.000000
-0.213710 0.608258 2.669711 0.375000
-0.379933 0.317257 2.731548 1.000000
-0.015061 0.322981 2.723739 1.000000
-0.200459 0.345325 2.607677 0.000000
-0.193067 0.205655 2.850729 0.000000
-0.374574 -0.039608 2.757753 0.028846
-0.012639 -0.037736 2.729534 0.269231
-0.182520 -0.040151 2.885747 0.000000
-0.429047 0.038290 2.762356 1.000000
0.048096 0.045864 2.743729 1.000000
-0.417593 -0.258838 2.770816 1.000000
0.029657 -0.250787 2.731702 1.000000
-0.409294 -0.324813 2.749659 0.543269
0.019237 -0.316367 2.710260 0.677885
-0.302771 -0.569242 2.810385 1.000000
-0.069921 -0.568349 2.789731 1.000000
-0.305662 -0.985715 2.921302 1.000000
-0.068477 -0.983973 2.903818 1.000000
-0.320400 -1.027041 2.765746 0.000000
-0.075483 -1.026739 2.748111 0.000000
-0.216019 0.594734 2.610387 0.778846
-0.381069 0.311520 2.722419 1.000000
-0.016324 0.321312 2.712897 1.000000
-0.202342 0.334275 2.596399 0.000000
-0.192443 0.209677 2.847425 0.000000
-0.373328 -0.043660 2.766148 0.076923
-0.011732 -0.039084 2.734150 0.317308
-0.180000 -0.038820 2.892117 0.000000
-0.428622 0.033810 2.759712 1.000000
0.053165 0.047057 2.739902 1.000000
-0.413872 -0.262358 2.749277 1.000000
0.032399 -0.248594 2.725770 1.000000
-0.411841 -0.330183 2.765544 0.560096
0.018759 -0.313559 2.704264 1.000000
-0.301707 -0.574030 2.807981 1.000000
-0.066016 -0.570997 2.791528 1.000000
-0.302827 -0.990941 2.917275 1.000000
-0.066449 -0.987069 2.903981 1.000000
-0.319765 -1.031658 2.761783 0.000000
-0.074140 -1.029183 2.748130 0.000000
-0.213145 0.570025 2.562413 0.798077
-0.383472 0.301577 2.706937 1.000000
-0.019131 0.317759 2.692153 1.000000
-0.206457 0.313869 2.577104 0.000000
-0.191527 0.218155 2.840262 0.000000
-0.373781 -0.052662 2.769775 0.240385
-0.011186 -0.038540 2.758710 0.365385
-0.188461 -0.037431 2.906494 0.000000
-0.426439 0.024125 2.748630 1.000000
0.061217 0.048272 2.730674 1.000000
-0.404980 -0.271198 2.736967 1.000000
0.042992 -0.247262 2.718909 1.000000
-0.385585 -0.337908 2.730435 1.000000
0.032508 -0.314399 2.703042 0.913462
-0.298325 -0.581097 2.812467 1.000000
-0.060514 -0.573918 2.799608 1.000000
-0.303495 -0.998992 2.917815 1.000000
-0.067911 -0.993091 2.899611 1.000000
-0.310957 -1.038372 2.761239 0.000000
-0.065126 -1.030638 2.742433 0.000000
-0.211303 0.531366 2.479085 0.961538
-0.382518 0.287333 2.680486 1.000000
-0.018094 0.300363 2.664660 1.000000
-0.205297 0.285006 2.550372 0.000000
-0.191087 0.217803 2.822252 0.000000
-0.353504 -0.043188 2.809388 0.769231
0.007950 -0.048091 2.775869 0.307692
-0.159476 -0.025896 2.933169 0.000000
-0.427571 0.010939 2.739387 1.000000
0.063122 0.026578 2.683036 1.000000
-0.407686 -0.286749 2.723666 1.000000
0.060289 -0.272172 2.682784 1.000000
-0.398805 -0.355865 2.727290 0.627404
0.035883 -0.337523 2.684425 1.000000
-0.297860 -0.576542 2.813679 1.000000
-0.054870 -0.579394 2.804487 1.000000
-0.304678 -0.995939 2.912779 1.000000
-0.070114 -1.000604 2.894547 1.000000
-0.325742 -1.032465 2.756750 0.000000
-0.076803 -1.034137 2.736580 0.000000
-0.198253 0.411114 2.387971 0.918269
-0.367421 0.204941 2.638460 1.000000
-0.005199 0.245764 2.619644 1.000000
-0.186216 0.173334 2.518011 0.000000
-0.175743 0.208541 2.796017 0.000000
-0.354688 -0.096373 2.816151 0.817308
0.006893 -0.065752 2.805296 0.144231
-0.173165 -0.041201 2.947577 0.000000
-0.430129 -0.057423 2.739655 1.000000
0.069658 -0.028883 2.664058 1.000000
-0.391405 -0.354158 2.709246 1.000000
0.048109 -0.328136 2.642646 1.000000
-0.377586 -0.418750 2.731739 0.711538
0.034064 -0.395234 2.629620 0.778846
-0.299764 -0.614818 2.831691 1.000000
-0.043760 -0.602686 2.819987 1.000000
-0.300378 -1.038327 2.911700 1.000000
-0.074896 -1.025746 2.896222 1.000000
-0.314609 -1.068194 2.753498 0.000000
-0.069230 -1.054795 2.737329 0.000000
-0.195151 0.265586 2.322435 0.514423
-0.351520 0.145121 2.629963 1.000000
0.012754 0.167949 2.632875 1.000000
-0.164847 0.097878 2.523833 0.000000
-0.170284 0.149489 2.799411 0.000000
-0.350549 -0.172200 2.865998 1.000000
0.004605 -0.112449 2.820255 0.250000
-0.166732 -0.081015 2.971659 0.000000
-0.430006 -0.112449 2.727382 1.000000
0.065090 -0.113455 2.640929 1.000000
-0.378385 -0.404925 2.693294 1.000000
0.034686 -0.409902 2.617196 1.000000
-0.363343 -0.465049 2.725354 0.627404
0.017467 -0.477316 2.622484 0.257212
-0.308387 -0.667259 2.835540 1.000000
-0.038449 -0.647946 2.824775 1.000000
-0.254781 -1.083769 2.932530 0.959856
-0.102090 -1.064293 2.916243 0.834856
-0.305255 -1.124724 2.784551 0.000000
-0.104172 -1.098667 2.758329 0.000000
-0.213690 0.312056 2.352317 0.000000
-0.313630 0.015398 2.675205 1.000000
0.040153 0.083282 2.616430 1.000000
-0.140529 -0.018998 2.544075 0.009615
-0.111123 0.059454 2.811688 0.000000
-0.321825 -0.241897 2.901498 0.663462
0.036084 -0.190434 2.869115 0.038462
-0.141734 -0.145998 3.009377 0.000000
-0.421344 -0.243791 2.694298 1.000000
0.046372 -0.197555 2.601026 1.000000
-0.353331 -0.526884 2.655591 1.000000
0.019525 -0.487792 2.564875 1.000000
-0.345305 -0.591702 2.631030 0.105769
0.002103 -0.555314 2.562343 0.509615
-0.319428 -0.715423 2.826787 1.000000
-0.040816 -0.708592 2.811264 1.000000
-0.222054 -1.075503 3.042706 0.834856
-0.192900 -1.088023 2.947878 0.925481
-0.290823 -1.163953 2.926216 0.000000
-0.169876 -1.150306 2.800524 0.000000
-0.165815 0.218978 2.382292 0.057692
-0.118672 -0.075575 2.824329 1.000000
0.056286 0.028687 2.548040 1.000000
-0.111900 -0.091529 2.622898 0.000000
0.103914 -0.019396 2.786781 0.100962
-0.307309 -0.236245 2.906076 1.000000
0.038858 -0.317408 2.832744 0.057692
-0.092285 -0.198930 2.981176 0.000000
-0.344961 -0.153755 2.676961 1.000000
0.039905 -0.248733 2.590535 1.000000
-0.351278 -0.441327 2.618567 1.000000
0.003089 -0.537578 2.553653 1.000000
-0.349491 -0.508820 2.636188 0.661058
-0.002368 -0.607060 2.550263 0.425481
-0.324937 -0.743450 2.830806 1.000000
-0.011984 -0.789525 2.796078 1.000000
-0.263762 -1.065648 3.110462 0.119231
-0.283413 -1.071307 2.976873 0.991106
-0.319503 -1.170989 3.001289 0.000000
-0.220933 -1.189645 2.886236 0.000000
-0.083654 0.165478 2.502828 1.000000
-0.175533 -0.185565 2.738465 1.000000
-0.000571 0.032774 2.550119 1.000000
-0.102526 -0.161921 2.556520 0.000000
-0.012729 -0.033346 2.788987 0.000000
-0.296834 -0.368588 2.784545 0.346154
0.049357 -0.299135 2.868952 0.269231
-0.166569 -0.240651 2.925722 0.490385
-0.416238 -0.153015 2.596354 1.000000
0.028254 -0.245905 2.576580 1.000000
-0.297142 -0.416825 2.545966 1.000000
0.004539 -0.537732 2.552233 1.000000
-0.321443 -0.469573 2.584646 1.000000
-0.010012 -0.604993 2.540682 1.000000
-0.342915 -0.831750 2.853474 1.000000
-0.014210 -0.814756 2.828314 0.830769
-0.270520 -1.054673 3.215172 0.000000
-0.353295 -1.050454 2.951721 0.884856
-0.334078 -1.186526 3.146630 0.000000
-0.285953 -1.181806 2.885885 0.000000
-0.167329 0.118677 2.458071 1.000000
-0.100852 -0.175325 2.807227 1.000000
-0.075707 -0.020864 2.491493 1.000000
-0.183354 -0.167674 2.614786 0.000000
0.077239 -0.084347 2.676304 0.000000
-0.317880 -0.235558 2.755753 0.000000
-0.008816 -0.325545 2.587888 0.000000
-0.091320 -0.191543 2.756720 0.000000
-0.310812 -0.224003 2.625710 1.000000
0.023643 -0.275472 2.560091 1.000000
-0.357001 -0.514431 2.617776 1.000000
-0.012040 -0.566938 2.542237 1.000000
-0.345147 -0.582866 2.611052 1.000000
-0.026790 -0.634158 2.530704 1.000000
-0.344938 -0.727078 2.910432 0.703846
-0.040177 -0.787734 2.829326 0.253846
-0.277311 -1.030771 3.208690 0.000000
-0.397726 -0.986169 2.965498 1.000000
-0.379093 -1.129549 3.131191 0.000000
-0.316963 -1.125916 2.973916 0.000000
-0.355774 -0.008074 2.519640 1.000000
-0.031102 -0.262984 2.749411 1.000000
-0.065196 -0.000850 2.512500 1.000000
-0.144131 -0.192901 2.584806 0.000000
0.118541 -0.110494 2.638186 1.000000
-0.324719 -0.231257 2.714764 0.000000
-0.003578 -0.326491 2.574780 0.000000
-0.100898 -0.175119 2.719288 0.000000
-0.284656 -0.273468 2.626674 1.000000
0.045472 -0.259799 2.525217 1.000000
-0.361565 -0.557225 2.613254 1.000000
-0.009964 -0.546448 2.562260 1.000000
-0.354864 -0.626557 2.609109 1.000000
-0.024346 -0.614727 2.561846 1.000000
-0.369779 -0.706927 2.882771 0.715385
-0.052686 -0.775456 2.824399 0.238462
-0.284582 -1.002058 3.185097 0.000000
-0.415223 -0.974019 2.946470 1.000000
-0.388807 -1.103845 3.115103 0.000000
-0.335397 -1.114271 2.955407 0.000000
-0.331079 -0.057099 2.541891 1.000000
0.044711 -0.363375 2.743846 1.000000
0.075659 -0.082705 2.515687 1.000000
-0.056162 -0.192314 2.653350 0.163462
0.170138 -0.311082 2.537943 0.721154
-0.224280 -0.161001 2.811198 0.000000
-0.104384 -0.363130 2.534494 0.019231
-0.033119 -0.209529 2.691323 0.000000
-0.201560 -0.304894 2.619533 1.000000
0.038084 -0.362170 2.518860 1.000000
-0.362401 -0.551442 2.614827 1.000000
-0.031517 -0.644097 2.567342 1.000000
-0.354860 -0.620647 2.610049 1.000000
-0.043338 -0.712090 2.557031 1.000000
-0.350321 -0.675607 2.888051 1.000000
-0.052113 -0.782408 2.830411 0.253846
-0.288558 -0.991830 3.174320 0.000000
-0.410311 -0.992299 2.946174 1.000000
-0.420651 -1.067182 3.119582 0.000000
-0.322144 -1.122864 2.982254 0.000000
-0.143670 -0.054494 2.540842 1.000000
-0.378269 -0.677801 2.731295 1.000000
-0.180389 -0.542236 2.456176 1.000000
-0.176393 -0.644246 2.650908 0.927885
-0.397031 -0.493021 2.566728 0.000000
-0.036287 -0.564339 2.631322 0.000000
-0.192910 -0.249305 2.541770 0.000000
-0.189894 -0.473053 2.485243 0.000000
-0.243587 -0.474422 2.873529 1.000000
-0.247550 -0.775810 2.312422 0.000000
-0.336369 -0.202713 2.806658 1.000000
-0.248590 -0.848014 2.598239 0.000000
-0.348286 -0.166224 2.748386 1.000000
-0.223945 -0.911300 2.614258 0.021635
-0.306291 -0.831253 2.899275 0.919231
-0.437822 -0.731374 2.626617 0.303846
-0.275283 -1.239837 3.032912 0.778606
-0.067479 -0.920513 2.739900 0.547356
-0.273940 -1.189502 3.186493 0.000000
-0.140687 -1.064602 2.738660 0.000000
-0.095507 -0.428122 2.626316 1.000000
-0.307897 -0.649403 2.828337 1.000000
-0.243514 -0.486384 2.520954 1.000000
-0.160796 -0.610754 2.669561 0.000000
-0.380508 -0.442013 2.713032 0.519231
-0.088664 -0.624877 2.521442 0.000000
-0.135899 -0.331372 2.729818 0.528846
-0.253584 -0.494913 2.617247 0.000000
-0.248262 -0.377145 2.874622 1.000000
-0.389114 -0.692533 2.394321 0.000000
-0.148906 -0.119216 2.771643 1.000000
-0.284523 -0.819568 2.638920 0.000000
-0.150331 -0.117041 2.701913 1.000000
-0.263182 -0.885935 2.635901 0.000000
-0.097954 -0.693766 3.086329 0.000000
0.257458 -0.675718 2.794293 0.157692
-0.207832 -1.079165 2.927725 0.722356
-0.120757 -0.825363 2.651744 0.162981
-0.214096 -1.139097 3.077697 0.000000
-0.053683 -0.970090 2.625710 0.000000
-0.022564 -0.472646 2.644241 1.000000
-0.394183 0.109257 2.638443 1.000000
-0.034238 0.163957 2.612508 1.000000
-0.216906 0.099018 2.508788 0.000000
-0.196789 0.099256 2.788487 0.000000
-0.361401 -0.189977 2.814018 0.259615
0.001097 -0.186920 2.833571 0.086538
-0.187779 -0.139891 2.957594 0.000000
-0.386688 -0.168233 2.683730 1.000000
0.044025 -0.104197 2.642881 1.000000
-0.359990 -0.460410 2.671710 1.000000
0.025013 -0.396864 2.649390 1.000000
-0.327502 -0.521859 2.677837 0.560096
0.002124 -0.462533 2.643673 0.997596
-0.294024 -0.713936 2.905828 1.000000
-0.063096 -0.713877 2.896236 1.000000
-0.248515 -1.052568 3.168543 0.944231
-0.076621 -1.071118 3.136979 0.678606
-0.262403 -1.152434 3.042224 0.000000
-0.056109 -1.161244 3.004393 0.000000
-0.223566 0.274415 2.349600 1.000000
-0.377228 0.145716 2.632628 1.000000
-0.012536 0.157971 2.623998 1.000000
-0.196296 0.112216 2.512280 0.000000
-0.189803 0.116388 2.792595 0.000000
-0.354105 -0.158190 2.832299 0.384615
0.007844 -0.177537 2.852681 0.163462
-0.177034 -0.105777 2.970742 0.000000
-0.392341 -0.129349 2.693882 1.000000
0.055785 -0.113753 2.655642 1.000000
-0.360496 -0.422201 2.688412 1.000000
0.018449 -0.405747 2.656548 1.000000
-0.327621 -0.483738 2.689666 0.661058
-0.009299 -0.469693 2.659725 0.677885
-0.294884 -0.686471 2.867689 1.000000
-0.050942 -0.690732 2.841896 1.000000
-0.293855 -1.057894 3.086332 0.669231
-0.076689 -1.053319 3.073475 0.322356
-0.300366 -1.139832 2.947169 0.000000
-0.048250 -1.140388 2.940311 0.000000
-0.173574 0.301280 2.362852 1.000000
-0.380114 0.212510 2.665473 1.000000
-0.016389 0.222273 2.636596 1.000000
-0.206838 0.186897 2.532576 0.000000
-0.184217 0.169259 2.811527 0.000000
-0.357839 -0.082112 2.862954 0.461538
0.004469 -0.104904 2.859754 0.125000
-0.171720 -0.032671 2.990166 0.000000
-0.395127 -0.064077 2.707413 1.000000
0.058470 -0.043923 2.680415 1.000000
-0.354302 -0.353397 2.720567 1.000000
0.012072 -0.331048 2.709454 1.000000
-0.322833 -0.413572 2.736624 0.459135
-0.002869 -0.398959 2.703629 0.778846
-0.286132 -0.608669 2.848474 1.000000
-0.049271 -0.613091 2.828438 1.000000
-0.299741 -1.037586 2.888551 1.000000
-0.085673 -1.027920 2.939581 0.784856
-0.302616 -1.052529 2.727643 0.000000
-0.063121 -1.071182 2.785496 0.000000
-0.222836 0.414806 2.443404 1.000000
-0.383243 0.258203 2.690716 1.000000
-0.018928 0.273353 2.674291 1.000000
-0.205900 0.249847 2.561016 0.000000
-0.191356 0.198590 2.836330 0.000000
-0.368437 -0.067107 2.847141 0.009615
-0.005584 -0.059117 2.838762 0.250000
-0.185029 -0.013135 2.976431 0.000000
-0.407544 -0.015508 2.726660 1.000000
0.063730 0.013233 2.721555 1.000000
-0.356964 -0.300017 2.741010 1.000000
0.019287 -0.272369 2.730883 1.000000
-0.338392 -0.366697 2.732175 0.375000
-0.007172 -0.336214 2.721246 1.000000
-0.289138 -0.589372 2.828701 1.000000
-0.061225 -0.584972 2.829391 1.000000
-0.309177 -1.010578 2.917838 1.000000
-0.070529 -1.007963 2.911567 0.834856
-0.316169 -1.043691 2.759795 0.000000
-0.063392 -1.038908 2.753092 0.000000
-0.206198 0.504023 2.521068 1.000000
-0.383494 0.286198 2.711987 1.000000
-0.018919 0.290892 2.695006 1.000000
-0.206866 0.285136 2.581053 0.000000
-0.193332 0.205876 2.849700 0.000000
-0.369360 -0.054252 2.831185 0.057692
-0.006683 -0.045316 2.817686 0.307692
-0.183838 -0.012038 2.961826 0.000000
-0.407234 0.013135 2.737338 1.000000
0.058885 0.031543 2.743955 1.000000
-0.373941 -0.272300 2.735132 1.000000
0.020864 -0.253144 2.738418 1.000000
-0.347202 -0.335678 2.723411 0.930288
-0.014047 -0.312649 2.727956 1.000000
-0.293513 -0.581305 2.826422 1.000000
-0.061404 -0.576379 2.823539 1.000000
-0.314196 -1.005580 2.899389 1.000000
-0.068628 -1.000042 2.902397 0.875481
-0.323169 -1.032507 2.740276 0.000000
-0.065561 -1.029663 2.743539 0.000000
-0.209733 0.540535 2.567732 1.000000
-0.384368 0.299341 2.727610 1.000000
-0.019534 0.306014 2.718829 1.000000
-0.205012 0.308894 2.600794 0.000000
-0.196878 0.208787 2.862612 0.000000
-0.371155 -0.048230 2.826448 0.019231
-0.009126 -0.038970 2.801031 0.346154
-0.180853 -0.021186 2.954202 0.000000
-0.419083 0.027999 2.744306 1.000000
0.055748 0.044829 2.753159 1.000000
-0.380227 -0.255145 2.730604 1.000000
0.016459 -0.238455 2.748345 1.000000
-0.365644 -0.322596 2.720269 0.930288
0.004103 -0.306547 2.739410 0.980769
-0.295812 -0.578399 2.821083 1.000000
-0.065610 -0.573653 2.821832 1.000000
-0.306953 -1.002824 2.895250 1.000000
-0.071492 -0.997828 2.898005 1.000000
-0.321381 -1.030167 2.736609 0.000000
-0.075823 -1.026327 2.738972 0.000000
-0.201124 0.565647 2.618934 0.903846
-0.391262 0.312494 2.766072 1.000000
-0.026500 0.321057 2.756057 1.000000
-0.212659 0.336181 2.640047 0.000000
-0.202811 0.208381 2.889459 0.000000
-0.374491 -0.045952 2.808116 0.163462
-0.012054 -0.033348 2.791464 0.298077
-0.187094 -0.029616 2.941844 0.000000
-0.425133 0.041039 2.742997 1.000000
0.040592 0.055655 2.775911 1.000000
-0.414205 -0.243792 2.712996 1.000000
0.022065 -0.228644 2.745221 1.000000
-0.389497 -0.308163 2.702270 1.000000
0.000204 -0.294747 2.749858 0.661058
-0.300104 -0.576456 2.810708 1.000000
-0.073759 -0.570207 2.820765 1.000000
-0.310455 -0.996107 2.908416 1.000000
-0.069105 -0.995118 2.892806 1.000000
-0.321646 -1.032409 2.751318 0.000000
-0.072727 -1.022167 2.733502 0.000000
-0.209775 0.594126 2.666508 0.812500
-0.394253 0.319679 2.765832 1.000000
-0.029370 0.323099 2.774414 1.000000
-0.209143 0.340492 2.649028 0.000000
-0.213827 0.213296 2.898899 0.000000
-0.380423 -0.037812 2.795959 0.817308
-0.017460 -0.036792 2.788677 0.230769
-0.196107 -0.029912 2.934641 0.000000
-0.435054 0.047064 2.747630 1.000000
0.034013 0.054403 2.782909 1.000000
-0.431312 -0.237677 2.701917 1.000000
0.023897 -0.231498 2.746729 1.000000
-0.412327 -0.304382 2.694230 0.879808
-0.005192 -0.291522 2.726233 1.000000
-0.308182 -0.571802 2.805744 1.000000
-0.080565 -0.570061 2.821023 1.000000
-0.306314 -0.990227 2.909077 1.000000
-0.068652 -0.994683 2.893928 1.000000
-0.314500 -1.028962 2.752376 0.000000
-0.068963 -1.022042 2.734636 0.000000
-0.216416 0.606374 2.688411 0.625000
