-0.473131 0.219044 2.515552 1.000000
-0.114476 0.240559 2.493109 1.000000
-0.302333 0.275113 2.411468 0.000000
-0.280377 0.100379 2.594824 0.000000
-0.487738 -0.131924 2.477069 0.961538
-0.060751 -0.099159 2.471078 0.865385
-0.274228 -0.094027 2.592937 0.000000
-0.533068 -0.047546 2.506063 1.000000
-0.022325 -0.015388 2.520527 1.000000
-0.515908 -0.326357 2.430063 1.000000
0.008648 -0.291779 2.440184 1.000000
-0.523100 -0.390170 2.405637 0.139423
0.023687 -0.356809 2.423896 0.526442
-0.363606 -0.622986 2.541782 1.000000
-0.129118 -0.607848 2.526207 1.000000
-0.353537 -1.011020 2.620165 1.000000
-0.140776 -0.985338 2.645293 1.000000
-0.355030 -1.044172 2.456240 0.000000
-0.131827 -1.035835 2.486100 0.153846
-0.304489 0.523572 2.395144 1.000000
-0.466862 0.221153 2.515421 1.000000
-0.107847 0.240576 2.497225 1.000000
-0.294555 0.277456 2.413982 0.000000
-0.275778 0.100170 2.595230 0.000000
-0.483829 -0.133132 2.490087 0.980769
-0.057748 -0.096510 2.466819 1.000000
-0.266019 -0.094703 2.597465 0.000000
-0.530097 -0.045400 2.508357 1.000000
-0.017124 -0.017341 2.515856 1.000000
-0.515860 -0.326158 2.436475 1.000000
0.011859 -0.295676 2.439147 1.000000
-0.516469 -0.390847 2.413337 0.139423
0.019196 -0.362902 2.427012 0.694712
-0.363081 -0.623532 2.544578 1.000000
-0.129966 -0.607095 2.524480 1.000000
-0.356180 -1.012392 2.619121 1.000000
-0.128662 -0.988627 2.630534 1.000000
-0.364517 -1.043983 2.455093 0.000000
-0.129844 -1.033422 2.469398 0.038462
-0.302041 0.517907 2.382686 1.000000
-0.466028 0.220136 2.510502 1.000000
-0.106786 0.240914 2.499838 1.000000
-0.291848 0.277161 2.412732 0.000000
-0.276203 0.099804 2.594208 0.000000
-0.482275 -0.135052 2.485221 0.884615
-0.055956 -0.096539 2.471204 0.932692
-0.266975 -0.096116 2.597374 0.000000
-0.528492 -0.046975 2.504554 1.000000
-0.016118 -0.017346 2.518991 1.000000
-0.512809 -0.326816 2.428090 1.000000
0.012313 -0.295274 2.439298 1.000000
-0.524203 -0.393319 2.415132 0.173077
0.021627 -0.358610 2.414354 0.728365
-0.360246 -0.624538 2.545559 1.000000
-0.129097 -0.607825 2.525506 1.000000
-0.360063 -1.013865 2.617954 1.000000
-0.137870 -0.985541 2.644122 1.000000
-0.364138 -1.044433 2.453572 0.000000
-0.133490 -1.035726 2.484639 0.230769
-0.296111 0.518195 2.382401 1.000000
-0.466727 0.218756 2.513753 1.000000
-0.107890 0.240193 2.494353 1.000000
-0.295064 0.275532 2.411490 0.000000
-0.274691 0.099324 2.593614 0.000000
-0.480956 -0.133413 2.481587 0.692308
-0.054474 -0.094761 2.474711 1.000000
-0.267575 -0.094427 2.597333 0.000000
-0.528615 -0.048673 2.504090 1.000000
-0.016502 -0.017634 2.519168 1.000000
-0.509910 -0.327267 2.422763 1.000000
0.014585 -0.292830 2.430400 1.000000
-0.515158 -0.393632 2.405774 0.088942
0.014092 -0.361020 2.422021 0.627404
-0.362067 -0.623049 2.541872 1.000000
-0.129039 -0.606272 2.526304 1.000000
-0.355604 -1.011720 2.617427 1.000000
-0.136720 -0.985419 2.640341 1.000000
-0.357579 -1.043664 2.453268 0.000000
-0.130470 -1.033674 2.480325 0.211538
-0.296962 0.519135 2.385461 1.000000
-0.463791 0.220734 2.510441 1.000000
-0.104589 0.239629 2.495716 1.000000
-0.290409 0.276140 2.410350 0.000000
-0.273661 0.100093 2.592999 0.000000
-0.477595 -0.134784 2.474458 0.778846
-0.051288 -0.094077 2.480193 0.942308
-0.267975 -0.094195 2.596361 0.000000
-0.525149 -0.046787 2.505288 1.000000
-0.015296 -0.019345 2.513560 1.000000
-0.506305 -0.321556 2.412376 1.000000
0.012418 -0.290647 2.412999 1.000000
-0.518585 -0.388017 2.400024 0.122596
0.014756 -0.359299 2.411655 0.509615
-0.360493 -0.623162 2.543017 1.000000
-0.126512 -0.606570 2.523578 1.000000
-0.356225 -1.012097 2.617361 1.000000
-0.140563 -0.983713 2.643503 1.000000
-0.352919 -1.043457 2.453110 0.000000
-0.128397 -1.034672 2.484670 0.168269
-0.293378 0.519520 2.383666 1.000000
-0.462235 0.218351 2.508024 1.000000
-0.103133 0.237936 2.491840 1.000000
-0.289332 0.272993 2.406691 0.000000
-0.271530 0.099148 2.591338 0.000000
-0.475881 -0.133287 2.479538 0.846154
-0.049153 -0.097374 2.473130 0.913462
-0.262526 -0.094007 2.595232 0.000000
-0.524006 -0.049179 2.497048 1.000000
-0.012042 -0.020707 2.509572 1.000000
-0.499743 -0.324379 2.405783 1.000000
0.011562 -0.291961 2.407019 1.000000
-0.507147 -0.390341 2.388045 0.122596
0.008450 -0.360559 2.409271 0.425481
-0.362125 -0.623576 2.539766 1.000000
-0.125911 -0.607929 2.527742 1.000000
-0.353809 -1.011420 2.619287 1.000000
-0.136306 -0.987160 2.641285 1.000000
-0.356498 -1.045064 2.455478 0.000000
-0.130042 -1.035255 2.481222 0.153846
-0.292682 0.516647 2.377669 1.000000
-0.460192 0.215992 2.484757 1.000000
-0.101127 0.240007 2.494527 1.000000
-0.280734 0.268022 2.393999 0.000000
-0.275040 0.103920 2.588091 0.000000
-0.474199 -0.137958 2.468605 1.000000
-0.048109 -0.098503 2.486453 0.903846
-0.268150 -0.096318 2.596114 0.000000
-0.522449 -0.051623 2.493894 1.000000
-0.010696 -0.019541 2.500412 1.000000
-0.495138 -0.326094 2.400889 1.000000
0.010040 -0.293870 2.405315 1.000000
-0.507621 -0.390885 2.381742 0.055288
0.004228 -0.359975 2.387516 0.560096
-0.358618 -0.626804 2.539813 1.000000
-0.124125 -0.610485 2.527540 1.000000
-0.356272 -1.014147 2.622127 1.000000
-0.127139 -0.992736 2.630938 1.000000
-0.348778 -1.048834 2.458685 0.000000
-0.113081 -1.036356 2.470090 0.115385
-0.291971 0.518611 2.366933 1.000000
-0.460299 0.216740 2.471854 1.000000
-0.100759 0.234907 2.470601 1.000000
-0.282457 0.257159 2.372416 0.000000
-0.274343 0.110926 2.580223 0.000000
-0.469798 -0.137112 2.470471 0.903846
-0.043832 -0.099623 2.494443 0.817308
-0.265623 -0.093688 2.600375 0.000000
-0.517822 -0.052250 2.470550 1.000000
-0.010899 -0.025051 2.474222 1.000000
-0.495345 -0.333182 2.397050 1.000000
0.004626 -0.303533 2.390337 1.000000
-0.501630 -0.396168 2.370336 0.156250
-0.001524 -0.370649 2.376993 0.425481
-0.356834 -0.626207 2.544926 1.000000
-0.121309 -0.610911 2.533576 1.000000
-0.356274 -1.015454 2.617745 1.000000
-0.139583 -0.992404 2.638196 1.000000
-0.346254 -1.046140 2.453640 0.000000
-0.121463 -1.037184 2.478074 0.211538
-0.288198 0.504772 2.323923 1.000000
-0.461215 0.212868 2.458863 1.000000
-0.101839 0.233086 2.452530 1.000000
-0.284689 0.247653 2.355046 0.000000
-0.273439 0.115631 2.572019 0.000000
-0.468739 -0.135970 2.486766 0.807692
-0.042085 -0.100654 2.498846 0.701923
-0.260850 -0.092969 2.610787 0.000000
-0.499288 -0.059047 2.439740 1.000000
-0.023216 -0.030408 2.440596 1.000000
-0.491357 -0.344907 2.383624 1.000000
-0.003973 -0.314117 2.376825 1.000000
-0.491108 -0.411716 2.367594 0.122596
-0.017434 -0.381423 2.373796 0.745192
-0.357522 -0.626407 2.550305 1.000000
-0.120770 -0.611149 2.544579 1.000000
-0.353628 -1.016921 2.615874 1.000000
-0.138216 -0.996595 2.633702 1.000000
-0.348921 -1.044559 2.450990 0.000000
-0.125978 -1.034697 2.471310 0.134615
-0.287532 0.489269 2.289055 1.000000
-0.463205 0.203584 2.444425 1.000000
-0.104564 0.227780 2.424643 1.000000
-0.290728 0.233866 2.332691 0.000000
-0.270405 0.116059 2.557061 0.000000
-0.465797 -0.131627 2.504699 0.778846
-0.038345 -0.105137 2.501387 0.500000
-0.253044 -0.088057 2.619966 0.000000
-0.487819 -0.071036 2.425892 1.000000
-0.032140 -0.038904 2.424507 1.000000
-0.487419 -0.357719 2.367357 1.000000
-0.018655 -0.323531 2.358025 1.000000
-0.477024 -0.423048 2.348796 0.324519
-0.028453 -0.391187 2.351165 0.879808
-0.358393 -0.624549 2.558167 1.000000
-0.117857 -0.612155 2.556917 1.000000
-0.356557 -1.016758 2.612801 1.000000
-0.135948 -0.998683 2.641088 1.000000
-0.358500 -1.039840 2.447163 0.000000
-0.129908 -1.034516 2.477833 0.192308
-0.287307 0.458329 2.235798 1.000000
-0.463151 0.179139 2.401752 1.000000
-0.104126 0.202207 2.388749 1.000000
-0.287254 0.188556 2.291656 0.000000
-0.273836 0.117021 2.535246 0.000000
-0.460139 -0.142540 2.508963 1.000000
-0.032658 -0.117484 2.516710 0.423077
-0.251112 -0.084098 2.624466 0.000000
-0.479157 -0.099064 2.385481 1.000000
-0.048967 -0.071262 2.379221 1.000000
-0.470856 -0.391242 2.341683 1.000000
-0.050214 -0.361278 2.322270 1.000000
-0.476327 -0.456739 2.321669 0.408654
-0.052344 -0.419897 2.286498 0.930288
-0.365007 -0.631380 2.571447 1.000000
-0.117726 -0.620295 2.581281 1.000000
-0.355115 -1.025343 2.610316 1.000000
-0.128107 -1.014085 2.621741 1.000000
-0.354234 -1.041742 2.443874 0.000000
-0.121945 -1.031329 2.455496 0.201923
-0.283319 0.400671 2.157716 1.000000
-0.464423 0.151708 2.383451 1.000000
-0.105858 0.175680 2.362099 1.000000
-0.290323 0.149813 2.270160 0.000000
-0.272545 0.106471 2.520038 0.000000
-0.458096 -0.147928 2.526632 1.000000
-0.030147 -0.135408 2.515189 0.259615
-0.242820 -0.087500 2.628871 0.000000
-0.473946 -0.128911 2.368632 1.000000
-0.055400 -0.100927 2.361690 1.000000
-0.455262 -0.419499 2.306650 1.000000
-0.067545 -0.390825 2.295028 1.000000
-0.453765 -0.487313 2.317576 0.375000
-0.090376 -0.447207 2.263089 1.000000
-0.367911 -0.637373 2.581026 1.000000
-0.113934 -0.631246 2.594225 0.965385
-0.343496 -1.031206 2.614419 1.000000
-0.130075 -1.026526 2.611787 1.000000
-0.352975 -1.045897 2.448086 0.000000
-0.131780 -1.033880 2.444708 0.000000
-0.282976 0.347064 2.114030 1.000000
-0.464132 0.120511 2.349929 1.000000
-0.104905 0.139795 2.336366 1.000000
-0.286516 0.098041 2.244586 0.000000
-0.277048 0.100344 2.498631 0.000000
-0.463434 -0.163959 2.530224 0.230769
-0.035417 -0.149929 2.524622 0.769231
-0.250278 -0.090621 2.628378 0.000000
-0.443823 -0.162903 2.344508 1.000000
-0.066258 -0.141687 2.330091 1.000000
-0.446224 -0.458445 2.287979 1.000000
-0.092364 -0.435818 2.272198 1.000000
-0.433065 -0.522669 2.267422 0.795673
-0.117349 -0.490366 2.238721 1.000000
-0.369331 -0.647405 2.591650 1.000000
-0.116919 -0.640529 2.603036 0.692308
-0.342960 -1.041997 2.612085 1.000000
-0.134905 -1.035908 2.615980 1.000000
-0.349446 -1.051073 2.445207 0.000000
-0.133750 -1.041433 2.448826 0.110577
-0.283686 0.302555 2.073170 1.000000
-0.458640 0.075570 2.304358 1.000000
-0.099002 0.084467 2.317800 1.000000
-0.274216 0.034225 2.218175 0.000000
-0.284549 0.072539 2.469291 0.000000
-0.482030 -0.200006 2.537578 0.163462
-0.055378 -0.166319 2.521428 0.375000
-0.271818 -0.101201 2.618182 0.000000
-0.444713 -0.211968 2.307202 1.000000
-0.083165 -0.202664 2.304175 1.000000
-0.421288 -0.513113 2.266207 1.000000
-0.122841 -0.499181 2.245683 1.000000
-0.421574 -0.575214 2.236816 0.778846
-0.139672 -0.560567 2.219820 1.000000
-0.367225 -0.667741 2.600059 1.000000
-0.097731 -0.646097 2.629365 0.580769
-0.343763 -1.063027 2.603865 1.000000
-0.156492 -1.037176 2.608857 1.000000
-0.352180 -1.065135 2.436840 0.000000
-0.143311 -1.030420 2.442264 0.264423
-0.284041 0.214471 2.020811 1.000000
-0.457499 0.032323 2.279704 1.000000
-0.098837 0.047395 2.306802 1.000000
-0.269243 -0.013199 2.204627 0.000000
-0.290320 0.045066 2.451192 0.000000
-0.485634 -0.225167 2.533576 0.057692
-0.059070 -0.186847 2.531934 0.230769
-0.279887 -0.118567 2.615754 0.000000
-0.438537 -0.256698 2.294870 1.000000
-0.090053 -0.241730 2.285531 1.000000
-0.408203 -0.560177 2.258945 1.000000
-0.134295 -0.542098 2.239359 1.000000
-0.406443 -0.624768 2.235593 0.526442
-0.151947 -0.605443 2.219455 1.000000
-0.366325 -0.686849 2.603772 1.000000
-0.097947 -0.663071 2.622544 0.630769
-0.343490 -1.082085 2.594702 1.000000
-0.156022 -1.054707 2.614528 1.000000
-0.345523 -1.078366 2.427506 0.000000
-0.135396 -1.054368 2.448555 0.000000
-0.297514 0.141444 1.993616 1.000000
-0.455603 -0.002732 2.264424 1.000000
-0.097181 0.013184 2.294091 1.000000
-0.266756 -0.053419 2.194303 0.000000
-0.290080 0.020565 2.436410 0.000000
-0.486824 -0.240481 2.523588 0.009615
-0.059637 -0.211143 2.532392 0.115385
-0.281165 -0.133567 2.605574 0.000000
-0.427529 -0.292779 2.279252 1.000000
-0.097824 -0.278081 2.276800 1.000000
-0.393500 -0.597487 2.241299 1.000000
-0.143271 -0.581930 2.244302 1.000000
-0.393702 -0.665870 2.234653 0.745192
-0.159102 -0.642745 2.216528 1.000000
-0.361689 -0.700429 2.608677 1.000000
-0.099857 -0.679875 2.620498 0.611538
-0.355329 -1.095806 2.587399 1.000000
-0.149272 -1.072669 2.611143 1.000000
-0.352011 -1.086767 2.420426 0.000000
-0.126654 -1.071567 2.445433 0.000000
-0.308780 0.076617 1.979412 1.000000
-0.453567 -0.050582 2.260260 1.000000
-0.095028 -0.026405 2.281822 1.000000
-0.265147 -0.100606 2.188532 0.000000
-0.285194 -0.016554 2.427628 0.000000
-0.493843 -0.272544 2.506679 0.000000
-0.067323 -0.242558 2.531369 0.000000
-0.291511 -0.159508 2.588735 0.000000
-0.417377 -0.341962 2.270299 1.000000
-0.101717 -0.319689 2.265934 1.000000
-0.378331 -0.649224 2.241460 1.000000
-0.150869 -0.626294 2.247403 1.000000
-0.371866 -0.717388 2.235777 0.812500
-0.168180 -0.690441 2.229913 1.000000
-0.378871 -0.725603 2.604426 1.000000
-0.099761 -0.702381 2.620153 0.480769
-0.348048 -1.119250 2.574293 1.000000
-0.142636 -1.095808 2.606263 1.000000
-0.339998 -1.105873 2.407774 0.000000
-0.112040 -1.093337 2.441854 0.000000
-0.312222 0.011822 1.970536 1.000000
-0.450772 -0.070332 2.259516 1.000000
-0.091625 -0.051892 2.276046 1.000000
-0.264189 -0.124020 2.185667 0.000000
-0.279603 -0.037751 2.424316 0.000000
-0.496652 -0.273330 2.515131 0.000000
-0.068405 -0.277024 2.519439 0.000000
-0.282391 -0.177047 2.587726 0.000000
-0.414011 -0.362799 2.264886 1.000000
-0.103366 -0.346192 2.263115 1.000000
-0.368326 -0.670517 2.239057 1.000000
-0.155933 -0.653086 2.240832 1.000000
-0.375114 -0.738655 2.233445 0.543269
-0.170898 -0.718623 2.226641 0.930288
-0.375605 -0.736382 2.610245 1.000000
-0.100964 -0.727199 2.615019 0.473077
-0.344899 -1.128809 2.566953 1.000000
-0.133342 -1.121774 2.606164 1.000000
-0.345205 -1.110493 2.400709 0.000000
-0.114471 -1.119593 2.439996 0.000000
-0.302788 -0.007367 1.969978 1.000000
-0.448527 -0.086046 2.260241 1.000000
-0.089498 -0.064875 2.276034 1.000000
-0.261781 -0.135036 2.183592 0.000000
-0.276945 -0.058329 2.425501 0.000000
-0.502684 -0.288587 2.514161 0.000000
-0.074420 -0.286247 2.510673 0.000000
-0.288527 -0.188565 2.581841 0.000000
-0.409971 -0.378898 2.260611 1.000000
-0.104414 -0.359468 2.260484 1.000000
-0.363173 -0.686870 2.232697 1.000000
-0.158807 -0.666530 2.236606 1.000000
-0.369398 -0.754962 2.239417 0.661058
-0.173025 -0.732653 2.224521 0.795673
-0.368949 -0.748856 2.609253 1.000000
-0.100751 -0.736335 2.609746 0.453846
-0.342363 -1.140925 2.560354 1.000000
-0.130445 -1.131204 2.606208 0.997356
-0.345379 -1.120430 2.394392 0.000000
-0.114155 -1.130937 2.439754 0.000000
-0.310474 -0.026728 1.964700 1.000000
-0.447059 -0.088232 2.259771 1.000000
-0.088407 -0.060924 2.274697 1.000000
-0.259731 -0.133102 2.182026 0.000000
-0.275454 -0.059286 2.424797 0.000000
-0.514807 -0.305416 2.494190 0.000000
-0.087032 -0.286190 2.502296 0.134615
-0.306642 -0.198647 2.569793 0.000000
-0.410123 -0.381348 2.252243 1.000000
-0.103680 -0.355438 2.255563 1.000000
-0.360977 -0.689505 2.229036 1.000000
-0.157924 -0.662393 2.228161 1.000000
-0.365299 -0.756527 2.243522 0.408654
-0.178399 -0.727761 2.222854 0.963942
-0.362238 -0.760981 2.610069 1.000000
-0.101436 -0.739555 2.607135 0.530769
-0.353747 -1.154815 2.569585 0.994231
-0.124613 -1.134866 2.604375 0.944231
-0.350383 -1.137644 2.403253 0.000000
-0.102070 -1.135031 2.438651 0.000000
-0.310470 -0.026411 1.962968 1.000000
-0.447544 -0.080511 2.257036 1.000000
-0.088960 -0.051758 2.270852 1.000000
-0.260330 -0.123651 2.178046 0.000000
-0.275410 -0.052667 2.421700 0.000000
-0.516784 -0.306705 2.477484 0.000000
-0.090764 -0.283409 2.514788 0.067308
-0.315408 -0.199818 2.569523 0.000000
-0.409240 -0.372989 2.249837 1.000000
-0.103765 -0.346007 2.254702 1.000000
-0.356885 -0.678648 2.211917 1.000000
-0.153981 -0.652973 2.225436 1.000000
-0.361397 -0.746404 2.222365 0.391827
-0.175094 -0.708278 2.190565 0.795673
-0.363458 -0.762006 2.609178 1.000000
-0.101383 -0.737971 2.603416 0.580769
-0.358430 -1.156775 2.578395 1.000000
-0.122934 -1.133365 2.599541 0.956731
-0.342525 -1.143630 2.412422 0.000000
-0.085435 -1.133811 2.436549 0.000000
-0.311570 -0.014112 1.961314 1.000000
-0.450227 -0.071874 2.256828 1.000000
-0.091483 -0.045029 2.270320 1.000000
-0.263317 -0.116004 2.177666 0.000000
-0.277798 -0.044954 2.421337 0.000000
-0.515696 -0.295699 2.471771 0.000000
-0.090410 -0.281261 2.520261 0.125000
-0.314817 -0.194738 2.571285 0.000000
-0.412681 -0.364330 2.250335 1.000000
-0.103764 -0.339075 2.251108 1.000000
-0.354469 -0.667971 2.206394 1.000000
-0.154417 -0.645625 2.219831 1.000000
-0.366697 -0.733838 2.221638 0.442308
-0.181782 -0.699941 2.187871 0.812500
-0.347185 -0.752546 2.611586 1.000000
-0.098170 -0.733517 2.590269 0.592308
-0.367598 -1.143003 2.548794 1.000000
-0.124313 -1.128385 2.604806 1.000000
-0.338426 -1.118342 2.385964 0.000000
-0.075792 -1.137480 2.445007 0.000000
-0.312874 -0.001579 1.962912 1.000000
-0.451981 -0.039363 2.267621 1.000000
-0.092839 -0.014657 2.270260 1.000000
-0.268437 -0.074950 2.177096 0.000000
-0.273325 -0.030636 2.427388 0.000000
-0.502029 -0.280816 2.482397 0.000000
-0.074859 -0.267955 2.510464 0.028846
-0.296441 -0.184840 2.577110 0.000000
-0.427272 -0.332493 2.264744 1.000000
-0.094710 -0.308760 2.263681 1.000000
-0.360586 -0.630510 2.203396 1.000000
-0.148809 -0.611077 2.211692 1.000000
-0.351120 -0.697877 2.193777 0.122596
-0.174599 -0.665958 2.179391 0.711538
-0.347056 -0.745556 2.602190 1.000000
-0.099589 -0.730029 2.587917 0.603846
-0.364825 -1.139076 2.561663 1.000000
-0.129557 -1.124447 2.606687 1.000000
-0.349530 -1.122697 2.395921 0.000000
-0.096163 -1.134768 2.443130 0.000000
-0.320062 0.041925 1.976043 1.000000
-0.455290 -0.010110 2.265762 1.000000
-0.096318 0.016745 2.270011 1.000000
-0.271317 -0.041913 2.174701 0.000000
-0.277062 -0.004908 2.426159 0.000000
-0.493759 -0.254618 2.484468 0.019231
-0.066365 -0.232316 2.500731 0.019231
-0.287808 -0.153693 2.573048 0.000000
-0.444839 -0.301202 2.294001 1.000000
-0.081866 -0.275218 2.283808 1.000000
-0.366969 -0.590656 2.215478 1.000000
-0.137684 -0.573165 2.219584 1.000000
-0.352805 -0.657142 2.205507 0.072115
-0.158989 -0.624751 2.179516 0.425481
-0.360606 -0.718619 2.588650 1.000000
-0.088775 -0.696785 2.592125 0.603846
-0.360601 -1.114385 2.575017 1.000000
-0.145259 -1.088734 2.593157 1.000000
-0.353765 -1.108632 2.408006 0.000000
-0.108383 -1.094478 2.430124 0.000000
-0.318974 0.097565 1.979772 1.000000
-0.461955 0.027039 2.281012 1.000000
-0.103215 0.055918 2.272581 1.000000
-0.281998 0.005769 2.179462 0.000000
-0.276979 0.017551 2.433371 0.000000
-0.503882 -0.224908 2.477504 0.413462
-0.076156 -0.218249 2.498323 0.067308
-0.295401 -0.133358 2.570252 0.000000
-0.459000 -0.260753 2.318051 1.000000
-0.058908 -0.228307 2.310767 1.000000
-0.388661 -0.550852 2.245264 1.000000
-0.120343 -0.519300 2.233621 1.000000
-0.373586 -0.615912 2.229127 0.000000
-0.134620 -0.583022 2.212264 0.021635
-0.363026 -0.694187 2.588885 1.000000
-0.092902 -0.677122 2.592694 0.869231
-0.356719 -1.090136 2.589134 1.000000
-0.168645 -1.065500 2.608245 1.000000
-0.348211 -1.090106 2.422101 0.000000
-0.115146 -1.082243 2.450670 0.000000
-0.310055 0.175841 1.995859 1.000000
-0.463339 0.095034 2.294938 1.000000
-0.104513 0.123294 2.288253 1.000000
-0.284325 0.090120 2.189681 0.000000
-0.277216 0.059530 2.441966 0.000000
-0.465093 -0.193955 2.474548 1.000000
-0.037135 -0.190997 2.490994 0.423077
-0.255184 -0.114091 2.574590 0.000000
-0.478143 -0.184668 2.348764 1.000000
-0.047877 -0.150586 2.344212 1.000000
-0.434618 -0.482159 2.320379 1.000000
-0.070364 -0.446611 2.288849 1.000000
-0.427065 -0.550377 2.317262 0.004808
-0.076361 -0.513251 2.273242 0.122596
-0.365400 -0.672398 2.578059 1.000000
-0.104654 -0.668629 2.562794 1.000000
-0.348087 -1.067508 2.598150 1.000000
-0.140740 -1.059258 2.616856 1.000000
-0.342938 -1.075773 2.431183 0.000000
-0.120914 -1.083820 2.452611 0.000000
-0.292525 0.302572 2.042831 1.000000
-0.464203 0.133401 2.311273 1.000000
-0.105416 0.162199 2.304756 1.000000
-0.286197 0.141658 2.204526 0.000000
-0.276751 0.079740 2.450922 0.000000
-0.461215 -0.172415 2.465956 1.000000
-0.033096 -0.161703 2.471172 0.451923
-0.250183 -0.092165 2.563290 0.000000
-0.491567 -0.140665 2.373125 1.000000
-0.034581 -0.104178 2.365686 1.000000
-0.467333 -0.438341 2.361341 1.000000
-0.037437 -0.399431 2.319263 1.000000
-0.467036 -0.506687 2.368355 0.122596
-0.050963 -0.463413 2.298198 0.206731
-0.362356 -0.650262 2.570030 1.000000
-0.112068 -0.645426 2.555856 1.000000
-0.352050 -1.044589 2.604890 1.000000
-0.136001 -1.034941 2.623096 1.000000
-0.350895 -1.059287 2.438291 0.000000
-0.125924 -1.063941 2.458688 0.028846
-0.291810 0.372263 2.087107 1.000000
-0.464203 0.162399 2.333663 1.000000
-0.105468 0.192067 2.328261 1.000000
-0.287222 0.187312 2.227801 0.000000
-0.275468 0.087715 2.461416 0.000000
-0.458362 -0.166105 2.439658 1.000000
-0.032007 -0.133480 2.463825 0.548077
-0.256069 -0.080275 2.549926 0.000000
-0.510480 -0.106627 2.397757 1.000000
-0.016850 -0.069151 2.378628 1.000000
-0.497622 -0.403184 2.391789 1.000000
-0.014564 -0.364343 2.346945 1.000000
-0.483613 -0.470042 2.384428 0.223558
-0.013717 -0.433041 2.347488 0.274038
-0.362438 -0.637833 2.566524 1.000000
-0.115528 -0.626823 2.546550 1.000000
-0.353403 -1.031466 2.608797 1.000000
-0.130997 -1.014437 2.626124 1.000000
-0.343183 -1.049060 2.442789 0.000000
-0.115182 -1.048525 2.463150 0.293269
-0.292680 0.425572 2.137580 1.000000
-0.466863 0.197260 2.368085 1.000000
-0.107883 0.221053 2.355141 1.000000
-0.292513 0.231722 2.260550 0.000000
-0.276157 0.104315 2.479944 0.000000
-0.465980 -0.150818 2.430655 1.000000
-0.039904 -0.109190 2.443081 0.653846
-0.261681 -0.072087 2.542512 0.000000
-0.521189 -0.067368 2.439398 1.000000
-0.005795 -0.027668 2.431170 1.000000
-0.515163 -0.362101 2.414599 1.000000
0.012867 -0.319483 2.386294 1.000000
-0.516182 -0.416452 2.456614 0.408654
-0.006688 -0.385347 2.386110 0.459135
-0.361886 -0.624642 2.553495 1.000000
-0.117676 -0.610062 2.529778 1.000000
-0.354866 -1.016471 2.610385 1.000000
-0.134743 -0.991624 2.634348 1.000000
-0.348012 -1.040362 2.444992 0.000000
-0.121302 -1.036246 2.473722 0.201923
-0.295318 0.477871 2.199279 1.000000
-0.464702 0.210476 2.395708 1.000000
-0.106124 0.237267 2.378254 1.000000
-0.292699 0.257726 2.289256 0.000000
-0.271501 0.106342 2.492399 0.000000
-0.466248 -0.136933 2.429390 1.000000
-0.039266 -0.104181 2.435781 0.826923
-0.258227 -0.070688 2.542470 0.000000
-0.523033 -0.054897 2.460140 1.000000
-0.006360 -0.013064 2.451454 1.000000
-0.520332 -0.347758 2.419580 1.000000
0.018394 -0.303421 2.401453 1.000000
-0.545037 -0.382270 2.473608 0.290865
0.014675 -0.371546 2.409548 0.459135
-0.361723 -0.617054 2.542795 1.000000
-0.119081 -0.605915 2.519872 1.000000
-0.357194 -1.006723 2.613175 1.000000
-0.134302 -0.984410 2.635309 1.000000
-0.353406 -1.036399 2.448622 0.000000
-0.123164 -1.033502 2.475815 0.216346
-0.293378 0.497500 2.239203 1.000000
-0.465010 0.216058 2.417010 1.000000
-0.106532 0.242189 2.396734 1.000000
-0.294009 0.267757 2.311013 0.000000
-0.271213 0.106513 2.506243 0.000000
-0.472009 -0.127746 2.440319 1.000000
-0.044550 -0.109545 2.420943 1.000000
-0.255096 -0.073981 2.542819 0.000000
-0.520033 -0.047866 2.488775 1.000000
-0.006057 -0.007158 2.471333 1.000000
-0.525558 -0.337242 2.429686 1.000000
0.025643 -0.293681 2.406837 1.000000
-0.527431 -0.405264 2.420206 0.156250
0.024742 -0.361583 2.417275 0.644231
-0.361171 -0.616290 2.530392 1.000000
-0.120399 -0.607725 2.515591 1.000000
-0.356464 -1.000358 2.626754 1.000000
-0.132387 -0.984762 2.636067 1.000000
-0.364616 -1.041104 2.464748 0.000000
-0.130814 -1.035712 2.476774 0.230769
-0.292192 0.510034 2.266919 1.000000
-0.458605 0.223210 2.450841 1.000000
-0.100538 0.242084 2.418717 1.000000
-0.290240 0.275003 2.340749 0.000000
-0.264447 0.106123 2.529026 0.000000
-0.477052 -0.123895 2.444511 1.000000
-0.051536 -0.115014 2.396712 0.903846
-0.252439 -0.078721 2.533712 0.000000
-0.517077 -0.044846 2.499109 1.000000
-0.012824 -0.009885 2.498848 1.000000
-0.524794 -0.330703 2.426803 1.000000
0.029190 -0.289659 2.415405 1.000000
-0.530132 -0.397333 2.410919 0.139423
0.012575 -0.356289 2.413219 0.644231
-0.356231 -0.616054 2.527226 1.000000
-0.121977 -0.608622 2.512978 1.000000
-0.356840 -0.998575 2.629661 1.000000
-0.131426 -0.986805 2.630042 1.000000
-0.375029 -1.041555 2.469055 0.019231
-0.142222 -1.035911 2.470529 0.168269
-0.292737 0.517677 2.309181 1.000000
-0.453080 0.227550 2.465202 1.000000
-0.094308 0.242169 2.439343 1.000000
-0.282240 0.281562 2.360103 0.000000
-0.261973 0.104003 2.540923 0.000000
-0.473618 -0.120688 2.436325 0.961538
-0.045898 -0.109132 2.417619 0.894231
-0.255670 -0.079423 2.542364 0.000000
-0.515653 -0.041540 2.502553 1.000000
-0.003744 -0.015969 2.493039 1.000000
-0.517397 -0.325063 2.420429 1.000000
0.024510 -0.296404 2.405345 1.000000
-0.521320 -0.383392 2.456522 0.341346
0.017735 -0.363783 2.416950 0.728365
-0.355614 -0.612984 2.525915 1.000000
-0.120757 -0.606064 2.515813 1.000000
-0.355824 -0.998344 2.617094 1.000000
-0.127063 -0.989081 2.616181 1.000000
-0.362719 -1.036817 2.454476 0.000000
-0.128454 -1.031454 2.454394 0.000000
-0.287218 0.519660 2.327256 1.000000
-0.452999 0.221659 2.472594 1.000000
-0.093954 0.239591 2.453494 1.000000
-0.280757 0.279072 2.371670 0.000000
-0.262271 0.098138 2.549306 0.000000
-0.467042 -0.127719 2.436260 1.000000
-0.039278 -0.106884 2.439667 1.000000
-0.255540 -0.087575 2.555020 0.000000
-0.513465 -0.048312 2.499702 1.000000
-0.002727 -0.019767 2.494567 1.000000
-0.514884 -0.329382 2.412338 1.000000
0.016186 -0.296064 2.394885 1.000000
-0.520817 -0.397129 2.402569 0.189904
0.016629 -0.361248 2.416594 0.442308
-0.355058 -0.619070 2.522895 1.000000
-0.116318 -0.609972 2.513226 1.000000
-0.352615 -1.000018 2.631009 1.000000
-0.127448 -0.991905 2.617239 1.000000
-0.351818 -1.045675 2.470114 0.019231
-0.118716 -1.036029 2.456151 0.019231
-0.283897 0.522327 2.346557 1.000000
-0.447585 0.218890 2.486157 1.000000
-0.088479 0.240474 2.472835 1.000000
-0.274355 0.278581 2.388291 0.000000
-0.256867 0.096816 2.565179 0.000000
-0.465709 -0.132532 2.455329 1.000000
-0.038887 -0.100967 2.439378 1.000000
-0.249756 -0.091450 2.565442 0.000000
-0.512149 -0.051012 2.504041 1.000000
0.002955 -0.020524 2.502073 1.000000
-0.505248 -0.325707 2.398230 1.000000
0.012319 -0.288870 2.381226 1.000000
-0.483478 -0.388570 2.415401 0.459135
0.026978 -0.350954 2.355708 0.593750
-0.350849 -0.621974 2.528657 1.000000
-0.117841 -0.607975 2.516914 1.000000
-0.351367 -1.000409 2.645288 1.000000
-0.127542 -0.988441 2.626310 1.000000
-0.357604 -1.049626 2.485565 0.264423
-0.126429 -1.034683 2.465583 0.076923
-0.276016 0.523715 2.367701 1.000000
-0.444699 0.217633 2.496329 1.000000
-0.085708 0.242868 2.486938 1.000000
-0.271084 0.280164 2.400950 0.000000
-0.253598 0.096493 2.575858 0.000000
-0.462482 -0.133254 2.459978 0.923077
-0.035544 -0.101289 2.448580 1.000000
-0.247677 -0.092926 2.572587 0.000000
-0.507766 -0.053309 2.497420 1.000000
0.005937 -0.019084 2.506185 1.000000
-0.496595 -0.326922 2.388923 1.000000
0.013909 -0.282933 2.375490 1.000000
-0.481974 -0.383028 2.425784 0.492788
0.035951 -0.344512 2.354455 0.475962
-0.348217 -0.622678 2.534057 1.000000
-0.115042 -0.609415 2.517625 1.000000
-0.354117 -1.008451 2.623276 1.000000
-0.140040 -0.985599 2.638772 1.000000
-0.357590 -1.046078 2.460350 0.000000
-0.134076 -1.037193 2.479791 0.230769
-0.272217 0.520504 2.375123 1.000000
