-0.335840 0.325250 2.748361 1.000000
-0.047044 0.329119 2.758515 1.000000
-0.188024 0.364240 2.642114 0.000000
-0.192724 0.187289 2.843206 0.000000
-0.370497 -0.035344 2.728194 0.403846
-0.003457 -0.030856 2.719814 0.480769
-0.184561 -0.026472 2.833397 0.000000
-0.403852 0.054431 2.736262 1.000000
0.027656 0.060434 2.739982 1.000000
-0.412158 -0.233665 2.707202 1.000000
0.039335 -0.224371 2.688390 1.000000
-0.398023 -0.285216 2.708092 0.711538
0.019648 -0.268566 2.665645 0.475962
-0.300941 -0.522929 2.793546 1.000000
-0.075797 -0.522573 2.785408 1.000000
-0.327966 -0.908813 2.834580 1.000000
-0.060989 -0.908095 2.835158 1.000000
-0.330106 -0.920281 2.725326 0.000000
-0.062888 -0.922226 2.726212 0.000000
-0.183474 0.588827 2.676834 1.000000
-0.335042 0.323225 2.744851 1.000000
-0.046834 0.330234 2.765047 1.000000
-0.184095 0.364740 2.644105 0.000000
-0.193723 0.186092 2.843514 0.000000
-0.375861 -0.029095 2.709869 0.432692
-0.009756 -0.039919 2.735538 0.346154
-0.200235 -0.026945 2.831810 0.000000
-0.405516 0.052812 2.739973 1.000000
0.023486 0.061268 2.736313 1.000000
-0.413404 -0.234934 2.707565 1.000000
0.016902 -0.225306 2.694571 1.000000
-0.403190 -0.285360 2.722091 0.576923
-0.001437 -0.273346 2.679944 0.778846
-0.300420 -0.520709 2.797684 1.000000
-0.074503 -0.525888 2.785619 1.000000
-0.330010 -0.906702 2.835829 1.000000
-0.063987 -0.911393 2.836572 1.000000
-0.322373 -0.918061 2.726810 0.000000
-0.055062 -0.925503 2.727973 0.000000
-0.184733 0.587944 2.676968 1.000000
-0.338331 0.323683 2.744011 1.000000
-0.050187 0.336917 2.761874 1.000000
-0.189115 0.368122 2.641943 0.000000
-0.193326 0.189896 2.841917 0.000000
-0.379452 -0.037974 2.710441 0.480769
-0.013074 -0.041788 2.734127 0.413462
-0.203215 -0.030736 2.831301 0.000000
-0.408457 0.053670 2.737167 1.000000
0.019130 0.068496 2.729990 1.000000
-0.414886 -0.234036 2.708280 1.000000
0.014937 -0.218418 2.693751 1.000000
-0.404209 -0.286405 2.707030 0.509615
-0.002905 -0.265599 2.676038 0.677885
-0.300356 -0.527971 2.795925 1.000000
-0.077070 -0.530255 2.783607 1.000000
-0.322453 -0.914260 2.836087 1.000000
-0.061728 -0.914866 2.839825 1.000000
-0.315267 -0.926005 2.727078 0.000000
-0.053187 -0.930376 2.731386 0.000000
-0.184496 0.589660 2.669546 1.000000
-0.339859 0.329931 2.746882 1.000000
-0.050880 0.332776 2.748946 1.000000
-0.194927 0.367447 2.636223 0.000000
-0.194649 0.192234 2.838885 0.000000
-0.377546 -0.027063 2.729098 0.423077
-0.010674 -0.033597 2.716019 0.480769
-0.190070 -0.022150 2.831799 0.000000
-0.407548 0.059257 2.730227 1.000000
0.019086 0.062530 2.734967 1.000000
-0.419686 -0.229404 2.709051 1.000000
0.023930 -0.222612 2.684057 1.000000
-0.407640 -0.281168 2.703258 0.509615
0.021626 -0.262535 2.648576 0.509615
-0.301705 -0.518576 2.796569 1.000000
-0.076628 -0.520369 2.786562 1.000000
-0.328120 -0.904425 2.838329 1.000000
-0.060504 -0.905945 2.835469 1.000000
-0.332004 -0.915977 2.729132 0.000000
-0.064041 -0.919909 2.726542 0.000000
-0.182060 0.588186 2.658255 1.000000
-0.339085 0.328264 2.742652 1.000000
-0.050096 0.330389 2.744014 1.000000
-0.194321 0.364470 2.631339 0.000000
-0.194007 0.190983 2.835481 0.000000
-0.376441 -0.031231 2.729953 0.413462
-0.009811 -0.032010 2.710177 0.596154
-0.187222 -0.022899 2.829178 0.000000
-0.408844 0.057630 2.730666 1.000000
0.021578 0.060351 2.730067 1.000000
-0.417331 -0.231152 2.706328 1.000000
0.040462 -0.226209 2.690229 1.000000
-0.406160 -0.281425 2.691977 0.576923
0.037894 -0.267729 2.656649 0.442308
-0.303399 -0.520481 2.795503 1.000000
-0.073385 -0.520118 2.785723 1.000000
-0.330519 -0.906372 2.836417 1.000000
-0.061616 -0.905918 2.834100 1.000000
-0.336166 -0.917548 2.727257 0.000000
-0.066776 -0.919729 2.725219 0.000000
-0.187338 0.587354 2.655625 1.000000
-0.339323 0.326668 2.736492 1.000000
-0.050341 0.323950 2.734688 1.000000
-0.195226 0.358191 2.622911 0.000000
-0.195523 0.188849 2.830505 0.000000
-0.376101 -0.038521 2.725510 0.432692
-0.009151 -0.034774 2.713573 0.740385
-0.189184 -0.026259 2.828614 0.000000
-0.407579 0.055315 2.728373 1.000000
0.025196 0.054496 2.727911 1.000000
-0.414684 -0.233632 2.703256 1.000000
0.049749 -0.231900 2.688587 1.000000
-0.406747 -0.285646 2.712727 0.610577
0.038515 -0.284062 2.685264 0.475962
-0.303644 -0.525496 2.797971 1.000000
-0.073783 -0.524542 2.786582 1.000000
-0.330895 -0.911422 2.838457 1.000000
-0.061840 -0.910146 2.836464 1.000000
-0.333941 -0.922669 2.729202 0.000000
-0.064457 -0.924318 2.727538 0.000000
-0.184187 0.581765 2.643958 1.000000
-0.336501 0.327506 2.714659 1.000000
-0.047737 0.335015 2.723583 1.000000
-0.189272 0.357661 2.604785 0.019231
-0.191889 0.200469 2.821708 0.000000
-0.370158 -0.029687 2.723978 0.442308
-0.003120 -0.034760 2.715829 0.701923
-0.184067 -0.021264 2.828944 0.000000
-0.405868 0.056445 2.728529 1.000000
0.030832 0.066132 2.726169 1.000000
-0.410832 -0.232744 2.703098 1.000000
0.054599 -0.222378 2.703820 1.000000
-0.400500 -0.284833 2.696923 0.610577
0.045155 -0.270307 2.682102 0.408654
-0.300810 -0.520046 2.792991 1.000000
-0.071330 -0.521880 2.787791 1.000000
-0.333113 -0.905093 2.837899 1.000000
-0.063425 -0.907518 2.838211 1.000000
-0.335547 -0.917616 2.728767 0.000000
-0.065072 -0.921793 2.729279 0.000000
-0.188812 0.581094 2.610266 1.000000
-0.334949 0.321615 2.698124 1.000000
-0.046825 0.335121 2.716087 1.000000
-0.184747 0.350488 2.591993 0.000000
-0.191644 0.201569 2.814585 0.000000
-0.368172 -0.032658 2.714306 0.490385
-0.001189 -0.033668 2.725782 0.576923
-0.188034 -0.018238 2.828592 0.000000
-0.401864 0.050381 2.720346 1.000000
0.031219 0.065986 2.720026 1.000000
-0.409048 -0.239595 2.705153 1.000000
0.057654 -0.222578 2.700021 1.000000
-0.397187 -0.291353 2.711362 0.778846
0.048510 -0.275069 2.695642 0.543269
-0.297845 -0.520370 2.798622 1.000000
-0.071116 -0.522504 2.788524 1.000000
-0.331720 -0.905797 2.838860 1.000000
-0.061392 -0.908627 2.834731 1.000000
-0.327873 -0.917534 2.729681 0.000000
-0.057080 -0.921566 2.725705 0.000000
-0.184715 0.564378 2.572519 1.000000
-0.334761 0.315555 2.684098 1.000000
-0.045821 0.319556 2.679789 1.000000
-0.192134 0.324426 2.564780 0.000000
-0.186909 0.205761 2.804911 0.000000
-0.370545 -0.043906 2.736397 0.346154
-0.004243 -0.040239 2.711530 0.509615
-0.180271 -0.023093 2.831694 0.000000
-0.406940 0.046650 2.716808 1.000000
0.028923 0.051479 2.713524 1.000000
-0.407727 -0.243659 2.704866 1.000000
0.051661 -0.237635 2.695697 1.000000
-0.392586 -0.294466 2.711759 0.711538
0.037409 -0.286556 2.679518 0.375000
-0.299281 -0.530464 2.803475 1.000000
-0.066836 -0.528512 2.795195 1.000000
-0.332497 -0.916520 2.837811 1.000000
-0.061971 -0.914390 2.844136 1.000000
-0.339419 -0.925643 2.728534 0.000000
-0.068011 -0.928269 2.735309 0.000000
-0.184205 0.543021 2.529454 1.000000
-0.332643 0.299182 2.647760 1.000000
-0.043684 0.302841 2.650945 1.000000
-0.186814 0.296550 2.532066 0.062500
-0.188373 0.201598 2.782572 0.000000
-0.366377 -0.054745 2.740933 0.423077
0.000574 -0.045102 2.733030 0.480769
-0.181247 -0.025345 2.843798 0.000000
-0.405917 0.035287 2.708076 1.000000
0.028486 0.035665 2.696295 1.000000
-0.400775 -0.255310 2.704681 1.000000
0.055229 -0.253643 2.687931 1.000000
-0.396007 -0.308459 2.707929 0.375000
0.041466 -0.302341 2.670692 0.543269
-0.297610 -0.536905 2.823755 1.000000
-0.060225 -0.534382 2.810868 1.000000
-0.329585 -0.924446 2.834279 1.000000
-0.061191 -0.921297 2.851085 1.000000
-0.330525 -0.927351 2.724447 0.000000
-0.061527 -0.932655 2.741799 0.000000
-0.185642 0.493223 2.457835 1.000000
-0.329583 0.291166 2.605921 1.000000
-0.040596 0.291770 2.608573 1.000000
-0.183985 0.269756 2.491899 0.014423
-0.186269 0.212782 2.753663 0.000000
-0.369561 -0.047354 2.749176 0.365385
-0.002712 -0.038435 2.736872 0.509615
-0.183339 -0.012638 2.848350 0.000000
-0.405408 0.031370 2.678426 1.000000
0.032204 0.029040 2.673175 1.000000
-0.399510 -0.257377 2.708704 1.000000
0.054914 -0.260265 2.683797 1.000000
-0.388111 -0.307421 2.693746 0.475962
0.033238 -0.302731 2.659613 0.341346
-0.299750 -0.527839 2.837850 1.000000
-0.053580 -0.523404 2.829120 1.000000
-0.325186 -0.916006 2.838156 1.000000
-0.060676 -0.911824 2.849133 1.000000
-0.327529 -0.915939 2.728307 0.000000
-0.061765 -0.917458 2.739408 0.000000
-0.178327 0.465433 2.398425 1.000000
-0.327581 0.271993 2.585797 1.000000
-0.038668 0.272783 2.578786 1.000000
-0.185800 0.242921 2.468702 0.019231
-0.179264 0.203787 2.733651 0.000000
-0.370138 -0.038838 2.762857 0.942308
-0.004106 -0.055657 2.739472 0.375000
-0.178799 -0.007896 2.853139 0.000000
-0.403642 0.011141 2.654120 1.000000
0.034809 0.009861 2.641793 1.000000
-0.401786 -0.276509 2.693824 1.000000
0.057869 -0.278992 2.660626 1.000000
-0.386938 -0.327715 2.697765 0.375000
0.037223 -0.323949 2.640358 0.442308
-0.299434 -0.525596 2.849194 1.000000
-0.057771 -0.527451 2.852700 1.000000
-0.327267 -0.913411 2.837113 1.000000
-0.053185 -0.916396 2.848075 1.000000
-0.333733 -0.909532 2.727497 0.000000
-0.060487 -0.915179 2.738449 0.000000
-0.181571 0.415236 2.351804 1.000000
-0.325029 0.220692 2.535189 1.000000
-0.036510 0.225355 2.519187 1.000000
-0.185730 0.170357 2.422405 0.000000
-0.171206 0.187759 2.689347 0.000000
-0.358190 -0.046996 2.763090 0.105769
0.008296 -0.063649 2.748271 0.259615
-0.168560 0.002631 2.848510 0.000000
-0.385990 -0.042046 2.611559 1.000000
0.036065 -0.036347 2.588647 1.000000
-0.380278 -0.326105 2.672300 1.000000
0.043552 -0.322601 2.637786 1.000000
-0.381794 -0.373082 2.697774 0.425481
0.031115 -0.373448 2.626925 0.341346
-0.304731 -0.522492 2.859820 1.000000
-0.059296 -0.528791 2.867328 1.000000
-0.324759 -0.910403 2.838724 1.000000
-0.058791 -0.917417 2.850286 1.000000
-0.329313 -0.904207 2.729118 0.000000
-0.063481 -0.912614 2.740616 0.000000
-0.181774 0.337638 2.280416 0.923077
-0.333865 0.170855 2.518514 1.000000
-0.046383 0.170091 2.488950 1.000000
-0.200304 0.105631 2.406419 0.000000
-0.173235 0.154887 2.668360 0.000000
-0.358343 -0.066051 2.780617 0.019231
0.007103 -0.086802 2.751844 0.125000
-0.165034 -0.009715 2.852568 0.000000
-0.378128 -0.096659 2.589924 1.000000
0.026850 -0.089883 2.564266 1.000000
-0.362408 -0.379639 2.654212 1.000000
0.041600 -0.374817 2.619515 1.000000
-0.337909 -0.423198 2.635226 0.576923
0.030662 -0.427022 2.615892 0.576923
-0.302772 -0.537369 2.869507 1.000000
-0.056867 -0.544935 2.876840 0.923077
-0.326787 -0.924302 2.837455 1.000000
-0.054185 -0.933024 2.850375 1.000000
-0.335276 -0.914735 2.728327 0.000000
-0.063470 -0.925639 2.741143 0.000000
-0.189097 0.267967 2.248946 0.841346
-0.335958 0.121582 2.495131 1.000000
-0.048209 0.116678 2.468719 1.000000
-0.201618 0.044386 2.391923 0.000000
-0.176860 0.121002 2.647440 0.000000
-0.351245 -0.099401 2.785658 0.028846
0.015367 -0.106189 2.766726 0.038462
-0.162437 -0.027626 2.855791 0.000000
-0.368996 -0.146515 2.570560 1.000000
0.019056 -0.147345 2.535233 1.000000
-0.339322 -0.428803 2.633223 1.000000
0.031900 -0.433371 2.585414 1.000000
-0.334990 -0.481564 2.640687 0.509615
0.026089 -0.484510 2.599878 0.778846
-0.302512 -0.558098 2.877525 0.869231
-0.049326 -0.563039 2.882082 0.915385
-0.328302 -0.943560 2.831978 1.000000
-0.055190 -0.950884 2.852708 1.000000
-0.333510 -0.930338 2.723026 0.000000
-0.060092 -0.942520 2.743261 0.000000
-0.195676 0.148647 2.212476 0.908654
-0.312904 0.007535 2.462384 1.000000
-0.024379 0.021410 2.453326 1.000000
-0.166882 -0.073121 2.379739 0.000000
-0.164802 0.041667 2.621795 0.000000
-0.348118 -0.191378 2.764862 0.000000
0.018735 -0.180522 2.775349 0.000000
-0.169146 -0.096626 2.833493 0.000000
-0.348294 -0.255131 2.548767 1.000000
0.015504 -0.248328 2.511277 1.000000
-0.314048 -0.536517 2.604657 1.000000
0.014281 -0.532935 2.560993 1.000000
-0.308853 -0.589190 2.612185 0.677885
0.025950 -0.584346 2.569874 0.475962
-0.309951 -0.626630 2.877879 0.738462
-0.074269 -0.628521 2.891729 0.807692
-0.325722 -1.011366 2.822646 1.000000
-0.041792 -1.013785 2.848857 1.000000
-0.322494 -0.995889 2.713914 0.000000
-0.040107 -1.001494 2.739685 0.000000
-0.194417 0.108288 2.202710 0.081731
-0.176602 -0.148236 2.602221 1.000000
-0.010849 -0.024340 2.440387 1.000000
-0.089926 -0.190561 2.466051 0.000000
-0.034491 -0.012950 2.658802 0.028846
-0.264491 -0.310603 2.804272 0.711538
0.079872 -0.185722 2.829338 0.750000
-0.120918 -0.186541 2.902834 0.000000
-0.385775 -0.292694 2.493543 1.000000
0.008587 -0.293978 2.498263 1.000000
-0.301180 -0.556284 2.567492 1.000000
0.014843 -0.577971 2.535863 1.000000
-0.296420 -0.590682 2.608140 0.913462
0.002754 -0.629191 2.545267 0.593750
-0.292393 -0.705034 2.891018 0.480769
-0.070130 -0.685261 2.889799 0.684615
-0.349706 -1.080395 2.806518 1.000000
-0.033922 -1.069461 2.840805 0.853606
-0.338179 -1.058076 2.699553 0.000000
-0.068221 -1.059443 2.736903 0.000000
-0.101395 0.023188 2.343811 1.000000
-0.020307 -0.183709 2.709661 1.000000
-0.006995 -0.092653 2.435703 1.000000
-0.129876 -0.121763 2.572491 0.000000
0.100625 -0.254285 2.539645 1.000000
-0.115786 -0.141871 2.911377 0.086538
-0.043488 -0.382028 2.643224 1.000000
0.027478 -0.254266 2.799299 0.000000
-0.230147 -0.256573 2.548576 1.000000
-0.009371 -0.360360 2.495849 1.000000
-0.326832 -0.523935 2.541698 1.000000
0.008965 -0.643404 2.516521 1.000000
-0.325143 -0.576962 2.548280 1.000000
-0.018363 -0.680458 2.543694 0.997596
-0.281577 -0.638181 2.881721 0.773077
-0.062136 -0.762714 2.901757 0.534615
-0.331040 -1.016710 2.806956 0.972356
-0.030232 -1.144097 2.832112 0.791106
-0.407119 -0.991898 2.731665 0.000000
-0.139474 -1.154306 2.837977 0.019231
-0.161906 0.033257 2.454491 1.000000
-0.019383 -0.435137 2.621704 1.000000
-0.006934 -0.197329 2.465162 1.000000
-0.125497 -0.332485 2.513470 0.125000
0.140624 -0.357908 2.496013 0.000000
-0.198216 -0.241623 2.618939 0.000000
0.012198 -0.465110 2.417474 0.000000
-0.008999 -0.335727 2.586381 0.000000
-0.266140 -0.445066 2.508533 1.000000
-0.083750 -0.448090 2.394353 0.000000
-0.360605 -0.190957 2.432524 1.000000
-0.041496 -0.714943 2.473576 0.451923
-0.344142 -0.141197 2.421985 1.000000
-0.034191 -0.764730 2.491632 1.000000
-0.296700 -0.647027 2.881134 0.461538
-0.164606 -0.774197 2.781206 0.226923
-0.323208 -1.031186 2.825998 0.806731
-0.029268 -1.135420 2.831433 0.519231
-0.394046 -1.038309 2.909686 0.000000
-0.128928 -1.168223 2.864058 0.000000
-0.090080 -0.095983 2.451021 1.000000
-0.032623 -0.506778 2.547863 1.000000
0.007167 -0.254427 2.421875 1.000000
-0.129155 -0.369863 2.474307 0.000000
0.119049 -0.443425 2.405353 0.903846
-0.166035 -0.264175 2.549888 0.000000
-0.020510 -0.414321 2.248080 0.000000
0.007314 -0.323184 2.439493 0.000000
-0.227052 -0.351614 2.442752 1.000000
-0.099989 -0.450155 2.269773 0.000000
-0.192517 -0.076013 2.477247 1.000000
-0.059913 -0.706330 2.375164 0.105769
-0.170885 -0.032555 2.499643 1.000000
-0.049324 -0.755184 2.394117 0.000000
-0.266959 -0.616330 2.797151 0.492308
-0.170351 -0.762583 2.614910 1.000000
-0.283855 -0.997138 2.874741 0.981731
-0.046785 -1.082874 2.797848 0.100481
-0.378781 -0.982078 2.927984 0.000000
-0.150845 -1.110476 2.819809 0.000000
-0.086742 -0.144592 2.435812 1.000000
-0.062013 -0.494008 2.554549 1.000000
0.019030 -0.282220 2.391503 1.000000
-0.133366 -0.378235 2.438561 0.000000
0.116940 -0.473724 2.438942 0.000000
-0.123910 -0.251441 2.442478 0.000000
0.057061 -0.470864 2.210289 0.000000
0.051163 -0.365054 2.395999 0.000000
-0.248215 -0.347161 2.428410 1.000000
-0.108745 -0.460385 2.236334 0.000000
-0.215501 -0.071785 2.452879 1.000000
-0.092122 -0.723025 2.327132 0.298077
-0.192546 -0.037185 2.486554 1.000000
-0.084898 -0.772437 2.346221 0.000000
-0.384151 -0.625790 2.582116 1.000000
-0.085994 -0.831443 2.511631 0.573077
-0.323246 -0.976202 2.739670 0.497356
-0.038626 -1.088099 2.800083 0.031731
-0.431637 -0.989669 2.751619 0.000000
-0.124698 -1.145527 2.763120 0.000000
-0.077563 -0.133787 2.437006 1.000000
-0.065121 -0.597804 2.420872 1.000000
0.070015 -0.352644 2.447401 1.000000
-0.101917 -0.421723 2.439842 0.000000
0.114507 -0.528425 2.323449 0.000000
-0.070896 -0.326479 2.526335 1.000000
0.088582 -0.283734 2.198390 0.000000
0.088875 -0.373760 2.392333 0.000000
-0.157936 -0.351774 2.465348 0.000000
-0.138197 -0.518964 2.436977 0.000000
-0.201161 -0.079580 2.444287 1.000000
-0.286564 -0.748965 2.475555 0.000000
-0.192477 -0.034673 2.471965 1.000000
-0.295491 -0.801673 2.474956 1.000000
-0.416190 -0.398171 2.572654 1.000000
-0.101235 -0.458967 1.892035 0.000000
-0.268362 -0.756439 2.539301 1.000000
-0.068054 -0.691900 2.201812 0.000000
-0.355776 -0.797393 2.591781 0.288462
-0.093001 -0.778691 2.139223 0.000000
-0.048021 -0.225456 2.466068 1.000000
-0.009585 -0.621504 2.337706 0.375000
0.027932 -0.382638 2.472892 1.000000
-0.102486 -0.498392 2.441778 0.072115
0.107493 -0.442654 2.285017 0.000000
-0.038523 -0.349810 2.389543 1.000000
0.015633 -0.081702 2.144605 0.000000
0.022812 -0.289678 2.193734 0.000000
-0.099059 -0.381970 2.409435 0.000000
-0.057704 -0.631615 2.507591 1.000000
-0.173441 -0.116968 2.410973 1.000000
-0.043850 -0.903888 2.545493 1.000000
-0.159926 -0.069716 2.432013 1.000000
-0.044483 -0.955957 2.557602 0.189904
-0.421066 -0.344242 2.513757 0.950000
-0.180281 0.127300 1.957513 0.000000
-0.268073 -0.701105 2.537479 1.000000
-0.110637 -0.253168 1.998927 0.012981
-0.348323 -0.730931 2.606347 0.000000
-0.121945 -0.267038 1.890519 0.000000
-0.023448 -0.319476 2.540310 1.000000
-0.008198 -0.534059 2.257304 1.000000
0.008807 -0.271402 2.327211 1.000000
-0.111357 -0.399981 2.328689 1.000000
0.093376 -0.368040 2.158877 0.000000
-0.040300 -0.266656 2.335804 1.000000
-0.012926 -0.072680 2.025268 0.000000
-0.037788 -0.261711 2.122056 0.000000
-0.107904 -0.316305 2.369701 0.000000
-0.038052 -0.497275 2.456738 0.753846
-0.154561 -0.050540 2.418462 1.000000
-0.043771 -0.763821 2.520812 1.000000
-0.160353 -0.018228 2.460658 1.000000
-0.040133 -0.816316 2.530259 1.000000
-0.378716 -0.325358 2.514002 0.861538
-0.249026 0.231501 2.016144 0.000000
-0.313898 -0.705390 2.565915 1.000000
-0.143624 -0.138670 1.959713 0.000000
-0.389657 -0.707444 2.645469 0.000000
-0.160581 -0.127045 1.851779 0.000000
-0.054083 -0.337989 2.554116 0.423077
-0.052852 -0.273364 2.355958 1.000000
0.078733 -0.117579 2.179588 0.000000
-0.038434 -0.100774 2.314374 0.004808
-0.010370 -0.310502 2.150062 0.000000
0.001051 0.001021 2.282398 0.000000
-0.123211 -0.039573 1.939294 0.115385
-0.014262 -0.118257 2.105601 0.000000
-0.186977 -0.205477 2.572033 0.615385
0.026128 -0.159266 2.434110 1.000000
-0.161017 0.042453 2.461194 1.000000
-0.117587 -0.379046 2.508078 1.000000
-0.192398 0.076460 2.487968 1.000000
-0.092021 -0.425819 2.503979 1.000000
-0.327017 -0.230399 2.499848 0.515385
-0.369167 0.217982 1.923229 0.000000
-0.341125 -0.606865 2.596777 1.000000
-0.199483 -0.131773 1.937353 0.000000
-0.416006 -0.584196 2.673923 0.000000
-0.228835 -0.150223 1.833091 0.000000
-0.079545 -0.116228 2.489087 0.557692
-0.074349 -0.078350 2.396156 1.000000
0.040735 -0.208744 2.176442 0.000000
0.021428 -0.042302 2.240640 0.000000
-0.144662 -0.249415 2.276558 0.000000
-0.004996 -0.047857 2.145947 0.000000
-0.117543 -0.223237 1.843649 0.000000
-0.046266 -0.231805 2.045056 0.000000
-0.285022 -0.155270 2.532450 0.430769
0.105260 -0.083307 2.397751 1.000000
-0.132516 0.061765 2.472244 0.000000
-0.119207 -0.226519 2.453355 1.000000
-0.114384 0.106558 2.495112 1.000000
-0.117354 -0.264415 2.491019 0.274038
-0.287000 -0.149195 2.448270 1.000000
-0.280467 0.096624 1.711047 0.000000
-0.375076 -0.493824 2.605733 1.000000
-0.238634 -0.233267 1.912895 0.000000
-0.422190 -0.442863 2.690914 0.000000
-0.299318 -0.286549 1.838390 0.000000
-0.008334 0.006949 2.473727 1.000000
-0.065357 -0.071535 2.459589 1.000000
0.043680 -0.224366 2.265492 0.000000
0.087819 -0.084151 2.354535 0.000000
-0.156323 -0.169326 2.284452 0.000000
-0.354594 0.107894 2.095276 1.000000
-0.077371 -0.131340 2.068381 0.000000
-0.276460 -0.087547 2.132915 1.000000
-0.321689 -0.123730 2.468257 1.000000
0.107699 -0.301647 2.507224 1.000000
-0.184824 0.058314 2.320888 1.000000
-0.142843 -0.197646 2.508561 1.000000
-0.153005 0.099913 2.331619 0.341346
-0.178753 -0.237250 2.508333 0.375000
-0.657562 0.067170 2.154720 0.000000
-0.296077 -0.054607 1.608946 0.000000
-0.870316 -0.235126 2.275857 0.000000
-0.233505 -0.267385 1.928526 0.275481
-0.955321 -0.167960 2.294171 0.000000
-0.255636 -0.358917 1.871917 0.000000
-0.003339 0.041339 2.488990 1.000000
0.000000 0.000000 0.000000 0.000000
0.000000 0.000000 0.000000 0.000000
0.000000 0.000000 0.000000 0.000000
0.000000 0.000000 0.000000 0.000000
0.000000 0.000000 0.000000 0.000000
0.000000 0.000000 0.000000 0.000000
0.000000 0.000000 0.000000 0.000000
0.000000 0.000000 0.000000 0.000000
0.000000 0.000000 0.000000 0.000000
0.000000 0.000000 0.000000 0.000000
0.000000 0.000000 0.000000 0.000000
0.000000 0.000000 0.000000 0.000000
0.000000 0.000000 0.000000 0.000000
0.000000 0.000000 0.000000 0.000000
0.000000 0.000000 0.000000 0.000000
0.000000 0.000000 0.000000 0.000000
0.000000 0.000000 0.000000 0.000000
0.000000 0.000000 0.000000 0.000000
0.000000 0.000000 0.000000 0.000000
0.000000 0.000000 0.000000 0.000000
0.000000 0.000000 0.000000 0.000000
0.000000 0.000000 0.000000 0.000000
0.000000 0.000000 0.000000 0.000000
0.000000 0.000000 0.000000 0.000000
0.000000 0.000000 0.000000 0.000000
0.000000 0.000000 0.000000 0.000000
0.000000 0.000000 0.000000 0.000000
0.000000 0.000000 0.000000 0.000000
0.000000 0.000000 0.000000 0.000000
0.000000 0.000000 0.000000 0.000000
0.000000 0.000000 0.000000 0.000000
0.000000 0.000000 0.000000 0.000000
0.000000 0.000000 0.000000 0.000000
0.000000 0.000000 0.000000 0.000000
0.000000 0.000000 0.000000 0.000000
0.000000 0.000000 0.000000 0.000000
0.000000 0.000000 0.000000 0.000000
0.000000 0.000000 0.000000 0.000000
0.000000 0.000000 0.000000 0.000000
0.000000 0.000000 0.000000 0.000000
0.000000 0.000000 0.000000 0.000000
0.000000 0.000000 0.000000 0.000000
0.000000 0.000000 0.000000 0.000000
0.000000 0.000000 0.000000 0.000000
0.000000 0.000000 0.000000 0.000000
0.000000 0.000000 0.000000 0.000000
0.000000 0.000000 0.000000 0.000000
0.000000 0.000000 0.000000 0.000000
0.000000 0.000000 0.000000 0.000000
0.000000 0.000000 0.000000 0.000000
0.000000 0.000000 0.000000 0.000000
0.000000 0.000000 0.000000 0.000000
0.000000 0.000000 0.000000 0.000000
0.000000 0.000000 0.000000 0.000000
0.000000 0.000000 0.000000 0.000000
0.000000 0.000000 0.000000 0.000000
0.000000 0.000000 0.000000 0.000000
0.000000 0.000000 0.000000 0.000000
0.000000 0.000000 0.000000 0.000000
0.000000 0.000000 0.000000 0.000000
0.000000 0.000000 0.000000 0.000000
0.000000 0.000000 0.000000 0.000000
0.000000 0.000000 0.000000 0.000000
0.000000 0.000000 0.000000 0.000000
0.000000 0.000000 0.000000 0.000000
0.000000 0.000000 0.000000 0.000000
0.000000 0.000000 0.000000 0.000000
0.000000 0.000000 0.000000 0.000000
0.000000 0.000000 0.000000 0.000000
0.000000 0.000000 0.000000 0.000000
0.000000 0.000000 0.000000 0.000000
0.000000 0.000000 0.000000 0.000000
0.000000 0.000000 0.000000 0.000000
0.000000 0.000000 0.000000 0.000000
0.000000 0.000000 0.000000 0.000000
0.000000 0.000000 0.000000 0.000000
0.000000 0.000000 0.000000 0.000000
0.000000 0.000000 0.000000 0.000000
0.000000 0.000000 0.000000 0.000000
0.000000 0.000000 0.000000 0.000000
0.000000 0.000000 0.000000 0.000000
0.000000 0.000000 0.000000 0.000000
0.000000 0.000000 0.000000 0.000000
0.000000 0.000000 0.000000 0.000000
0.000000 0.000000 0.000000 0.000000
0.000000 0.000000 0.000000 0.000000
0.000000 0.000000 0.000000 0.000000
0.000000 0.000000 0.000000 0.000000
0.000000 0.000000 0.000000 0.000000
0.000000 0.000000 0.000000 0.000000
0.000000 0.000000 0.000000 0.000000
0.000000 0.000000 0.000000 0.000000
0.000000 0.000000 0.000000 0.000000
0.000000 0.000000 0.000000 0.000000
0.000000 0.000000 0.000000 0.000000
0.000000 0.000000 0.000000 0.000000
0.000000 0.000000 0.000000 0.000000
0.000000 0.000000 0.000000 0.000000
0.000000 0.000000 0.000000 0.000000
0.000000 0.000000 0.000000 0.000000
0.000000 0.000000 0.000000 0.000000
0.000000 0.000000 0.000000 0.000000
0.000000 0.000000 0.000000 0.000000
0.000000 0.000000 0.000000 0.000000
0.000000 0.000000 0.000000 0.000000
0.000000 0.000000 0.000000 0.000000
0.000000 0.000000 0.000000 0.000000
0.000000 0.000000 0.000000 0.000000
0.000000 0.000000 0.000000 0.000000
0.000000 0.000000 0.000000 0.000000
0.000000 0.000000 0.000000 0.000000
0.000000 0.000000 0.000000 0.000000
0.000000 0.000000 0.000000 0.000000
0.000000 0.000000 0.000000 0.000000
0.000000 0.000000 0.000000 0.000000
0.000000 0.000000 0.000000 0.000000
0.000000 0.000000 0.000000 0.000000
0.000000 0.000000 0.000000 0.000000
0.000000 0.000000 0.000000 0.000000
0.000000 0.000000 0.000000 0.000000
0.000000 0.000000 0.000000 0.000000
0.000000 0.000000 0.000000 0.000000
0.000000 0.000000 0.000000 0.000000
0.000000 0.000000 0.000000 0.000000
0.000000 0.000000 0.000000 0.000000
0.000000 0.000000 0.000000 0.000000
0.000000 0.000000 0.000000 0.000000
0.000000 0.000000 0.000000 0.000000
0.000000 0.000000 0.000000 0.000000
0.000000 0.000000 0.000000 0.000000
0.000000 0.000000 0.000000 0.000000
0.000000 0.000000 0.000000 0.000000
0.000000 0.000000 0.000000 0.000000
0.000000 0.000000 0.000000 0.000000
0.000000 0.000000 0.000000 0.000000
0.000000 0.000000 0.000000 0.000000
0.000000 0.000000 0.000000 0.000000
0.000000 0.000000 0.000000 0.000000
0.000000 0.000000 0.000000 0.000000
0.000000 0.000000 0.000000 0.000000
0.000000 0.000000 0.000000 0.000000
0.000000 0.000000 0.000000 0.000000
0.000000 0.000000 0.000000 0.000000
0.000000 0.000000 0.000000 0.000000
0.000000 0.000000 0.000000 0.000000
0.000000 0.000000 0.000000 0.000000
0.000000 0.000000 0.000000 0.000000
0.000000 0.000000 0.000000 0.000000
0.000000 0.000000 0.000000 0.000000
0.000000 0.000000 0.000000 0.000000
0.000000 0.000000 0.000000 0.000000
0.000000 0.000000 0.000000 0.000000
0.000000 0.000000 0.000000 0.000000
0.000000 0.000000 0.000000 0.000000
0.000000 0.000000 0.000000 0.000000
0.000000 0.000000 0.000000 0.000000
0.000000 0.000000 0.000000 0.000000
0.000000 0.000000 0.000000 0.000000
0.000000 0.000000 0.000000 0.000000
0.000000 0.000000 0.000000 0.000000
0.000000 0.000000 0.000000 0.000000
0.000000 0.000000 0.000000 0.000000
0.000000 0.000000 0.000000 0.000000
0.000000 0.000000 0.000000 0.000000
0.000000 0.000000 0.000000 0.000000
0.000000 0.000000 0.000000 0.000000
0.000000 0.000000 0.000000 0.000000
0.000000 0.000000 0.000000 0.000000
0.000000 0.000000 0.000000 0.000000
0.000000 0.000000 0.000000 0.000000
0.000000 0.000000 0.000000 0.000000
0.000000 0.000000 0.000000 0.000000
0.000000 0.000000 0.000000 0.000000
0.000000 0.000000 0.000000 0.000000
0.000000 0.000000 0.000000 0.000000
0.000000 0.000000 0.000000 0.000000
0.000000 0.000000 0.000000 0.000000
0.000000 0.000000 0.000000 0.000000
0.000000 0.000000 0.000000 0.000000
0.000000 0.000000 0.000000 0.000000
0.000000 0.000000 0.000000 0.000000
0.000000 0.000000 0.000000 0.000000
0.000000 0.000000 0.000000 0.000000
0.000000 0.000000 0.000000 0.000000
0.000000 0.000000 0.000000 0.000000
0.000000 0.000000 0.000000 0.000000
0.000000 0.000000 0.000000 0.000000
0.000000 0.000000 0.000000 0.000000
0.000000 0.000000 0.000000 0.000000
0.000000 0.000000 0.000000 0.000000
0.000000 0.000000 0.000000 0.000000
0.000000 0.000000 0.000000 0.000000
0.000000 0.000000 0.000000 0.000000
0.000000 0.000000 0.000000 0.000000
0.000000 0.000000 0.000000 0.000000
0.000000 0.000000 0.000000 0.000000
0.000000 0.000000 0.000000 0.000000
0.000000 0.000000 0.000000 0.000000
0.000000 0.000000 0.000000 0.000000
0.000000 0.000000 0.000000 0.000000
0.000000 0.000000 0.000000 0.000000
0.000000 0.000000 0.000000 0.000000
0.000000 0.000000 0.000000 0.000000
0.000000 0.000000 0.000000 0.000000
0.000000 0.000000 0.000000 0.000000
0.000000 0.000000 0.000000 0.000000
0.000000 0.000000 0.000000 0.000000
0.000000 0.000000 0.000000 0.000000
0.000000 0.000000 0.000000 0.000000
0.000000 0.000000 0.000000 0.000000
0.000000 0.000000 0.000000 0.000000
0.000000 0.000000 0.000000 0.000000
0.000000 0.000000 0.000000 0.000000
0.000000 0.000000 0.000000 0.000000
0.000000 0.000000 0.000000 0.000000
0.000000 0.000000 0.000000 0.000000
0.000000 0.000000 0.000000 0.000000
0.000000 0.000000 0.000000 0.000000
0.000000 0.000000 0.000000 0.000000
0.000000 0.000000 0.000000 0.000000
0.000000 0.000000 0.000000 0.000000
0.000000 0.000000 0.000000 0.000000
0.000000 0.000000 0.000000 0.000000
0.000000 0.000000 0.000000 0.000000
0.000000 0.000000 0.000000 0.000000
0.000000 0.000000 0.000000 0.000000
0.000000 0.000000 0.000000 0.000000
0.000000 0.000000 0.000000 0.000000
0.000000 0.000000 0.000000 0.000000
0.000000 0.000000 0.000000 0.000000
0.000000 0.000000 0.000000 0.000000
0.000000 0.000000 0.000000 0.000000
0.000000 0.000000 0.000000 0.000000
0.000000 0.000000 0.000000 0.000000
0.000000 0.000000 0.000000 0.000000
0.000000 0.000000 0.000000 0.000000
0.000000 0.000000 0.000000 0.000000
0.000000 0.000000 0.000000 0.000000
0.000000 0.000000 0.000000 0.000000
0.000000 0.000000 0.000000 0.000000
