-0.429934 0.221893 2.507277 1.000000
-0.071012 0.247754 2.517571 1.000000
-0.250875 0.277934 2.418133 0.000000
-0.244016 0.107644 2.606781 0.000000
-0.439824 -0.113705 2.503417 1.000000
-0.011757 -0.106605 2.515079 0.884615
-0.229226 -0.100710 2.629624 0.000000
-0.487300 -0.046447 2.512085 1.000000
0.023786 -0.009141 2.535966 1.000000
-0.475110 -0.324447 2.428365 1.000000
0.044127 -0.279725 2.431984 1.000000
-0.482602 -0.388771 2.405414 0.088942
0.034406 -0.346796 2.443271 0.459135
-0.343819 -0.614177 2.547668 1.000000
-0.117294 -0.612844 2.538768 1.000000
-0.355289 -1.003152 2.621032 1.000000
-0.135937 -0.997610 2.630548 1.000000
-0.352443 -1.034227 2.456719 0.000000
-0.127530 -1.036752 2.468160 0.096154
-0.259947 0.513253 2.375259 1.000000
-0.432832 0.219525 2.487663 1.000000
-0.074293 0.245822 2.506601 1.000000
-0.250983 0.267749 2.399600 0.000000
-0.250381 0.113823 2.601937 0.000000
-0.440030 -0.115807 2.496515 1.000000
-0.013014 -0.105272 2.527729 0.778846
-0.235562 -0.099533 2.632074 0.000000
-0.489049 -0.047935 2.513328 1.000000
0.021606 -0.010688 2.525582 1.000000
-0.474267 -0.323848 2.423139 1.000000
0.035797 -0.285428 2.431790 1.000000
-0.474285 -0.390735 2.407438 0.004808
0.029501 -0.351822 2.415280 0.694712
-0.345769 -0.614799 2.550620 1.000000
-0.116204 -0.612544 2.542985 1.000000
-0.351272 -1.005298 2.616161 1.000000
-0.129247 -0.998073 2.632501 1.000000
-0.340628 -1.033072 2.451577 0.000000
-0.113794 -1.036234 2.470398 0.038462
-0.259644 0.508232 2.349703 1.000000
-0.432917 0.215483 2.475215 1.000000
-0.075467 0.248956 2.501834 1.000000
-0.249754 0.263383 2.389739 0.000000
-0.251635 0.117758 2.598123 0.000000
-0.440432 -0.118598 2.487781 1.000000
-0.015367 -0.103038 2.537832 0.644231
-0.242426 -0.097242 2.631954 0.000000
-0.488351 -0.052793 2.500364 1.000000
0.021324 -0.008238 2.514501 1.000000
-0.476664 -0.332338 2.419369 1.000000
0.021250 -0.282860 2.417418 1.000000
-0.475111 -0.398371 2.400458 0.000000
0.024092 -0.350652 2.406626 0.778846
-0.345104 -0.615391 2.555762 1.000000
-0.114812 -0.611627 2.544350 1.000000
-0.353219 -1.006560 2.616890 1.000000
-0.130393 -0.996911 2.634514 1.000000
-0.334212 -1.032601 2.452777 0.000000
-0.107195 -1.035542 2.473449 0.134615
-0.257782 0.502441 2.330272 1.000000
-0.431898 0.211898 2.455467 1.000000
-0.073892 0.239008 2.481868 1.000000
-0.247069 0.247097 2.367440 0.000000
-0.253880 0.121747 2.588516 0.000000
-0.438152 -0.124291 2.489801 1.000000
-0.014016 -0.103722 2.545597 0.423077
-0.242556 -0.094692 2.635797 0.000000
-0.486092 -0.056703 2.481398 1.000000
0.013796 -0.021717 2.491325 1.000000
-0.471568 -0.339992 2.414562 1.000000
0.012699 -0.293438 2.385982 1.000000
-0.475779 -0.406067 2.432915 0.223558
0.014543 -0.356512 2.358804 0.358173
-0.349554 -0.618774 2.561808 1.000000
-0.114623 -0.613189 2.556305 1.000000
-0.355491 -1.011699 2.610703 1.000000
-0.140943 -0.998427 2.644138 1.000000
-0.334074 -1.032500 2.446139 0.000000
-0.114890 -1.036841 2.483457 0.250000
-0.259617 0.482652 2.286507 1.000000
-0.435179 0.210795 2.446502 1.000000
-0.076723 0.236645 2.467491 1.000000
-0.251316 0.242200 2.355083 0.000000
-0.255945 0.123765 2.579995 0.000000
-0.441182 -0.127056 2.496794 1.000000
-0.016692 -0.101222 2.547473 0.451923
-0.244469 -0.088468 2.639143 0.000000
-0.481619 -0.061126 2.453538 1.000000
0.002990 -0.027282 2.479109 1.000000
-0.467390 -0.347854 2.399196 1.000000
-0.004319 -0.297666 2.368619 1.000000
-0.465070 -0.411345 2.373043 0.240385
-0.011551 -0.357661 2.335927 0.543269
-0.351271 -0.619672 2.566860 1.000000
-0.114958 -0.611041 2.567559 1.000000
-0.354241 -1.012893 2.613599 1.000000
-0.139569 -0.998813 2.643999 1.000000
-0.335090 -1.032646 2.448627 0.000000
-0.115573 -1.032290 2.481900 0.250000
-0.258417 0.460857 2.249163 1.000000
-0.430925 0.197829 2.416519 1.000000
-0.073731 0.225944 2.451471 1.000000
-0.242824 0.219175 2.331010 0.004808
-0.258574 0.125901 2.566988 0.000000
-0.443239 -0.134563 2.498299 0.980769
-0.020579 -0.099452 2.557912 0.451923
-0.250801 -0.084491 2.642898 0.000000
-0.473662 -0.074489 2.440396 1.000000
-0.011151 -0.043568 2.452366 1.000000
-0.457135 -0.359375 2.374122 1.000000
-0.020764 -0.318080 2.350502 1.000000
-0.434431 -0.422477 2.359186 0.425481
-0.037865 -0.372153 2.311720 0.358173
-0.346976 -0.623110 2.581463 1.000000
-0.115898 -0.610160 2.585611 1.000000
-0.354340 -1.016912 2.622465 1.000000
-0.135686 -1.001365 2.643775 1.000000
-0.330155 -1.034498 2.457910 0.000000
-0.109309 -1.026958 2.480613 0.269231
-0.255762 0.430384 2.205733 1.000000
-0.440363 0.168484 2.392909 1.000000
-0.081955 0.197836 2.409689 1.000000
-0.255758 0.176266 2.297990 0.038462
-0.262395 0.116150 2.544923 0.000000
-0.445173 -0.149773 2.519582 0.951923
-0.020697 -0.110003 2.560403 0.384615
-0.247980 -0.082155 2.649931 0.000000
-0.461811 -0.107235 2.414063 1.000000
-0.025037 -0.072680 2.432266 1.000000
-0.430167 -0.391840 2.348917 1.000000
-0.050278 -0.343250 2.320912 1.000000
-0.412748 -0.427603 2.292899 0.290865
-0.067870 -0.405240 2.297074 0.745192
-0.350568 -0.632125 2.611339 1.000000
-0.115325 -0.617049 2.613860 1.000000
-0.351516 -1.028108 2.607766 1.000000
-0.138975 -1.011976 2.630860 1.000000
-0.334021 -1.026649 2.441440 0.000000
-0.120472 -1.020231 2.464842 0.076923
-0.260881 0.387350 2.158089 1.000000
-0.439831 0.144494 2.375473 1.000000
-0.082345 0.180728 2.397620 1.000000
-0.253366 0.149069 2.284046 0.009615
-0.264409 0.105121 2.534207 0.000000
-0.445914 -0.161569 2.528181 0.750000
-0.020552 -0.122021 2.558685 0.298077
-0.246175 -0.083649 2.648519 0.000000
-0.451378 -0.133063 2.398267 1.000000
-0.028948 -0.092425 2.412680 1.000000
-0.416844 -0.415989 2.321716 1.000000
-0.060199 -0.370985 2.320337 1.000000
-0.377669 -0.471480 2.311392 0.627404
-0.094336 -0.422893 2.291001 0.846154
-0.351102 -0.640346 2.618242 1.000000
-0.112913 -0.624697 2.620691 1.000000
-0.357798 -1.035844 2.599473 1.000000
-0.138165 -1.019816 2.628410 1.000000
-0.344226 -1.028171 2.432951 0.000000
-0.123242 -1.024023 2.461880 0.096154
-0.260344 0.337978 2.122985 1.000000
-0.440087 0.123040 2.353709 1.000000
-0.083244 0.157969 2.386007 1.000000
-0.250439 0.119027 2.269051 0.000000
-0.270879 0.094616 2.521281 0.000000
-0.443474 -0.182108 2.512652 1.000000
-0.023767 -0.128862 2.579276 0.230769
-0.257529 -0.092420 2.646176 0.000000
-0.446904 -0.154918 2.385989 1.000000
-0.038676 -0.117848 2.402973 1.000000
-0.399056 -0.435338 2.302846 1.000000
-0.064086 -0.398419 2.310929 1.000000
-0.370820 -0.485729 2.265646 0.408654
-0.095555 -0.455432 2.289030 0.509615
-0.354826 -0.653273 2.625204 1.000000
-0.115610 -0.632820 2.626927 0.980769
-0.350121 -1.048970 2.610469 1.000000
-0.140788 -1.028018 2.627661 1.000000
-0.322089 -1.042501 2.445711 0.000000
-0.112359 -1.030135 2.462858 0.173077
-0.259213 0.311457 2.101814 1.000000
-0.439548 0.100797 2.337261 1.000000
-0.081792 0.130934 2.363764 1.000000
-0.250737 0.084376 2.252231 0.000000
-0.269591 0.085241 2.505761 0.000000
-0.459042 -0.187687 2.529814 0.567308
-0.033755 -0.152457 2.566114 0.326923
-0.260523 -0.099615 2.645060 0.000000
-0.436120 -0.178599 2.367507 1.000000
-0.046410 -0.146561 2.390847 1.000000
-0.384606 -0.464799 2.304337 1.000000
-0.073948 -0.431515 2.309622 1.000000
-0.336109 -0.511082 2.289288 0.358173
-0.115419 -0.485100 2.320987 0.610577
-0.352242 -0.662448 2.626431 1.000000
-0.114870 -0.646305 2.633535 0.834615
-0.337077 -1.057506 2.603738 1.000000
-0.139157 -1.041349 2.620635 1.000000
-0.322933 -1.047408 2.437393 0.000000
-0.120528 -1.037069 2.454481 0.000000
-0.260917 0.275712 2.074862 1.000000
-0.443828 0.085163 2.333228 1.000000
-0.086108 0.118479 2.356168 1.000000
-0.255557 0.067921 2.247170 0.000000
-0.272484 0.075081 2.500737 0.000000
-0.465785 -0.192873 2.539483 0.201923
-0.038754 -0.165611 2.557622 0.326923
-0.261025 -0.105483 2.643811 0.000000
-0.430074 -0.195461 2.358717 1.000000
-0.051167 -0.160124 2.383527 1.000000
-0.373807 -0.482260 2.297007 1.000000
-0.080990 -0.448434 2.311307 1.000000
-0.324669 -0.527785 2.281733 0.307692
-0.100645 -0.511315 2.291812 0.543269
-0.355689 -0.668352 2.627712 1.000000
-0.115474 -0.654764 2.633430 0.753846
-0.341020 -1.062705 2.594746 1.000000
-0.140950 -1.049538 2.615524 1.000000
-0.334416 -1.048539 2.428228 0.000000
-0.128978 -1.042750 2.448841 0.028846
-0.260038 0.240936 2.059279 1.000000
-0.440830 0.074451 2.325752 1.000000
-0.083509 0.108418 2.353462 1.000000
-0.251321 0.056428 2.242621 0.000000
-0.271911 0.066479 2.495818 0.000000
-0.471957 -0.198914 2.541875 0.153846
-0.044725 -0.171575 2.554235 0.221154
-0.265969 -0.107825 2.640464 0.000000
-0.423493 -0.206891 2.347678 1.000000
-0.056945 -0.172240 2.374909 1.000000
-0.368405 -0.495515 2.290439 1.000000
-0.088454 -0.462472 2.308665 1.000000
-0.339410 -0.557801 2.289970 0.644231
-0.093404 -0.527919 2.288355 0.560096
-0.357059 -0.672129 2.626783 1.000000
-0.109411 -0.656857 2.632578 0.673077
-0.344201 -1.066496 2.593239 1.000000
-0.146841 -1.050679 2.614725 1.000000
-0.339758 -1.052183 2.426662 0.000000
-0.133035 -1.044441 2.448163 0.076923
-0.262569 0.241272 2.058784 1.000000
-0.439861 0.059546 2.317451 1.000000
-0.082408 0.089445 2.348002 1.000000
-0.249782 0.036765 2.236825 0.000000
-0.272802 0.053858 2.489435 0.000000
-0.477273 -0.202464 2.514516 0.192308
-0.053625 -0.186494 2.575301 0.057692
-0.280921 -0.110961 2.630796 0.000000
-0.419898 -0.224783 2.327195 1.000000
-0.059722 -0.194839 2.350049 1.000000
-0.371044 -0.520768 2.292656 1.000000
-0.098455 -0.491316 2.307762 1.000000
-0.348977 -0.583528 2.275490 0.560096
-0.114551 -0.553824 2.284225 0.812500
-0.354844 -0.673249 2.637892 1.000000
-0.108997 -0.660393 2.653413 0.646154
-0.343317 -1.066336 2.591352 1.000000
-0.155575 -1.050433 2.603265 1.000000
-0.319610 -1.046184 2.427022 0.000000
-0.113581 -1.034732 2.442136 0.019231
-0.267187 0.190876 2.038818 1.000000
-0.439354 0.051434 2.314165 1.000000
-0.081536 0.076626 2.344687 1.000000
-0.249594 0.026036 2.233571 0.000000
-0.272387 0.043740 2.486159 0.000000
-0.490342 -0.204264 2.511971 0.000000
-0.066690 -0.196642 2.574328 0.057692
-0.292497 -0.115361 2.627739 0.000000
-0.418854 -0.234365 2.314983 1.000000
-0.070274 -0.209639 2.339433 1.000000
-0.372352 -0.532600 2.284354 1.000000
-0.106475 -0.507908 2.297365 1.000000
-0.361733 -0.600409 2.287464 0.627404
-0.121423 -0.572857 2.280673 0.829327
-0.348913 -0.675137 2.637042 1.000000
-0.113572 -0.661909 2.682577 0.292308
-0.349466 -1.069245 2.598381 1.000000
-0.144359 -1.043301 2.580556 1.000000
-0.323014 -1.053159 2.434021 0.000000
-0.093908 -1.005907 2.425543 0.000000
-0.267471 0.169274 2.032822 1.000000
-0.437150 0.032414 2.309077 1.000000
-0.078860 0.051916 2.338197 1.000000
-0.248124 0.003551 2.227925 0.000000
-0.269701 0.022805 2.480507 0.000000
-0.496809 -0.218733 2.515689 0.000000
-0.072641 -0.214801 2.574792 0.000000
-0.297419 -0.132379 2.630733 0.000000
-0.414733 -0.256547 2.309095 1.000000
-0.081568 -0.237652 2.326183 1.000000
-0.362488 -0.555387 2.262839 1.000000
-0.126490 -0.537713 2.280150 1.000000
-0.361272 -0.623887 2.268000 0.593750
-0.145786 -0.601817 2.264697 0.711538
-0.345211 -0.689169 2.651509 1.000000
-0.085857 -0.672244 2.670054 0.373077
-0.354313 -1.079174 2.583470 1.000000
-0.170353 -1.050990 2.591138 1.000000
-0.324528 -1.051564 2.421226 0.000000
-0.073826 -1.044102 2.454728 0.000000
-0.258231 0.138534 2.023755 1.000000
-0.435135 0.030946 2.308179 1.000000
-0.076930 0.050278 2.338434 1.000000
-0.245863 0.001778 2.227714 0.000000
-0.268257 0.021612 2.480179 0.000000
-0.497684 -0.214380 2.511016 0.096154
-0.075949 -0.223629 2.585050 0.019231
-0.299607 -0.132786 2.631664 0.000000
-0.413256 -0.258512 2.305573 1.000000
-0.083988 -0.239494 2.322488 1.000000
-0.360503 -0.557683 2.258760 1.000000
-0.128569 -0.540022 2.275873 1.000000
-0.361084 -0.625657 2.248780 0.644231
-0.142923 -0.606187 2.264183 0.526442
-0.340556 -0.685587 2.652194 1.000000
-0.075971 -0.671118 2.658006 0.234615
-0.356259 -1.073510 2.574185 1.000000
-0.165927 -1.051612 2.595172 1.000000
-0.313670 -1.043282 2.415298 0.000000
-0.056848 -1.056479 2.468481 0.000000
-0.257903 0.141666 2.025088 1.000000
-0.431801 0.032177 2.305275 1.000000
-0.073889 0.050337 2.339473 1.000000
-0.241747 0.002124 2.227007 0.000000
-0.266885 0.022732 2.479152 0.000000
-0.486125 -0.223069 2.533626 0.000000
-0.058746 -0.213792 2.559866 0.000000
-0.279623 -0.135857 2.634617 0.000000
-0.413109 -0.258078 2.302422 1.000000
-0.081588 -0.239852 2.321121 1.000000
-0.361467 -0.557564 2.252486 1.000000
-0.132051 -0.537673 2.261053 1.000000
-0.355843 -0.625946 2.256037 0.526442
-0.167352 -0.593721 2.279296 0.375000
-0.328128 -0.693801 2.657239 0.900000
-0.094760 -0.682519 2.658601 0.511539
-0.365665 -1.076826 2.563975 1.000000
-0.159143 -1.068248 2.596281 1.000000
-0.341713 -1.039885 2.402623 0.000000
-0.115663 -1.049588 2.435863 0.000000
-0.276137 0.131979 2.025677 1.000000
-0.433518 0.034867 2.311325 1.000000
-0.075195 0.054751 2.339773 1.000000
-0.244647 0.007581 2.229272 0.000000
-0.265590 0.023198 2.482158 0.000000
-0.476186 -0.225980 2.541346 0.153846
-0.048318 -0.208597 2.548739 0.000000
-0.267115 -0.135247 2.633569 0.000000
-0.407799 -0.254596 2.299302 1.000000
-0.081766 -0.234949 2.314763 1.000000
-0.356399 -0.553911 2.248230 1.000000
-0.132140 -0.533172 2.256748 1.000000
-0.346368 -0.620753 2.260556 0.358173
-0.169350 -0.590340 2.248522 0.661058
-0.321296 -0.695460 2.659038 0.880769
-0.101797 -0.683644 2.660687 0.580769
-0.371070 -1.076087 2.561767 1.000000
-0.155486 -1.069230 2.588183 1.000000
-0.353251 -1.037103 2.400103 0.000000
-0.131747 -1.041835 2.424909 0.000000
-0.285465 0.139186 2.032350 1.000000
-0.432958 0.045763 2.315730 1.000000
-0.074152 0.066540 2.336379 1.000000
-0.245909 0.020612 2.228957 0.000000
-0.261149 0.031824 2.482484 0.000000
-0.467641 -0.220677 2.539563 0.115385
-0.039607 -0.206415 2.536199 0.105769
-0.255654 -0.131686 2.626686 0.000000
-0.411563 -0.243488 2.302782 1.000000
-0.076639 -0.223004 2.315182 1.000000
-0.353441 -0.538556 2.239089 1.000000
-0.127144 -0.516498 2.238956 1.000000
-0.353751 -0.605701 2.224532 0.240385
-0.152575 -0.580005 2.232589 0.425481
-0.332577 -0.692953 2.647547 0.965385
-0.106192 -0.683561 2.644802 0.657692
-0.361738 -1.079864 2.568396 1.000000
-0.149452 -1.074135 2.595850 1.000000
-0.357958 -1.046626 2.404526 0.000000
-0.139961 -1.054405 2.430040 0.000000
-0.285691 0.156093 2.037211 1.000000
-0.433805 0.060895 2.325163 1.000000
-0.074842 0.084769 2.338419 1.000000
-0.248666 0.042770 2.232727 0.000000
-0.257854 0.039864 2.486776 0.000000
-0.462995 -0.208447 2.540756 0.201923
-0.034911 -0.197433 2.533694 0.211538
-0.249450 -0.124637 2.629203 0.000000
-0.416477 -0.227457 2.310321 1.000000
-0.067127 -0.204009 2.323745 1.000000
-0.351725 -0.518025 2.238364 1.000000
-0.124305 -0.492556 2.238473 1.000000
-0.344109 -0.585667 2.229044 0.173077
-0.138676 -0.558408 2.225153 0.257212
-0.327416 -0.685177 2.635399 1.000000
-0.099983 -0.677187 2.627469 0.861538
-0.362018 -1.074262 2.570349 1.000000
-0.156983 -1.068754 2.611903 1.000000
-0.360157 -1.046846 2.405372 0.000000
-0.146201 -1.063691 2.445078 0.000000
-0.282069 0.191763 2.044602 1.000000
-0.436583 0.085702 2.336993 1.000000
-0.077746 0.113883 2.343452 1.000000
-0.253586 0.077418 2.239049 0.000000
-0.256393 0.055117 2.492285 0.000000
-0.464793 -0.201380 2.512577 0.451923
-0.037450 -0.191752 2.539287 0.355769
-0.258672 -0.120177 2.619201 0.000000
-0.426649 -0.201077 2.331143 1.000000
-0.054295 -0.172140 2.347413 1.000000
-0.353035 -0.481994 2.241602 1.000000
-0.103014 -0.454309 2.245637 1.000000
-0.336422 -0.545515 2.221364 0.000000
-0.116537 -0.516518 2.219798 0.105769
-0.333415 -0.679626 2.618423 1.000000
-0.105279 -0.672662 2.610294 1.000000
-0.366274 -1.070665 2.565278 1.000000
-0.138553 -1.067213 2.604137 1.000000
-0.351316 -1.049466 2.400052 0.000000
-0.119304 -1.066244 2.438001 0.000000
-0.265717 0.266431 2.071922 1.000000
-0.439836 0.147102 2.351692 1.000000
-0.080652 0.166980 2.365538 1.000000
-0.256034 0.153063 2.255098 0.000000
-0.261765 0.085877 2.500224 0.000000
-0.460398 -0.169910 2.486402 0.788462
-0.032439 -0.174341 2.502486 0.798077
-0.249370 -0.101543 2.592428 0.000000
-0.455497 -0.133526 2.372584 1.000000
-0.031451 -0.109645 2.387722 1.000000
-0.376915 -0.405954 2.279515 1.000000
-0.069757 -0.378981 2.265065 1.000000
-0.359381 -0.468838 2.258101 0.000000
-0.078505 -0.441279 2.237445 0.000000
-0.349051 -0.656205 2.583412 1.000000
-0.107186 -0.655622 2.578757 1.000000
-0.356145 -1.050873 2.615076 1.000000
-0.135806 -1.048385 2.620392 1.000000
-0.350026 -1.064349 2.448483 0.000000
-0.121087 -1.067008 2.454834 0.009615
-0.255506 0.373544 2.129197 1.000000
-0.442749 0.181428 2.378107 1.000000
-0.083540 0.203919 2.386048 1.000000
-0.261599 0.204358 2.279070 0.000000
-0.260264 0.101021 2.511349 0.000000
-0.464105 -0.150328 2.464603 0.548077
-0.036327 -0.146938 2.485138 0.932692
-0.255631 -0.084475 2.577075 0.000000
-0.473556 -0.094854 2.388509 1.000000
-0.008385 -0.062466 2.413970 1.000000
-0.399360 -0.366097 2.300854 1.000000
-0.039195 -0.328464 2.291263 1.000000
-0.383007 -0.429487 2.280004 0.000000
-0.045913 -0.390828 2.263228 0.105769
-0.351194 -0.637592 2.563369 1.000000
-0.109466 -0.633740 2.561677 1.000000
-0.357362 -1.030959 2.608540 1.000000
-0.138749 -1.023184 2.627187 1.000000
-0.349331 -1.050142 2.442588 0.000000
-0.120741 -1.052083 2.463440 0.197115
-0.260956 0.439699 2.186087 1.000000
-0.443846 0.207545 2.397110 1.000000
-0.084290 0.223613 2.404953 1.000000
-0.262857 0.237904 2.299791 0.000000
-0.261987 0.110927 2.520041 0.000000
-0.465278 -0.135323 2.452520 0.769231
-0.037407 -0.128772 2.470140 0.759615
-0.256595 -0.074917 2.567631 0.000000
-0.499266 -0.062623 2.402499 1.000000
0.002372 -0.036106 2.438523 1.000000
-0.429564 -0.335973 2.326817 1.000000
-0.009713 -0.298499 2.310812 1.000000
-0.416178 -0.399666 2.304809 0.021635
-0.027597 -0.352864 2.272798 0.173077
-0.350362 -0.624571 2.550200 1.000000
-0.109926 -0.619915 2.543477 1.000000
-0.353266 -1.013560 2.624331 1.000000
-0.139088 -1.003317 2.638179 1.000000
-0.346572 -1.044893 2.460179 0.000000
-0.119976 -1.044529 2.477216 0.197115
-0.264495 0.478789 2.228514 1.000000
-0.446162 0.215380 2.422549 1.000000
-0.086823 0.235569 2.430798 1.000000
-0.266148 0.259378 2.328695 0.000000
-0.262316 0.107796 2.532759 0.000000
-0.457637 -0.137575 2.435453 0.990385
-0.031437 -0.104953 2.462232 1.000000
-0.254912 -0.077857 2.561090 0.000000
-0.505650 -0.051280 2.441891 1.000000
0.002997 -0.020484 2.468081 1.000000
-0.471380 -0.322365 2.344709 1.000000
0.014259 -0.282027 2.343282 1.000000
-0.463371 -0.383805 2.315021 0.122596
0.034482 -0.323407 2.292300 0.307692
-0.353699 -0.621939 2.537769 1.000000
-0.115673 -0.610104 2.525899 1.000000
-0.354722 -1.009207 2.620462 1.000000
-0.139343 -0.989519 2.636803 1.000000
-0.343939 -1.044088 2.457246 0.000000
-0.120329 -1.037231 2.477635 0.254808
-0.271978 0.507553 2.285323 1.000000
-0.447193 0.222052 2.443493 1.000000
-0.088038 0.245112 2.452186 1.000000
-0.268135 0.277144 2.353758 0.000000
-0.261686 0.105907 2.541560 0.000000
-0.462961 -0.136629 2.441642 1.000000
-0.036639 -0.096487 2.449756 0.778846
-0.255433 -0.079974 2.560683 0.000000
-0.509097 -0.043643 2.454960 1.000000
0.000556 -0.011732 2.479389 1.000000
-0.497814 -0.317849 2.364016 1.000000
0.027237 -0.278365 2.370843 1.000000
-0.495665 -0.382423 2.340651 0.088942
0.053810 -0.323434 2.326312 0.576923
-0.357191 -0.619950 2.536154 1.000000
-0.118423 -0.605243 2.517467 1.000000
-0.346658 -1.004597 2.629703 1.000000
-0.138525 -0.981957 2.637875 1.000000
-0.343818 -1.044042 2.467196 0.028846
-0.126410 -1.033330 2.479172 0.211538
-0.275143 0.514240 2.310286 1.000000
-0.451273 0.224596 2.458311 1.000000
-0.092199 0.248872 2.467051 1.000000
-0.272831 0.285814 2.371361 0.000000
-0.264836 0.103740 2.548614 0.000000
-0.464141 -0.131663 2.426913 1.000000
-0.039154 -0.092005 2.462136 1.000000
-0.264216 -0.080050 2.560383 0.000000
-0.511408 -0.042420 2.463156 1.000000
-0.004822 -0.010079 2.482764 1.000000
-0.514664 -0.324988 2.398677 1.000000
0.034294 -0.287660 2.409065 1.000000
-0.516668 -0.387808 2.370927 0.072115
0.049710 -0.327097 2.354959 0.509615
-0.358093 -0.615320 2.532089 1.000000
-0.121322 -0.602077 2.514692 1.000000
-0.353580 -1.001139 2.621187 1.000000
-0.133161 -0.982314 2.624671 1.000000
-0.338801 -1.038461 2.458826 0.000000
-0.112490 -1.029021 2.465411 0.096154
-0.277378 0.514923 2.324774 1.000000
