-0.471461 0.361211 2.832473 0.528846
-0.084328 0.434236 2.598895 1.000000
-0.337422 0.477572 2.641985 0.173077
-0.217149 0.250245 2.770257 0.000000
-0.413289 0.026316 2.738631 0.000000
-0.039889 0.048795 2.502652 1.000000
-0.147515 0.034778 2.745499 0.000000
-0.495709 0.114994 2.673346 0.861538
0.045695 0.175057 2.647822 1.000000
-0.419036 -0.193133 2.604716 1.000000
0.055395 -0.141478 2.575918 1.000000
-0.384447 -0.273069 2.626358 0.509615
0.003979 -0.214449 2.566641 0.963942
-0.283036 -0.590918 2.656264 1.000000
-0.064644 -0.571194 2.639994 1.000000
-0.255122 -1.083311 2.717730 1.000000
-0.058295 -1.063067 2.710918 1.000000
-0.373302 -1.113629 2.528533 0.000000
-0.171784 -1.092249 2.518694 0.000000
-0.244567 0.692894 2.515157 1.000000
-0.471540 0.359836 2.837541 0.490385
-0.092720 0.434623 2.591235 1.000000
-0.345177 0.474521 2.640890 0.360577
-0.217232 0.251960 2.770093 0.000000
-0.411330 0.028963 2.739213 0.000000
-0.045449 0.056113 2.492204 1.000000
-0.145611 0.041097 2.738165 0.000000
-0.495347 0.122520 2.666620 0.692308
0.044164 0.181084 2.646309 1.000000
-0.418091 -0.185427 2.601777 1.000000
0.047906 -0.133331 2.568365 1.000000
-0.379751 -0.265958 2.611732 0.341346
0.012366 -0.215251 2.559406 0.795673
-0.281430 -0.586516 2.646289 1.000000
-0.062463 -0.563280 2.642749 1.000000
-0.255195 -1.076904 2.722706 1.000000
-0.057490 -1.052434 2.730570 1.000000
-0.377079 -1.112396 2.536787 0.000000
-0.174509 -1.087572 2.541486 0.000000
-0.236897 0.690502 2.511511 1.000000
-0.471187 0.365482 2.833342 0.471154
-0.089362 0.441323 2.592051 1.000000
-0.342103 0.482016 2.639567 0.360577
-0.216787 0.257041 2.767156 0.000000
-0.413855 0.030812 2.735795 0.000000
-0.045065 0.057962 2.493149 1.000000
-0.148144 0.042989 2.737905 0.000000
-0.495517 0.134406 2.654446 0.815385
0.045620 0.185822 2.641574 1.000000
-0.419407 -0.173257 2.587940 1.000000
0.050558 -0.128236 2.563035 1.000000
-0.391956 -0.258190 2.597277 0.711538
0.003383 -0.204427 2.558151 1.000000
-0.277379 -0.584455 2.639565 1.000000
-0.058633 -0.560071 2.645806 1.000000
-0.253859 -1.074830 2.716946 1.000000
-0.058270 -1.051877 2.717462 1.000000
-0.372314 -1.110201 2.528801 0.000000
-0.173839 -1.079816 2.526296 0.000000
-0.219496 0.684212 2.502004 1.000000
-0.468917 0.371540 2.825541 0.528846
-0.083262 0.439869 2.588126 1.000000
-0.335463 0.485999 2.633496 0.317308
-0.216396 0.257724 2.761209 0.000000
-0.419915 0.033928 2.727970 0.000000
-0.047858 0.057402 2.489974 1.000000
-0.154202 0.044933 2.733470 0.000000
-0.498049 0.136937 2.649505 0.846154
0.045454 0.180151 2.641293 1.000000
-0.434570 -0.174613 2.579814 1.000000
0.043708 -0.136778 2.567345 1.000000
-0.410330 -0.260898 2.575141 0.694712
-0.004486 -0.211399 2.554562 1.000000
-0.272521 -0.582498 2.642380 1.000000
-0.051950 -0.556667 2.645219 1.000000
-0.258571 -1.070205 2.737018 1.000000
-0.052652 -1.048551 2.716336 1.000000
-0.371672 -1.110398 2.546561 0.000000
-0.164952 -1.076314 2.523206 0.000000
-0.217685 0.687501 2.496560 1.000000
-0.466499 0.371546 2.819607 0.500000
-0.079428 0.432701 2.582542 1.000000
-0.330678 0.483769 2.627903 0.230769
-0.216278 0.252846 2.755120 0.000000
-0.417977 0.031011 2.726734 0.192308
-0.044145 0.058876 2.492016 1.000000
-0.152470 0.045129 2.734569 0.000000
-0.494262 0.138945 2.640190 0.907692
0.050067 0.174029 2.640516 1.000000
-0.440852 -0.174567 2.569211 1.000000
0.047067 -0.143799 2.568902 1.000000
-0.442800 -0.262730 2.552546 0.930288
-0.003089 -0.217988 2.562992 1.000000
-0.271443 -0.584027 2.644359 1.000000
-0.048991 -0.557072 2.645021 1.000000
-0.256900 -1.074348 2.724255 1.000000
-0.054615 -1.048507 2.718973 1.000000
-0.370941 -1.108855 2.533244 0.000000
-0.163964 -1.076565 2.524199 0.000000
-0.194471 0.681436 2.494344 1.000000
-0.461219 0.372656 2.811638 0.596154
-0.072697 0.431796 2.576442 1.000000
-0.324365 0.482816 2.619472 0.278846
-0.210291 0.253768 2.750319 0.000000
-0.413199 0.030966 2.725583 0.384615
-0.038615 0.052842 2.491430 1.000000
-0.147720 0.045337 2.733906 0.000000
-0.488154 0.138919 2.634421 1.000000
0.055536 0.174779 2.641597 1.000000
-0.441481 -0.175410 2.564894 1.000000
0.053791 -0.143351 2.573903 1.000000
-0.453420 -0.263116 2.579705 0.745192
0.003482 -0.217123 2.564897 1.000000
-0.269857 -0.585924 2.641480 1.000000
-0.046431 -0.561692 2.647608 1.000000
-0.261229 -1.075341 2.727530 1.000000
-0.056443 -1.052514 2.725081 1.000000
-0.373783 -1.111026 2.535855 0.000000
-0.165419 -1.081057 2.530169 0.000000
-0.196953 0.686000 2.487743 1.000000
-0.455906 0.378927 2.790980 0.576923
-0.056890 0.439173 2.574367 1.000000
-0.310462 0.489447 2.605444 0.543269
-0.202007 0.260779 2.741627 0.000000
-0.403146 0.036958 2.720828 0.807692
-0.018309 0.053415 2.503458 1.000000
-0.138041 0.045522 2.740854 0.000000
-0.472026 0.140498 2.615545 1.000000
0.071364 0.181408 2.644937 1.000000
-0.443359 -0.181578 2.564290 1.000000
0.074288 -0.140581 2.585950 1.000000
-0.443826 -0.254718 2.512284 0.610577
0.044678 -0.224739 2.576195 1.000000
-0.265450 -0.582150 2.647657 1.000000
-0.045427 -0.562064 2.654115 1.000000
-0.264249 -1.071914 2.732151 1.000000
-0.055248 -1.054036 2.723944 1.000000
-0.369679 -1.105981 2.536179 0.000000
-0.158277 -1.080147 2.525488 0.000000
-0.183368 0.679821 2.465783 1.000000
-0.443150 0.377701 2.781231 0.875000
-0.042914 0.429156 2.564604 1.000000
-0.295469 0.484526 2.595300 0.533654
-0.191589 0.254383 2.732560 0.000000
-0.394406 0.036857 2.719178 0.682692
-0.009141 0.046615 2.502164 1.000000
-0.129270 0.043633 2.739471 0.000000
-0.461844 0.139736 2.605028 1.000000
0.071706 0.166241 2.640438 1.000000
-0.435291 -0.183343 2.557429 1.000000
0.074706 -0.157562 2.590631 1.000000
-0.413501 -0.265004 2.527244 0.795673
0.039035 -0.239644 2.583962 1.000000
-0.265432 -0.584462 2.651286 1.000000
-0.046876 -0.567354 2.660829 1.000000
-0.262831 -1.075726 2.726529 1.000000
-0.053323 -1.059926 2.726709 1.000000
-0.370152 -1.106242 2.530999 0.000000
-0.158505 -1.084959 2.529247 0.000000
-0.176948 0.675076 2.454230 1.000000
-0.426094 0.380579 2.770185 1.000000
-0.022886 0.425396 2.557632 1.000000
-0.274554 0.485642 2.586366 0.432692
-0.176617 0.252540 2.723001 0.000000
-0.391565 0.038534 2.722659 0.451923
-0.004197 0.040679 2.509210 1.000000
-0.126606 0.044647 2.745335 0.000000
-0.449514 0.145036 2.591593 1.000000
0.080021 0.159510 2.639060 1.000000
-0.426744 -0.180640 2.566182 1.000000
0.084443 -0.164891 2.594761 1.000000
-0.398937 -0.245629 2.510886 0.829327
0.036284 -0.240537 2.598330 1.000000
-0.265991 -0.585054 2.659340 1.000000
-0.045931 -0.571602 2.667266 1.000000
-0.256668 -1.077342 2.726977 1.000000
-0.049343 -1.066045 2.717495 1.000000
-0.363331 -1.106308 2.530851 0.000000
-0.154827 -1.085425 2.519558 0.000000
-0.163592 0.667387 2.438634 1.000000
-0.405547 0.380630 2.753055 1.000000
-0.003433 0.417973 2.537012 1.000000
-0.254318 0.481088 2.566427 0.471154
-0.157617 0.249440 2.706374 0.000000
-0.387213 0.049189 2.726495 0.115385
-0.002935 0.030019 2.508360 1.000000
-0.121893 0.049452 2.745481 0.000000
-0.447129 0.141193 2.584403 1.000000
0.089630 0.152251 2.627716 1.000000
-0.397469 -0.181201 2.566773 1.000000
0.081786 -0.173227 2.601079 1.000000
-0.367857 -0.251556 2.519574 0.963942
0.035480 -0.250058 2.598427 1.000000
-0.261613 -0.580775 2.674851 1.000000
-0.045865 -0.573188 2.683131 1.000000
-0.253801 -1.075673 2.719841 1.000000
-0.058754 -1.069123 2.712994 1.000000
-0.360172 -1.095300 2.522405 0.000000
-0.169076 -1.078061 2.516958 0.000000
-0.158786 0.640682 2.398553 1.000000
-0.407392 0.393381 2.727432 1.000000
0.001811 0.410319 2.522420 1.000000
-0.249114 0.477863 2.538745 0.302885
-0.159681 0.256674 2.698977 0.000000
-0.387188 0.041945 2.733631 0.000000
-0.000526 0.041182 2.518895 1.000000
-0.122373 0.055145 2.754931 0.000000
-0.438398 0.150326 2.562415 1.000000
0.108210 0.150324 2.613768 1.000000
-0.383953 -0.171307 2.566411 1.000000
0.085212 -0.174616 2.596259 1.000000
-0.342875 -0.249725 2.551661 0.896635
0.038041 -0.248969 2.613607 1.000000
-0.260100 -0.581733 2.685523 1.000000
-0.040243 -0.568536 2.689886 1.000000
-0.252095 -1.076341 2.733567 1.000000
-0.167570 -1.048456 2.711639 1.000000
-0.360915 -1.097138 2.537590 0.000000
-0.245294 -1.037399 2.500646 0.000000
-0.154869 0.633108 2.366516 1.000000
-0.390498 0.387213 2.717839 1.000000
0.013469 0.397158 2.502257 1.000000
-0.237433 0.463956 2.521692 0.336538
-0.142637 0.250756 2.689491 0.000000
-0.381109 0.049677 2.738710 0.000000
0.005869 0.012597 2.527777 1.000000
-0.116043 0.053486 2.760630 0.000000
-0.426427 0.143105 2.554353 1.000000
0.116384 0.139818 2.606121 1.000000
-0.373998 -0.179399 2.563568 1.000000
0.082786 -0.185128 2.595226 1.000000
-0.319408 -0.250613 2.561886 1.000000
0.030412 -0.255475 2.614266 1.000000
-0.259101 -0.583911 2.707956 1.000000
-0.040027 -0.584359 2.705695 1.000000
-0.247741 -1.080632 2.720113 1.000000
-0.064693 -1.080739 2.708394 1.000000
-0.350604 -1.087883 2.519994 0.000000
-0.173184 -1.076420 2.511183 0.000000
-0.135994 0.600516 2.336520 1.000000
-0.375823 0.378318 2.688269 1.000000
0.028320 0.371158 2.472907 1.000000
-0.222964 0.438041 2.486133 0.336538
-0.127191 0.241243 2.672399 0.000000
-0.369599 0.049056 2.752035 0.000000
0.018054 -0.002521 2.545431 1.000000
-0.104637 0.058969 2.773293 0.000000
-0.410855 0.123677 2.542248 1.000000
0.121984 0.118111 2.593663 1.000000
-0.354610 -0.197141 2.564401 1.000000
0.084707 -0.206210 2.594703 1.000000
-0.293078 -0.255654 2.593458 1.000000
0.033866 -0.278772 2.580412 0.829327
-0.254454 -0.585805 2.728861 1.000000
-0.033844 -0.593638 2.727818 1.000000
-0.256497 -1.082545 2.712928 1.000000
-0.056239 -1.089685 2.706747 1.000000
-0.356854 -1.075673 2.511527 0.000000
-0.165365 -1.076414 2.510287 0.000000
-0.129280 0.547372 2.284804 1.000000
-0.375073 0.359428 2.661890 1.000000
0.035216 0.346700 2.458753 1.000000
-0.217873 0.407826 2.460055 0.250000
-0.122882 0.228063 2.663177 0.000000
-0.361164 0.035321 2.752573 0.000000
0.033565 -0.020207 2.560934 0.961538
-0.097256 0.053335 2.780553 0.000000
-0.396848 0.096144 2.529561 1.000000
0.124875 0.092237 2.579213 1.000000
-0.334887 -0.221338 2.572435 1.000000
0.091355 -0.232176 2.589273 1.000000
-0.281425 -0.292499 2.583936 0.711538
0.026462 -0.294166 2.588559 1.000000
-0.250213 -0.597447 2.736921 1.000000
-0.031849 -0.608992 2.744302 1.000000
-0.258126 -1.094260 2.725836 1.000000
-0.060919 -1.103264 2.701180 1.000000
-0.351934 -1.088202 2.521276 0.000000
-0.162429 -1.079882 2.501605 0.000000
-0.129144 0.504044 2.252375 1.000000
-0.364368 0.311927 2.651719 1.000000
0.041882 0.322894 2.440521 1.000000
-0.214602 0.367362 2.446076 0.211538
-0.104119 0.197360 2.649767 0.000000
-0.362185 -0.003238 2.771345 0.000000
0.031507 -0.041737 2.573496 0.807692
-0.099849 0.035921 2.791372 0.000000
-0.385099 0.050454 2.517853 1.000000
0.122586 0.070107 2.568197 1.000000
-0.317688 -0.262514 2.574984 1.000000
0.091641 -0.253288 2.582794 1.000000
-0.260938 -0.312858 2.622935 0.543269
0.030979 -0.318862 2.574160 0.862981
-0.247433 -0.625736 2.742661 1.000000
-0.031797 -0.634689 2.751964 1.000000
-0.250115 -1.122423 2.725254 1.000000
-0.063836 -1.126158 2.685329 1.000000
-0.349611 -1.114814 2.523453 0.000000
-0.166573 -1.092683 2.487830 0.000000
-0.136203 0.464080 2.235096 1.000000
-0.362012 0.294914 2.624066 1.000000
0.043166 0.267846 2.412260 1.000000
-0.213273 0.312899 2.411123 0.437500
-0.101810 0.181502 2.641140 0.000000
-0.346962 -0.019694 2.786783 0.000000
0.044948 -0.067287 2.587382 0.692308
-0.085442 0.027335 2.799042 0.000000
-0.372589 0.028889 2.500359 1.000000
0.116244 0.018360 2.548640 1.000000
-0.324054 -0.279440 2.588022 1.000000
0.075554 -0.302294 2.573750 1.000000
-0.267701 -0.338237 2.550319 0.677885
0.032816 -0.371323 2.611995 0.694712
-0.245954 -0.635841 2.738866 1.000000
-0.033116 -0.654733 2.756613 1.000000
-0.259401 -1.131972 2.712748 1.000000
-0.067134 -1.145162 2.683597 1.000000
-0.358312 -1.118668 2.510954 0.000000
-0.170346 -1.108714 2.486874 0.000000
-0.132656 0.384287 2.186951 1.000000
-0.343574 0.254530 2.617840 1.000000
0.049679 0.225728 2.384845 1.000000
-0.208070 0.260962 2.395603 0.399038
-0.078301 0.152618 2.628022 0.000000
-0.336321 -0.039656 2.798662 0.000000
0.049974 -0.087237 2.588584 0.403846
-0.075816 0.014110 2.799915 0.000000
-0.370312 -0.005465 2.485690 1.000000
0.120933 -0.012386 2.539763 1.000000
-0.309613 -0.308512 2.581015 1.000000
0.078152 -0.331483 2.570658 1.000000
-0.267085 -0.387541 2.580544 0.846154
0.023074 -0.402283 2.573515 0.896635
-0.245859 -0.648426 2.732437 1.000000
-0.033743 -0.672195 2.756773 1.000000
-0.263826 -1.144756 2.713953 1.000000
-0.061886 -1.161601 2.674930 1.000000
-0.368221 -1.133561 2.514811 0.000000
-0.170941 -1.123032 2.481796 0.000000
-0.136522 0.330098 2.163148 1.000000
-0.359355 0.214098 2.531400 1.000000
0.080032 0.179186 2.406965 1.000000
-0.174533 0.173185 2.352629 0.000000
-0.096820 0.165442 2.629212 0.000000
-0.335015 -0.075422 2.769636 0.086538
0.083513 -0.091053 2.627474 0.211538
-0.084059 0.001960 2.811928 0.000000
-0.353505 -0.079889 2.535328 1.000000
0.113816 -0.081590 2.538617 1.000000
-0.281539 -0.394075 2.575005 1.000000
0.063830 -0.401212 2.567036 1.000000
-0.242171 -0.474331 2.582969 0.072115
-0.003094 -0.460586 2.574124 0.627404
-0.241036 -0.668259 2.723443 1.000000
-0.031854 -0.683631 2.742442 1.000000
-0.256760 -1.164356 2.697967 1.000000
-0.061847 -1.175109 2.674927 1.000000
-0.331287 -1.151106 2.485950 0.000000
-0.132952 -1.141787 2.463941 0.000000
-0.138506 0.289871 2.112163 1.000000
-0.374250 0.136696 2.515050 1.000000
0.067233 0.131332 2.393279 1.000000
-0.184386 0.085664 2.344347 0.000000
-0.108653 0.137921 2.616617 0.000000
-0.344149 -0.112013 2.758207 0.000000
0.086840 -0.127865 2.660140 0.230769
-0.099819 -0.027652 2.820984 0.000000
-0.344477 -0.154848 2.539151 1.000000
0.106374 -0.125283 2.531411 1.000000
-0.265068 -0.466842 2.581609 1.000000
0.056487 -0.444257 2.566268 1.000000
-0.235247 -0.549975 2.597549 0.072115
0.007513 -0.505976 2.609241 0.375000
-0.237668 -0.692382 2.688019 1.000000
-0.030185 -0.711761 2.714249 1.000000
-0.268698 -1.188289 2.699096 1.000000
-0.064008 -1.206160 2.676374 1.000000
-0.317590 -1.190138 2.479352 0.000000
-0.110752 -1.186162 2.457066 0.000000
-0.097034 0.163763 2.099783 1.000000
-0.367118 0.098246 2.518392 1.000000
0.072694 0.086193 2.391175 1.000000
-0.179736 0.039865 2.347303 0.000000
-0.100201 0.102105 2.616370 0.000000
-0.353463 -0.143119 2.765594 0.000000
0.075526 -0.158544 2.659059 0.250000
-0.108057 -0.058338 2.823409 0.000000
-0.347862 -0.194413 2.533331 1.000000
0.105804 -0.168142 2.534215 1.000000
-0.255011 -0.499305 2.593321 1.000000
0.048935 -0.485634 2.568026 1.000000
-0.223894 -0.578238 2.622574 0.173077
-0.011432 -0.532128 2.615446 0.459135
-0.242132 -0.716108 2.666173 1.000000
-0.022998 -0.738618 2.692984 1.000000
-0.260320 -1.210918 2.709086 0.872356
-0.067696 -1.233592 2.689654 1.000000
-0.310414 -1.228053 2.490275 0.000000
-0.110493 -1.228241 2.468699 0.000000
-0.099766 0.100629 2.099366 1.000000
-0.369764 0.040781 2.505893 1.000000
0.073807 0.040321 2.391835 1.000000
-0.173829 -0.027499 2.348605 0.000000
-0.106832 0.074656 2.608745 0.000000
-0.370597 -0.166039 2.775121 0.000000
0.053477 -0.180002 2.650277 0.086538
-0.124859 -0.072766 2.815962 0.000000
-0.341849 -0.247666 2.554098 1.000000
0.112435 -0.212536 2.536319 1.000000
-0.248670 -0.555786 2.594518 1.000000
0.039280 -0.526078 2.576236 1.000000
-0.222548 -0.640804 2.606515 0.000000
0.004145 -0.581902 2.637093 0.543269
-0.235869 -0.723736 2.645741 1.000000
-0.026151 -0.751149 2.681007 1.000000
-0.266217 -1.203653 2.771310 0.759856
-0.057706 -1.247012 2.692562 0.762981
-0.301353 -1.257858 2.555651 0.000000
-0.104890 -1.249139 2.472447 0.000000
-0.100988 0.048803 2.087613 1.000000
-0.373787 -0.018787 2.510495 1.000000
0.067453 -0.037252 2.389128 1.000000
-0.179807 -0.115561 2.366279 0.000000
-0.109525 0.038767 2.598314 0.086538
-0.360897 -0.205058 2.801484 0.375000
0.052993 -0.212614 2.645738 0.057692
-0.118361 -0.096411 2.812739 0.000000
-0.339547 -0.307394 2.554038 1.000000
0.115956 -0.283548 2.541927 1.000000
-0.239854 -0.610657 2.612484 1.000000
0.037531 -0.595171 2.587352 1.000000
-0.212053 -0.694400 2.628875 0.000000
-0.011575 -0.670081 2.581732 0.105769
-0.229085 -0.753922 2.683572 1.000000
0.021380 -0.758911 2.646007 1.000000
-0.275228 -1.248668 2.673278 0.547356
-0.133668 -1.228717 2.693454 0.900481
-0.342280 -1.237948 2.458637 0.000000
-0.118726 -1.256164 2.470509 0.000000
-0.109012 -0.033394 2.079069 1.000000
-0.372769 -0.042243 2.506838 1.000000
0.069086 -0.072633 2.390196 1.000000
-0.178413 -0.151490 2.372365 0.000000
-0.108753 0.021245 2.591242 0.548077
-0.338750 -0.224940 2.845581 0.903846
0.044917 -0.233814 2.625716 0.115385
-0.094469 -0.122156 2.822842 0.000000
-0.340441 -0.330416 2.556976 1.000000
0.114131 -0.320169 2.542835 1.000000
-0.255752 -0.635121 2.631804 1.000000
0.047711 -0.634304 2.593071 1.000000
-0.264306 -0.701618 2.691464 0.862981
-0.017747 -0.676026 2.638116 0.307692
-0.200363 -0.772218 2.676586 1.000000
0.007899 -0.801014 2.689017 1.000000
-0.319205 -1.253617 2.710352 0.734856
-0.133264 -1.276264 2.723936 0.997356
-0.385466 -1.252350 2.495202 0.000000
-0.194349 -1.274039 2.507268 0.000000
-0.114506 -0.087320 2.075949 1.000000
-0.368918 -0.044773 2.525826 1.000000
0.063299 -0.111298 2.389711 1.000000
-0.189848 -0.172089 2.386123 0.000000
-0.097162 0.001459 2.595617 0.879808
-0.304328 -0.259083 2.877328 1.000000
0.035950 -0.292417 2.596758 0.000000
-0.061611 -0.171535 2.812685 0.000000
-0.341173 -0.336943 2.549203 1.000000
0.114110 -0.365405 2.529450 1.000000
-0.280031 -0.644801 2.634028 1.000000
0.053075 -0.675413 2.606128 1.000000
-0.257157 -0.722867 2.671935 0.307692
0.002761 -0.722519 2.663610 0.206731
-0.267730 -0.810051 2.709095 1.000000
0.012409 -0.861593 2.722319 1.000000
-0.249235 -1.299433 2.624409 0.847356
-0.140953 -1.332092 2.676280 0.712981
-0.394485 -1.275449 2.454090 0.000000
-0.260309 -1.275353 2.494026 0.000000
-0.124244 -0.179951 2.099900 1.000000
-0.353907 -0.057806 2.582732 1.000000
0.043079 -0.114820 2.364931 1.000000
-0.199443 -0.190102 2.422442 0.000000
-0.079689 0.012200 2.587760 1.000000
-0.281200 -0.258959 2.878241 1.000000
0.035319 -0.308758 2.573355 0.000000
-0.032950 -0.197484 2.805114 0.000000
-0.341893 -0.342815 2.509588 1.000000
0.096833 -0.367056 2.507100 1.000000
-0.300820 -0.632526 2.651524 1.000000
0.046911 -0.670841 2.611920 1.000000
-0.266397 -0.709826 2.621619 0.812500
0.004422 -0.724081 2.670355 1.000000
-0.257235 -0.842566 2.737036 1.000000
0.095568 -0.744422 3.067798 0.000000
-0.264524 -1.332708 2.655077 0.387981
0.206149 -1.198142 2.897741 0.331731
-0.419456 -1.303531 2.494373 0.000000
0.208766 -1.276588 3.108740 0.000000
-0.137450 -0.198981 2.121723 1.000000
-0.313107 -0.050703 2.630178 1.000000
0.039626 -0.093831 2.354877 1.000000
-0.205041 -0.149859 2.424093 0.384615
-0.037343 -0.021154 2.618796 0.634615
-0.300482 -0.258433 2.876809 0.000000
0.043432 -0.299411 2.601738 0.519231
-0.039505 -0.220657 2.841892 0.000000
-0.337042 -0.269107 2.433984 1.000000
0.079228 -0.354449 2.486312 1.000000
-0.321903 -0.546082 2.603898 1.000000
0.054639 -0.659746 2.595876 1.000000
-0.313018 -0.633810 2.620610 1.000000
0.023180 -0.728324 2.644473 1.000000
-0.257755 -0.863509 2.738989 1.000000
0.179087 -0.747671 3.020421 0.000000
-0.266840 -1.359257 2.704929 0.272356
0.479837 -1.119619 3.155375 0.000000
-0.404973 -1.344554 2.527773 0.000000
0.343918 -1.266786 3.052666 0.000000
-0.122365 -0.198805 2.171470 1.000000
-0.139508 -0.035616 2.745676 0.817308
0.028351 -0.189980 2.364403 1.000000
-0.172806 -0.132307 2.519328 0.000000
0.088976 -0.139979 2.637686 0.000000
-0.111153 -0.289074 2.948827 1.000000
0.077107 -0.472511 2.593118 0.000000
0.116597 -0.357954 2.829914 0.418269
-0.252140 -0.049610 2.473762 0.753846
0.083909 -0.446412 2.498472 1.000000
-0.352150 -0.359247 2.475654 1.000000
0.032705 -0.754315 2.590422 1.000000
-0.347033 -0.439228 2.516042 1.000000
0.003836 -0.827759 2.633166 1.000000
-0.320521 -0.815847 2.672438 1.000000
0.205712 -0.944994 2.957260 0.000000
-0.247545 -1.306497 2.703198 0.653606
0.567967 -1.191606 3.191700 0.000000
-0.414216 -1.340531 2.555741 0.000000
0.442296 -1.378376 3.189420 0.000000
-0.125618 -0.090534 2.273145 1.000000
-0.077771 -0.036957 2.801773 0.807692
0.021571 -0.173003 2.392884 1.000000
-0.148735 -0.131806 2.585474 0.000000
0.131070 -0.122868 2.650480 0.000000
-0.008285 -0.394522 2.977978 1.000000
0.033356 -0.469020 2.544002 0.000000
0.151251 -0.478194 2.782269 0.274038
-0.226544 -0.028451 2.547520 0.200000
0.064275 -0.452108 2.477306 1.000000
-0.340585 -0.317871 2.451866 1.000000
0.030544 -0.764874 2.560725 1.000000
-0.348834 -0.402073 2.481808 1.000000
0.011119 -0.847416 2.590119 1.000000
-0.365909 -0.789935 2.585794 1.000000
0.105075 -1.037913 2.799110 0.000000
-0.218383 -1.260837 2.644921 0.534856
0.473115 -1.154804 3.111987 0.000000
-0.387595 -1.330326 2.513698 0.000000
0.420974 -1.372879 3.091849 0.000000
-0.294281 -0.146503 2.369724 1.000000
-0.032758 -0.144921 2.831478 1.000000
0.007677 -0.165547 2.384591 1.000000
-0.134254 -0.132916 2.600421 0.028846
0.129173 -0.244109 2.629389 0.000000
-0.001808 -0.532917 2.968768 1.000000
-0.006161 -0.437002 2.537026 0.000000
0.133832 -0.536822 2.739985 0.000000
-0.238701 -0.100756 2.625283 0.000000
0.072037 -0.441322 2.466352 1.000000
-0.337983 -0.350620 2.441803 1.000000
0.039985 -0.761051 2.518315 1.000000
-0.350439 -0.435594 2.467853 1.000000
0.014629 -0.847048 2.522308 1.000000
-0.381314 -0.772057 2.471942 1.000000
-0.027035 -1.079381 2.710226 1.000000
-0.138278 -1.183077 2.609802 0.906731
0.363855 -1.125382 3.013703 0.000000
-0.266652 -1.305482 2.471172 0.000000
0.336290 -1.348807 3.015341 0.000000
-0.264106 -0.103318 2.388985 1.000000
0.017406 -0.378164 2.850387 1.000000
0.063705 -0.265417 2.414949 1.000000
-0.046316 -0.234914 2.648951 0.000000
0.105725 -0.474450 2.603095 0.000000
-0.197172 -0.717394 2.856106 1.000000
-0.136599 -0.501588 2.474821 0.000000
-0.046725 -0.691187 2.638313 0.000000
-0.157871 -0.237977 2.659226 0.000000
0.059447 -0.553355 2.478121 1.000000
-0.352754 -0.370296 2.434477 1.000000
-0.036005 -0.806903 2.658681 1.000000
-0.379966 -0.455788 2.436726 1.000000
-0.044665 -0.894346 2.640428 1.000000
-0.423838 -0.854536 2.223077 0.876923
-0.309403 -1.142183 2.625224 0.446154
-0.287438 -1.277127 2.446283 0.000000
0.110703 -1.059999 2.877743 0.203606
-0.352811 -1.393858 2.265227 0.000000
0.112845 -1.275087 2.944180 0.000000
-0.092029 -0.106169 2.421096 1.000000
-0.212513 -0.654973 2.895842 1.000000
-0.123460 -0.394540 2.532497 1.000000
-0.214599 -0.611625 2.639116 0.000000
-0.052288 -0.439490 2.802277 0.394231
-0.370574 -0.857585 2.877442 1.000000
-0.259626 -0.587171 2.545497 1.000000
-0.203409 -0.812295 2.675551 0.000000
0.015915 -0.515553 2.772060 1.000000
0.046058 -0.635577 2.522340 1.000000
0.064034 -0.204749 2.687727 0.586538
-0.080309 -0.928227 2.588781 1.000000
0.013570 -0.131010 2.696121 0.000000
-0.138658 -0.978240 2.635132 1.000000
-0.800173 -1.107601 2.547693 0.000000
-0.649001 -1.150390 2.529565 0.000000
-0.610869 -1.562865 2.610201 0.000000
-0.175871 -1.101740 2.673753 0.297356
-0.805008 -1.653143 2.540624 0.000000
-0.161924 -1.324501 2.703149 0.000000
-0.013568 -0.388137 2.583725 1.000000
-0.237005 -0.819260 2.824755 1.000000
-0.055860 -0.551604 2.534320 1.000000
-0.052516 -0.650065 2.753141 0.000000
-0.288737 -0.666883 2.590310 0.000000
-0.441606 -0.752713 2.858537 0.000000
-0.254107 -0.504781 2.543905 1.000000
-0.231029 -0.719292 2.699492 0.000000
-0.235892 -0.534985 2.746364 1.000000
0.107633 -0.794789 2.501310 1.000000
-0.053130 -0.387953 2.520464 0.913462
-0.112968 -1.022956 2.574291 1.000000
-0.018878 -0.332902 2.458411 1.000000
-0.127736 -1.031061 2.662441 1.000000
-0.832882 -1.041602 2.687964 0.000000
-0.750299 -0.952205 2.437819 0.000000
-0.794110 -1.537064 2.692762 0.000000
-0.298426 -1.018037 2.633997 0.378606
-1.017795 -1.554388 2.711362 0.000000
-0.337171 -1.239295 2.648994 0.000000
0.014948 -0.470783 2.520857 1.000000
-0.290446 -0.439467 2.737754 1.000000
-0.096977 -0.430289 2.335489 0.000000
-0.079800 -0.427720 2.585170 0.000000
-0.335852 -0.381601 2.463074 0.000000
-0.319001 -0.612381 2.850099 1.000000
-0.344840 -0.348956 2.495756 1.000000
-0.223653 -0.557493 2.607920 0.000000
-0.200642 -0.162790 2.689073 0.000000
0.016406 -0.609228 2.540696 1.000000
-0.050263 -0.176666 2.400496 1.000000
-0.173171 -0.773775 2.748224 1.000000
-0.057119 -0.091105 2.374290 1.000000
-0.214393 -0.853493 2.748614 1.000000
-0.810828 -0.776419 2.921643 0.000000
-0.840856 -0.761932 2.466937 0.000000
-0.863595 -1.269781 2.893035 0.000000
-0.345503 -0.770659 2.506402 0.953606
-1.047864 -1.257538 3.021784 0.000000
-0.345581 -0.990680 2.458737 0.000000
0.082544 -0.334042 2.468070 1.000000
-0.278551 -0.381668 2.575706 1.000000
-0.147078 -0.201311 2.186181 1.000000
-0.326554 -0.314326 2.337203 0.000000
-0.053214 -0.322683 2.425592 0.000000
-0.396056 -0.442660 2.734346 1.000000
-0.110033 -0.456697 2.397280 0.663462
-0.149353 -0.504017 2.656065 0.000000
-0.351407 -0.096962 2.550511 1.000000
0.020413 -0.376959 2.353796 1.000000
-0.054972 -0.112151 2.416354 1.000000
0.005141 -0.618493 2.571810 1.000000
-0.007889 -0.184610 2.392120 1.000000
-0.022026 -0.677864 2.633384 1.000000
-0.493030 -0.853658 2.977712 0.000000
-0.683666 -0.788877 2.497884 0.000000
-0.620682 -1.332847 2.944664 0.000000
-0.193426 -0.761385 2.574811 1.000000
-0.730492 -1.317104 3.140560 0.000000
-0.196326 -0.966871 2.666726 0.000000
-0.301606 -0.504219 2.424676 0.000000
-0.188885 -0.361250 2.554877 1.000000
-0.341102 -0.210906 2.171151 1.000000
-0.376437 -0.323491 2.403245 0.149038
-0.107243 -0.301833 2.304947 0.000000
-0.375567 -0.378477 2.563591 0.000000
-0.195223 -0.558995 2.202331 0.000000
-0.156650 -0.482735 2.454226 0.000000
-0.389752 -0.146649 2.530114 0.000000
-0.069002 -0.324221 2.182810 0.184615
-0.166056 -0.009915 2.336766 1.000000
0.030587 -0.379440 2.488018 1.000000
-0.085731 -0.023683 2.374352 1.000000
0.038882 -0.459806 2.527094 1.000000
-0.474569 -0.971224 2.726974 0.000000
-0.608922 -0.992476 2.362150 0.000000
-0.574381 -1.453034 2.797016 0.000000
-0.175595 -0.804351 2.516570 0.475481
-0.781781 -1.421969 2.715154 0.000000
-0.135318 -0.992739 2.633056 0.000000
-0.594602 -0.318654 2.364294 0.000000
0.043806 -0.325093 2.582455 1.000000
-0.122663 -0.441142 2.183048 0.000000
-0.050195 -0.262153 2.357700 0.000000
-0.078978 -0.533312 2.448483 0.000000
-0.025944 -0.467222 2.523338 0.144231
-0.341435 -0.693254 2.311220 1.000000
-0.089311 -0.691995 2.395994 0.245192
-0.034159 -0.086227 2.427868 1.000000
-0.381438 -0.393713 2.316535 0.000000
-0.356467 -0.130915 2.411681 1.000000
-0.323550 -0.491489 2.621871 1.000000
-0.388144 -0.212045 2.433336 1.000000
-0.282084 -0.508848 2.699548 1.000000
-0.480898 -0.926056 2.754678 0.000000
-0.607730 -1.023665 2.368351 0.000000
-0.535127 -1.420088 2.754807 0.000000
-0.193912 -0.855531 2.586282 0.000000
-0.758865 -1.395530 2.750415 0.000000
-0.152632 -1.061631 2.666905 0.500000
-0.222316 -0.296144 2.158300 0.625000
0.041064 -0.285975 2.493029 1.000000
-0.218577 -0.499795 2.215621 0.000000
-0.162732 -0.293371 2.364156 0.000000
-0.009713 -0.533073 2.405693 0.000000
0.082945 -0.506694 2.754389 1.000000
-0.182580 -0.769423 2.517557 1.000000
0.065325 -0.724681 2.602976 0.701923
-0.052771 -0.018252 2.412019 1.000000
-0.369541 -0.422562 2.457050 1.000000
-0.361505 -0.122356 2.411736 1.000000
-0.269499 -0.566503 2.731690 1.000000
-0.381856 -0.203446 2.444365 1.000000
-0.226192 -0.533570 2.803065 1.000000
-0.052576 -0.992732 3.153163 0.000000
-0.485039 -1.089985 2.717432 0.000000
-0.201268 -1.460288 3.073846 0.000000
-0.031247 -0.914145 2.616626 0.637981
-0.211619 -1.494697 3.296085 0.000000
0.027234 -1.114049 2.531187 0.004808
-0.219779 -0.133891 2.120386 1.000000
0.044594 -0.385561 2.431302 1.000000
-0.396518 -0.398919 2.457871 1.000000
-0.170033 -0.271226 2.471687 0.000000
-0.161452 -0.558488 2.469732 0.014423
0.097216 -0.626300 2.680372 1.000000
-0.325916 -0.708928 2.779122 1.000000
-0.111228 -0.787265 2.643008 0.004808
-0.015332 -0.096880 2.442499 1.000000
-0.328926 -0.354790 2.741662 1.000000
-0.336042 -0.049211 2.410267 1.000000
-0.031938 -0.405370 2.865784 1.000000
-0.390888 -0.118582 2.425562 1.000000
0.014840 -0.346311 2.817017 0.980769
0.254047 -1.002851 3.134079 0.000000
-0.482432 -1.126504 2.794695 0.080769
0.173012 -1.493102 3.143845 0.000000
-0.009684 -1.166249 2.942809 1.000000
0.314555 -1.513034 3.317768 0.000000
-0.035635 -1.388672 2.965954 0.000000
-0.153896 -0.133145 2.155744 1.000000
0.005602 -0.397359 2.505182 1.000000
-0.424522 -0.433844 2.552971 1.000000
-0.202315 -0.299797 2.574126 0.000000
-0.183630 -0.582587 2.526403 0.000000
0.012791 -0.564184 2.754742 1.000000
-0.376643 -0.722758 2.891912 1.000000
-0.169361 -0.756259 2.728612 1.000000
0.016982 -0.105610 2.462630 1.000000
-0.292097 -0.363032 2.806953 1.000000
-0.307644 -0.103733 2.434587 1.000000
0.031739 -0.331623 2.789186 1.000000
-0.350668 -0.030068 2.406714 1.000000
0.120774 -0.323607 2.781253 0.000000
0.230350 -1.009465 3.137446 0.000000
-0.362964 -1.210975 2.920547 0.742308
0.216437 -1.506144 3.126244 0.000000
-0.127040 -1.648374 2.926091 0.000000
0.361426 -1.514085 3.298281 0.000000
-0.294514 -1.737166 3.047539 0.000000
-0.163016 -0.129962 2.266024 0.639423
0.004943 -0.536670 2.629663 1.000000
-0.411884 -0.515532 2.740578 1.000000
-0.183515 -0.405282 2.705630 0.000000
-0.195978 -0.692301 2.713494 1.000000
-0.043941 -0.606340 2.929495 0.375000
-0.463061 -0.610962 3.070691 0.000000
-0.265169 -0.750674 2.960806 0.086538
0.052067 -0.257339 2.547082 1.000000
-0.210482 -0.312253 2.812556 1.000000
-0.216783 -0.096654 2.457181 1.000000
0.110779 -0.334400 2.762727 1.000000
-0.281895 -0.048312 2.418740 1.000000
0.192189 -0.297550 2.754427 0.055288
0.055532 -0.924547 3.453928 0.000000
-0.425113 -0.929591 3.527704 0.000000
0.092652 -1.412944 3.369670 0.000000
-0.377693 -1.401497 3.379164 0.000000
0.184589 -1.441075 3.573232 0.000000
-0.446297 -1.472117 3.581619 0.000000
-0.162221 -0.251023 2.413242 0.000000
-0.120443 -0.778461 2.813296 1.000000
-0.355008 -0.491522 3.017637 1.000000
-0.183500 -0.539470 2.857736 0.000000
-0.272098 -0.742383 3.040968 0.057692
-0.093207 -0.793271 3.147158 0.605769
-0.327429 -0.479623 3.353034 0.000000
-0.310730 -0.737433 3.289710 0.000000
-0.051986 -0.502351 2.734849 1.000000
-0.375163 -0.275933 2.817158 1.000000
0.056011 -0.236038 2.581196 1.000000
-0.080893 -0.232674 2.684008 1.000000
0.063198 -0.160108 2.533896 1.000000
-0.007591 -0.228152 2.735590 1.000000
0.134012 -0.838760 3.739893 0.000000
-0.306141 -0.610390 3.879377 0.000000
0.095428 -1.238993 3.447773 0.016106
-0.364842 -1.018756 3.602248 0.000000
0.205628 -1.361547 3.601128 0.000000
-0.441146 -1.130069 3.782438 0.000000
-0.321325 -0.356040 2.674592 1.000000
-0.090202 -1.070523 2.788831 1.000000
-0.283874 -0.704934 2.897973 0.769231
-0.083177 -0.822749 2.824558 0.000000
-0.305787 -0.971758 2.928664 0.403846
-0.158070 -1.041709 3.138045 1.000000
-0.346878 -0.661514 3.262236 0.000000
-0.346271 -0.926402 3.286503 0.000000
-0.054250 -0.778742 2.763185 1.000000
-0.261316 -0.442310 2.765285 1.000000
-0.070533 -0.455783 2.722695 1.000000
-0.251254 -0.139855 2.644345 1.000000
-0.053215 -0.368017 2.715514 1.000000
-0.240592 -0.085180 2.573979 1.000000
-0.010538 -0.926312 3.758317 0.000000
-0.217598 -0.553964 3.766320 0.000000
0.063106 -1.290882 3.428659 0.000000
-0.360143 -1.007779 3.622300 0.000000
0.159391 -1.416322 3.588894 0.000000
-0.423649 -1.054734 3.833116 0.000000
-0.233418 -0.549871 2.736896 0.899038
-0.050347 -1.130128 2.753845 1.000000
-0.286599 -0.749390 2.790357 1.000000
-0.081754 -0.875455 2.711180 0.000000
-0.254322 -1.000995 2.903683 0.562500
-0.079001 -1.027436 3.028840 1.000000
-0.288930 -0.695224 3.231780 0.173077
-0.304014 -0.946281 3.145191 0.894231
-0.032358 -0.836035 2.770500 1.000000
-0.253034 -0.462746 2.728711 1.000000
-0.050713 -0.516336 2.709924 1.000000
-0.329632 -0.150018 2.678237 1.000000
-0.038151 -0.428291 2.697899 1.000000
-0.297225 -0.094477 2.615633 1.000000
-0.051311 -1.036538 3.696107 0.000000
-0.265306 -0.649535 3.727968 0.000000
0.043830 -1.400934 3.371803 0.000000
-0.387807 -1.114292 3.601465 0.000000
0.099806 -1.537563 3.541745 0.000000
-0.470531 -1.148703 3.807994 0.000000
-0.187701 -0.641669 2.751111 0.581731
-0.098268 -1.091320 2.747080 1.000000
-0.283057 -0.701929 2.860974 1.000000
-0.104061 -0.832464 2.742751 0.000000
-0.269316 -0.967243 2.935423 0.461538
-0.118123 -1.009137 3.033145 1.000000
-0.270572 -0.683809 3.291100 0.317308
-0.317553 -0.924169 3.187297 0.129808
-0.027289 -0.805116 2.759166 1.000000
-0.248577 -0.447486 2.715487 1.000000
-0.052281 -0.486603 2.694785 1.000000
-0.362873 -0.156874 2.622208 1.000000
-0.042912 -0.397560 2.688634 1.000000
-0.343753 -0.074808 2.591321 1.000000
-0.004872 -1.025290 3.698712 0.000000
-0.209652 -0.648748 3.764599 0.000000
-0.030736 -1.483005 3.506783 0.000000
-0.378322 -1.090461 3.611468 0.000000
0.018855 -1.570300 3.708281 0.000000
-0.458885 -1.131193 3.817700 0.000000
-0.191177 -0.602401 2.719177 1.000000
0.060683 0.233463 2.515011 1.000000
-0.392726 0.254100 2.453702 1.000000
-0.170198 0.348473 2.550486 0.000000
-0.169267 0.078247 2.452639 0.048077
0.061786 -0.077623 2.603958 0.028846
-0.378105 -0.098522 2.562987 0.000000
-0.143125 -0.125951 2.441384 0.000000
0.089691 -0.012746 2.673743 1.000000
-0.433283 0.038650 2.650152 1.000000
0.007405 -0.313887 2.764438 1.000000
-0.381088 -0.282218 2.651318 1.000000
0.079398 -0.360893 2.790162 0.240385
-0.355664 -0.368165 2.655908 0.000000
-0.055664 -0.688283 2.732761 1.000000
-0.271515 -0.686157 2.748956 1.000000
-0.068918 -1.176217 2.662377 1.000000
-0.223209 -1.167498 2.653110 1.000000
-0.078413 -1.208077 2.885034 0.000000
-0.263426 -1.214630 2.869541 0.000000
-0.211971 0.575625 2.289877 1.000000
0.060494 0.245305 2.526283 1.000000
-0.391330 0.295421 2.470536 1.000000
-0.165005 0.364148 2.579373 0.000000
-0.176115 0.111699 2.442467 0.283654
0.052865 -0.030542 2.696333 0.740385
-0.387060 -0.021238 2.651625 0.144231
-0.154050 -0.075363 2.535299 0.269231
0.125040 -0.016888 2.641606 1.000000
-0.456371 0.053387 2.623506 1.000000
0.047470 -0.331339 2.657158 1.000000
-0.393722 -0.261311 2.576831 1.000000
0.067464 -0.418828 2.657739 0.055288
-0.346073 -0.319627 2.625648 0.728365
-0.058651 -0.640450 2.679955 1.000000
-0.260785 -0.639092 2.673735 1.000000
-0.057190 -1.133833 2.692142 1.000000
-0.240869 -1.132149 2.682469 1.000000
-0.080245 -1.128372 2.916017 0.000000
-0.264968 -1.129158 2.906281 0.000000
-0.186554 0.617741 2.336103 1.000000
0.056146 0.271843 2.554878 1.000000
-0.392268 0.301251 2.466423 1.000000
-0.179306 0.374715 2.596969 0.000000
-0.165166 0.131544 2.444441 0.307692
0.055426 -0.019248 2.683486 1.000000
-0.381087 -0.012708 2.612544 0.230769
-0.141518 -0.069620 2.511933 0.375000
0.139300 0.004675 2.634400 1.000000
-0.451846 0.070171 2.632763 1.000000
0.047119 -0.303055 2.634304 1.000000
-0.389962 -0.240809 2.581212 1.000000
0.022098 -0.389228 2.635946 0.000000
-0.341185 -0.311216 2.608009 1.000000
-0.056483 -0.629499 2.666023 1.000000
-0.259659 -0.629628 2.669464 1.000000
-0.067409 -1.118739 2.732638 1.000000
-0.257102 -1.120952 2.719517 1.000000
-0.103141 -1.087968 2.952769 0.000000
-0.293686 -1.098628 2.940525 0.000000
-0.178341 0.649704 2.380409 1.000000
0.056849 0.292925 2.576096 1.000000
-0.391972 0.334077 2.494669 1.000000
-0.177607 0.392216 2.630535 0.000000
-0.166170 0.166263 2.453302 0.278846
0.053771 -0.025742 2.649643 1.000000
-0.384562 -0.002649 2.595326 0.336538
-0.150122 -0.055908 2.481500 0.475962
0.114932 0.017072 2.633781 1.000000
-0.450195 0.094303 2.642703 1.000000
0.055376 -0.293364 2.601280 1.000000
-0.407354 -0.213198 2.575011 1.000000
0.084245 -0.378161 2.595755 0.088942
-0.334503 -0.265075 2.567544 0.442308
-0.048507 -0.634051 2.667939 1.000000
-0.261790 -0.627767 2.664912 1.000000
-0.057347 -1.126568 2.709189 1.000000
-0.246239 -1.113427 2.755715 1.000000
-0.083422 -1.107441 2.931979 0.000000
-0.273116 -1.073180 2.975577 0.000000
-0.171275 0.686224 2.427525 1.000000
0.060267 0.304360 2.583303 1.000000
-0.389323 0.343933 2.505414 1.000000
-0.175079 0.398393 2.642984 0.000000
-0.161797 0.180765 2.455744 0.259615
0.053810 -0.025886 2.638018 0.682692
-0.384548 0.000833 2.585596 0.394231
-0.150642 -0.049973 2.469572 0.533654
0.118729 0.026459 2.627261 1.000000
-0.435831 0.099908 2.649871 1.000000
0.056375 -0.281708 2.584188 1.000000
-0.408604 -0.207505 2.575940 1.000000
0.038004 -0.368642 2.571566 0.000000
-0.350686 -0.268284 2.544226 0.391827
-0.040629 -0.632942 2.662867 1.000000
-0.263755 -0.625838 2.661894 1.000000
-0.060574 -1.125161 2.706841 1.000000
-0.246744 -1.114521 2.736127 1.000000
-0.083136 -1.104323 2.929861 0.000000
-0.270460 -1.081707 2.957581 0.000000
-0.167878 0.701835 2.459255 1.000000
0.042499 0.348840 2.505100 1.000000
-0.405146 0.310014 2.593817 1.000000
-0.167180 0.398755 2.651167 0.000000
-0.188146 0.190490 2.454233 0.278846
0.050751 -0.012434 2.556143 0.596154
-0.381818 -0.012193 2.648360 0.500000
-0.195726 -0.042355 2.460703 0.500000
0.094134 0.100155 2.638509 1.000000
-0.460976 0.031324 2.632849 1.000000
0.082671 -0.211207 2.581042 1.000000
-0.394085 -0.264155 2.540125 1.000000
0.061780 -0.277149 2.638223 0.341346
-0.458185 -0.323997 2.521035 0.156250
-0.040353 -0.628043 2.662473 1.000000
-0.267700 -0.632158 2.652927 1.000000
-0.181025 -1.099217 2.717709 0.709856
-0.269452 -1.119874 2.736435 1.000000
-0.100534 -1.098601 2.927951 0.000000
-0.221910 -1.082903 2.953355 0.000000
-0.166160 0.712522 2.481705 1.000000
0.048767 0.354239 2.507973 1.000000
-0.396492 0.308631 2.605070 1.000000
-0.157042 0.393138 2.662638 0.000000
-0.183268 0.199841 2.451581 0.269231
0.047256 0.007959 2.544915 0.567308
-0.383666 -0.026590 2.638359 0.278846
-0.197798 -0.028473 2.448085 0.538462
0.083252 0.099861 2.630562 1.000000
-0.457529 0.032463 2.635587 1.000000
0.090636 -0.206509 2.561454 1.000000
-0.396694 -0.260398 2.539543 1.000000
0.031672 -0.266661 2.592427 0.661058
-0.419162 -0.346602 2.528659 0.038462
-0.041958 -0.618423 2.655836 1.000000
-0.269184 -0.635723 2.636759 1.000000
-0.058366 -1.110272 2.710315 1.000000
-0.243728 -1.119467 2.739210 1.000000
-0.016069 -1.087324 2.930237 0.000000
-0.198386 -1.071498 2.954441 0.000000
-0.162231 0.714537 2.507886 1.000000
0.058004 0.355128 2.507311 1.000000
-0.387156 0.307017 2.603655 1.000000
-0.147527 0.389467 2.663420 0.000000
-0.174284 0.202777 2.446561 0.298077
0.044457 0.000964 2.547393 0.586538
-0.390273 -0.033273 2.621271 0.394231
-0.196376 -0.031375 2.439186 0.509615
0.085755 0.095818 2.622938 1.000000
-0.452646 0.032617 2.646052 1.000000
0.078516 -0.210518 2.549756 1.000000
-0.400490 -0.258523 2.537577 1.000000
0.033983 -0.274929 2.593601 1.000000
-0.437396 -0.339968 2.529890 0.055288
-0.036250 -0.624670 2.649986 1.000000
-0.267028 -0.642890 2.634566 1.000000
-0.178363 -1.093362 2.723909 0.522356
-0.266005 -1.126218 2.742851 1.000000
-0.106674 -1.081492 2.936984 0.000000
-0.228913 -1.077599 2.959511 0.000000
-0.156390 0.716110 2.523607 1.000000
-0.388862 0.307302 2.616071 1.000000
0.052561 0.348444 2.501104 1.000000
-0.200023 0.336050 2.439138 0.000000
-0.123487 0.255745 2.704261 0.000000
-0.382749 -0.021896 2.639011 0.278846
0.044619 -0.002984 2.526678 0.663462
-0.131404 -0.014552 2.725768 0.000000
-0.453528 0.030095 2.650302 1.000000
0.080170 0.089865 2.621816 1.000000
-0.407120 -0.261243 2.535359 1.000000
0.079552 -0.216778 2.542987 1.000000
-0.441740 -0.340557 2.511585 0.072115
0.032516 -0.282015 2.582814 0.795673
-0.261633 -0.637788 2.627695 1.000000
-0.033846 -0.622162 2.649032 1.000000
-0.247860 -1.113073 2.767019 1.000000
-0.092924 -1.111188 2.702507 0.387981
-0.306146 -1.175795 2.558813 0.000000
-0.138415 -1.129716 2.482806 0.000000
-0.156993 0.709912 2.542969 1.000000
-0.369160 0.385384 2.614080 1.000000
0.076134 0.374760 2.720684 1.000000
-0.125565 0.473905 2.589232 0.067308
-0.162955 0.220828 2.720193 0.000000
-0.366205 0.040173 2.519656 0.538462
0.069021 0.033521 2.598101 0.375000
-0.174872 0.031717 2.704251 0.000000
-0.445242 0.109858 2.612026 1.000000
0.137921 0.129826 2.586907 1.000000
-0.403514 -0.199272 2.563617 1.000000
0.090165 -0.181066 2.560216 1.000000
-0.346210 -0.268338 2.562780 0.980769
0.028277 -0.245687 2.553253 0.913462
-0.257680 -0.580976 2.605162 1.000000
-0.039576 -0.584254 2.621960 1.000000
-0.230646 -1.054721 2.748500 1.000000
-0.146007 -1.058208 2.720708 0.662981
-0.200573 -1.117759 2.534483 0.000000
-0.086942 -1.115151 2.511065 0.000000
-0.168780 0.702214 2.532010 1.000000
-0.357701 0.376504 2.590903 1.000000
0.068794 0.378232 2.757825 1.000000
-0.118348 0.477770 2.606622 0.000000
-0.158979 0.213962 2.713167 0.000000
-0.343134 0.028871 2.475297 1.000000
0.070707 0.036403 2.631178 0.173077
-0.187993 0.021504 2.691242 0.000000
-0.401895 0.096129 2.630906 1.000000
0.121163 0.156250 2.584201 1.000000
-0.399645 -0.212069 2.558705 1.000000
0.102036 -0.157998 2.551246 1.000000
-0.336106 -0.275361 2.562058 0.812500
0.051346 -0.231555 2.542634 1.000000
-0.260687 -0.580165 2.617018 1.000000
-0.045956 -0.587339 2.622823 1.000000
-0.252424 -1.061169 2.737038 1.000000
-0.166525 -1.061096 2.705615 0.616106
-0.178362 -1.111439 2.530473 0.000000
-0.074142 -1.119026 2.508661 0.000000
-0.168138 0.700297 2.555254 1.000000
