-0.272269 0.334500 2.745798 1.000000
0.058172 0.317858 2.718301 1.000000
-0.113146 0.371730 2.631200 0.000000
-0.107042 0.189748 2.814696 0.000000
-0.318729 -0.027084 2.708279 0.336538
0.062165 -0.051175 2.692053 0.875000
-0.122993 -0.030105 2.810921 0.000000
-0.350462 0.054115 2.790806 1.000000
0.098183 0.026240 2.707638 1.000000
-0.367494 -0.245810 2.743412 1.000000
0.093711 -0.277828 2.711311 1.000000
-0.380849 -0.306717 2.736900 0.173077
0.102412 -0.339908 2.712242 0.846154
-0.257531 -0.579507 2.737917 1.000000
-0.046330 -0.589565 2.754698 1.000000
-0.296329 -1.015183 2.801516 1.000000
-0.046249 -1.025944 2.824964 1.000000
-0.304730 -1.035993 2.653837 0.000000
-0.053123 -1.049667 2.677645 0.000000
-0.089315 0.646915 2.658253 1.000000
-0.291222 0.339447 2.751588 1.000000
0.038479 0.320651 2.717412 1.000000
-0.134045 0.377242 2.634516 0.000000
-0.125881 0.192327 2.814975 0.000000
-0.336433 -0.023379 2.705964 0.365385
0.044701 -0.044582 2.691425 0.778846
-0.141180 -0.025754 2.809539 0.000000
-0.363987 0.056744 2.785739 1.000000
0.082697 0.030104 2.714274 1.000000
-0.392219 -0.245409 2.786469 1.000000
0.088931 -0.273206 2.721870 1.000000
-0.390376 -0.302160 2.759891 0.072115
0.100111 -0.334263 2.730670 0.745192
-0.268348 -0.575947 2.729344 1.000000
-0.058637 -0.584730 2.743279 1.000000
-0.300480 -1.011681 2.796182 1.000000
-0.050717 -1.020269 2.818156 1.000000
-0.308207 -1.033742 2.648647 0.000000
-0.056338 -1.045660 2.671062 0.000000
-0.120188 0.644400 2.654175 1.000000
-0.311325 0.337123 2.754186 1.000000
0.018884 0.324191 2.722277 1.000000
-0.153910 0.379300 2.638947 0.000000
-0.144096 0.191701 2.816530 0.000000
-0.352135 -0.030032 2.712069 0.317308
0.027969 -0.035979 2.674523 0.817308
-0.151070 -0.026975 2.803833 0.000000
-0.373281 0.053018 2.794767 1.000000
0.069145 0.034976 2.716834 1.000000
-0.404017 -0.248489 2.787737 1.000000
0.077980 -0.268025 2.720401 1.000000
-0.405465 -0.310472 2.778441 0.072115
0.089214 -0.326388 2.740354 0.778846
-0.279850 -0.578421 2.723912 1.000000
-0.067099 -0.581438 2.723912 1.000000
-0.299557 -1.014765 2.791588 1.000000
-0.051395 -1.014487 2.811009 1.000000
-0.316519 -1.036762 2.644818 0.000000
-0.064827 -1.044289 2.665255 0.000000
-0.144963 0.648564 2.660430 1.000000
-0.335633 0.326650 2.770664 1.000000
-0.005836 0.328062 2.732511 1.000000
-0.182065 0.381692 2.655661 0.000000
-0.162085 0.184024 2.821051 0.000000
-0.368730 -0.030988 2.705120 0.211538
0.012213 -0.040142 2.678249 0.625000
-0.170319 -0.030574 2.802537 0.000000
-0.394656 0.041598 2.795796 0.953846
0.044555 0.040756 2.715591 1.000000
-0.422700 -0.258781 2.795317 0.980769
0.061599 -0.260399 2.721015 1.000000
-0.429818 -0.321069 2.795337 0.000000
0.058474 -0.322681 2.714559 0.913462
-0.292209 -0.580450 2.727507 1.000000
-0.081486 -0.585616 2.688428 1.000000
-0.303370 -1.017314 2.793764 1.000000
-0.059597 -1.015117 2.790475 1.000000
-0.315969 -1.039318 2.646557 0.000000
-0.067348 -1.049974 2.645430 0.000000
-0.178261 0.643877 2.669312 1.000000
-0.380260 0.329145 2.795367 1.000000
-0.052430 0.329767 2.742913 1.000000
-0.231533 0.385736 2.674882 0.000000
-0.205479 0.184736 2.835337 0.000000
-0.405453 -0.038742 2.730069 0.211538
-0.028648 -0.027564 2.668289 0.692308
-0.198982 -0.035717 2.808920 0.000000
-0.427422 0.041255 2.806906 1.000000
0.016607 0.046782 2.723132 1.000000
-0.436679 -0.258349 2.774887 1.000000
0.018950 -0.254071 2.704285 1.000000
-0.449487 -0.319452 2.769157 0.088942
0.007594 -0.315490 2.698879 0.711538
-0.303885 -0.583586 2.731636 1.000000
-0.104633 -0.554587 2.541710 1.000000
-0.301875 -1.021249 2.793367 1.000000
-0.065059 -0.965600 2.699399 1.000000
-0.326500 -1.041937 2.647496 0.000000
-0.070934 -1.019558 2.560234 0.000000
-0.229150 0.643977 2.692370 1.000000
-0.406774 0.318719 2.800491 1.000000
-0.078379 0.332366 2.753648 1.000000
-0.258448 0.379291 2.681456 0.000000
-0.226762 0.182726 2.846331 0.000000
-0.424897 -0.041473 2.730267 0.115385
-0.045265 -0.017882 2.694957 0.528846
-0.224250 -0.038815 2.822954 0.000000
-0.452713 0.030556 2.813711 1.000000
-0.005959 0.049784 2.738609 1.000000
-0.448903 -0.267665 2.768826 1.000000
-0.001652 -0.247243 2.686443 1.000000
-0.453828 -0.329887 2.762943 0.240385
-0.022471 -0.303716 2.668897 0.240385
-0.308048 -0.582715 2.725543 1.000000
-0.102826 -0.492832 2.447862 1.000000
-0.302893 -1.019395 2.793720 1.000000
-0.080433 -0.928233 2.520579 1.000000
-0.316580 -1.042497 2.646778 0.000000
-0.072415 -0.952403 2.373391 0.134615
-0.256642 0.639794 2.698161 1.000000
-0.432667 0.329429 2.809954 1.000000
-0.104737 0.336884 2.758663 1.000000
-0.285210 0.381031 2.685727 0.000000
-0.253385 0.194757 2.862121 0.000000
-0.437632 -0.045944 2.753831 0.096154
-0.062172 -0.005470 2.696250 0.480769
-0.231719 -0.039483 2.833925 0.000000
-0.469841 0.040357 2.806804 1.000000
-0.018486 0.058474 2.760426 1.000000
-0.465582 -0.255725 2.753057 1.000000
-0.009546 -0.231484 2.680323 1.000000
-0.458187 -0.317954 2.751219 0.442308
-0.020773 -0.287970 2.655550 0.122596
-0.299884 -0.581243 2.726424 1.000000
-0.095825 -0.421514 2.381092 1.000000
-0.298809 -1.018296 2.792359 1.000000
-0.075957 -0.838700 2.236435 1.000000
-0.319169 -1.040420 2.646041 0.000000
-0.078053 -0.789857 2.095286 0.000000
-0.283770 0.647685 2.703407 1.000000
-0.455058 0.328881 2.811666 1.000000
-0.126778 0.340715 2.763535 1.000000
-0.307237 0.378341 2.687000 0.000000
-0.273816 0.199962 2.871092 0.000000
-0.444047 -0.042984 2.769681 1.000000
-0.068997 0.004061 2.714474 0.413462
-0.238326 -0.037474 2.850339 0.000000
-0.492275 0.039475 2.786104 1.000000
-0.025144 0.067523 2.792356 1.000000
-0.478859 -0.254584 2.716709 1.000000
-0.007158 -0.224028 2.713991 1.000000
-0.460621 -0.313853 2.707485 1.000000
-0.007378 -0.278737 2.683374 0.223558
-0.297607 -0.575185 2.728969 1.000000
-0.091748 -0.322813 2.331081 1.000000
-0.287332 -1.009168 2.812136 1.000000
-0.064512 -0.539327 1.946706 1.000000
-0.305503 -1.037489 2.666600 0.000000
-0.089425 -0.411764 1.873086 0.000000
-0.290750 0.645725 2.698954 0.932692
-0.464025 0.321008 2.806560 1.000000
-0.135115 0.340166 2.765633 1.000000
-0.314627 0.370913 2.683970 0.000000
-0.280981 0.198587 2.873700 0.000000
-0.446396 -0.041541 2.762821 1.000000
-0.069299 -0.003164 2.715395 0.500000
-0.241856 -0.046848 2.846441 0.000000
-0.499023 0.031125 2.769952 1.000000
-0.029158 0.066902 2.792018 1.000000
-0.490596 -0.262991 2.694145 1.000000
-0.000947 -0.231640 2.743035 1.000000
-0.488673 -0.325513 2.698373 0.745192
0.008865 -0.293351 2.737944 0.206731
-0.300351 -0.575399 2.727924 1.000000
-0.092615 -0.281529 2.303357 1.000000
-0.294667 -1.012188 2.795353 1.000000
-0.077878 -0.355926 1.867913 1.000000
-0.310344 -1.035052 2.648573 0.000000
-0.100011 -0.210436 1.842306 0.000000
-0.308115 0.639564 2.681585 0.966346
-0.461394 0.307350 2.831164 1.000000
-0.138727 0.340665 2.760451 1.000000
-0.326152 0.368421 2.697678 0.000000
-0.268838 0.188885 2.874617 0.000000
-0.445452 -0.054348 2.787778 1.000000
-0.080022 0.008582 2.695989 0.336538
-0.231521 -0.056172 2.843340 0.000000
-0.503156 0.021935 2.770923 1.000000
-0.044383 0.063272 2.791873 1.000000
-0.498062 -0.261449 2.660272 1.000000
-0.013895 -0.238411 2.766701 1.000000
-0.499634 -0.322943 2.648168 0.358173
0.000610 -0.297444 2.782038 0.307692
-0.302082 -0.577686 2.730238 1.000000
-0.093825 -0.220758 2.269799 0.596154
-0.291182 -1.013448 2.803428 1.000000
-0.078945 -0.362720 1.851481 1.000000
-0.323851 -1.038385 2.659818 0.038462
-0.108022 -0.224292 1.803470 0.038462
-0.319606 0.629805 2.682969 0.985577
-0.467576 0.327718 2.833402 1.000000
-0.146234 0.348290 2.752530 1.000000
-0.334649 0.373968 2.691874 0.000000
-0.276082 0.209885 2.882851 0.000000
-0.457055 -0.056056 2.804592 0.538462
-0.096753 0.027379 2.708964 0.403846
-0.243941 -0.037950 2.860374 0.000000
-0.509037 0.041515 2.795639 1.000000
-0.047212 0.074930 2.775473 1.000000
-0.499654 -0.231689 2.669336 1.000000
-0.003758 -0.223051 2.774968 1.000000
-0.506952 -0.290846 2.649899 0.173077
-0.009575 -0.280407 2.799605 0.812500
-0.298761 -0.573546 2.730338 1.000000
-0.116025 -0.226127 2.293101 0.930769
-0.298122 -1.010129 2.799321 1.000000
-0.078292 -0.500217 1.948405 1.000000
-0.330796 -1.032924 2.655357 0.000000
-0.102264 -0.386104 1.855043 0.302885
-0.327624 0.648804 2.685447 0.807692
-0.464268 0.321940 2.841575 1.000000
-0.146584 0.349113 2.749042 1.000000
-0.337514 0.373907 2.696414 0.000000
-0.269544 0.205389 2.880282 0.000000
-0.457254 -0.056649 2.806839 0.403846
-0.099477 0.023635 2.699721 0.509615
-0.243284 -0.033913 2.857407 0.000000
-0.509794 0.035662 2.809285 1.000000
-0.048214 0.075023 2.765415 1.000000
-0.499286 -0.243493 2.696782 1.000000
-0.006044 -0.223129 2.760725 1.000000
-0.495649 -0.301188 2.672522 0.021635
0.006540 -0.278933 2.786378 0.677885
-0.303305 -0.576823 2.739766 1.000000
-0.125732 -0.291472 2.315201 1.000000
-0.295930 -1.015023 2.797125 1.000000
-0.086212 -0.645313 2.053287 1.000000
-0.334975 -1.034382 2.654249 0.000000
-0.107765 -0.558936 1.933340 0.000000
-0.332624 0.644453 2.685871 0.860577
-0.461645 0.321556 2.826813 1.000000
-0.140501 0.351756 2.748209 1.000000
-0.329182 0.374593 2.687244 0.000000
-0.267663 0.206986 2.874191 0.000000
-0.460510 -0.055579 2.793758 0.067308
-0.097318 0.019601 2.702306 0.557692
-0.248755 -0.035098 2.853739 0.000000
-0.509995 0.033276 2.834453 1.000000
-0.050337 0.073624 2.751986 1.000000
-0.486533 -0.249530 2.731376 1.000000
-0.001773 -0.223515 2.729523 1.000000
-0.491058 -0.308050 2.709342 0.442308
0.001962 -0.281885 2.752096 0.475962
-0.312546 -0.578259 2.745185 1.000000
-0.135394 -0.369635 2.358415 1.000000
-0.296329 -1.017221 2.794312 1.000000
-0.085220 -0.773028 2.184863 1.000000
-0.330802 -1.034644 2.650017 0.000000
-0.106928 -0.716907 2.048144 0.000000
-0.329255 0.654576 2.707959 0.615385
-0.446183 0.312132 2.821186 1.000000
-0.126816 0.352744 2.740070 1.000000
-0.316722 0.373886 2.682387 0.000000
-0.249153 0.200045 2.861382 0.000000
-0.448565 -0.053367 2.786677 0.000000
-0.086941 0.009437 2.680809 0.644231
-0.234871 -0.033140 2.839431 0.000000
-0.478444 0.022194 2.837922 1.000000
-0.039970 0.073813 2.733736 1.000000
-0.480881 -0.276523 2.795577 1.000000
-0.015261 -0.224308 2.694448 1.000000
-0.479730 -0.339152 2.792997 0.240385
-0.020658 -0.285426 2.707332 0.711538
-0.312508 -0.581195 2.755880 1.000000
-0.132785 -0.469369 2.439316 1.000000
-0.292900 -1.020472 2.800768 1.000000
-0.100836 -0.909638 2.461822 1.000000
-0.333385 -1.036876 2.657923 0.000000
-0.112834 -0.918107 2.313171 0.000000
-0.329529 0.650940 2.705162 0.798077
-0.437658 0.315593 2.812234 1.000000
-0.118359 0.361038 2.733448 1.000000
-0.308296 0.384733 2.676868 0.000000
-0.240396 0.201996 2.846640 0.000000
-0.440093 -0.051555 2.767866 0.000000
-0.076168 0.010541 2.669751 0.711538
-0.228345 -0.025931 2.825858 0.000000
-0.459736 0.025067 2.826813 1.000000
-0.030467 0.083042 2.723555 1.000000
-0.469051 -0.276005 2.827538 1.000000
-0.017707 -0.211681 2.662667 1.000000
-0.475297 -0.336822 2.813656 0.173077
-0.035192 -0.269870 2.647214 0.913462
-0.313106 -0.579135 2.763999 1.000000
-0.129167 -0.514536 2.509115 1.000000
-0.291363 -1.018406 2.807954 1.000000
-0.104590 -0.941436 2.620990 1.000000
-0.328560 -1.034632 2.664197 0.000000
-0.116422 -0.979822 2.477116 0.000000
-0.333606 0.652979 2.689972 0.903846
-0.420494 0.310630 2.797622 1.000000
-0.100929 0.360459 2.722664 1.000000
-0.290559 0.383609 2.664846 0.000000
-0.222534 0.198108 2.831542 0.000000
-0.432302 -0.049546 2.765329 0.000000
-0.067521 -0.003294 2.661793 0.663462
-0.219027 -0.030970 2.820339 0.000000
-0.446567 0.022451 2.826491 1.000000
-0.020825 0.081184 2.710460 1.000000
-0.460436 -0.276431 2.851556 0.980769
-0.021006 -0.211110 2.641790 1.000000
-0.477103 -0.336839 2.853435 0.139423
-0.035952 -0.270135 2.626856 1.000000
-0.302105 -0.581953 2.767639 1.000000
-0.110929 -0.552740 2.596633 1.000000
-0.298453 -1.022258 2.806141 1.000000
-0.099973 -0.979478 2.711258 1.000000
-0.337435 -1.035140 2.662519 0.000000
-0.117924 -1.018376 2.568158 0.000000
-0.316162 0.652338 2.685201 1.000000
-0.395363 0.313348 2.788440 1.000000
-0.075817 0.355216 2.708680 1.000000
-0.265659 0.383065 2.653698 0.000000
-0.199772 0.195947 2.819443 0.000000
-0.417626 -0.033476 2.746099 0.000000
-0.047545 -0.026555 2.651671 0.807692
-0.205095 -0.029241 2.806680 0.000000
-0.432280 0.026301 2.816820 0.938462
-0.000001 0.074513 2.704016 1.000000
-0.447420 -0.269831 2.864061 0.807692
-0.008992 -0.217103 2.633064 1.000000
-0.452489 -0.331446 2.874472 0.000000
-0.023099 -0.278170 2.634601 1.000000
-0.297493 -0.578756 2.756541 1.000000
-0.096173 -0.568834 2.745351 1.000000
-0.296498 -1.018534 2.800800 1.000000
-0.075998 -1.010020 2.763006 1.000000
-0.332989 -1.033120 2.656687 0.000000
-0.112892 -1.017492 2.618453 0.000000
-0.290901 0.649310 2.677834 1.000000
-0.376789 0.307614 2.774641 1.000000
-0.056514 0.353033 2.699906 1.000000
-0.245705 0.376323 2.640720 0.000000
-0.179903 0.194339 2.812119 0.000000
-0.400894 -0.034917 2.733924 0.019231
-0.029154 -0.037453 2.646018 0.769231
-0.189414 -0.032196 2.798157 0.000000
-0.414883 0.021114 2.808446 0.892308
0.013757 0.070665 2.697358 1.000000
-0.440802 -0.273121 2.863477 0.865385
0.011475 -0.223790 2.637640 1.000000
-0.448678 -0.334110 2.875678 0.000000
0.004439 -0.285638 2.630177 1.000000
-0.290226 -0.582737 2.752933 1.000000
-0.093534 -0.569953 2.784272 1.000000
-0.295509 -1.021890 2.802745 1.000000
-0.072522 -1.011392 2.791652 1.000000
-0.329791 -1.037868 2.658238 0.000000
-0.108611 -1.015532 2.646762 0.000000
-0.269813 0.649304 2.673574 1.000000
