-0.295287 0.365165 2.676782 1.000000
0.061335 0.360601 2.707828 1.000000
-0.108088 0.404265 2.596295 0.000000
-0.127894 0.211894 2.795525 0.000000
-0.264875 -0.007673 2.652210 1.000000
0.016022 -0.019454 2.659929 1.000000
-0.126894 0.008287 2.779224 0.000000
-0.359544 0.104937 2.662968 1.000000
0.112902 0.098782 2.679010 1.000000
-0.372065 -0.184436 2.652054 1.000000
0.090873 -0.187033 2.636147 1.000000
-0.377484 -0.252290 2.657358 0.543269
0.076034 -0.253442 2.630557 1.000000
-0.269319 -0.579389 2.664143 1.000000
-0.008948 -0.586790 2.705625 1.000000
-0.232641 -0.992909 2.764070 0.641106
-0.040431 -1.004040 2.790715 1.000000
-0.255284 -1.033994 2.602362 0.000000
-0.021293 -1.038852 2.627094 0.000000
-0.091162 0.664081 2.571909 1.000000
-0.300821 0.369186 2.675121 1.000000
0.056145 0.350706 2.695068 1.000000
-0.114838 0.400827 2.588752 0.000000
-0.135924 0.209631 2.788979 0.000000
-0.265760 -0.013091 2.653967 1.000000
0.014951 -0.020487 2.669732 1.000000
-0.131816 0.002865 2.785232 0.000000
-0.361195 0.108135 2.659434 1.000000
0.102280 0.087108 2.674432 1.000000
-0.357233 -0.181605 2.652510 1.000000
0.098222 -0.200507 2.638737 1.000000
-0.351223 -0.246099 2.674098 0.896635
0.076476 -0.264950 2.632751 1.000000
-0.279608 -0.581838 2.667090 1.000000
-0.020374 -0.591585 2.706623 1.000000
-0.225424 -1.001989 2.720634 0.759856
-0.040341 -1.007452 2.801411 1.000000
-0.246152 -1.025740 2.555236 0.000000
-0.020156 -1.045521 2.638643 0.000000
-0.094119 0.664403 2.573304 1.000000
-0.309933 0.366404 2.672266 1.000000
0.046910 0.349141 2.695271 1.000000
-0.123290 0.400476 2.588279 0.000000
-0.145386 0.205487 2.784703 0.000000
-0.276743 -0.021716 2.647711 1.000000
0.003986 -0.016460 2.664011 1.000000
-0.143930 0.003187 2.778732 0.000000
-0.371221 0.105871 2.652145 1.000000
0.094713 0.086671 2.665897 1.000000
-0.362556 -0.183836 2.649345 1.000000
0.096602 -0.201866 2.638412 1.000000
-0.343434 -0.246381 2.629749 0.778846
0.077149 -0.266839 2.630556 1.000000
-0.284438 -0.586111 2.666731 1.000000
-0.027473 -0.591009 2.706971 1.000000
-0.226354 -1.008082 2.696659 0.741106
-0.039523 -1.008095 2.797652 1.000000
-0.245040 -1.022478 2.529945 0.000000
-0.020977 -1.044161 2.634234 0.000000
-0.104341 0.661917 2.571207 1.000000
-0.324925 0.364070 2.672891 1.000000
0.032511 0.352435 2.689269 1.000000
-0.140420 0.402104 2.585933 0.000000
-0.155764 0.204689 2.780569 0.000000
-0.289451 -0.026394 2.645884 1.000000
-0.008762 -0.013116 2.657692 1.000000
-0.155361 0.003241 2.774599 0.000000
-0.383526 0.102775 2.654749 1.000000
0.084791 0.090438 2.663523 1.000000
-0.370787 -0.186494 2.641556 1.000000
0.094686 -0.197973 2.636433 1.000000
-0.361306 -0.253782 2.648194 0.980769
0.084624 -0.265446 2.639237 0.980769
-0.294253 -0.587401 2.658756 1.000000
-0.036670 -0.589811 2.704797 1.000000
-0.224356 -0.998289 2.751573 0.584856
-0.038825 -1.007366 2.794086 1.000000
-0.259805 -1.040272 2.592416 0.000000
-0.024261 -1.042514 2.630066 0.000000
-0.119736 0.660911 2.565238 1.000000
-0.349354 0.365093 2.676758 1.000000
0.008376 0.351815 2.680894 1.000000
-0.167672 0.405083 2.584873 0.000000
-0.177395 0.202046 2.774009 0.000000
-0.312473 -0.031715 2.639232 1.000000
-0.031962 -0.011515 2.641941 1.000000
-0.175069 0.001508 2.763500 0.000000
-0.410874 0.104696 2.655615 1.000000
0.061602 0.089716 2.658327 1.000000
-0.395137 -0.183897 2.633717 1.000000
0.080959 -0.197930 2.628360 1.000000
-0.398741 -0.251391 2.643366 0.896635
0.064422 -0.264154 2.626795 0.980769
-0.319705 -0.588699 2.648995 1.000000
-0.049865 -0.589368 2.691678 1.000000
-0.197915 -0.993132 2.711685 0.634856
-0.044564 -1.002417 2.799806 1.000000
-0.259755 -1.035141 2.560817 0.000000
-0.033352 -1.044829 2.637247 0.000000
-0.151146 0.660873 2.563115 1.000000
-0.369774 0.361642 2.679063 1.000000
-0.012040 0.348257 2.675771 1.000000
-0.190041 0.401254 2.583265 0.000000
-0.195864 0.198873 2.773264 0.000000
-0.338533 -0.037726 2.635803 1.000000
-0.058836 -0.008400 2.632397 1.000000
-0.199253 -0.003288 2.757628 0.000000
-0.433120 0.101270 2.663830 1.000000
0.040215 0.086284 2.649738 1.000000
-0.416042 -0.186137 2.630388 1.000000
0.056936 -0.202080 2.625656 1.000000
-0.411134 -0.253626 2.639485 1.000000
0.049217 -0.269793 2.629773 1.000000
-0.333721 -0.594121 2.644083 1.000000
-0.068870 -0.589490 2.655430 1.000000
-0.131195 -0.951110 2.761861 0.841106
-0.022952 -0.991832 2.790861 1.000000
-0.224135 -1.039757 2.652984 0.000000
-0.016274 -1.044819 2.631181 0.000000
-0.178212 0.661720 2.570889 1.000000
-0.392000 0.359093 2.685586 1.000000
-0.034310 0.345781 2.678928 1.000000
-0.213098 0.400595 2.589036 0.000000
-0.217306 0.194494 2.775036 0.000000
-0.353764 -0.037913 2.633860 1.000000
-0.074086 -0.008689 2.628609 1.000000
-0.213296 -0.007028 2.755272 0.000000
-0.457072 0.099019 2.672726 1.000000
0.016779 0.084572 2.644308 1.000000
-0.435024 -0.186441 2.627566 1.000000
0.032272 -0.203294 2.614213 1.000000
-0.419355 -0.252628 2.633517 0.963942
0.015405 -0.268401 2.602458 0.846154
-0.352543 -0.594020 2.633823 1.000000
-0.094616 -0.587216 2.590032 1.000000
-0.143728 -0.932011 2.790307 0.725481
-0.048707 -0.991400 2.719864 1.000000
-0.236372 -1.034036 2.693569 0.000000
-0.045132 -1.042515 2.559475 0.000000
-0.198294 0.660148 2.579448 1.000000
-0.428129 0.348439 2.701895 1.000000
-0.071247 0.349089 2.673634 1.000000
-0.257117 0.397370 2.595073 0.000000
-0.242140 0.190302 2.779436 0.000000
-0.381823 -0.042410 2.655369 1.000000
-0.103077 -0.012087 2.633394 0.634615
-0.233266 -0.021362 2.769007 0.000000
-0.485207 0.086577 2.687452 1.000000
-0.014035 0.088788 2.641882 1.000000
-0.480501 -0.197246 2.628841 1.000000
-0.011900 -0.195696 2.586408 1.000000
-0.449380 -0.246436 2.664526 0.896635
-0.026717 -0.259845 2.568326 0.913462
-0.337926 -0.607271 2.637279 1.000000
-0.106442 -0.573040 2.514690 1.000000
-0.163743 -0.990344 2.709700 0.519231
-0.137705 -0.998838 2.507751 1.000000
-0.234140 -1.049055 2.568465 0.000000
-0.132659 -0.996466 2.339468 0.158654
-0.236187 0.659390 2.592776 1.000000
-0.442292 0.339826 2.706628 1.000000
-0.085295 0.351319 2.682440 1.000000
-0.271640 0.392866 2.601201 0.000000
-0.252394 0.188475 2.788137 0.000000
-0.397396 -0.040565 2.659402 1.000000
-0.117893 -0.012571 2.645396 0.451923
-0.251263 -0.027769 2.777333 0.000000
-0.500144 0.078568 2.685744 1.000000
-0.026802 0.092679 2.640945 1.000000
-0.497395 -0.205965 2.630552 1.000000
-0.024556 -0.188137 2.569178 1.000000
-0.465498 -0.262955 2.650461 0.963942
-0.045099 -0.250674 2.551049 0.879808
-0.328949 -0.608886 2.628797 1.000000
-0.112669 -0.542278 2.449154 1.000000
-0.191836 -1.012507 2.653686 0.344231
-0.179034 -0.918648 2.258705 1.000000
-0.231447 -1.035950 2.491725 0.000000
-0.173626 -0.843426 2.108164 0.000000
-0.256536 0.652796 2.590032 1.000000
-0.449829 0.327667 2.706840 1.000000
-0.092982 0.348221 2.686797 1.000000
-0.279189 0.379374 2.600733 0.000000
-0.256933 0.187070 2.799769 0.000000
-0.403869 -0.045430 2.660729 1.000000
-0.123482 -0.026298 2.649834 0.576923
-0.258199 -0.045141 2.779919 0.000000
-0.505127 0.066504 2.679009 1.000000
-0.034311 0.089945 2.643323 1.000000
-0.508960 -0.220197 2.636570 1.000000
-0.022011 -0.187748 2.561176 1.000000
-0.480118 -0.281183 2.647079 1.000000
-0.012851 -0.254827 2.552340 0.947115
-0.325950 -0.616412 2.609414 1.000000
-0.111839 -0.466855 2.335703 1.000000
-0.175481 -1.010963 2.672801 0.078606
-0.188816 -0.785678 2.062289 1.000000
-0.213649 -1.051066 2.513788 0.000000
-0.168864 -0.679643 1.933026 0.000000
-0.268353 0.644372 2.586322 1.000000
-0.456935 0.309830 2.713029 1.000000
-0.100988 0.336250 2.685319 1.000000
-0.289411 0.362401 2.602474 0.000000
-0.259720 0.174530 2.804746 0.000000
-0.416223 -0.074784 2.664891 1.000000
-0.138925 -0.032409 2.644600 0.692308
-0.264473 -0.081236 2.776051 0.000000
-0.511932 0.049556 2.677381 1.000000
-0.028362 0.079677 2.654754 1.000000
-0.514849 -0.235612 2.625574 1.000000
0.008260 -0.192665 2.562552 1.000000
-0.491800 -0.297169 2.644042 0.913462
0.025120 -0.258745 2.559273 0.711538
-0.306969 -0.633837 2.578953 0.969231
-0.117368 -0.320996 2.219049 1.000000
-0.172318 -1.027614 2.674544 0.000000
-0.159593 -0.539210 1.854455 1.000000
-0.204376 -1.076879 2.516761 0.000000
-0.159268 -0.394751 1.767957 0.730769
-0.279887 0.628792 2.587219 1.000000
-0.456750 0.308622 2.719956 1.000000
-0.101572 0.329897 2.680460 1.000000
-0.292273 0.361640 2.605122 0.000000
-0.258892 0.167382 2.800675 0.000000
-0.412961 -0.088891 2.663951 1.000000
-0.141085 -0.024988 2.630763 1.000000
-0.253375 -0.097285 2.763390 0.000000
-0.512025 0.050063 2.673798 1.000000
-0.022324 0.075011 2.652330 1.000000
-0.513441 -0.235192 2.622416 1.000000
0.025941 -0.202096 2.582365 1.000000
-0.489152 -0.297496 2.636195 0.879808
0.024912 -0.268768 2.567691 0.846154
-0.344167 -0.635662 2.601207 0.646154
-0.125409 -0.247081 2.172297 1.000000
-0.156240 -1.012246 2.673299 0.456731
-0.139168 -0.407180 1.776686 1.000000
-0.227857 -1.074603 2.534256 0.000000
-0.161920 -0.252259 1.714783 1.000000
-0.281935 0.619931 2.582917 1.000000
-0.458649 0.307656 2.728537 1.000000
-0.104502 0.323194 2.678510 1.000000
-0.296716 0.362416 2.610938 0.000000
-0.261597 0.158679 2.796273 0.000000
-0.413457 -0.105684 2.659725 0.163462
-0.148959 -0.018116 2.621327 0.615385
-0.249522 -0.108662 2.752150 0.000000
-0.509133 0.050212 2.677952 1.000000
-0.031385 0.068625 2.643389 1.000000
-0.508487 -0.231949 2.617653 1.000000
0.019361 -0.212526 2.603018 1.000000
-0.494152 -0.296417 2.634972 0.812500
0.034704 -0.277835 2.590332 0.762019
-0.317843 -0.639320 2.608821 1.000000
-0.132820 -0.200249 2.147191 1.000000
-0.164466 -1.017591 2.734185 0.506731
-0.151313 -0.335052 1.742450 1.000000
-0.215008 -1.086210 2.588970 0.000000
-0.186171 -0.178295 1.691833 0.899038
-0.279920 0.614161 2.587692 1.000000
-0.459850 0.315795 2.737991 1.000000
-0.108223 0.329935 2.672242 1.000000
-0.303164 0.368663 2.612672 0.000000
-0.260233 0.167314 2.798969 0.000000
-0.403536 -0.111239 2.658258 0.000000
-0.144769 -0.013419 2.607540 0.490385
-0.234658 -0.110571 2.741358 0.000000
-0.510177 0.059628 2.690956 1.000000
-0.038111 0.076560 2.636851 1.000000
-0.475636 -0.215369 2.618517 1.000000
0.006914 -0.203944 2.600056 1.000000
-0.482260 -0.283224 2.614849 0.862981
0.004006 -0.272112 2.602536 1.000000
-0.301173 -0.637918 2.614997 1.000000
-0.113435 -0.250633 2.140300 1.000000
-0.177825 -1.026170 2.742960 0.372356
-0.151160 -0.385967 1.737075 1.000000
-0.221776 -1.089474 2.593256 0.000000
-0.199856 -0.231845 1.689903 0.346154
-0.278628 0.618061 2.576479 1.000000
-0.457129 0.326140 2.742819 1.000000
-0.106549 0.333874 2.670722 1.000000
-0.301865 0.375254 2.614245 0.000000
-0.258902 0.174963 2.801672 0.000000
-0.404266 -0.106684 2.669716 0.000000
-0.152458 0.005719 2.614402 0.471154
-0.234275 -0.096210 2.749836 0.000000
-0.511838 0.068869 2.704071 1.000000
-0.041890 0.078533 2.634625 1.000000
-0.487532 -0.208092 2.632417 1.000000
0.000990 -0.200171 2.580609 1.000000
-0.481385 -0.274744 2.645883 0.930288
0.000457 -0.267461 2.592157 0.879808
-0.302117 -0.627418 2.615858 1.000000
-0.052457 -0.294732 2.180095 1.000000
-0.182219 -1.018337 2.738885 0.000000
-0.182157 -0.525868 1.845307 1.000000
-0.230492 -1.080047 2.589849 0.000000
-0.147067 -0.397019 1.742756 0.000000
-0.280280 0.628684 2.584028 1.000000
-0.452005 0.333560 2.734675 1.000000
-0.100444 0.336010 2.667124 1.000000
-0.294411 0.379800 2.607882 0.000000
-0.256698 0.179958 2.796911 0.000000
-0.404613 -0.111242 2.667681 0.000000
-0.156988 0.011603 2.615794 0.730769
-0.235883 -0.094862 2.749461 0.000000
-0.511471 0.074671 2.715181 1.000000
-0.039594 0.079611 2.628443 1.000000
-0.474361 -0.200703 2.640862 1.000000
0.011070 -0.197844 2.572021 1.000000
-0.450312 -0.264540 2.638017 1.000000
-0.001875 -0.263697 2.584570 0.778846
-0.312065 -0.624317 2.627923 1.000000
-0.061247 -0.387307 2.226591 1.000000
-0.162784 -1.010414 2.732680 0.284856
-0.116204 -0.767321 2.039779 1.000000
-0.220499 -1.072232 2.587086 0.168269
-0.105030 -0.694507 1.888374 0.000000
-0.281118 0.637028 2.586027 1.000000
-0.438395 0.342623 2.742217 1.000000
-0.090015 0.348673 2.660002 1.000000
-0.286099 0.396694 2.612091 0.000000
-0.241405 0.184826 2.785889 0.000000
-0.385073 -0.073688 2.665212 0.163462
-0.121974 0.005719 2.605418 0.298077
-0.218464 -0.062262 2.752028 0.000000
-0.492248 0.082220 2.719268 1.000000
-0.030511 0.093176 2.610839 1.000000
-0.482457 -0.204197 2.688493 1.000000
-0.005089 -0.189931 2.563070 1.000000
-0.473981 -0.269103 2.707909 0.879808
-0.006729 -0.258187 2.563169 0.947115
-0.329148 -0.614501 2.637137 1.000000
-0.089370 -0.528015 2.377996 1.000000
-0.149103 -0.993423 2.716708 0.478606
-0.055378 -0.947040 2.303214 1.000000
-0.235672 -1.061321 2.589248 0.000000
-0.087559 -0.920536 2.140082 0.000000
-0.262137 0.649121 2.589171 1.000000
-0.422161 0.338356 2.739760 1.000000
-0.077778 0.355883 2.643546 1.000000
-0.276894 0.399520 2.604828 0.000000
-0.219382 0.185132 2.771626 0.000000
-0.381581 -0.055826 2.664773 0.500000
-0.115939 0.001899 2.592637 0.346154
-0.213654 -0.039250 2.748150 0.000000
-0.487949 0.079742 2.726363 1.000000
-0.021059 0.099819 2.592527 1.000000
-0.489520 -0.208008 2.705096 1.000000
-0.006382 -0.186403 2.559118 1.000000
-0.472932 -0.268165 2.732802 0.728365
0.008123 -0.251608 2.573244 0.947115
-0.337235 -0.609340 2.637124 1.000000
-0.082144 -0.557829 2.453169 1.000000
-0.108091 -0.963598 2.702881 0.578606
-0.038423 -0.974973 2.533224 1.000000
-0.214791 -1.050605 2.605953 0.000000
-0.050071 -1.007808 2.368493 0.000000
-0.256406 0.657028 2.595596 1.000000
-0.402501 0.348150 2.734844 1.000000
-0.059863 0.358471 2.631615 1.000000
-0.258516 0.408024 2.597973 0.000000
-0.203241 0.189100 2.759554 0.000000
-0.375544 -0.034414 2.650229 0.596154
-0.107673 -0.000723 2.571415 0.461538
-0.205675 -0.023269 2.730517 0.000000
-0.475885 0.091019 2.738058 1.000000
-0.012423 0.099866 2.582782 1.000000
-0.480936 -0.196774 2.714638 1.000000
-0.003753 -0.187334 2.553796 1.000000
-0.474716 -0.256820 2.746534 0.593750
0.013936 -0.253229 2.551241 1.000000
-0.339981 -0.597914 2.631424 1.000000
-0.062659 -0.572067 2.537429 1.000000
-0.148760 -0.957818 2.758833 0.578606
-0.029084 -0.973637 2.678648 1.000000
-0.241035 -1.045782 2.648843 0.000000
-0.035860 -1.029955 2.520115 0.000000
-0.236017 0.664724 2.592783 1.000000
-0.378630 0.347171 2.704474 1.000000
-0.029137 0.355328 2.627323 1.000000
-0.224680 0.403286 2.577190 0.000000
-0.181747 0.189499 2.749072 0.000000
-0.357589 -0.026372 2.629853 0.701923
-0.082429 -0.014225 2.572922 0.365385
-0.194771 -0.017838 2.723893 0.000000
-0.450108 0.091241 2.736804 1.000000
0.014986 0.095417 2.580915 1.000000
-0.466787 -0.197342 2.734156 1.000000
0.001195 -0.191720 2.550468 1.000000
-0.451565 -0.261299 2.752576 0.728365
0.011686 -0.259185 2.550582 0.980769
-0.318318 -0.598792 2.624334 1.000000
-0.046432 -0.577612 2.656208 1.000000
-0.111848 -0.942563 2.771032 0.750481
-0.011937 -0.973486 2.812485 1.000000
-0.195714 -1.039517 2.661869 0.000000
-0.024758 -1.036098 2.656711 0.057692
-0.205238 0.668370 2.590333 1.000000
-0.360074 0.344633 2.692212 1.000000
-0.006868 0.353141 2.634444 1.000000
-0.199299 0.402317 2.574422 0.000000
-0.166169 0.185837 2.745098 0.000000
-0.335168 -0.022441 2.620704 0.788462
-0.057142 -0.028748 2.578717 0.365385
-0.177360 -0.019420 2.723238 0.000000
-0.427448 0.087215 2.722602 1.000000
0.040373 0.093871 2.586753 1.000000
-0.448551 -0.201149 2.729738 1.000000
0.001655 -0.189522 2.543861 1.000000
-0.434401 -0.254149 2.770388 0.610577
0.026824 -0.246561 2.516028 0.812500
-0.299665 -0.600889 2.620039 1.000000
-0.041431 -0.577487 2.716678 1.000000
-0.076932 -0.927611 2.781197 1.000000
-0.001765 -0.985840 2.835016 1.000000
-0.157316 -1.033417 2.677788 0.000000
-0.024098 -1.034289 2.675316 0.019231
-0.180721 0.666931 2.594821 1.000000
-0.335676 0.354207 2.656823 1.000000
0.022198 0.359224 2.648762 1.000000
-0.159507 0.402720 2.558530 0.000000
-0.152386 0.200879 2.749058 0.000000
-0.303359 -0.023830 2.609472 1.000000
-0.022268 -0.015330 2.605350 0.355769
-0.161160 -0.013675 2.732363 0.000000
-0.390145 0.092126 2.669405 1.000000
0.075226 0.098702 2.615175 1.000000
-0.418391 -0.194823 2.694122 1.000000
0.025357 -0.173865 2.531698 1.000000
-0.399051 -0.249977 2.729414 0.694712
0.031959 -0.233387 2.498909 0.745192
-0.264860 -0.597267 2.623693 1.000000
-0.012239 -0.580006 2.694281 1.000000
-0.098857 -0.946669 2.804497 1.000000
-0.000692 -0.999306 2.774178 1.000000
-0.157407 -1.040270 2.677372 0.000000
0.003736 -1.030694 2.608814 0.000000
-0.129765 0.673557 2.579994 1.000000
-0.309977 0.356799 2.637283 1.000000
0.047070 0.357117 2.663397 1.000000
-0.124482 0.399109 2.554506 0.000000
-0.138801 0.205136 2.752650 0.000000
-0.278479 -0.020959 2.610444 1.000000
0.002749 -0.018024 2.612337 0.346154
-0.138772 -0.013175 2.736330 0.000000
-0.367854 0.095150 2.643977 1.000000
0.099176 0.096855 2.625935 1.000000
-0.379605 -0.194063 2.639903 1.000000
0.050867 -0.174386 2.537092 1.000000
-0.357868 -0.253229 2.666141 0.812500
0.048843 -0.231753 2.500126 0.879808
-0.255077 -0.594525 2.616949 1.000000
0.003094 -0.584325 2.689204 1.000000
-0.181578 -0.988894 2.763236 0.431731
-0.006399 -1.006442 2.752894 1.000000
-0.213299 -1.051568 2.610213 0.000000
0.003173 -1.031733 2.586705 0.000000
-0.093248 0.671513 2.574474 1.000000
-0.287360 0.361009 2.630213 1.000000
0.068115 0.358561 2.672585 1.000000
-0.097914 0.400801 2.555534 0.000000
-0.122997 0.209185 2.754897 0.000000
-0.256017 -0.008788 2.596209 1.000000
0.022867 -0.014239 2.632202 0.759615
-0.132394 -0.003269 2.738029 0.000000
-0.346426 0.099598 2.622154 1.000000
0.113531 0.097608 2.630988 1.000000
-0.348729 -0.187193 2.582344 1.000000
0.080992 -0.181449 2.560932 1.000000
-0.330051 -0.252829 2.580190 0.677885
0.075295 -0.247687 2.545387 1.000000
-0.263753 -0.580253 2.609554 1.000000
0.006896 -0.581084 2.692901 1.000000
-0.214703 -0.985403 2.735161 0.525481
-0.001263 -1.000424 2.773001 1.000000
-0.230896 -1.036816 2.575648 0.000000
0.027740 -1.032087 2.610193 0.000000
-0.072944 0.669407 2.560180 1.000000
-0.265568 0.369424 2.634615 1.000000
0.090639 0.351095 2.665345 1.000000
-0.077093 0.399849 2.553365 0.000000
-0.104222 0.211350 2.755412 0.000000
-0.223689 -0.002283 2.616371 0.269231
0.056307 -0.026767 2.626593 1.000000
-0.087322 -0.004021 2.746089 0.000000
-0.318751 0.108802 2.600302 1.000000
0.139488 0.089158 2.634807 1.000000
-0.285289 -0.166512 2.516823 1.000000
0.117922 -0.198162 2.605337 1.000000
-0.267157 -0.230504 2.501400 0.442308
0.119589 -0.259491 2.575377 1.000000
-0.254645 -0.575469 2.626996 1.000000
0.017132 -0.588900 2.700112 1.000000
-0.229413 -0.997204 2.688902 0.612981
-0.009401 -1.010767 2.760553 1.000000
-0.247613 -1.022580 2.523448 0.000000
0.001599 -1.035273 2.594334 0.000000
-0.056807 0.671543 2.557919 1.000000
-0.255585 0.374033 2.643126 1.000000
0.100915 0.347305 2.662031 1.000000
-0.069167 0.401508 2.556272 0.000000
-0.094090 0.210554 2.756289 0.000000
-0.214660 -0.004007 2.622302 0.096154
0.065713 -0.026112 2.620299 1.000000
-0.072729 -0.004229 2.745921 0.000000
-0.305266 0.115405 2.592194 1.000000
0.147650 0.083833 2.643348 1.000000
-0.261910 -0.152104 2.489874 1.000000
0.141274 -0.205396 2.628651 1.000000
-0.235936 -0.213928 2.477038 0.475962
0.150657 -0.273015 2.629793 1.000000
-0.258640 -0.572279 2.620232 1.000000
0.011869 -0.590688 2.700562 1.000000
-0.222484 -0.985661 2.720916 0.528606
-0.008553 -1.010608 2.775262 1.000000
-0.263065 -1.027674 2.562997 0.000000
-0.007643 -1.040139 2.609499 0.000000
-0.051248 0.671699 2.558282 1.000000
-0.248578 0.379339 2.645410 1.000000
0.106989 0.343322 2.666373 1.000000
-0.060919 0.403097 2.560145 0.000000
-0.092077 0.210461 2.757659 0.000000
-0.207276 -0.000760 2.619750 0.067308
0.073123 -0.022595 2.620852 1.000000
-0.066809 -0.001953 2.745024 0.000000
-0.297740 0.122592 2.585149 1.000000
0.151169 0.079424 2.647047 1.000000
-0.249810 -0.145546 2.486484 1.000000
0.179624 -0.208445 2.631197 1.000000
-0.223580 -0.198856 2.452844 0.274038
0.172782 -0.276071 2.637646 1.000000
-0.247467 -0.570433 2.626237 1.000000
0.019469 -0.588490 2.690885 1.000000
-0.236382 -0.983520 2.733779 0.531731
-0.007685 -1.009117 2.759184 1.000000
-0.266727 -1.026008 2.573704 0.000000
-0.003663 -1.036349 2.593074 0.000000
-0.047283 0.668730 2.551828 1.000000
-0.253531 0.373854 2.642900 1.000000
0.102225 0.343947 2.669496 1.000000
-0.064935 0.401761 2.561027 0.000000
-0.095922 0.206699 2.756173 0.000000
-0.202379 -0.001841 2.603777 0.096154
0.077782 -0.019394 2.621193 1.000000
-0.069230 0.002039 2.736752 0.000000
-0.299341 0.116090 2.584200 1.000000
0.162278 0.082969 2.653034 1.000000
-0.264392 -0.159636 2.502307 1.000000
0.194437 -0.204528 2.636802 1.000000
-0.247474 -0.223042 2.483464 0.795673
0.179108 -0.271053 2.637827 1.000000
-0.248264 -0.568139 2.627381 1.000000
0.014604 -0.588319 2.681176 1.000000
-0.227871 -0.981792 2.731324 0.594231
-0.016393 -1.005384 2.767341 1.000000
-0.252966 -1.023530 2.570146 0.000000
-0.001880 -1.040358 2.603279 0.000000
-0.050586 0.665364 2.549099 1.000000
-0.258247 0.373840 2.642937 1.000000
0.097247 0.347393 2.675923 1.000000
-0.068410 0.406256 2.565727 0.000000
-0.100884 0.205439 2.754697 0.000000
-0.203667 -0.000172 2.598788 0.269231
0.076363 -0.021468 2.613981 1.000000
-0.069408 0.002160 2.730679 0.000000
-0.307910 0.115374 2.590730 1.000000
0.159543 0.087260 2.654789 1.000000
-0.290575 -0.166677 2.526615 1.000000
0.186346 -0.200273 2.630911 1.000000
-0.292691 -0.231059 2.503988 0.795673
0.171563 -0.266199 2.621066 0.930288
-0.247495 -0.568404 2.631722 1.000000
0.010200 -0.589377 2.673098 1.000000
-0.227416 -0.978272 2.749765 0.559856
-0.010527 -1.002771 2.778000 1.000000
-0.253105 -1.025486 2.590200 0.000000
0.002304 -1.044669 2.615426 0.000000
-0.061219 0.665207 2.549823 1.000000
-0.266071 0.369046 2.637789 1.000000
0.089484 0.347996 2.673865 1.000000
-0.076091 0.403642 2.561888 0.000000
-0.107222 0.203769 2.752079 0.000000
-0.218920 -0.006142 2.590466 1.000000
0.060442 -0.019471 2.620142 1.000000
-0.091766 0.000254 2.729091 0.000000
-0.324982 0.109754 2.601708 1.000000
0.149329 0.087592 2.649117 1.000000
-0.319537 -0.176022 2.554008 1.000000
0.177836 -0.199669 2.623787 1.000000
-0.319806 -0.244294 2.553271 1.000000
0.161713 -0.264301 2.608806 0.862981
-0.245690 -0.575343 2.640656 1.000000
0.006550 -0.589818 2.669896 1.000000
-0.235966 -0.983627 2.765309 0.594231
-0.009848 -1.002341 2.778913 1.000000
-0.244997 -1.032919 2.604565 0.000000
0.013390 -1.045812 2.617914 0.000000
-0.071440 0.663941 2.545357 1.000000
-0.277596 0.365805 2.631395 1.000000
0.077686 0.350961 2.672850 1.000000
-0.087135 0.404575 2.558788 0.000000
-0.117506 0.202438 2.746696 0.000000
-0.240098 -0.018078 2.584050 1.000000
0.038366 -0.017878 2.623538 1.000000
-0.118344 -0.004944 2.726982 0.000000
-0.344772 0.106402 2.616852 1.000000
0.130448 0.089588 2.642614 1.000000
-0.370557 -0.180377 2.584043 1.000000
0.138332 -0.198027 2.607985 1.000000
-0.362247 -0.236441 2.622114 1.000000
0.123014 -0.260706 2.585661 0.947115
-0.245100 -0.585543 2.654952 1.000000
0.006125 -0.590948 2.669846 1.000000
-0.235481 -0.987571 2.798514 0.534856
-0.015962 -1.005580 2.769454 1.000000
-0.234122 -1.044164 2.639940 0.149038
0.016603 -1.045806 2.609231 0.000000
-0.070227 0.664003 2.545180 1.000000
-0.285953 0.365462 2.626245 1.000000
0.069884 0.352330 2.663277 1.000000
-0.096564 0.402364 2.549953 0.000000
-0.124022 0.205751 2.744069 0.000000
-0.253407 -0.016922 2.586764 1.000000
0.026642 -0.014794 2.612640 1.000000
-0.124930 -0.003288 2.723634 0.000000
-0.358036 0.107067 2.633625 1.000000
0.118132 0.089532 2.638220 1.000000
-0.392528 -0.179633 2.609074 1.000000
0.107144 -0.195725 2.588249 1.000000
-0.390669 -0.243069 2.634254 0.728365
0.097318 -0.260724 2.569806 0.947115
-0.243988 -0.586105 2.653867 1.000000
0.001831 -0.586884 2.670507 1.000000
-0.238246 -0.993747 2.780850 0.609856
-0.011834 -1.001233 2.772767 1.000000
-0.237898 -1.043819 2.620093 0.000000
0.012643 -1.041909 2.611223 0.000000
-0.090227 0.667656 2.540993 1.000000
-0.294885 0.360736 2.627769 1.000000
0.061813 0.356417 2.657962 1.000000
-0.107985 0.403007 2.548196 0.000000
-0.126733 0.204361 2.741276 0.000000
-0.263597 -0.017758 2.576323 1.000000
0.015453 -0.014350 2.611269 1.000000
-0.139688 -0.002537 2.717181 0.000000
-0.366474 0.102556 2.643269 1.000000
0.110208 0.093851 2.630777 1.000000
-0.395585 -0.185272 2.625894 1.000000
0.091031 -0.190307 2.577109 1.000000
-0.389022 -0.245635 2.657115 0.711538
0.076617 -0.256304 2.567195 1.000000
-0.246193 -0.587293 2.652181 1.000000
-0.005172 -0.586196 2.666798 1.000000
-0.232363 -0.995329 2.777257 0.672356
-0.009839 -0.999318 2.774674 1.000000
-0.225194 -1.044408 2.616353 0.000000
0.019949 -1.041502 2.614414 0.000000
-0.097839 0.665873 2.536280 1.000000
-0.300916 0.360707 2.630964 1.000000
0.056545 0.357488 2.650328 1.000000
-0.116658 0.404312 2.546124 0.000000
-0.128859 0.204065 2.738070 0.000000
-0.271991 -0.017993 2.580232 1.000000
0.008646 -0.020898 2.598569 1.000000
-0.139587 -0.002926 2.713155 0.000000
-0.370871 0.101972 2.644729 1.000000
0.104556 0.094500 2.626686 1.000000
-0.391401 -0.186751 2.630026 1.000000
0.084466 -0.188593 2.567916 1.000000
-0.376420 -0.252177 2.642541 0.913462
0.067547 -0.253982 2.557938 1.000000
-0.253227 -0.589376 2.655138 1.000000
-0.012529 -0.589857 2.663584 1.000000
-0.236036 -0.982786 2.820250 0.556731
-0.010528 -1.003271 2.770421 1.000000
-0.243599 -1.048161 2.665269 0.000000
0.008733 -1.045035 2.608449 0.000000
-0.105466 0.665611 2.533222 1.000000
-0.306305 0.357268 2.632105 1.000000
0.051362 0.357883 2.647527 1.000000
-0.123492 0.403747 2.545679 0.000000
-0.131342 0.201557 2.735808 0.000000
-0.273908 -0.018577 2.580151 1.000000
0.007090 -0.021146 2.591780 1.000000
-0.138366 -0.002005 2.709687 0.000000
-0.367457 0.096120 2.641643 1.000000
0.101986 0.095789 2.619724 1.000000
-0.376222 -0.193010 2.623520 1.000000
0.086023 -0.187981 2.562966 1.000000
-0.366982 -0.257893 2.642664 0.963942
0.067852 -0.253612 2.558070 1.000000
-0.262292 -0.588911 2.649545 1.000000
-0.013016 -0.589908 2.660195 1.000000
-0.233388 -0.976947 2.825389 0.459856
-0.009759 -1.008173 2.746063 1.000000
-0.251109 -1.047153 2.673379 0.000000
0.003717 -1.041824 2.581637 0.000000
-0.110863 0.662882 2.529463 1.000000
-0.306605 0.358431 2.627848 1.000000
0.051024 0.352775 2.643134 1.000000
-0.123025 0.398724 2.539954 0.000000
-0.134517 0.202766 2.736320 0.000000
-0.275229 -0.017930 2.577929 1.000000
0.005803 -0.018987 2.588963 1.000000
-0.139503 -0.000555 2.707167 0.000000
-0.366264 0.096844 2.634444 1.000000
0.099357 0.090216 2.615613 1.000000
-0.369536 -0.192076 2.611667 1.000000
0.083761 -0.194848 2.565622 1.000000
-0.355728 -0.252804 2.639650 0.762019
0.075526 -0.262281 2.558798 1.000000
-0.267534 -0.587539 2.641170 1.000000
-0.015971 -0.589374 2.650217 1.000000
-0.225423 -0.982365 2.798229 0.541106
-0.016935 -1.001087 2.763444 1.000000
-0.246236 -1.046035 2.643752 0.000000
-0.000499 -1.045557 2.601882 0.000000
-0.113396 0.665407 2.534123 1.000000
-0.309071 0.356698 2.627718 1.000000
0.048703 0.352980 2.639883 1.000000
-0.126489 0.398563 2.538491 0.009615
-0.135177 0.201358 2.733749 0.000000
-0.273405 -0.020805 2.572644 1.000000
0.006965 -0.021602 2.594861 1.000000
-0.142955 -0.003678 2.707238 0.000000
-0.366534 0.094542 2.625485 1.000000
0.097303 0.090616 2.610969 1.000000
-0.361767 -0.192969 2.589138 1.000000
0.085005 -0.194526 2.560475 1.000000
-0.357232 -0.253169 2.621028 0.644231
0.069527 -0.260854 2.555726 1.000000
-0.260941 -0.590217 2.650574 1.000000
-0.023329 -0.593355 2.651373 1.000000
-0.231735 -0.994955 2.783478 0.672356
-0.012672 -1.003435 2.769906 1.000000
-0.236841 -1.047793 2.623690 0.000000
0.007755 -1.049354 2.609207 0.000000
-0.114565 0.663264 2.529353 1.000000
-0.312692 0.359631 2.627090 1.000000
0.045110 0.354097 2.637605 1.000000
-0.130314 0.400526 2.537001 0.000000
-0.139104 0.203456 2.732391 0.000000
-0.279267 -0.021476 2.574925 1.000000
0.001676 -0.018611 2.587744 1.000000
-0.144619 -0.002759 2.705100 0.000000
-0.371648 0.098028 2.616045 1.000000
0.093902 0.091311 2.613182 1.000000
-0.364822 -0.189673 2.581559 1.000000
0.071799 -0.192565 2.559021 1.000000
-0.354805 -0.256516 2.571902 0.627404
0.065830 -0.259468 2.546774 0.980769
-0.272175 -0.589108 2.642901 1.000000
-0.023042 -0.590403 2.653678 1.000000
-0.225845 -0.995417 2.765765 0.569231
-0.009703 -1.004449 2.757204 1.000000
-0.242093 -1.045620 2.605872 0.000000
0.004167 -1.044732 2.594308 0.000000
-0.117776 0.662861 2.521802 1.000000
-0.316378 0.355931 2.624619 1.000000
0.041392 0.355812 2.637452 1.000000
-0.134077 0.400625 2.536195 0.000000
-0.141072 0.201311 2.729369 0.000000
-0.281681 -0.023254 2.578874 1.000000
-0.000624 -0.018833 2.588306 0.903846
-0.145610 -0.000950 2.706987 0.000000
-0.373708 0.093751 2.621464 1.000000
0.092845 0.093546 2.612882 1.000000
-0.364812 -0.192169 2.574785 1.000000
0.069810 -0.190881 2.562095 1.000000
-0.359503 -0.253606 2.604093 0.963942
0.065232 -0.258949 2.559382 0.980769
-0.262638 -0.591465 2.651839 1.000000
-0.023749 -0.590761 2.655508 1.000000
-0.228937 -0.991883 2.796265 0.619231
-0.008219 -1.004349 2.760546 1.000000
-0.243064 -1.049861 2.638819 0.000000
0.004023 -1.045253 2.597675 0.000000
-0.114729 0.661792 2.522165 1.000000
-0.320758 0.358427 2.619928 1.000000
0.036631 0.358601 2.640831 1.000000
-0.136550 0.403505 2.535750 0.000000
-0.147711 0.203708 2.728228 0.000000
-0.278292 -0.020766 2.571837 1.000000
0.002599 -0.017506 2.585676 1.000000
-0.144163 0.003233 2.701681 0.000000
-0.377522 0.096138 2.615671 1.000000
0.091502 0.097287 2.613631 1.000000
-0.361064 -0.188922 2.565873 1.000000
0.075220 -0.187623 2.562927 1.000000
-0.348369 -0.253540 2.583898 1.000000
0.062911 -0.254726 2.560231 1.000000
-0.263177 -0.588385 2.648786 1.000000
-0.021798 -0.588620 2.654051 1.000000
-0.231124 -0.991818 2.784961 0.609856
-0.015990 -1.001872 2.761376 1.000000
-0.242295 -1.046344 2.626051 0.000000
-0.000085 -1.043797 2.599082 0.000000
-0.122066 0.662100 2.516038 1.000000
