-0.362493 0.290047 2.657033 1.000000
-0.043557 0.290959 2.650708 1.000000
-0.205152 0.366381 2.557591 0.000000
-0.202086 0.158665 2.682209 0.000000
-0.357930 -0.020713 2.556620 0.740385
-0.040043 -0.013917 2.551532 0.740385
-0.197436 -0.029146 2.635142 0.000000
-0.421966 0.018352 2.663896 1.000000
0.010126 0.023523 2.705468 1.000000
-0.474292 -0.255397 2.599716 1.000000
0.011817 -0.242944 2.601604 1.000000
-0.461816 -0.307927 2.573769 0.408654
-0.015829 -0.295216 2.592029 0.509615
-0.304601 -0.527792 2.668728 1.000000
-0.091440 -0.530053 2.648965 1.000000
-0.324494 -0.946771 2.776196 1.000000
-0.051053 -0.942385 2.774826 1.000000
-0.325890 -0.982578 2.636339 0.000000
-0.051763 -0.984597 2.636762 0.000000
-0.200095 0.497845 2.556734 1.000000
-0.365117 0.291733 2.657069 1.000000
-0.046202 0.288685 2.650392 1.000000
-0.206900 0.368001 2.558975 0.000000
-0.206386 0.157834 2.679451 0.000000
-0.357922 -0.016681 2.543782 0.480769
-0.040165 -0.010761 2.554728 0.663462
-0.201613 -0.025607 2.630287 0.000000
-0.419207 0.020306 2.681112 1.000000
0.001185 0.020374 2.704615 1.000000
-0.457926 -0.254965 2.615666 1.000000
0.008797 -0.248640 2.609064 1.000000
-0.446600 -0.313579 2.620609 0.576923
-0.008971 -0.293814 2.573965 0.778846
-0.300345 -0.524424 2.660809 1.000000
-0.091171 -0.527272 2.644669 1.000000
-0.326569 -0.940277 2.778568 1.000000
-0.049706 -0.939975 2.768951 1.000000
-0.321055 -0.979907 2.639848 0.134615
-0.043465 -0.980991 2.630666 0.000000
-0.199609 0.503707 2.568351 1.000000
-0.365516 0.292821 2.658912 1.000000
-0.046673 0.282837 2.658351 1.000000
-0.203705 0.369290 2.567034 0.000000
-0.210230 0.154596 2.679057 0.000000
-0.358291 -0.016665 2.541986 0.384615
-0.040607 -0.005940 2.551256 0.634615
-0.201396 -0.023618 2.627606 0.000000
-0.413620 0.017065 2.675437 1.000000
-0.003580 0.011247 2.713212 1.000000
-0.424717 -0.265002 2.617080 1.000000
0.009893 -0.259995 2.616584 1.000000
-0.412895 -0.319040 2.640067 0.341346
-0.011903 -0.306201 2.585308 0.408654
-0.299820 -0.522990 2.657509 1.000000
-0.088612 -0.523086 2.643550 1.000000
-0.325855 -0.938442 2.776721 1.000000
-0.052148 -0.935681 2.769744 1.000000
-0.320525 -0.978544 2.638129 0.115385
-0.045976 -0.977370 2.631657 0.019231
-0.194769 0.498597 2.570956 1.000000
-0.367604 0.290464 2.655846 1.000000
-0.048820 0.279924 2.661036 1.000000
-0.204007 0.367835 2.567973 0.000000
-0.212928 0.151714 2.677048 0.000000
-0.358431 -0.017213 2.540526 0.403846
-0.040723 -0.006649 2.549119 0.538462
-0.201362 -0.024142 2.625827 0.000000
-0.411059 0.012832 2.671367 1.000000
-0.007012 0.006117 2.710945 1.000000
-0.409689 -0.268966 2.605851 1.000000
-0.000276 -0.258998 2.595304 1.000000
-0.392011 -0.323108 2.624411 0.509615
-0.009713 -0.317882 2.600949 0.475962
-0.296610 -0.524153 2.655146 1.000000
-0.089939 -0.523970 2.641352 1.000000
-0.326181 -0.939533 2.773779 1.000000
-0.050049 -0.934667 2.772599 1.000000
-0.321085 -0.979492 2.635138 0.019231
-0.044121 -0.978055 2.635026 0.038462
-0.193460 0.499909 2.579324 1.000000
-0.367207 0.284686 2.656799 1.000000
-0.048322 0.279003 2.663195 1.000000
-0.204477 0.365569 2.570492 0.000000
-0.210490 0.148104 2.677066 0.000000
-0.357851 -0.017565 2.536040 0.394231
-0.040373 -0.007114 2.550951 0.663462
-0.202511 -0.024583 2.624444 0.000000
-0.409061 0.006229 2.657496 1.000000
-0.004395 0.005102 2.711561 1.000000
-0.407204 -0.276997 2.597740 1.000000
0.004845 -0.259696 2.594995 1.000000
-0.382688 -0.328213 2.616822 0.341346
-0.008484 -0.317306 2.585419 0.475962
-0.295315 -0.525239 2.650337 1.000000
-0.084524 -0.523394 2.643249 1.000000
-0.326629 -0.939017 2.774013 1.000000
-0.052074 -0.937272 2.766300 1.000000
-0.319010 -0.980834 2.636037 0.000000
-0.043395 -0.977716 2.627978 0.000000
-0.190333 0.498020 2.585014 1.000000
-0.368690 0.288543 2.658973 1.000000
-0.050037 0.275777 2.666618 1.000000
-0.203862 0.366047 2.573552 0.000000
-0.215119 0.148465 2.679458 0.000000
-0.351574 -0.023042 2.538327 0.538462
-0.034600 -0.006957 2.558147 0.432692
-0.197452 -0.028440 2.628949 0.000000
-0.408354 0.011155 2.642749 1.000000
-0.000829 0.002727 2.709073 1.000000
-0.395629 -0.262299 2.551576 1.000000
0.016453 -0.265661 2.604572 1.000000
-0.371750 -0.315659 2.538509 0.375000
-0.000927 -0.322906 2.607605 0.543269
-0.290314 -0.528128 2.654320 1.000000
-0.079795 -0.526350 2.642447 1.000000
-0.325119 -0.942353 2.775544 1.000000
-0.053306 -0.939438 2.769513 1.000000
-0.314493 -0.983615 2.637600 0.000000
-0.041496 -0.981050 2.631770 0.000000
-0.187221 0.496115 2.584367 1.000000
-0.365354 0.289913 2.657316 1.000000
-0.046956 0.274182 2.668989 1.000000
-0.198771 0.364241 2.572480 0.000000
-0.213438 0.148740 2.682158 0.000000
-0.352595 -0.021473 2.536728 0.644231
-0.035716 -0.008334 2.559947 0.500000
-0.199516 -0.028187 2.629015 0.000000
-0.407865 0.013429 2.637647 1.000000
0.003229 0.001307 2.709701 1.000000
-0.399489 -0.252250 2.526091 1.000000
0.014380 -0.267852 2.607089 1.000000
-0.374353 -0.301106 2.549957 0.442308
-0.001343 -0.325623 2.608985 0.442308
-0.288642 -0.528577 2.651256 1.000000
-0.078203 -0.525763 2.646545 1.000000
-0.324603 -0.941743 2.775714 1.000000
-0.051201 -0.939439 2.771574 1.000000
-0.313059 -0.984172 2.638198 0.000000
-0.038223 -0.980263 2.633700 0.000000
-0.179066 0.495865 2.584619 1.000000
-0.363269 0.292746 2.657711 1.000000
-0.045148 0.273120 2.670943 1.000000
-0.195382 0.364706 2.573404 0.000000
-0.213231 0.149794 2.683764 0.000000
-0.351264 -0.020231 2.538522 0.490385
-0.034315 -0.011670 2.562900 0.644231
-0.198629 -0.029341 2.631337 0.000000
-0.404833 0.017186 2.626992 1.000000
0.007033 0.001384 2.716126 1.000000
-0.395211 -0.245272 2.508296 1.000000
0.015924 -0.269747 2.618788 1.000000
-0.367084 -0.292301 2.532493 0.459135
-0.003063 -0.321043 2.594364 0.610577
-0.286328 -0.529621 2.650711 1.000000
-0.074355 -0.527289 2.649019 1.000000
-0.324039 -0.941201 2.779819 1.000000
-0.048838 -0.943351 2.766198 1.000000
-0.312721 -0.985223 2.642786 0.038462
-0.035934 -0.981599 2.627581 0.000000
-0.185430 0.496661 2.583540 1.000000
-0.355424 0.297605 2.650223 1.000000
-0.037736 0.277301 2.670803 1.000000
-0.185511 0.365272 2.566421 0.000000
-0.206636 0.155291 2.685361 0.000000
-0.346113 -0.021432 2.538124 0.413462
-0.030009 -0.008389 2.570246 0.500000
-0.195671 -0.028565 2.634619 0.000000
-0.394460 0.021011 2.626943 1.000000
0.007805 0.004368 2.715562 1.000000
-0.371724 -0.243366 2.514621 1.000000
0.022823 -0.268985 2.625665 1.000000
-0.357810 -0.299913 2.528664 0.644231
-0.000520 -0.315906 2.596651 0.509615
-0.284999 -0.528282 2.654964 1.000000
-0.075051 -0.526864 2.650634 1.000000
-0.325168 -0.942079 2.775992 1.000000
-0.053241 -0.942352 2.770564 1.000000
-0.309659 -0.983758 2.638637 0.057692
-0.036426 -0.981303 2.632563 0.000000
-0.174643 0.506832 2.589482 1.000000
-0.353164 0.300467 2.650142 1.000000
-0.035332 0.283534 2.671520 1.000000
-0.183767 0.368582 2.565662 0.000000
-0.203070 0.160114 2.687536 0.000000
-0.342978 -0.020627 2.541442 0.403846
-0.026958 -0.005425 2.573445 0.336538
-0.192493 -0.026121 2.637979 0.000000
-0.390790 0.024681 2.627016 1.000000
0.006854 0.010787 2.714386 1.000000
-0.358407 -0.242679 2.527490 1.000000
0.023910 -0.260933 2.623210 1.000000
-0.353180 -0.300232 2.543260 0.677885
-0.000346 -0.313688 2.608484 0.543269
-0.286533 -0.526803 2.657320 1.000000
-0.075672 -0.525342 2.653208 1.000000
-0.325722 -0.941729 2.774749 1.000000
-0.051154 -0.940535 2.773636 1.000000
-0.309943 -0.982187 2.637059 0.115385
-0.034428 -0.979571 2.635648 0.000000
-0.170993 0.510139 2.586616 1.000000
-0.353211 0.299745 2.654468 1.000000
-0.034588 0.287493 2.663975 1.000000
-0.188148 0.367305 2.561400 0.000000
-0.199868 0.162533 2.690304 0.000000
-0.341983 -0.021470 2.553408 0.375000
-0.025214 -0.001189 2.572634 0.298077
-0.187607 -0.025176 2.643682 0.000000
-0.388482 0.024606 2.633285 1.000000
0.008307 0.017143 2.713622 1.000000
-0.357442 -0.241649 2.533629 1.000000
0.017480 -0.255644 2.628240 1.000000
-0.347742 -0.299579 2.545391 0.644231
-0.002698 -0.312016 2.626414 0.341346
-0.289045 -0.526735 2.659467 1.000000
-0.079375 -0.523174 2.654590 1.000000
-0.323959 -0.943328 2.772252 1.000000
-0.048994 -0.938424 2.773471 1.000000
-0.313325 -0.981784 2.633500 0.000000
-0.037827 -0.977286 2.634874 0.000000
-0.179011 0.512703 2.583308 1.000000
-0.354479 0.298102 2.646945 1.000000
-0.035724 0.295942 2.659247 1.000000
-0.190693 0.364251 2.550663 0.000000
-0.197504 0.168146 2.692724 0.000000
-0.342230 -0.019390 2.566617 0.442308
-0.025034 -0.003108 2.582286 0.355769
-0.187015 -0.023277 2.655432 0.000000
-0.396185 0.022760 2.642669 1.000000
0.009482 0.025868 2.710111 1.000000
-0.361174 -0.245934 2.550199 1.000000
0.008335 -0.249385 2.631321 1.000000
-0.365068 -0.304151 2.563759 0.543269
-0.005418 -0.304482 2.612255 0.442308
-0.300211 -0.528844 2.657357 1.000000
-0.082941 -0.525017 2.664327 1.000000
-0.323109 -0.948807 2.760291 1.000000
-0.051080 -0.943757 2.769832 1.000000
-0.315844 -0.983506 2.620337 0.000000
-0.042264 -0.978334 2.629936 0.019231
-0.188086 0.510761 2.562560 1.000000
-0.358115 0.303721 2.648709 1.000000
-0.039138 0.304303 2.652493 1.000000
-0.197506 0.368436 2.546294 0.000000
-0.198905 0.176258 2.693774 0.000000
-0.343832 -0.012759 2.587177 0.615385
-0.026022 -0.003148 2.592507 0.298077
-0.185884 -0.021154 2.670705 0.000000
-0.399150 0.028992 2.655753 1.000000
0.005620 0.037248 2.714848 1.000000
-0.376532 -0.241726 2.567481 1.000000
-0.002501 -0.237449 2.636959 1.000000
-0.379538 -0.297639 2.588764 0.576923
-0.004190 -0.294620 2.619155 0.206731
-0.310153 -0.529991 2.635021 1.000000
-0.090778 -0.524654 2.669939 1.000000
-0.326409 -0.946089 2.753712 1.000000
-0.047712 -0.943331 2.771645 1.000000
-0.329662 -0.985564 2.614877 0.000000
-0.044422 -0.977083 2.631310 0.000000
-0.192422 0.522405 2.567051 1.000000
-0.366073 0.302622 2.652517 1.000000
-0.047167 0.305051 2.645142 1.000000
-0.209539 0.365644 2.542985 0.000000
-0.204584 0.177199 2.695133 0.000000
-0.351331 -0.008894 2.604549 0.336538
-0.033431 -0.006090 2.597080 0.423077
-0.190368 -0.020098 2.681753 0.000000
-0.404789 0.026465 2.667254 1.000000
-0.001249 0.038318 2.713870 1.000000
-0.382792 -0.244192 2.574168 1.000000
-0.019130 -0.236858 2.634103 1.000000
-0.389481 -0.302120 2.587875 0.576923
-0.021167 -0.293157 2.613740 0.375000
-0.319585 -0.530663 2.626651 1.000000
-0.097248 -0.525652 2.677897 1.000000
-0.331133 -0.948823 2.738444 1.000000
-0.042289 -0.943575 2.776936 1.000000
-0.342009 -0.985725 2.599289 0.000000
-0.045532 -0.977262 2.636583 0.000000
-0.208373 0.523058 2.565455 1.000000
-0.391736 0.311278 2.651530 1.000000
-0.072965 0.302699 2.643033 1.000000
-0.233759 0.362763 2.538108 0.000000
-0.234259 0.183179 2.700695 0.000000
-0.377124 -0.008317 2.604257 0.442308
-0.059378 -0.006036 2.616765 0.500000
-0.221399 -0.015414 2.691975 0.000000
-0.437428 0.037902 2.691570 1.000000
-0.024877 0.042069 2.733502 1.000000
-0.411338 -0.235365 2.604850 1.000000
-0.032683 -0.232207 2.646394 1.000000
-0.409095 -0.295074 2.600603 0.778846
-0.035844 -0.289220 2.628290 0.341346
-0.333526 -0.531787 2.642041 1.000000
-0.112614 -0.528354 2.677649 1.000000
-0.335443 -0.954102 2.737622 1.000000
-0.045541 -0.944316 2.777474 1.000000
-0.335194 -0.985973 2.596809 0.000000
-0.039645 -0.977080 2.636990 0.000000
-0.229029 0.519771 2.549362 1.000000
-0.412635 0.310236 2.649635 1.000000
-0.093747 0.301786 2.650325 1.000000
-0.251447 0.362947 2.541412 0.000000
-0.256599 0.181639 2.701992 0.000000
-0.407491 -0.015539 2.616812 0.413462
-0.089979 0.001606 2.620847 0.846154
-0.249528 -0.011534 2.700637 0.000000
-0.461757 0.039684 2.698448 1.000000
-0.038308 0.046813 2.749870 1.000000
-0.431074 -0.233997 2.617347 1.000000
-0.054547 -0.222513 2.651787 1.000000
-0.430141 -0.293877 2.616027 0.846154
-0.057054 -0.280263 2.636072 0.358173
-0.340346 -0.536148 2.659028 1.000000
-0.123256 -0.526729 2.661558 1.000000
-0.339189 -0.960697 2.744147 1.000000
-0.050342 -0.943222 2.754865 1.000000
-0.339347 -0.989079 2.602590 0.000000
-0.046234 -0.974087 2.613888 0.000000
-0.249259 0.522834 2.559592 1.000000
-0.440526 0.315762 2.646986 1.000000
-0.121801 0.308433 2.658018 1.000000
-0.276107 0.367741 2.543369 0.000000
-0.285857 0.188344 2.705870 0.000000
-0.434652 -0.018695 2.624158 0.442308
-0.118535 0.012194 2.639638 0.846154
-0.280738 -0.001838 2.713721 0.000000
-0.491199 0.047655 2.703804 1.000000
-0.059606 0.066123 2.780881 1.000000
-0.457890 -0.229223 2.638112 1.000000
-0.077993 -0.197803 2.670923 1.000000
-0.458067 -0.289122 2.638648 0.846154
-0.079921 -0.249433 2.640610 0.358173
-0.351119 -0.536087 2.668018 1.000000
-0.131100 -0.515216 2.586784 1.000000
-0.335967 -0.959541 2.757161 1.000000
-0.053419 -0.924706 2.704142 1.000000
-0.330876 -0.989089 2.615933 0.019231
-0.041111 -0.962174 2.565258 0.000000
-0.270563 0.515807 2.541036 1.000000
-0.470194 0.306392 2.647768 1.000000
-0.152124 0.320081 2.667889 1.000000
-0.306530 0.367293 2.547883 0.000000
-0.309379 0.190333 2.713298 0.000000
-0.456399 -0.019043 2.637518 0.615385
-0.141594 0.019849 2.660084 0.913462
-0.305795 0.008273 2.730078 0.000000
-0.518742 0.039659 2.712966 1.000000
-0.083516 0.094991 2.817494 1.000000
-0.503659 -0.242505 2.664773 1.000000
-0.092248 -0.167525 2.702706 1.000000
-0.498273 -0.299191 2.683376 0.475962
-0.087474 -0.221599 2.677377 0.105769
-0.363938 -0.534057 2.671836 1.000000
-0.142829 -0.448843 2.448859 1.000000
-0.354786 -0.958150 2.758726 1.000000
-0.091158 -0.836632 2.634436 0.831731
-0.346473 -0.986908 2.617489 0.019231
-0.069151 -0.895830 2.504607 0.000000
-0.308824 0.513601 2.540699 1.000000
-0.483530 0.303014 2.652760 1.000000
-0.166122 0.322698 2.677766 1.000000
-0.319803 0.369704 2.556751 0.000000
-0.321258 0.188678 2.717724 0.000000
-0.462255 -0.011704 2.640342 0.894231
-0.147277 0.012851 2.676537 0.730769
-0.314308 0.003071 2.739783 0.000000
-0.530290 0.033326 2.714941 1.000000
-0.094102 0.097599 2.829187 1.000000
-0.530727 -0.254292 2.691892 1.000000
-0.112083 -0.130266 2.653091 1.000000
-0.519645 -0.312918 2.686548 0.543269
-0.116235 -0.163380 2.603346 0.475962
-0.358835 -0.532502 2.670208 1.000000
-0.151754 -0.370032 2.356655 1.000000
-0.355602 -0.956452 2.758214 1.000000
-0.125685 -0.714709 2.617436 0.391106
-0.339608 -0.985499 2.617698 0.038462
-0.098375 -0.798927 2.503394 0.000000
-0.314063 0.503788 2.537807 1.000000
-0.495382 0.297128 2.645386 1.000000
-0.179858 0.328699 2.680154 1.000000
-0.330735 0.365725 2.552338 0.000000
-0.331747 0.191021 2.720155 0.000000
-0.467869 -0.005547 2.654172 0.673077
-0.151071 0.013893 2.673805 0.846154
-0.314198 -0.001222 2.745614 0.000000
-0.534675 0.029479 2.724267 1.000000
-0.096267 0.112219 2.840002 1.000000
-0.546030 -0.259529 2.708328 1.000000
-0.113201 -0.117743 2.664675 1.000000
-0.536618 -0.317873 2.718110 0.408654
-0.114048 -0.166264 2.629557 0.341346
-0.355863 -0.528347 2.667817 1.000000
-0.157604 -0.295507 2.297665 0.819231
-0.353505 -0.951341 2.760334 1.000000
-0.132143 -0.646472 2.549982 0.044231
-0.343684 -0.982066 2.619609 0.000000
-0.103601 -0.727714 2.434097 0.000000
-0.326221 0.516783 2.550634 0.937500
-0.507829 0.292281 2.655020 1.000000
-0.192486 0.330477 2.684361 1.000000
-0.346115 0.363276 2.558686 0.000000
-0.340909 0.190174 2.728077 0.000000
-0.472753 0.003430 2.657683 0.807692
-0.156008 0.012062 2.684555 0.567308
-0.320472 -0.013963 2.749895 0.000000
-0.538669 0.024931 2.738418 1.000000
-0.100524 0.118627 2.845745 1.000000
-0.548283 -0.263904 2.719201 1.000000
-0.116722 -0.097434 2.653540 1.000000
-0.536207 -0.322019 2.727272 0.492788
-0.118743 -0.150388 2.625610 0.442308
-0.344808 -0.519587 2.667714 1.000000
-0.220344 -0.124231 2.227324 1.000000
-0.333550 -0.942845 2.758353 1.000000
-0.210861 -0.471100 2.486324 1.000000
-0.318306 -0.972520 2.617886 0.000000
-0.198583 -0.556951 2.370898 0.000000
-0.347146 0.514082 2.555111 1.000000
-0.512909 0.290146 2.663340 1.000000
-0.197142 0.326933 2.689777 1.000000
-0.351303 0.357366 2.564158 0.000000
-0.346247 0.188908 2.738173 0.000000
-0.481472 0.009319 2.655990 0.586538
-0.164447 0.013175 2.680565 0.538462
-0.328186 -0.025286 2.741435 0.000000
-0.543440 0.023679 2.748778 1.000000
-0.104848 0.104123 2.834948 1.000000
-0.547150 -0.265639 2.744857 1.000000
-0.136746 -0.091415 2.624043 1.000000
-0.559312 -0.323535 2.735455 0.173077
-0.130283 -0.148711 2.607805 0.711538
-0.349060 -0.507841 2.668641 1.000000
-0.243924 -0.025168 2.206751 0.603846
-0.342650 -0.932178 2.754584 1.000000
-0.203567 -0.382263 2.448295 1.000000
-0.327940 -0.960475 2.613776 0.000000
-0.186950 -0.461322 2.328639 0.442308
-0.352675 0.513453 2.563956 1.000000
-0.520838 0.282543 2.678919 1.000000
-0.204586 0.319005 2.699319 1.000000
-0.360429 0.344946 2.574771 0.000000
-0.353496 0.183725 2.755450 0.000000
-0.487435 -0.004836 2.665181 0.269231
-0.170307 0.006821 2.685612 0.865385
-0.332002 -0.039022 2.746832 0.000000
-0.541728 0.011306 2.755409 1.000000
-0.105216 0.100803 2.848882 1.000000
-0.547837 -0.278727 2.740190 1.000000
-0.123269 -0.111357 2.651270 1.000000
-0.548022 -0.338592 2.742307 0.341346
-0.137217 -0.135467 2.598237 0.475962
-0.361004 -0.518774 2.666765 1.000000
-0.240758 -0.066346 2.206409 0.603846
-0.344687 -0.944803 2.742405 1.000000
-0.195504 -0.490673 2.279809 1.000000
-0.333898 -0.969571 2.600580 0.000000
-0.185946 -0.514237 2.137691 0.350962
-0.362206 0.501233 2.568851 0.937500
-0.530317 0.267703 2.713069 1.000000
-0.214171 0.309448 2.721416 1.000000
-0.375687 0.337145 2.604722 0.000000
-0.358106 0.169264 2.778480 0.000000
-0.493939 -0.025914 2.686298 0.240385
-0.177130 0.001586 2.686725 0.461538
-0.333209 -0.040155 2.763487 0.000000
-0.553819 -0.009266 2.772037 1.000000
-0.114785 0.073499 2.844670 1.000000
-0.559425 -0.297989 2.728097 1.000000
-0.144724 -0.118034 2.626170 1.000000
-0.554099 -0.356291 2.715414 0.307692
-0.147641 -0.144042 2.572287 0.375000
-0.378310 -0.542315 2.666027 1.000000
-0.190155 -0.288229 2.277760 0.638462
-0.343488 -0.965994 2.748324 1.000000
-0.163830 -0.480890 1.890877 1.000000
-0.343743 -0.993543 2.606602 0.000000
-0.173248 -0.352185 1.826144 0.000000
-0.377367 0.488957 2.598408 1.000000
-0.529508 0.256169 2.740002 1.000000
-0.213761 0.300863 2.731783 1.000000
-0.382888 0.338459 2.629535 0.000000
-0.352731 0.153681 2.783264 0.000000
-0.505476 -0.032024 2.693558 0.471154
-0.189845 0.003538 2.678197 0.557692
-0.341304 -0.036735 2.764413 0.000000
-0.567559 -0.023885 2.779656 1.000000
-0.121325 0.051732 2.835900 1.000000
-0.594707 -0.310717 2.724298 1.000000
-0.146195 -0.145688 2.620307 1.000000
-0.577428 -0.368070 2.723797 0.391827
-0.156352 -0.164271 2.564273 0.072115
-0.372529 -0.546400 2.652724 1.000000
-0.189171 -0.324165 2.301512 0.676923
-0.348117 -0.970676 2.735689 1.000000
-0.154881 -0.409321 1.878355 1.000000
-0.352653 -0.998621 2.594117 0.000000
-0.177132 -0.269834 1.848482 0.000000
-0.375334 0.473326 2.614452 0.942308
-0.532407 0.249030 2.754865 1.000000
-0.216679 0.290847 2.736747 1.000000
-0.388981 0.334125 2.642349 0.000000
-0.355356 0.143155 2.787556 0.000000
-0.509420 -0.037856 2.691464 0.557692
-0.193869 -0.004703 2.670190 0.423077
-0.344371 -0.039450 2.760395 0.000000
-0.572821 -0.032999 2.779053 1.000000
-0.119791 0.035826 2.822397 1.000000
-0.629654 -0.309921 2.698537 1.000000
-0.159556 -0.147408 2.596028 1.000000
-0.625602 -0.369590 2.695131 0.122596
-0.149397 -0.197350 2.564549 0.156250
-0.372130 -0.553275 2.646017 1.000000
-0.200912 -0.322089 2.292354 0.780769
-0.345581 -0.978436 2.723621 1.000000
-0.148873 -0.464592 1.886800 1.000000
-0.352111 -1.004728 2.581811 0.000000
-0.170382 -0.330787 1.837024 0.000000
-0.373554 0.466519 2.628508 0.975962
-0.531951 0.270213 2.751306 1.000000
-0.214674 0.300048 2.736961 1.000000
-0.384087 0.349935 2.640615 0.000000
-0.359437 0.157663 2.785905 0.000000
-0.509781 -0.024970 2.683583 0.644231
-0.192780 -0.011462 2.662328 0.384615
-0.345295 -0.031892 2.753524 0.000000
-0.597543 -0.004438 2.770892 1.000000
-0.125986 0.043963 2.818653 1.000000
-0.668481 -0.277370 2.699185 1.000000
-0.162933 -0.143651 2.599331 1.000000
-0.675577 -0.335160 2.685104 0.173077
-0.156123 -0.186409 2.557935 0.375000
-0.377381 -0.547656 2.649193 1.000000
-0.200991 -0.341570 2.302045 1.000000
-0.353444 -0.973169 2.725713 1.000000
-0.165673 -0.606544 1.961412 1.000000
-0.357966 -0.998956 2.583732 0.000000
-0.171484 -0.492972 1.872464 0.000000
-0.366443 0.478059 2.622415 0.889423
-0.531833 0.277999 2.745410 1.000000
-0.214075 0.304538 2.736112 1.000000
-0.381549 0.358350 2.638497 0.000000
-0.361076 0.162803 2.780015 0.000000
-0.510667 -0.015313 2.677569 1.000000
-0.192895 -0.011745 2.666064 0.432692
-0.348717 -0.024961 2.752897 0.000000
-0.603778 0.004023 2.761139 1.000000
-0.129893 0.044867 2.813381 1.000000
-0.687837 -0.266583 2.692144 1.000000
-0.171250 -0.135313 2.587818 1.000000
-0.697785 -0.324920 2.701423 0.324519
-0.168276 -0.175798 2.543768 0.442308
-0.380123 -0.541524 2.657394 1.000000
-0.213945 -0.336432 2.301788 1.000000
-0.364866 -0.967332 2.734487 1.000000
-0.170373 -0.675428 2.035946 1.000000
-0.360945 -0.992908 2.592449 0.000000
-0.162945 -0.585864 1.922954 0.000000
-0.367557 0.490712 2.628175 0.711538
-0.533064 0.287122 2.738845 1.000000
-0.214904 0.308317 2.729558 1.000000
-0.381319 0.362259 2.630218 0.000000
-0.364242 0.170141 2.776792 0.000000
-0.509089 -0.008488 2.672935 0.634615
-0.191259 -0.008883 2.662554 0.413462
-0.347531 -0.018438 2.749058 0.000000
-0.606759 0.013245 2.755600 1.000000
-0.136629 0.047738 2.811363 1.000000
-0.693387 -0.258410 2.692346 1.000000
-0.168770 -0.142681 2.592253 1.000000
-0.707319 -0.314418 2.676305 0.122596
-0.166499 -0.183134 2.548132 0.475962
-0.385318 -0.536540 2.666331 1.000000
-0.212475 -0.331193 2.299332 1.000000
-0.364551 -0.962038 2.743853 1.000000
-0.157180 -0.733842 2.149981 1.000000
-0.361901 -0.987786 2.601817 0.000000
-0.142733 -0.682145 2.015955 0.000000
-0.377318 0.502841 2.628394 0.793269
-0.538440 0.287660 2.730331 1.000000
-0.220900 0.314466 2.715824 1.000000
-0.389981 0.367835 2.620769 0.000000
-0.367034 0.172726 2.762512 0.000000
-0.504636 -0.003860 2.668764 0.923077
-0.187307 -0.003971 2.648111 0.403846
-0.340667 -0.010157 2.739966 0.000000
-0.600818 0.011730 2.748682 1.000000
-0.127010 0.065451 2.813501 1.000000
-0.678549 -0.262487 2.687949 1.000000
-0.157916 -0.148397 2.617951 1.000000
-0.704303 -0.315789 2.678784 0.189904
-0.168890 -0.165818 2.561699 0.240385
-0.384773 -0.532100 2.670897 1.000000
-0.206769 -0.348303 2.307032 1.000000
-0.368213 -0.957692 2.748912 1.000000
-0.159712 -0.772764 2.378499 1.000000
-0.371307 -0.983834 2.606958 0.000000
-0.139361 -0.794299 2.237197 0.000000
-0.372477 0.502440 2.613180 1.000000
-0.539810 0.285765 2.719195 1.000000
-0.223105 0.317440 2.697860 1.000000
-0.394733 0.363701 2.603651 0.000000
-0.365819 0.175328 2.753198 0.000000
-0.503777 -0.007182 2.664968 0.778846
-0.186901 -0.001761 2.638817 0.538462
-0.338537 -0.008679 2.733440 0.000000
-0.594632 0.009949 2.750940 1.000000
-0.125906 0.074990 2.806754 1.000000
-0.645984 -0.269372 2.687885 1.000000
-0.155080 -0.132127 2.604555 1.000000
-0.650331 -0.324818 2.710137 0.425481
-0.155726 -0.180825 2.569677 0.677885
-0.375172 -0.533206 2.670652 1.000000
-0.198303 -0.374648 2.324081 1.000000
-0.371026 -0.956449 2.761962 1.000000
-0.165618 -0.741167 2.552300 0.644231
-0.374212 -0.986918 2.620875 0.000000
-0.139719 -0.814571 2.430705 0.000000
-0.373030 0.504710 2.599133 1.000000
-0.542015 0.281153 2.706998 1.000000
-0.226678 0.325251 2.687524 1.000000
-0.399404 0.364439 2.592118 0.000000
-0.364017 0.177767 2.742406 0.000000
-0.503620 -0.007210 2.655341 0.759615
-0.186838 0.004162 2.629968 0.653846
-0.338666 -0.002134 2.724329 0.000000
-0.583255 0.002174 2.744320 1.000000
-0.121577 0.085382 2.798606 1.000000
-0.616022 -0.284480 2.696659 1.000000
-0.155123 -0.135408 2.609814 1.000000
-0.611644 -0.341526 2.714405 0.307692
-0.158950 -0.171308 2.562015 0.610577
-0.366455 -0.530319 2.675292 1.000000
-0.187605 -0.395301 2.344522 1.000000
-0.364627 -0.954750 2.760989 1.000000
-0.172885 -0.735073 2.612529 0.366106
-0.367210 -0.983330 2.619495 0.000000
-0.143147 -0.821772 2.500981 0.000000
-0.388489 0.516737 2.603902 1.000000
-0.543227 0.285353 2.686820 1.000000
-0.227274 0.328513 2.678369 1.000000
-0.396219 0.366338 2.575906 0.000000
-0.366936 0.182275 2.730659 0.000000
-0.505663 -0.011602 2.648896 0.509615
-0.189525 0.015530 2.627811 0.836538
-0.342475 0.005803 2.720043 0.000000
-0.560003 0.006705 2.734442 1.000000
-0.122535 0.094000 2.797648 1.000000
-0.560407 -0.280635 2.687746 1.000000
-0.147664 -0.135653 2.620524 1.000000
-0.549735 -0.337811 2.702073 0.375000
-0.145436 -0.183834 2.585001 0.711538
-0.362417 -0.529048 2.676431 1.000000
-0.176226 -0.452361 2.433392 1.000000
-0.358539 -0.953974 2.759570 1.000000
-0.158185 -0.793930 2.698898 0.456731
-0.363406 -0.981723 2.617970 0.000000
-0.126025 -0.879246 2.586956 0.000000
-0.385983 0.519757 2.586878 1.000000
-0.542010 0.288140 2.674578 1.000000
-0.226073 0.332204 2.672815 1.000000
-0.392520 0.366624 2.565193 0.000000
-0.366563 0.186930 2.725572 0.000000
-0.502681 -0.018047 2.633159 0.221154
-0.187251 0.022300 2.632964 0.701923
-0.345835 0.009315 2.714681 0.000000
-0.551650 0.010718 2.726920 1.000000
-0.123290 0.102396 2.800950 1.000000
-0.532484 -0.277493 2.697076 1.000000
-0.145867 -0.130689 2.629235 1.000000
-0.517652 -0.325736 2.664811 0.442308
-0.136943 -0.186702 2.609969 0.576923
-0.361443 -0.530786 2.675097 1.000000
-0.170951 -0.482404 2.510571 1.000000
-0.355943 -0.955103 2.761200 1.000000
-0.110720 -0.840602 2.746273 1.000000
-0.351878 -0.983753 2.619755 0.000000
-0.086098 -0.915888 2.625567 0.000000
-0.386891 0.515271 2.564587 1.000000
-0.538801 0.286161 2.663862 1.000000
-0.223134 0.331472 2.671755 1.000000
-0.386107 0.363701 2.558296 0.000000
-0.364748 0.186387 2.721968 0.000000
-0.497992 -0.022258 2.635354 0.298077
-0.182923 0.019812 2.626117 0.817308
-0.339442 0.009021 2.712025 0.000000
-0.545241 0.009098 2.717081 1.000000
-0.120447 0.103356 2.802354 1.000000
-0.505987 -0.273173 2.662858 1.000000
-0.139977 -0.134591 2.637559 1.000000
-0.488537 -0.330473 2.663559 0.324519
-0.126357 -0.192753 2.633082 0.610577
-0.357385 -0.534151 2.673421 1.000000
-0.160243 -0.500668 2.577550 1.000000
-0.355271 -0.957982 2.762035 1.000000
-0.072463 -0.897012 2.728200 1.000000
-0.354951 -0.987527 2.620715 0.000000
-0.059579 -0.945601 2.592859 0.000000
-0.380950 0.514217 2.558365 1.000000
-0.528132 0.294785 2.666391 1.000000
-0.211020 0.329440 2.666090 1.000000
-0.375669 0.366910 2.556733 0.000000
-0.356106 0.189320 2.720330 0.000000
-0.486557 -0.018627 2.630009 0.240385
-0.171535 0.022225 2.615307 1.000000
-0.326719 0.013055 2.703787 0.000000
-0.536166 0.018966 2.707392 1.000000
-0.116472 0.108885 2.808349 1.000000
-0.493737 -0.258056 2.646593 1.000000
-0.124782 -0.133826 2.655833 1.000000
-0.480875 -0.316030 2.654464 0.711538
-0.121847 -0.189330 2.633496 0.543269
-0.354971 -0.531043 2.671731 1.000000
-0.142932 -0.501318 2.662342 1.000000
-0.343277 -0.953874 2.764283 1.000000
-0.057317 -0.923469 2.706467 1.000000
-0.346761 -0.984828 2.623308 0.000000
-0.060516 -0.939116 2.562978 0.000000
-0.373535 0.513231 2.550571 1.000000
-0.518233 0.288307 2.672186 1.000000
-0.202206 0.330841 2.663290 1.000000
-0.370907 0.366367 2.559609 0.000000
-0.342162 0.186104 2.718869 0.000000
-0.477885 -0.018878 2.625555 0.250000
-0.162477 0.021031 2.618569 0.932692
-0.319420 0.009333 2.703581 0.000000
-0.527543 0.010335 2.698825 1.000000
-0.106134 0.108768 2.802999 1.000000
-0.480955 -0.264224 2.628523 1.000000
-0.119527 -0.130190 2.644206 1.000000
-0.470527 -0.323203 2.629569 0.677885
-0.111329 -0.188770 2.634748 0.509615
-0.348831 -0.531824 2.674147 1.000000
-0.142497 -0.503978 2.672973 1.000000
-0.351987 -0.955822 2.761920 1.000000
-0.060550 -0.926760 2.718024 1.000000
-0.351604 -0.985092 2.620544 0.000000
-0.061110 -0.942165 2.574475 0.000000
-0.362315 0.511198 2.553828 1.000000
-0.504325 0.283371 2.671752 1.000000
-0.188727 0.329455 2.665843 1.000000
-0.356890 0.363539 2.560812 0.000000
-0.327545 0.182938 2.719579 0.000000
-0.468803 -0.020107 2.629284 0.250000
-0.153586 0.016190 2.608193 0.932692
-0.306468 0.004384 2.700295 0.000000
-0.512531 0.006855 2.701133 1.000000
-0.096683 0.104015 2.800366 1.000000
-0.478091 -0.266402 2.624134 1.000000
-0.108732 -0.136476 2.646084 1.000000
-0.479374 -0.325680 2.615602 0.509615
-0.101433 -0.195703 2.640873 0.610577
-0.348652 -0.534286 2.678578 1.000000
-0.140633 -0.508774 2.674286 1.000000
-0.340674 -0.957182 2.771228 1.000000
-0.069523 -0.930293 2.743235 1.000000
-0.347692 -0.988169 2.630392 0.076923
-0.074872 -0.954462 2.600998 0.000000
-0.349835 0.509687 2.557460 1.000000
