-0.315858 0.339448 2.717245 1.000000
0.015986 0.336813 2.707423 1.000000
-0.152574 0.383219 2.611127 0.000000
-0.148559 0.201956 2.795392 0.000000
-0.346624 -0.030644 2.667994 0.394231
0.035188 -0.029027 2.656137 0.625000
-0.152320 -0.019947 2.772821 0.000000
-0.381794 0.053668 2.728278 1.000000
0.078634 0.050131 2.702080 1.000000
-0.383392 -0.243408 2.668456 1.000000
0.062469 -0.250252 2.665419 1.000000
-0.367663 -0.303338 2.658890 0.644231
0.053495 -0.311544 2.655766 0.812500
-0.263303 -0.576528 2.704134 1.000000
-0.063536 -0.574215 2.726098 1.000000
-0.291234 -1.007335 2.798945 1.000000
-0.070942 -1.012444 2.783234 1.000000
-0.297477 -1.039026 2.653104 0.000000
-0.075064 -1.031680 2.635160 0.000000
-0.152183 0.652247 2.615836 0.875000
-0.333991 0.327090 2.731789 1.000000
-0.003947 0.327486 2.695805 1.000000
-0.179836 0.375623 2.614659 0.000000
-0.160284 0.188498 2.791937 0.000000
-0.359053 -0.033998 2.681411 0.298077
0.020677 -0.035260 2.639851 0.798077
-0.157097 -0.025292 2.770825 0.000000
-0.394791 0.039588 2.738636 1.000000
0.068794 0.042805 2.687656 1.000000
-0.389831 -0.256502 2.672153 1.000000
0.050981 -0.258255 2.653608 1.000000
-0.399594 -0.317021 2.659015 0.206731
0.048179 -0.320541 2.660177 0.745192
-0.273690 -0.581820 2.689338 1.000000
-0.074530 -0.579007 2.722138 1.000000
-0.294186 -1.011233 2.792045 1.000000
-0.066117 -1.016998 2.780934 1.000000
-0.312028 -1.044925 2.647618 0.000000
-0.082237 -1.037060 2.633793 0.019231
-0.159437 0.645883 2.633467 1.000000
-0.345250 0.318936 2.741157 1.000000
-0.016891 0.325459 2.692554 1.000000
-0.196520 0.372269 2.619198 0.000000
-0.167194 0.182075 2.791801 0.000000
-0.371938 -0.036994 2.681411 0.153846
0.006730 -0.041440 2.631263 0.653846
-0.167943 -0.029273 2.766165 0.000000
-0.401976 0.030486 2.743176 1.000000
0.045722 0.038736 2.675389 1.000000
-0.406147 -0.266225 2.679260 1.000000
0.036660 -0.262649 2.640389 1.000000
-0.385805 -0.325039 2.686850 0.459135
0.032068 -0.325174 2.640581 0.812500
-0.283027 -0.585953 2.688540 1.000000
-0.083156 -0.584232 2.714344 1.000000
-0.296686 -1.014376 2.796390 1.000000
-0.069409 -1.020988 2.780822 1.000000
-0.317535 -1.049859 2.652797 0.000000
-0.088814 -1.043871 2.634491 0.000000
-0.177953 0.639635 2.636415 1.000000
-0.358574 0.319088 2.742472 1.000000
-0.030044 0.323844 2.694831 1.000000
-0.209266 0.370535 2.620411 0.000000
-0.181199 0.182111 2.795151 0.000000
-0.387581 -0.038851 2.679994 0.269231
-0.009555 -0.038165 2.625040 0.596154
-0.182643 -0.028733 2.762185 0.000000
-0.417023 0.031239 2.754365 1.000000
0.035644 0.038298 2.671086 1.000000
-0.416776 -0.264730 2.687056 1.000000
0.023997 -0.262267 2.630425 1.000000
-0.392053 -0.320394 2.672197 0.324519
0.030235 -0.324640 2.629316 0.812500
-0.289445 -0.586503 2.690553 1.000000
-0.090431 -0.582378 2.706762 1.000000
-0.295588 -1.015595 2.796414 1.000000
-0.071798 -1.018777 2.774383 1.000000
-0.317610 -1.050686 2.652899 0.038462
-0.092608 -1.042295 2.628346 0.000000
-0.195215 0.641862 2.643938 1.000000
-0.378588 0.319870 2.770110 1.000000
-0.056890 0.324795 2.688197 1.000000
-0.242566 0.374921 2.634809 0.000000
-0.197793 0.180295 2.798949 0.000000
-0.410227 -0.035482 2.699381 0.125000
-0.040019 -0.037174 2.605214 0.721154
-0.197710 -0.030627 2.759964 0.000000
-0.433222 0.030824 2.776926 1.000000
0.016456 0.041252 2.659864 1.000000
-0.436465 -0.261530 2.694331 1.000000
0.003374 -0.259681 2.620216 1.000000
-0.445342 -0.309709 2.733452 0.358173
-0.007919 -0.321126 2.614983 0.913462
-0.303878 -0.584243 2.699179 1.000000
-0.110698 -0.581047 2.688691 1.000000
-0.299204 -1.016727 2.790280 1.000000
-0.074426 -1.015055 2.764087 1.000000
-0.335500 -1.046969 2.648573 0.019231
-0.110011 -1.042768 2.621684 0.000000
-0.219719 0.643790 2.658513 1.000000
-0.387182 0.311171 2.767030 1.000000
-0.065512 0.320494 2.685390 1.000000
-0.252122 0.364949 2.630263 0.000000
-0.203487 0.176469 2.800367 0.000000
-0.428409 -0.040120 2.692067 0.105769
-0.054861 -0.040079 2.612154 0.711538
-0.218371 -0.037255 2.760862 0.000000
-0.449493 0.025009 2.795124 1.000000
-0.006302 0.034500 2.649870 1.000000
-0.457299 -0.266891 2.711360 1.000000
-0.019755 -0.265629 2.604867 1.000000
-0.441741 -0.327505 2.707574 0.257212
-0.035790 -0.325350 2.615196 0.846154
-0.310885 -0.587561 2.708026 1.000000
-0.119431 -0.585698 2.667727 1.000000
-0.298520 -1.022438 2.786082 1.000000
-0.083025 -1.017626 2.754195 1.000000
-0.329323 -1.049108 2.642371 0.038462
-0.110944 -1.048690 2.610778 0.000000
-0.237564 0.642345 2.674366 1.000000
-0.400999 0.311016 2.772363 1.000000
-0.078917 0.322656 2.692663 1.000000
-0.265409 0.366911 2.636975 0.000000
-0.216899 0.176753 2.805238 0.000000
-0.442793 -0.041363 2.699268 0.067308
-0.070598 -0.039987 2.613286 0.711538
-0.231659 -0.039702 2.764667 0.000000
-0.457523 0.023485 2.798876 0.907692
-0.029032 0.035622 2.651499 1.000000
-0.475055 -0.270982 2.726232 1.000000
-0.044310 -0.259994 2.583138 1.000000
-0.472784 -0.333304 2.719808 0.189904
-0.062584 -0.319895 2.580232 0.778846
-0.320252 -0.587855 2.717305 1.000000
-0.125886 -0.585721 2.628530 1.000000
-0.297748 -1.022144 2.796370 1.000000
-0.094686 -1.015744 2.725848 1.000000
-0.330836 -1.049892 2.653373 0.000000
-0.119182 -1.049957 2.582522 0.000000
-0.261410 0.641132 2.678138 1.000000
-0.413911 0.295273 2.800588 1.000000
-0.100296 0.319046 2.694264 1.000000
-0.291820 0.361200 2.657109 0.000000
-0.224842 0.164309 2.810646 0.000000
-0.458700 -0.053690 2.721217 0.000000
-0.094321 -0.036365 2.607852 0.817308
-0.243189 -0.053574 2.770331 0.000000
-0.474804 0.008164 2.815204 0.923077
-0.045376 0.035383 2.640671 1.000000
-0.493229 -0.287454 2.749382 1.000000
-0.064978 -0.257870 2.565302 1.000000
-0.499517 -0.349683 2.753689 0.189904
-0.083985 -0.317462 2.561049 0.711538
-0.330032 -0.594868 2.720947 1.000000
-0.142705 -0.580100 2.559856 1.000000
-0.301104 -1.030083 2.792469 1.000000
-0.110284 -1.005062 2.676991 1.000000
-0.344129 -1.056060 2.651803 0.000000
-0.133554 -1.045917 2.535208 0.000000
-0.270382 0.630807 2.686967 1.000000
-0.425413 0.296143 2.779645 1.000000
-0.103270 0.322234 2.703704 1.000000
-0.290957 0.356314 2.644961 0.000000
-0.235413 0.171670 2.817143 0.000000
-0.463455 -0.055201 2.728891 0.000000
-0.096675 -0.025907 2.626233 0.711538
-0.249256 -0.055242 2.783445 0.000000
-0.481786 0.010655 2.819950 1.000000
-0.054141 0.037345 2.651454 1.000000
-0.503434 -0.289697 2.783464 1.000000
-0.066587 -0.250511 2.556607 1.000000
-0.489927 -0.349781 2.795209 0.240385
-0.088092 -0.302718 2.529359 0.745192
-0.337488 -0.592745 2.719072 1.000000
-0.146410 -0.546670 2.476961 1.000000
-0.298503 -1.027581 2.788077 1.000000
-0.125713 -0.980088 2.561131 1.000000
-0.337735 -1.053595 2.646312 0.019231
-0.136417 -1.008983 2.414969 0.019231
-0.288140 0.636463 2.693984 1.000000
-0.439169 0.305599 2.800171 1.000000
-0.119811 0.331420 2.713176 1.000000
-0.309206 0.368893 2.662540 0.000000
-0.249098 0.178435 2.826668 0.000000
-0.466935 -0.049014 2.734044 0.000000
-0.096564 -0.014263 2.647202 0.721154
-0.255200 -0.047589 2.797472 0.000000
-0.490615 0.015587 2.807166 1.000000
-0.057796 0.047148 2.666849 1.000000
-0.504674 -0.286497 2.774167 1.000000
-0.059992 -0.237711 2.560116 1.000000
-0.492860 -0.338985 2.806354 0.173077
-0.064056 -0.299639 2.568999 0.610577
-0.331563 -0.584986 2.719688 1.000000
-0.139816 -0.478354 2.391840 1.000000
-0.315066 -1.020751 2.791799 1.000000
-0.133780 -0.917289 2.340229 1.000000
-0.347014 -1.045751 2.648038 0.000000
-0.139068 -0.899928 2.191961 0.000000
-0.295953 0.640416 2.688097 1.000000
-0.452115 0.317118 2.784555 1.000000
-0.125635 0.334421 2.726806 1.000000
-0.308768 0.372732 2.657286 0.000000
-0.267796 0.188207 2.833631 0.000000
-0.468682 -0.050832 2.738595 0.057692
-0.094493 -0.006811 2.675595 0.394231
-0.261117 -0.049025 2.814561 0.000000
-0.509566 0.028582 2.801233 1.000000
-0.055136 0.048805 2.709896 1.000000
-0.509886 -0.273281 2.763127 1.000000
-0.041865 -0.226566 2.581178 1.000000
-0.527580 -0.333426 2.763091 0.122596
-0.039661 -0.285808 2.560782 0.526442
-0.321725 -0.583352 2.714625 1.000000
-0.139142 -0.355577 2.302029 1.000000
-0.310591 -1.018329 2.792311 0.956731
-0.115202 -0.682496 2.005524 1.000000
-0.332058 -1.044852 2.646885 0.000000
-0.131976 -0.583454 1.894970 0.009615
-0.297752 0.643621 2.670725 1.000000
-0.453010 0.326405 2.781679 1.000000
-0.125114 0.330381 2.729790 1.000000
-0.305473 0.372542 2.655414 0.000000
-0.274281 0.192998 2.838762 0.000000
-0.470820 -0.050144 2.740933 0.086538
-0.096391 -0.003149 2.681618 0.346154
-0.263938 -0.047726 2.818723 0.000000
-0.515891 0.039254 2.800825 1.000000
-0.055948 0.044263 2.718437 1.000000
-0.521127 -0.255444 2.725726 1.000000
-0.037396 -0.239319 2.610035 1.000000
-0.524056 -0.318050 2.727259 0.341346
-0.043548 -0.289314 2.572710 0.122596
-0.314766 -0.581121 2.711621 1.000000
-0.143646 -0.299073 2.277326 1.000000
-0.293630 -1.014581 2.795461 1.000000
-0.086794 -0.521573 1.899668 1.000000
-0.312886 -1.043615 2.650206 0.000000
-0.110821 -0.396160 1.822163 0.221154
-0.285496 0.644962 2.668246 1.000000
-0.451823 0.334564 2.778091 1.000000
-0.122489 0.330453 2.736301 1.000000
-0.299419 0.376528 2.656227 0.000000
-0.278182 0.197221 2.841224 0.000000
-0.472974 -0.043867 2.740441 0.317308
-0.097031 0.004115 2.692597 0.307692
-0.268378 -0.042871 2.824088 0.000000
-0.519067 0.049189 2.793580 1.000000
-0.058378 0.044096 2.726819 1.000000
-0.539225 -0.240233 2.705666 1.000000
-0.033702 -0.246138 2.642826 1.000000
-0.540524 -0.301373 2.691857 0.156250
-0.025507 -0.308110 2.638048 0.526442
-0.315761 -0.574242 2.706836 1.000000
-0.135302 -0.290619 2.284120 0.707692
-0.295583 -1.006927 2.794814 1.000000
-0.078024 -0.396229 1.858762 1.000000
-0.310126 -1.037200 2.649264 0.000000
-0.106707 -0.254904 1.819810 0.000000
-0.279357 0.645998 2.660606 0.894231
-0.438845 0.339403 2.788449 1.000000
-0.110931 0.324200 2.738799 1.000000
-0.288037 0.376542 2.663084 0.000000
-0.268547 0.196014 2.847083 0.000000
-0.472335 -0.044770 2.748500 0.298077
-0.098212 0.008025 2.692209 0.269231
-0.265754 -0.042883 2.827099 0.000000
-0.518875 0.056760 2.788548 1.000000
-0.056803 0.035551 2.732176 1.000000
-0.538805 -0.229453 2.690151 1.000000
-0.028599 -0.265079 2.703488 1.000000
-0.556551 -0.288329 2.677937 0.156250
-0.026379 -0.327424 2.697273 0.711538
-0.313851 -0.573120 2.708634 1.000000
-0.134115 -0.248445 2.269486 0.853846
-0.292703 -1.006018 2.795332 1.000000
-0.099612 -0.477953 1.893321 1.000000
-0.310333 -1.035974 2.650058 0.000000
-0.117660 -0.352114 1.814888 0.000000
-0.270460 0.641038 2.656060 0.927885
-0.432659 0.334904 2.787418 1.000000
-0.104293 0.326331 2.739190 1.000000
-0.281951 0.376625 2.663382 0.000000
-0.260088 0.193723 2.844750 0.000000
-0.468763 -0.045158 2.743702 0.173077
-0.093735 0.003367 2.689635 0.307692
-0.262735 -0.044663 2.823759 0.000000
-0.509314 0.051436 2.793010 1.000000
-0.052997 0.037211 2.732914 1.000000
-0.523937 -0.231667 2.685289 1.000000
-0.024175 -0.262718 2.698612 1.000000
-0.543150 -0.290491 2.675236 0.307692
-0.012131 -0.323126 2.710289 0.475962
-0.313535 -0.575074 2.718459 1.000000
-0.137920 -0.290582 2.280858 0.946154
-0.291806 -1.009907 2.794698 1.000000
-0.088758 -0.621463 1.991955 1.000000
-0.309707 -1.036385 2.648782 0.000000
-0.099579 -0.524391 1.878938 0.000000
-0.271836 0.640307 2.658443 0.923077
-0.428297 0.335874 2.804232 1.000000
-0.103356 0.325077 2.736999 1.000000
-0.283857 0.383465 2.674961 0.000000
-0.255784 0.188183 2.842001 0.000000
-0.464032 -0.046385 2.749404 0.000000
-0.091731 0.000188 2.677658 0.461538
-0.254609 -0.044978 2.820095 0.000000
-0.501759 0.051274 2.795634 1.000000
-0.045970 0.036715 2.732324 1.000000
-0.510766 -0.238510 2.705472 1.000000
-0.022415 -0.263400 2.692819 1.000000
-0.519369 -0.300541 2.708387 0.307692
0.001655 -0.321289 2.692659 0.526442
-0.317127 -0.577314 2.729990 1.000000
-0.143239 -0.359913 2.310689 1.000000
-0.295075 -1.013607 2.797265 1.000000
-0.088233 -0.771061 2.158062 1.000000
-0.320758 -1.037300 2.652035 0.000000
-0.096812 -0.720172 2.017885 0.000000
-0.271131 0.633813 2.654801 1.000000
-0.415611 0.329240 2.782555 1.000000
-0.087083 0.333367 2.734847 1.000000
-0.265957 0.384756 2.662721 0.000000
-0.239345 0.188624 2.829003 0.000000
-0.449082 -0.046215 2.727971 0.125000
-0.072825 -0.004604 2.676758 0.500000
-0.243979 -0.045973 2.810369 0.000000
-0.484130 0.045164 2.799392 1.000000
-0.034541 0.045934 2.717569 1.000000
-0.481823 -0.248098 2.726358 1.000000
-0.015480 -0.250967 2.664389 1.000000
-0.506842 -0.301619 2.705383 0.156250
-0.039022 -0.301295 2.635347 0.290865
-0.318675 -0.578763 2.730521 1.000000
-0.150084 -0.465561 2.395460 1.000000
-0.292344 -1.014614 2.799108 1.000000
-0.098285 -0.894847 2.487081 1.000000
-0.311087 -1.038756 2.652893 0.000000
-0.103598 -0.926618 2.341221 0.000000
-0.248363 0.642121 2.655760 1.000000
-0.401085 0.324351 2.749357 1.000000
-0.069812 0.330329 2.728222 1.000000
-0.242652 0.376811 2.639878 0.000000
-0.228035 0.187679 2.815494 0.000000
-0.438609 -0.045255 2.702041 0.192308
-0.058693 -0.012779 2.678951 0.519231
-0.240589 -0.045293 2.800251 0.000000
-0.474132 0.044597 2.794599 1.000000
-0.022364 0.043021 2.699113 1.000000
-0.473349 -0.250453 2.729392 1.000000
-0.019592 -0.251570 2.631910 1.000000
-0.449385 -0.306821 2.716016 0.425481
-0.019480 -0.314261 2.632467 0.543269
-0.314776 -0.579942 2.733349 1.000000
-0.138209 -0.527934 2.484144 1.000000
-0.292283 -1.016159 2.800972 1.000000
-0.100514 -0.942463 2.632834 1.000000
-0.300108 -1.039405 2.653624 0.000000
-0.102329 -0.993040 2.492293 0.000000
-0.246737 0.644400 2.649553 1.000000
-0.392088 0.324783 2.748646 1.000000
-0.061731 0.337005 2.718009 1.000000
-0.237858 0.382425 2.635821 0.000000
-0.214893 0.189707 2.806579 0.000000
-0.424214 -0.042210 2.690194 0.250000
-0.043804 -0.021218 2.662416 0.596154
-0.225590 -0.037705 2.787072 0.000000
-0.455668 0.040518 2.765391 1.000000
-0.006640 0.052637 2.682940 1.000000
-0.454066 -0.259774 2.741304 1.000000
-0.013477 -0.241156 2.616634 1.000000
-0.448108 -0.322181 2.740752 0.240385
-0.023868 -0.296011 2.588112 0.711538
-0.302462 -0.579620 2.743544 1.000000
-0.115178 -0.566893 2.583169 1.000000
-0.289807 -1.017756 2.800472 1.000000
-0.102704 -0.984770 2.726653 1.000000
-0.299460 -1.037237 2.652688 0.000000
-0.101548 -1.033247 2.585368 0.000000
-0.230602 0.646893 2.643215 1.000000
-0.362592 0.319184 2.726902 1.000000
-0.033075 0.340717 2.692574 1.000000
-0.211326 0.381583 2.612605 0.000000
-0.181065 0.188834 2.782186 0.000000
-0.404497 -0.024687 2.677577 0.201923
-0.025014 -0.036242 2.635349 0.605769
-0.202284 -0.024259 2.766835 0.000000
-0.436634 0.038152 2.741781 1.000000
0.018805 0.055466 2.667615 1.000000
-0.434929 -0.262153 2.731996 1.000000
0.000297 -0.239055 2.611076 1.000000
-0.435546 -0.324321 2.723919 0.189904
-0.007936 -0.298456 2.592792 1.000000
-0.293301 -0.569319 2.753860 1.000000
-0.096173 -0.575076 2.715615 1.000000
-0.295311 -1.007855 2.809054 1.000000
-0.090776 -1.012047 2.781885 1.000000
-0.312273 -1.026311 2.661797 0.000000
-0.106491 -1.034510 2.635048 0.000000
-0.208354 0.645069 2.621017 1.000000
-0.343710 0.313579 2.703292 1.000000
-0.013709 0.342004 2.680585 1.000000
-0.189691 0.376086 2.592794 0.000000
-0.161462 0.189404 2.769367 0.000000
-0.386390 -0.025326 2.667984 0.278846
-0.005934 -0.044623 2.639609 0.548077
-0.187390 -0.024338 2.764187 0.000000
-0.411451 0.030869 2.721353 1.000000
0.039876 0.056288 2.662280 1.000000
-0.415908 -0.269846 2.721334 1.000000
0.013346 -0.238817 2.610714 1.000000
-0.445302 -0.325216 2.722132 0.021635
0.004684 -0.297664 2.590903 1.000000
-0.286562 -0.570644 2.758232 1.000000
-0.089848 -0.575543 2.754197 1.000000
-0.297606 -1.009477 2.809879 1.000000
-0.088294 -1.014850 2.802890 1.000000
-0.309456 -1.026588 2.661961 0.000000
-0.100722 -1.031293 2.654943 0.000000
-0.193459 0.648440 2.618415 1.000000
-0.330889 0.328748 2.679498 1.000000
0.000713 0.344774 2.682151 1.000000
-0.166529 0.383228 2.580219 0.000000
-0.159108 0.199578 2.761997 0.000000
-0.371086 -0.028505 2.655614 0.490385
0.010804 -0.037260 2.658349 0.788462
-0.180656 -0.020797 2.767570 0.000000
-0.409801 0.050583 2.714471 1.000000
0.050382 0.058120 2.668436 1.000000
-0.399928 -0.249786 2.703763 1.000000
0.033376 -0.233630 2.597534 1.000000
-0.381741 -0.309719 2.706560 0.290865
0.024165 -0.290188 2.572102 0.913462
-0.278088 -0.569253 2.761267 1.000000
-0.078782 -0.572436 2.761715 1.000000
-0.290864 -1.008389 2.809855 1.000000
-0.090142 -1.012074 2.805911 1.000000
-0.290102 -1.024837 2.661390 0.000000
-0.088930 -1.027046 2.657293 0.000000
-0.159810 0.652004 2.594557 1.000000
-0.314922 0.338581 2.668227 1.000000
0.016604 0.341396 2.685746 1.000000
-0.144182 0.384549 2.575634 0.000000
-0.152430 0.204249 2.760701 0.000000
-0.355793 -0.028031 2.642395 0.528846
0.024724 -0.037208 2.674745 0.730769
-0.174548 -0.018609 2.768564 0.000000
-0.391530 0.058325 2.705941 1.000000
0.063052 0.052375 2.673767 1.000000
-0.405456 -0.243794 2.699667 1.000000
0.061569 -0.244443 2.615405 1.000000
-0.390988 -0.304349 2.707031 0.644231
0.046943 -0.297998 2.586276 0.947115
-0.273525 -0.567389 2.762107 1.000000
-0.074596 -0.574859 2.758793 1.000000
-0.290637 -1.007068 2.803991 1.000000
-0.088316 -1.013487 2.811528 1.000000
-0.278276 -1.021661 2.655845 0.000000
-0.075736 -1.031642 2.663795 0.000000
-0.150549 0.651146 2.590108 1.000000
-0.311491 0.336045 2.671773 1.000000
0.020343 0.334969 2.682202 1.000000
-0.142247 0.380490 2.575754 0.000000
-0.148628 0.199417 2.760138 0.000000
-0.347860 -0.026108 2.643317 0.480769
0.033313 -0.036232 2.666305 0.826923
-0.163415 -0.013406 2.764460 0.000000
-0.386129 0.053310 2.700831 1.000000
0.068402 0.045175 2.674229 1.000000
-0.400248 -0.249156 2.681372 1.000000
0.071591 -0.254362 2.625951 1.000000
-0.384919 -0.307527 2.698352 0.745192
0.067263 -0.315990 2.615285 0.778846
-0.269892 -0.565116 2.762792 1.000000
-0.075144 -0.574174 2.751992 1.000000
-0.292133 -1.003942 2.810760 1.000000
-0.088115 -1.012118 2.810311 1.000000
-0.283363 -1.020585 2.662574 0.000000
-0.079520 -1.032053 2.662522 0.019231
-0.130236 0.648438 2.582813 1.000000
-0.309835 0.333401 2.675531 1.000000
0.022101 0.331148 2.681602 1.000000
-0.141710 0.377755 2.577524 0.000000
-0.146302 0.195778 2.761070 0.000000
-0.348657 -0.028098 2.644889 0.557692
0.032808 -0.034311 2.664108 0.807692
-0.163195 -0.014805 2.764405 0.000000
-0.388074 0.050734 2.697939 1.000000
0.070722 0.041199 2.672153 1.000000
-0.391654 -0.249584 2.652764 1.000000
0.072787 -0.260920 2.641099 1.000000
-0.369789 -0.303689 2.629850 0.576923
0.082470 -0.320099 2.622806 0.560096
-0.270577 -0.566454 2.760273 1.000000
-0.075673 -0.573236 2.752344 1.000000
-0.292866 -1.005501 2.806154 1.000000
-0.089324 -1.011365 2.809094 1.000000
-0.285189 -1.021391 2.657825 0.000000
-0.081939 -1.030756 2.661168 0.000000
-0.136564 0.645882 2.581180 1.000000
-0.312015 0.335275 2.681582 1.000000
0.019984 0.334604 2.681062 1.000000
-0.146086 0.378957 2.579611 0.000000
-0.146157 0.199646 2.765818 0.000000
-0.347919 -0.031916 2.643747 0.442308
0.033547 -0.030562 2.663899 0.701923
-0.163059 -0.017540 2.764068 0.000000
-0.389777 0.052698 2.700845 1.000000
0.068346 0.044911 2.683699 1.000000
-0.374428 -0.242514 2.633129 1.000000
0.080430 -0.257010 2.657831 1.000000
-0.368003 -0.300361 2.656430 0.711538
0.086994 -0.318594 2.667565 0.644231
-0.276472 -0.566258 2.763018 1.000000
-0.079938 -0.573238 2.743488 1.000000
-0.290386 -1.005789 2.807542 1.000000
-0.087373 -1.010251 2.809277 1.000000
-0.282055 -1.021081 2.659186 0.000000
-0.079444 -1.032589 2.661795 0.000000
-0.143385 0.647766 2.579055 1.000000
-0.316901 0.339287 2.682369 1.000000
0.014969 0.330413 2.685120 1.000000
-0.148943 0.378977 2.582101 0.000000
-0.155284 0.199501 2.768041 0.000000
-0.349599 -0.033628 2.654507 0.413462
0.032382 -0.030163 2.655956 0.711538
-0.159137 -0.019851 2.765824 0.000000
-0.390427 0.055608 2.705180 1.000000
0.069141 0.041584 2.691783 1.000000
-0.378041 -0.239931 2.637234 1.000000
0.071422 -0.261467 2.675425 1.000000
-0.354869 -0.298178 2.638126 0.980769
0.078228 -0.323065 2.684904 0.610577
-0.278679 -0.568576 2.761036 1.000000
-0.084033 -0.574804 2.732208 1.000000
-0.290834 -1.008018 2.806942 1.000000
-0.084492 -1.010594 2.806039 1.000000
-0.289797 -1.023565 2.658382 0.000000
-0.084608 -1.035546 2.658763 0.000000
-0.146203 0.647716 2.582284 1.000000
