-0.357861 0.401614 2.626580 1.000000
-0.002903 0.406933 2.625278 1.000000
-0.181679 0.457283 2.488925 0.000000
-0.178000 0.267949 2.718285 0.000000
-0.376275 0.030343 2.579706 0.721154
0.027525 0.031879 2.592304 0.807692
-0.178328 0.031233 2.712689 0.000000
-0.429301 0.130362 2.635794 1.000000
0.070537 0.136225 2.634768 1.000000
-0.411184 -0.153780 2.571663 1.000000
0.062574 -0.155457 2.628803 1.000000
-0.401270 -0.219734 2.560442 0.829327
0.034143 -0.215945 2.618459 0.627404
-0.283310 -0.500720 2.642935 1.000000
-0.069527 -0.498308 2.662192 1.000000
-0.277461 -0.920992 2.723692 1.000000
-0.054672 -0.917227 2.748621 1.000000
-0.274359 -0.951467 2.564870 0.000000
-0.049077 -0.949700 2.590263 0.000000
-0.172587 0.706513 2.521339 1.000000
-0.364567 0.403766 2.639539 1.000000
-0.010387 0.407456 2.615708 1.000000
-0.197224 0.458648 2.490972 0.000000
-0.179864 0.269262 2.719660 0.000000
-0.382318 0.033354 2.594934 0.576923
0.021517 0.031660 2.583516 0.788462
-0.176816 0.033008 2.715919 0.000000
-0.436376 0.132093 2.634847 1.000000
0.063337 0.137073 2.636744 1.000000
-0.414243 -0.154106 2.579942 1.000000
0.064276 -0.155102 2.629900 1.000000
-0.403162 -0.217872 2.560317 0.543269
0.034134 -0.214632 2.618864 0.661058
-0.280927 -0.500317 2.641546 1.000000
-0.074073 -0.497290 2.661736 1.000000
-0.278835 -0.919798 2.726490 1.000000
-0.055984 -0.916161 2.747785 1.000000
-0.284947 -0.951907 2.568077 0.000000
-0.060100 -0.948869 2.589431 0.000000
-0.184380 0.709994 2.530032 1.000000
-0.370027 0.403502 2.630883 1.000000
-0.015185 0.410188 2.622689 1.000000
-0.196720 0.455328 2.488171 0.000000
-0.187862 0.273632 2.723490 0.000000
-0.386780 0.026331 2.588259 0.846154
0.017062 0.034196 2.596353 1.000000
-0.187416 0.031162 2.719023 0.000000
-0.441662 0.131655 2.639164 1.000000
0.056824 0.138540 2.633776 1.000000
-0.424269 -0.155017 2.583878 1.000000
0.057170 -0.153866 2.627597 1.000000
-0.404270 -0.214224 2.558022 1.000000
0.028437 -0.213218 2.612571 0.778846
-0.283522 -0.504162 2.643434 1.000000
-0.070861 -0.498707 2.659462 1.000000
-0.280436 -0.924362 2.724714 1.000000
-0.056541 -0.918779 2.740200 1.000000
-0.278325 -0.955063 2.565918 0.000000
-0.051929 -0.949145 2.581393 0.000000
-0.188243 0.708307 2.518269 1.000000
-0.383965 0.401937 2.622698 1.000000
-0.029086 0.410919 2.624999 1.000000
-0.206615 0.446177 2.482421 0.000000
-0.203994 0.279519 2.728765 0.000000
-0.399264 0.028863 2.598510 0.682692
0.004713 0.031194 2.594887 0.894231
-0.196165 0.034529 2.723359 0.000000
-0.454727 0.129370 2.644906 1.000000
0.044390 0.138500 2.638500 1.000000
-0.431255 -0.158765 2.592796 1.000000
0.044725 -0.155138 2.630475 1.000000
-0.422410 -0.224940 2.603596 0.593750
0.024135 -0.212973 2.602098 0.677885
-0.288735 -0.504506 2.642264 1.000000
-0.081017 -0.500430 2.658374 1.000000
-0.279106 -0.925850 2.716834 1.000000
-0.060463 -0.922375 2.727107 1.000000
-0.281648 -0.954091 2.557589 0.000000
-0.061075 -0.948410 2.567467 0.000000
-0.205316 0.713066 2.523983 1.000000
-0.397444 0.402657 2.630089 1.000000
-0.042860 0.418794 2.636033 1.000000
-0.219972 0.458009 2.493971 0.000000
-0.215774 0.278439 2.731045 0.000000
-0.408106 0.029390 2.600038 0.701923
-0.004299 0.038978 2.608042 0.961538
-0.208820 0.038686 2.730678 0.000000
-0.468494 0.129088 2.649819 1.000000
0.033389 0.145917 2.637102 1.000000
-0.443122 -0.160662 2.602778 1.000000
0.036241 -0.148658 2.631678 1.000000
-0.421903 -0.224709 2.598116 1.000000
0.016291 -0.211203 2.615424 0.879808
-0.290422 -0.501823 2.648031 1.000000
-0.090490 -0.496467 2.654692 1.000000
-0.274551 -0.924413 2.713991 1.000000
-0.065174 -0.918190 2.723196 1.000000
-0.271892 -0.949257 2.554182 0.000000
-0.060654 -0.943850 2.563558 0.000000
-0.222638 0.712273 2.525040 1.000000
-0.411694 0.398154 2.627710 1.000000
-0.057315 0.414503 2.640877 1.000000
-0.231187 0.447872 2.493421 0.000000
-0.232434 0.278169 2.737688 0.000000
-0.418606 0.025380 2.614078 1.000000
-0.014820 0.038228 2.611253 1.000000
-0.216038 0.038425 2.739236 0.000000
-0.487276 0.125192 2.652867 1.000000
0.022314 0.141604 2.647154 1.000000
-0.444321 -0.164684 2.613346 1.000000
0.028969 -0.153568 2.630910 1.000000
-0.430705 -0.216049 2.571508 0.778846
0.009411 -0.215973 2.613670 0.610577
-0.294318 -0.504935 2.657958 1.000000
-0.092358 -0.499310 2.623956 1.000000
-0.277710 -0.929355 2.710648 1.000000
-0.061346 -0.919047 2.701696 1.000000
-0.278797 -0.949324 2.550139 0.000000
-0.059147 -0.948344 2.542637 0.000000
-0.235809 0.703330 2.514148 1.000000
-0.435586 0.391110 2.629791 1.000000
-0.081988 0.414318 2.651111 1.000000
-0.252730 0.440686 2.498665 0.000000
-0.256991 0.277308 2.747173 0.000000
-0.434745 0.023290 2.632337 1.000000
-0.031204 0.042380 2.634779 1.000000
-0.234078 0.039972 2.760098 0.000000
-0.502060 0.115713 2.651270 1.000000
0.001100 0.142744 2.659319 1.000000
-0.460659 -0.175248 2.620915 1.000000
0.023384 -0.150463 2.630557 1.000000
-0.449980 -0.239881 2.604105 0.745192
0.001972 -0.214440 2.625813 0.879808
-0.308471 -0.505931 2.664654 1.000000
-0.075503 -0.479253 2.538796 1.000000
-0.278488 -0.929168 2.720832 1.000000
-0.050598 -0.895783 2.634017 1.000000
-0.278362 -0.950442 2.560488 0.000000
-0.032631 -0.930585 2.477080 0.000000
-0.262045 0.699163 2.519180 1.000000
-0.445701 0.396969 2.642721 1.000000
-0.091493 0.415316 2.657709 1.000000
-0.264924 0.449784 2.509988 0.000000
-0.266176 0.276484 2.751716 0.000000
-0.445417 0.022730 2.636153 1.000000
-0.042354 0.046542 2.649912 0.923077
-0.248510 0.039787 2.769589 0.000000
-0.510831 0.119778 2.646065 1.000000
-0.005768 0.144267 2.674199 1.000000
-0.474898 -0.173648 2.628780 1.000000
0.014649 -0.149273 2.640941 1.000000
-0.454298 -0.237156 2.617989 1.000000
0.001178 -0.206893 2.608193 1.000000
-0.311864 -0.505146 2.669620 1.000000
-0.074158 -0.447668 2.475322 1.000000
-0.279835 -0.927903 2.728225 1.000000
-0.060965 -0.849260 2.622746 0.869231
-0.274775 -0.949726 2.568033 0.000000
-0.029655 -0.903039 2.473446 0.000000
-0.276266 0.694926 2.516858 1.000000
-0.459855 0.393761 2.638731 1.000000
-0.106314 0.417419 2.660499 1.000000
-0.276817 0.442605 2.507586 0.000000
-0.281365 0.280912 2.757189 0.000000
-0.453665 0.017207 2.642412 1.000000
-0.051569 0.055695 2.649717 1.000000
-0.255212 0.039522 2.772747 0.000000
-0.519311 0.115307 2.652761 1.000000
-0.012671 0.149351 2.685771 1.000000
-0.482194 -0.178146 2.632994 1.000000
0.021447 -0.143255 2.652598 1.000000
-0.467992 -0.243619 2.623740 0.661058
0.009993 -0.206132 2.630477 0.980769
-0.309808 -0.506236 2.664577 1.000000
-0.075052 -0.404794 2.412062 1.000000
-0.279124 -0.929579 2.719563 1.000000
-0.068727 -0.764528 2.643872 0.669231
-0.276020 -0.950188 2.559162 0.000000
-0.035157 -0.849818 2.510598 0.000000
-0.282628 0.701087 2.525589 1.000000
-0.465601 0.389265 2.661014 1.000000
-0.111686 0.416110 2.667951 1.000000
-0.289280 0.447257 2.524501 0.000000
-0.280741 0.272510 2.765036 0.000000
-0.463442 0.019677 2.643059 0.894231
-0.062128 0.065870 2.648460 0.884615
-0.263543 0.034571 2.772238 0.000000
-0.524776 0.111357 2.658114 1.000000
-0.021399 0.148226 2.696760 1.000000
-0.492200 -0.181679 2.638527 1.000000
0.020901 -0.142967 2.669693 1.000000
-0.475723 -0.244619 2.620058 0.829327
0.007383 -0.208755 2.661746 0.947115
-0.308772 -0.501226 2.648376 1.000000
-0.089532 -0.302432 2.304418 1.000000
-0.267365 -0.923231 2.706532 1.000000
-0.107220 -0.611404 2.600066 0.372356
-0.264954 -0.945078 2.546282 0.000000
-0.077401 -0.722202 2.486058 0.000000
-0.294651 0.692610 2.532326 1.000000
-0.469910 0.394874 2.664515 1.000000
-0.115474 0.412781 2.673429 1.000000
-0.291449 0.448829 2.529133 0.000000
-0.288611 0.273184 2.769148 0.000000
-0.467862 0.022379 2.640464 1.000000
-0.066616 0.068383 2.650548 0.663462
-0.267949 0.024181 2.770464 0.000000
-0.531923 0.119020 2.659753 1.000000
-0.027219 0.145522 2.700765 1.000000
-0.498284 -0.172589 2.642280 1.000000
0.016316 -0.144576 2.680269 1.000000
-0.478362 -0.236731 2.634350 0.947115
0.007937 -0.211201 2.672210 0.745192
-0.290157 -0.495864 2.640853 1.000000
-0.094939 -0.230896 2.253520 0.919231
-0.261631 -0.917070 2.711251 1.000000
-0.120454 -0.552247 2.535064 0.434856
-0.254053 -0.943205 2.551806 0.000000
-0.091973 -0.658446 2.416431 0.000000
-0.297199 0.696852 2.544209 1.000000
-0.472854 0.394245 2.670101 1.000000
-0.118621 0.414502 2.681656 1.000000
-0.293979 0.452747 2.537175 0.000000
-0.291297 0.271382 2.772901 0.000000
-0.475500 0.036232 2.649576 0.644231
-0.072092 0.058049 2.648340 0.653846
-0.272229 0.025234 2.773787 0.000000
-0.532724 0.119259 2.661779 1.000000
-0.035823 0.146124 2.701382 1.000000
-0.501241 -0.171259 2.643558 1.000000
0.012525 -0.142642 2.701187 1.000000
-0.479770 -0.232884 2.625798 0.913462
-0.002350 -0.205249 2.680373 1.000000
-0.301151 -0.489308 2.619925 1.000000
-0.094011 -0.188446 2.238473 0.892308
-0.257209 -0.906959 2.702514 1.000000
-0.163280 -0.537135 2.476805 0.734856
-0.250009 -0.937577 2.543851 0.000000
-0.134480 -0.630811 2.348125 0.000000
-0.301423 0.697997 2.552409 1.000000
-0.484615 0.396539 2.690875 1.000000
-0.129905 0.409619 2.684990 1.000000
-0.311400 0.453263 2.549925 0.000000
-0.300730 0.268737 2.782956 0.000000
-0.483285 0.024214 2.660840 0.826923
-0.082250 0.072689 2.654765 0.538462
-0.276705 0.013545 2.779496 0.000000
-0.537807 0.122291 2.661473 1.000000
-0.037807 0.145634 2.712121 1.000000
-0.505518 -0.167739 2.648490 1.000000
-0.005231 -0.144275 2.697277 1.000000
-0.481697 -0.229480 2.634537 1.000000
-0.020986 -0.204469 2.670771 1.000000
-0.322010 -0.492445 2.624229 1.000000
-0.120248 -0.112325 2.213777 0.923077
-0.262660 -0.909164 2.701733 1.000000
-0.184969 -0.508034 2.363478 1.000000
-0.265583 -0.939137 2.542811 0.000000
-0.163378 -0.567832 2.214747 0.384615
-0.308618 0.697787 2.569526 1.000000
-0.486287 0.393912 2.700406 1.000000
-0.131554 0.406884 2.695778 1.000000
-0.312477 0.448067 2.559179 0.000000
-0.302800 0.267805 2.795566 0.000000
-0.486951 0.017491 2.666718 0.701923
-0.086577 0.071235 2.661454 0.673077
-0.280477 0.009448 2.785766 0.000000
-0.537758 0.117853 2.664371 1.000000
-0.041613 0.139542 2.720181 1.000000
-0.509331 -0.174862 2.650539 1.000000
-0.010150 -0.152171 2.695794 1.000000
-0.479917 -0.229110 2.622862 1.000000
-0.027802 -0.209804 2.665121 1.000000
-0.329272 -0.497464 2.622583 1.000000
-0.128976 -0.195282 2.240093 0.900000
-0.283274 -0.916780 2.694991 0.934856
-0.168845 -0.596812 2.097378 1.000000
-0.285930 -0.944583 2.535671 0.000000
-0.139939 -0.546069 1.946538 0.000000
-0.309478 0.692023 2.573212 1.000000
-0.486746 0.384561 2.687556 1.000000
-0.132698 0.402088 2.706724 1.000000
-0.303913 0.431105 2.555293 0.000000
-0.309299 0.267973 2.803940 0.000000
-0.482644 0.007736 2.658484 0.798077
-0.082656 0.061171 2.677736 0.692308
-0.284614 0.004764 2.791314 0.000000
-0.542196 0.106222 2.677768 1.000000
-0.044876 0.132662 2.725162 1.000000
-0.509767 -0.185892 2.649047 1.000000
-0.007745 -0.159297 2.700904 1.000000
-0.485226 -0.241082 2.618618 0.980769
-0.036282 -0.219377 2.688651 0.980769
-0.335087 -0.508974 2.632091 1.000000
-0.148354 -0.319938 2.313817 0.776923
-0.286757 -0.930092 2.691322 0.900481
-0.138028 -0.608300 1.997707 1.000000
-0.281638 -0.952033 2.531148 0.000000
-0.147904 -0.489185 1.888725 0.000000
-0.310116 0.688492 2.577744 1.000000
-0.488127 0.365737 2.707135 1.000000
-0.134537 0.396036 2.698134 1.000000
-0.318394 0.421402 2.561602 0.000000
-0.297794 0.253735 2.806409 0.000000
-0.484248 -0.001613 2.674058 0.846154
-0.083880 0.048883 2.654782 0.605769
-0.275277 0.001491 2.788906 0.000000
-0.547682 0.086354 2.705442 1.000000
-0.042500 0.126748 2.722993 1.000000
-0.510425 -0.201124 2.640516 1.000000
-0.019359 -0.168621 2.701343 1.000000
-0.496546 -0.264145 2.620273 0.745192
-0.040584 -0.232833 2.701887 0.778846
-0.343340 -0.518490 2.610007 1.000000
-0.153327 -0.363239 2.333535 0.842308
-0.286549 -0.937516 2.676157 1.000000
-0.106555 -0.611264 1.987875 1.000000
-0.299452 -0.964363 2.517174 0.000000
-0.128934 -0.482558 1.892496 0.000000
-0.321812 0.675080 2.577163 1.000000
-0.488220 0.372291 2.725047 1.000000
-0.135368 0.392275 2.691572 1.000000
-0.327589 0.429855 2.570219 0.000000
-0.295143 0.249848 2.804764 0.000000
-0.488230 -0.001642 2.681872 0.682692
-0.089653 0.044285 2.634515 0.605769
-0.271925 0.001538 2.782224 0.000000
-0.549203 0.093237 2.705448 1.000000
-0.046168 0.121397 2.716927 1.000000
-0.521298 -0.198373 2.652239 1.000000
-0.009395 -0.173462 2.698152 1.000000
-0.487846 -0.247780 2.620395 0.846154
-0.037930 -0.234164 2.689490 0.879808
-0.347515 -0.519562 2.604466 1.000000
-0.157298 -0.368381 2.324867 1.000000
-0.293509 -0.935444 2.689961 1.000000
-0.112470 -0.716504 2.079949 1.000000
-0.315180 -0.970416 2.533531 0.000000
-0.134548 -0.626215 1.947573 0.000000
-0.322232 0.672693 2.579416 1.000000
-0.487251 0.375955 2.718049 1.000000
-0.133922 0.388181 2.685887 1.000000
-0.324815 0.428947 2.563470 0.000000
-0.297144 0.250023 2.799452 0.000000
-0.489942 0.001942 2.669119 0.875000
-0.089798 0.043964 2.632583 0.692308
-0.276666 0.005799 2.775735 0.000000
-0.552680 0.096620 2.707390 1.000000
-0.050218 0.114332 2.706461 1.000000
-0.520470 -0.193138 2.643089 1.000000
-0.009471 -0.178921 2.668072 1.000000
-0.493295 -0.253262 2.628232 0.677885
-0.031989 -0.242509 2.663210 0.778846
-0.344632 -0.518219 2.605618 1.000000
-0.152739 -0.398269 2.354998 1.000000
-0.291959 -0.935585 2.684452 1.000000
-0.115764 -0.789502 2.185429 1.000000
-0.308606 -0.967473 2.526753 0.000000
-0.129003 -0.726449 2.037064 0.000000
-0.319092 0.682724 2.591539 1.000000
-0.485236 0.371040 2.719316 1.000000
-0.133480 0.397365 2.679322 1.000000
-0.328777 0.438255 2.564105 0.000000
-0.288954 0.247445 2.788765 0.000000
-0.488958 0.001552 2.672637 0.278846
-0.092740 0.044651 2.606528 0.625000
-0.268891 0.011942 2.763912 0.000000
-0.549761 0.090642 2.703143 1.000000
-0.046546 0.122627 2.682472 1.000000
-0.517186 -0.200215 2.638731 1.000000
-0.020662 -0.171756 2.632708 1.000000
-0.507709 -0.259388 2.607381 0.560096
-0.030369 -0.237198 2.618665 0.812500
-0.338954 -0.519219 2.614293 1.000000
-0.149592 -0.434783 2.392411 1.000000
-0.285984 -0.937148 2.689882 1.000000
-0.125832 -0.856680 2.324416 1.000000
-0.312050 -0.968753 2.533406 0.000000
-0.139882 -0.831812 2.165208 0.000000
-0.323253 0.687817 2.601539 1.000000
-0.486435 0.373540 2.716138 1.000000
-0.134405 0.399430 2.678327 1.000000
-0.329034 0.444117 2.563390 0.000000
-0.290957 0.247362 2.783173 0.000000
-0.490979 0.011747 2.656852 0.375000
-0.089946 0.038954 2.616252 0.730769
-0.277029 0.014746 2.762137 0.000000
-0.548496 0.092111 2.694664 1.000000
-0.046879 0.124182 2.668692 1.000000
-0.514453 -0.200250 2.634010 1.000000
-0.020311 -0.170429 2.615671 1.000000
-0.508919 -0.250375 2.588945 0.627404
-0.051272 -0.228232 2.599107 0.846154
-0.340783 -0.514112 2.608539 1.000000
-0.148293 -0.448068 2.417192 1.000000
-0.285835 -0.929850 2.694140 1.000000
-0.118511 -0.874948 2.408788 1.000000
-0.301798 -0.964332 2.536916 0.000000
-0.119363 -0.871824 2.247071 0.000000
-0.322129 0.687545 2.593181 1.000000
-0.484699 0.371785 2.708211 1.000000
-0.132773 0.401278 2.672105 1.000000
-0.327246 0.442831 2.555735 0.000000
-0.288209 0.248358 2.777373 0.000000
-0.489368 0.020495 2.647702 0.269231
-0.087319 0.031885 2.609709 0.653846
-0.276220 0.018228 2.754618 0.000000
-0.542288 0.088698 2.685460 1.000000
-0.041982 0.126345 2.660228 1.000000
-0.514520 -0.204660 2.622395 1.000000
-0.032095 -0.166308 2.589064 1.000000
-0.488356 -0.265751 2.609848 0.677885
-0.056509 -0.221604 2.558728 1.000000
-0.336763 -0.510400 2.608819 1.000000
-0.142069 -0.464171 2.441659 1.000000
-0.288741 -0.925453 2.701604 1.000000
-0.104818 -0.887110 2.495687 1.000000
-0.294774 -0.961381 2.544010 0.000000
-0.099192 -0.907106 2.335276 0.000000
-0.318611 0.693400 2.600227 1.000000
-0.477957 0.377627 2.711382 1.000000
-0.128027 0.404592 2.658028 1.000000
-0.327716 0.451845 2.553246 0.000000
-0.279667 0.250026 2.766383 0.000000
-0.485138 0.017715 2.643597 0.259615
-0.085919 0.034167 2.583850 0.692308
-0.266461 0.017212 2.738723 0.000000
-0.533487 0.096411 2.663520 1.000000
-0.038364 0.128188 2.653793 1.000000
-0.510229 -0.202019 2.621933 1.000000
-0.030755 -0.162515 2.571543 1.000000
-0.487952 -0.265459 2.614641 0.812500
-0.057122 -0.221897 2.552764 1.000000
-0.329100 -0.512056 2.616117 1.000000
-0.129283 -0.488122 2.496538 1.000000
-0.288893 -0.928957 2.704212 1.000000
-0.085814 -0.900025 2.604384 1.000000
-0.306383 -0.963815 2.547234 0.000000
-0.086592 -0.941070 2.447931 0.000000
-0.316381 0.694863 2.588988 1.000000
-0.477937 0.381889 2.700761 1.000000
-0.127650 0.401701 2.646621 1.000000
-0.326632 0.447045 2.539673 0.000000
-0.281437 0.254120 2.761492 0.000000
-0.482018 0.014372 2.637298 0.221154
-0.082796 0.030699 2.577538 0.807692
-0.263301 0.012500 2.732313 0.000000
-0.531945 0.099700 2.661824 1.000000
-0.033112 0.127651 2.651459 1.000000
-0.496875 -0.194057 2.603660 1.000000
-0.025914 -0.161507 2.566362 1.000000
-0.493124 -0.261372 2.598300 0.492788
-0.052203 -0.222745 2.554837 1.000000
-0.323145 -0.515196 2.617155 1.000000
-0.119310 -0.498800 2.533796 1.000000
-0.287718 -0.933346 2.701295 1.000000
-0.078656 -0.909535 2.647060 1.000000
-0.305219 -0.966490 2.543948 0.000000
-0.081690 -0.952805 2.491234 0.000000
-0.309392 0.701292 2.589657 1.000000
-0.467921 0.370867 2.695206 1.000000
-0.118582 0.403879 2.641374 1.000000
-0.319145 0.445372 2.535824 0.000000
-0.267146 0.248183 2.752341 0.000000
-0.476096 0.012338 2.627766 0.259615
-0.076620 0.025203 2.568859 0.721154
-0.257664 0.011257 2.723447 0.000000
-0.525186 0.090310 2.650322 1.000000
-0.029832 0.127967 2.642789 1.000000
-0.495134 -0.205603 2.601575 1.000000
-0.016081 -0.165479 2.575381 1.000000
-0.468052 -0.262322 2.576605 0.509615
-0.045323 -0.225682 2.565653 1.000000
-0.318314 -0.518160 2.622479 1.000000
-0.107173 -0.505922 2.582609 1.000000
-0.286302 -0.935766 2.710594 1.000000
-0.074927 -0.921103 2.681446 1.000000
-0.303460 -0.970230 2.553492 0.000000
-0.084211 -0.959183 2.524517 0.000000
-0.300483 0.698244 2.589867 1.000000
-0.450534 0.378168 2.678443 1.000000
-0.099081 0.404614 2.635939 1.000000
-0.295326 0.450279 2.524177 0.000000
-0.254080 0.251471 2.741526 0.000000
-0.460061 0.012437 2.617290 0.298077
-0.059222 0.029422 2.569799 0.788462
-0.244396 0.012099 2.719060 0.000000
-0.508848 0.095548 2.643701 1.000000
-0.012056 0.127408 2.643984 1.000000
-0.481150 -0.199331 2.583395 1.000000
-0.003483 -0.167658 2.579021 1.000000
-0.445133 -0.247912 2.553119 0.862981
-0.029205 -0.230190 2.580501 1.000000
-0.311387 -0.516929 2.625872 1.000000
-0.097321 -0.501913 2.626841 1.000000
-0.287174 -0.934709 2.715636 1.000000
-0.071843 -0.920037 2.714631 1.000000
-0.303688 -0.969424 2.558521 0.000000
-0.083958 -0.953887 2.556927 0.000000
-0.292263 0.704507 2.586681 1.000000
-0.440221 0.380238 2.678500 1.000000
-0.089546 0.408979 2.631321 1.000000
-0.287566 0.453865 2.522412 0.000000
-0.242165 0.254505 2.738423 0.000000
-0.447407 0.019984 2.626190 0.355769
-0.048623 0.029909 2.562246 0.826923
-0.227811 0.018066 2.719154 0.000000
-0.500557 0.098577 2.637711 1.000000
0.000217 0.132603 2.645335 1.000000
-0.465087 -0.196334 2.580301 1.000000
0.010846 -0.164321 2.588328 1.000000
-0.440496 -0.253334 2.553461 1.000000
-0.018362 -0.220587 2.564769 1.000000
-0.305101 -0.512241 2.623250 1.000000
-0.096057 -0.498789 2.641912 1.000000
-0.283101 -0.929849 2.714377 1.000000
-0.069602 -0.918927 2.719164 1.000000
-0.305845 -0.965133 2.558170 0.000000
-0.091855 -0.949255 2.561849 0.000000
-0.282487 0.706224 2.581062 1.000000
-0.428487 0.385455 2.639133 1.000000
-0.074455 0.411625 2.640114 1.000000
-0.254774 0.448407 2.501479 0.000000
-0.241836 0.264620 2.734977 0.000000
-0.434593 0.019191 2.590437 0.701923
-0.030788 0.031152 2.594280 0.980769
-0.233716 0.019129 2.718956 0.000000
-0.490998 0.101514 2.632539 1.000000
0.010962 0.133729 2.647275 1.000000
-0.453265 -0.191626 2.568490 1.000000
0.016917 -0.164793 2.599250 1.000000
-0.428405 -0.253743 2.578365 0.778846
-0.012356 -0.225037 2.589879 0.913462
-0.296153 -0.510689 2.635792 1.000000
-0.087434 -0.500131 2.650213 1.000000
-0.279927 -0.928857 2.725546 1.000000
-0.071283 -0.921185 2.725290 1.000000
-0.277432 -0.962705 2.567397 0.000000
-0.066215 -0.949376 2.566096 0.000000
-0.259785 0.716632 2.582378 1.000000
-0.411715 0.391141 2.635935 1.000000
-0.057192 0.408872 2.640853 1.000000
-0.235200 0.452950 2.501360 0.000000
-0.228926 0.263841 2.730850 0.000000
-0.416946 0.025553 2.592724 0.519231
-0.013064 0.032922 2.586268 1.000000
-0.212931 0.026595 2.716197 0.000000
-0.473083 0.106737 2.628098 1.000000
0.026613 0.130289 2.649883 1.000000
-0.435453 -0.184630 2.555309 1.000000
0.032914 -0.170455 2.616383 1.000000
-0.410692 -0.247326 2.549808 0.509615
0.000362 -0.227433 2.600016 0.913462
-0.291966 -0.505393 2.642766 1.000000
-0.076032 -0.497032 2.652840 1.000000
-0.284303 -0.921869 2.741119 1.000000
-0.074437 -0.918695 2.726199 1.000000
-0.286660 -0.959081 2.583725 0.000000
-0.073317 -0.946414 2.566846 0.000000
-0.239931 0.714704 2.568381 1.000000
-0.397821 0.393751 2.632515 1.000000
-0.043732 0.413752 2.648207 1.000000
-0.218119 0.462372 2.505683 0.000000
-0.216724 0.263881 2.727192 0.000000
-0.409621 0.024938 2.588667 0.788462
-0.006611 0.053181 2.589787 0.769231
-0.208260 0.036096 2.715938 0.000000
-0.463799 0.110524 2.628327 1.000000
0.033699 0.133410 2.649332 1.000000
-0.424424 -0.180499 2.556020 1.000000
0.039036 -0.168080 2.625923 1.000000
-0.402457 -0.244461 2.556703 0.846154
0.009310 -0.228595 2.620595 0.980769
-0.288187 -0.498428 2.648821 1.000000
-0.072698 -0.483752 2.654794 1.000000
-0.282765 -0.916583 2.739930 1.000000
-0.064861 -0.901469 2.747719 1.000000
-0.281408 -0.951000 2.581890 0.000000
-0.059778 -0.936485 2.589887 0.000000
-0.220182 0.714352 2.562076 1.000000
-0.389281 0.396282 2.633181 1.000000
-0.034798 0.412310 2.643668 1.000000
-0.210756 0.463785 2.504108 0.000000
-0.208227 0.263810 2.724268 0.000000
-0.399039 0.026430 2.584266 0.586538
0.004653 0.038885 2.593949 0.836538
-0.200203 0.031714 2.715814 0.000000
-0.452106 0.113218 2.630387 1.000000
0.043633 0.133246 2.650867 1.000000
-0.417353 -0.176196 2.553213 1.000000
0.047715 -0.167387 2.627908 1.000000
-0.385736 -0.231650 2.530870 0.812500
0.017704 -0.227948 2.625507 0.711538
-0.288195 -0.501455 2.650421 1.000000
-0.066557 -0.491370 2.671244 1.000000
-0.280562 -0.919716 2.740887 1.000000
-0.063049 -0.912048 2.750000 1.000000
-0.277138 -0.953843 2.582816 0.000000
-0.056553 -0.941736 2.591130 0.000000
-0.215822 0.714325 2.558527 1.000000
-0.374629 0.399645 2.621446 1.000000
-0.020831 0.413238 2.647278 1.000000
-0.190045 0.463366 2.499150 0.000000
-0.198859 0.267583 2.722887 0.000000
-0.390775 0.034699 2.576304 0.548077
0.012283 0.037247 2.603760 0.894231
-0.197850 0.034602 2.716478 0.000000
-0.445059 0.118733 2.634169 1.000000
0.055528 0.133597 2.649363 1.000000
-0.411423 -0.171589 2.560303 1.000000
0.054090 -0.167060 2.627509 1.000000
-0.396146 -0.236418 2.548564 0.509615
0.021212 -0.225235 2.617082 0.812500
-0.288915 -0.495478 2.650898 1.000000
-0.064638 -0.490734 2.673651 1.000000
-0.281260 -0.913109 2.744223 1.000000
-0.058539 -0.911524 2.751642 1.000000
-0.271819 -0.948159 2.586599 0.000000
-0.046078 -0.940739 2.593041 0.000000
-0.205718 0.715425 2.550730 1.000000
