-0.397884 0.227820 2.520857 1.000000
-0.038161 0.240012 2.513747 1.000000
-0.221398 0.279153 2.424073 0.000000
-0.211832 0.104462 2.608532 0.000000
-0.422096 -0.120178 2.499998 1.000000
0.005893 -0.104472 2.502347 1.000000
-0.209027 -0.105144 2.621750 0.000000
-0.466266 -0.041707 2.534611 1.000000
0.046607 -0.024182 2.536695 1.000000
-0.475761 -0.328377 2.466584 1.000000
0.079217 -0.289298 2.412005 1.000000
-0.470665 -0.384852 2.505379 0.290865
0.054659 -0.353256 2.417166 0.408654
-0.332868 -0.617548 2.538513 1.000000
-0.116161 -0.613392 2.528201 1.000000
-0.355059 -1.004048 2.621827 1.000000
-0.157484 -0.990671 2.641202 1.000000
-0.356405 -1.039216 2.458321 0.000000
-0.160043 -1.038396 2.480926 0.211538
-0.223782 0.510547 2.371977 1.000000
-0.399646 0.226723 2.521652 1.000000
-0.040022 0.238418 2.510087 1.000000
-0.224291 0.277131 2.422361 0.000000
-0.212684 0.103777 2.607961 0.000000
-0.424307 -0.120106 2.502500 1.000000
0.003764 -0.108988 2.494799 1.000000
-0.208292 -0.107248 2.619207 0.000000
-0.467980 -0.043328 2.536603 1.000000
0.045882 -0.023128 2.555197 1.000000
-0.478825 -0.331519 2.472773 1.000000
0.077179 -0.288075 2.428434 1.000000
-0.471595 -0.396197 2.494791 0.206731
0.048307 -0.349072 2.415541 0.509615
-0.333436 -0.619109 2.537707 1.000000
-0.117019 -0.616282 2.529118 1.000000
-0.351834 -1.005635 2.621819 1.000000
-0.162197 -0.996782 2.629090 1.000000
-0.357167 -1.040938 2.458424 0.000000
-0.165547 -1.038902 2.467265 0.091346
-0.223849 0.516693 2.382406 1.000000
-0.402513 0.228232 2.519374 1.000000
-0.042672 0.235857 2.511872 1.000000
-0.225493 0.277091 2.422286 0.000000
-0.217944 0.102748 2.607168 0.000000
-0.425139 -0.121211 2.504628 1.000000
0.002935 -0.111551 2.495300 1.000000
-0.208656 -0.108434 2.620472 0.000000
-0.470985 -0.042119 2.537120 1.000000
0.043857 -0.025426 2.560219 1.000000
-0.490221 -0.331859 2.480275 1.000000
0.071239 -0.294982 2.441304 1.000000
-0.478083 -0.384404 2.522844 0.223558
0.048085 -0.351216 2.473273 0.526442
-0.335313 -0.620684 2.538445 1.000000
-0.117567 -0.618395 2.530968 1.000000
-0.352095 -1.008699 2.615765 1.000000
-0.155330 -1.002257 2.620632 1.000000
-0.358016 -1.041118 2.451794 0.000000
-0.159850 -1.039864 2.457728 0.000000
-0.225785 0.509746 2.369623 1.000000
-0.413436 0.228171 2.520163 1.000000
-0.053893 0.235011 2.503361 1.000000
-0.238886 0.273818 2.417215 0.000000
-0.226808 0.105096 2.607006 0.000000
-0.431528 -0.122413 2.495124 1.000000
-0.003533 -0.112243 2.507148 0.961538
-0.221124 -0.108454 2.621551 0.000000
-0.477087 -0.042242 2.551526 1.000000
0.032411 -0.024280 2.562342 1.000000
-0.498900 -0.329641 2.484069 1.000000
0.067642 -0.303325 2.470056 1.000000
-0.478336 -0.393815 2.497457 0.459135
0.038885 -0.359678 2.496847 0.543269
-0.341232 -0.621719 2.536433 1.000000
-0.122397 -0.619517 2.532794 1.000000
-0.353999 -1.007322 2.625671 1.000000
-0.156354 -1.003129 2.625014 1.000000
-0.352611 -1.045073 2.462743 0.000000
-0.151245 -1.042632 2.462576 0.100962
-0.235451 0.512926 2.372333 1.000000
-0.422877 0.230119 2.524577 1.000000
-0.063576 0.239001 2.504000 1.000000
-0.249679 0.278245 2.420483 0.000000
-0.234729 0.106614 2.607441 0.000000
-0.441863 -0.118646 2.513758 1.000000
-0.013911 -0.108391 2.500343 1.000000
-0.224286 -0.106148 2.627567 0.000000
-0.487323 -0.040972 2.549981 1.000000
0.026354 -0.019957 2.560055 1.000000
-0.507624 -0.329967 2.488017 1.000000
0.059557 -0.301883 2.475289 1.000000
-0.491237 -0.391978 2.512646 0.442308
0.042619 -0.366819 2.490016 0.576923
-0.343248 -0.619397 2.534724 1.000000
-0.124185 -0.615646 2.531540 1.000000
-0.354599 -1.007041 2.614845 1.000000
-0.159948 -0.998531 2.626069 1.000000
-0.362107 -1.040648 2.451178 0.000000
-0.160228 -1.038595 2.463689 0.076923
-0.245288 0.516644 2.380930 1.000000
-0.437035 0.223756 2.530531 1.000000
-0.078880 0.242931 2.499588 1.000000
-0.268361 0.276337 2.421290 0.000000
-0.243078 0.106183 2.608485 0.000000
-0.449522 -0.115352 2.526431 1.000000
-0.022454 -0.108726 2.494867 0.903846
-0.227177 -0.106620 2.631000 0.000000
-0.496338 -0.047237 2.567176 1.000000
0.018404 -0.015272 2.546108 1.000000
-0.528350 -0.336003 2.509135 1.000000
0.045623 -0.297798 2.461152 1.000000
-0.502608 -0.391914 2.539659 0.475962
0.037741 -0.361475 2.485718 0.509615
-0.350180 -0.617618 2.534022 1.000000
-0.134291 -0.614578 2.536023 1.000000
-0.360225 -1.005498 2.613163 1.000000
-0.155864 -0.998948 2.628816 1.000000
-0.374679 -1.038450 2.449830 0.000000
-0.164705 -1.037673 2.466351 0.038462
-0.260260 0.519770 2.385902 1.000000
-0.461659 0.214367 2.545954 1.000000
-0.107280 0.236802 2.486688 1.000000
-0.302695 0.266742 2.422922 0.000000
-0.260791 0.100320 2.610489 0.000000
-0.477601 -0.129765 2.536472 0.932692
-0.053201 -0.103573 2.485223 1.000000
-0.251384 -0.109459 2.630610 0.000000
-0.515276 -0.056457 2.596701 1.000000
-0.009051 -0.023553 2.523599 1.000000
-0.556302 -0.348509 2.559807 1.000000
0.023697 -0.300220 2.420056 1.000000
-0.513846 -0.401423 2.570675 0.341346
0.026699 -0.361535 2.450910 0.425481
-0.361580 -0.626992 2.531374 1.000000
-0.143840 -0.614150 2.533192 1.000000
-0.355414 -1.013603 2.616868 1.000000
-0.156872 -0.998881 2.626082 1.000000
-0.376727 -1.049746 2.454967 0.000000
-0.171671 -1.037506 2.464028 0.038462
-0.294185 0.517927 2.396274 1.000000
-0.479359 0.211005 2.563628 1.000000
-0.127379 0.242091 2.494753 1.000000
-0.325106 0.272729 2.438946 0.000000
-0.275055 0.096445 2.615163 0.000000
-0.495677 -0.134440 2.544556 0.788462
-0.073703 -0.101412 2.479170 1.000000
-0.266773 -0.110762 2.631107 0.000000
-0.529046 -0.059483 2.615527 1.000000
-0.029289 -0.019624 2.509227 1.000000
-0.576954 -0.349842 2.580768 1.000000
0.021959 -0.292529 2.405748 1.000000
-0.584638 -0.417503 2.571641 0.189904
-0.003677 -0.355844 2.413127 0.459135
-0.371808 -0.629793 2.531024 1.000000
-0.149039 -0.614029 2.499642 1.000000
-0.363556 -1.017629 2.610590 1.000000
-0.157898 -0.988225 2.628927 1.000000
-0.389240 -1.051367 2.448804 0.000000
-0.168439 -1.042510 2.471084 0.360577
-0.310978 0.520385 2.419136 1.000000
-0.496977 0.207914 2.577197 1.000000
-0.145986 0.238345 2.503174 1.000000
-0.344417 0.270907 2.451075 0.000000
-0.292489 0.091480 2.623537 0.000000
-0.512217 -0.137488 2.554989 0.750000
-0.092950 -0.099936 2.476040 1.000000
-0.280712 -0.113396 2.634194 0.000000
-0.550305 -0.060635 2.634979 1.000000
-0.042410 -0.021586 2.506195 1.000000
-0.594661 -0.351611 2.601066 1.000000
0.022335 -0.277529 2.371713 1.000000
-0.570668 -0.409849 2.628508 0.391827
-0.005768 -0.335898 2.348829 0.442308
-0.381585 -0.631535 2.529848 1.000000
-0.155500 -0.610240 2.455659 1.000000
-0.363864 -1.017425 2.616975 1.000000
-0.168539 -0.981386 2.593121 1.000000
-0.393969 -1.054972 2.456799 0.000000
-0.172574 -1.039333 2.436282 0.245192
-0.347291 0.518277 2.436139 1.000000
-0.519635 0.212516 2.587802 1.000000
-0.165139 0.230973 2.527867 1.000000
-0.360116 0.270152 2.467880 0.000000
-0.321215 0.089301 2.642274 0.000000
-0.526218 -0.144457 2.554634 1.000000
-0.105453 -0.096378 2.490821 1.000000
-0.297622 -0.121321 2.642138 0.000000
-0.574003 -0.055539 2.634348 1.000000
-0.055256 -0.023773 2.530310 1.000000
-0.620360 -0.338213 2.569198 1.000000
0.030472 -0.262827 2.382655 1.000000
-0.632554 -0.404853 2.580632 0.055288
0.001945 -0.311217 2.343094 0.408654
-0.395749 -0.635149 2.525759 1.000000
-0.187366 -0.590820 2.371024 1.000000
-0.367904 -1.019044 2.618846 1.000000
-0.186348 -0.986796 2.366813 1.000000
-0.394011 -1.059760 2.458742 0.000000
-0.204766 -0.985075 2.200589 0.000000
-0.346648 0.514312 2.441152 1.000000
-0.527897 0.216514 2.588633 1.000000
-0.170605 0.227125 2.545858 1.000000
-0.361762 0.263202 2.473010 0.000000
-0.334094 0.096201 2.662691 0.000000
-0.529942 -0.142344 2.561944 1.000000
-0.107637 -0.098845 2.505427 1.000000
-0.301970 -0.128839 2.653019 0.000000
-0.597482 -0.050630 2.613825 1.000000
-0.060651 -0.026214 2.569770 1.000000
-0.654062 -0.332263 2.553571 1.000000
0.022845 -0.264860 2.420687 1.000000
-0.636225 -0.390169 2.585962 0.560096
0.042336 -0.317906 2.381615 0.088942
-0.391504 -0.633980 2.530623 1.000000
-0.189827 -0.538033 2.276381 1.000000
-0.370718 -1.020056 2.616234 1.000000
-0.203588 -0.911889 2.146543 1.000000
-0.391741 -1.057055 2.454488 0.000000
-0.219227 -0.856746 1.989421 0.000000
-0.353885 0.508585 2.437815 1.000000
-0.534499 0.210062 2.585744 1.000000
-0.175693 0.222037 2.559011 1.000000
-0.363529 0.255805 2.476996 0.000000
-0.343649 0.092105 2.670492 0.000000
-0.545434 -0.151820 2.572234 1.000000
-0.121656 -0.100737 2.537166 1.000000
-0.321786 -0.142009 2.673888 0.000000
-0.610047 -0.056441 2.587792 1.000000
-0.064293 -0.029429 2.592035 1.000000
-0.667872 -0.330344 2.500259 1.000000
0.032008 -0.279453 2.472693 1.000000
-0.656212 -0.394952 2.520515 0.543269
0.007418 -0.343362 2.467096 0.475962
-0.381828 -0.638622 2.524653 1.000000
-0.192915 -0.428984 2.193301 1.000000
-0.379812 -1.022287 2.622696 1.000000
-0.206026 -0.766789 1.987069 1.000000
-0.385387 -1.063701 2.460751 0.000000
-0.207285 -0.679606 1.844345 0.000000
-0.353543 0.492225 2.429071 1.000000
-0.538234 0.211626 2.586414 1.000000
-0.179201 0.214771 2.560236 1.000000
-0.366121 0.248069 2.475967 0.000000
-0.350057 0.094354 2.677826 0.000000
-0.566920 -0.145896 2.579453 1.000000
-0.141909 -0.107288 2.543364 0.750000
-0.342783 -0.143345 2.680469 0.000000
-0.612517 -0.054356 2.573323 1.000000
-0.076847 -0.036131 2.615077 1.000000
-0.667582 -0.303279 2.429455 1.000000
0.015822 -0.304912 2.545349 1.000000
-0.689922 -0.367884 2.422565 0.156250
0.010289 -0.373028 2.552419 0.711538
-0.372526 -0.631766 2.521507 0.980769
-0.204493 -0.251202 2.142939 0.980769
-0.356843 -1.015214 2.619168 1.000000
-0.202947 -0.548828 1.881726 1.000000
-0.345655 -1.055971 2.457346 0.000000
-0.186046 -0.439019 1.756710 0.000000
-0.347993 0.466363 2.393165 1.000000
-0.533043 0.210336 2.589039 1.000000
-0.173653 0.209651 2.568094 1.000000
-0.358891 0.247867 2.482212 0.000000
-0.347696 0.087959 2.679538 0.000000
-0.571838 -0.154756 2.567675 1.000000
-0.149713 -0.089903 2.535549 0.875000
-0.348322 -0.144935 2.669618 0.000000
-0.613234 -0.052674 2.564752 1.000000
-0.078392 -0.044455 2.618595 1.000000
-0.665265 -0.298363 2.415244 1.000000
0.005429 -0.320552 2.572043 1.000000
-0.681672 -0.358340 2.386022 0.189904
-0.012248 -0.379818 2.601968 0.812500
-0.395512 -0.635174 2.518067 1.000000
-0.224358 -0.216480 2.125319 0.792308
-0.336578 -1.011233 2.627258 1.000000
-0.210559 -0.414912 1.782901 1.000000
-0.345093 -1.059038 2.467212 0.033654
-0.218315 -0.270495 1.698899 1.000000
-0.342351 0.456207 2.392502 1.000000
-0.528919 0.212864 2.590055 1.000000
-0.169551 0.203547 2.570872 1.000000
-0.353337 0.247401 2.484566 0.000000
-0.347125 0.084821 2.679919 0.000000
-0.574970 -0.160382 2.554318 1.000000
-0.152750 -0.095215 2.524129 0.653846
-0.351576 -0.152954 2.656729 0.000000
-0.614040 -0.048271 2.566796 1.000000
-0.081696 -0.052897 2.620836 1.000000
-0.638008 -0.295939 2.414265 1.000000
0.000430 -0.328856 2.573076 1.000000
-0.660016 -0.348695 2.376149 0.139423
-0.017955 -0.394999 2.575815 0.627404
-0.395067 -0.640076 2.521241 0.861538
-0.223384 -0.222258 2.111454 1.000000
-0.333690 -1.013628 2.637465 1.000000
-0.207311 -0.343016 1.734658 1.000000
-0.340498 -1.064293 2.478219 0.163462
-0.223246 -0.184669 1.683230 0.211538
-0.335082 0.465753 2.412279 1.000000
-0.526492 0.214481 2.603297 1.000000
-0.167691 0.202711 2.576409 1.000000
-0.352476 0.255408 2.497500 0.000000
-0.344704 0.077609 2.679051 0.000000
-0.562827 -0.141098 2.569569 1.000000
-0.136948 -0.109790 2.536784 0.500000
-0.339051 -0.149382 2.671078 0.000000
-0.606577 -0.047716 2.576485 1.000000
-0.083272 -0.057451 2.609107 1.000000
-0.619812 -0.302690 2.435479 1.000000
-0.008817 -0.333433 2.551141 1.000000
-0.628541 -0.353745 2.390340 0.139423
-0.023601 -0.399518 2.562742 0.745192
-0.393060 -0.631935 2.525278 1.000000
-0.205614 -0.237442 2.128105 0.923077
-0.370056 -1.015685 2.620262 0.966106
-0.193708 -0.557412 1.895097 1.000000
-0.374178 -1.056090 2.458019 0.000000
-0.177370 -0.459031 1.760833 0.000000
-0.334512 0.483343 2.447262 1.000000
-0.525807 0.214972 2.604766 1.000000
-0.167275 0.203681 2.574322 1.000000
-0.352778 0.257812 2.498113 0.000000
-0.343349 0.076737 2.676317 0.000000
-0.548171 -0.139193 2.561322 1.000000
-0.122002 -0.116922 2.525099 1.000000
-0.324162 -0.142961 2.662583 0.000000
-0.596759 -0.051323 2.585542 1.000000
-0.078043 -0.056308 2.601895 1.000000
-0.610662 -0.315542 2.460826 1.000000
-0.011320 -0.328335 2.517584 1.000000
-0.616080 -0.370415 2.419838 0.240385
-0.033537 -0.383986 2.551195 0.560096
-0.377749 -0.634115 2.526321 1.000000
-0.211714 -0.352912 2.142874 1.000000
-0.380787 -1.023897 2.596149 0.872356
-0.176911 -0.722216 2.004241 1.000000
-0.381015 -1.053388 2.431520 0.000000
-0.174344 -0.663232 1.847758 0.538462
-0.337332 0.488227 2.455226 1.000000
-0.521381 0.211480 2.609412 1.000000
-0.164872 0.206176 2.559684 1.000000
-0.355008 0.258115 2.494110 0.000000
-0.333249 0.075450 2.669592 0.000000
-0.530852 -0.139202 2.570254 1.000000
-0.110552 -0.127391 2.488794 1.000000
-0.297514 -0.144435 2.647548 0.000000
-0.589896 -0.055813 2.600332 1.000000
-0.069691 -0.049774 2.600341 1.000000
-0.598106 -0.320888 2.477361 1.000000
-0.012156 -0.315430 2.492775 1.000000
-0.604852 -0.383051 2.448890 0.055288
-0.004870 -0.382308 2.478824 0.122596
-0.381254 -0.639184 2.531129 1.000000
-0.197800 -0.475788 2.182899 1.000000
-0.372073 -1.025564 2.617395 1.000000
-0.160682 -0.862847 2.107907 1.000000
-0.394077 -1.062189 2.455695 0.000000
-0.163741 -0.831321 1.943683 0.000000
-0.339091 0.499529 2.468087 1.000000
-0.510192 0.212006 2.601683 1.000000
-0.155581 0.215988 2.539756 1.000000
-0.349146 0.262908 2.480760 0.000000
-0.316618 0.080969 2.655327 0.000000
-0.519470 -0.146046 2.557158 1.000000
-0.100204 -0.115040 2.475416 1.000000
-0.285939 -0.143360 2.633999 0.000000
-0.568229 -0.056341 2.612218 1.000000
-0.062827 -0.037751 2.589785 1.000000
-0.590638 -0.321996 2.495785 1.000000
0.004568 -0.277326 2.439141 1.000000
-0.607642 -0.383945 2.471421 0.088942
-0.000987 -0.340796 2.464852 0.576923
-0.380827 -0.640701 2.531158 1.000000
-0.183495 -0.584327 2.305278 1.000000
-0.362508 -1.027170 2.615549 1.000000
-0.148530 -0.978225 2.326192 1.000000
-0.391815 -1.063623 2.454972 0.000000
-0.165665 -0.988563 2.160144 0.000000
-0.333506 0.508841 2.464865 1.000000
-0.501034 0.216662 2.588730 1.000000
-0.145901 0.219560 2.529806 1.000000
-0.338692 0.268590 2.469995 0.000000
-0.308676 0.083617 2.641803 0.000000
-0.512872 -0.146830 2.546063 1.000000
-0.092439 -0.103069 2.477149 1.000000
-0.282082 -0.135976 2.630124 0.000000
-0.560388 -0.051124 2.594616 1.000000
-0.046383 -0.034939 2.554157 1.000000
-0.592458 -0.333643 2.535143 1.000000
0.016267 -0.280954 2.412969 1.000000
-0.562929 -0.395204 2.542802 0.492788
0.036982 -0.345600 2.402375 0.358173
-0.373712 -0.637805 2.526641 1.000000
-0.170297 -0.603363 2.375600 1.000000
-0.348110 -1.021210 2.622355 1.000000
-0.134805 -0.976607 2.503057 1.000000
-0.373220 -1.062837 2.462326 0.000000
-0.145510 -1.031455 2.345420 0.298077
-0.325638 0.513204 2.455329 1.000000
-0.489898 0.220002 2.549411 1.000000
-0.130717 0.223021 2.525338 1.000000
-0.316872 0.268833 2.445358 0.000000
-0.303293 0.089992 2.625539 0.000000
-0.497101 -0.146639 2.522719 1.000000
-0.072141 -0.102010 2.493665 1.000000
-0.275589 -0.132075 2.628399 0.000000
-0.550039 -0.045494 2.582647 1.000000
-0.034623 -0.032561 2.550908 1.000000
-0.564368 -0.329066 2.521821 1.000000
0.040067 -0.269178 2.400072 1.000000
-0.586277 -0.393782 2.514596 0.004808
0.031386 -0.332277 2.374311 0.274038
-0.360462 -0.637198 2.529425 1.000000
-0.145009 -0.612345 2.430002 1.000000
-0.358318 -1.024047 2.614037 1.000000
-0.143173 -0.978911 2.579807 1.000000
-0.367798 -1.059776 2.450923 0.000000
-0.137667 -1.042124 2.425061 0.360577
-0.314645 0.517621 2.430340 1.000000
-0.465302 0.225861 2.515785 1.000000
-0.105429 0.232534 2.522600 1.000000
-0.284436 0.274374 2.425878 0.000000
-0.284697 0.099769 2.610666 0.000000
-0.471082 -0.139243 2.502642 1.000000
-0.045271 -0.093765 2.509316 1.000000
-0.259923 -0.117877 2.626754 0.000000
-0.525639 -0.040130 2.536156 1.000000
-0.008152 -0.019654 2.564373 1.000000
-0.545532 -0.325894 2.493617 1.000000
0.063598 -0.252062 2.407196 1.000000
-0.529057 -0.384784 2.524937 0.223558
0.090817 -0.313073 2.391156 0.341346
-0.342468 -0.629995 2.524866 1.000000
-0.112928 -0.608829 2.490821 1.000000
-0.363991 -1.014048 2.618972 1.000000
-0.135874 -0.989348 2.598033 1.000000
-0.359552 -1.054073 2.456642 0.000000
-0.119806 -1.035392 2.438051 0.139423
-0.286478 0.514505 2.395108 1.000000
-0.443666 0.222649 2.488600 1.000000
-0.085519 0.241480 2.519845 1.000000
-0.258289 0.271168 2.408407 0.000000
-0.266811 0.108861 2.603900 0.000000
-0.453137 -0.139684 2.488300 1.000000
-0.029394 -0.087569 2.522272 1.000000
-0.251224 -0.111114 2.625644 0.000000
-0.505958 -0.042863 2.511342 1.000000
0.012866 -0.008493 2.572075 1.000000
-0.527027 -0.325909 2.452987 1.000000
0.088427 -0.252030 2.434433 1.000000
-0.536955 -0.393516 2.460147 0.122596
0.092449 -0.313681 2.404379 0.526442
-0.332063 -0.628240 2.522441 1.000000
-0.108587 -0.605842 2.509145 1.000000
-0.365017 -1.010593 2.620095 1.000000
-0.137647 -0.991184 2.595648 1.000000
-0.350689 -1.052986 2.458942 0.000000
-0.122848 -1.028736 2.433342 0.019231
-0.256141 0.517201 2.378118 1.000000
-0.411582 0.222770 2.470935 1.000000
-0.055042 0.246157 2.514892 1.000000
-0.223771 0.270709 2.396245 0.000000
-0.238161 0.114320 2.596168 0.000000
-0.426123 -0.128993 2.487723 1.000000
-0.000461 -0.092785 2.518187 0.894231
-0.222497 -0.103845 2.623192 0.000000
-0.474327 -0.043453 2.487641 1.000000
0.040144 -0.003191 2.576985 1.000000
-0.486600 -0.320046 2.400866 1.000000
0.112139 -0.271934 2.494653 1.000000
-0.496065 -0.387852 2.395101 0.206731
0.108237 -0.340251 2.488493 0.442308
-0.326711 -0.621754 2.518969 1.000000
-0.102365 -0.607639 2.524442 1.000000
-0.364041 -1.004443 2.613687 1.000000
-0.139037 -0.992763 2.609002 1.000000
-0.354132 -1.045465 2.451849 0.000000
-0.129827 -1.029413 2.446077 0.091346
-0.230046 0.519115 2.362461 1.000000
-0.390330 0.228001 2.470872 1.000000
-0.032683 0.242070 2.509478 1.000000
-0.202545 0.271950 2.393705 0.000000
-0.217782 0.114074 2.592392 0.000000
-0.408659 -0.121943 2.474356 1.000000
0.016034 -0.098608 2.524551 1.000000
-0.210903 -0.102063 2.619082 0.000000
-0.455564 -0.038557 2.476922 1.000000
0.055385 -0.009769 2.574024 1.000000
-0.460678 -0.311641 2.377579 1.000000
0.120877 -0.287688 2.519783 1.000000
-0.467030 -0.379463 2.368623 0.139423
0.127044 -0.352077 2.542943 0.627404
-0.324544 -0.617317 2.515904 1.000000
-0.096165 -0.610039 2.528266 1.000000
-0.363321 -0.999950 2.610264 1.000000
-0.140997 -0.994726 2.610859 1.000000
-0.347651 -1.041315 2.448969 0.000000
-0.122362 -1.031689 2.448813 0.019231
-0.211766 0.524058 2.365308 1.000000
-0.378753 0.232007 2.468060 1.000000
-0.020950 0.243118 2.506179 1.000000
-0.190733 0.274634 2.390724 0.000000
-0.206949 0.116410 2.589057 0.000000
-0.394403 -0.116918 2.459852 1.000000
0.028111 -0.099683 2.527767 0.721154
-0.202656 -0.098019 2.612575 0.000000
-0.444293 -0.034079 2.487328 1.000000
0.057725 -0.011882 2.571396 1.000000
-0.451188 -0.306657 2.386027 1.000000
0.132566 -0.292141 2.549898 1.000000
-0.454386 -0.371087 2.362386 0.122596
0.125140 -0.357622 2.569326 0.593750
-0.322913 -0.612341 2.515435 1.000000
-0.093499 -0.609366 2.527670 1.000000
-0.365717 -0.995094 2.607542 1.000000
-0.137669 -0.994646 2.607820 1.000000
-0.343727 -1.036205 2.446922 0.000000
-0.114004 -1.030963 2.446285 0.019231
-0.206415 0.523488 2.360727 1.000000
-0.366246 0.235911 2.470825 1.000000
-0.007375 0.238639 2.499187 1.000000
-0.179516 0.275740 2.389003 0.000000
-0.193792 0.114625 2.585145 0.000000
-0.388175 -0.112528 2.465347 1.000000
0.036751 -0.101467 2.517727 1.000000
-0.190716 -0.095679 2.610861 0.000000
-0.437003 -0.029201 2.496696 1.000000
0.073830 -0.017435 2.560764 1.000000
-0.443350 -0.304121 2.399032 1.000000
0.136228 -0.301996 2.543687 1.000000
-0.446514 -0.368771 2.375991 0.000000
0.127632 -0.369997 2.548406 0.627404
-0.316845 -0.610196 2.510952 1.000000
-0.087819 -0.609334 2.523683 1.000000
-0.367188 -0.990492 2.609219 1.000000
-0.138990 -0.992228 2.610803 1.000000
-0.351828 -1.034060 2.448476 0.000000
-0.118507 -1.031652 2.449562 0.033654
-0.191720 0.524752 2.357945 1.000000
-0.360735 0.234430 2.478325 1.000000
-0.001039 0.238665 2.492501 1.000000
-0.177548 0.275036 2.389200 0.000000
-0.183397 0.113876 2.585737 0.000000
-0.384489 -0.109595 2.479535 1.000000
0.043510 -0.107077 2.494980 0.913462
-0.174896 -0.095591 2.607297 0.000000
-0.431028 -0.030755 2.501356 1.000000
0.079577 -0.014802 2.563569 1.000000
-0.446823 -0.310294 2.420225 1.000000
0.139542 -0.295329 2.511773 1.000000
-0.451715 -0.376144 2.401243 0.000000
0.128201 -0.362792 2.505407 0.677885
-0.316831 -0.609591 2.508531 1.000000
-0.086773 -0.612100 2.519302 1.000000
-0.362575 -0.988426 2.614395 1.000000
-0.137264 -0.993354 2.613708 1.000000
-0.363018 -1.033389 2.453303 0.000000
-0.129975 -1.034425 2.451744 0.134615
-0.185916 0.525181 2.362588 1.000000
-0.357917 0.232251 2.478232 1.000000
0.001705 0.237730 2.493776 1.000000
-0.174605 0.275617 2.390680 0.000000
-0.180421 0.110115 2.583576 0.000000
-0.383558 -0.113686 2.462695 1.000000
0.042112 -0.104556 2.509053 1.000000
-0.184000 -0.096112 2.605230 0.000000
-0.429559 -0.032095 2.506786 1.000000
0.078766 -0.022547 2.540081 1.000000
-0.448344 -0.314519 2.436834 1.000000
0.139734 -0.301260 2.479982 1.000000
-0.454256 -0.381013 2.420584 0.000000
0.125089 -0.368386 2.479830 0.560096
-0.316779 -0.611037 2.510947 1.000000
-0.088649 -0.611711 2.516713 1.000000
-0.361865 -0.990703 2.614084 1.000000
-0.126514 -0.994998 2.608765 1.000000
-0.349991 -1.035749 2.453452 0.000000
-0.111407 -1.035304 2.447149 0.230769
-0.180200 0.525536 2.364908 1.000000
-0.359284 0.227805 2.485209 1.000000
0.000343 0.240917 2.495022 1.000000
-0.178476 0.277605 2.395890 0.000000
-0.177392 0.106886 2.584272 0.000000
-0.388109 -0.115491 2.465425 1.000000
0.038980 -0.102308 2.494563 1.000000
-0.183200 -0.093192 2.599452 0.000000
-0.431816 -0.035541 2.519573 1.000000
0.079379 -0.021677 2.519337 1.000000
-0.452740 -0.319421 2.456756 1.000000
0.132709 -0.293143 2.427503 1.000000
-0.452988 -0.372203 2.500738 0.408654
0.120711 -0.360472 2.420918 0.442308
-0.318620 -0.611224 2.516158 1.000000
-0.089566 -0.610174 2.515682 1.000000
-0.354515 -0.988623 2.630603 1.000000
-0.135611 -0.991180 2.613306 1.000000
-0.350052 -1.037530 2.470726 0.033654
-0.126140 -1.033699 2.451829 0.028846
-0.183979 0.517619 2.357017 1.000000
