-0.334344 0.336377 2.697712 1.000000
-0.002627 0.322979 2.694866 1.000000
-0.167470 0.376193 2.595701 0.000000
-0.173333 0.192422 2.777413 0.000000
-0.370729 -0.035160 2.657546 0.403846
0.011221 -0.030712 2.653252 0.846154
-0.178645 -0.021361 2.766038 0.000000
-0.409791 0.052374 2.716580 1.000000
0.052952 0.033856 2.699852 1.000000
-0.403061 -0.246159 2.659379 1.000000
0.038603 -0.269573 2.687066 1.000000
-0.391871 -0.305388 2.676615 0.677885
0.034118 -0.332106 2.686931 0.677885
-0.281888 -0.571174 2.762548 1.000000
-0.089877 -0.576246 2.725717 1.000000
-0.290483 -1.011074 2.804710 1.000000
-0.084994 -1.011498 2.802506 1.000000
-0.291478 -1.025306 2.656018 0.000000
-0.086147 -1.037462 2.655410 0.000000
-0.154209 0.640150 2.587891 1.000000
-0.344053 0.336776 2.693211 1.000000
-0.012334 0.323177 2.694565 1.000000
-0.175996 0.373432 2.591959 0.000000
-0.184065 0.195234 2.779058 0.000000
-0.374632 -0.034409 2.646328 0.432692
0.006732 -0.037541 2.668149 0.673077
-0.190179 -0.024623 2.767731 0.000000
-0.411342 0.052247 2.717972 1.000000
0.046873 0.035860 2.700974 1.000000
-0.414364 -0.247300 2.672657 1.000000
0.024933 -0.265982 2.686797 1.000000
-0.408958 -0.301873 2.703039 0.408654
0.010576 -0.326884 2.690707 0.644231
-0.285198 -0.572346 2.761593 1.000000
-0.092629 -0.581501 2.726053 1.000000
-0.291214 -1.011251 2.813459 1.000000
-0.083662 -1.017508 2.798036 1.000000
-0.282938 -1.028866 2.665357 0.000000
-0.074977 -1.041625 2.650877 0.076923
-0.161877 0.642764 2.590070 1.000000
-0.352939 0.334637 2.699714 1.000000
-0.020978 0.334648 2.704846 1.000000
-0.185398 0.380191 2.601257 0.000000
-0.188229 0.198089 2.784714 0.000000
-0.382386 -0.030639 2.652381 0.432692
-0.000538 -0.032223 2.663038 1.000000
-0.194508 -0.021001 2.768425 0.000000
-0.422320 0.051823 2.719771 1.000000
0.035637 0.048301 2.705318 1.000000
-0.415309 -0.247473 2.685053 1.000000
0.025226 -0.252146 2.683956 1.000000
-0.396876 -0.307289 2.688635 0.576923
0.013339 -0.311334 2.667045 0.576923
-0.288690 -0.569715 2.757304 1.000000
-0.093070 -0.576397 2.724079 1.000000
-0.291591 -1.008211 2.812770 1.000000
-0.085907 -1.011435 2.801891 1.000000
-0.287595 -1.026976 2.664632 0.000000
-0.081071 -1.037644 2.654913 0.000000
-0.167176 0.645681 2.599084 1.000000
-0.367327 0.339507 2.711188 1.000000
-0.035721 0.329090 2.698837 1.000000
-0.203832 0.380336 2.604226 0.000000
-0.202776 0.197396 2.786866 0.000000
-0.389355 -0.035752 2.658174 0.336538
-0.007509 -0.024931 2.658811 1.000000
-0.198882 -0.020963 2.769344 0.000000
-0.426536 0.054900 2.724086 1.000000
0.032682 0.046261 2.700387 1.000000
-0.420106 -0.242888 2.684674 1.000000
0.020005 -0.252186 2.668128 1.000000
-0.411369 -0.302957 2.700351 0.543269
0.009594 -0.310301 2.647040 0.745192
-0.296792 -0.571935 2.754073 1.000000
-0.102705 -0.572884 2.724208 1.000000
-0.289492 -1.011296 2.801745 1.000000
-0.084801 -1.007348 2.803486 1.000000
-0.288939 -1.027400 2.653242 0.000000
-0.083754 -1.034119 2.656533 0.000000
-0.182880 0.647314 2.610565 1.000000
-0.378265 0.343008 2.720154 1.000000
-0.047232 0.332319 2.697195 1.000000
-0.218121 0.385596 2.608893 0.000000
-0.211721 0.199245 2.787941 0.000000
-0.398476 -0.035076 2.672450 0.365385
-0.017662 -0.022140 2.645296 0.913462
-0.200490 -0.019528 2.769490 0.000000
-0.432766 0.056845 2.731048 1.000000
0.024302 0.049743 2.693652 1.000000
-0.428962 -0.241111 2.688560 1.000000
0.020334 -0.250079 2.667422 1.000000
-0.410082 -0.300771 2.684735 0.610577
0.007518 -0.310376 2.655994 0.913462
-0.302692 -0.572304 2.751179 1.000000
-0.110540 -0.570510 2.720014 1.000000
-0.290801 -1.011148 2.802548 1.000000
-0.090831 -1.004289 2.802545 1.000000
-0.301190 -1.028750 2.654578 0.000000
-0.100417 -1.032571 2.656186 0.000000
-0.194015 0.648817 2.608517 1.000000
-0.385975 0.335449 2.729656 1.000000
-0.056040 0.331806 2.692864 1.000000
-0.231747 0.378538 2.610510 0.000000
-0.213259 0.197602 2.794210 0.000000
-0.411009 -0.030840 2.669756 0.259615
-0.029950 -0.030939 2.642956 0.788462
-0.212706 -0.020515 2.766846 0.000000
-0.445926 0.049327 2.736452 1.000000
0.009865 0.047142 2.681497 1.000000
-0.437072 -0.248826 2.689698 1.000000
0.010907 -0.253512 2.653830 1.000000
-0.429328 -0.310051 2.700748 0.543269
0.009385 -0.314462 2.639225 0.947115
-0.308548 -0.572437 2.749479 1.000000
-0.117727 -0.575170 2.717024 1.000000
-0.294349 -1.010844 2.803898 1.000000
-0.083437 -1.009129 2.793626 1.000000
-0.305233 -1.029543 2.656098 0.000000
-0.093502 -1.035807 2.646997 0.000000
-0.212981 0.649717 2.624866 1.000000
-0.399387 0.321741 2.738309 1.000000
-0.071177 0.330688 2.689091 1.000000
-0.251363 0.374467 2.615233 0.000000
-0.219911 0.187527 2.790987 0.000000
-0.424484 -0.037578 2.682260 0.269231
-0.046727 -0.032628 2.625703 0.634615
-0.219328 -0.025127 2.763579 0.000000
-0.455504 0.033485 2.744067 1.000000
-0.003188 0.045848 2.666336 1.000000
-0.451740 -0.266069 2.696825 1.000000
-0.002431 -0.255962 2.636532 1.000000
-0.426567 -0.322099 2.684280 0.543269
-0.006314 -0.316630 2.621207 0.947115
-0.315305 -0.578426 2.748819 1.000000
-0.124591 -0.577676 2.710217 1.000000
-0.295480 -1.016208 2.806425 1.000000
-0.086658 -1.009609 2.796000 1.000000
-0.317614 -1.036465 2.660094 0.057692
-0.107539 -1.040183 2.651286 0.000000
-0.233073 0.648985 2.648600 1.000000
-0.401041 0.309126 2.744972 1.000000
-0.074861 0.327998 2.686031 1.000000
-0.258442 0.364952 2.616958 0.000000
-0.215832 0.181487 2.794018 0.000000
-0.433944 -0.039827 2.682792 0.153846
-0.056818 -0.041808 2.621994 0.721154
-0.227704 -0.030001 2.761694 0.000000
-0.460944 0.022736 2.768092 1.000000
-0.019223 0.041232 2.657534 1.000000
-0.458991 -0.272528 2.699875 1.000000
-0.009657 -0.260098 2.626767 1.000000
-0.429890 -0.328009 2.697530 0.459135
-0.019120 -0.320257 2.611875 0.745192
-0.320110 -0.583407 2.745018 1.000000
-0.132127 -0.585129 2.702794 1.000000
-0.298034 -1.020490 2.806945 1.000000
-0.087235 -1.016614 2.787469 1.000000
-0.322063 -1.042361 2.661147 0.000000
-0.109937 -1.047315 2.643056 0.000000
-0.251844 0.643735 2.652217 1.000000
-0.415667 0.318835 2.756148 1.000000
-0.091215 0.328972 2.686490 1.000000
-0.275962 0.370154 2.623153 0.000000
-0.232247 0.186826 2.800087 0.000000
-0.444035 -0.041280 2.692524 0.125000
-0.070507 -0.037657 2.612599 0.701923
-0.234114 -0.032042 2.761119 0.000000
-0.465720 0.031416 2.786976 1.000000
-0.029059 0.044209 2.653148 1.000000
-0.472963 -0.259606 2.703254 1.000000
-0.019264 -0.255522 2.610476 1.000000
-0.446159 -0.316225 2.700747 0.475962
-0.036540 -0.314732 2.599238 0.610577
-0.325310 -0.583958 2.742211 1.000000
-0.138972 -0.583570 2.686179 1.000000
-0.295874 -1.020957 2.801622 1.000000
-0.091770 -1.011597 2.785821 1.000000
-0.327104 -1.042698 2.657175 0.000000
-0.120318 -1.047820 2.643744 0.000000
-0.271337 0.650863 2.676515 1.000000
-0.426215 0.294307 2.780937 1.000000
-0.109390 0.329987 2.688346 1.000000
-0.300746 0.360745 2.640643 0.000000
-0.231601 0.173735 2.805179 0.000000
-0.455196 -0.049605 2.711706 0.000000
-0.088300 -0.035606 2.606278 0.826923
-0.241077 -0.041180 2.765919 0.000000
-0.475793 0.005471 2.796618 0.969231
-0.044771 0.047268 2.643351 1.000000
-0.475242 -0.285841 2.713179 1.000000
-0.045561 -0.248504 2.577447 1.000000
-0.476241 -0.346287 2.696573 0.000000
-0.070720 -0.303937 2.592436 0.846154
-0.328789 -0.591022 2.734117 1.000000
-0.142899 -0.585564 2.625686 1.000000
-0.290987 -1.027176 2.794985 1.000000
-0.096322 -1.007263 2.749638 1.000000
-0.331586 -1.050490 2.653136 0.019231
-0.126661 -1.051584 2.610254 0.000000
-0.296037 0.638127 2.688422 1.000000
-0.438985 0.297582 2.786719 1.000000
-0.119538 0.335482 2.704614 1.000000
-0.309429 0.364795 2.650570 0.000000
-0.244409 0.178457 2.817532 0.000000
-0.463417 -0.053189 2.710167 0.000000
-0.091032 -0.029381 2.628396 0.759615
-0.253088 -0.046177 2.777770 0.000000
-0.485665 0.009350 2.804113 0.938462
-0.057259 0.055454 2.647478 1.000000
-0.483291 -0.283987 2.732256 1.000000
-0.052061 -0.237182 2.572958 1.000000
-0.479520 -0.346529 2.730061 0.223558
-0.043072 -0.296192 2.553788 0.560096
-0.336441 -0.592178 2.727980 1.000000
-0.157418 -0.568563 2.534359 1.000000
-0.298207 -1.027940 2.791336 1.000000
-0.103027 -0.980770 2.684329 1.000000
-0.329475 -1.051638 2.647206 0.000000
-0.117379 -1.033273 2.545223 0.000000
-0.328364 0.638867 2.689023 1.000000
-0.453196 0.315177 2.805854 1.000000
-0.135602 0.340350 2.712448 1.000000
-0.325823 0.379262 2.666183 0.000000
-0.263257 0.186826 2.827054 0.000000
-0.468352 -0.050663 2.725775 0.038462
-0.098086 -0.012882 2.639754 0.759615
-0.257230 -0.041113 2.790530 0.000000
-0.486437 0.025475 2.801280 1.000000
-0.057727 0.061046 2.681184 1.000000
-0.496109 -0.271260 2.750970 1.000000
-0.048872 -0.225589 2.589323 1.000000
-0.500679 -0.333576 2.745844 0.189904
-0.029200 -0.284943 2.584793 0.610577
-0.337843 -0.586348 2.720578 1.000000
-0.154502 -0.511923 2.437167 1.000000
-0.294678 -1.020982 2.788356 1.000000
-0.114740 -0.940050 2.539587 1.000000
-0.327666 -1.046623 2.644943 0.000000
-0.119613 -0.975214 2.394492 0.096154
-0.325549 0.648104 2.691048 1.000000
-0.464546 0.323948 2.805928 1.000000
-0.140770 0.339211 2.734094 1.000000
-0.326343 0.381239 2.673805 0.000000
-0.279770 0.191862 2.843490 0.000000
-0.471799 -0.051337 2.743631 0.000000
-0.101463 -0.003407 2.663141 0.509615
-0.261092 -0.045411 2.810150 0.000000
-0.506113 0.035464 2.800398 1.000000
-0.061202 0.058907 2.725164 1.000000
-0.494073 -0.256927 2.729957 1.000000
-0.014384 -0.231925 2.663319 1.000000
-0.484482 -0.318802 2.733123 0.576923
-0.025054 -0.290332 2.643188 0.425481
-0.328655 -0.582972 2.718426 1.000000
-0.146723 -0.390497 2.321444 1.000000
-0.302215 -1.014943 2.808234 1.000000
-0.115702 -0.809367 2.183785 1.000000
-0.330758 -1.046461 2.665039 0.000000
-0.122609 -0.763241 2.041878 0.009615
-0.327124 0.648836 2.690995 1.000000
-0.471347 0.333843 2.809723 1.000000
-0.146094 0.336535 2.743181 1.000000
-0.329029 0.384241 2.679168 0.000000
-0.292056 0.195841 2.852269 0.000000
-0.478041 -0.044172 2.746070 0.000000
-0.106318 0.003640 2.672175 0.490385
-0.268306 -0.041042 2.815774 0.000000
-0.513793 0.044943 2.796325 1.000000
-0.065905 0.055443 2.741960 1.000000
-0.508855 -0.245855 2.715662 1.000000
-0.003438 -0.238876 2.718124 1.000000
-0.509606 -0.308443 2.712113 0.459135
0.001923 -0.300597 2.708520 0.526442
-0.322891 -0.574944 2.709472 1.000000
-0.145751 -0.331069 2.292648 1.000000
-0.309409 -1.008422 2.794787 1.000000
-0.112754 -0.645985 1.984260 1.000000
-0.333503 -1.037611 2.650287 0.000000
-0.132521 -0.543454 1.877444 0.230769
-0.319312 0.643592 2.667141 1.000000
-0.470160 0.328508 2.817760 1.000000
-0.146599 0.333147 2.743527 1.000000
-0.331041 0.382167 2.685075 0.000000
-0.289828 0.189726 2.852687 0.000000
-0.475806 -0.050546 2.756060 0.375000
-0.107150 0.007998 2.674887 0.432692
-0.264781 -0.042596 2.821345 0.000000
-0.525048 0.041440 2.786775 1.000000
-0.062523 0.051814 2.756343 1.000000
-0.519568 -0.242997 2.681143 1.000000
-0.001804 -0.244965 2.774437 1.000000
-0.534068 -0.303073 2.670604 0.492788
-0.000020 -0.300013 2.744486 0.526442
-0.318968 -0.577594 2.707141 1.000000
-0.143360 -0.314575 2.288089 0.976923
-0.293118 -1.009248 2.798632 1.000000
-0.104940 -0.502407 1.889834 1.000000
-0.319986 -1.041254 2.655222 0.000000
-0.141240 -0.372737 1.825174 0.000000
-0.313667 0.639756 2.678651 0.918269
-0.461544 0.320005 2.803254 1.000000
-0.135013 0.333057 2.744676 1.000000
-0.317813 0.373649 2.675573 0.000000
-0.278773 0.188786 2.852001 0.000000
-0.469201 -0.049808 2.751724 0.951923
-0.097397 0.008100 2.685901 0.346154
-0.260464 -0.047455 2.824392 0.000000
-0.522749 0.033825 2.762191 1.000000
-0.056245 0.049406 2.770543 1.000000
-0.537873 -0.250485 2.652444 1.000000
-0.006199 -0.249028 2.809753 1.000000
-0.526822 -0.293517 2.608210 0.290865
0.009464 -0.309154 2.818125 0.375000
-0.322611 -0.576704 2.700491 1.000000
-0.138521 -0.284844 2.276015 0.973077
-0.294127 -1.007484 2.795261 1.000000
-0.136898 -0.400698 1.849471 1.000000
-0.316846 -1.040636 2.651395 0.000000
-0.168434 -0.259825 1.811089 0.000000
-0.302159 0.638630 2.669463 0.923077
-0.456252 0.318660 2.802420 1.000000
-0.129765 0.327519 2.742824 1.000000
-0.312243 0.370449 2.674287 0.000000
-0.275029 0.185109 2.850610 0.000000
-0.461133 -0.045699 2.754062 0.942308
-0.087385 -0.004523 2.686678 0.365385
-0.252139 -0.053723 2.825576 0.000000
-0.522675 0.031549 2.773704 1.000000
-0.051598 0.044175 2.778552 1.000000
-0.537968 -0.244816 2.643878 1.000000
0.004865 -0.254718 2.809230 1.000000
-0.513638 -0.296055 2.617173 0.257212
0.002093 -0.317350 2.809414 0.408654
-0.318641 -0.577666 2.715676 1.000000
-0.148874 -0.265187 2.263733 0.919231
-0.297890 -1.010527 2.802655 1.000000
-0.121493 -0.508151 1.895517 1.000000
-0.321161 -1.040666 2.658214 0.000000
-0.139036 -0.384938 1.812912 0.000000
-0.296292 0.629889 2.656673 1.000000
-0.444427 0.322634 2.800769 1.000000
-0.117241 0.329525 2.744860 1.000000
-0.298653 0.373880 2.674426 0.000000
-0.264638 0.187734 2.850546 0.000000
-0.462535 -0.045617 2.754573 0.750000
-0.087104 -0.009656 2.693884 0.394231
-0.255132 -0.053705 2.830572 0.000000
-0.518223 0.036385 2.781242 1.000000
-0.044901 0.043524 2.771995 1.000000
-0.523627 -0.246295 2.664487 1.000000
0.010344 -0.256604 2.792958 1.000000
-0.543280 -0.305313 2.656672 0.290865
0.009359 -0.319063 2.787623 0.375000
-0.318922 -0.579686 2.726372 1.000000
-0.155465 -0.295963 2.281357 1.000000
-0.298362 -1.012299 2.814622 0.928606
-0.119351 -0.653432 2.023915 1.000000
-0.319038 -1.042811 2.669866 0.057692
-0.127313 -0.566791 1.902495 0.216346
-0.292539 0.634506 2.661975 1.000000
-0.434161 0.318590 2.803505 1.000000
-0.108773 0.333740 2.739340 1.000000
-0.292801 0.376846 2.675199 0.000000
-0.250613 0.185660 2.844000 0.000000
-0.454840 -0.054872 2.755120 0.163462
-0.082962 -0.004204 2.683958 0.528846
-0.245578 -0.050930 2.826191 0.000000
-0.498342 0.030248 2.789223 1.000000
-0.039133 0.046657 2.753406 1.000000
-0.498055 -0.263536 2.705925 1.000000
0.003896 -0.254695 2.729263 1.000000
-0.503213 -0.326016 2.706273 0.274038
0.009639 -0.316686 2.736659 0.475962
-0.322676 -0.584836 2.741677 1.000000
-0.155549 -0.398460 2.338467 1.000000
-0.289549 -1.020030 2.811483 1.000000
-0.111014 -0.836242 2.296902 1.000000
-0.316206 -1.045284 2.666691 0.019231
-0.119299 -0.822980 2.148348 0.000000
-0.291643 0.636319 2.667385 1.000000
-0.420148 0.314945 2.777001 1.000000
-0.091754 0.341033 2.735763 1.000000
-0.272091 0.373393 2.656579 0.000000
-0.235032 0.191861 2.836852 0.000000
-0.441825 -0.050272 2.742674 0.000000
-0.066891 -0.005209 2.685076 0.471154
-0.235613 -0.045366 2.822107 0.000000
-0.475026 0.025557 2.798938 1.000000
-0.027124 0.052867 2.731145 1.000000
-0.475953 -0.273616 2.739773 1.000000
-0.000817 -0.249334 2.699711 1.000000
-0.447366 -0.329340 2.742614 0.526442
-0.004121 -0.305763 2.672594 0.459135
-0.320911 -0.582507 2.742290 1.000000
-0.147608 -0.472047 2.413429 1.000000
-0.291565 -1.019645 2.800714 1.000000
-0.096977 -0.904668 2.488523 1.000000
-0.313624 -1.040670 2.654480 0.000000
-0.106279 -0.931221 2.341822 0.000000
-0.278548 0.647591 2.678306 1.000000
-0.395093 0.315341 2.761230 1.000000
-0.066970 0.341252 2.717784 1.000000
-0.247807 0.373130 2.639550 0.000000
-0.209579 0.192631 2.820615 0.000000
-0.423022 -0.045408 2.727819 0.067308
-0.046962 -0.012100 2.669564 0.538462
-0.217062 -0.040204 2.807887 0.000000
-0.448201 0.029457 2.804547 1.000000
-0.009543 0.054222 2.690544 1.000000
-0.454845 -0.273737 2.791519 1.000000
-0.000786 -0.243133 2.630178 1.000000
-0.482556 -0.329401 2.783510 0.055288
-0.006751 -0.304503 2.618837 0.778846
-0.304372 -0.581404 2.742978 1.000000
-0.116850 -0.549431 2.546538 1.000000
-0.295305 -1.019260 2.802677 1.000000
-0.077736 -0.963971 2.694830 1.000000
-0.316936 -1.039667 2.656292 0.000000
-0.085646 -1.014875 2.554619 0.000000
-0.252932 0.653776 2.683311 1.000000
-0.372817 0.314820 2.756278 1.000000
-0.045644 0.339919 2.705759 1.000000
-0.228060 0.374916 2.632695 0.000000
-0.186763 0.189492 2.808018 0.000000
-0.407172 -0.036639 2.714129 0.057692
-0.031434 -0.030885 2.645490 0.682692
-0.199309 -0.033887 2.789246 0.000000
-0.427029 0.031376 2.804289 1.000000
0.004786 0.055003 2.662581 1.000000
-0.443875 -0.269997 2.815850 0.980769
0.004352 -0.239087 2.593633 1.000000
-0.449216 -0.332420 2.818154 0.000000
-0.008553 -0.296863 2.572995 1.000000
-0.294409 -0.581049 2.744589 1.000000
-0.089065 -0.578377 2.663361 1.000000
-0.295113 -1.019342 2.801712 1.000000
-0.069497 -1.001486 2.789691 1.000000
-0.321549 -1.038301 2.655923 0.000000
-0.084881 -1.044648 2.647518 0.000000
-0.242339 0.652244 2.696661 1.000000
-0.352045 0.314083 2.745634 1.000000
-0.023474 0.344521 2.709048 1.000000
-0.203305 0.380378 2.630221 0.000000
-0.166667 0.188820 2.799894 0.000000
-0.395718 -0.025842 2.687897 0.134615
-0.016932 -0.044207 2.641990 0.701923
-0.192616 -0.027603 2.775094 0.000000
-0.401274 0.027922 2.792568 0.923077
0.021611 0.058955 2.654886 1.000000
-0.428162 -0.271736 2.833992 0.817308
0.009991 -0.230970 2.565206 1.000000
-0.432648 -0.333719 2.842269 0.000000
0.002571 -0.292080 2.553331 0.778846
-0.285626 -0.575411 2.746053 1.000000
-0.075308 -0.575265 2.748037 1.000000
-0.294325 -1.013640 2.803007 1.000000
-0.051216 -1.012373 2.809028 1.000000
-0.311119 -1.032441 2.655775 0.000000
-0.070451 -1.033883 2.662467 0.000000
-0.223802 0.654561 2.685170 1.000000
-0.327713 0.322586 2.721772 1.000000
0.003397 0.346028 2.715418 1.000000
-0.167588 0.384218 2.619791 0.000000
-0.150804 0.194542 2.794625 0.000000
-0.370524 -0.020979 2.668968 0.298077
0.010939 -0.038682 2.659114 0.567308
-0.176499 -0.020554 2.774853 0.000000
-0.390479 0.038916 2.759810 1.000000
0.045473 0.061583 2.659067 1.000000
-0.414372 -0.257517 2.815382 1.000000
0.030435 -0.209015 2.524597 1.000000
-0.421367 -0.318513 2.828071 0.000000
0.023028 -0.262524 2.492778 0.711538
-0.269389 -0.568774 2.748011 1.000000
-0.070854 -0.568434 2.773554 1.000000
-0.290358 -1.006948 2.802114 1.000000
-0.049698 -1.006450 2.828856 1.000000
-0.294041 -1.025074 2.653888 0.000000
-0.055833 -1.025437 2.680819 0.000000
-0.193964 0.658708 2.677516 1.000000
-0.313989 0.324697 2.709074 1.000000
0.017341 0.340955 2.722509 1.000000
-0.146511 0.379089 2.615098 0.000000
-0.144910 0.195812 2.797396 0.000000
-0.353359 -0.022619 2.656143 0.346154
0.027973 -0.039596 2.671033 0.596154
-0.166665 -0.023073 2.774475 0.000000
-0.381022 0.040858 2.748012 1.000000
0.062538 0.054560 2.672414 1.000000
-0.408728 -0.260179 2.778136 1.000000
0.040412 -0.208619 2.522262 1.000000
-0.417638 -0.309315 2.816040 0.173077
0.026308 -0.259729 2.488805 0.812500
-0.263679 -0.567138 2.756504 1.000000
-0.059356 -0.571556 2.770155 1.000000
-0.287192 -1.005663 2.806570 1.000000
-0.054489 -1.009734 2.827956 1.000000
-0.282051 -1.022869 2.658278 0.000000
-0.050111 -1.029213 2.679921 0.000000
-0.147778 0.652722 2.678901 0.942308
-0.306147 0.331787 2.710873 1.000000
0.025018 0.342877 2.731622 1.000000
-0.136052 0.387389 2.622471 0.000000
-0.140655 0.197257 2.797555 0.000000
-0.337217 -0.023370 2.653774 0.432692
0.043721 -0.039635 2.677127 0.490385
-0.153123 -0.021937 2.776103 0.000000
-0.375762 0.045309 2.725114 1.000000
0.076075 0.055429 2.688199 1.000000
-0.393380 -0.258613 2.710952 1.000000
0.055441 -0.213480 2.546280 1.000000
-0.405451 -0.320078 2.708341 0.442308
0.042620 -0.261396 2.507936 0.711538
-0.261510 -0.566497 2.759070 1.000000
-0.059542 -0.574893 2.763858 1.000000
-0.291225 -1.005144 2.804560 1.000000
-0.050667 -1.011587 2.831558 1.000000
-0.282545 -1.021108 2.656294 0.000000
-0.042968 -1.034288 2.684119 0.000000
-0.147097 0.655963 2.660241 1.000000
-0.291211 0.334794 2.704636 1.000000
0.039422 0.326628 2.733607 1.000000
-0.115987 0.377980 2.619371 0.000000
-0.136265 0.192797 2.798596 0.000000
-0.331450 -0.026059 2.647994 0.538462
0.048327 -0.040343 2.686586 0.798077
-0.152252 -0.020308 2.777270 0.000000
-0.372303 0.049968 2.694223 1.000000
0.089092 0.035629 2.707869 1.000000
-0.374622 -0.244332 2.610571 1.000000
0.070513 -0.256585 2.619090 1.000000
-0.389487 -0.303338 2.625666 0.459135
0.074744 -0.308447 2.584120 0.593750
-0.257230 -0.568959 2.756958 1.000000
-0.055619 -0.577560 2.762567 1.000000
-0.293733 -1.006644 2.806590 1.000000
-0.056146 -1.014408 2.829854 1.000000
-0.279014 -1.024604 2.659031 0.000000
-0.042015 -1.037063 2.682885 0.000000
-0.119180 0.649192 2.647431 1.000000
-0.287873 0.341340 2.699440 1.000000
0.041346 0.321875 2.737649 1.000000
-0.108977 0.375131 2.617627 0.000000
-0.140927 0.196896 2.802119 0.000000
-0.326863 -0.031872 2.647498 0.682692
0.052732 -0.031149 2.690287 0.615385
-0.149467 -0.018565 2.778687 0.000000
-0.365792 0.056388 2.677814 1.000000
0.090264 0.030646 2.714648 1.000000
-0.360423 -0.223322 2.554239 1.000000
0.082341 -0.272648 2.676079 1.000000
-0.341352 -0.279483 2.574552 0.358173
0.101040 -0.332487 2.675680 0.576923
-0.257444 -0.569245 2.759737 1.000000
-0.054085 -0.574631 2.756029 1.000000
-0.292555 -1.006934 2.810333 1.000000
-0.053789 -1.010773 2.827749 1.000000
-0.275084 -1.025351 2.663131 0.000000
-0.037085 -1.034848 2.681277 0.000000
-0.118110 0.647474 2.643916 1.000000
