-0.424480 0.279274 2.641375 1.000000
-0.079577 0.286650 2.637785 1.000000
-0.254520 0.325101 2.486820 0.000000
-0.248426 0.158213 2.729414 0.000000
-0.426548 -0.065796 2.571591 1.000000
-0.059836 -0.055591 2.588723 0.605769
-0.248476 -0.063492 2.694937 0.000000
-0.503533 0.007778 2.633530 1.000000
-0.013438 0.011673 2.631903 1.000000
-0.495346 -0.280783 2.556828 1.000000
-0.001933 -0.280518 2.570999 1.000000
-0.503450 -0.339539 2.584582 0.324519
-0.024432 -0.340105 2.586213 0.324519
-0.327092 -0.554043 2.715219 1.000000
-0.138918 -0.556725 2.697101 1.000000
-0.196882 -0.916303 2.847337 1.000000
-0.117635 -0.934708 2.846495 0.922356
-0.207837 -0.973726 2.700685 0.038462
-0.108744 -0.992213 2.699734 0.461538
-0.261251 0.540524 2.519284 1.000000
-0.425198 0.279864 2.638829 1.000000
-0.080284 0.285101 2.633186 1.000000
-0.255856 0.322397 2.482662 0.000000
-0.249368 0.159041 2.727639 0.000000
-0.428654 -0.066692 2.582796 0.913462
-0.061516 -0.059516 2.576952 0.557692
-0.243209 -0.065522 2.694769 0.000000
-0.501918 0.009921 2.633362 1.000000
-0.014621 0.012203 2.633375 1.000000
-0.494505 -0.273364 2.546566 1.000000
-0.004711 -0.276200 2.565813 1.000000
-0.505437 -0.337926 2.545858 0.223558
-0.029958 -0.333978 2.583493 0.442308
-0.322464 -0.556662 2.717614 1.000000
-0.136049 -0.556994 2.701005 1.000000
-0.229205 -0.948636 2.775078 1.000000
-0.125288 -0.952796 2.795174 1.000000
-0.241856 -0.974405 2.619835 0.000000
-0.126988 -0.989380 2.641606 0.000000
-0.268926 0.542985 2.520637 1.000000
-0.431193 0.269701 2.651962 1.000000
-0.087003 0.286384 2.635231 1.000000
-0.268873 0.329831 2.494131 0.000000
-0.248839 0.147916 2.724883 0.000000
-0.432589 -0.069996 2.585233 1.000000
-0.065642 -0.061997 2.572507 0.711538
-0.245122 -0.066442 2.693735 0.000000
-0.507631 -0.000788 2.638363 1.000000
-0.016809 0.013917 2.630038 1.000000
-0.490088 -0.282219 2.544648 1.000000
-0.005308 -0.274823 2.560826 1.000000
-0.494435 -0.341911 2.571223 0.425481
-0.028931 -0.335891 2.561765 0.341346
-0.326003 -0.560108 2.718206 1.000000
-0.137318 -0.558285 2.703881 1.000000
-0.243717 -0.954600 2.775208 0.994231
-0.125511 -0.953473 2.800480 1.000000
-0.256920 -0.979793 2.619916 0.000000
-0.129938 -0.991070 2.647211 0.000000
-0.270630 0.535654 2.526370 1.000000
-0.434633 0.266290 2.654565 1.000000
-0.091675 0.291138 2.626498 1.000000
-0.278814 0.324338 2.489566 0.000000
-0.246959 0.152179 2.726393 0.000000
-0.432739 -0.066836 2.585511 0.817308
-0.065739 -0.062435 2.572580 0.634615
-0.245178 -0.065740 2.693904 0.000000
-0.504302 -0.006350 2.639936 1.000000
-0.017446 0.019309 2.626840 1.000000
-0.487107 -0.289675 2.550731 1.000000
-0.010682 -0.269317 2.554903 1.000000
-0.486378 -0.345064 2.585656 0.391827
-0.022566 -0.328643 2.579951 0.324519
-0.327778 -0.559109 2.714464 1.000000
-0.140405 -0.558267 2.702344 1.000000
-0.267307 -0.958155 2.766902 0.794231
-0.129470 -0.953618 2.798378 1.000000
-0.277771 -0.980237 2.610930 0.000000
-0.134425 -0.990995 2.645071 0.000000
-0.283599 0.540421 2.529760 1.000000
-0.436430 0.260226 2.655591 1.000000
-0.093295 0.282238 2.627326 1.000000
-0.280412 0.321784 2.492059 0.000000
-0.249829 0.141872 2.723224 0.000000
-0.436556 -0.074444 2.596884 0.490385
-0.070811 -0.067946 2.564274 0.605769
-0.243454 -0.072514 2.695051 0.000000
-0.506313 -0.012710 2.641746 1.000000
-0.018857 0.010164 2.625188 1.000000
-0.498298 -0.298982 2.559898 1.000000
-0.017318 -0.279545 2.556045 1.000000
-0.490831 -0.363829 2.565117 0.257212
-0.038877 -0.339036 2.572908 0.375000
-0.327093 -0.567844 2.714388 1.000000
-0.140860 -0.562562 2.704364 1.000000
-0.271635 -0.968057 2.763361 0.928606
-0.131649 -0.957115 2.803803 1.000000
-0.289147 -0.989503 2.607933 0.000000
-0.144315 -0.995851 2.651278 0.000000
-0.293507 0.529773 2.528193 1.000000
-0.446664 0.265068 2.667442 1.000000
-0.105902 0.297356 2.624270 1.000000
-0.299754 0.329578 2.496768 0.000000
-0.253734 0.153305 2.728179 0.000000
-0.444958 -0.069636 2.604923 0.682692
-0.080678 -0.063047 2.558741 0.711538
-0.248318 -0.069057 2.695817 0.000000
-0.513696 -0.008462 2.654703 1.000000
-0.028064 0.026600 2.613956 1.000000
-0.514006 -0.295912 2.577373 1.000000
-0.022198 -0.264516 2.552111 1.000000
-0.507727 -0.356729 2.600827 0.341346
-0.039495 -0.327666 2.553165 0.610577
-0.338344 -0.566937 2.703764 1.000000
-0.151926 -0.558447 2.699559 1.000000
-0.312466 -0.969705 2.756235 0.903606
-0.133563 -0.953705 2.794846 1.000000
-0.332547 -0.991203 2.601125 0.000000
-0.152157 -0.991263 2.642635 0.000000
-0.312197 0.539288 2.532498 1.000000
-0.453769 0.256393 2.669325 1.000000
-0.114098 0.300749 2.628323 1.000000
-0.308217 0.326790 2.499818 0.000000
-0.257410 0.151142 2.730701 0.000000
-0.449665 -0.068252 2.604115 0.961538
-0.085179 -0.062431 2.559482 0.653846
-0.253398 -0.069270 2.695808 0.000000
-0.522466 -0.017300 2.667859 1.000000
-0.033952 0.031505 2.601618 1.000000
-0.527622 -0.309599 2.610274 1.000000
-0.027079 -0.262493 2.553671 1.000000
-0.512749 -0.372977 2.617356 0.290865
-0.045809 -0.323935 2.540927 0.492788
-0.344017 -0.566306 2.700613 1.000000
-0.154584 -0.560091 2.690195 1.000000
-0.332438 -0.969799 2.752623 0.856731
-0.145144 -0.954026 2.792039 1.000000
-0.351127 -0.990368 2.597214 0.000000
-0.162821 -0.993690 2.640254 0.000000
-0.319992 0.544801 2.549705 1.000000
-0.460710 0.246276 2.694212 1.000000
-0.127308 0.302418 2.625536 1.000000
-0.332398 0.324525 2.514527 0.000000
-0.256677 0.146342 2.736467 0.000000
-0.451210 -0.067618 2.620056 0.875000
-0.091889 -0.061321 2.544397 0.759615
-0.247792 -0.072056 2.694424 0.000000
-0.527340 -0.028074 2.689798 1.000000
-0.039403 0.036161 2.592267 1.000000
-0.540867 -0.318143 2.622218 1.000000
-0.039482 -0.258968 2.549972 1.000000
-0.538712 -0.383414 2.617387 0.240385
-0.059176 -0.315093 2.577365 0.560096
-0.346820 -0.568033 2.695001 1.000000
-0.156796 -0.562848 2.665836 1.000000
-0.335478 -0.967850 2.770262 1.000000
-0.138218 -0.953731 2.777692 1.000000
-0.366838 -0.997332 2.618367 0.000000
-0.168362 -0.997689 2.629086 0.000000
-0.340842 0.539591 2.564371 1.000000
-0.469602 0.234554 2.702566 1.000000
-0.141812 0.299328 2.616643 1.000000
-0.352037 0.307782 2.513649 0.000000
-0.260202 0.144711 2.741058 0.000000
-0.457363 -0.079618 2.632660 0.836538
-0.102215 -0.060262 2.541170 0.951923
-0.250691 -0.080775 2.697577 0.000000
-0.539329 -0.038800 2.713450 1.000000
-0.049472 0.035048 2.580143 1.000000
-0.558266 -0.328127 2.644212 1.000000
-0.042621 -0.256522 2.518480 1.000000
-0.544704 -0.384254 2.675102 0.307692
-0.074045 -0.313019 2.528914 0.442308
-0.354108 -0.577768 2.693077 1.000000
-0.157708 -0.575096 2.600435 1.000000
-0.301666 -0.975153 2.763657 1.000000
-0.137549 -0.961547 2.726511 1.000000
-0.341438 -1.006944 2.614218 0.000000
-0.168631 -1.011017 2.579844 0.000000
-0.354188 0.540404 2.583667 1.000000
-0.468702 0.222563 2.709369 1.000000
-0.142575 0.297039 2.624995 1.000000
-0.352868 0.302041 2.521914 0.000000
-0.257144 0.137329 2.746520 0.000000
-0.453814 -0.084438 2.636398 1.000000
-0.099244 -0.053985 2.545690 0.798077
-0.247122 -0.083323 2.701255 0.000000
-0.548399 -0.047719 2.722635 1.000000
-0.048093 0.035242 2.579003 1.000000
-0.575378 -0.338922 2.666082 1.000000
-0.041423 -0.249871 2.493031 1.000000
-0.552194 -0.394462 2.640274 0.290865
-0.074840 -0.303752 2.509412 0.391827
-0.338561 -0.579858 2.690201 1.000000
-0.161242 -0.573412 2.549819 1.000000
-0.298752 -0.978902 2.759672 0.866106
-0.141624 -0.976730 2.600772 1.000000
-0.335562 -1.008790 2.609085 0.000000
-0.177352 -0.997714 2.448431 0.115385
-0.369798 0.531355 2.596216 1.000000
-0.475949 0.222542 2.721834 1.000000
-0.150867 0.298648 2.634915 1.000000
-0.362240 0.304414 2.534108 0.000000
-0.263850 0.137314 2.755778 0.000000
-0.453556 -0.084466 2.649610 1.000000
-0.101197 -0.040752 2.555758 0.817308
-0.246068 -0.080764 2.711773 0.000000
-0.558618 -0.046965 2.722368 1.000000
-0.051259 0.039405 2.586545 1.000000
-0.575680 -0.336051 2.653521 1.000000
-0.036534 -0.242531 2.492221 1.000000
-0.559863 -0.391641 2.622734 0.290865
-0.051867 -0.304436 2.477360 0.189904
-0.330555 -0.577724 2.686435 1.000000
-0.171705 -0.556356 2.493270 1.000000
-0.320579 -0.978898 2.754311 0.762981
-0.164334 -0.940044 2.357711 1.000000
-0.357337 -1.005399 2.603079 0.000000
-0.211915 -0.890711 2.215490 0.000000
-0.368546 0.527995 2.591765 1.000000
-0.481088 0.221170 2.726567 1.000000
-0.155570 0.312263 2.657536 1.000000
-0.361036 0.307978 2.545112 0.000000
-0.267468 0.146010 2.772603 0.000000
-0.457633 -0.076129 2.658460 0.528846
-0.100788 -0.031400 2.584050 0.557692
-0.253563 -0.075553 2.731154 0.000000
-0.563683 -0.046554 2.712767 1.000000
-0.050669 0.054437 2.622747 1.000000
-0.589984 -0.330058 2.631122 1.000000
-0.009331 -0.222807 2.527043 1.000000
-0.609000 -0.391925 2.641078 0.240385
-0.038973 -0.281058 2.522982 0.459135
-0.327603 -0.571981 2.675005 1.000000
-0.174600 -0.466120 2.339743 1.000000
-0.321750 -0.963633 2.785557 0.575481
-0.175380 -0.717726 2.019835 1.000000
-0.348258 -1.006278 2.635880 0.000000
-0.213422 -0.597244 1.925170 0.490385
-0.376033 0.516682 2.572445 1.000000
-0.483887 0.218435 2.730342 1.000000
-0.158493 0.313100 2.665672 1.000000
-0.362472 0.307004 2.550654 0.000000
-0.270092 0.145365 2.778864 0.000000
-0.463446 -0.068542 2.656612 0.798077
-0.103748 -0.043422 2.586886 0.644231
-0.260610 -0.079342 2.731913 0.000000
-0.567526 -0.047654 2.703110 1.000000
-0.045941 0.057803 2.639284 1.000000
-0.594331 -0.324882 2.603144 1.000000
0.011917 -0.221306 2.559801 1.000000
-0.606640 -0.387229 2.618942 0.223558
-0.022794 -0.276463 2.553391 0.526442
-0.313589 -0.568239 2.674115 1.000000
-0.185196 -0.368549 2.248617 1.000000
-0.321973 -0.959666 2.785301 0.000000
-0.171980 -0.538472 1.879025 1.000000
-0.342454 -1.002033 2.634603 0.000000
-0.197985 -0.397345 1.813210 0.629808
-0.371661 0.507458 2.562767 1.000000
-0.498398 0.243486 2.741224 1.000000
-0.169714 0.310940 2.660963 1.000000
-0.377570 0.312984 2.552957 0.000000
-0.288606 0.158184 2.787185 0.000000
-0.466244 -0.057790 2.672040 1.000000
-0.109282 -0.036885 2.588271 0.865385
-0.260758 -0.070647 2.739415 0.000000
-0.559352 -0.024645 2.694703 1.000000
-0.045902 0.061432 2.647194 1.000000
-0.587331 -0.298916 2.591242 1.000000
0.022166 -0.221316 2.601011 1.000000
-0.581859 -0.355675 2.559043 0.274038
0.012945 -0.284836 2.613986 0.442308
-0.410668 -0.560525 2.611156 0.169231
-0.194241 -0.287206 2.218266 1.000000
-0.329724 -0.926239 2.770368 0.100481
-0.164813 -0.426538 1.836995 1.000000
-0.383310 -0.995327 2.638915 0.000000
-0.186429 -0.280196 1.781847 1.000000
-0.372140 0.514429 2.554062 1.000000
-0.502711 0.247688 2.737221 1.000000
-0.171762 0.289349 2.649116 1.000000
-0.379647 0.284183 2.541269 0.004808
-0.296452 0.161472 2.795751 0.000000
-0.469883 -0.068601 2.690484 1.000000
-0.122919 -0.026114 2.577850 0.932692
-0.259806 -0.059019 2.742495 0.000000
-0.560568 -0.021096 2.689770 1.000000
-0.038496 0.044486 2.660353 1.000000
-0.567811 -0.288411 2.566157 1.000000
0.028197 -0.241195 2.633372 1.000000
-0.571224 -0.351301 2.548229 0.391827
0.016959 -0.304013 2.648064 0.475962
-0.440606 -0.558450 2.609649 0.026923
-0.198026 -0.250398 2.213694 0.915385
-0.333326 -0.918671 2.765788 0.125481
-0.185385 -0.328114 1.814384 1.000000
-0.409150 -0.992132 2.648405 0.000000
-0.217563 -0.176594 1.783876 1.000000
-0.361273 0.498778 2.528489 1.000000
-0.501642 0.252172 2.732305 1.000000
-0.168878 0.285882 2.647704 1.000000
-0.375426 0.282173 2.537258 0.000000
-0.297778 0.163499 2.795382 0.000000
-0.471133 -0.087016 2.684383 1.000000
-0.124298 -0.014386 2.587915 0.903846
-0.264550 -0.063981 2.745391 0.000000
-0.555502 -0.020075 2.700642 1.000000
-0.044546 0.036268 2.663696 1.000000
-0.570526 -0.286193 2.574374 1.000000
0.027058 -0.249439 2.648449 1.000000
-0.554860 -0.334821 2.533409 0.391827
-0.001328 -0.296337 2.684268 0.526442
-0.436072 -0.568439 2.622688 0.080769
-0.194856 -0.266656 2.222180 1.000000
-0.313014 -0.929260 2.765212 0.194231
-0.176441 -0.377162 1.830904 1.000000
-0.392342 -1.001950 2.649679 0.000000
-0.220454 -0.231809 1.787781 1.000000
-0.356370 0.491484 2.516097 1.000000
-0.502007 0.246292 2.729696 1.000000
-0.169098 0.285568 2.648128 1.000000
-0.374747 0.280711 2.536063 0.033654
-0.297464 0.159420 2.793078 0.000000
-0.471670 -0.082055 2.686909 0.894231
-0.122805 -0.032576 2.583368 1.000000
-0.262802 -0.072999 2.743667 0.000000
-0.559450 -0.025434 2.709811 1.000000
-0.043621 0.037775 2.667721 1.000000
-0.569622 -0.298939 2.602426 1.000000
0.017916 -0.249302 2.652225 1.000000
-0.577088 -0.351475 2.564054 0.105769
0.007214 -0.312929 2.663420 0.509615
-0.315741 -0.576673 2.675956 1.000000
-0.185496 -0.325867 2.238327 1.000000
-0.309105 -0.970839 2.777136 0.000000
-0.162007 -0.493136 1.868034 1.000000
-0.343849 -1.009678 2.628109 0.000000
-0.201692 -0.354839 1.803045 0.716346
-0.358467 0.489634 2.516429 1.000000
-0.491751 0.232805 2.743522 1.000000
-0.164792 0.292082 2.650740 1.000000
-0.375316 0.288612 2.548068 0.009615
-0.281410 0.149052 2.789823 0.000000
-0.468413 -0.078894 2.686743 0.826923
-0.117906 -0.034926 2.586306 0.913462
-0.259884 -0.073879 2.745221 0.000000
-0.565320 -0.035624 2.731203 1.000000
-0.050361 0.038361 2.662966 1.000000
-0.569848 -0.317677 2.647750 1.000000
0.004091 -0.250089 2.643719 1.000000
-0.542291 -0.374387 2.665433 0.341346
0.005848 -0.315106 2.651328 0.240385
-0.279016 -0.567183 2.702106 1.000000
-0.170308 -0.459690 2.342488 1.000000
-0.304846 -0.967448 2.771163 0.966106
-0.154441 -0.768685 2.078066 1.000000
-0.332344 -0.992154 2.617677 0.129808
-0.199850 -0.671728 1.962041 0.000000
-0.355470 0.488497 2.531437 1.000000
-0.501564 0.253540 2.737525 1.000000
-0.171572 0.300794 2.648657 1.000000
-0.381453 0.312682 2.545302 0.000000
-0.295887 0.157317 2.780421 0.000000
-0.469535 -0.082470 2.686501 0.730769
-0.121394 -0.028337 2.582851 1.000000
-0.261089 -0.067831 2.743645 0.000000
-0.560877 -0.018652 2.741625 1.000000
-0.052879 0.048874 2.657135 1.000000
-0.585151 -0.308460 2.697275 1.000000
-0.002376 -0.239897 2.632538 1.000000
-0.545697 -0.360710 2.696016 0.375000
-0.031301 -0.298331 2.638628 0.509615
-0.350118 -0.575845 2.704078 1.000000
-0.169128 -0.508015 2.420667 1.000000
-0.278772 -0.970472 2.773559 0.897356
-0.143185 -0.896343 2.301604 1.000000
-0.323580 -1.004542 2.626060 0.000000
-0.188629 -0.854806 2.156228 0.091346
-0.361947 0.511087 2.538671 1.000000
-0.485468 0.235335 2.737763 1.000000
-0.159966 0.302905 2.645526 1.000000
-0.372040 0.308146 2.546174 0.000000
-0.274447 0.148127 2.773352 0.000000
-0.464395 -0.086635 2.676418 0.778846
-0.113918 -0.026691 2.584501 0.778846
-0.257863 -0.071603 2.740039 0.000000
-0.566056 -0.031780 2.751212 1.000000
-0.052367 0.045135 2.647247 1.000000
-0.582569 -0.325115 2.725230 1.000000
-0.007656 -0.243140 2.603754 1.000000
-0.542163 -0.367609 2.696077 0.324519
-0.032194 -0.302417 2.616885 0.526442
-0.333962 -0.576377 2.705471 1.000000
-0.160531 -0.541056 2.505318 1.000000
-0.288854 -0.976205 2.766720 0.922356
-0.137264 -0.947382 2.507851 1.000000
-0.325045 -1.003456 2.615485 0.000000
-0.174463 -0.950468 2.354452 0.019231
-0.353118 0.510289 2.549315 1.000000
-0.478330 0.246502 2.723376 1.000000
-0.149752 0.306848 2.637236 1.000000
-0.360130 0.320338 2.535093 0.000000
-0.270381 0.152558 2.759895 0.000000
-0.459399 -0.078399 2.667126 0.865385
-0.105608 -0.044045 2.574781 0.942308
-0.252627 -0.071971 2.731416 0.000000
-0.553090 -0.020873 2.754679 1.000000
-0.045664 0.047683 2.629720 1.000000
-0.582762 -0.314362 2.758214 1.000000
-0.007980 -0.231970 2.543678 1.000000
-0.566027 -0.377079 2.766861 0.206731
-0.030629 -0.293372 2.545914 0.341346
-0.334469 -0.573609 2.716923 1.000000
-0.151492 -0.562192 2.633511 1.000000
-0.288094 -0.975746 2.759151 1.000000
-0.122338 -0.961222 2.708166 1.000000
-0.326352 -0.996100 2.607340 0.000000
-0.158126 -0.992022 2.557517 0.000000
-0.353538 0.524718 2.551112 1.000000
-0.475013 0.248572 2.718626 1.000000
-0.145968 0.316378 2.640158 1.000000
-0.355176 0.333603 2.536191 0.000000
-0.266664 0.154580 2.752655 0.000000
-0.458003 -0.072040 2.662427 0.807692
-0.101957 -0.048271 2.575583 0.951923
-0.252390 -0.066415 2.730404 0.000000
-0.542707 -0.022681 2.735857 1.000000
-0.044165 0.056603 2.615452 1.000000
-0.577802 -0.316206 2.745126 1.000000
-0.008021 -0.222865 2.525641 1.000000
-0.572554 -0.378652 2.764132 0.122596
-0.036607 -0.278518 2.544976 0.526442
-0.332714 -0.569742 2.720975 1.000000
-0.149031 -0.553749 2.697974 1.000000
-0.267668 -0.966700 2.782952 1.000000
-0.121819 -0.952659 2.773989 1.000000
-0.304691 -0.996280 2.632357 0.000000
-0.156247 -0.983763 2.623086 0.000000
-0.345662 0.531914 2.553741 1.000000
-0.472072 0.250469 2.716644 1.000000
-0.142921 0.320999 2.641078 1.000000
-0.351251 0.335789 2.534995 0.000000
-0.263199 0.158590 2.753141 0.000000
-0.453889 -0.067628 2.662752 0.538462
-0.096724 -0.051381 2.578819 0.990385
-0.248928 -0.061568 2.732634 0.000000
-0.536176 -0.022264 2.727594 1.000000
-0.039006 0.061913 2.614839 1.000000
-0.560934 -0.317273 2.725697 1.000000
-0.003530 -0.211961 2.508155 1.000000
-0.572188 -0.381667 2.721825 0.105769
-0.028426 -0.269221 2.488414 0.576923
-0.335541 -0.566492 2.731275 1.000000
-0.147505 -0.549121 2.726042 1.000000
-0.269661 -0.964479 2.785258 1.000000
-0.121058 -0.948134 2.801791 1.000000
-0.307103 -0.991163 2.634226 0.000000
-0.154797 -0.979054 2.650694 0.000000
-0.341647 0.534884 2.551922 1.000000
-0.455675 0.245544 2.697093 1.000000
-0.121842 0.316111 2.646094 1.000000
-0.321051 0.326406 2.523278 0.000000
-0.249994 0.156188 2.752881 0.000000
-0.443699 -0.067402 2.651768 0.750000
-0.080906 -0.054208 2.596246 0.855769
-0.244860 -0.062386 2.737601 0.000000
-0.523158 -0.027012 2.702649 1.000000
-0.024588 0.053744 2.622069 1.000000
-0.535265 -0.317994 2.646800 1.000000
0.002668 -0.213795 2.497103 1.000000
-0.525326 -0.358673 2.697146 0.341346
-0.030014 -0.270331 2.492228 0.728365
-0.329229 -0.565406 2.737433 1.000000
-0.147011 -0.554341 2.729224 1.000000
-0.260282 -0.960103 2.808910 1.000000
-0.109041 -0.955423 2.787018 1.000000
-0.286159 -0.992221 2.656518 0.019231
-0.132505 -0.979864 2.632821 0.000000
-0.323905 0.535000 2.551116 1.000000
-0.455202 0.265841 2.701343 1.000000
-0.117186 0.317326 2.655307 1.000000
-0.314197 0.344096 2.531438 0.000000
-0.255954 0.162089 2.755541 0.000000
-0.441528 -0.064327 2.646984 0.721154
-0.078196 -0.049005 2.595697 0.903846
-0.243701 -0.059071 2.735109 0.000000
-0.512307 -0.007972 2.678139 1.000000
-0.019208 0.055509 2.630299 1.000000
-0.510498 -0.298094 2.617709 1.000000
0.010737 -0.218831 2.522285 1.000000
-0.516664 -0.363046 2.612097 0.274038
-0.013244 -0.275791 2.500637 0.543269
-0.327326 -0.561010 2.736446 1.000000
-0.141912 -0.549928 2.725576 1.000000
-0.270010 -0.962939 2.765023 1.000000
-0.128951 -0.948613 2.806390 1.000000
-0.294920 -0.977527 2.609810 0.000000
-0.148789 -0.980347 2.653015 0.000000
-0.315821 0.543183 2.554007 1.000000
-0.445705 0.262314 2.702074 1.000000
-0.106450 0.302369 2.653836 1.000000
-0.303162 0.334474 2.530761 0.000000
-0.249642 0.152599 2.756145 0.000000
-0.434037 -0.066444 2.645224 0.980769
-0.070771 -0.056183 2.592230 0.701923
-0.235744 -0.063929 2.732419 0.000000
-0.500998 -0.008835 2.653623 1.000000
-0.014540 0.037218 2.640639 1.000000
-0.488619 -0.287990 2.554043 1.000000
0.016444 -0.240126 2.540056 1.000000
-0.475351 -0.341986 2.519451 0.223558
-0.007645 -0.290893 2.573682 0.576923
-0.324588 -0.564052 2.736657 1.000000
-0.137395 -0.555873 2.722639 1.000000
-0.279220 -0.967619 2.763564 1.000000
-0.142426 -0.952695 2.812948 1.000000
-0.304391 -0.980803 2.608267 0.000000
-0.162589 -0.987198 2.660214 0.000000
-0.302430 0.535303 2.555073 1.000000
-0.434243 0.266007 2.684272 1.000000
-0.092277 0.302805 2.657242 1.000000
-0.280279 0.332305 2.520645 0.000000
-0.242938 0.156895 2.754264 0.000000
-0.429236 -0.066452 2.627423 1.000000
-0.063257 -0.057675 2.598121 1.000000
-0.237023 -0.064269 2.727316 0.000000
-0.498324 -0.005285 2.646671 1.000000
-0.008563 0.034508 2.645931 1.000000
-0.464462 -0.267871 2.512080 1.000000
0.025206 -0.253143 2.580135 1.000000
-0.455753 -0.321346 2.475300 0.307692
0.000986 -0.312678 2.592675 0.543269
-0.318007 -0.561928 2.735683 1.000000
-0.133508 -0.557970 2.719294 1.000000
-0.274309 -0.965936 2.758419 0.903606
-0.136633 -0.954737 2.809933 1.000000
-0.289840 -0.976437 2.601661 0.000000
-0.147275 -0.989737 2.656355 0.000000
-0.294757 0.544112 2.558920 1.000000
-0.430101 0.265307 2.697827 1.000000
-0.089035 0.298596 2.657940 1.000000
-0.282132 0.337236 2.531078 0.000000
-0.237782 0.150307 2.754306 0.000000
-0.424013 -0.062896 2.632197 1.000000
-0.059498 -0.058456 2.587647 0.788462
-0.227774 -0.064497 2.723940 0.000000
-0.488640 -0.004003 2.639628 1.000000
-0.006022 0.029460 2.653903 1.000000
-0.454172 -0.265391 2.501974 1.000000
0.022852 -0.263793 2.613535 1.000000
-0.454849 -0.328565 2.484745 0.189904
-0.010476 -0.320081 2.616539 0.677885
-0.316101 -0.560761 2.730983 1.000000
-0.132773 -0.556440 2.716827 1.000000
-0.256180 -0.959946 2.783034 1.000000
-0.143301 -0.946243 2.833409 1.000000
-0.278833 -0.983487 2.628576 0.000000
-0.159844 -0.990821 2.682865 0.076923
-0.287003 0.532133 2.551890 1.000000
-0.419623 0.260665 2.682390 1.000000
-0.076405 0.288791 2.661520 1.000000
-0.261240 0.325031 2.522248 0.000000
-0.232444 0.145636 2.754043 0.000000
-0.418060 -0.068801 2.618298 1.000000
-0.051494 -0.062412 2.596744 0.692308
-0.227997 -0.067613 2.722239 0.000000
-0.486584 -0.009714 2.638418 1.000000
0.000164 0.017450 2.655705 1.000000
-0.454541 -0.275794 2.508665 1.000000
0.019894 -0.278143 2.625761 1.000000
-0.442972 -0.334056 2.481097 0.173077
-0.024214 -0.324926 2.638173 0.677885
-0.313113 -0.564010 2.732534 1.000000
-0.127181 -0.562551 2.715221 1.000000
-0.228141 -0.951536 2.823375 1.000000
-0.129885 -0.947381 2.847687 1.000000
-0.243571 -0.990594 2.671188 0.096154
-0.136415 -0.998681 2.698522 0.288462
-0.277075 0.534261 2.560502 1.000000
-0.416816 0.270246 2.681950 1.000000
-0.072716 0.291447 2.668874 1.000000
-0.253794 0.335881 2.527063 0.000000
-0.233665 0.149048 2.753843 0.000000
-0.414012 -0.064099 2.614636 1.000000
-0.047193 -0.058746 2.597583 0.692308
-0.225222 -0.064483 2.720879 0.000000
-0.478708 -0.003140 2.647885 1.000000
0.001263 0.019007 2.662997 1.000000
-0.465839 -0.285917 2.554261 1.000000
0.016680 -0.277338 2.634089 1.000000
-0.461666 -0.338860 2.515949 0.240385
-0.031768 -0.320639 2.642214 0.728365
-0.310704 -0.560469 2.726383 1.000000
-0.124886 -0.558159 2.716221 1.000000
-0.255878 -0.961216 2.771603 0.925481
-0.128999 -0.953837 2.811461 1.000000
-0.267100 -0.980388 2.615299 0.000000
-0.135034 -0.990697 2.658068 0.000000
-0.270165 0.536324 2.557061 1.000000
-0.412631 0.263636 2.672866 1.000000
-0.068922 0.293411 2.674472 1.000000
-0.244698 0.331836 2.524472 0.000000
-0.229831 0.147834 2.753956 0.000000
-0.409874 -0.062929 2.604419 1.000000
-0.042623 -0.061528 2.604685 0.644231
-0.226325 -0.064029 2.719474 0.000000
-0.480077 -0.009390 2.648767 1.000000
0.004768 0.021146 2.663773 1.000000
-0.475732 -0.299376 2.580074 1.000000
0.010835 -0.274699 2.628158 1.000000
-0.453115 -0.342497 2.536286 0.122596
-0.031645 -0.323067 2.640168 0.644231
-0.311004 -0.559103 2.726410 1.000000
-0.122738 -0.560375 2.717582 1.000000
-0.242253 -0.954524 2.793970 1.000000
-0.137438 -0.948604 2.838869 1.000000
-0.247950 -0.982057 2.638619 0.038462
-0.135409 -0.995748 2.688211 0.153846
-0.267406 0.532694 2.552996 1.000000
