-0.361520 0.318254 2.746589 1.000000
-0.030684 0.337285 2.726369 1.000000
-0.204991 0.377484 2.637827 0.000000
-0.183425 0.188069 2.812419 0.000000
-0.385321 -0.038304 2.697978 0.375000
-0.004574 -0.031319 2.667858 0.625000
-0.186463 -0.022137 2.793116 0.000000
-0.422873 0.034515 2.747022 1.000000
0.036000 0.055509 2.705683 1.000000
-0.412368 -0.261989 2.704371 1.000000
0.027751 -0.239364 2.652528 1.000000
-0.400305 -0.323500 2.705534 0.459135
0.029200 -0.301997 2.654867 0.879808
-0.291213 -0.578065 2.772874 1.000000
-0.080391 -0.576882 2.743717 1.000000
-0.301407 -1.016850 2.825101 1.000000
-0.082542 -1.012878 2.816293 1.000000
-0.312545 -1.034200 2.677155 0.000000
-0.092177 -1.037308 2.669245 0.000000
-0.205215 0.641644 2.638782 1.000000
-0.365370 0.320079 2.742939 1.000000
-0.034270 0.340581 2.729657 1.000000
-0.206817 0.378990 2.636971 0.000000
-0.188108 0.191478 2.813930 0.000000
-0.386294 -0.033873 2.693807 0.336538
-0.004790 -0.034644 2.674372 0.730769
-0.189887 -0.023563 2.794677 0.000000
-0.423399 0.035375 2.750620 1.000000
0.037307 0.059637 2.708904 1.000000
-0.415501 -0.260700 2.702186 1.000000
0.023503 -0.234390 2.650372 1.000000
-0.395641 -0.319016 2.713822 0.543269
0.021778 -0.296470 2.658950 1.000000
-0.292960 -0.575825 2.772975 1.000000
-0.085748 -0.578295 2.745363 1.000000
-0.299582 -1.014925 2.823084 1.000000
-0.077940 -1.015160 2.812087 1.000000
-0.307086 -1.031729 2.674847 0.000000
-0.084650 -1.037807 2.664591 0.000000
-0.215989 0.643453 2.639389 1.000000
-0.367059 0.321199 2.743680 1.000000
-0.035819 0.338928 2.729911 1.000000
-0.208184 0.379056 2.637614 0.000000
-0.190781 0.190903 2.814026 0.000000
-0.390406 -0.029620 2.693505 0.307692
-0.008682 -0.032522 2.679272 0.682692
-0.195348 -0.022891 2.797256 0.000000
-0.428065 0.036563 2.755612 1.000000
0.030512 0.056724 2.700884 1.000000
-0.417463 -0.259754 2.704841 1.000000
0.023334 -0.238785 2.645050 1.000000
-0.399578 -0.319751 2.708151 0.509615
0.014439 -0.300523 2.638745 0.947115
-0.294018 -0.573124 2.768751 1.000000
-0.083455 -0.575113 2.746773 1.000000
-0.299661 -1.012675 2.814875 1.000000
-0.080016 -1.011325 2.817982 1.000000
-0.305273 -1.028182 2.666413 0.000000
-0.084027 -1.035413 2.670617 0.000000
-0.221940 0.644189 2.650555 1.000000
-0.377125 0.317831 2.763080 1.000000
-0.048852 0.340912 2.719173 1.000000
-0.229547 0.379607 2.643736 0.000000
-0.193270 0.189348 2.814941 0.000000
-0.396283 -0.033089 2.716193 0.250000
-0.017871 -0.031409 2.663988 0.644231
-0.191943 -0.024572 2.800037 0.000000
-0.435832 0.031748 2.751957 1.000000
0.026356 0.059140 2.700151 1.000000
-0.414840 -0.265895 2.706918 1.000000
0.013484 -0.237472 2.646145 1.000000
-0.416004 -0.319794 2.738919 0.307692
0.004296 -0.299488 2.646121 1.000000
-0.298562 -0.577317 2.765267 1.000000
-0.090693 -0.575127 2.745325 1.000000
-0.302159 -1.016098 2.818390 1.000000
-0.078525 -1.011747 2.812989 1.000000
-0.322480 -1.033721 2.671456 0.000000
-0.097828 -1.034956 2.666696 0.000000
-0.223184 0.640096 2.638541 1.000000
-0.386648 0.319250 2.753450 1.000000
-0.057153 0.341407 2.719301 1.000000
-0.235355 0.376560 2.636554 0.000000
-0.204404 0.193442 2.816374 0.000000
-0.402107 -0.034393 2.710158 0.336538
-0.022642 -0.029378 2.666512 0.644231
-0.199811 -0.023338 2.798540 0.000000
-0.441090 0.031912 2.758715 1.000000
0.018570 0.059659 2.698346 1.000000
-0.418527 -0.264765 2.706893 1.000000
0.013268 -0.237507 2.644718 1.000000
-0.410086 -0.325325 2.720740 0.459135
0.002537 -0.298803 2.637102 1.000000
-0.300587 -0.577489 2.763715 1.000000
-0.094913 -0.574717 2.740393 1.000000
-0.301630 -1.016778 2.812583 1.000000
-0.075915 -1.010134 2.813977 1.000000
-0.318418 -1.033150 2.665060 0.038462
-0.091485 -1.035550 2.667605 0.000000
-0.235822 0.642881 2.645834 1.000000
-0.396316 0.325959 2.755557 1.000000
-0.066201 0.340084 2.723170 1.000000
-0.243042 0.381499 2.640399 0.000000
-0.217725 0.194211 2.816774 0.000000
-0.412263 -0.032195 2.722452 0.259615
-0.034834 -0.028598 2.663644 0.615385
-0.206517 -0.023578 2.802773 0.000000
-0.448852 0.039314 2.770301 1.000000
0.005304 0.058460 2.696371 1.000000
-0.428834 -0.254215 2.705397 1.000000
0.007882 -0.239223 2.649992 1.000000
-0.421164 -0.316212 2.710699 0.442308
-0.003646 -0.298224 2.632205 0.778846
-0.302364 -0.577232 2.760078 1.000000
-0.099148 -0.573395 2.736018 1.000000
-0.303155 -1.015641 2.816298 1.000000
-0.081203 -1.008469 2.811864 1.000000
-0.325938 -1.034378 2.669864 0.038462
-0.101954 -1.034704 2.666282 0.000000
-0.249558 0.643044 2.644800 1.000000
-0.420124 0.333908 2.763454 1.000000
-0.091404 0.348815 2.719351 1.000000
-0.271185 0.389261 2.642658 0.000000
-0.239075 0.203017 2.819032 0.000000
-0.428695 -0.032079 2.721300 0.230769
-0.050081 -0.026181 2.670890 0.625000
-0.224839 -0.022253 2.806173 0.000000
-0.461834 0.045628 2.766775 1.000000
-0.013725 0.068658 2.701077 1.000000
-0.444516 -0.249215 2.709906 1.000000
-0.008764 -0.227921 2.651247 1.000000
-0.442061 -0.311858 2.709317 0.593750
-0.019903 -0.289446 2.646658 1.000000
-0.309947 -0.577515 2.750250 1.000000
-0.104661 -0.571736 2.727731 1.000000
-0.303982 -1.014799 2.814363 1.000000
-0.081532 -1.006952 2.801324 1.000000
-0.323344 -1.036545 2.667854 0.038462
-0.097890 -1.032552 2.655071 0.000000
-0.271841 0.649348 2.639445 1.000000
-0.434281 0.331378 2.751073 1.000000
-0.104076 0.344905 2.719361 1.000000
-0.280687 0.381870 2.634033 0.000000
-0.255590 0.203171 2.819134 0.000000
-0.442774 -0.030162 2.729892 0.240385
-0.064105 -0.027064 2.679654 0.663462
-0.238853 -0.024383 2.814980 0.000000
-0.482652 0.044696 2.756536 1.000000
-0.028401 0.064504 2.705082 1.000000
-0.456379 -0.251568 2.715503 1.000000
-0.024665 -0.229941 2.646477 1.000000
-0.450337 -0.313946 2.713779 0.644231
-0.047635 -0.287825 2.639242 1.000000
-0.312431 -0.577229 2.743561 1.000000
-0.101478 -0.570161 2.717760 1.000000
-0.305879 -1.014712 2.806250 1.000000
-0.080869 -1.006320 2.786348 1.000000
-0.322496 -1.036013 2.659338 0.000000
-0.094404 -1.030054 2.639493 0.000000
-0.294994 0.645847 2.641058 1.000000
-0.460482 0.326520 2.744339 1.000000
-0.130065 0.347496 2.719677 1.000000
-0.305580 0.379760 2.630279 0.000000
-0.280406 0.202970 2.817194 0.000000
-0.459687 -0.037432 2.738006 0.250000
-0.081201 -0.020889 2.689028 0.605769
-0.256354 -0.025037 2.823792 0.000000
-0.505146 0.039556 2.746238 1.000000
-0.047891 0.068966 2.715847 1.000000
-0.475837 -0.257532 2.717907 1.000000
-0.039883 -0.220236 2.636970 1.000000
-0.467897 -0.319390 2.724313 0.677885
-0.051010 -0.281919 2.635596 1.000000
-0.312412 -0.580170 2.740430 1.000000
-0.091738 -0.563663 2.702255 1.000000
-0.304782 -1.017341 2.805134 1.000000
-0.071936 -0.998403 2.779540 1.000000
-0.318847 -1.039355 2.658061 0.019231
-0.077508 -1.024775 2.632617 0.000000
-0.313231 0.638553 2.621171 1.000000
-0.501414 0.307992 2.719455 1.000000
-0.172510 0.352689 2.726407 1.000000
-0.339740 0.367041 2.618393 0.000000
-0.321538 0.202249 2.816731 0.000000
-0.478001 -0.045844 2.731490 0.365385
-0.098280 -0.005289 2.721926 0.576923
-0.286094 -0.018548 2.837715 0.000000
-0.524502 0.017103 2.727439 1.000000
-0.069536 0.079654 2.734248 1.000000
-0.481059 -0.281071 2.720211 1.000000
-0.051393 -0.202996 2.631161 1.000000
-0.468075 -0.341732 2.729277 0.879808
-0.040579 -0.264668 2.634342 1.000000
-0.307397 -0.579421 2.743801 1.000000
-0.037585 -0.531166 2.681160 1.000000
-0.304517 -1.017423 2.803045 1.000000
-0.021480 -0.968025 2.746416 1.000000
-0.303975 -1.037442 2.655019 0.000000
0.010257 -0.988444 2.601887 0.000000
-0.365425 0.625385 2.585243 1.000000
-0.516334 0.305377 2.704000 1.000000
-0.190691 0.363219 2.732891 1.000000
-0.350411 0.369331 2.613346 0.000000
-0.339725 0.208303 2.815290 0.000000
-0.465080 -0.043751 2.721114 1.000000
-0.086801 -0.002876 2.755149 0.317308
-0.286989 -0.012821 2.848331 0.000000
-0.523333 0.013967 2.714689 1.000000
-0.077854 0.094882 2.751487 1.000000
-0.493619 -0.285725 2.711519 1.000000
-0.069920 -0.174693 2.617417 1.000000
-0.482875 -0.347105 2.704624 0.913462
-0.042551 -0.228727 2.633599 0.711538
-0.304953 -0.577783 2.747530 1.000000
0.034066 -0.486402 2.649509 1.000000
-0.303349 -1.015914 2.805866 1.000000
0.021189 -0.917082 2.748064 1.000000
-0.287024 -1.035452 2.658677 0.019231
0.106632 -0.946835 2.629206 0.000000
-0.368275 0.631353 2.583528 1.000000
-0.527350 0.299445 2.692860 1.000000
-0.204123 0.368096 2.725036 1.000000
-0.361747 0.364815 2.602633 0.000000
-0.350030 0.212060 2.810849 0.000000
-0.464110 -0.058678 2.712872 1.000000
-0.092958 0.015954 2.763860 0.278846
-0.296939 -0.003826 2.846670 0.000000
-0.535984 0.007748 2.706431 1.000000
-0.081646 0.105877 2.764865 1.000000
-0.510825 -0.292813 2.702111 1.000000
-0.067580 -0.157927 2.619270 1.000000
-0.481449 -0.342315 2.677271 0.677885
-0.109907 -0.195637 2.592495 0.341346
-0.297977 -0.580081 2.756618 1.000000
0.097212 -0.413691 2.619290 1.000000
-0.301456 -1.018615 2.811746 1.000000
0.067457 -0.828213 2.769788 1.000000
-0.278066 -1.037199 2.665389 0.000000
0.176469 -0.869888 2.676555 0.000000
-0.377578 0.633789 2.579132 1.000000
-0.545831 0.312578 2.677978 1.000000
-0.223361 0.376291 2.724643 1.000000
-0.375339 0.375256 2.595259 0.000000
-0.375382 0.222649 2.803913 0.000000
-0.473439 -0.073435 2.726149 1.000000
-0.120479 0.066121 2.769361 0.298077
-0.318498 0.017677 2.854793 0.000000
-0.548813 0.023661 2.685711 1.000000
-0.089962 0.121821 2.756134 1.000000
-0.519603 -0.273340 2.684008 1.000000
-0.133256 -0.124065 2.592636 1.000000
-0.501719 -0.332787 2.692770 1.000000
-0.120749 -0.165516 2.547295 0.139423
-0.262151 -0.565020 2.754937 1.000000
0.171642 -0.242756 2.597537 1.000000
-0.301600 -1.001178 2.814715 1.000000
0.106810 -0.632002 2.796655 1.000000
-0.271683 -1.023703 2.670111 0.000000
0.230122 -0.685760 2.731716 0.177885
-0.402783 0.640361 2.585798 1.000000
-0.555503 0.309949 2.672601 1.000000
-0.234882 0.379532 2.723440 1.000000
-0.385064 0.375509 2.592033 0.000000
-0.385178 0.223347 2.801012 0.000000
-0.467202 -0.088443 2.725350 1.000000
-0.122331 0.069730 2.769728 0.211538
-0.322053 0.021111 2.850996 0.000000
-0.553383 0.021932 2.674430 1.000000
-0.096049 0.129336 2.756431 1.000000
-0.524503 -0.274036 2.670600 1.000000
-0.155560 -0.116008 2.599234 1.000000
-0.500790 -0.331098 2.681190 1.000000
-0.160106 -0.148330 2.545707 0.173077
-0.243581 -0.566857 2.749222 1.000000
0.201510 -0.147242 2.601242 1.000000
-0.302668 -0.994162 2.845569 1.000000
0.120434 -0.521254 2.822388 1.000000
-0.263593 -1.030995 2.706180 0.115385
0.249334 -0.578374 2.773041 0.245192
-0.415225 0.638035 2.572931 1.000000
-0.566674 0.309963 2.673614 1.000000
-0.244796 0.379866 2.715234 1.000000
-0.398467 0.374836 2.587960 0.000000
-0.392952 0.224343 2.798072 0.000000
-0.479964 -0.087641 2.732483 0.990385
-0.134286 0.071104 2.767562 0.278846
-0.332283 0.023629 2.853588 0.000000
-0.559437 0.022130 2.670619 1.000000
-0.097157 0.137551 2.764175 1.000000
-0.524337 -0.273063 2.666224 1.000000
-0.166144 -0.105716 2.607801 1.000000
-0.505088 -0.330077 2.683815 1.000000
-0.171565 -0.160551 2.577898 0.711538
-0.237583 -0.560675 2.742451 1.000000
0.209441 -0.097606 2.631276 1.000000
-0.310568 -0.981786 2.855158 1.000000
0.227245 -0.488472 2.836873 1.000000
-0.264202 -1.025942 2.720201 0.307692
0.366402 -0.508649 2.786463 0.057692
-0.417819 0.642324 2.575139 1.000000
-0.572431 0.310434 2.662840 1.000000
-0.252282 0.374924 2.722586 1.000000
-0.399119 0.374536 2.587392 0.000000
-0.406625 0.219965 2.794459 0.000000
-0.506512 -0.067391 2.716259 0.865385
-0.154594 0.068905 2.775431 0.115385
-0.361239 0.036185 2.846738 0.000000
-0.566697 0.020479 2.665200 1.000000
-0.114006 0.121702 2.752087 1.000000
-0.519569 -0.275239 2.666944 1.000000
-0.211802 -0.124414 2.612314 1.000000
-0.500788 -0.333083 2.682169 0.980769
-0.176309 -0.164465 2.579654 0.543269
-0.226190 -0.536027 2.743497 1.000000
0.197603 -0.139108 2.722489 1.000000
-0.327213 -0.952758 2.850706 1.000000
0.516076 -0.435688 2.799819 1.000000
-0.248953 -1.001920 2.733356 0.230769
0.602234 -0.369977 2.697000 0.000000
-0.416757 0.640354 2.565930 1.000000
-0.572434 0.306209 2.657358 1.000000
-0.254905 0.376317 2.724322 1.000000
-0.398843 0.374193 2.586062 0.000000
-0.407713 0.217885 2.791767 0.000000
-0.507343 -0.069309 2.706100 0.846154
-0.160254 0.075690 2.772650 0.125000
-0.366795 0.035761 2.840501 0.000000
-0.569326 0.014449 2.671079 1.000000
-0.120289 0.117880 2.744580 1.000000
-0.517663 -0.282630 2.677253 1.000000
-0.211348 -0.129325 2.597743 1.000000
-0.485568 -0.336176 2.671491 0.947115
-0.183769 -0.178172 2.569746 0.543269
-0.234929 -0.538920 2.744879 1.000000
0.188574 -0.189255 2.761923 1.000000
-0.316528 -0.966859 2.819541 1.000000
0.599634 -0.351057 2.747295 1.000000
-0.246247 -1.002404 2.692616 0.000000
0.614292 -0.301159 2.607265 0.000000
-0.419850 0.642003 2.569585 1.000000
-0.576373 0.309466 2.665885 1.000000
-0.253172 0.364208 2.718502 1.000000
-0.403143 0.369386 2.586894 0.000000
-0.410137 0.212969 2.792589 0.000000
-0.525426 -0.066609 2.717306 1.000000
-0.169153 0.061208 2.768845 0.105769
-0.374228 0.031047 2.845601 0.000000
-0.575042 0.017919 2.672372 1.000000
-0.134234 0.098637 2.737720 1.000000
-0.519146 -0.277495 2.688882 1.000000
-0.235403 -0.151822 2.604672 1.000000
-0.490161 -0.332698 2.682328 0.812500
-0.216761 -0.205559 2.631041 0.778846
-0.236593 -0.537064 2.747925 1.000000
0.166322 -0.226734 2.784900 1.000000
-0.321174 -0.962764 2.831529 1.000000
0.594154 -0.337297 2.774955 1.000000
-0.246148 -1.001848 2.708417 0.000000
0.599232 -0.304547 2.629303 0.000000
-0.416961 0.637018 2.571313 1.000000
-0.577820 0.306848 2.674208 1.000000
-0.252667 0.368150 2.701437 1.000000
-0.410883 0.362307 2.579895 0.000000
-0.402454 0.221407 2.796463 0.000000
-0.526454 -0.055035 2.721181 1.000000
-0.159098 0.046496 2.746970 0.250000
-0.359518 0.029738 2.838667 0.000000
-0.578957 0.015425 2.697949 1.000000
-0.121655 0.108120 2.728135 1.000000
-0.528710 -0.282250 2.701075 1.000000
-0.213747 -0.143581 2.589172 1.000000
-0.502884 -0.337267 2.716456 0.812500
-0.217736 -0.204934 2.576913 0.509615
-0.246493 -0.538656 2.740210 1.000000
0.158830 -0.261173 2.772455 1.000000
-0.320527 -0.963914 2.835278 1.000000
0.553020 -0.452531 2.830424 1.000000
-0.257072 -1.003844 2.706080 0.000000
0.578429 -0.444718 2.683434 0.000000
-0.419541 0.637909 2.560004 0.975962
-0.577064 0.311273 2.681062 1.000000
-0.251155 0.373086 2.694727 1.000000
-0.413794 0.364513 2.579341 0.000000
-0.397209 0.228596 2.798606 0.000000
-0.526178 -0.043730 2.737049 1.000000
-0.152119 0.033683 2.733728 0.230769
-0.344213 0.024050 2.842651 0.000000
-0.583819 0.023797 2.715905 1.000000
-0.129461 0.111558 2.721104 1.000000
-0.540626 -0.272148 2.715202 1.000000
-0.202615 -0.144852 2.585636 1.000000
-0.513618 -0.325636 2.696760 0.745192
-0.214497 -0.197675 2.554028 0.509615
-0.254210 -0.540581 2.750051 1.000000
0.143449 -0.304006 2.752914 1.000000
-0.331867 -0.963344 2.853030 1.000000
0.474344 -0.572582 2.870132 1.000000
-0.273958 -1.005881 2.722072 0.307692
0.515929 -0.583773 2.727099 0.000000
-0.418052 0.640094 2.558507 1.000000
-0.568710 0.309489 2.686933 1.000000
-0.243301 0.374926 2.694065 1.000000
-0.408559 0.366682 2.582438 0.000000
-0.385139 0.226672 2.798480 0.000000
-0.521570 -0.044121 2.730111 1.000000
-0.150852 0.047752 2.737336 0.250000
-0.344123 0.025210 2.842196 0.000000
-0.580957 0.022928 2.729230 1.000000
-0.126207 0.110551 2.715305 1.000000
-0.537613 -0.273271 2.727879 1.000000
-0.199267 -0.148875 2.585020 1.000000
-0.536926 -0.329709 2.755168 0.644231
-0.219443 -0.206387 2.570329 0.475962
-0.285303 -0.548037 2.747800 1.000000
0.097046 -0.369276 2.741962 1.000000
-0.303943 -0.985317 2.809468 1.000000
0.357456 -0.695243 2.887895 1.000000
-0.283312 -1.006838 2.663098 0.000000
0.407548 -0.717438 2.748930 0.000000
-0.417181 0.639861 2.563265 1.000000
-0.553560 0.304819 2.709125 1.000000
-0.229373 0.371519 2.683097 1.000000
-0.405035 0.362234 2.588782 0.000000
-0.359308 0.223113 2.801808 0.000000
-0.505818 -0.049155 2.761746 1.000000
-0.137623 0.045088 2.723350 0.509615
-0.313325 0.010091 2.852814 0.000000
-0.571875 0.018405 2.739447 1.000000
-0.106595 0.111077 2.702677 1.000000
-0.540499 -0.277691 2.751195 1.000000
-0.181971 -0.156009 2.594147 1.000000
-0.539966 -0.340258 2.755140 0.425481
-0.207399 -0.202576 2.560750 0.812500
-0.302932 -0.560924 2.752866 1.000000
0.006964 -0.464966 2.740970 1.000000
-0.298060 -0.999519 2.807410 1.000000
0.169734 -0.852395 2.877969 1.000000
-0.306317 -1.018016 2.659415 0.000000
0.188126 -0.894887 2.735951 0.000000
-0.412784 0.632416 2.564537 1.000000
-0.539314 0.307949 2.720929 1.000000
-0.214920 0.367787 2.683351 1.000000
-0.394758 0.367325 2.596765 0.000000
-0.343420 0.217169 2.800832 0.000000
-0.488102 -0.055818 2.767884 1.000000
-0.116108 0.013555 2.715620 0.615385
-0.289571 -0.005862 2.851232 0.000000
-0.560365 0.020901 2.742601 1.000000
-0.094464 0.106218 2.702859 1.000000
-0.543114 -0.274606 2.777171 1.000000
-0.162349 -0.163053 2.594685 1.000000
-0.539291 -0.337008 2.781845 0.307692
-0.172486 -0.216972 2.564344 0.711538
-0.301867 -0.577677 2.754685 1.000000
-0.041399 -0.521257 2.752322 1.000000
-0.305296 -1.015874 2.812444 1.000000
0.058990 -0.942128 2.842622 1.000000
-0.319153 -1.035204 2.664974 0.038462
0.055698 -0.974206 2.696769 0.000000
-0.403965 0.627827 2.566751 1.000000
-0.522853 0.301622 2.721479 1.000000
-0.199542 0.368095 2.685764 1.000000
-0.378364 0.361258 2.597362 0.000000
-0.325792 0.217480 2.805664 0.000000
-0.478886 -0.060129 2.763570 1.000000
-0.105169 0.002893 2.715737 0.384615
-0.281432 -0.008762 2.848601 0.000000
-0.546521 0.013833 2.748076 1.000000
-0.082820 0.103251 2.703767 1.000000
-0.533467 -0.283703 2.778928 1.000000
-0.127630 -0.175919 2.605249 1.000000
-0.522099 -0.342191 2.798432 0.576923
-0.118892 -0.235914 2.589287 0.543269
-0.304392 -0.584619 2.756503 1.000000
-0.086120 -0.547124 2.761965 1.000000
-0.302068 -1.023096 2.812151 1.000000
-0.030366 -0.980638 2.827699 1.000000
-0.316315 -1.041891 2.664650 0.019231
-0.040212 -1.004220 2.680526 0.000000
-0.390682 0.630094 2.576920 1.000000
-0.495113 0.304639 2.733721 1.000000
-0.171241 0.363654 2.690730 1.000000
-0.352569 0.364142 2.607312 0.000000
-0.298135 0.212891 2.809761 0.000000
-0.481432 -0.041031 2.747452 0.730769
-0.103787 -0.006035 2.701805 0.528846
-0.280447 -0.011416 2.834544 0.000000
-0.522716 0.016294 2.742241 1.000000
-0.072668 0.092152 2.714138 1.000000
-0.498663 -0.280235 2.774204 1.000000
-0.064451 -0.196064 2.634178 1.000000
-0.490056 -0.337808 2.750927 0.812500
-0.063514 -0.258742 2.633152 0.913462
-0.312837 -0.575828 2.761485 1.000000
-0.119424 -0.554225 2.763994 1.000000
-0.298937 -1.013497 2.821624 1.000000
-0.113195 -0.993738 2.810393 1.000000
-0.313308 -1.034185 2.674388 0.000000
-0.124350 -1.009533 2.662275 0.000000
-0.355207 0.627889 2.578563 1.000000
-0.467090 0.309819 2.735386 1.000000
-0.140046 0.357337 2.703635 1.000000
-0.318933 0.370190 2.616039 0.000000
-0.276122 0.205680 2.810794 0.000000
-0.466534 -0.039930 2.732479 0.278846
-0.086449 -0.022901 2.698285 0.576923
-0.267089 -0.019887 2.825631 0.000000
-0.508959 0.022208 2.734380 1.000000
-0.057088 0.079085 2.716584 1.000000
-0.482857 -0.276496 2.746803 1.000000
-0.032917 -0.214061 2.657082 1.000000
-0.472489 -0.338232 2.743397 0.661058
-0.023471 -0.275060 2.646109 0.846154
-0.321999 -0.580351 2.775894 1.000000
-0.130544 -0.569569 2.761893 1.000000
-0.303347 -1.018793 2.828664 1.000000
-0.117449 -1.009818 2.798943 1.000000
-0.315522 -1.037094 2.680915 0.000000
-0.128479 -1.022637 2.650528 0.000000
-0.341899 0.623847 2.586452 1.000000
-0.446443 0.311635 2.736854 1.000000
-0.117600 0.350739 2.713250 1.000000
-0.294207 0.371867 2.622684 0.000000
-0.260095 0.199397 2.812199 0.000000
-0.447363 -0.043539 2.719605 0.346154
-0.067042 -0.020355 2.692365 0.538462
-0.250030 -0.019944 2.816351 0.000000
-0.490928 0.024480 2.742880 1.000000
-0.039499 0.070869 2.720086 1.000000
-0.459310 -0.273643 2.729402 1.000000
-0.005488 -0.226037 2.692728 1.000000
-0.444786 -0.334578 2.726859 0.459135
0.010553 -0.286080 2.684482 1.000000
-0.325956 -0.579604 2.790294 1.000000
-0.123146 -0.570909 2.749710 1.000000
-0.300808 -1.019610 2.823854 1.000000
-0.110552 -1.011066 2.788008 1.000000
-0.310845 -1.031515 2.675292 0.000000
-0.119281 -1.024240 2.639471 0.000000
-0.309628 0.631471 2.608677 1.000000
-0.422441 0.315698 2.731781 1.000000
-0.092597 0.349193 2.714313 1.000000
-0.267167 0.374137 2.620815 0.000000
-0.239452 0.199609 2.809487 0.000000
-0.428621 -0.044334 2.697085 0.365385
-0.047724 -0.016127 2.690308 0.586538
-0.236975 -0.019801 2.804448 0.000000
-0.471306 0.029379 2.741590 1.000000
-0.020286 0.067728 2.717675 1.000000
-0.439893 -0.267943 2.715901 1.000000
0.017672 -0.229831 2.709645 1.000000
-0.432713 -0.329053 2.727921 0.509615
0.028610 -0.291306 2.715277 0.812500
-0.314947 -0.577451 2.781550 1.000000
-0.109272 -0.569459 2.733179 1.000000
-0.299520 -1.017010 2.825307 1.000000
-0.109404 -1.007625 2.791273 1.000000
-0.300790 -1.031850 2.676676 0.000000
-0.108494 -1.027258 2.643197 0.000000
-0.272637 0.635912 2.610296 1.000000
-0.415871 0.318044 2.737659 1.000000
-0.085923 0.346830 2.714644 1.000000
-0.261790 0.376425 2.625012 0.000000
-0.233318 0.197540 2.809444 0.000000
-0.425243 -0.048087 2.702228 0.336538
-0.044873 -0.024790 2.675773 0.807692
-0.228055 -0.025328 2.799470 0.000000
-0.465582 0.031559 2.748541 1.000000
-0.016102 0.064385 2.718239 1.000000
-0.450845 -0.266733 2.715902 1.000000
0.016488 -0.234276 2.718985 1.000000
-0.438598 -0.328216 2.715341 0.778846
0.031403 -0.294420 2.728510 0.745192
-0.317391 -0.581562 2.786734 1.000000
-0.114186 -0.576003 2.740516 1.000000
-0.297160 -1.021345 2.826040 1.000000
-0.107322 -1.014015 2.799355 1.000000
-0.306767 -1.035053 2.677605 0.000000
-0.115501 -1.033998 2.651549 0.000000
-0.277996 0.636847 2.610304 1.000000
-0.404461 0.318304 2.751278 1.000000
-0.075252 0.342138 2.715538 1.000000
-0.254060 0.377894 2.634371 0.000000
-0.221416 0.192215 2.811242 0.000000
-0.427299 -0.041152 2.697991 0.288462
-0.046605 -0.027287 2.669629 0.586538
-0.229286 -0.019634 2.793831 0.000000
-0.463716 0.031873 2.751578 1.000000
-0.011069 0.056775 2.717156 1.000000
-0.452251 -0.267673 2.714818 1.000000
0.007807 -0.244635 2.719659 1.000000
-0.450384 -0.330337 2.715182 0.593750
0.012782 -0.306669 2.727247 1.000000
-0.320352 -0.578229 2.779659 1.000000
-0.117893 -0.574857 2.742800 1.000000
-0.297253 -1.017305 2.824856 1.000000
-0.105981 -1.012869 2.800829 1.000000
-0.308345 -1.033136 2.676737 0.000000
-0.115617 -1.032704 2.653090 0.000000
-0.263462 0.638899 2.626994 1.000000
-0.393511 0.326888 2.740631 1.000000
-0.062202 0.337192 2.721874 1.000000
-0.234984 0.378672 2.630966 0.000000
-0.219022 0.194656 2.811822 0.000000
-0.420289 -0.035804 2.690863 0.298077
-0.038740 -0.036171 2.672292 0.875000
-0.224140 -0.021253 2.791715 0.000000
-0.455391 0.040342 2.751061 1.000000
-0.007414 0.049057 2.717047 1.000000
-0.457800 -0.260522 2.716267 1.000000
-0.004606 -0.253372 2.700783 1.000000
-0.470220 -0.321228 2.725811 0.526442
-0.022111 -0.313547 2.699037 0.947115
-0.309371 -0.577771 2.773452 1.000000
-0.109464 -0.579670 2.737139 1.000000
-0.298981 -1.016502 2.826094 1.000000
-0.103973 -1.017537 2.797191 1.000000
-0.306396 -1.034449 2.677986 0.000000
-0.109528 -1.037888 2.649313 0.000000
-0.245393 0.642029 2.624224 1.000000
-0.390506 0.325643 2.745487 1.000000
-0.059700 0.336345 2.719473 1.000000
-0.234481 0.378288 2.632690 0.000000
-0.214395 0.193082 2.811913 0.000000
-0.425011 -0.033753 2.702145 0.317308
-0.044886 -0.039186 2.664742 0.634615
-0.223944 -0.022727 2.793290 0.000000
-0.459863 0.040220 2.742218 1.000000
-0.001373 0.048603 2.709955 1.000000
-0.459863 -0.262093 2.717723 1.000000
-0.013411 -0.252578 2.676224 1.000000
-0.439920 -0.321159 2.711094 0.509615
-0.023235 -0.307111 2.646897 0.846154
-0.309381 -0.578240 2.772877 1.000000
-0.108360 -0.580184 2.737221 1.000000
-0.299004 -1.017532 2.820611 1.000000
-0.099610 -1.017884 2.798102 1.000000
-0.313926 -1.033936 2.672891 0.019231
-0.112536 -1.038639 2.650742 0.000000
-0.241252 0.645803 2.646146 1.000000
