-0.392824 0.324676 2.753414 1.000000
-0.062460 0.334309 2.721943 1.000000
-0.238493 0.377991 2.638618 0.000000
-0.216197 0.190617 2.815309 0.000000
-0.422609 -0.029513 2.697109 0.278846
-0.042372 -0.034774 2.660830 0.596154
-0.221819 -0.019288 2.788956 0.000000
-0.459427 0.038851 2.748706 1.000000
0.005176 0.049120 2.706237 1.000000
-0.445319 -0.261717 2.712513 1.000000
-0.015901 -0.248835 2.654968 1.000000
-0.432994 -0.321761 2.725677 0.576923
-0.021781 -0.311251 2.654636 0.947115
-0.310836 -0.573473 2.771022 1.000000
-0.109744 -0.575823 2.736892 1.000000
-0.302424 -1.012354 2.822752 1.000000
-0.100157 -1.012617 2.803845 1.000000
-0.316925 -1.030031 2.675137 0.000000
-0.112871 -1.035440 2.656773 0.000000
-0.232742 0.645180 2.648889 1.000000
-0.394763 0.325516 2.745670 1.000000
-0.063780 0.336140 2.721986 1.000000
-0.237935 0.377858 2.633849 0.000000
-0.219136 0.193127 2.813700 0.000000
-0.417619 -0.032785 2.686824 0.288462
-0.036070 -0.032470 2.668275 0.730769
-0.221493 -0.019193 2.787853 0.000000
-0.457236 0.039165 2.750531 1.000000
0.005723 0.051973 2.703503 1.000000
-0.434702 -0.258857 2.702791 1.000000
-0.007967 -0.242881 2.636590 1.000000
-0.426132 -0.320760 2.707797 0.543269
-0.000769 -0.301046 2.614329 0.543269
-0.308758 -0.575280 2.764569 1.000000
-0.113067 -0.576382 2.737027 1.000000
-0.299340 -1.013932 2.818048 1.000000
-0.092739 -1.012995 2.802757 1.000000
-0.306691 -1.032143 2.669969 0.019231
-0.099173 -1.035504 2.655227 0.000000
-0.234991 0.649484 2.663693 1.000000
-0.402777 0.324139 2.739991 1.000000
-0.071348 0.336790 2.725201 1.000000
-0.243328 0.377576 2.632476 0.000000
-0.228237 0.192720 2.812549 0.000000
-0.419123 -0.036414 2.683763 0.298077
-0.037179 -0.029858 2.683675 0.634615
-0.228301 -0.022933 2.794498 0.000000
-0.460273 0.036145 2.746560 1.000000
0.001547 0.053132 2.702529 1.000000
-0.437665 -0.262630 2.699477 1.000000
-0.008662 -0.241925 2.633014 1.000000
-0.424057 -0.323821 2.698502 0.543269
-0.002254 -0.301022 2.613091 0.610577
-0.310011 -0.577337 2.764201 1.000000
-0.114460 -0.577251 2.732078 1.000000
-0.299458 -1.015688 2.819889 1.000000
-0.094935 -1.014280 2.795236 1.000000
-0.299321 -1.034510 2.671704 0.000000
-0.093681 -1.035589 2.647394 0.000000
-0.241913 0.649594 2.651955 1.000000
-0.417085 0.330957 2.748511 1.000000
-0.086175 0.342723 2.724348 1.000000
-0.260599 0.382875 2.636015 0.000000
-0.240835 0.199953 2.817604 0.000000
-0.430275 -0.037280 2.697424 0.336538
-0.048850 -0.024330 2.680939 0.682692
-0.235060 -0.022332 2.800015 0.000000
-0.470302 0.042327 2.746532 1.000000
-0.009456 0.060535 2.699311 1.000000
-0.454508 -0.258223 2.711050 1.000000
-0.019172 -0.235053 2.633189 1.000000
-0.439558 -0.318827 2.716889 0.677885
-0.021716 -0.297530 2.628648 0.812500
-0.316926 -0.578437 2.757041 1.000000
-0.118922 -0.573673 2.728227 1.000000
-0.300066 -1.016437 2.813926 1.000000
-0.098562 -1.010893 2.789775 1.000000
-0.306212 -1.035892 2.665950 0.019231
-0.103168 -1.031916 2.641958 0.000000
-0.257440 0.653125 2.650558 1.000000
-0.444091 0.343763 2.745436 1.000000
-0.112782 0.349384 2.724782 1.000000
-0.285505 0.390949 2.633800 0.004808
-0.270918 0.210997 2.818814 0.000000
-0.454427 -0.027096 2.722329 0.336538
-0.073655 -0.016137 2.693748 0.596154
-0.255832 -0.017691 2.818914 0.000000
-0.496703 0.055319 2.750434 1.000000
-0.033961 0.067079 2.715601 1.000000
-0.472194 -0.244605 2.716912 1.000000
-0.049312 -0.222014 2.626900 1.000000
-0.459628 -0.304745 2.704434 0.677885
-0.042597 -0.283098 2.614487 0.745192
-0.317911 -0.571244 2.748583 1.000000
-0.110588 -0.561988 2.698570 1.000000
-0.302026 -1.007878 2.815381 1.000000
-0.092184 -0.996350 2.778288 1.000000
-0.311836 -1.030767 2.668097 0.000000
-0.093607 -1.023371 2.631385 0.000000
-0.287592 0.656114 2.644767 1.000000
-0.472799 0.339487 2.735801 1.000000
-0.141018 0.347009 2.726371 1.000000
-0.310773 0.385241 2.628596 0.009615
-0.301407 0.209681 2.818112 0.000000
-0.470159 -0.028853 2.736010 0.269231
-0.089766 -0.015358 2.703703 0.576923
-0.270703 -0.017899 2.830639 0.000000
-0.515560 0.050196 2.736149 1.000000
-0.050208 0.069032 2.725872 1.000000
-0.483591 -0.249792 2.723620 1.000000
-0.069072 -0.212095 2.617319 1.000000
-0.472185 -0.311343 2.727069 0.846154
-0.075157 -0.274489 2.617960 0.812500
-0.313771 -0.571473 2.752583 1.000000
-0.084030 -0.551240 2.681456 1.000000
-0.301619 -1.009059 2.813694 1.000000
-0.081429 -0.988396 2.746664 1.000000
-0.304909 -1.029804 2.665803 0.000000
-0.071220 -1.010322 2.599260 0.000000
-0.302872 0.647901 2.650229 1.000000
-0.503872 0.319823 2.718199 1.000000
-0.173546 0.348698 2.734771 1.000000
-0.336879 0.372920 2.622635 0.000000
-0.331916 0.203918 2.818183 0.000000
-0.487803 -0.046558 2.728287 0.471154
-0.108542 -0.000980 2.731174 0.432692
-0.300806 -0.008833 2.839940 0.000000
-0.536342 0.028321 2.725116 1.000000
-0.077145 0.071692 2.741846 1.000000
-0.486000 -0.270378 2.721714 1.000000
-0.069776 -0.210587 2.632159 1.000000
-0.482039 -0.332943 2.722311 0.812500
-0.113357 -0.227011 2.590191 0.644231
-0.319614 -0.577919 2.753645 1.000000
-0.000270 -0.492589 2.634470 1.000000
-0.304341 -1.015223 2.816067 1.000000
-0.043676 -0.924719 2.716592 1.000000
-0.299967 -1.036172 2.668233 0.000000
0.038268 -0.955931 2.595663 0.000000
-0.329781 0.636557 2.609514 1.000000
-0.517586 0.324999 2.703779 1.000000
-0.189261 0.361515 2.736840 1.000000
-0.346952 0.379664 2.615833 0.000000
-0.348731 0.215136 2.815214 0.000000
-0.482222 -0.055292 2.720793 1.000000
-0.109322 0.019824 2.755826 0.259615
-0.309202 -0.002048 2.847624 0.000000
-0.530672 0.032877 2.718845 1.000000
-0.082073 0.089623 2.754705 1.000000
-0.494745 -0.267309 2.718295 1.000000
-0.107763 -0.170524 2.602831 1.000000
-0.483359 -0.328688 2.724079 0.947115
-0.147143 -0.199972 2.563940 0.274038
-0.310925 -0.576520 2.757141 1.000000
0.057850 -0.424446 2.600551 1.000000
-0.297633 -1.014537 2.814832 1.000000
-0.010452 -0.841143 2.731174 1.000000
-0.280960 -1.033424 2.667597 0.000000
0.095055 -0.888132 2.636447 0.000000
-0.344755 0.644391 2.607082 1.000000
-0.534946 0.325306 2.704373 1.000000
-0.206482 0.366534 2.729593 1.000000
-0.367263 0.382405 2.612391 0.000000
-0.361918 0.217890 2.811719 0.000000
-0.493795 -0.066782 2.730875 0.846154
-0.131215 0.051191 2.754150 0.423077
-0.325222 0.009761 2.851628 0.000000
-0.540436 0.033775 2.716422 1.000000
-0.082619 0.103697 2.756798 1.000000
-0.501527 -0.265027 2.716660 1.000000
-0.169484 -0.129451 2.586819 1.000000
-0.485195 -0.324778 2.726328 1.000000
-0.178827 -0.191444 2.586786 0.677885
-0.295773 -0.569748 2.759336 1.000000
0.120828 -0.306845 2.575158 1.000000
-0.300277 -1.006787 2.825224 1.000000
0.043264 -0.709626 2.739825 1.000000
-0.284108 -1.029087 2.678410 0.000000
0.160336 -0.763151 2.664048 0.057692
-0.352911 0.645746 2.596018 1.000000
-0.545393 0.329393 2.691836 1.000000
-0.218290 0.375116 2.725552 1.000000
-0.375814 0.386687 2.603524 0.000000
-0.374281 0.226255 2.806218 0.000000
-0.499717 -0.062929 2.729295 0.673077
-0.140429 0.063087 2.760217 0.480769
-0.338626 0.026875 2.851123 0.000000
-0.552710 0.040878 2.716383 1.000000
-0.093792 0.114186 2.743246 1.000000
-0.501225 -0.253598 2.725188 1.000000
-0.214761 -0.113584 2.591815 1.000000
-0.475859 -0.309817 2.736434 1.000000
-0.226834 -0.174739 2.598505 1.000000
-0.262711 -0.552971 2.747264 1.000000
0.181450 -0.117130 2.595776 1.000000
-0.307916 -0.982392 2.841696 1.000000
0.105270 -0.531495 2.729424 1.000000
-0.271037 -1.017174 2.701186 0.134615
0.237359 -0.573693 2.673884 0.081731
-0.371629 0.649448 2.592776 1.000000
-0.551094 0.335789 2.686497 1.000000
-0.223584 0.372761 2.726427 1.000000
-0.378224 0.387347 2.601078 0.000000
-0.385289 0.229214 2.805454 0.000000
-0.505599 -0.076956 2.738379 0.942308
-0.152237 0.063936 2.773151 0.230769
-0.348618 0.016479 2.862814 0.000000
-0.557175 0.050473 2.712928 1.000000
-0.110408 0.111668 2.760518 1.000000
-0.504287 -0.240103 2.731367 1.000000
-0.222894 -0.108502 2.597903 1.000000
-0.485323 -0.298909 2.741986 1.000000
-0.235851 -0.169767 2.600930 1.000000
-0.251048 -0.556996 2.738401 1.000000
0.193356 -0.041831 2.645311 1.000000
-0.301339 -0.983236 2.844017 1.000000
0.243038 -0.479054 2.686924 1.000000
-0.256384 -1.022472 2.707077 0.076923
0.383571 -0.467783 2.637566 0.000000
-0.373861 0.650329 2.594071 0.961538
-0.551193 0.332478 2.673193 1.000000
-0.227276 0.371784 2.734488 1.000000
-0.373175 0.383599 2.598795 0.000000
-0.393340 0.228643 2.804726 0.000000
-0.504874 -0.064372 2.731604 0.730769
-0.149768 0.063405 2.790742 0.182692
-0.350618 0.014387 2.868933 0.000000
-0.562306 0.049745 2.709993 1.000000
-0.114764 0.111496 2.766219 1.000000
-0.511058 -0.238972 2.738545 1.000000
-0.222437 -0.101418 2.593381 1.000000
-0.485098 -0.293203 2.756310 1.000000
-0.241652 -0.159765 2.580856 1.000000
-0.244749 -0.549112 2.734500 1.000000
0.194763 -0.001710 2.674126 1.000000
-0.320438 -0.969514 2.848067 1.000000
0.378315 -0.402996 2.648781 1.000000
-0.258628 -1.015239 2.719998 0.211538
0.507964 -0.341109 2.607867 0.048077
-0.375434 0.649394 2.585857 0.884615
-0.569716 0.337319 2.673821 1.000000
-0.246203 0.364228 2.743383 1.000000
-0.388148 0.382379 2.604241 0.000000
-0.419097 0.226803 2.808358 0.000000
-0.522867 -0.060467 2.721652 0.605769
-0.164256 0.052088 2.789869 0.173077
-0.368534 0.010256 2.863203 0.000000
-0.575989 0.054690 2.697164 1.000000
-0.123749 0.111294 2.782026 1.000000
-0.527047 -0.231361 2.736696 1.000000
-0.228776 -0.097438 2.605438 1.000000
-0.511362 -0.288957 2.755859 1.000000
-0.235819 -0.156897 2.586848 0.745192
-0.259019 -0.550483 2.748525 1.000000
0.187888 -0.147504 2.723401 1.000000
-0.329517 -0.973544 2.855360 1.000000
0.596786 -0.303830 2.662338 1.000000
-0.263518 -1.016588 2.728458 0.288462
0.613293 -0.214372 2.543857 0.149038
-0.382981 0.647650 2.595849 0.850962
-0.578057 0.332754 2.680939 1.000000
-0.253479 0.365704 2.742483 1.000000
-0.399699 0.384724 2.607958 0.000000
-0.421005 0.221823 2.807545 0.000000
-0.536037 -0.054539 2.718240 0.701923
-0.174766 0.052377 2.781294 0.211538
-0.379705 0.018015 2.856635 0.000000
-0.586055 0.048995 2.705574 1.000000
-0.127546 0.111994 2.773496 1.000000
-0.537801 -0.240365 2.727929 1.000000
-0.236391 -0.107263 2.610289 1.000000
-0.513337 -0.298025 2.730634 1.000000
-0.256711 -0.166572 2.609971 1.000000
-0.258265 -0.541016 2.748252 1.000000
0.159830 -0.216350 2.736306 1.000000
-0.317008 -0.971906 2.827289 1.000000
0.591222 -0.301100 2.690675 1.000000
-0.250444 -1.004758 2.697663 0.000000
0.589608 -0.236740 2.555886 0.000000
-0.399909 0.645213 2.593908 0.730769
-0.587542 0.327778 2.689127 1.000000
-0.261376 0.369359 2.735069 1.000000
-0.413964 0.382303 2.607053 0.000000
-0.422319 0.223052 2.810510 0.000000
-0.530408 -0.059100 2.726920 1.000000
-0.166122 0.046234 2.773010 0.125000
-0.367926 0.014541 2.857435 0.000000
-0.589660 0.043429 2.719831 1.000000
-0.131364 0.115962 2.761308 1.000000
-0.541091 -0.247864 2.719642 1.000000
-0.213812 -0.117056 2.599705 1.000000
-0.517610 -0.305220 2.729096 1.000000
-0.229110 -0.174263 2.579120 0.846154
-0.270587 -0.551585 2.743782 1.000000
0.157060 -0.253273 2.739534 1.000000
-0.302592 -0.981818 2.839905 1.000000
0.555171 -0.444945 2.727962 1.000000
-0.254745 -1.016053 2.702604 0.000000
0.571790 -0.401849 2.585907 0.000000
-0.413649 0.647158 2.593588 0.875000
-0.586612 0.313251 2.714384 1.000000
-0.260093 0.370852 2.731465 1.000000
-0.424463 0.379298 2.618549 0.000000
-0.405666 0.214056 2.816456 0.000000
-0.525177 -0.055615 2.747067 1.000000
-0.156501 0.042702 2.765384 0.423077
-0.352112 0.015613 2.864678 0.000000
-0.589260 0.027332 2.723161 1.000000
-0.130013 0.116207 2.739756 1.000000
-0.555581 -0.266071 2.728120 1.000000
-0.220253 -0.130726 2.605125 1.000000
-0.534472 -0.324857 2.722728 1.000000
-0.214364 -0.172990 2.559195 0.442308
-0.275808 -0.553331 2.747107 1.000000
0.116893 -0.342563 2.738887 1.000000
-0.304075 -0.987351 2.825793 1.000000
0.427549 -0.655046 2.773686 1.000000
-0.271221 -1.015414 2.682803 0.000000
0.456046 -0.642990 2.627551 0.000000
-0.432597 0.634937 2.601606 1.000000
-0.580285 0.306555 2.720782 1.000000
-0.255953 0.377472 2.722681 1.000000
-0.424770 0.375255 2.616216 0.000000
-0.391659 0.218399 2.819010 0.000000
-0.519791 -0.044964 2.771364 1.000000
-0.147014 0.036613 2.753852 0.490385
-0.332570 0.015522 2.872095 0.000000
-0.583618 0.020639 2.734848 1.000000
-0.127568 0.121810 2.733248 1.000000
-0.562479 -0.274097 2.727110 1.000000
-0.204448 -0.140844 2.621542 1.000000
-0.541224 -0.333037 2.724905 1.000000
-0.224306 -0.198041 2.605274 1.000000
-0.290721 -0.553937 2.755246 1.000000
0.073308 -0.403924 2.736739 1.000000
-0.306843 -0.991152 2.818069 1.000000
0.299938 -0.779538 2.790750 1.000000
-0.296219 -1.012728 2.670643 0.000000
0.323269 -0.786651 2.643380 0.000000
-0.442841 0.634661 2.584507 0.951923
-0.569466 0.297163 2.742652 1.000000
-0.249068 0.379541 2.714669 1.000000
-0.427860 0.375804 2.626024 0.000000
-0.369003 0.211730 2.816919 0.000000
-0.510917 -0.042407 2.777864 1.000000
-0.136353 0.028529 2.753502 0.673077
-0.318552 0.004195 2.876256 0.000000
-0.574748 0.009894 2.734707 1.000000
-0.119455 0.123099 2.721909 1.000000
-0.569312 -0.286822 2.732243 1.000000
-0.195476 -0.149329 2.632019 1.000000
-0.555748 -0.347704 2.738561 0.778846
-0.197878 -0.210404 2.618073 0.980769
-0.298512 -0.559765 2.757977 1.000000
0.014810 -0.464827 2.737372 1.000000
-0.300810 -0.997710 2.817666 1.000000
0.134880 -0.876661 2.843861 1.000000
-0.298874 -1.017891 2.669673 0.000000
0.168874 -0.903705 2.700941 0.000000
-0.466184 0.626764 2.600274 1.000000
-0.549960 0.290488 2.756201 1.000000
-0.234155 0.378963 2.704593 1.000000
-0.417921 0.367081 2.627602 0.000000
-0.343137 0.213172 2.821367 0.000000
-0.492327 -0.050148 2.787026 1.000000
-0.118782 0.007839 2.732021 0.384615
-0.292226 -0.003582 2.868563 0.000000
-0.553988 0.000099 2.744124 1.000000
-0.102080 0.120039 2.706156 1.000000
-0.558357 -0.299804 2.733516 1.000000
-0.134469 -0.172627 2.648092 1.000000
-0.553647 -0.355546 2.705211 0.509615
-0.145060 -0.232087 2.631275 0.745192
-0.311983 -0.575656 2.765212 1.000000
-0.077085 -0.534334 2.750014 1.000000
-0.300712 -1.013729 2.822906 1.000000
-0.031809 -0.967926 2.822899 1.000000
-0.316835 -1.033527 2.675730 0.019231
-0.035238 -0.993029 2.675688 0.000000
-0.468589 0.626327 2.616140 1.000000
-0.528402 0.286933 2.759766 1.000000
-0.214392 0.376205 2.699333 1.000000
-0.399944 0.362599 2.627056 0.000000
-0.319668 0.211312 2.820689 0.000000
-0.491694 -0.051741 2.782970 1.000000
-0.117292 -0.009973 2.719700 0.471154
-0.288365 -0.011328 2.859662 0.000000
-0.542322 -0.003470 2.745402 1.000000
-0.096312 0.110139 2.698921 1.000000
-0.540587 -0.302921 2.719676 1.000000
-0.102313 -0.187469 2.657334 1.000000
-0.549033 -0.364945 2.723158 0.509615
-0.113415 -0.246913 2.640792 1.000000
-0.318029 -0.583041 2.769081 1.000000
-0.120742 -0.558801 2.762348 1.000000
-0.303104 -1.021581 2.822223 1.000000
-0.116555 -0.996512 2.823626 1.000000
-0.323486 -1.040066 2.675405 0.019231
-0.129380 -1.017266 2.676256 0.000000
-0.454590 0.630691 2.622932 0.995192
-0.510117 0.284007 2.761001 1.000000
-0.196940 0.377930 2.703361 1.000000
-0.382455 0.365218 2.630826 0.000000
-0.300683 0.208129 2.819139 0.000000
-0.493468 -0.055695 2.763203 0.625000
-0.120264 -0.005118 2.699291 0.567308
-0.290503 -0.013710 2.840011 0.000000
-0.533851 -0.005936 2.746678 1.000000
-0.087760 0.107915 2.705993 1.000000
-0.527406 -0.305593 2.721996 1.000000
-0.089520 -0.188230 2.653652 1.000000
-0.521745 -0.360988 2.693191 0.408654
-0.081545 -0.250267 2.649379 1.000000
-0.330314 -0.585654 2.771731 1.000000
-0.145097 -0.559312 2.775033 1.000000
-0.306466 -1.024350 2.820110 1.000000
-0.164304 -0.999812 2.805932 1.000000
-0.329438 -1.041762 2.673542 0.057692
-0.182004 -1.009422 2.657921 0.000000
-0.441908 0.631252 2.641904 0.903846
-0.484912 0.289165 2.753322 1.000000
-0.165569 0.369277 2.710585 1.000000
-0.348546 0.368188 2.630853 0.000000
-0.281791 0.201109 2.816471 0.000000
-0.478945 -0.047527 2.736423 0.269231
-0.101591 -0.012661 2.688338 0.567308
-0.277425 -0.017669 2.822184 0.000000
-0.518620 0.001377 2.740663 1.000000
-0.070112 0.095455 2.705302 1.000000
-0.489254 -0.294602 2.705815 1.000000
-0.063007 -0.197856 2.645315 1.000000
-0.466195 -0.352891 2.706868 0.846154
-0.069988 -0.259657 2.653211 1.000000
-0.346526 -0.581863 2.784376 1.000000
-0.157531 -0.564287 2.775251 1.000000
-0.306334 -1.019947 2.827173 1.000000
-0.148603 -1.003794 2.821267 1.000000
-0.324375 -1.036002 2.679763 0.000000
-0.164907 -1.019583 2.673627 0.000000
-0.408692 0.634314 2.639629 1.000000
-0.475423 0.297176 2.756484 1.000000
-0.152170 0.360897 2.715602 1.000000
-0.335192 0.374078 2.637067 0.000000
-0.277455 0.194745 2.814075 0.000000
-0.470564 -0.047632 2.725566 0.201923
-0.093337 -0.011657 2.677299 0.625000
-0.269181 -0.016344 2.811142 0.000000
-0.514813 0.010990 2.734205 1.000000
-0.057349 0.087373 2.703614 1.000000
-0.471692 -0.283413 2.703091 1.000000
-0.055380 -0.205929 2.644700 1.000000
-0.457028 -0.341949 2.720092 0.610577
-0.062028 -0.267476 2.634788 1.000000
-0.344783 -0.580301 2.784278 1.000000
-0.154927 -0.563916 2.766224 1.000000
-0.311183 -1.019288 2.823338 1.000000
-0.151375 -1.003884 2.808407 1.000000
-0.329099 -1.033791 2.675752 0.000000
-0.169572 -1.018180 2.660836 0.000000
-0.376019 0.639003 2.651312 1.000000
-0.470498 0.307639 2.750700 1.000000
-0.143744 0.351168 2.711184 1.000000
-0.325009 0.372373 2.630362 0.000000
-0.279332 0.195835 2.813593 0.000000
-0.472085 -0.045357 2.715965 0.192308
-0.093152 -0.017567 2.676445 0.615385
-0.271954 -0.020215 2.806368 0.000000
-0.517237 0.023046 2.730618 1.000000
-0.055896 0.075922 2.700989 1.000000
-0.475163 -0.271114 2.702202 1.000000
-0.057544 -0.217746 2.647473 1.000000
-0.452034 -0.327997 2.689559 0.610577
-0.070687 -0.277054 2.631970 1.000000
-0.339111 -0.580296 2.779327 1.000000
-0.151709 -0.568134 2.754154 1.000000
-0.304717 -1.018793 2.822934 1.000000
-0.144553 -1.006379 2.811202 1.000000
-0.319214 -1.034631 2.675110 0.000000
-0.157338 -1.025795 2.663647 0.000000
-0.355541 0.641060 2.644090 1.000000
-0.457353 0.310112 2.755140 1.000000
-0.131058 0.353263 2.711628 1.000000
-0.313352 0.375776 2.633523 0.000000
-0.265638 0.197174 2.814216 0.000000
-0.474047 -0.041311 2.719054 0.278846
-0.095592 -0.029274 2.668548 0.653846
-0.270534 -0.023968 2.803545 0.000000
-0.514888 0.028069 2.735366 1.000000
-0.053676 0.075395 2.704467 1.000000
-0.491015 -0.267083 2.702667 1.000000
-0.067306 -0.215524 2.641744 1.000000
-0.479543 -0.327358 2.689790 0.846154
-0.081555 -0.276359 2.636585 1.000000
-0.340029 -0.581710 2.774776 1.000000
-0.150817 -0.573996 2.753911 1.000000
-0.312293 -1.020784 2.817307 1.000000
-0.147601 -1.012501 2.809292 1.000000
-0.331615 -1.036273 2.669999 0.076923
-0.164938 -1.031216 2.662112 0.000000
-0.328715 0.645757 2.650571 1.000000
-0.455048 0.311884 2.760367 1.000000
-0.128702 0.354021 2.716245 1.000000
-0.311408 0.382425 2.641076 0.000000
-0.264023 0.194093 2.811697 0.000000
-0.475212 -0.032731 2.717138 0.221154
-0.097025 -0.026824 2.663629 0.682692
-0.270731 -0.020454 2.800167 0.000000
-0.514559 0.029260 2.739435 1.000000
-0.055504 0.074446 2.697920 1.000000
-0.501911 -0.267802 2.707892 1.000000
-0.064454 -0.219068 2.641616 1.000000
-0.497601 -0.330288 2.705181 0.543269
-0.076215 -0.279716 2.630939 1.000000
-0.338720 -0.575167 2.769238 1.000000
-0.153187 -0.569128 2.753259 1.000000
-0.312060 -1.013118 2.822641 1.000000
-0.147298 -1.007368 2.810490 1.000000
-0.332249 -1.032243 2.675877 0.000000
-0.166367 -1.026804 2.663617 0.000000
-0.319373 0.643323 2.647202 1.000000
