-0.420642 0.268688 2.695327 1.000000
-0.078846 0.296467 2.657528 1.000000
-0.270545 0.338992 2.529791 0.000000
-0.230596 0.150192 2.752275 0.000000
-0.416128 -0.064157 2.623928 0.961538
-0.050370 -0.054341 2.592295 0.673077
-0.223330 -0.059868 2.722616 0.000000
-0.484354 -0.005770 2.675017 1.000000
-0.002317 0.025306 2.637198 1.000000
-0.469857 -0.295025 2.603668 1.000000
0.002370 -0.265933 2.572950 1.000000
-0.490164 -0.356369 2.593046 0.189904
-0.037918 -0.315756 2.586466 0.526442
-0.309479 -0.557765 2.738255 1.000000
-0.124414 -0.557067 2.707540 1.000000
-0.271406 -0.962226 2.762973 1.000000
-0.132281 -0.955149 2.791910 1.000000
-0.287424 -0.973308 2.606304 0.000000
-0.143828 -0.987575 2.637833 0.000000
-0.269954 0.537112 2.556590 1.000000
-0.420737 0.261286 2.695117 1.000000
-0.079960 0.302060 2.660004 1.000000
-0.272282 0.339241 2.531539 0.000000
-0.226835 0.149076 2.751794 0.000000
-0.413345 -0.064264 2.627609 0.826923
-0.048393 -0.057267 2.587146 0.673077
-0.218185 -0.061729 2.721607 0.000000
-0.483861 -0.012418 2.668089 1.000000
0.001594 0.032762 2.638625 1.000000
-0.472176 -0.301685 2.597598 1.000000
0.002643 -0.258729 2.576882 1.000000
-0.487823 -0.365117 2.593152 0.122596
-0.031925 -0.311340 2.558844 0.492788
-0.310227 -0.559121 2.737720 1.000000
-0.124020 -0.558490 2.707950 1.000000
-0.268813 -0.963195 2.763384 0.834856
-0.132497 -0.957523 2.787635 1.000000
-0.289355 -0.975213 2.607313 0.000000
-0.148079 -0.987969 2.633509 0.000000
-0.266431 0.535491 2.556498 1.000000
-0.421803 0.270003 2.693686 1.000000
-0.079539 0.298801 2.661271 1.000000
-0.269392 0.342089 2.531057 0.000000
-0.232381 0.151379 2.752418 0.000000
-0.414520 -0.062395 2.624501 0.961538
-0.049071 -0.054571 2.588985 0.682692
-0.220676 -0.058602 2.721140 0.000000
-0.483284 -0.004450 2.670526 1.000000
-0.000507 0.028760 2.639539 1.000000
-0.471998 -0.295306 2.606740 1.000000
0.003495 -0.261436 2.571985 1.000000
-0.488114 -0.357464 2.593897 0.189904
-0.037377 -0.312599 2.571937 0.526442
-0.310615 -0.556341 2.738851 1.000000
-0.124388 -0.556350 2.707475 1.000000
-0.270139 -0.960394 2.766274 1.000000
-0.132864 -0.954979 2.789158 1.000000
-0.288312 -0.972825 2.609942 0.000000
-0.146273 -0.986282 2.634999 0.000000
-0.265624 0.538539 2.556767 1.000000
-0.416617 0.267921 2.688752 1.000000
-0.074571 0.299879 2.657001 1.000000
-0.264464 0.339674 2.525735 0.000000
-0.226161 0.151959 2.749424 0.000000
-0.413447 -0.064017 2.622978 0.846154
-0.047891 -0.056827 2.588437 0.673077
-0.219840 -0.061299 2.720129 0.000000
-0.484196 -0.005656 2.670047 1.000000
0.002792 0.028824 2.639524 1.000000
-0.471622 -0.296399 2.604945 1.000000
0.001908 -0.261993 2.573549 1.000000
-0.486107 -0.356876 2.584430 0.223558
-0.029019 -0.319030 2.564687 0.425481
-0.308242 -0.558363 2.736423 1.000000
-0.122833 -0.557906 2.708256 1.000000
-0.258505 -0.960514 2.774501 0.959856
-0.124063 -0.956953 2.788310 1.000000
-0.276788 -0.977535 2.618615 0.000000
-0.137472 -0.987854 2.634070 0.000000
-0.264081 0.537342 2.550571 1.000000
-0.417620 0.271475 2.694162 1.000000
-0.075718 0.296576 2.655455 1.000000
-0.267434 0.341176 2.528452 0.000000
-0.228394 0.151194 2.750091 0.000000
-0.412131 -0.053582 2.627091 0.653846
-0.047541 -0.059853 2.583377 0.682692
-0.216177 -0.058079 2.719347 0.000000
-0.481318 -0.002758 2.671476 1.000000
0.002279 0.025616 2.638926 1.000000
-0.471904 -0.292621 2.601937 1.000000
-0.001513 -0.264966 2.571900 1.000000
-0.443669 -0.344916 2.629437 0.358173
-0.031269 -0.319044 2.593770 0.425481
-0.309596 -0.552910 2.733605 1.000000
-0.121370 -0.556491 2.707565 1.000000
-0.242872 -0.949418 2.796679 1.000000
-0.129483 -0.954357 2.792923 1.000000
-0.267104 -0.977895 2.643296 0.019231
-0.147604 -0.986901 2.639505 0.000000
-0.268588 0.537061 2.552876 1.000000
-0.416952 0.268295 2.689970 1.000000
-0.074413 0.293231 2.657259 1.000000
-0.263767 0.335549 2.526004 0.000000
-0.228681 0.149171 2.751332 0.000000
-0.415369 -0.066373 2.621444 0.961538
-0.049578 -0.056169 2.590317 0.634615
-0.222712 -0.061888 2.720399 0.000000
-0.480579 -0.006163 2.667640 1.000000
0.000332 0.021208 2.640195 1.000000
-0.476479 -0.297341 2.602432 1.000000
0.002713 -0.268770 2.569764 1.000000
-0.461764 -0.361085 2.605346 0.240385
-0.040233 -0.318206 2.569783 0.475962
-0.310060 -0.560066 2.735239 1.000000
-0.122496 -0.558190 2.708455 1.000000
-0.266609 -0.963820 2.762520 0.878606
-0.131656 -0.956738 2.790459 1.000000
-0.282913 -0.976152 2.605974 0.000000
-0.142832 -0.988229 2.636161 0.000000
-0.267512 0.534815 2.552568 1.000000
-0.416772 0.260535 2.689011 1.000000
-0.075271 0.299797 2.659672 1.000000
-0.265123 0.336555 2.527464 0.000000
-0.224332 0.148130 2.750114 0.000000
-0.413988 -0.067557 2.622130 0.826923
-0.048382 -0.059288 2.588372 0.634615
-0.220613 -0.063622 2.719699 0.000000
-0.479135 -0.013920 2.661219 1.000000
0.002986 0.028923 2.637525 1.000000
-0.465383 -0.306944 2.605295 1.000000
0.001810 -0.263140 2.575258 1.000000
-0.469958 -0.370427 2.589892 0.206731
-0.031341 -0.319210 2.582000 0.492788
-0.307857 -0.560922 2.738482 1.000000
-0.124699 -0.560517 2.709244 1.000000
-0.261132 -0.964459 2.763452 0.962981
-0.130725 -0.958886 2.792395 1.000000
-0.279396 -0.976250 2.607081 0.000000
-0.143480 -0.990854 2.638317 0.000000
-0.266222 0.530088 2.547147 1.000000
-0.418992 0.260968 2.687582 1.000000
-0.077082 0.300937 2.664672 1.000000
-0.264752 0.340239 2.530102 0.000000
-0.227507 0.147446 2.749611 0.000000
-0.413889 -0.063261 2.617689 1.000000
-0.047737 -0.057510 2.589842 0.634615
-0.222082 -0.061316 2.718366 0.000000
-0.482261 -0.013855 2.664884 1.000000
0.002172 0.030579 2.638779 1.000000
-0.465983 -0.306903 2.609189 1.000000
0.002766 -0.262402 2.580416 1.000000
-0.469828 -0.368025 2.586002 0.307692
-0.025130 -0.316401 2.556042 0.442308
-0.310642 -0.556954 2.736666 1.000000
-0.122843 -0.557995 2.708527 1.000000
-0.270976 -0.961322 2.760361 1.000000
-0.129254 -0.956128 2.792773 1.000000
-0.286348 -0.972016 2.603601 0.000000
-0.139690 -0.988579 2.638622 0.000000
-0.267885 0.530029 2.548500 1.000000
-0.423405 0.261327 2.683661 1.000000
-0.080940 0.294461 2.658267 1.000000
-0.268492 0.333530 2.523465 0.000000
-0.233710 0.146059 2.747932 0.000000
-0.418752 -0.071245 2.608605 1.000000
-0.051982 -0.058062 2.595105 0.567308
-0.231184 -0.063419 2.716708 0.000000
-0.492846 -0.012557 2.668392 1.000000
-0.004623 0.022521 2.641176 1.000000
-0.477812 -0.302684 2.598608 1.000000
0.001414 -0.267727 2.570542 1.000000
-0.483955 -0.366484 2.585190 0.072115
-0.020534 -0.329288 2.566444 0.459135
-0.313772 -0.560399 2.740717 1.000000
-0.126382 -0.560839 2.709967 1.000000
-0.268449 -0.964330 2.761558 0.978606
-0.129919 -0.960030 2.789232 1.000000
-0.277943 -0.973512 2.604236 0.000000
-0.133797 -0.990736 2.634420 0.000000
-0.268388 0.526787 2.541290 1.000000
-0.423525 0.269620 2.677789 1.000000
-0.081007 0.293887 2.644367 1.000000
-0.270203 0.327323 2.510349 0.000000
-0.234943 0.155238 2.746747 0.000000
-0.419251 -0.068840 2.608800 1.000000
-0.052532 -0.059535 2.591300 0.663462
-0.230461 -0.062315 2.714843 0.000000
-0.494047 -0.004101 2.665305 1.000000
-0.005598 0.021274 2.637425 1.000000
-0.480617 -0.295613 2.601334 1.000000
-0.001217 -0.269232 2.567859 1.000000
-0.490030 -0.358988 2.587796 0.189904
-0.030377 -0.325681 2.583714 0.375000
-0.315024 -0.559390 2.739242 1.000000
-0.130775 -0.560492 2.711264 1.000000
-0.266180 -0.962472 2.767320 0.962981
-0.132683 -0.959754 2.790229 1.000000
-0.277922 -0.974827 2.610368 0.000000
-0.138768 -0.990333 2.635463 0.000000
-0.267727 0.538698 2.540982 1.000000
-0.431294 0.261343 2.680443 1.000000
-0.088939 0.280799 2.642497 1.000000
-0.279427 0.318094 2.511359 0.000000
-0.243515 0.143638 2.745914 0.000000
-0.419698 -0.068774 2.620951 1.000000
-0.054513 -0.071089 2.582092 0.634615
-0.224931 -0.067466 2.715784 0.000000
-0.494776 -0.013006 2.661945 1.000000
-0.008430 0.010416 2.635341 1.000000
-0.487607 -0.305784 2.606969 1.000000
-0.006945 -0.280138 2.569245 1.000000
-0.481340 -0.370885 2.603682 0.223558
-0.034570 -0.336791 2.587007 0.257212
-0.312382 -0.564722 2.738700 1.000000
-0.130551 -0.567203 2.713734 1.000000
-0.240916 -0.962690 2.785205 1.000000
-0.135065 -0.967390 2.787756 1.000000
-0.264393 -0.984963 2.630683 0.000000
-0.151139 -0.995780 2.633289 0.000000
-0.270026 0.524751 2.535666 1.000000
-0.437108 0.265672 2.681116 1.000000
-0.095475 0.279278 2.634994 1.000000
-0.288381 0.316246 2.507345 0.000000
-0.249535 0.146827 2.745103 0.000000
-0.428642 -0.076394 2.625243 0.923077
-0.064501 -0.066237 2.578620 0.634615
-0.232083 -0.067620 2.715891 0.000000
-0.501507 -0.008015 2.661782 1.000000
-0.012354 0.010003 2.637730 1.000000
-0.485096 -0.301405 2.614810 1.000000
-0.012490 -0.278182 2.563550 1.000000
-0.471673 -0.365389 2.611042 0.290865
-0.039974 -0.335810 2.578105 0.290865
-0.317014 -0.568639 2.741664 1.000000
-0.133595 -0.564893 2.714996 1.000000
-0.269351 -0.972130 2.765581 0.969231
-0.134457 -0.964714 2.791095 1.000000
-0.292848 -0.984132 2.609927 0.000000
-0.152435 -0.994003 2.637006 0.000000
-0.278089 0.526509 2.532081 1.000000
-0.436537 0.256000 2.674973 1.000000
-0.094239 0.282361 2.640891 1.000000
-0.283882 0.314405 2.507166 0.000000
-0.247118 0.142908 2.743763 0.000000
-0.429706 -0.076605 2.619567 1.000000
-0.064172 -0.067975 2.585128 0.653846
-0.236206 -0.070289 2.716764 0.000000
-0.506046 -0.016783 2.664891 1.000000
-0.015358 0.011980 2.636978 1.000000
-0.489568 -0.305647 2.595982 1.000000
-0.011383 -0.276159 2.563340 1.000000
-0.471968 -0.360074 2.627858 0.324519
-0.045977 -0.329854 2.577775 0.408654
-0.322706 -0.568986 2.739877 1.000000
-0.135348 -0.567559 2.712813 1.000000
-0.269562 -0.971787 2.763868 1.000000
-0.133257 -0.966603 2.792869 1.000000
-0.289094 -0.983668 2.607657 0.000000
-0.146500 -0.997614 2.638637 0.000000
-0.285436 0.522897 2.532682 1.000000
-0.444628 0.263733 2.680258 1.000000
-0.102845 0.287635 2.639779 1.000000
-0.294724 0.321134 2.509648 0.000000
-0.254777 0.149230 2.745431 0.000000
-0.432904 -0.073344 2.612510 0.788462
-0.066375 -0.062924 2.591921 0.605769
-0.243278 -0.065238 2.716938 0.000000
-0.505156 -0.010862 2.663734 1.000000
-0.022797 0.017599 2.636420 1.000000
-0.488506 -0.298790 2.591093 1.000000
-0.013420 -0.271963 2.569167 1.000000
-0.504816 -0.362095 2.587246 0.257212
-0.039922 -0.329517 2.585702 0.341346
-0.323844 -0.564846 2.738389 1.000000
-0.136654 -0.563753 2.713078 1.000000
-0.275623 -0.968391 2.760169 0.925481
-0.137784 -0.963102 2.791614 1.000000
-0.288405 -0.978394 2.603130 0.000000
-0.144890 -0.993516 2.636860 0.000000
-0.292231 0.526275 2.529540 1.000000
-0.449358 0.265253 2.688785 1.000000
-0.109188 0.291269 2.637471 1.000000
-0.305340 0.324665 2.513848 0.000000
-0.256917 0.151306 2.746963 0.000000
-0.437177 -0.071115 2.628907 1.000000
-0.074107 -0.061351 2.574498 0.634615
-0.238689 -0.063368 2.715345 0.000000
-0.509577 -0.008454 2.659530 1.000000
-0.024381 0.022559 2.637130 1.000000
-0.501336 -0.301808 2.610559 1.000000
-0.019857 -0.267703 2.571938 1.000000
-0.493836 -0.366680 2.615424 0.425481
-0.047236 -0.324409 2.589914 0.459135
-0.328109 -0.564570 2.739014 1.000000
-0.139631 -0.559826 2.712016 1.000000
-0.274139 -0.967432 2.759956 0.878606
-0.136203 -0.959232 2.790191 1.000000
-0.302056 -0.979226 2.605017 0.000000
-0.157610 -0.989454 2.636721 0.000000
-0.303898 0.522550 2.524680 1.000000
-0.460217 0.260655 2.673785 1.000000
-0.119513 0.304682 2.642048 1.000000
-0.309499 0.325533 2.506606 0.000000
-0.265677 0.158290 2.745039 0.000000
-0.445430 -0.074974 2.620257 1.000000
-0.080276 -0.053264 2.587595 0.673077
-0.252747 -0.061893 2.718395 0.000000
-0.520570 -0.013634 2.660954 1.000000
-0.032394 0.037399 2.638597 1.000000
-0.510525 -0.305033 2.605172 1.000000
-0.023155 -0.252043 2.573304 1.000000
-0.513535 -0.362139 2.637079 0.358173
-0.029832 -0.315887 2.560356 0.358173
-0.327166 -0.562860 2.742867 1.000000
-0.140893 -0.557115 2.709526 1.000000
-0.280447 -0.966660 2.763157 0.987981
-0.135776 -0.956411 2.788173 1.000000
-0.296628 -0.976408 2.606417 0.000000
-0.146896 -0.986982 2.633686 0.000000
-0.319017 0.526467 2.518664 1.000000
-0.477009 0.254790 2.679321 1.000000
-0.137766 0.296990 2.632863 1.000000
-0.333219 0.317668 2.505411 0.000000
-0.280071 0.152081 2.743102 0.000000
-0.451359 -0.075763 2.627972 1.000000
-0.087558 -0.057191 2.581284 0.682692
-0.254949 -0.064141 2.718620 0.000000
-0.526341 -0.021733 2.660882 1.000000
-0.041895 0.032383 2.638416 1.000000
-0.513720 -0.313681 2.606544 1.000000
-0.025258 -0.258014 2.577278 1.000000
-0.515385 -0.377447 2.591735 0.173077
-0.042328 -0.319797 2.563873 0.358173
-0.334421 -0.565827 2.742396 1.000000
-0.146904 -0.558858 2.711791 1.000000
-0.282263 -0.968934 2.763214 0.984856
-0.135504 -0.958305 2.788998 1.000000
-0.305381 -0.979970 2.607431 0.000000
-0.153051 -0.988562 2.635046 0.000000
-0.325243 0.526410 2.524670 1.000000
-0.484064 0.250361 2.680401 1.000000
-0.146258 0.302798 2.633895 1.000000
-0.342343 0.318233 2.506670 0.000000
-0.284117 0.153255 2.743593 0.000000
-0.456595 -0.080471 2.631260 1.000000
-0.093512 -0.055317 2.582129 0.634615
-0.259818 -0.065354 2.720587 0.000000
-0.533623 -0.025493 2.653847 1.000000
-0.047861 0.039059 2.637991 1.000000
-0.513935 -0.315877 2.593388 1.000000
-0.033073 -0.251293 2.576000 1.000000
-0.502109 -0.379539 2.603164 0.375000
-0.063498 -0.307493 2.590288 0.627404
-0.336349 -0.569462 2.741695 1.000000
-0.149955 -0.558730 2.712715 1.000000
-0.290154 -0.973260 2.763191 0.925481
-0.143796 -0.958191 2.790447 1.000000
-0.312571 -0.984124 2.607294 0.000000
-0.161519 -0.988419 2.636510 0.000000
-0.341377 0.520619 2.517596 1.000000
-0.516551 0.260288 2.667909 1.000000
-0.176928 0.306297 2.628353 1.000000
-0.368779 0.313585 2.494137 0.000000
-0.319701 0.166661 2.744627 0.000000
-0.469149 -0.087926 2.629691 1.000000
-0.107491 -0.036768 2.591461 0.721154
-0.276587 -0.059871 2.724884 0.000000
-0.556105 -0.016984 2.657704 1.000000
-0.068106 0.048207 2.638130 1.000000
-0.529851 -0.304676 2.593523 1.000000
-0.030974 -0.240128 2.582813 1.000000
-0.530763 -0.367235 2.574188 0.240385
-0.065962 -0.294253 2.594414 0.442308
-0.331773 -0.570157 2.736654 1.000000
-0.134019 -0.547184 2.705442 1.000000
-0.283775 -0.973875 2.755545 1.000000
-0.124008 -0.947654 2.777363 1.000000
-0.298533 -0.982972 2.598625 0.000000
-0.134170 -0.975749 2.622341 0.000000
-0.369130 0.533753 2.513628 1.000000
-0.530476 0.256138 2.671495 1.000000
-0.192285 0.311841 2.632137 1.000000
-0.385444 0.322864 2.500068 0.000000
-0.330985 0.162466 2.740999 0.000000
-0.466586 -0.090624 2.637857 1.000000
-0.107994 -0.027080 2.590427 0.701923
-0.272738 -0.055897 2.728115 0.000000
-0.569816 -0.020198 2.653941 1.000000
-0.073968 0.058800 2.645861 1.000000
-0.540244 -0.306738 2.588925 1.000000
-0.024261 -0.224680 2.579717 1.000000
-0.522951 -0.367952 2.604483 0.442308
-0.056829 -0.278889 2.596714 0.408654
-0.317360 -0.571186 2.730126 1.000000
-0.098835 -0.536294 2.698545 1.000000
-0.296921 -0.976413 2.762099 0.916106
-0.034303 -0.932575 2.765221 1.000000
-0.311942 -0.989527 2.605488 0.000000
-0.049208 -0.961010 2.610645 0.000000
-0.392699 0.529853 2.514407 1.000000
-0.541241 0.254173 2.649904 1.000000
-0.200590 0.307904 2.640161 1.000000
-0.380408 0.313127 2.490120 0.004808
-0.349618 0.163593 2.741978 0.000000
-0.474350 -0.096053 2.626283 1.000000
-0.118678 -0.005514 2.613034 0.586538
-0.291797 -0.052514 2.734485 0.000000
-0.584019 -0.022579 2.645676 1.000000
-0.075832 0.057678 2.656343 1.000000
-0.550873 -0.312084 2.595256 1.000000
-0.010282 -0.221771 2.585170 1.000000
-0.544286 -0.372102 2.620608 0.425481
0.004441 -0.283711 2.569840 0.000000
-0.314907 -0.567875 2.724076 1.000000
-0.040271 -0.504333 2.695003 1.000000
-0.306972 -0.972810 2.764238 1.000000
0.105345 -0.881453 2.742170 1.000000
-0.303775 -0.988327 2.607160 0.000000
0.103640 -0.901693 2.585607 0.000000
-0.395402 0.520838 2.495742 1.000000
-0.553344 0.262298 2.627042 1.000000
-0.213980 0.320290 2.649261 1.000000
-0.377544 0.315456 2.481638 0.000000
-0.371341 0.179158 2.742646 0.000000
-0.481370 -0.094753 2.623481 1.000000
-0.138690 0.036767 2.635646 0.932692
-0.313087 -0.031652 2.744428 0.000000
-0.601776 -0.011689 2.636909 1.000000
-0.078097 0.079973 2.685247 1.000000
-0.566812 -0.300977 2.598062 1.000000
0.051838 -0.164299 2.585911 1.000000
-0.536419 -0.358909 2.600964 0.526442
0.090108 -0.217305 2.582173 0.072115
-0.318107 -0.554204 2.719172 1.000000
0.061865 -0.411402 2.672186 1.000000
-0.300144 -0.958931 2.758182 1.000000
0.355183 -0.691031 2.709890 1.000000
-0.283582 -0.973266 2.601834 0.000000
0.364091 -0.702880 2.552712 0.288462
-0.401580 0.536069 2.492493 1.000000
-0.562356 0.279832 2.610987 1.000000
-0.223982 0.325518 2.660387 1.000000
-0.373507 0.325320 2.480066 0.000000
-0.393528 0.191017 2.741413 0.000000
-0.484418 -0.093079 2.612340 1.000000
-0.151754 0.059181 2.644391 1.000000
-0.333365 -0.007464 2.741886 0.000000
-0.611800 0.009306 2.632032 1.000000
-0.071220 0.098609 2.695715 1.000000
-0.585357 -0.278154 2.593532 1.000000
0.102716 -0.111524 2.593710 1.000000
-0.576264 -0.333743 2.626929 0.307692
0.095541 -0.175006 2.608093 0.358173
-0.294009 -0.541836 2.717327 1.000000
0.124945 -0.318088 2.653788 1.000000
-0.302303 -0.946479 2.760273 1.000000
0.482376 -0.511330 2.677229 1.000000
-0.272648 -0.963445 2.606139 0.000000
0.496282 -0.504669 2.520109 0.230769
-0.394899 0.549247 2.490803 1.000000
-0.572571 0.293131 2.613995 1.000000
-0.231183 0.319766 2.656071 1.000000
-0.385169 0.336650 2.480351 0.000000
-0.405006 0.189292 2.734581 0.000000
-0.484278 -0.098807 2.614068 1.000000
-0.146651 0.042664 2.643562 1.000000
-0.334566 -0.005645 2.739911 0.000000
-0.627373 0.023502 2.628461 1.000000
-0.066772 0.104669 2.707202 1.000000
-0.601699 -0.264839 2.599529 1.000000
0.138114 -0.084702 2.624758 1.000000
-0.576762 -0.325308 2.602669 0.846154
0.161109 -0.145869 2.620505 0.307692
-0.275578 -0.545296 2.727885 1.000000
0.174032 -0.234146 2.636192 1.000000
-0.273612 -0.948737 2.781551 1.000000
0.563242 -0.352778 2.645721 1.000000
-0.244792 -0.969066 2.627666 0.000000
0.575484 -0.325062 2.490781 0.269231
-0.382585 0.546080 2.484258 1.000000
-0.570871 0.301611 2.609345 1.000000
-0.228750 0.310750 2.652879 1.000000
-0.380938 0.335837 2.476575 0.000000
-0.409312 0.189113 2.730361 0.000000
-0.482970 -0.086560 2.610194 1.000000
-0.141232 0.044525 2.640311 1.000000
-0.332515 0.007026 2.734829 0.000000
-0.635628 0.031711 2.613749 1.000000
-0.051679 0.104501 2.709148 1.000000
-0.623739 -0.260966 2.603081 1.000000
0.184262 -0.054138 2.637870 1.000000
-0.600089 -0.319762 2.619572 0.762019
0.237127 -0.089719 2.622785 0.000000
-0.267836 -0.534061 2.724618 1.000000
0.192027 -0.157936 2.617269 1.000000
-0.252166 -0.939526 2.756270 1.000000
0.593125 -0.218466 2.584023 1.000000
-0.226360 -0.950656 2.600917 0.000000
0.589569 -0.161238 2.436928 0.000000
-0.369047 0.546032 2.482399 1.000000
-0.572771 0.304723 2.606571 1.000000
-0.231602 0.306966 2.657799 1.000000
-0.379356 0.338161 2.478719 0.000000
-0.415922 0.187056 2.728861 0.000000
-0.478331 -0.089383 2.604714 1.000000
-0.138280 0.043749 2.643659 1.000000
-0.331980 0.005836 2.732947 0.000000
-0.633580 0.033526 2.606359 1.000000
-0.051364 0.102404 2.711778 1.000000
-0.633497 -0.259725 2.595109 1.000000
0.184146 -0.052266 2.629711 1.000000
-0.602163 -0.310887 2.568862 0.576923
0.236733 -0.086900 2.611728 0.004808
-0.277287 -0.538017 2.726449 1.000000
0.194018 -0.158276 2.614265 1.000000
-0.226119 -0.936136 2.793769 1.000000
0.592600 -0.228033 2.570495 1.000000
-0.199221 -0.958707 2.639848 0.000000
0.588316 -0.162441 2.426954 0.000000
-0.369133 0.535746 2.472454 1.000000
-0.583568 0.288412 2.610160 1.000000
-0.242352 0.308935 2.656801 1.000000
-0.393580 0.327769 2.478899 0.009615
-0.419627 0.182105 2.733545 0.000000
-0.489373 -0.083825 2.605073 1.000000
-0.146540 0.043170 2.639910 1.000000
-0.339794 0.008714 2.731533 0.000000
-0.629960 0.015475 2.609400 1.000000
-0.062060 0.106104 2.711589 1.000000
-0.621497 -0.275392 2.581464 1.000000
0.152745 -0.071863 2.624169 1.000000
-0.600075 -0.336038 2.593772 0.846154
0.171796 -0.124360 2.589972 0.274038
-0.269206 -0.530048 2.727471 1.000000
0.159211 -0.239825 2.611075 1.000000
-0.259796 -0.932825 2.785189 1.000000
0.544955 -0.367136 2.585722 1.000000
-0.228319 -0.954049 2.631947 0.000000
0.549896 -0.322048 2.434503 0.000000
-0.396336 0.543908 2.489603 1.000000
-0.580925 0.288843 2.612010 1.000000
-0.241389 0.322733 2.662916 1.000000
-0.391275 0.337819 2.483527 0.000000
-0.414118 0.187654 2.735855 0.000000
-0.492411 -0.079811 2.600693 1.000000
-0.149790 0.045271 2.643604 1.000000
-0.345212 0.011509 2.730779 0.000000
-0.626474 0.015761 2.612452 1.000000
-0.077695 0.103646 2.705974 1.000000
-0.611662 -0.271721 2.561534 1.000000
0.118243 -0.094716 2.618117 1.000000
-0.588154 -0.332574 2.555826 0.846154
0.153930 -0.145745 2.597850 0.274038
-0.278375 -0.529228 2.718245 1.000000
0.117130 -0.306957 2.613793 1.000000
-0.286578 -0.930332 2.786784 1.000000
0.468090 -0.512986 2.619073 1.000000
-0.248943 -0.956904 2.635780 0.000000
0.487750 -0.483439 2.465239 0.153846
-0.404366 0.541340 2.481245 1.000000
-0.583451 0.283794 2.619440 1.000000
-0.242216 0.321415 2.653625 1.000000
-0.400922 0.335103 2.481873 0.000000
-0.409623 0.184287 2.734697 0.000000
-0.492924 -0.083743 2.606850 1.000000
-0.147313 0.037448 2.634073 1.000000
-0.339259 0.006891 2.729739 0.000000
-0.623621 0.010574 2.616159 1.000000
-0.082008 0.100468 2.695925 1.000000
-0.596137 -0.274732 2.562453 1.000000
0.086186 -0.122188 2.611222 1.000000
-0.588456 -0.336372 2.583185 0.593750
0.082389 -0.179477 2.579730 0.324519
-0.302266 -0.539889 2.714873 1.000000
0.052821 -0.391641 2.619415 1.000000
-0.305708 -0.943380 2.768090 1.000000
0.327757 -0.688847 2.660980 1.000000
-0.281655 -0.963984 2.613424 0.000000
0.351468 -0.688742 2.504895 0.192308
-0.411708 0.540150 2.482577 1.000000
-0.579290 0.276162 2.626343 1.000000
-0.238517 0.326854 2.644477 1.000000
-0.405277 0.332700 2.480067 0.000000
-0.396766 0.184495 2.734436 0.000000
-0.493454 -0.085675 2.606702 1.000000
-0.148235 0.039108 2.618040 1.000000
-0.332690 -0.000696 2.724441 0.000000
-0.613988 0.002022 2.623818 1.000000
-0.093048 0.095756 2.686848 1.000000
-0.582882 -0.280039 2.555900 1.000000
0.053774 -0.147509 2.620482 1.000000
-0.570479 -0.343765 2.547331 0.526442
0.029757 -0.205717 2.602502 0.408654
-0.314651 -0.543573 2.712554 1.000000
-0.022605 -0.449897 2.626515 1.000000
-0.306756 -0.946609 2.768668 1.000000
0.165239 -0.807642 2.675322 1.000000
-0.291248 -0.967976 2.613016 0.000000
0.179104 -0.821731 2.518690 0.000000
-0.413581 0.545189 2.489533 1.000000
-0.552934 0.263330 2.650805 1.000000
-0.214919 0.330107 2.633166 1.000000
-0.399167 0.333336 2.488544 0.000000
-0.355481 0.177134 2.734375 0.000000
-0.488279 -0.090193 2.613307 1.000000
-0.131418 -0.005311 2.595412 0.663462
-0.307772 -0.032469 2.718256 0.000000
-0.593028 -0.009957 2.627486 1.000000
-0.092578 0.083136 2.662738 1.000000
-0.569697 -0.292961 2.556556 1.000000
-0.015034 -0.193421 2.606433 1.000000
-0.551820 -0.355955 2.557273 0.442308
-0.046194 -0.251016 2.606637 0.391827
-0.315516 -0.560379 2.722769 1.000000
-0.118951 -0.525167 2.654353 1.000000
-0.295422 -0.963454 2.775449 1.000000
-0.072493 -0.923508 2.723746 1.000000
-0.295260 -0.983906 2.618904 0.000000
-0.073354 -0.950699 2.568233 0.000000
-0.410274 0.541684 2.501564 1.000000
-0.552432 0.264067 2.655168 1.000000
-0.214014 0.325196 2.627578 1.000000
-0.402932 0.335168 2.489433 0.000000
-0.353921 0.172386 2.729934 0.000000
-0.488821 -0.084546 2.613527 1.000000
-0.128431 -0.022071 2.580490 0.721154
-0.300038 -0.042512 2.711113 0.000000
-0.585150 -0.010776 2.641010 1.000000
-0.089822 0.078482 2.650342 1.000000
-0.560174 -0.295203 2.576864 1.000000
-0.049879 -0.204541 2.587578 1.000000
-0.536258 -0.356097 2.579710 0.509615
-0.075970 -0.260117 2.610356 0.526442
-0.334239 -0.565224 2.711487 1.000000
-0.174513 -0.540282 2.682417 1.000000
-0.284806 -0.963744 2.777720 1.000000
-0.186310 -0.942680 2.742301 1.000000
-0.293952 -0.990688 2.622430 0.000000
-0.208139 -0.965069 2.587553 0.000000
-0.405008 0.537373 2.498718 1.000000
-0.523887 0.255671 2.659666 1.000000
-0.187152 0.319276 2.619802 1.000000
-0.380696 0.325666 2.487994 0.000000
-0.322155 0.166760 2.728956 0.000000
-0.488263 -0.075853 2.612034 1.000000
-0.124416 -0.047558 2.570917 0.673077
-0.293824 -0.056776 2.705621 0.000000
-0.562611 -0.018511 2.652770 1.000000
-0.082171 0.063267 2.632496 1.000000
-0.538219 -0.304632 2.597270 1.000000
-0.068054 -0.219242 2.558132 1.000000
-0.545275 -0.366506 2.577018 0.173077
-0.087828 -0.278659 2.577286 0.492788
-0.364488 -0.567985 2.709780 1.000000
-0.192869 -0.559649 2.668617 1.000000
-0.326601 -0.968456 2.771719 0.900481
-0.182217 -0.957941 2.751677 1.000000
-0.342425 -0.993926 2.616718 0.000000
-0.199033 -0.990419 2.598097 0.000000
-0.390556 0.533431 2.503922 1.000000
-0.513242 0.250711 2.662886 1.000000
-0.177514 0.315862 2.617424 1.000000
-0.373298 0.321639 2.488937 0.000000
-0.309978 0.162560 2.728572 0.000000
-0.492105 -0.081487 2.611741 1.000000
-0.129536 -0.047239 2.564345 0.778846
-0.295971 -0.063838 2.702014 0.000000
-0.556814 -0.023071 2.653355 1.000000
-0.079807 0.056286 2.621790 1.000000
-0.532069 -0.312792 2.618172 1.000000
-0.072765 -0.224502 2.538742 1.000000
-0.492279 -0.363134 2.631238 0.425481
-0.095476 -0.282646 2.558534 0.543269
-0.360430 -0.571484 2.705867 1.000000
-0.188142 -0.562021 2.652451 1.000000
-0.322749 -0.972237 2.766085 0.884856
-0.181432 -0.957457 2.748547 1.000000
-0.340509 -0.997179 2.611208 0.000000
-0.198760 -0.994790 2.596132 0.000000
-0.371980 0.529679 2.503702 1.000000
-0.514892 0.256684 2.663185 1.000000
-0.177926 0.317915 2.621599 1.000000
-0.372857 0.330943 2.492348 0.000000
-0.313419 0.163240 2.727047 0.000000
-0.490545 -0.078798 2.608133 0.692308
-0.127789 -0.041227 2.564864 0.721154
-0.295031 -0.065280 2.700440 0.000000
-0.557552 -0.017333 2.660204 1.000000
-0.081739 0.058015 2.610891 1.000000
-0.525374 -0.303341 2.606188 1.000000
-0.069197 -0.221573 2.524710 1.000000
-0.494674 -0.360233 2.616633 0.391827
-0.099840 -0.273890 2.499968 0.610577
-0.358452 -0.567207 2.702327 1.000000
-0.196589 -0.557305 2.650555 1.000000
-0.323964 -0.967235 2.768939 0.853606
-0.188729 -0.953088 2.745120 1.000000
-0.339227 -0.994325 2.614156 0.000000
-0.207496 -0.989869 2.592741 0.000000
-0.365670 0.534971 2.508330 1.000000
-0.508696 0.263931 2.674560 1.000000
-0.172420 0.308677 2.611783 1.000000
-0.374342 0.333134 2.495580 0.000000
-0.308558 0.159672 2.724325 0.000000
-0.489161 -0.083909 2.610246 0.894231
-0.128229 -0.044235 2.555204 0.769231
-0.290585 -0.071717 2.695968 0.000000
-0.556473 -0.009464 2.668527 1.000000
-0.081187 0.047048 2.594732 1.000000
-0.539086 -0.297028 2.614438 1.000000
-0.069091 -0.232786 2.508318 1.000000
-0.516382 -0.358279 2.609851 0.475962
-0.079996 -0.294627 2.489742 0.425481
-0.356980 -0.568861 2.709371 0.988462
-0.189356 -0.558935 2.650449 1.000000
-0.317181 -0.968857 2.773151 0.872356
-0.187241 -0.954712 2.745340 1.000000
-0.337357 -0.995468 2.618848 0.000000
-0.209244 -0.991273 2.593341 0.000000
-0.354980 0.536993 2.513752 1.000000
-0.494156 0.242699 2.669557 1.000000
-0.159937 0.302319 2.608173 1.000000
-0.362234 0.317577 2.491053 0.000000
-0.289787 0.147546 2.720360 0.000000
-0.480756 -0.083902 2.608782 0.875000
-0.120656 -0.054806 2.542775 0.711538
-0.279597 -0.074565 2.688639 0.000000
-0.556803 -0.028553 2.666953 1.000000
-0.069056 0.039863 2.589022 1.000000
-0.552764 -0.316861 2.609687 1.000000
-0.066277 -0.241857 2.505098 1.000000
-0.533108 -0.377718 2.623769 0.189904
-0.097603 -0.299360 2.504570 0.543269
-0.352519 -0.571928 2.707541 0.976923
-0.187960 -0.564400 2.655812 1.000000
-0.298266 -0.968270 2.782499 1.000000
-0.192849 -0.961232 2.746083 1.000000
-0.324633 -1.000673 2.630251 0.000000
-0.219517 -0.995435 2.594282 0.000000
-0.348401 0.525431 2.513895 1.000000
-0.498097 0.257614 2.673044 1.000000
-0.163137 0.306613 2.606516 1.000000
-0.366918 0.332116 2.493836 0.000000
-0.296432 0.153880 2.717454 0.000000
-0.481839 -0.080058 2.598840 0.903846
-0.119972 -0.051095 2.543262 0.769231
-0.283161 -0.069491 2.684542 0.000000
-0.555317 -0.015110 2.662256 1.000000
-0.074668 0.043273 2.582157 1.000000
-0.557211 -0.305469 2.613326 1.000000
-0.064237 -0.239994 2.502424 1.000000
-0.541939 -0.363438 2.639682 0.341346
-0.095408 -0.296929 2.511085 0.610577
-0.350248 -0.566512 2.706642 1.000000
-0.185593 -0.559042 2.660852 1.000000
-0.296257 -0.963654 2.777441 1.000000
-0.187734 -0.956050 2.750454 1.000000
-0.318406 -0.994001 2.624102 0.000000
-0.209167 -0.990375 2.597853 0.000000
-0.350306 0.536058 2.517497 1.000000
-0.491983 0.254540 2.668981 1.000000
-0.155479 0.300516 2.608352 1.000000
-0.357021 0.327991 2.492165 0.000000
-0.292084 0.148918 2.716790 0.000000
-0.471731 -0.082609 2.600386 1.000000
-0.111533 -0.051297 2.535947 0.740385
-0.271132 -0.070123 2.681215 0.000000
-0.551089 -0.018357 2.661672 1.000000
-0.064433 0.037744 2.582249 1.000000
-0.554779 -0.306690 2.599728 1.000000
-0.053632 -0.245094 2.499350 1.000000
-0.569896 -0.370335 2.596729 0.206731
-0.080195 -0.303844 2.487901 0.375000
-0.349393 -0.568762 2.705968 1.000000
-0.178952 -0.559147 2.659654 1.000000
-0.286473 -0.960940 2.794771 0.956731
-0.187098 -0.951673 2.766923 1.000000
-0.312472 -0.999286 2.643847 0.096154
-0.213008 -0.992225 2.616561 0.153846
-0.340478 0.531847 2.516885 1.000000
-0.492055 0.256858 2.676838 1.000000
-0.156899 0.302003 2.608594 1.000000
-0.361223 0.334640 2.498775 0.000000
-0.291884 0.148229 2.715993 0.000000
-0.470101 -0.080270 2.597535 0.884615
-0.108560 -0.050840 2.540111 0.788462
-0.270938 -0.070331 2.682177 0.000000
-0.545464 -0.016942 2.654310 1.000000
-0.065120 0.038818 2.583368 1.000000
-0.546150 -0.308189 2.604283 1.000000
-0.049920 -0.244870 2.502013 1.000000
-0.533625 -0.360635 2.641442 0.307692
-0.082352 -0.301744 2.500696 0.375000
-0.346849 -0.567181 2.703450 1.000000
-0.176155 -0.557566 2.663459 1.000000
-0.289434 -0.963311 2.777160 1.000000
-0.186613 -0.955376 2.748823 1.000000
-0.312841 -0.995145 2.624310 0.000000
-0.208830 -0.987611 2.595880 0.000000
-0.338891 0.530015 2.515877 1.000000
-0.481501 0.251183 2.669049 1.000000
-0.145633 0.298816 2.606210 1.000000
-0.348347 0.329201 2.492819 0.000000
-0.281118 0.144433 2.712095 0.000000
-0.468270 -0.079638 2.600917 0.980769
-0.107559 -0.050483 2.538364 0.759615
-0.267831 -0.071069 2.682649 0.000000
-0.540817 -0.021477 2.647758 1.000000
-0.056753 0.034053 2.588435 1.000000
-0.537909 -0.309405 2.581390 1.000000
-0.049574 -0.249444 2.505408 1.000000
-0.505924 -0.362734 2.601915 0.425481
-0.080315 -0.306219 2.494463 0.576923
-0.346137 -0.567517 2.701482 1.000000
-0.176109 -0.557238 2.662010 1.000000
-0.247908 -0.946435 2.812933 1.000000
-0.179963 -0.948707 2.773300 1.000000
-0.277108 -0.997134 2.666299 0.730769
-0.204496 -0.991131 2.623224 0.192308
-0.330701 0.527648 2.514543 1.000000
-0.474620 0.255084 2.655684 1.000000
-0.134769 0.298200 2.614853 1.000000
-0.329091 0.329270 2.487780 0.000000
-0.278829 0.146742 2.713387 0.000000
-0.465877 -0.078569 2.584550 1.000000
-0.101120 -0.054395 2.549288 0.711538
-0.272142 -0.071148 2.681197 0.000000
-0.534566 -0.018101 2.640968 1.000000
-0.053454 0.031409 2.589349 1.000000
-0.514219 -0.303789 2.567328 1.000000
-0.045735 -0.253325 2.509841 1.000000
-0.516826 -0.367932 2.554396 0.274038
-0.076967 -0.308372 2.526652 0.425481
-0.356588 -0.565156 2.704338 1.000000
-0.176317 -0.561795 2.660193 1.000000
-0.201380 -0.905053 2.865675 0.353606
-0.228091 -0.950916 2.767676 1.000000
-0.237048 -0.983990 2.733685 0.115385
-0.236422 -0.991861 2.615431 0.057692
-0.322631 0.532177 2.515908 1.000000
