-0.369101 0.284032 2.554654 1.000000
-0.042418 0.295707 2.546254 1.000000
-0.210007 0.334505 2.447299 0.000000
-0.199138 0.169065 2.640059 0.000000
-0.357709 -0.028552 2.533118 0.528846
-0.041740 -0.032424 2.530893 0.519231
-0.198781 -0.019190 2.646363 0.000000
-0.420227 0.027675 2.648743 1.000000
0.010113 0.025146 2.581219 1.000000
-0.445887 -0.244143 2.556008 1.000000
-0.015743 -0.247960 2.492404 1.000000
-0.473418 -0.299260 2.557111 0.391827
-0.006561 -0.302429 2.519714 0.307692
-0.345032 -0.516339 2.573718 1.000000
-0.072219 -0.520243 2.515473 1.000000
-0.357860 -0.904518 2.673487 1.000000
0.001315 -0.902286 2.612614 1.000000
-0.370697 -0.940229 2.532893 0.000000
0.006888 -0.937137 2.471331 0.000000
-0.221673 0.527278 2.432416 0.927885
-0.403481 0.276567 2.564399 1.000000
-0.077807 0.290708 2.538607 1.000000
-0.250674 0.324073 2.447025 0.000000
-0.228129 0.166575 2.645346 0.000000
-0.389965 -0.029226 2.551100 0.365385
-0.075180 -0.042811 2.526985 0.365385
-0.223546 -0.029933 2.653444 0.000000
-0.448254 0.008628 2.632163 1.000000
-0.025720 0.019371 2.583896 1.000000
-0.471012 -0.267724 2.545270 1.000000
-0.050271 -0.252143 2.483317 1.000000
-0.490216 -0.326038 2.540012 0.459135
-0.044001 -0.308559 2.507294 0.341346
-0.361781 -0.524514 2.562703 1.000000
-0.092468 -0.526098 2.522047 1.000000
-0.366802 -0.912193 2.665079 1.000000
-0.004924 -0.905392 2.618342 1.000000
-0.388134 -0.948714 2.525731 0.000000
-0.006692 -0.941607 2.477304 0.000000
-0.258243 0.527740 2.442008 0.937500
-0.432169 0.273419 2.574533 1.000000
-0.107314 0.289360 2.540709 1.000000
-0.282598 0.325921 2.455136 0.000000
-0.254580 0.160722 2.646368 0.000000
-0.412259 -0.029949 2.554826 0.153846
-0.098352 -0.045129 2.521846 0.605769
-0.243006 -0.031027 2.652409 0.000000
-0.467984 -0.002706 2.610505 1.000000
-0.043685 0.019286 2.583521 1.000000
-0.480222 -0.280600 2.523726 1.000000
-0.072602 -0.254417 2.487834 1.000000
-0.504137 -0.333510 2.544359 0.425481
-0.054159 -0.294536 2.530815 0.442308
-0.372327 -0.527419 2.561778 1.000000
-0.108765 -0.527068 2.533992 1.000000
-0.369203 -0.915340 2.663307 1.000000
-0.015007 -0.903921 2.633950 1.000000
-0.392724 -0.951905 2.524323 0.000000
-0.020747 -0.942560 2.493662 0.000000
-0.273840 0.522580 2.440149 1.000000
-0.458150 0.275479 2.572330 1.000000
-0.132736 0.293349 2.545580 1.000000
-0.306305 0.327575 2.455656 0.000000
-0.281438 0.164970 2.649529 0.000000
-0.435109 -0.034045 2.553290 0.201923
-0.120377 -0.034068 2.525000 0.519231
-0.267464 -0.029205 2.653500 0.000000
-0.490910 -0.003170 2.591001 1.000000
-0.067114 0.022717 2.584559 1.000000
-0.468584 -0.279703 2.500440 1.000000
-0.088097 -0.252846 2.490778 1.000000
-0.491977 -0.335919 2.509907 0.442308
-0.092479 -0.311357 2.471954 0.000000
-0.373331 -0.528743 2.573070 1.000000
-0.118701 -0.519056 2.549985 1.000000
-0.370027 -0.917202 2.672519 1.000000
-0.022579 -0.897772 2.640182 1.000000
-0.387651 -0.953194 2.532517 0.000000
-0.027668 -0.932711 2.498902 0.000000
-0.302985 0.527403 2.444330 0.677885
-0.469077 0.276954 2.566355 1.000000
-0.143060 0.299106 2.554068 1.000000
-0.312979 0.332581 2.457163 0.000000
-0.294506 0.167436 2.649599 0.000000
-0.445531 -0.035021 2.553637 0.125000
-0.130373 -0.028851 2.531429 0.413462
-0.279917 -0.029789 2.657150 0.000000
-0.500282 -0.001437 2.581162 1.000000
-0.078952 0.029781 2.599333 1.000000
-0.463129 -0.278118 2.498480 1.000000
-0.087721 -0.249593 2.517830 1.000000
-0.498382 -0.327439 2.487445 0.475962
-0.089818 -0.310429 2.527399 0.341346
-0.374425 -0.527940 2.585119 1.000000
-0.121753 -0.514441 2.555988 1.000000
-0.369573 -0.916559 2.683875 1.000000
-0.025710 -0.893970 2.642788 1.000000
-0.382849 -0.952432 2.543363 0.038462
-0.028005 -0.926985 2.500973 0.000000
-0.318060 0.528632 2.441514 1.000000
-0.472700 0.276220 2.553637 1.000000
-0.146732 0.301222 2.560615 1.000000
-0.310547 0.328874 2.452062 0.000000
-0.302801 0.172075 2.652060 0.000000
-0.444681 -0.033029 2.541698 0.201923
-0.128825 -0.029743 2.550677 0.557692
-0.290032 -0.030128 2.661052 0.000000
-0.501001 -0.002334 2.573281 1.000000
-0.079812 0.034255 2.615651 1.000000
-0.465082 -0.277387 2.484312 1.000000
-0.090302 -0.239574 2.516820 1.000000
-0.462114 -0.334504 2.461381 0.442308
-0.092382 -0.297869 2.496959 0.000000
-0.375881 -0.525818 2.593547 1.000000
-0.118399 -0.513516 2.566879 1.000000
-0.367112 -0.915692 2.686941 1.000000
-0.026909 -0.896057 2.644939 1.000000
-0.366254 -0.949598 2.545321 0.000000
-0.015809 -0.922535 2.502172 0.000000
-0.315557 0.536706 2.451697 0.653846
-0.470085 0.278604 2.542356 1.000000
-0.144830 0.304049 2.564508 1.000000
-0.303115 0.328240 2.447272 0.000000
-0.305286 0.177650 2.652121 0.000000
-0.442004 -0.034548 2.540652 0.259615
-0.126876 -0.024589 2.561895 0.384615
-0.292270 -0.026272 2.665878 0.000000
-0.496225 0.003468 2.562881 1.000000
-0.079943 0.042614 2.629671 1.000000
-0.448086 -0.268340 2.482037 1.000000
-0.086384 -0.229845 2.537707 1.000000
-0.452315 -0.329163 2.473111 0.644231
-0.080643 -0.290676 2.529728 0.206731
-0.373248 -0.524327 2.604419 1.000000
-0.120035 -0.511271 2.584285 1.000000
-0.368853 -0.912387 2.705369 1.000000
-0.025727 -0.893775 2.659100 1.000000
-0.362039 -0.948938 2.564570 0.307692
-0.010839 -0.918038 2.516284 0.000000
-0.311305 0.537307 2.440374 0.826923
-0.459959 0.278154 2.539631 1.000000
-0.134573 0.302451 2.561136 1.000000
-0.292787 0.324947 2.443467 0.000000
-0.295613 0.178723 2.651448 0.000000
-0.434297 -0.036761 2.550603 0.173077
-0.118669 -0.026916 2.562355 0.346154
-0.280885 -0.027704 2.671239 0.000000
-0.482467 0.003556 2.561757 1.000000
-0.071401 0.043304 2.633605 1.000000
-0.434774 -0.269192 2.486715 1.000000
-0.079501 -0.227127 2.538215 1.000000
-0.427796 -0.330097 2.480482 0.610577
-0.069336 -0.287291 2.546814 0.375000
-0.372457 -0.526716 2.604877 1.000000
-0.116501 -0.514470 2.592062 1.000000
-0.362086 -0.918159 2.691283 1.000000
-0.026110 -0.899878 2.656020 1.000000
-0.360529 -0.949507 2.549081 0.076923
-0.016887 -0.921563 2.512315 0.000000
-0.300311 0.536689 2.450006 0.831731
-0.444255 0.281886 2.539534 1.000000
-0.118676 0.303053 2.561438 1.000000
-0.276483 0.326618 2.443432 0.000000
-0.281070 0.181306 2.652020 0.000000
-0.421791 -0.034384 2.547106 0.173077
-0.106661 -0.027762 2.569586 0.259615
-0.272544 -0.023448 2.672709 0.000000
-0.473277 0.009470 2.568333 1.000000
-0.061185 0.044010 2.635423 1.000000
-0.424291 -0.261117 2.490086 1.000000
-0.073200 -0.225687 2.541302 1.000000
-0.419392 -0.321982 2.481808 0.475962
-0.067218 -0.286581 2.548593 0.543269
-0.365353 -0.524888 2.604749 1.000000
-0.112960 -0.515872 2.594828 1.000000
-0.363112 -0.917658 2.685541 1.000000
-0.021467 -0.899706 2.666251 1.000000
-0.356417 -0.946931 2.543046 0.000000
-0.007363 -0.922964 2.523189 0.000000
-0.290864 0.536060 2.444676 1.000000
-0.426588 0.287840 2.541947 1.000000
-0.100428 0.306048 2.556669 1.000000
-0.260462 0.329410 2.441660 0.000000
-0.262048 0.187338 2.652512 0.000000
-0.407772 -0.029268 2.558840 0.221154
-0.091795 -0.028924 2.562659 0.615385
-0.251178 -0.019874 2.675289 0.000000
-0.454237 0.018742 2.583122 1.000000
-0.039227 0.050795 2.633960 1.000000
-0.426472 -0.253836 2.508396 1.000000
-0.060265 -0.215754 2.538236 1.000000
-0.406160 -0.311777 2.503161 0.408654
-0.050096 -0.276516 2.539470 0.442308
-0.360732 -0.521180 2.604594 1.000000
-0.103207 -0.515578 2.598821 1.000000
-0.353623 -0.913705 2.686293 1.000000
-0.015596 -0.901036 2.666253 1.000000
-0.357899 -0.943440 2.543801 0.000000
-0.010645 -0.925023 2.522702 0.000000
-0.259732 0.537839 2.441174 0.942308
-0.412633 0.286981 2.540965 1.000000
-0.086578 0.304204 2.558871 1.000000
-0.245486 0.329134 2.442636 0.000000
-0.249368 0.184947 2.652017 0.000000
-0.397032 -0.027503 2.549443 0.211538
-0.081670 -0.029481 2.569419 0.509615
-0.246549 -0.020561 2.673849 0.000000
-0.441606 0.022211 2.603310 1.000000
-0.028824 0.046597 2.630513 1.000000
-0.436150 -0.253206 2.534597 1.000000
-0.053583 -0.220863 2.538548 1.000000
-0.429018 -0.314305 2.538217 0.475962
-0.044204 -0.280532 2.550743 0.543269
-0.345246 -0.519906 2.610810 1.000000
-0.093802 -0.515410 2.601003 1.000000
-0.355186 -0.914434 2.681871 1.000000
-0.011852 -0.899226 2.683286 1.000000
-0.348482 -0.940385 2.538734 0.000000
0.001523 -0.926887 2.540939 0.000000
-0.243691 0.534021 2.431835 0.889423
-0.404704 0.290551 2.555129 1.000000
-0.078047 0.301477 2.544894 1.000000
-0.245859 0.329610 2.442760 0.000000
-0.234483 0.185252 2.651750 0.000000
-0.391043 -0.025494 2.563939 0.144231
-0.075204 -0.033332 2.557617 0.692308
-0.230666 -0.022876 2.675484 0.000000
-0.430242 0.024993 2.622058 1.000000
-0.017620 0.043754 2.619596 1.000000
-0.436499 -0.252420 2.555006 1.000000
-0.047566 -0.227702 2.536483 1.000000
-0.436565 -0.313184 2.565241 0.644231
-0.048159 -0.288067 2.548839 0.711538
-0.339591 -0.520028 2.614188 1.000000
-0.086577 -0.516816 2.602937 1.000000
-0.349770 -0.915173 2.681703 1.000000
-0.009546 -0.903642 2.675275 1.000000
-0.355234 -0.939545 2.538236 0.000000
-0.009179 -0.930340 2.532119 0.000000
-0.235329 0.537604 2.432616 0.730769
-0.390851 0.289785 2.557994 1.000000
-0.064563 0.301020 2.539590 1.000000
-0.234903 0.328880 2.441652 0.000000
-0.218164 0.184755 2.650442 0.000000
-0.382976 -0.025397 2.568350 0.105769
-0.067376 -0.031838 2.553815 0.355769
-0.219773 -0.022548 2.675713 0.000000
-0.420944 0.024732 2.634046 1.000000
-0.005312 0.038744 2.607727 1.000000
-0.431237 -0.262003 2.610418 1.000000
-0.041287 -0.234776 2.525423 1.000000
-0.434452 -0.322706 2.600322 0.274038
-0.039257 -0.294204 2.541587 0.677885
-0.332880 -0.520224 2.605835 1.000000
-0.079586 -0.516050 2.602559 1.000000
-0.348678 -0.914050 2.679674 1.000000
-0.004014 -0.902270 2.679526 1.000000
-0.358485 -0.940445 2.536797 0.000000
-0.007117 -0.931309 2.536860 0.000000
-0.221494 0.534237 2.424967 0.774038
-0.386909 0.285080 2.562281 1.000000
-0.061980 0.299849 2.528634 1.000000
-0.236966 0.322928 2.437909 0.000000
-0.208778 0.184746 2.649466 0.000000
-0.379630 -0.026115 2.575648 0.086538
-0.064911 -0.033342 2.548149 0.307692
-0.212127 -0.022747 2.676155 0.000000
-0.417625 0.020278 2.644297 1.000000
-0.002712 0.036352 2.598254 1.000000
-0.431078 -0.267922 2.620744 1.000000
-0.038116 -0.242399 2.528691 1.000000
-0.450210 -0.326154 2.627069 0.173077
-0.035592 -0.303948 2.530260 0.610577
-0.333831 -0.521599 2.588258 1.000000
-0.075997 -0.516898 2.603985 1.000000
-0.353149 -0.914314 2.667017 1.000000
-0.005637 -0.905275 2.674790 1.000000
-0.370233 -0.941943 2.525062 0.000000
-0.015283 -0.933026 2.532159 0.000000
-0.217549 0.533670 2.422699 0.711538
-0.390188 0.281638 2.562180 1.000000
-0.065580 0.295529 2.525227 1.000000
-0.241419 0.319212 2.436325 0.004808
-0.211461 0.180696 2.647420 0.000000
-0.380027 -0.028756 2.578017 0.086538
-0.065556 -0.033873 2.547388 0.471154
-0.211539 -0.022163 2.676702 0.000000
-0.421824 0.015499 2.644996 0.984615
-0.001829 0.030254 2.590450 1.000000
-0.431215 -0.274339 2.619129 1.000000
-0.043789 -0.249210 2.520430 1.000000
-0.448665 -0.331378 2.634590 0.425481
-0.031591 -0.304697 2.544295 0.644231
-0.340996 -0.521684 2.559022 1.000000
-0.076966 -0.518154 2.605284 1.000000
-0.354395 -0.914982 2.636084 1.000000
-0.004705 -0.905721 2.678569 1.000000
-0.375918 -0.941969 2.494610 0.000000
-0.015523 -0.934648 2.536256 0.000000
-0.223934 0.526705 2.415678 0.990385
-0.414307 0.274804 2.566969 1.000000
-0.090137 0.284573 2.525169 1.000000
-0.266954 0.312397 2.439464 0.000000
-0.235814 0.169763 2.647626 0.000000
-0.395177 -0.036391 2.581484 0.192308
-0.082491 -0.042390 2.536239 0.730769
-0.222238 -0.026452 2.671837 0.000000
-0.446425 0.005429 2.641801 1.000000
-0.024769 0.021433 2.600528 1.000000
-0.451942 -0.284947 2.610839 1.000000
-0.054117 -0.257251 2.518182 1.000000
-0.461110 -0.344575 2.623387 0.257212
-0.049396 -0.312884 2.544253 0.509615
-0.360031 -0.525536 2.532126 1.000000
-0.087570 -0.524858 2.600826 1.000000
-0.363450 -0.916544 2.621018 1.000000
-0.005422 -0.909590 2.678503 1.000000
-0.394146 -0.947847 2.482149 0.000000
-0.022383 -0.941685 2.537475 0.000000
-0.255583 0.518021 2.420150 0.975962
-0.447525 0.271365 2.556566 1.000000
-0.121442 0.286345 2.537219 1.000000
-0.292308 0.309911 2.439070 0.000000
-0.273338 0.170565 2.650891 0.000000
-0.418896 -0.043855 2.578830 0.240385
-0.105064 -0.038837 2.542220 0.951923
-0.248940 -0.028844 2.674015 0.000000
-0.471072 -0.000490 2.625601 1.000000
-0.053805 0.024252 2.614409 1.000000
-0.461042 -0.287419 2.571632 1.000000
-0.068379 -0.250973 2.517559 1.000000
-0.479292 -0.346091 2.566978 0.576923
-0.071193 -0.309433 2.498284 0.000000
-0.378049 -0.530473 2.533719 1.000000
-0.102213 -0.524638 2.581571 1.000000
-0.366677 -0.922242 2.618505 1.000000
-0.011537 -0.907320 2.659885 1.000000
-0.396019 -0.953227 2.479273 0.000000
-0.021824 -0.938779 2.518072 0.000000
-0.293848 0.513333 2.418411 0.927885
-0.484958 0.275150 2.545527 1.000000
-0.158271 0.289374 2.547201 1.000000
-0.322186 0.308274 2.436936 0.000000
-0.317676 0.178923 2.655781 0.000000
-0.449293 -0.048644 2.575442 0.567308
-0.134444 -0.026174 2.560571 0.663462
-0.287484 -0.023416 2.681986 0.000000
-0.507565 0.000481 2.600985 1.000000
-0.083396 0.034046 2.637927 1.000000
-0.495940 -0.282469 2.530740 1.000000
-0.092642 -0.225841 2.505628 1.000000
-0.508787 -0.336106 2.503263 0.459135
-0.084665 -0.283334 2.484939 0.038462
-0.392684 -0.531786 2.544219 1.000000
-0.113867 -0.507546 2.517109 1.000000
-0.374736 -0.923769 2.626849 1.000000
-0.019753 -0.886879 2.606831 1.000000
-0.394255 -0.954391 2.485824 0.000000
-0.010811 -0.918230 2.464902 0.000000
-0.314210 0.518653 2.419863 0.879808
-0.525897 0.281084 2.530591 1.000000
-0.201537 0.301675 2.566587 1.000000
-0.353054 0.314812 2.439096 0.000000
-0.369734 0.190721 2.660384 0.000000
-0.481457 -0.049105 2.565297 0.769231
-0.168687 -0.014126 2.593710 0.490385
-0.337085 -0.016187 2.692747 0.000000
-0.566684 0.004568 2.551080 1.000000
-0.118461 0.050059 2.657870 1.000000
-0.563039 -0.258138 2.426260 1.000000
-0.126299 -0.184356 2.485836 1.000000
-0.573782 -0.311846 2.398028 0.240385
-0.122762 -0.245334 2.477698 0.240385
-0.394028 -0.531938 2.568819 1.000000
-0.138828 -0.437955 2.393409 1.000000
-0.371279 -0.926659 2.635744 1.000000
-0.034278 -0.803739 2.520185 1.000000
-0.364607 -0.950603 2.492256 0.000000
-0.007113 -0.843598 2.382781 0.000000
-0.362526 0.523270 2.418571 0.745192
-0.543736 0.291440 2.524602 1.000000
-0.220911 0.310468 2.573094 1.000000
-0.367288 0.323868 2.439759 0.000000
-0.393226 0.200801 2.660728 0.000000
-0.495486 -0.040080 2.560652 0.576923
-0.184069 -0.007125 2.602952 0.432692
-0.356024 -0.015758 2.695295 0.000000
-0.597182 0.015559 2.526963 1.000000
-0.139320 0.059887 2.670687 1.000000
-0.599344 -0.229174 2.368315 1.000000
-0.147008 -0.150149 2.468464 1.000000
-0.602017 -0.281274 2.335519 0.358173
-0.140164 -0.207472 2.446917 0.223558
-0.396416 -0.525707 2.579021 1.000000
-0.158172 -0.369530 2.318968 1.000000
-0.373788 -0.921225 2.641103 1.000000
-0.038073 -0.683417 2.537719 0.953606
-0.357235 -0.942735 2.498030 0.000000
-0.005326 -0.755900 2.415734 0.000000
-0.371884 0.527517 2.408101 0.783654
-0.558483 0.303074 2.518788 1.000000
-0.236749 0.317322 2.575478 1.000000
-0.379671 0.335327 2.438976 0.000000
-0.412343 0.207744 2.656463 0.000000
-0.505122 -0.028864 2.556917 0.548077
-0.195018 0.005758 2.606843 0.490385
-0.367843 -0.015958 2.695330 0.000000
-0.623884 0.031462 2.504015 1.000000
-0.150832 0.072534 2.680195 1.000000
-0.639414 -0.204953 2.336155 1.000000
-0.162808 -0.106061 2.451566 1.000000
-0.644071 -0.261150 2.311309 0.274038
-0.145344 -0.148931 2.410895 0.156250
-0.404989 -0.514738 2.590013 1.000000
-0.167328 -0.293335 2.263477 1.000000
-0.382829 -0.912212 2.638220 1.000000
-0.028250 -0.546860 2.541296 0.428606
-0.360484 -0.928310 2.495222 0.000000
0.021654 -0.634553 2.436289 0.000000
-0.375231 0.538804 2.409884 0.721154
-0.575530 0.316558 2.519754 1.000000
-0.253440 0.328292 2.574975 1.000000
-0.397086 0.350646 2.439883 0.000000
-0.428878 0.216869 2.653748 0.000000
-0.515115 -0.023258 2.555932 0.500000
-0.208020 0.035625 2.601555 0.442308
-0.375374 -0.009380 2.691763 0.000000
-0.655005 0.052796 2.501454 1.000000
-0.157550 0.119315 2.727799 1.000000
-0.706555 -0.194464 2.366140 1.000000
-0.188728 -0.020913 2.479870 0.932692
-0.717472 -0.248057 2.337756 0.492788
-0.193222 -0.062879 2.434974 0.206731
-0.410601 -0.499609 2.596876 1.000000
-0.148195 -0.194956 2.225321 1.000000
-0.391943 -0.898727 2.630911 1.000000
-0.052982 -0.488617 2.481248 0.000000
-0.369038 -0.909883 2.487532 0.000000
0.007326 -0.564051 2.372256 0.000000
-0.400684 0.546172 2.412656 0.783654
-0.599406 0.318546 2.521570 1.000000
-0.276539 0.334538 2.570866 1.000000
-0.422739 0.352832 2.437921 0.000000
-0.449429 0.222944 2.654859 0.000000
-0.521593 -0.025157 2.561807 0.990385
-0.218860 0.058456 2.596703 0.461538
-0.379480 0.002701 2.692948 0.000000
-0.681781 0.055226 2.517309 1.000000
-0.161494 0.140860 2.730223 1.000000
-0.759064 -0.204938 2.425874 1.000000
-0.204520 0.011091 2.478574 0.932692
-0.782655 -0.253778 2.396631 0.408654
-0.209626 -0.026953 2.430370 0.105769
-0.417335 -0.492548 2.597115 1.000000
-0.111252 -0.162765 2.237357 1.000000
-0.378894 -0.889048 2.643063 1.000000
-0.056336 -0.481222 2.474782 0.000000
-0.362228 -0.904106 2.499180 0.000000
0.013480 -0.549652 2.366848 0.000000
-0.421129 0.551910 2.412857 0.879808
-0.633154 0.309948 2.527402 1.000000
-0.308833 0.337907 2.558437 1.000000
-0.462489 0.347088 2.433180 0.000000
-0.473098 0.223674 2.655221 0.000000
-0.541847 -0.032629 2.574854 1.000000
-0.245859 0.077378 2.586909 0.701923
-0.399002 0.023650 2.695678 0.000000
-0.724161 0.055213 2.584445 1.000000
-0.173473 0.149939 2.709340 1.000000
-0.831566 -0.210339 2.567967 1.000000
-0.215364 0.016420 2.458855 0.548077
-0.864223 -0.262487 2.564619 0.492788
-0.222939 -0.015906 2.406944 0.000000
-0.431326 -0.490212 2.593294 1.000000
-0.072270 -0.161236 2.285065 1.000000
-0.379522 -0.883934 2.648972 1.000000
0.176521 -0.358313 2.530146 1.000000
-0.378180 -0.904151 2.504763 0.000000
0.257357 -0.398407 2.415845 0.000000
-0.476061 0.555001 2.424479 0.942308
-0.680264 0.296899 2.542812 1.000000
-0.357558 0.349179 2.535247 1.000000
-0.524392 0.340822 2.428100 0.000000
-0.500960 0.229052 2.655265 0.000000
-0.564543 -0.038450 2.590774 0.971154
-0.271304 0.077080 2.567975 0.548077
-0.415866 0.036511 2.692981 0.000000
-0.748380 0.043959 2.639141 1.000000
-0.200741 0.159872 2.667418 1.000000
-0.865412 -0.217809 2.680283 1.000000
-0.209159 -0.020732 2.441094 1.000000
-0.902491 -0.260294 2.705126 0.375000
-0.208404 -0.064400 2.397625 0.000000
-0.436985 -0.491570 2.590948 1.000000
-0.029881 -0.199276 2.369414 1.000000
-0.381658 -0.883518 2.655108 1.000000
0.304273 -0.401336 2.460592 1.000000
-0.397783 -0.909113 2.512660 0.000000
0.344348 -0.398222 2.320624 0.000000
-0.492025 0.557016 2.434826 0.855769
-0.705086 0.295477 2.558939 1.000000
-0.383564 0.343995 2.524313 1.000000
-0.559343 0.341188 2.432238 0.000000
-0.517574 0.221799 2.652798 0.000000
-0.582014 -0.038157 2.599172 0.596154
-0.288077 0.069053 2.554866 0.432692
-0.430217 0.047745 2.687200 0.000000
-0.752025 0.050350 2.686093 1.000000
-0.208872 0.180381 2.669820 1.000000
-0.870332 -0.198711 2.778219 1.000000
-0.220678 -0.027093 2.466522 1.000000
-0.899774 -0.244191 2.807577 0.375000
-0.220744 -0.073215 2.425658 0.000000
-0.429934 -0.488600 2.582659 1.000000
-0.004860 -0.226033 2.472903 1.000000
-0.397176 -0.881691 2.654824 1.000000
0.341800 -0.412822 2.397159 1.000000
-0.417705 -0.909376 2.513337 0.000000
0.324453 -0.387308 2.254840 0.000000
-0.515736 0.555281 2.433471 0.855769
-0.716646 0.277504 2.565732 1.000000
-0.400057 0.346853 2.522246 1.000000
-0.577603 0.331656 2.434895 0.000000
-0.522283 0.217176 2.655076 0.000000
-0.586398 -0.038726 2.605625 0.500000
-0.294388 0.071201 2.555606 0.701923
-0.437730 0.057885 2.687689 0.000000
-0.748951 0.047918 2.718267 1.000000
-0.221736 0.184428 2.659504 1.000000
-0.851062 -0.189394 2.845630 1.000000
-0.202456 -0.039731 2.479652 1.000000
-0.869413 -0.221933 2.894635 0.341346
-0.196506 -0.088853 2.442929 0.000000
-0.412051 -0.479689 2.570670 1.000000
-0.005876 -0.234351 2.515535 1.000000
-0.397680 -0.874216 2.640977 1.000000
0.323130 -0.408474 2.366413 1.000000
-0.414746 -0.900191 2.498707 0.000000
0.275057 -0.383537 2.231232 0.211538
-0.538814 0.548501 2.425067 0.865385
-0.719445 0.261204 2.572677 1.000000
-0.404717 0.336688 2.526019 1.000000
-0.580946 0.309369 2.438953 0.000000
-0.524150 0.213927 2.667668 0.000000
-0.582477 -0.044918 2.612729 0.298077
-0.287221 0.054724 2.560277 0.538462
-0.429501 0.045567 2.693853 0.000000
-0.717175 0.031298 2.731310 1.000000
-0.219494 0.180289 2.664795 1.000000
-0.783639 -0.219146 2.861350 1.000000
-0.207075 -0.030811 2.466471 1.000000
-0.805170 -0.268819 2.890779 0.475962
-0.201529 -0.077809 2.427006 0.000000
-0.406012 -0.492657 2.597756 1.000000
-0.017905 -0.218633 2.439979 1.000000
-0.389962 -0.889671 2.651822 1.000000
0.313976 -0.440490 2.402090 1.000000
-0.409187 -0.909912 2.508898 0.000000
0.319167 -0.408479 2.260121 0.000000
-0.566485 0.539337 2.436083 0.836538
-0.713345 0.256334 2.593966 1.000000
-0.403712 0.333307 2.522332 1.000000
-0.585732 0.302963 2.449313 0.014423
-0.511041 0.212398 2.674845 0.000000
-0.574179 -0.058109 2.635021 0.423077
-0.291240 0.057554 2.554875 0.500000
-0.421140 0.044359 2.700209 0.000000
-0.689141 0.015571 2.732263 1.000000
-0.217369 0.178417 2.660043 1.000000
-0.722584 -0.259716 2.814569 1.000000
-0.216388 -0.033442 2.463092 1.000000
-0.737070 -0.307858 2.850198 0.274038
-0.213611 -0.080371 2.423254 0.000000
-0.394631 -0.495564 2.593084 1.000000
-0.043864 -0.220705 2.392945 1.000000
-0.374747 -0.890247 2.661141 1.000000
0.275201 -0.459979 2.434730 1.000000
-0.405313 -0.915935 2.521097 0.000000
0.299841 -0.452150 2.291419 0.000000
-0.562821 0.533670 2.431963 0.764423
-0.683778 0.267146 2.596772 1.000000
-0.369188 0.338542 2.543244 1.000000
-0.549341 0.322292 2.461607 0.000000
-0.486275 0.207978 2.679782 0.000000
-0.563521 -0.064893 2.632845 0.461538
-0.280873 0.062136 2.570958 0.509615
-0.412373 0.030358 2.711913 0.000000
-0.661711 0.008286 2.700160 1.000000
-0.199263 0.158989 2.673898 1.000000
-0.642566 -0.280691 2.681587 1.000000
-0.242254 -0.020352 2.449827 1.000000
-0.643310 -0.341495 2.691558 0.189904
-0.248315 -0.061726 2.404566 0.000000
-0.386168 -0.503202 2.591197 1.000000
-0.090688 -0.222559 2.334479 1.000000
-0.351556 -0.896631 2.660599 1.000000
0.125157 -0.490676 2.540210 0.481731
-0.377327 -0.923726 2.519857 0.000000
0.193599 -0.529581 2.417700 0.000000
-0.551497 0.535717 2.433224 0.769231
-0.668809 0.273793 2.588500 1.000000
-0.350995 0.342599 2.554020 1.000000
-0.526877 0.332197 2.462691 0.000000
-0.476627 0.208534 2.679088 0.000000
-0.559570 -0.065790 2.621662 0.634615
-0.276109 0.066984 2.578335 0.355769
-0.410863 0.022448 2.712605 0.000000
-0.649962 0.002744 2.656680 1.000000
-0.206690 0.143006 2.687474 1.000000
-0.604110 -0.271331 2.571188 1.000000
-0.240114 -0.016718 2.446851 1.000000
-0.593206 -0.326207 2.545365 0.324519
-0.244586 -0.054301 2.398225 0.000000
-0.388548 -0.506723 2.594286 1.000000
-0.130373 -0.229966 2.303593 1.000000
-0.365741 -0.902233 2.656357 1.000000
0.084920 -0.482603 2.528592 0.000000
-0.384626 -0.925683 2.513879 0.000000
0.146346 -0.537289 2.408414 0.000000
-0.529566 0.529953 2.423001 0.875000
-0.658135 0.282970 2.572310 1.000000
-0.335954 0.338238 2.563738 1.000000
-0.505172 0.341241 2.460104 0.000000
-0.475951 0.203763 2.671979 0.000000
-0.557433 -0.058127 2.604753 0.682692
-0.264430 0.059181 2.589128 0.451923
-0.408600 0.009953 2.711448 0.000000
-0.650316 0.005935 2.615864 1.000000
-0.202721 0.135553 2.704713 1.000000
-0.596207 -0.247234 2.482598 1.000000
-0.232970 -0.023500 2.462703 1.000000
-0.580655 -0.291375 2.442514 0.240385
-0.236891 -0.061340 2.414228 0.000000
-0.399694 -0.510467 2.604192 1.000000
-0.159724 -0.222730 2.274145 1.000000
-0.372186 -0.906871 2.658126 1.000000
0.064019 -0.460744 2.506716 0.000000
-0.378431 -0.926910 2.514021 0.000000
0.123306 -0.520919 2.388096 0.000000
-0.503965 0.538323 2.428004 0.706731
-0.650127 0.299630 2.536354 1.000000
-0.326035 0.328028 2.569325 1.000000
-0.478985 0.337303 2.443214 0.000000
-0.490665 0.213266 2.664853 0.000000
-0.558899 -0.041672 2.592124 0.615385
-0.260929 0.062369 2.607780 0.211538
-0.414673 0.006709 2.714714 0.000000
-0.668910 0.024165 2.572666 1.000000
-0.203797 0.127584 2.719100 1.000000
-0.622892 -0.217405 2.420794 1.000000
-0.252415 -0.000391 2.464546 1.000000
-0.615971 -0.246657 2.367003 0.324519
-0.260885 -0.031873 2.412257 0.000000
-0.422014 -0.501745 2.610288 1.000000
-0.159575 -0.196764 2.267207 0.965385
-0.391237 -0.898556 2.659226 1.000000
0.054159 -0.448990 2.494144 0.031731
-0.382845 -0.915710 2.514858 0.000000
0.116379 -0.503924 2.374489 0.000000
-0.487253 0.553838 2.438045 0.769231
-0.655263 0.302288 2.537364 1.000000
-0.330121 0.327398 2.561471 1.000000
-0.486314 0.337791 2.439489 0.000000
-0.493301 0.214752 2.661880 0.000000
-0.555270 -0.038033 2.593811 0.576923
-0.258541 0.070500 2.599165 0.384615
-0.408784 0.015701 2.711390 0.000000
-0.686196 0.031924 2.578923 1.000000
-0.200380 0.139438 2.715157 1.000000
-0.679741 -0.223909 2.451887 1.000000
-0.243927 0.009690 2.464359 1.000000
-0.676784 -0.273420 2.415322 0.088942
-0.251734 -0.021840 2.411995 0.000000
-0.430334 -0.496485 2.607876 1.000000
-0.137352 -0.171480 2.265550 1.000000
-0.396439 -0.892757 2.659072 1.000000
0.032980 -0.417507 2.532493 1.000000
-0.394613 -0.911261 2.514639 0.000000
0.110776 -0.479220 2.425976 0.000000
-0.479392 0.558741 2.439836 0.682692
-0.667669 0.298428 2.547719 1.000000
-0.342233 0.329195 2.556325 1.000000
-0.504180 0.336476 2.441853 0.000000
-0.498505 0.214124 2.664660 0.000000
-0.557333 -0.043694 2.600714 0.807692
-0.265747 0.077633 2.590057 0.500000
-0.411048 0.025853 2.709959 0.000000
-0.703717 0.031555 2.603481 1.000000
-0.186302 0.147038 2.690988 1.000000
-0.755647 -0.245125 2.556370 1.000000
-0.232267 0.004889 2.447782 1.000000
-0.779449 -0.296357 2.531758 0.425481
-0.240288 -0.028464 2.396594 0.000000
-0.437420 -0.495797 2.601295 1.000000
-0.101235 -0.172902 2.293063 1.000000
-0.393694 -0.890137 2.659477 1.000000
0.117492 -0.430063 2.509460 1.000000
-0.404084 -0.912465 2.515949 0.000000
0.190035 -0.469344 2.389455 0.197115
-0.516422 0.559334 2.460250 0.764423
-0.687074 0.287939 2.567423 1.000000
-0.363215 0.329645 2.549960 1.000000
-0.534365 0.334730 2.449633 0.000000
-0.506072 0.206086 2.667109 0.000000
-0.567778 -0.052603 2.601986 0.538462
-0.275608 0.064307 2.573272 0.480769
-0.421201 0.032103 2.699508 0.000000
-0.733765 0.027185 2.652464 1.000000
-0.179091 0.154210 2.662767 1.000000
-0.827123 -0.236842 2.722848 1.000000
-0.216658 -0.017179 2.433433 1.000000
-0.851410 -0.292840 2.731299 0.576923
-0.221715 -0.056515 2.386272 0.000000
-0.434520 -0.502375 2.595859 1.000000
-0.040398 -0.220930 2.382085 1.000000
-0.399554 -0.897140 2.657004 1.000000
0.278152 -0.463133 2.407867 1.000000
-0.417194 -0.920791 2.514400 0.000000
0.305506 -0.442218 2.266372 0.000000
-0.538003 0.554963 2.460401 0.687500
-0.694803 0.280331 2.577202 1.000000
-0.374093 0.332337 2.540197 1.000000
-0.551145 0.332352 2.450553 0.000000
-0.505551 0.203902 2.665185 0.000000
-0.574660 -0.057138 2.605534 0.625000
-0.288583 0.069002 2.559656 0.644231
-0.428691 0.039270 2.692532 0.000000
-0.743186 0.028790 2.690482 1.000000
-0.192151 0.147937 2.646687 1.000000
-0.840202 -0.225957 2.791448 1.000000
-0.191248 -0.059639 2.443184 1.000000
-0.868463 -0.271857 2.821306 0.442308
-0.187794 -0.105898 2.402623 0.000000
-0.426137 -0.499671 2.590044 1.000000
-0.022227 -0.272514 2.484362 1.000000
-0.389923 -0.893327 2.657305 1.000000
0.321700 -0.459377 2.397197 1.000000
-0.414107 -0.919672 2.516139 0.000000
0.295554 -0.441213 2.255095 0.000000
-0.539526 0.554031 2.460354 0.706731
-0.697595 0.273255 2.577764 1.000000
-0.379137 0.332188 2.532598 1.000000
-0.557676 0.323675 2.446371 0.000000
-0.504794 0.205705 2.665305 0.000000
-0.570221 -0.051268 2.606838 0.365385
-0.284883 0.072758 2.551559 0.923077
-0.424060 0.050709 2.686888 0.000000
-0.737048 0.033784 2.713784 1.000000
-0.200037 0.142632 2.629533 1.000000
-0.831335 -0.210513 2.835474 1.000000
-0.190571 -0.089189 2.457634 1.000000
-0.858295 -0.254869 2.868681 0.644231
-0.185747 -0.140288 2.423537 0.000000
-0.406282 -0.489954 2.580904 1.000000
-0.011592 -0.273959 2.520863 1.000000
-0.376504 -0.883413 2.652350 1.000000
0.313338 -0.477676 2.403725 1.000000
-0.401309 -0.910866 2.511504 0.000000
0.272140 -0.463487 2.264772 0.000000
-0.538448 0.553333 2.458864 0.605769
-0.687792 0.268045 2.592527 1.000000
-0.372311 0.331066 2.533967 1.000000
-0.553941 0.318549 2.454988 0.000000
-0.490672 0.204751 2.673373 0.000000
-0.564105 -0.056818 2.618025 0.490385
-0.278953 0.061796 2.551127 0.682692
-0.412755 0.042047 2.692114 0.000000
-0.708801 0.023364 2.722063 1.000000
-0.200668 0.136659 2.633135 1.000000
-0.783425 -0.234993 2.825616 1.000000
-0.182198 -0.084814 2.449698 1.000000
-0.813733 -0.281161 2.852949 0.139423
-0.175780 -0.133869 2.412962 0.000000
-0.390620 -0.496909 2.585876 1.000000
-0.023339 -0.288999 2.480290 1.000000
-0.362869 -0.892101 2.647962 1.000000
0.282363 -0.546815 2.450652 1.000000
-0.391045 -0.916203 2.507136 0.000000
0.269393 -0.545520 2.305612 0.000000
-0.550902 0.540235 2.442861 0.639423
-0.671910 0.268645 2.597784 1.000000
-0.357356 0.330849 2.533631 1.000000
-0.540304 0.318241 2.457770 0.000000
-0.473562 0.205427 2.675632 0.000000
-0.554955 -0.058301 2.620807 0.471154
-0.268767 0.054995 2.549276 0.730769
-0.400036 0.036508 2.692792 0.000000
-0.683102 0.021463 2.723524 1.000000
-0.188945 0.134450 2.634131 1.000000
-0.741341 -0.254230 2.783385 1.000000
-0.183280 -0.090147 2.453838 1.000000
-0.763145 -0.308478 2.802849 0.576923
-0.179451 -0.140025 2.417858 0.000000
-0.385553 -0.501219 2.582403 1.000000
-0.028232 -0.311332 2.476843 1.000000
-0.357552 -0.894782 2.653991 1.000000
0.230328 -0.616547 2.504985 1.000000
-0.386805 -0.922324 2.514019 0.000000
0.236706 -0.624537 2.359719 0.000000
-0.550208 0.541489 2.457828 0.567308
-0.660699 0.279818 2.612306 1.000000
-0.346971 0.329592 2.534676 1.000000
-0.533615 0.326785 2.467297 0.000000
-0.462006 0.206169 2.679356 0.000000
-0.549812 -0.047919 2.626519 0.230769
-0.260212 0.048432 2.544641 0.730769
-0.387001 0.037292 2.692866 0.000000
-0.658091 0.021348 2.713804 1.000000
-0.182460 0.121529 2.616906 1.000000
-0.689209 -0.265005 2.723927 1.000000
-0.172751 -0.123092 2.464805 1.000000
-0.707412 -0.323279 2.732280 0.391827
-0.168859 -0.176891 2.435014 0.000000
-0.384360 -0.498429 2.583685 1.000000
-0.046363 -0.340585 2.479221 1.000000
-0.373369 -0.893820 2.649608 1.000000
0.169182 -0.672721 2.542674 1.000000
-0.405063 -0.918052 2.509555 0.000000
0.183139 -0.691133 2.398893 0.000000
-0.549403 0.536799 2.441956 0.735577
-0.637390 0.272697 2.606702 1.000000
-0.322088 0.328169 2.540096 1.000000
-0.506241 0.322523 2.466342 0.000000
-0.439876 0.202105 2.680213 0.000000
-0.543703 -0.044644 2.620745 0.134615
-0.245997 0.036138 2.552176 0.644231
-0.376706 0.022490 2.696741 0.000000
-0.623919 0.003914 2.685725 1.000000
-0.174281 0.105159 2.624295 1.000000
-0.614268 -0.277998 2.613787 1.000000
-0.175075 -0.142089 2.470637 1.000000
-0.623459 -0.338645 2.619666 0.358173
-0.172919 -0.195968 2.440813 0.000000
-0.380559 -0.505842 2.590760 1.000000
-0.084650 -0.399443 2.510016 1.000000
-0.375949 -0.901856 2.653632 1.000000
0.078407 -0.746051 2.628661 1.000000
-0.400918 -0.924635 2.511983 0.000000
0.099129 -0.783911 2.489578 0.000000
-0.507361 0.531721 2.438581 1.000000
-0.622213 0.277120 2.605091 1.000000
-0.304263 0.328608 2.548646 1.000000
-0.486339 0.328038 2.469705 0.000000
-0.428076 0.201255 2.682253 0.000000
-0.538149 -0.042813 2.616528 0.153846
-0.236788 0.032494 2.558506 0.634615
-0.370463 0.013206 2.699677 0.000000
-0.603614 0.001301 2.655600 1.000000
-0.168548 0.094211 2.623564 1.000000
-0.572828 -0.269787 2.552484 1.000000
-0.169630 -0.155573 2.472978 1.000000
-0.570932 -0.328522 2.533945 0.290865
-0.167905 -0.210007 2.444150 0.000000
-0.379786 -0.508695 2.588604 1.000000
-0.099364 -0.422779 2.537755 1.000000
-0.375293 -0.902779 2.662620 1.000000
0.022266 -0.787248 2.652512 1.000000
-0.394808 -0.929632 2.520829 0.000000
0.040534 -0.825056 2.513072 0.000000
-0.493656 0.542470 2.455920 0.879808
-0.607189 0.276557 2.606074 1.000000
-0.288483 0.327004 2.553062 1.000000
-0.470198 0.331509 2.473419 0.000000
-0.414181 0.195633 2.680892 0.000000
-0.528327 -0.041293 2.610266 0.365385
-0.222573 0.020757 2.560066 0.461538
-0.359394 0.002129 2.698280 0.000000
-0.591196 -0.003920 2.628927 1.000000
-0.158042 0.087639 2.624724 1.000000
-0.537395 -0.267636 2.514306 1.000000
-0.166547 -0.165093 2.477644 1.000000
-0.524703 -0.315069 2.477077 0.492788
-0.166325 -0.220779 2.451261 0.004808
-0.377863 -0.513746 2.583963 1.000000
-0.111030 -0.447737 2.584129 1.000000
-0.374323 -0.907935 2.657471 1.000000
-0.018106 -0.829869 2.662500 1.000000
-0.390888 -0.934601 2.515270 0.000000
-0.016155 -0.858667 2.519764 0.000000
-0.464818 0.538274 2.455111 0.971154
-0.573622 0.278474 2.600389 1.000000
-0.252164 0.325092 2.562696 1.000000
-0.430754 0.340923 2.477617 0.000000
-0.385291 0.186641 2.674532 0.000000
-0.507857 -0.035632 2.596841 0.451923
-0.196391 0.006050 2.563565 0.682692
-0.340613 -0.009615 2.694426 0.000000
-0.565389 -0.003018 2.601204 1.000000
-0.135882 0.076501 2.625836 1.000000
-0.493316 -0.254737 2.471318 1.000000
-0.142712 -0.190181 2.506413 1.000000
-0.485970 -0.295559 2.425748 0.206731
-0.143236 -0.246916 2.482373 0.000000
-0.377398 -0.517640 2.578745 1.000000
-0.131941 -0.474639 2.604979 1.000000
-0.367489 -0.907476 2.672186 1.000000
-0.056893 -0.861574 2.678801 1.000000
-0.378367 -0.941586 2.531030 0.000000
-0.058504 -0.889165 2.535823 0.000000
-0.424534 0.539682 2.463874 0.802885
-0.550056 0.271132 2.595218 1.000000
-0.227587 0.318191 2.568234 1.000000
-0.403397 0.334899 2.477707 0.000000
-0.364128 0.178543 2.674319 0.000000
-0.494100 -0.035646 2.585808 0.125000
-0.180149 -0.008712 2.562029 0.586538
-0.328686 -0.019397 2.688493 0.000000
-0.545264 -0.011437 2.589354 1.000000
-0.116406 0.065107 2.627310 1.000000
-0.476023 -0.267570 2.464167 1.000000
-0.134410 -0.200616 2.504278 1.000000
-0.467311 -0.324135 2.441331 0.425481
-0.136816 -0.257288 2.480204 0.000000
-0.378722 -0.523403 2.572459 1.000000
-0.137944 -0.491644 2.599871 1.000000
-0.366670 -0.912085 2.670350 1.000000
-0.073929 -0.880090 2.676111 1.000000
-0.375546 -0.947843 2.529463 0.000000
-0.072892 -0.907972 2.533184 0.000000
-0.393322 0.530202 2.462530 0.899038
-0.522352 0.263468 2.598825 1.000000
-0.200577 0.312915 2.568089 1.000000
-0.377560 0.328407 2.479654 0.000000
-0.334831 0.172181 2.675646 0.000000
-0.480823 -0.036366 2.585778 0.288462
-0.166510 -0.021629 2.556683 0.461538
-0.313066 -0.029177 2.685659 0.000000
-0.523979 -0.017625 2.583938 1.000000
-0.103252 0.056224 2.630341 1.000000
-0.458843 -0.279494 2.471973 1.000000
-0.129588 -0.202688 2.497581 1.000000
-0.452532 -0.340489 2.465906 0.442308
-0.126991 -0.260464 2.476314 0.105769
-0.378595 -0.527263 2.549651 1.000000
-0.138002 -0.503675 2.605531 1.000000
-0.374419 -0.915173 2.651184 1.000000
-0.074816 -0.892206 2.682029 1.000000
-0.385927 -0.952048 2.510776 0.000000
-0.079623 -0.921075 2.539375 0.000000
-0.371288 0.527079 2.464846 0.990385
-0.477632 0.269172 2.592839 1.000000
-0.154155 0.311797 2.571057 1.000000
-0.328525 0.333663 2.478858 0.000000
-0.294182 0.171601 2.671735 0.000000
-0.450104 -0.036752 2.581171 0.009615
-0.134983 -0.026722 2.559869 0.519231
-0.284596 -0.038367 2.684971 0.000000
-0.494093 -0.007073 2.581771 1.000000
-0.070302 0.055394 2.633755 1.000000
-0.461606 -0.285314 2.517326 1.000000
-0.104006 -0.196762 2.499935 1.000000
-0.448833 -0.337647 2.487408 0.442308
-0.103551 -0.248319 2.533679 0.778846
-0.360797 -0.528341 2.532564 1.000000
-0.124159 -0.510714 2.614398 1.000000
-0.373759 -0.914522 2.639790 1.000000
-0.065362 -0.900411 2.688424 1.000000
-0.382472 -0.953140 2.499650 0.000000
-0.070121 -0.928266 2.545567 0.000000
-0.323339 0.523341 2.458149 0.884615
-0.455226 0.277960 2.577336 1.000000
-0.129569 0.307518 2.575672 1.000000
-0.296798 0.335363 2.472507 0.000000
-0.281149 0.173981 2.668355 0.000000
-0.425498 -0.038874 2.564108 0.115385
-0.109892 -0.023099 2.564509 0.615385
-0.267490 -0.038019 2.679011 0.000000
-0.468171 0.003167 2.594941 1.000000
-0.047411 0.050931 2.633996 1.000000
-0.452882 -0.278776 2.548805 1.000000
-0.081056 -0.199155 2.499166 1.000000
-0.451355 -0.339556 2.538779 0.475962
-0.102219 -0.244263 2.462912 0.038462
-0.349944 -0.529616 2.540076 1.000000
-0.107822 -0.511765 2.608602 1.000000
-0.372484 -0.914445 2.650527 1.000000
-0.059854 -0.899695 2.698105 1.000000
-0.375633 -0.954439 2.510537 0.000000
-0.052470 -0.931524 2.556193 0.134615
-0.295231 0.536422 2.468317 0.846154
-0.431935 0.281336 2.574586 1.000000
-0.106430 0.312365 2.578182 1.000000
-0.272304 0.341550 2.473216 0.000000
-0.258681 0.176309 2.665972 0.000000
-0.404203 -0.030782 2.556880 0.125000
-0.088340 -0.023417 2.562597 0.711538
-0.248242 -0.031702 2.674548 0.000000
-0.451001 0.011431 2.613325 1.000000
-0.029578 0.056783 2.637212 1.000000
-0.446243 -0.268876 2.569903 1.000000
-0.061527 -0.184068 2.490753 1.000000
-0.452489 -0.327689 2.587195 0.610577
-0.050502 -0.235629 2.522643 0.711538
-0.337230 -0.524172 2.545925 1.000000
-0.093692 -0.510795 2.606280 1.000000
-0.365304 -0.910473 2.649774 1.000000
-0.055830 -0.899501 2.697247 1.000000
-0.366416 -0.948203 2.509125 0.000000
-0.045906 -0.931690 2.555572 0.038462
-0.259917 0.539754 2.467974 0.903846
-0.400535 0.284434 2.571038 1.000000
-0.074398 0.306860 2.578814 1.000000
-0.238317 0.343335 2.473060 0.000000
-0.231044 0.172369 2.661111 0.000000
-0.372931 -0.026052 2.548641 0.278846
-0.057017 -0.029447 2.555146 0.788462
-0.217371 -0.030767 2.666747 0.000000
-0.431698 0.018003 2.626935 1.000000
-0.001942 0.049062 2.636871 1.000000
-0.440038 -0.261026 2.572628 1.000000
-0.030600 -0.196506 2.496331 1.000000
-0.443931 -0.320764 2.587230 0.576923
-0.027140 -0.251561 2.523789 0.812500
-0.314250 -0.522497 2.561633 1.000000
-0.078024 -0.515234 2.607445 1.000000
-0.357978 -0.907772 2.663870 1.000000
-0.050527 -0.904525 2.699628 1.000000
-0.357479 -0.945175 2.523131 0.000000
-0.042123 -0.937462 2.558026 0.000000
-0.223928 0.535408 2.460232 0.961538
-0.381781 0.285583 2.573020 1.000000
-0.055705 0.309517 2.578558 1.000000
-0.220535 0.345507 2.474062 0.000000
-0.211137 0.174073 2.661591 0.000000
-0.355097 -0.024015 2.548425 0.442308
-0.039226 -0.032108 2.552423 0.894231
-0.198703 -0.031460 2.665282 0.000000
-0.412823 0.017603 2.624812 1.000000
0.016134 0.050187 2.633757 1.000000
-0.430154 -0.264111 2.584540 1.000000
-0.012257 -0.199557 2.499197 1.000000
-0.436362 -0.324984 2.591821 0.576923
-0.010832 -0.255511 2.524969 0.913462
-0.304911 -0.520818 2.571910 1.000000
-0.066660 -0.517198 2.606778 1.000000
-0.350886 -0.906654 2.670995 1.000000
-0.044674 -0.906789 2.699174 1.000000
-0.352081 -0.942741 2.529917 0.076923
-0.037977 -0.939999 2.557544 0.076923
-0.205495 0.540339 2.466524 0.913462
-0.365201 0.287583 2.571754 1.000000
-0.039079 0.309148 2.582139 1.000000
-0.202266 0.348705 2.476361 0.000000
-0.196483 0.172862 2.659913 0.000000
-0.342815 -0.022064 2.544566 0.230769
-0.027005 -0.029143 2.552916 0.586538
-0.187994 -0.027739 2.663598 0.000000
-0.391879 0.019647 2.622315 1.000000
0.028171 0.047624 2.628405 1.000000
-0.412480 -0.261132 2.582435 1.000000
-0.005039 -0.199140 2.491088 1.000000
-0.409034 -0.317521 2.557829 0.442308
-0.014201 -0.257874 2.507318 0.913462
-0.292466 -0.517602 2.584753 1.000000
-0.058243 -0.515557 2.604129 1.000000
-0.342791 -0.905270 2.674095 1.000000
-0.040853 -0.904809 2.698900 1.000000
-0.341091 -0.938181 2.532248 0.000000
-0.031731 -0.938805 2.557593 0.134615
-0.196093 0.533775 2.453341 1.000000
-0.347471 0.291401 2.570140 1.000000
-0.020881 0.306304 2.576898 1.000000
-0.184236 0.346388 2.471579 0.000000
-0.180339 0.175593 2.659885 0.000000
-0.331131 -0.023078 2.545575 0.173077
-0.015270 -0.029002 2.552836 0.682692
-0.175876 -0.027912 2.664078 0.000000
-0.374295 0.022187 2.607899 1.000000
0.040602 0.042497 2.612215 1.000000
-0.374512 -0.254932 2.548007 1.000000
-0.003050 -0.202141 2.475727 1.000000
-0.369660 -0.315792 2.539665 0.560096
-0.010345 -0.259675 2.496550 1.000000
-0.285248 -0.516468 2.598463 1.000000
-0.055603 -0.517558 2.601808 1.000000
-0.337801 -0.906105 2.677346 1.000000
-0.037666 -0.905918 2.700070 1.000000
-0.336102 -0.935219 2.534672 0.000000
-0.029744 -0.941241 2.559017 0.057692
-0.169931 0.540784 2.463953 0.817308
-0.337041 0.293612 2.575565 1.000000
-0.010233 0.304761 2.576578 1.000000
-0.174957 0.347125 2.474329 0.000000
-0.169685 0.175550 2.661891 0.000000
-0.325364 -0.026447 2.549304 0.163462
-0.009367 -0.026370 2.550536 0.500000
-0.167813 -0.027964 2.664827 0.000000
-0.366591 0.022692 2.604993 1.000000
0.045137 0.038154 2.608073 1.000000
-0.360936 -0.248473 2.519117 1.000000
0.002090 -0.208330 2.472686 1.000000
-0.374586 -0.305786 2.501065 0.375000
-0.011110 -0.262468 2.498990 0.947115
-0.287799 -0.517082 2.597048 1.000000
-0.057427 -0.517862 2.602650 1.000000
-0.335624 -0.907074 2.677175 1.000000
-0.039737 -0.905210 2.704873 1.000000
-0.337406 -0.936169 2.534497 0.000000
-0.035175 -0.942156 2.564087 0.211538
-0.164265 0.536297 2.456738 0.798077
-0.336511 0.294640 2.574970 1.000000
-0.009696 0.303380 2.568322 1.000000
-0.176399 0.343794 2.468520 0.000000
-0.168048 0.178054 2.661148 0.000000
-0.329780 -0.030236 2.564961 0.067308
-0.014839 -0.023043 2.540131 0.442308
-0.163262 -0.027299 2.667106 0.000000
-0.370372 0.023718 2.600336 1.000000
0.045744 0.036964 2.602045 1.000000
-0.354070 -0.246597 2.512835 1.000000
0.001159 -0.213632 2.474741 1.000000
-0.354433 -0.305435 2.494534 0.677885
-0.008634 -0.274269 2.469812 0.206731
-0.291418 -0.519252 2.596736 1.000000
-0.063290 -0.516427 2.605124 1.000000
-0.338112 -0.909341 2.677054 1.000000
-0.040790 -0.905379 2.700048 1.000000
-0.352147 -0.936959 2.534763 0.000000
-0.048895 -0.940295 2.558903 0.038462
-0.163096 0.541447 2.459952 0.899038
