-0.440642 0.226030 2.481961 1.000000
-0.083155 0.245997 2.444481 1.000000
-0.274116 0.280058 2.370161 0.000000
-0.245127 0.107816 2.554893 0.000000
-0.464446 -0.112710 2.476056 1.000000
-0.036936 -0.107154 2.450919 1.000000
-0.243706 -0.102796 2.583869 0.000000
-0.494504 -0.025294 2.568999 1.000000
0.006381 -0.003246 2.503655 1.000000
-0.531059 -0.296749 2.482196 1.000000
0.035930 -0.288090 2.480214 1.000000
-0.518790 -0.364265 2.485567 0.324519
0.047055 -0.354963 2.469048 0.846154
-0.371692 -0.613525 2.507114 1.000000
-0.134661 -0.613234 2.465050 1.000000
-0.370507 -0.993007 2.620284 1.000000
-0.131497 -0.979150 2.616415 1.000000
-0.385025 -1.040666 2.460627 0.000000
-0.133005 -1.043089 2.461876 0.206731
-0.268093 0.525429 2.345735 1.000000
-0.468977 0.226257 2.476421 1.000000
-0.110498 0.244794 2.449051 1.000000
-0.299091 0.276430 2.367927 0.000000
-0.275912 0.110467 2.559114 0.000000
-0.481376 -0.112572 2.483842 1.000000
-0.054480 -0.105317 2.450164 1.000000
-0.258538 -0.103078 2.587289 0.000000
-0.524226 -0.031366 2.547509 1.000000
-0.013746 -0.002230 2.513034 1.000000
-0.549057 -0.308289 2.468822 1.000000
0.019532 -0.287686 2.483004 1.000000
-0.559187 -0.374681 2.454334 0.105769
0.033354 -0.354974 2.484330 0.560096
-0.378398 -0.613635 2.510728 1.000000
-0.134336 -0.610521 2.458255 1.000000
-0.372709 -0.989820 2.634294 1.000000
-0.131304 -0.980646 2.599017 1.000000
-0.389197 -1.041984 2.476244 0.048077
-0.130650 -1.040093 2.442690 0.000000
-0.296152 0.522968 2.343934 1.000000
-0.480155 0.220351 2.469293 1.000000
-0.121315 0.244642 2.453667 1.000000
-0.307641 0.273381 2.366453 0.000000
-0.288066 0.107538 2.558146 0.000000
-0.485324 -0.113611 2.483392 1.000000
-0.057690 -0.108283 2.460403 0.990385
-0.265093 -0.105762 2.592410 0.000000
-0.531826 -0.040451 2.532107 1.000000
-0.021287 -0.000926 2.519420 1.000000
-0.546330 -0.314154 2.439654 1.000000
-0.003323 -0.282903 2.457469 1.000000
-0.558562 -0.380635 2.427363 0.156250
0.026897 -0.344005 2.466058 0.442308
-0.381979 -0.615808 2.506113 1.000000
-0.136314 -0.612438 2.452749 1.000000
-0.376077 -0.991189 2.632091 1.000000
-0.132627 -0.975840 2.610042 1.000000
-0.388968 -1.044425 2.474065 0.038462
-0.125645 -1.042158 2.456661 0.211538
-0.304981 0.523982 2.348307 1.000000
-0.484457 0.223008 2.474131 1.000000
-0.125715 0.246566 2.455447 1.000000
-0.312786 0.277295 2.370539 0.000000
-0.291855 0.108173 2.559201 0.000000
-0.489849 -0.111834 2.489770 1.000000
-0.063326 -0.109667 2.451031 0.990385
-0.265710 -0.104174 2.590525 0.000000
-0.535390 -0.039498 2.526919 1.000000
-0.024377 0.003908 2.527124 1.000000
-0.540292 -0.308513 2.422547 1.000000
-0.015774 -0.263932 2.420006 1.000000
-0.543193 -0.372470 2.397617 0.000000
0.008313 -0.304660 2.370191 0.627404
-0.382800 -0.615405 2.504978 1.000000
-0.137246 -0.612397 2.451033 1.000000
-0.374809 -0.988421 2.637687 1.000000
-0.134321 -0.973663 2.613187 1.000000
-0.392651 -1.044500 2.481132 0.072115
-0.129596 -1.042092 2.460649 0.182692
-0.310910 0.524172 2.348425 1.000000
-0.478642 0.223728 2.465744 1.000000
-0.119590 0.249029 2.459309 1.000000
-0.303786 0.278586 2.367942 0.000000
-0.288512 0.110095 2.557708 0.000000
-0.478861 -0.116014 2.472482 1.000000
-0.050794 -0.104432 2.465246 0.711538
-0.262926 -0.105107 2.589536 0.000000
-0.528886 -0.034585 2.531870 1.000000
-0.009900 0.011287 2.530506 1.000000
-0.504827 -0.279226 2.383173 1.000000
-0.036122 -0.186235 2.323537 1.000000
-0.520138 -0.341543 2.358626 0.257212
-0.031187 -0.247791 2.293421 0.677885
-0.381841 -0.616109 2.496458 1.000000
-0.131953 -0.610696 2.451762 1.000000
-0.377922 -0.989227 2.629058 1.000000
-0.137047 -0.970177 2.617783 1.000000
-0.387166 -1.045234 2.471736 0.000000
-0.124770 -1.040256 2.466420 0.221154
-0.301586 0.527216 2.344825 1.000000
-0.465578 0.224917 2.461558 1.000000
-0.106609 0.250646 2.470458 1.000000
-0.286988 0.282604 2.372522 0.000000
-0.279137 0.108904 2.557995 0.000000
-0.472828 -0.125182 2.446965 0.576923
-0.047862 -0.093134 2.489443 0.961538
-0.272700 -0.104483 2.588274 0.000000
-0.522284 -0.029659 2.532375 1.000000
-0.005433 0.005516 2.522549 1.000000
-0.505930 -0.272553 2.381977 1.000000
-0.043752 -0.118242 2.267401 0.480769
-0.476843 -0.324820 2.348175 0.341346
-0.092999 -0.150108 2.231627 0.947115
-0.380177 -0.618674 2.481779 1.000000
-0.126906 -0.604693 2.450971 1.000000
-0.375468 -0.995193 2.604366 1.000000
-0.137278 -0.972431 2.597522 1.000000
-0.368423 -1.046845 2.445447 0.000000
-0.112604 -1.034271 2.444095 0.000000
-0.289219 0.524519 2.345340 1.000000
-0.445294 0.213736 2.464950 1.000000
-0.086345 0.237517 2.478750 1.000000
-0.265405 0.272909 2.379581 0.000000
-0.260528 0.094330 2.560465 0.000000
-0.456686 -0.127363 2.457342 0.451923
-0.029743 -0.098918 2.475728 1.000000
-0.248786 -0.107418 2.587065 0.000000
-0.510252 -0.036287 2.540180 1.000000
0.024028 -0.006303 2.506326 1.000000
-0.474216 -0.275182 2.389221 1.000000
-0.071709 -0.057394 2.242922 0.269231
-0.484959 -0.334968 2.357119 0.139423
-0.108595 -0.089016 2.194343 1.000000
-0.369318 -0.620446 2.430544 1.000000
-0.118686 -0.609933 2.441751 1.000000
-0.367805 -0.978369 2.599967 1.000000
-0.139195 -0.971100 2.602852 1.000000
-0.379907 -1.049780 2.449214 0.000000
-0.121836 -1.039685 2.451303 0.091346
-0.255112 0.508626 2.350078 1.000000
-0.420950 0.182581 2.465181 1.000000
-0.063073 0.196744 2.501556 1.000000
-0.234666 0.238371 2.392138 0.000000
-0.245546 0.056888 2.569843 0.000000
-0.425203 -0.143149 2.454653 0.413462
-0.002493 -0.137123 2.523263 0.692308
-0.233235 -0.137253 2.608152 0.000000
-0.492504 -0.053790 2.565354 1.000000
0.020427 -0.046296 2.430949 1.000000
-0.433621 -0.252635 2.373986 1.000000
-0.097551 -0.063914 2.175217 0.807692
-0.460825 -0.293429 2.325859 0.711538
-0.133972 -0.015783 2.142393 1.000000
-0.347425 -0.621105 2.341623 1.000000
-0.112068 -0.630288 2.400439 1.000000
-0.355821 -0.943483 2.571443 1.000000
-0.147058 -0.980340 2.582248 1.000000
-0.370153 -1.039965 2.435581 0.115385
-0.125673 -1.058475 2.435926 0.000000
-0.221907 0.459381 2.339588 1.000000
-0.413291 0.162951 2.466710 1.000000
-0.055963 0.178532 2.507626 1.000000
-0.226145 0.217799 2.395173 0.000000
-0.239077 0.039553 2.575990 0.000000
-0.438246 -0.183555 2.455732 0.673077
-0.013706 -0.173012 2.511253 0.692308
-0.241656 -0.177627 2.603263 0.000000
-0.509066 -0.071575 2.544640 0.830769
0.010047 -0.060820 2.414881 1.000000
-0.403553 -0.148593 2.296262 0.230769
-0.099270 -0.088924 2.157945 0.576923
-0.423028 -0.205343 2.262787 0.576923
-0.134960 -0.051906 2.112379 1.000000
-0.337421 -0.648625 2.303983 1.000000
-0.100212 -0.667477 2.395093 1.000000
-0.349621 -0.934877 2.577344 0.844231
-0.157525 -1.002152 2.598867 0.812981
-0.357485 -1.050083 2.456355 0.000000
-0.124707 -1.091504 2.461347 0.000000
-0.226298 0.438181 2.331579 1.000000
-0.414135 0.175980 2.463839 1.000000
-0.054812 0.187320 2.482754 1.000000
-0.230792 0.223263 2.378406 0.000000
-0.235573 0.055802 2.569633 0.000000
-0.438607 -0.168524 2.449476 1.000000
-0.013348 -0.166991 2.500273 0.605769
-0.240300 -0.168675 2.594814 0.000000
-0.503290 -0.061832 2.529532 0.800000
-0.001273 -0.060496 2.415375 1.000000
-0.408606 -0.043997 2.269013 0.000000
-0.084142 -0.106167 2.154223 0.528846
-0.372093 -0.054486 2.211767 1.000000
-0.137627 -0.096349 2.112231 1.000000
-0.343828 -0.639860 2.303582 1.000000
-0.106430 -0.664907 2.409487 1.000000
-0.349835 -0.916913 2.586462 0.809856
-0.155391 -1.005509 2.605470 0.862981
-0.360492 -1.036045 2.469558 0.067308
-0.124881 -1.090795 2.464872 0.000000
-0.225605 0.468023 2.344477 1.000000
-0.437679 0.244551 2.460802 1.000000
-0.077999 0.255326 2.450113 1.000000
-0.261919 0.292398 2.360959 0.000000
-0.251220 0.123230 2.550436 0.000000
-0.440299 -0.109027 2.473001 1.000000
-0.012244 -0.118463 2.462637 1.000000
-0.223325 -0.112708 2.588574 0.000000
-0.514635 -0.000140 2.437014 0.453846
0.021640 0.017939 2.441105 1.000000
-0.400339 0.093380 2.207691 0.653846
-0.128992 -0.106446 2.250746 0.740385
-0.372079 0.143667 2.170368 0.442308
-0.109253 -0.139456 2.193814 0.745192
-0.368795 -0.599438 2.362333 1.000000
-0.120736 -0.620584 2.458663 1.000000
-0.350101 -0.933966 2.573419 1.000000
-0.148027 -0.987783 2.604389 1.000000
-0.376985 -1.023129 2.434495 0.206731
-0.141940 -1.049827 2.449193 0.211538
-0.249505 0.540968 2.333016 1.000000
-0.457075 0.267761 2.477818 0.000000
-0.101984 0.297726 2.426709 1.000000
-0.296547 0.327807 2.360453 0.000000
-0.255841 0.153707 2.541191 0.000000
-0.465629 -0.078875 2.500790 1.000000
-0.041642 -0.075206 2.440382 1.000000
-0.236576 -0.080292 2.590126 0.000000
-0.466138 0.030923 2.381264 0.400000
0.023238 0.093694 2.517196 1.000000
-0.438735 0.138296 2.133980 0.673077
-0.064565 -0.077641 2.326502 0.528846
-0.404436 0.195141 2.116299 0.947115
-0.048327 -0.117414 2.272884 0.728365
-0.372259 -0.577544 2.419003 1.000000
-0.132823 -0.580140 2.445328 1.000000
-0.353941 -0.948390 2.556675 1.000000
-0.140951 -0.952734 2.579209 1.000000
-0.383007 -1.006972 2.402740 0.168269
-0.150656 -1.009007 2.422010 0.177885
-0.270811 0.568663 2.323012 1.000000
-0.481096 0.264527 2.474706 0.000000
-0.124474 0.288610 2.431800 1.000000
-0.316952 0.324863 2.362610 0.000000
-0.283602 0.144311 2.538457 0.000000
-0.479535 -0.075875 2.489058 1.000000
-0.053603 -0.072547 2.444358 1.000000
-0.253984 -0.071655 2.586818 0.000000
-0.474433 0.047897 2.337174 0.953846
-0.024035 0.083585 2.549125 1.000000
-0.469705 0.129115 2.077850 0.663462
-0.038204 -0.096300 2.345882 1.000000
-0.443441 0.187244 2.052322 1.000000
-0.026749 -0.106587 2.278924 0.324519
-0.364760 -0.577573 2.431087 1.000000
-0.139108 -0.572325 2.395058 1.000000
-0.366306 -0.952585 2.558285 1.000000
-0.155273 -0.914454 2.593809 1.000000
-0.381595 -1.006026 2.400542 0.000000
-0.144604 -0.998672 2.449705 0.000000
-0.290000 0.548871 2.316958 1.000000
-0.495553 0.198670 2.512953 0.000000
-0.141495 0.204589 2.448085 1.000000
-0.334277 0.265473 2.400361 0.000000
-0.304979 0.055821 2.541149 0.000000
-0.500841 -0.139541 2.511135 1.000000
-0.081683 -0.112419 2.427480 1.000000
-0.267955 -0.120931 2.587725 0.000000
-0.486679 0.010502 2.341065 1.000000
-0.034021 0.012546 2.576928 1.000000
-0.499039 0.006540 2.071363 0.269231
-0.075007 -0.099772 2.334828 0.519231
-0.493204 0.047358 2.016407 1.000000
-0.030743 -0.129995 2.291844 0.122596
-0.388678 -0.624932 2.392441 1.000000
-0.158143 -0.604058 2.329345 1.000000
-0.360808 -0.978909 2.567768 1.000000
-0.165130 -0.881113 2.612200 0.369231
-0.388033 -1.053868 2.420756 0.000000
-0.150423 -1.000314 2.495807 0.000000
-0.327394 0.451162 2.319324 1.000000
-0.503224 0.170734 2.473676 1.000000
-0.144149 0.185308 2.452398 1.000000
-0.331061 0.225821 2.371330 0.000000
-0.313163 0.046111 2.550265 0.000000
-0.506978 -0.174366 2.474566 1.000000
-0.080718 -0.138207 2.454018 1.000000
-0.288835 -0.146994 2.584625 0.000000
-0.504254 -0.052449 2.347894 1.000000
-0.036625 0.000115 2.593022 1.000000
-0.494945 -0.074142 2.077664 0.000000
-0.079608 -0.069257 2.334330 0.625000
-0.493749 -0.080584 2.009272 1.000000
-0.094233 -0.084442 2.268939 0.000000
-0.416498 -0.652056 2.367672 1.000000
-0.170172 -0.621535 2.311360 1.000000
-0.351901 -0.977886 2.583258 1.000000
-0.164614 -0.875309 2.615307 0.212981
-0.387002 -1.072903 2.450171 0.000000
-0.155488 -1.003420 2.508177 0.000000
-0.331313 0.435205 2.296118 1.000000
-0.495555 0.186665 2.412314 1.000000
-0.138655 0.206420 2.455112 1.000000
-0.307093 0.228349 2.335542 0.000000
-0.323721 0.081146 2.542154 0.000000
-0.504241 -0.168340 2.447300 1.000000
-0.077769 -0.135579 2.469110 1.000000
-0.297468 -0.148095 2.578765 0.000000
-0.532120 -0.056653 2.347833 1.000000
-0.009117 0.040663 2.598090 0.938462
-0.446154 -0.118925 2.100313 0.365385
-0.089448 -0.009535 2.345977 0.038462
-0.465933 -0.165469 2.053808 1.000000
-0.107450 0.001942 2.280673 1.000000
-0.409007 -0.657908 2.395682 1.000000
-0.169882 -0.618771 2.311563 1.000000
-0.356913 -0.992751 2.600577 1.000000
-0.174154 -0.858805 2.626493 0.531731
-0.380736 -1.081838 2.461047 0.000000
-0.164286 -0.991656 2.525371 0.057692
-0.328534 0.489042 2.312913 1.000000
-0.482330 0.266660 2.393568 1.000000
-0.126322 0.293935 2.439553 1.000000
-0.294118 0.312384 2.318501 0.000000
-0.309460 0.164704 2.524872 0.000000
-0.495676 -0.094459 2.417271 0.942308
-0.071198 -0.064596 2.465791 1.000000
-0.297557 -0.073493 2.561346 0.000000
-0.553286 0.027474 2.429975 1.000000
0.015450 0.108631 2.535124 0.738462
-0.454629 -0.126950 2.235837 0.951923
-0.090863 0.124071 2.290730 0.451923
-0.458315 -0.193448 2.218958 0.644231
-0.106106 0.142328 2.226273 1.000000
-0.378438 -0.590288 2.452395 1.000000
-0.167574 -0.570594 2.380736 1.000000
-0.365004 -0.965898 2.577104 1.000000
-0.177147 -0.907822 2.588104 0.831731
-0.351648 -1.018000 2.418739 0.206731
-0.161283 -0.995361 2.446479 0.581731
-0.306923 0.575810 2.309810 1.000000
-0.469396 0.271548 2.389014 1.000000
-0.113975 0.312911 2.428570 1.000000
-0.284177 0.322318 2.309859 0.000000
-0.290883 0.179143 2.519834 0.000000
-0.486917 -0.073211 2.421925 0.913462
-0.061157 -0.045873 2.459458 1.000000
-0.284937 -0.054821 2.560901 0.000000
-0.556060 0.060513 2.494366 1.000000
0.019944 0.104952 2.472888 0.953846
-0.473214 -0.106495 2.304531 0.432692
-0.101977 0.142500 2.239397 0.855769
-0.498763 -0.164600 2.278234 0.829327
-0.114934 0.175928 2.180788 1.000000
-0.376047 -0.569361 2.412194 1.000000
-0.170712 -0.556680 2.411068 1.000000
-0.371016 -0.937999 2.556751 1.000000
-0.178971 -0.922831 2.561671 1.000000
-0.366971 -0.998992 2.401072 0.000000
-0.168898 -0.986531 2.407355 0.269231
-0.301364 0.585000 2.300222 1.000000
-0.458347 0.256072 2.409116 1.000000
-0.100688 0.278866 2.443180 1.000000
-0.273534 0.312710 2.333052 0.000000
-0.279999 0.138134 2.517755 0.000000
-0.472084 -0.077057 2.426780 0.663462
-0.046282 -0.064918 2.471192 1.000000
-0.271743 -0.069947 2.569122 0.000000
-0.522875 0.049496 2.535754 1.000000
-0.003906 0.054753 2.385896 1.000000
-0.486632 -0.110309 2.326856 0.596154
-0.120351 0.110966 2.154012 0.923077
-0.512480 -0.171065 2.307857 0.526442
-0.125540 0.170539 2.120180 0.879808
-0.379072 -0.568821 2.355715 1.000000
-0.167370 -0.569394 2.399537 1.000000
-0.370015 -0.898934 2.574254 1.000000
-0.187655 -0.927458 2.567449 1.000000
-0.380939 -0.991269 2.435230 0.000000
-0.176621 -0.998826 2.416593 0.000000
-0.277041 0.547136 2.305162 1.000000
-0.439898 0.195977 2.427732 1.000000
-0.088725 0.205924 2.506338 1.000000
-0.248219 0.264923 2.387048 0.000000
-0.273880 0.055069 2.528244 0.000000
-0.469577 -0.135095 2.407076 0.788462
-0.047656 -0.129728 2.480432 0.951923
-0.279355 -0.126676 2.562617 0.000000
-0.522800 -0.003065 2.556643 0.692308
-0.035709 0.016126 2.350534 1.000000
-0.477896 -0.115985 2.320034 0.692308
-0.130965 -0.012056 2.103788 1.000000
-0.501276 -0.148432 2.264168 0.274038
-0.154604 0.030404 2.055221 1.000000
-0.362292 -0.621131 2.314552 1.000000
-0.154446 -0.622429 2.358190 1.000000
-0.375688 -0.897326 2.598018 0.556731
-0.210426 -0.954862 2.565966 1.000000
-0.377335 -1.017071 2.481266 0.000000
-0.184793 -1.045541 2.427789 0.000000
-0.255251 0.443334 2.293652 1.000000
-0.443334 0.183851 2.430329 1.000000
-0.084897 0.189715 2.463325 1.000000
-0.256598 0.236741 2.356289 0.000000
-0.269697 0.052780 2.531276 0.000000
-0.467965 -0.148072 2.406975 1.000000
-0.044294 -0.160358 2.468448 1.000000
-0.273325 -0.149438 2.557181 0.000000
-0.520141 -0.020714 2.552958 0.707692
-0.044730 -0.023531 2.338038 1.000000
-0.483511 -0.064358 2.293841 0.153846
-0.146953 -0.074064 2.098487 0.750000
-0.447626 -0.071255 2.235660 0.610577
-0.170309 -0.042069 2.042351 1.000000
-0.373164 -0.639382 2.311753 1.000000
-0.156090 -0.650620 2.358280 1.000000
-0.381786 -0.893315 2.615496 0.641106
-0.219164 -0.967661 2.587020 0.934856
-0.389342 -1.021394 2.508205 0.000000
-0.193944 -1.067670 2.455359 0.000000
-0.261607 0.459363 2.301449 1.000000
-0.449434 0.211895 2.440816 1.000000
-0.090850 0.222166 2.410620 1.000000
-0.279286 0.259471 2.331566 0.000000
-0.258554 0.090339 2.520241 0.000000
-0.473614 -0.127436 2.448779 1.000000
-0.047194 -0.148866 2.415099 1.000000
-0.250689 -0.133959 2.552270 0.000000
-0.550314 0.002823 2.535081 0.400000
-0.056481 -0.014736 2.336660 1.000000
-0.466692 0.010650 2.283442 0.000000
-0.150264 -0.131400 2.117639 0.730769
-0.440024 0.023418 2.221424 1.000000
-0.178298 -0.109392 2.058901 1.000000
-0.400698 -0.617724 2.321115 1.000000
-0.174190 -0.647030 2.400823 1.000000
-0.380396 -0.897218 2.600912 0.853606
-0.214281 -0.979692 2.611878 1.000000
-0.404576 -1.015177 2.484836 0.206731
-0.212570 -1.069434 2.470753 0.293269
-0.279773 0.503927 2.298691 1.000000
-0.478786 0.270587 2.414943 1.000000
-0.120721 0.278921 2.378617 1.000000
-0.310385 0.311535 2.300429 0.009615
-0.286625 0.153892 2.498463 0.000000
-0.499373 -0.075912 2.449867 1.000000
-0.073820 -0.092454 2.404488 1.000000
-0.273542 -0.077215 2.547063 0.000000
-0.512457 0.025580 2.377371 0.430769
-0.037579 0.043036 2.374220 1.000000
-0.452339 0.144265 2.148347 0.798077
-0.127590 -0.160294 2.230320 1.000000
-0.437584 0.178936 2.090897 0.000000
-0.134258 -0.180426 2.164970 1.000000
-0.410816 -0.580286 2.382076 1.000000
-0.195019 -0.592787 2.424618 1.000000
-0.408469 -0.950663 2.522187 1.000000
-0.209934 -0.953064 2.588307 1.000000
-0.430520 -1.009446 2.367168 0.000000
-0.219805 -1.021788 2.436149 0.173077
-0.309196 0.566213 2.273584 1.000000
-0.500193 0.277975 2.439386 1.000000
-0.146991 0.280322 2.369791 1.000000
-0.341981 0.323637 2.312763 0.000000
-0.304905 0.150383 2.495086 0.000000
-0.513204 -0.062725 2.460851 1.000000
-0.092516 -0.074344 2.381387 1.000000
-0.280291 -0.061558 2.539581 0.000000
-0.515096 0.037466 2.362372 0.584615
-0.034116 0.063287 2.434233 1.000000
-0.510418 0.103218 2.102751 0.596154
-0.083140 -0.166508 2.305627 1.000000
-0.474053 0.154475 2.074990 0.829327
-0.087827 -0.185586 2.239790 1.000000
-0.418547 -0.567471 2.393125 1.000000
-0.204115 -0.575373 2.385512 1.000000
-0.420904 -0.944169 2.515226 1.000000
-0.218982 -0.914114 2.590083 1.000000
-0.450543 -0.994755 2.358589 0.000000
-0.229008 -1.000097 2.446979 0.000000
-0.327173 0.549091 2.265468 1.000000
-0.511858 0.229767 2.453217 1.000000
-0.158208 0.229322 2.385904 1.000000
-0.351383 0.284682 2.333294 0.000000
-0.320859 0.090853 2.494949 0.000000
-0.527714 -0.088915 2.467240 1.000000
-0.109358 -0.099324 2.376150 0.769231
-0.292739 -0.089024 2.539593 0.000000
-0.523804 -0.004980 2.353151 1.000000
-0.054725 0.018857 2.487185 1.000000
-0.527847 0.030257 2.084995 0.230769
-0.081322 -0.192653 2.320687 1.000000
-0.505169 0.081694 2.045494 1.000000
-0.085327 -0.206081 2.253426 0.879808
-0.431875 -0.589167 2.367603 1.000000
-0.210204 -0.593285 2.326802 1.000000
-0.414194 -0.953965 2.520658 1.000000
-0.230661 -0.882094 2.596962 0.806731
-0.445523 -1.018816 2.369710 0.000000
-0.223507 -0.996514 2.475186 0.000000
-0.347255 0.486506 2.263815 1.000000
-0.518578 0.166626 2.445730 1.000000
-0.160776 0.171871 2.406357 1.000000
-0.350604 0.212679 2.332535 0.000000
-0.327563 0.041541 2.519121 0.000000
-0.536498 -0.166472 2.447246 1.000000
-0.109924 -0.168260 2.409049 1.000000
-0.312430 -0.164840 2.548434 0.000000
-0.532209 -0.068574 2.347028 1.000000
-0.061720 -0.023203 2.538193 1.000000
-0.534651 -0.056154 2.076865 0.000000
-0.064521 -0.170564 2.311421 0.875000
-0.534398 -0.061279 2.008351 1.000000
-0.115571 -0.177669 2.265991 0.509615
-0.465605 -0.649726 2.314288 1.000000
-0.227573 -0.651718 2.291442 1.000000
-0.392105 -0.975927 2.526435 1.000000
-0.223998 -0.882263 2.613393 0.509856
-0.433209 -1.070722 2.394917 0.000000
-0.222594 -1.018232 2.516012 0.000000
-0.352270 0.436165 2.269264 1.000000
-0.518837 0.163658 2.412289 1.000000
-0.159103 0.176993 2.415990 1.000000
-0.339244 0.204836 2.316373 0.000000
-0.335664 0.051920 2.519443 0.000000
-0.537821 -0.177048 2.420507 1.000000
-0.109628 -0.169936 2.425735 1.000000
-0.325175 -0.174944 2.543899 0.000000
-0.541762 -0.078133 2.338825 1.000000
-0.050447 -0.008392 2.550940 1.000000
-0.543380 -0.110943 2.072172 0.076923
-0.070701 -0.095782 2.297690 0.596154
-0.523908 -0.132701 2.009980 1.000000
-0.117065 -0.131627 2.261830 0.947115
-0.457333 -0.667485 2.328635 1.000000
-0.218444 -0.654870 2.289706 1.000000
-0.388085 -0.988959 2.549261 1.000000
-0.213219 -0.876606 2.617763 0.522356
-0.422524 -1.086548 2.417873 0.000000
-0.208598 -1.015086 2.524090 0.139423
-0.342184 0.461129 2.291734 1.000000
-0.504488 0.202375 2.397895 1.000000
-0.145165 0.216613 2.414770 1.000000
-0.321916 0.249391 2.310682 0.000000
-0.324542 0.085422 2.504951 0.000000
-0.528140 -0.158697 2.414054 1.000000
-0.100412 -0.137339 2.418520 1.000000
-0.315480 -0.149167 2.537071 0.000000
-0.545461 -0.030044 2.309416 1.000000
-0.039191 0.031130 2.548529 1.000000
-0.476936 -0.150807 2.081512 0.865385
-0.090325 -0.050884 2.299775 0.490385
-0.502743 -0.202109 2.043796 1.000000
-0.118760 -0.033084 2.239817 0.778846
-0.436861 -0.654068 2.373220 1.000000
-0.191229 -0.636655 2.320884 1.000000
-0.388096 -0.992216 2.573455 1.000000
-0.202295 -0.912738 2.604559 0.800481
-0.413305 -1.079136 2.432806 0.072115
-0.188345 -1.032449 2.488596 0.461538
-0.331384 0.506239 2.296136 1.000000
-0.471661 0.255504 2.385381 1.000000
-0.113081 0.271393 2.413085 1.000000
-0.286857 0.304624 2.304241 0.000000
-0.294306 0.138085 2.496186 0.000000
-0.507975 -0.101942 2.399836 1.000000
-0.080802 -0.082443 2.423720 1.000000
-0.301170 -0.091345 2.532379 0.000000
-0.548878 0.017783 2.393557 1.000000
0.006083 0.075547 2.513008 0.969231
-0.450040 -0.139858 2.205157 0.951923
-0.094852 0.043232 2.270351 0.048077
-0.472939 -0.192032 2.166765 1.000000
-0.120619 0.049121 2.206934 0.947115
-0.395335 -0.601038 2.415944 1.000000
-0.168946 -0.591034 2.386499 1.000000
-0.406170 -0.978735 2.534450 1.000000
-0.177125 -0.952269 2.548542 1.000000
-0.399694 -1.028936 2.375043 0.000000
-0.159353 -1.020670 2.396956 0.240385
-0.304383 0.558740 2.292480 1.000000
-0.451058 0.251997 2.391488 1.000000
-0.092574 0.271141 2.418370 1.000000
-0.267208 0.306393 2.311553 0.000000
-0.271836 0.132591 2.497040 0.000000
-0.476628 -0.088167 2.403218 0.750000
-0.049650 -0.079469 2.435488 1.000000
-0.272296 -0.081041 2.539768 0.000000
-0.530558 0.032990 2.479552 1.000000
0.010770 0.047218 2.453273 1.000000
-0.492973 -0.170515 2.316071 0.942308
-0.116839 0.027643 2.223304 0.480769
-0.496016 -0.181107 2.248255 0.913462
-0.131709 0.068413 2.170039 0.913462
-0.388981 -0.588089 2.382844 1.000000
-0.159515 -0.586183 2.399881 1.000000
-0.405885 -0.955317 2.530064 1.000000
-0.169851 -0.951493 2.552386 1.000000
-0.406444 -1.017529 2.374816 0.000000
-0.155851 -1.016036 2.398728 0.096154
-0.261498 0.547402 2.289429 1.000000
-0.438808 0.224994 2.421012 1.000000
-0.080100 0.240105 2.447474 1.000000
-0.255663 0.291615 2.349117 0.000000
-0.258675 0.090603 2.504741 0.000000
-0.454462 -0.106593 2.403406 0.480769
-0.029482 -0.099530 2.456034 1.000000
-0.256876 -0.098960 2.549522 0.000000
-0.506954 0.007500 2.524892 1.000000
0.016157 0.012025 2.409357 1.000000
-0.476865 -0.173241 2.333152 1.000000
-0.122524 -0.003048 2.183797 1.000000
-0.484981 -0.239051 2.315161 0.879808
-0.132351 0.039266 2.130568 1.000000
-0.379650 -0.600226 2.347793 1.000000
-0.148840 -0.603060 2.387876 1.000000
-0.394330 -0.952078 2.528902 1.000000
-0.184682 -0.959704 2.556211 1.000000
-0.401900 -1.028293 2.380219 0.000000
-0.166449 -1.032162 2.406579 0.206731
-0.253559 0.493541 2.282398 1.000000
-0.425040 0.211155 2.460234 1.000000
-0.068425 0.218737 2.411564 1.000000
-0.260248 0.261129 2.344063 0.000000
-0.231835 0.084541 2.524736 0.000000
-0.445542 -0.134640 2.465699 0.134615
-0.020916 -0.117958 2.412383 1.000000
-0.218551 -0.117692 2.558631 0.000000
-0.474717 -0.016724 2.557444 1.000000
0.004369 -0.018347 2.363209 1.000000
-0.479389 -0.246863 2.421088 1.000000
-0.115991 -0.059140 2.127777 0.826923
-0.439657 -0.272850 2.371425 0.694712
-0.145825 -0.028369 2.074079 1.000000
-0.368537 -0.608705 2.321925 1.000000
-0.137898 -0.625765 2.392043 1.000000
-0.380619 -0.948704 2.524583 1.000000
-0.184654 -0.982397 2.557704 1.000000
-0.406253 -1.032652 2.382216 0.014423
-0.189847 -1.052262 2.405834 0.043269
-0.241814 0.485146 2.290539 1.000000
-0.416949 0.221318 2.458066 1.000000
-0.060952 0.229136 2.405100 1.000000
-0.253810 0.267047 2.337883 0.000000
-0.222114 0.099148 2.526135 0.000000
-0.439988 -0.130977 2.451638 0.259615
-0.013307 -0.119978 2.416281 1.000000
-0.216902 -0.117353 2.554086 0.000000
-0.460845 0.000190 2.576226 0.969231
0.001343 -0.013989 2.362726 1.000000
-0.474924 -0.246109 2.467734 1.000000
-0.114038 -0.081072 2.128590 0.740385
-0.467885 -0.266245 2.402423 0.694712
-0.140329 -0.078054 2.065186 1.000000
-0.367793 -0.612538 2.331983 1.000000
-0.136261 -0.627871 2.413990 1.000000
-0.371514 -0.950264 2.538727 1.000000
-0.187310 -0.987979 2.570618 1.000000
-0.399061 -1.036173 2.397895 0.038462
-0.191105 -1.054217 2.417091 0.225962
-0.247640 0.509068 2.303196 1.000000
-0.413841 0.234182 2.461925 1.000000
-0.058380 0.237801 2.405056 1.000000
-0.251444 0.278944 2.340381 0.000000
-0.219919 0.108756 2.526596 0.000000
-0.435932 -0.120071 2.454613 0.365385
-0.009832 -0.113369 2.411931 1.000000
-0.210967 -0.109915 2.553285 0.000000
-0.460137 0.008682 2.574389 1.000000
-0.011395 -0.007346 2.347289 1.000000
-0.468875 -0.237927 2.461700 1.000000
-0.102938 -0.133750 2.125403 0.961538
-0.484867 -0.304142 2.452736 0.274038
-0.132386 -0.134323 2.063332 1.000000
-0.368288 -0.607189 2.348721 1.000000
-0.141509 -0.620183 2.436349 1.000000
-0.369304 -0.954189 2.539524 1.000000
-0.183865 -0.989478 2.572890 1.000000
-0.400449 -1.033295 2.395494 0.000000
-0.200793 -1.045469 2.416203 0.221154
-0.245148 0.523441 2.309589 1.000000
-0.414584 0.233630 2.465975 1.000000
-0.059850 0.240319 2.404992 1.000000
-0.254061 0.278704 2.342079 0.000000
-0.218623 0.110981 2.529820 0.000000
-0.445836 -0.112582 2.473634 0.240385
-0.025060 -0.106849 2.393998 1.000000
-0.213108 -0.103019 2.552338 0.000000
-0.468314 -0.000361 2.563956 1.000000
-0.020118 -0.007670 2.340482 1.000000
-0.492874 -0.254984 2.464229 1.000000
-0.068028 -0.219786 2.172872 1.000000
-0.461479 -0.299398 2.422250 0.492788
-0.098473 -0.228343 2.111878 1.000000
-0.368876 -0.606713 2.380847 1.000000
-0.142661 -0.612645 2.448108 1.000000
-0.389542 -0.959520 2.559497 1.000000
-0.185827 -0.985169 2.575302 1.000000
-0.419809 -1.032414 2.412042 0.110577
-0.212058 -1.035812 2.418076 0.225962
-0.246965 0.526732 2.318910 1.000000
-0.423022 0.229576 2.467797 1.000000
-0.068881 0.238497 2.403730 1.000000
-0.263882 0.275426 2.342411 0.000000
-0.225696 0.108399 2.530233 0.000000
-0.442517 -0.106874 2.470303 0.490385
-0.021625 -0.117187 2.391747 0.971154
-0.209796 -0.106231 2.549607 0.000000
-0.466818 -0.009272 2.565437 1.000000
-0.004494 -0.009162 2.348778 1.000000
-0.486358 -0.264760 2.459890 1.000000
-0.049844 -0.253968 2.227085 1.000000
-0.500587 -0.309256 2.409512 0.610577
-0.050737 -0.297359 2.173823 1.000000
-0.365253 -0.610572 2.408020 1.000000
-0.142571 -0.618298 2.446710 1.000000
-0.412847 -0.967122 2.573620 1.000000
-0.187339 -0.990965 2.572928 1.000000
-0.438401 -1.033928 2.422436 0.168269
-0.210086 -1.041661 2.415178 0.211538
-0.252107 0.523817 2.316472 1.000000
-0.430100 0.225507 2.460069 1.000000
-0.074831 0.239695 2.403651 1.000000
-0.268975 0.274321 2.338392 0.000000
-0.232487 0.106667 2.525994 0.000000
-0.447599 -0.105895 2.463066 0.971154
-0.024081 -0.118817 2.400671 0.923077
-0.218074 -0.106244 2.551193 0.000000
-0.479835 -0.019518 2.543803 1.000000
0.009692 -0.009065 2.381365 1.000000
-0.501585 -0.272106 2.426892 1.000000
-0.009476 -0.278880 2.312269 1.000000
-0.504515 -0.339440 2.440231 0.375000
-0.012277 -0.311055 2.251627 1.000000
-0.375072 -0.611686 2.430294 1.000000
-0.151376 -0.619757 2.441618 1.000000
-0.409751 -0.981646 2.567196 1.000000
-0.187029 -0.990408 2.576387 1.000000
-0.437190 -1.036635 2.411646 0.000000
-0.204941 -1.045707 2.419563 0.201923
-0.260652 0.523246 2.316280 1.000000
-0.449385 0.226383 2.452091 1.000000
-0.092888 0.244931 2.405552 1.000000
-0.285543 0.278938 2.335716 0.000000
-0.252452 0.108200 2.521154 0.000000
-0.463611 -0.103189 2.455950 1.000000
-0.038981 -0.120087 2.402742 1.000000
-0.236035 -0.104858 2.548981 0.000000
-0.500888 -0.024897 2.524312 1.000000
0.000773 -0.003552 2.427773 1.000000
-0.529075 -0.290692 2.433934 1.000000
0.016333 -0.283812 2.399112 1.000000
-0.538896 -0.334956 2.382314 0.341346
0.038317 -0.335773 2.359905 0.947115
-0.384498 -0.611201 2.450871 1.000000
-0.159126 -0.620105 2.434855 1.000000
-0.399620 -0.990116 2.564938 1.000000
-0.194697 -0.986398 2.581074 1.000000
-0.425061 -1.036834 2.406373 0.000000
-0.205719 -1.047345 2.425714 0.163462
-0.281790 0.524578 2.312978 1.000000
-0.460784 0.227196 2.453096 1.000000
-0.104229 0.242727 2.405901 1.000000
-0.296701 0.279255 2.336838 0.000000
-0.264853 0.106466 2.520585 0.000000
-0.472751 -0.103965 2.451158 1.000000
-0.048074 -0.116390 2.397095 1.000000
-0.244956 -0.101930 2.543644 0.000000
-0.511805 -0.027410 2.518488 1.000000
-0.007926 -0.004071 2.444885 1.000000
-0.545109 -0.294087 2.428149 1.000000
0.032802 -0.284173 2.428421 1.000000
-0.544847 -0.333520 2.371887 0.375000
0.054088 -0.347862 2.413897 0.694712
-0.387021 -0.610718 2.460563 1.000000
-0.165329 -0.617657 2.430601 1.000000
-0.403590 -0.992561 2.564183 1.000000
-0.192728 -0.983849 2.578819 1.000000
-0.427856 -1.034918 2.404216 0.000000
-0.204620 -1.045675 2.423871 0.317308
-0.289310 0.521602 2.305052 1.000000
-0.471852 0.227282 2.446547 1.000000
-0.113808 0.243799 2.412899 1.000000
-0.303625 0.280713 2.337028 0.000000
-0.278364 0.106191 2.520160 0.000000
-0.484992 -0.104150 2.441363 1.000000
-0.058561 -0.116215 2.403440 1.000000
-0.260859 -0.101459 2.542385 0.000000
-0.525271 -0.028964 2.505871 1.000000
-0.018579 -0.001500 2.465764 1.000000
-0.562078 -0.294950 2.412836 1.000000
0.037906 -0.278367 2.435552 1.000000
-0.568531 -0.357009 2.384072 0.173077
0.057057 -0.344200 2.439982 0.661058
-0.388764 -0.611032 2.463483 1.000000
-0.167336 -0.617427 2.428477 1.000000
-0.401700 -0.993584 2.564985 1.000000
-0.195270 -0.984083 2.575441 1.000000
-0.418607 -1.035722 2.404016 0.000000
-0.198918 -1.046054 2.420139 0.245192
-0.298690 0.521038 2.302972 1.000000
-0.482567 0.229084 2.438003 1.000000
-0.123295 0.242279 2.419300 1.000000
-0.309424 0.279758 2.335032 0.000000
-0.293400 0.107380 2.521211 0.000000
-0.497713 -0.107205 2.438578 1.000000
-0.070447 -0.115762 2.410333 1.000000
-0.275990 -0.104754 2.544791 0.000000
-0.540864 -0.028519 2.491824 1.000000
-0.036555 -0.000566 2.497765 1.000000
-0.575867 -0.295950 2.398502 1.000000
0.017734 -0.273031 2.432430 1.000000
-0.562562 -0.329580 2.340086 0.341346
0.028430 -0.330770 2.396761 0.829327
-0.393971 -0.613233 2.465163 1.000000
-0.173360 -0.617820 2.430234 1.000000
-0.404406 -0.995147 2.569322 1.000000
-0.196651 -0.985868 2.574504 1.000000
-0.416832 -1.038716 2.408325 0.000000
-0.196467 -1.046916 2.418793 0.298077
-0.308960 0.525318 2.310988 1.000000
-0.491844 0.231297 2.439468 1.000000
-0.132377 0.242601 2.423471 1.000000
-0.317677 0.282154 2.338330 0.000000
-0.303986 0.107520 2.522583 0.000000
-0.503020 -0.110337 2.434092 1.000000
-0.075412 -0.119322 2.411767 1.000000
-0.282773 -0.107332 2.543319 0.000000
-0.548626 -0.027650 2.492579 1.000000
-0.038669 -0.002545 2.488438 1.000000
-0.577896 -0.285651 2.372038 1.000000
-0.004010 -0.273043 2.401371 1.000000
-0.589833 -0.351666 2.357208 0.223558
0.019468 -0.330555 2.372018 0.762019
-0.397555 -0.616089 2.468192 1.000000
-0.174889 -0.620952 2.433345 1.000000
-0.401474 -0.998928 2.569360 1.000000
-0.196123 -0.988390 2.579475 1.000000
-0.411886 -1.041476 2.407948 0.000000
-0.193346 -1.050327 2.424141 0.197115
-0.313248 0.523358 2.304876 1.000000
-0.499526 0.230393 2.442861 1.000000
-0.140016 0.243433 2.429363 1.000000
-0.324938 0.283784 2.343776 0.000000
-0.311684 0.105880 2.524907 0.000000
-0.511456 -0.115237 2.441128 1.000000
-0.084405 -0.115520 2.408651 1.000000
-0.288783 -0.107886 2.545105 0.000000
-0.557703 -0.031518 2.475708 1.000000
-0.045889 -0.002987 2.488341 1.000000
-0.575312 -0.294085 2.363202 1.000000
-0.028254 -0.267920 2.381530 1.000000
-0.583396 -0.356440 2.335508 0.105769
-0.008597 -0.310620 2.331423 0.980769
-0.398653 -0.618738 2.471618 1.000000
-0.176452 -0.619195 2.436744 1.000000
-0.401385 -1.003203 2.566462 1.000000
-0.199396 -0.986382 2.583246 1.000000
-0.414638 -1.043046 2.404568 0.000000
-0.198346 -1.048416 2.427929 0.177885
-0.319026 0.521234 2.307950 1.000000
-0.506404 0.232415 2.446668 1.000000
-0.146943 0.243173 2.430168 1.000000
-0.332297 0.282409 2.344998 0.000000
-0.318597 0.108940 2.530348 0.000000
-0.512919 -0.108805 2.452509 1.000000
-0.087016 -0.117405 2.408230 0.923077
-0.287376 -0.107408 2.550371 0.000000
-0.561927 -0.030487 2.471043 1.000000
-0.049786 -0.005900 2.466469 1.000000
-0.570171 -0.289065 2.349885 1.000000
-0.035622 -0.265159 2.347331 1.000000
-0.573155 -0.350542 2.319353 0.105769
-0.053979 -0.295714 2.288596 0.644231
-0.400524 -0.615239 2.472433 1.000000
-0.181862 -0.618654 2.441632 1.000000
-0.403795 -0.999010 2.570025 1.000000
-0.198267 -0.990681 2.576324 1.000000
-0.421361 -1.039861 2.408795 0.000000
-0.204202 -1.047350 2.419079 0.211538
-0.327047 0.517738 2.298548 1.000000
