-0.412467 0.322246 2.750211 1.000000
-0.037493 0.326041 2.752474 1.000000
-0.225049 0.389374 2.653241 0.000000
-0.223954 0.189832 2.806529 0.000000
-0.389455 -0.011371 2.682027 0.548077
-0.053903 -0.023183 2.669340 1.000000
-0.218509 -0.031508 2.772785 0.000000
-0.455510 0.036633 2.750189 1.000000
0.006943 0.041760 2.777710 1.000000
-0.463968 -0.267151 2.704563 1.000000
-0.014064 -0.256084 2.705008 1.000000
-0.442246 -0.334084 2.719443 0.375000
-0.035165 -0.322892 2.688735 0.812500
-0.308396 -0.543797 2.771055 1.000000
-0.117706 -0.547324 2.763656 1.000000
-0.296574 -0.956059 2.881643 1.000000
-0.137383 -0.962938 2.859607 1.000000
-0.305614 -1.002358 2.710007 0.000000
-0.141587 -1.002779 2.686174 0.000000
-0.222641 0.594940 2.678217 1.000000
-0.408751 0.323687 2.739611 1.000000
-0.034013 0.326774 2.753278 1.000000
-0.218276 0.388334 2.647010 0.000000
-0.222403 0.192136 2.804506 0.000000
-0.376541 -0.012685 2.673689 0.817308
-0.040851 -0.026624 2.677376 1.000000
-0.210363 -0.034116 2.772637 0.000000
-0.455561 0.040757 2.746389 1.000000
0.014790 0.045403 2.780376 1.000000
-0.468532 -0.258919 2.690069 1.000000
-0.005017 -0.251788 2.713806 1.000000
-0.440833 -0.319648 2.716866 0.475962
-0.018192 -0.322340 2.709086 0.846154
-0.308331 -0.545182 2.766699 1.000000
-0.114736 -0.551251 2.764765 1.000000
-0.296933 -0.953815 2.890060 1.000000
-0.143298 -0.968610 2.850350 1.000000
-0.299395 -1.005316 2.719691 0.000000
-0.139479 -1.004610 2.676070 0.000000
-0.218326 0.594024 2.668532 0.956731
-0.396780 0.324024 2.734656 1.000000
-0.022152 0.322753 2.751297 1.000000
-0.204832 0.386255 2.643452 0.000000
-0.212507 0.190430 2.801277 0.000000
-0.369595 -0.009701 2.665951 0.557692
-0.034272 -0.026215 2.679422 1.000000
-0.206498 -0.031398 2.769845 0.000000
-0.448467 0.040661 2.745097 1.000000
0.022851 0.039229 2.777061 1.000000
-0.439422 -0.250149 2.648213 1.000000
0.006370 -0.262397 2.724253 1.000000
-0.406985 -0.312188 2.664713 0.358173
-0.002462 -0.329695 2.700455 0.846154
-0.304561 -0.544220 2.756310 1.000000
-0.110150 -0.550632 2.762552 1.000000
-0.298633 -0.950621 2.887198 1.000000
-0.147560 -0.963308 2.865645 1.000000
-0.296861 -1.005163 2.717769 0.000000
-0.137186 -1.007261 2.693469 0.000000
-0.207881 0.597319 2.668262 1.000000
-0.391365 0.319740 2.737854 1.000000
-0.016496 0.322257 2.747424 1.000000
-0.201791 0.383037 2.642512 0.000000
-0.204560 0.188530 2.802119 0.000000
-0.360749 -0.012940 2.667996 0.682692
-0.025597 -0.035985 2.674193 1.000000
-0.195830 -0.036934 2.768453 0.000000
-0.441774 0.035145 2.743826 1.000000
0.030664 0.038265 2.773802 1.000000
-0.415479 -0.259001 2.657874 1.000000
0.010136 -0.261052 2.706061 1.000000
-0.410354 -0.322469 2.624424 0.240385
-0.006107 -0.328313 2.686430 0.879808
-0.303093 -0.550709 2.748134 1.000000
-0.109514 -0.557231 2.767382 1.000000
-0.295117 -0.954672 2.886261 1.000000
-0.140686 -0.976748 2.840615 1.000000
-0.299426 -1.012322 2.717911 0.000000
-0.137384 -1.007591 2.665339 0.000000
-0.207743 0.591985 2.661199 1.000000
-0.388191 0.317658 2.733170 1.000000
-0.013315 0.325630 2.738549 1.000000
-0.200499 0.379092 2.633008 0.000000
-0.198935 0.192018 2.801282 0.000000
-0.356806 -0.019233 2.666398 0.413462
-0.021297 -0.028578 2.681961 0.951923
-0.193931 -0.037331 2.771325 0.000000
-0.428578 0.033408 2.757396 1.000000
0.038174 0.045874 2.784393 1.000000
-0.396641 -0.261490 2.680012 1.000000
0.020568 -0.225128 2.642193 1.000000
-0.383958 -0.331907 2.672674 0.240385
0.009476 -0.294434 2.626476 0.189904
-0.305058 -0.556067 2.722542 1.000000
-0.108417 -0.555981 2.764672 1.000000
-0.291795 -0.960132 2.859964 1.000000
-0.137543 -0.975748 2.837308 1.000000
-0.294486 -1.017518 2.691489 0.000000
-0.128488 -1.006669 2.662248 0.000000
-0.198719 0.593564 2.657289 1.000000
-0.383055 0.324355 2.723674 1.000000
-0.008519 0.327726 2.742027 1.000000
-0.191199 0.381520 2.629025 0.000000
-0.197956 0.197667 2.800686 0.000000
-0.349868 -0.028352 2.668859 0.682692
-0.016452 -0.019341 2.709460 0.596154
-0.194448 -0.039766 2.785390 0.000000
-0.427838 0.050854 2.793556 1.000000
0.045345 0.051518 2.792017 1.000000
-0.397438 -0.226035 2.671567 1.000000
0.031119 -0.099310 2.528347 0.980769
-0.382032 -0.296292 2.671611 0.375000
-0.022272 -0.115630 2.483000 0.307692
-0.330964 -0.556601 2.663632 1.000000
-0.107480 -0.557832 2.751370 1.000000
-0.299872 -0.965408 2.782962 1.000000
-0.144524 -0.974604 2.836564 1.000000
-0.311671 -1.016001 2.612712 0.000000
-0.120526 -1.011973 2.664193 0.000000
-0.187491 0.586116 2.644252 0.908654
-0.386124 0.326141 2.714327 1.000000
-0.012214 0.330558 2.742553 1.000000
-0.191717 0.378140 2.621931 0.000000
-0.203328 0.203827 2.803026 0.000000
-0.352418 -0.011090 2.684552 0.807692
-0.017355 -0.013619 2.709500 0.269231
-0.192189 -0.030224 2.793300 0.000000
-0.441640 0.057637 2.788973 1.000000
0.032880 0.055180 2.796238 1.000000
-0.401721 -0.197146 2.631182 1.000000
0.011110 -0.116649 2.548435 1.000000
-0.380641 -0.263183 2.650368 0.391827
0.006234 -0.158486 2.490132 0.000000
-0.346487 -0.538745 2.643708 1.000000
-0.115194 -0.551541 2.724174 1.000000
-0.292492 -0.929212 2.807869 1.000000
-0.141288 -0.962240 2.838081 1.000000
-0.333171 -1.001123 2.650205 0.000000
-0.126224 -1.010530 2.667420 0.000000
-0.191742 0.584459 2.622187 0.923077
-0.391931 0.339651 2.704125 1.000000
-0.020395 0.335711 2.754822 1.000000
-0.191077 0.384844 2.622577 0.000000
-0.217947 0.215022 2.806299 0.000000
-0.367777 -0.001004 2.677517 1.000000
-0.036049 -0.017690 2.728250 0.682692
-0.217286 -0.023068 2.798887 0.000000
-0.452424 0.073793 2.776421 1.000000
0.016104 0.065469 2.826957 1.000000
-0.441616 -0.071285 2.513927 1.000000
0.021448 -0.189236 2.668326 1.000000
-0.403527 -0.122250 2.480385 0.492788
0.024767 -0.247076 2.625702 0.173077
-0.343951 -0.538817 2.662534 1.000000
-0.110695 -0.547798 2.657604 1.000000
-0.282334 -0.912075 2.860552 1.000000
-0.126411 -0.958130 2.774693 1.000000
-0.308703 -0.997951 2.706883 0.000000
-0.093303 -1.007293 2.606851 0.000000
-0.189544 0.592773 2.627038 1.000000
-0.403906 0.314697 2.707861 1.000000
-0.034453 0.303779 2.771189 1.000000
-0.199646 0.357642 2.633911 0.000000
-0.235612 0.185723 2.814093 0.000000
-0.379462 -0.009917 2.682753 1.000000
-0.052349 -0.034869 2.755349 0.653846
-0.237894 -0.034468 2.813982 0.000000
-0.512593 0.058400 2.736305 1.000000
0.011115 0.045130 2.867804 1.000000
-0.444293 0.095585 2.448906 0.057692
0.035065 -0.250668 2.891793 1.000000
-0.423326 0.105680 2.380849 0.711538
0.028664 -0.300734 2.840550 0.627404
-0.331007 -0.554806 2.708242 1.000000
-0.082271 -0.507901 2.530418 1.000000
-0.289357 -0.942846 2.881502 1.000000
-0.094845 -0.908077 2.678845 1.000000
-0.280284 -1.014511 2.718818 0.000000
-0.047333 -0.969042 2.518502 0.000000
-0.202392 0.551331 2.616793 1.000000
-0.419996 0.305274 2.724485 1.000000
-0.046781 0.289895 2.757639 1.000000
-0.221911 0.344199 2.633479 0.000000
-0.245312 0.175391 2.818604 0.000000
-0.389151 -0.027924 2.706168 1.000000
-0.054841 -0.044308 2.735574 0.990385
-0.231110 -0.047905 2.817924 0.000000
-0.482124 0.033444 2.700708 0.630769
-0.000995 0.043382 2.881944 1.000000
-0.459210 0.165435 2.434802 0.759615
0.027448 -0.245567 2.947916 1.000000
-0.423462 0.204818 2.386383 0.526442
0.039102 -0.301532 2.904265 0.509615
-0.315405 -0.571891 2.721233 1.000000
-0.083329 -0.510111 2.508420 1.000000
-0.282821 -0.958495 2.899572 1.000000
-0.092790 -0.890734 2.701723 1.000000
-0.283090 -1.033074 2.737950 0.000000
-0.053700 -0.970138 2.547286 0.000000
-0.209139 0.542865 2.620089 1.000000
-0.427766 0.321238 2.743410 0.000000
-0.053081 0.306143 2.740454 1.000000
-0.239210 0.364607 2.635702 0.000000
-0.244891 0.188452 2.815291 0.000000
-0.394026 -0.023942 2.700027 1.000000
-0.058685 -0.027181 2.720807 1.000000
-0.232491 -0.035001 2.807959 0.000000
-0.471637 0.045766 2.701651 0.492308
0.000549 0.072798 2.889544 1.000000
-0.449360 0.205506 2.448590 0.990385
0.023691 -0.225852 2.907592 1.000000
-0.437561 0.240767 2.387021 0.004808
0.028274 -0.297158 2.899356 0.206731
-0.312933 -0.563519 2.734205 1.000000
-0.084244 -0.509734 2.521302 1.000000
-0.283011 -0.953544 2.905421 1.000000
-0.100650 -0.883929 2.726333 1.000000
-0.283507 -1.025124 2.742449 0.000000
-0.061379 -0.968676 2.574807 0.000000
-0.207305 0.562388 2.615788 1.000000
-0.402280 0.370449 2.732383 1.000000
-0.027843 0.356088 2.747081 1.000000
-0.208968 0.413034 2.633125 0.000000
-0.222757 0.238823 2.814166 0.000000
-0.378184 0.014516 2.699061 1.000000
-0.042452 0.007810 2.710683 1.000000
-0.213853 0.003757 2.802718 0.000000
-0.473546 0.123685 2.835663 1.000000
0.017882 0.108346 2.861849 1.000000
-0.454099 0.085728 2.544228 0.057692
0.012008 -0.158884 2.738130 1.000000
-0.426472 0.067815 2.480281 0.459135
0.021388 -0.196055 2.677273 0.425481
-0.318872 -0.525238 2.711877 1.000000
-0.096022 -0.512204 2.603257 1.000000
-0.284389 -0.923216 2.862722 1.000000
-0.117657 -0.895149 2.790913 1.000000
-0.295930 -0.987044 2.696961 0.000000
-0.088804 -0.973751 2.633836 0.000000
-0.195607 0.611777 2.614586 1.000000
-0.388230 0.368861 2.747174 1.000000
-0.013243 0.365809 2.746500 1.000000
-0.200467 0.423305 2.643174 0.000000
-0.201663 0.238641 2.814092 0.000000
-0.371685 0.023108 2.714912 0.394231
-0.036131 0.032194 2.700189 1.000000
-0.199385 0.018954 2.805250 0.000000
-0.433434 0.118176 2.852690 1.000000
0.029949 0.101169 2.810686 1.000000
-0.450156 -0.037738 2.604770 1.000000
0.025259 -0.121134 2.619343 1.000000
-0.412050 -0.098216 2.596787 0.341346
0.000866 -0.150784 2.558522 0.307692
-0.335141 -0.499763 2.630454 1.000000
-0.105845 -0.508921 2.693474 1.000000
-0.288908 -0.882888 2.813231 1.000000
-0.132052 -0.897610 2.868297 1.000000
-0.331227 -0.961467 2.659223 0.000000
-0.123780 -0.971009 2.706347 0.000000
-0.197831 0.612682 2.628057 1.000000
-0.386928 0.339876 2.776285 1.000000
-0.013512 0.342553 2.741958 1.000000
-0.209750 0.404811 2.660412 0.000000
-0.194018 0.207833 2.816192 0.000000
-0.357181 0.001108 2.729378 0.182692
-0.024382 0.039296 2.703255 0.605769
-0.182226 0.012340 2.813817 0.000000
-0.421847 0.080419 2.863124 1.000000
0.061241 0.077070 2.745000 1.000000
-0.409849 -0.188168 2.745497 1.000000
0.018748 -0.045279 2.481668 0.596154
-0.401694 -0.237168 2.693480 0.459135
-0.028482 -0.014211 2.437199 0.812500
-0.353589 -0.479314 2.565426 1.000000
-0.108336 -0.509752 2.748733 1.000000
-0.297009 -0.859457 2.751487 1.000000
-0.126444 -0.911279 2.892876 1.000000
-0.362596 -0.939977 2.606922 0.000000
-0.148168 -0.970102 2.726287 0.000000
-0.196924 0.576949 2.643995 1.000000
-0.387212 0.320434 2.763543 1.000000
-0.012786 0.322926 2.742952 1.000000
-0.205960 0.381853 2.652141 0.000000
-0.195727 0.190336 2.815026 0.000000
-0.348289 -0.029979 2.726508 0.144231
-0.015631 0.015037 2.712062 1.000000
-0.177455 -0.009293 2.817354 0.000000
-0.408958 0.075291 2.888391 0.738462
0.095118 0.069205 2.731215 0.930769
-0.393700 -0.199088 2.785000 1.000000
-0.038900 0.120626 2.475088 0.711538
-0.389838 -0.265851 2.758522 0.000000
-0.045474 0.188566 2.452411 0.644231
-0.360727 -0.499378 2.568020 1.000000
-0.110153 -0.535194 2.759835 1.000000
-0.294464 -0.865378 2.777739 1.000000
-0.134001 -0.927722 2.926214 1.000000
-0.366801 -0.955898 2.642620 0.000000
-0.166351 -0.994361 2.764360 0.000000
-0.196883 0.570162 2.646828 1.000000
-0.389474 0.339925 2.736624 1.000000
-0.014560 0.335872 2.743514 1.000000
-0.199516 0.388223 2.633580 0.000000
-0.204728 0.213002 2.814094 0.000000
-0.343715 -0.012466 2.711064 0.490385
-0.008383 0.004698 2.723467 1.000000
-0.179756 -0.002343 2.815373 0.000000
-0.416981 0.109901 2.886732 0.892308
0.098830 0.090226 2.798300 0.784615
-0.399425 -0.156860 2.765128 1.000000
-0.021644 0.133966 2.534046 0.548077
-0.394923 -0.221358 2.733614 0.000000
-0.043555 0.175783 2.479782 0.576923
-0.353860 -0.507758 2.599354 1.000000
-0.104607 -0.538492 2.752826 1.000000
-0.287893 -0.866959 2.820605 1.000000
-0.125259 -0.931191 2.919231 1.000000
-0.353164 -0.962333 2.685226 0.000000
-0.124292 -1.000682 2.755359 0.000000
-0.196903 0.602296 2.637454 1.000000
-0.398073 0.363856 2.729536 1.000000
-0.023894 0.365336 2.754297 1.000000
-0.204187 0.415992 2.636128 0.000000
-0.215296 0.238955 2.814593 0.000000
-0.347861 0.015796 2.695341 0.644231
-0.014988 0.009706 2.740665 0.817308
-0.194698 0.011213 2.815280 0.000000
-0.431079 0.125521 2.861810 1.000000
0.046130 0.113454 2.838212 1.000000
-0.409888 -0.120535 2.705775 1.000000
-0.010137 0.043473 2.560226 0.682692
-0.385795 -0.178809 2.671177 0.526442
-0.052235 0.006870 2.514824 0.206731
-0.331615 -0.515535 2.681750 1.000000
-0.091446 -0.522471 2.681122 1.000000
-0.290328 -0.897905 2.867270 1.000000
-0.111512 -0.914190 2.849891 1.000000
-0.316734 -0.977045 2.710032 0.000000
-0.082609 -0.984933 2.689130 0.000000
-0.207759 0.617676 2.640243 0.889423
-0.412767 0.330199 2.741023 1.000000
-0.039802 0.326173 2.779825 1.000000
-0.214993 0.384890 2.657779 0.000000
-0.234528 0.199020 2.826260 0.000000
-0.377142 -0.011801 2.714080 1.000000
-0.041950 -0.008639 2.737160 0.932692
-0.216213 -0.016857 2.823359 0.000000
-0.455768 0.065546 2.799353 1.000000
0.016351 0.065313 2.843788 1.000000
-0.443922 -0.046285 2.529940 0.442308
0.026574 -0.191751 2.705790 1.000000
-0.426083 -0.092772 2.478037 0.661058
-0.006996 -0.255316 2.703383 0.711538
-0.305588 -0.548489 2.755087 1.000000
-0.068030 -0.516372 2.591405 1.000000
-0.287532 -0.950823 2.896969 1.000000
-0.085715 -0.912399 2.750083 0.822356
-0.285453 -1.009934 2.729083 0.000000
-0.045449 -0.978433 2.589764 0.000000
-0.219842 0.569500 2.654459 1.000000
-0.412362 0.310291 2.754033 1.000000
-0.037902 0.299042 2.770715 1.000000
-0.218863 0.357426 2.657227 0.000000
-0.232092 0.178136 2.833282 0.000000
-0.376426 -0.033140 2.723404 1.000000
-0.040811 -0.026869 2.738229 1.000000
-0.212793 -0.037790 2.828609 0.000000
-0.456049 0.039389 2.768242 1.000000
0.019964 0.041072 2.845557 1.000000
-0.447550 -0.005587 2.479508 0.000000
0.053658 -0.246523 2.805359 1.000000
-0.445254 -0.016858 2.408508 0.000000
0.035259 -0.313270 2.785876 0.307692
-0.304557 -0.568549 2.765521 1.000000
-0.067635 -0.528688 2.575389 1.000000
-0.280326 -0.967866 2.914814 1.000000
-0.078907 -0.915910 2.755003 0.956731
-0.283428 -1.030356 2.748172 0.000000
-0.042465 -0.990096 2.597357 0.000000
-0.227487 0.548828 2.655484 1.000000
-0.406301 0.322755 2.754716 1.000000
-0.031391 0.314837 2.756792 1.000000
-0.217117 0.373276 2.651314 0.000000
-0.221925 0.191095 2.824814 0.000000
-0.372458 -0.025758 2.719822 1.000000
-0.036462 -0.026860 2.721171 1.000000
-0.204869 -0.031070 2.818570 0.000000
-0.427031 0.054600 2.784555 0.753846
0.031651 0.072414 2.859183 1.000000
-0.440382 0.106127 2.501609 0.192308
0.039790 -0.211950 2.814883 1.000000
-0.419201 0.144907 2.444857 0.375000
0.008966 -0.266767 2.779978 0.560096
-0.299151 -0.563015 2.766088 1.000000
-0.070721 -0.536342 2.589388 1.000000
-0.283690 -0.961794 2.917960 1.000000
-0.076504 -0.931354 2.751441 1.000000
-0.291097 -1.025341 2.751855 0.000000
-0.045762 -0.998284 2.589394 0.000000
-0.218545 0.572680 2.649440 1.000000
-0.392868 0.346968 2.758821 1.000000
-0.018389 0.356485 2.741500 1.000000
-0.211837 0.408003 2.646849 0.000000
-0.199272 0.222861 2.816790 0.000000
-0.357919 -0.001629 2.707791 1.000000
-0.022309 -0.004849 2.691931 1.000000
-0.185555 -0.010056 2.797708 0.000000
-0.479019 0.106269 2.834321 0.476923
0.030074 0.113716 2.840359 1.000000
-0.420767 0.146827 2.559733 0.019231
0.026846 -0.157403 2.757168 1.000000
-0.398054 0.154065 2.491873 0.240385
0.010555 -0.208812 2.709576 0.610577
-0.294534 -0.538405 2.752773 1.000000
-0.080543 -0.540084 2.673135 1.000000
-0.282886 -0.938611 2.901193 1.000000
-0.075451 -0.958841 2.756473 1.000000
-0.299710 -1.000658 2.735208 0.000000
-0.073961 -0.993565 2.581899 0.000000
-0.202898 0.609120 2.648115 1.000000
-0.375364 0.347664 2.773328 1.000000
-0.002353 0.356058 2.735683 1.000000
-0.200342 0.412714 2.654286 0.000000
-0.179797 0.220125 2.814918 0.000000
-0.354008 -0.002191 2.708436 0.980769
-0.018489 0.004071 2.691581 1.000000
-0.181139 -0.010844 2.797354 0.000000
-0.442918 0.108934 2.867306 1.000000
0.043503 0.106074 2.811793 1.000000
-0.418615 0.082621 2.587317 0.076923
0.025985 -0.159822 2.718683 1.000000
-0.391331 0.057869 2.525542 0.677885
0.014301 -0.221148 2.682963 0.879808
-0.300961 -0.537111 2.706007 1.000000
-0.082672 -0.535838 2.714029 1.000000
-0.294341 -0.931703 2.869050 1.000000
-0.077758 -0.958169 2.776812 1.000000
-0.317430 -0.999434 2.706067 0.000000
-0.083276 -0.984393 2.600841 0.000000
-0.185070 0.600784 2.640834 1.000000
-0.365064 0.327882 2.776153 1.000000
0.008284 0.321555 2.741560 1.000000
-0.186597 0.386616 2.658956 0.000000
-0.175110 0.192345 2.818462 0.000000
-0.345518 -0.012966 2.717792 0.375000
-0.010354 -0.014247 2.694139 0.653846
-0.171162 -0.028537 2.802777 0.000000
-0.404054 0.074613 2.850224 1.000000
0.049517 0.061708 2.785506 1.000000
-0.421772 -0.036401 2.589640 0.971154
0.047449 -0.203911 2.685585 1.000000
-0.388412 -0.086873 2.550741 0.560096
0.031482 -0.244184 2.628170 1.000000
-0.309377 -0.545525 2.660453 1.000000
-0.079718 -0.551483 2.727011 1.000000
-0.289160 -0.930151 2.844797 1.000000
-0.090282 -0.974571 2.783705 1.000000
-0.325291 -1.007023 2.688371 0.000000
-0.099780 -0.997945 2.607502 0.000000
-0.159976 0.571052 2.647781 1.000000
-0.347411 0.329610 2.774420 1.000000
0.025889 0.313073 2.742825 1.000000
-0.166617 0.381894 2.657737 0.000000
-0.161370 0.189856 2.820246 0.000000
-0.333650 -0.017386 2.723906 0.230769
0.001450 -0.026210 2.700965 0.884615
-0.159858 -0.036579 2.809306 0.000000
-0.383364 0.065379 2.816608 1.000000
0.058909 0.045414 2.755397 1.000000
-0.382395 -0.207734 2.727623 1.000000
0.062766 -0.208239 2.620654 1.000000
-0.373698 -0.273788 2.700522 0.408654
0.037767 -0.249240 2.567107 0.745192
-0.315526 -0.543358 2.629115 1.000000
-0.071386 -0.561294 2.732829 1.000000
-0.283404 -0.918400 2.830711 1.000000
-0.097288 -0.984345 2.784655 1.000000
-0.329101 -1.002872 2.680844 0.000000
-0.105504 -1.005470 2.608104 0.000000
-0.152134 0.573811 2.649257 1.000000
-0.346459 0.331616 2.770173 1.000000
0.027427 0.319697 2.743861 1.000000
-0.164688 0.386206 2.656092 0.000000
-0.159379 0.194128 2.818552 0.000000
-0.330077 -0.007793 2.709688 0.259615
0.005568 -0.014806 2.695939 1.000000
-0.158484 -0.022033 2.800342 0.000000
-0.388713 0.068602 2.821714 1.000000
0.065473 0.051410 2.757767 1.000000
-0.392234 -0.218847 2.795343 1.000000
0.058032 -0.184057 2.590930 1.000000
-0.393007 -0.290444 2.788515 0.000000
0.029868 -0.229806 2.543107 0.560096
-0.310598 -0.535916 2.635890 1.000000
-0.074602 -0.550743 2.732555 1.000000
-0.282738 -0.934841 2.785594 1.000000
-0.093020 -0.967956 2.821568 1.000000
-0.322835 -0.998221 2.624165 0.000000
-0.096122 -1.004960 2.647484 0.000000
-0.150056 0.583571 2.660273 0.985577
-0.349023 0.338950 2.764950 1.000000
0.025612 0.330846 2.750542 1.000000
-0.164166 0.397982 2.658281 0.000000
-0.162348 0.201834 2.815882 0.000000
-0.328307 -0.008941 2.697801 0.317308
0.007606 -0.015458 2.693818 1.000000
-0.159350 -0.020452 2.793647 0.000000
-0.388429 0.075082 2.822003 1.000000
0.062921 0.060701 2.758508 1.000000
-0.407770 -0.213160 2.850294 1.000000
0.057580 -0.178857 2.594676 1.000000
-0.412571 -0.284581 2.857316 0.000000
0.023047 -0.222689 2.549293 0.509615
-0.308367 -0.541381 2.663533 1.000000
-0.077225 -0.550049 2.748110 1.000000
-0.287329 -0.953651 2.772712 1.000000
-0.088434 -0.971774 2.814078 1.000000
-0.315913 -0.999989 2.603243 0.000000
-0.089594 -0.999252 2.638215 0.000000
-0.157868 0.588690 2.662390 1.000000
-0.358550 0.330992 2.761665 1.000000
0.015990 0.319925 2.746735 1.000000
-0.173330 0.389482 2.655328 0.000000
-0.172959 0.191870 2.811099 0.000000
-0.338879 -0.012663 2.692560 0.384615
-0.003436 -0.026283 2.678830 1.000000
-0.167775 -0.034005 2.782745 0.000000
-0.397810 0.063158 2.817490 1.000000
0.061998 0.047408 2.750014 1.000000
-0.421932 -0.223352 2.879181 1.000000
0.044104 -0.213836 2.616197 1.000000
-0.427682 -0.293463 2.894171 0.000000
0.018148 -0.265892 2.573890 0.627404
-0.292527 -0.552479 2.716157 1.000000
-0.078303 -0.556136 2.743927 1.000000
-0.270843 -0.972786 2.788272 1.000000
-0.091448 -0.978806 2.803140 1.000000
-0.286466 -1.003553 2.613649 0.000000
-0.098017 -1.003284 2.626954 0.000000
-0.166452 0.593563 2.672076 1.000000
-0.373291 0.329664 2.754906 1.000000
0.001671 0.325358 2.751775 1.000000
-0.185862 0.393843 2.655982 0.000000
-0.186911 0.192587 2.807011 0.000000
-0.347676 -0.016257 2.667569 0.509615
-0.012261 -0.027928 2.683592 0.971154
-0.185146 -0.038083 2.772321 0.000000
-0.413175 0.061757 2.814276 1.000000
0.045418 0.051718 2.741949 1.000000
-0.426642 -0.229161 2.861417 1.000000
0.031476 -0.228358 2.650295 1.000000
-0.435132 -0.293584 2.892255 0.055288
0.002882 -0.290966 2.629417 0.947115
-0.284072 -0.551965 2.740672 1.000000
-0.086309 -0.558914 2.733821 1.000000
-0.263590 -0.974756 2.796865 1.000000
-0.103341 -0.980538 2.799184 1.000000
-0.258671 -0.997965 2.620454 0.000000
-0.093279 -1.008160 2.623629 0.000000
-0.177772 0.594636 2.666066 1.000000
