-0.425518 0.308456 2.675709 1.000000
-0.050567 0.312467 2.671154 1.000000
-0.239474 0.362285 2.601214 0.000000
-0.235523 0.170736 2.757757 0.000000
-0.440158 -0.045525 2.656187 0.740385
-0.048095 -0.062092 2.647938 0.509615
-0.242054 -0.064088 2.771221 0.000000
-0.493676 0.027007 2.722127 1.000000
0.003804 0.024391 2.679484 1.000000
-0.486683 -0.271847 2.642029 1.000000
-0.019978 -0.280768 2.633757 1.000000
-0.467703 -0.341211 2.640735 0.509615
-0.020916 -0.352182 2.625237 0.425481
-0.356839 -0.603426 2.700009 1.000000
-0.134234 -0.605380 2.722574 1.000000
-0.361553 -1.029574 2.757247 1.000000
-0.120013 -1.031689 2.776965 1.000000
-0.366981 -1.052982 2.582517 0.000000
-0.125087 -1.054168 2.602102 0.173077
-0.237601 0.588638 2.590692 0.750000
-0.434062 0.307475 2.672718 1.000000
-0.059104 0.305316 2.667572 1.000000
-0.247287 0.357503 2.597407 0.000000
-0.246206 0.167508 2.755878 0.000000
-0.449262 -0.051557 2.644860 0.346154
-0.056919 -0.060023 2.652046 0.509615
-0.255477 -0.065205 2.767678 0.000000
-0.498304 0.026983 2.724208 1.000000
-0.005770 0.018425 2.684980 1.000000
-0.491672 -0.274661 2.659998 1.000000
-0.024128 -0.284909 2.631993 1.000000
-0.481356 -0.343379 2.641432 0.425481
-0.037294 -0.350614 2.605862 0.492788
-0.362203 -0.606185 2.701826 1.000000
-0.134964 -0.606176 2.718078 1.000000
-0.354372 -1.031496 2.764671 1.000000
-0.116426 -1.031777 2.776558 1.000000
-0.353187 -1.057256 2.590191 0.000000
-0.113704 -1.055668 2.601830 0.192308
-0.249675 0.583497 2.579264 0.764423
-0.436272 0.305039 2.667265 1.000000
-0.061294 0.308791 2.665727 1.000000
-0.249587 0.357263 2.593233 0.000000
-0.247044 0.168928 2.753657 0.000000
-0.452628 -0.045397 2.641363 0.432692
-0.060294 -0.049111 2.652150 0.471154
-0.259834 -0.057655 2.765875 0.000000
-0.504832 0.026120 2.721364 1.000000
-0.010789 0.021353 2.681601 1.000000
-0.492370 -0.275861 2.659932 1.000000
-0.025020 -0.283502 2.637076 1.000000
-0.483735 -0.339787 2.628117 0.475962
-0.038139 -0.346386 2.604722 0.425481
-0.360194 -0.598166 2.702980 1.000000
-0.136380 -0.597321 2.712080 1.000000
-0.359661 -1.021896 2.776141 1.000000
-0.118328 -1.020731 2.784872 1.000000
-0.356093 -1.051895 2.602373 0.000000
-0.112872 -1.050374 2.611092 0.000000
-0.270656 0.588190 2.573298 0.894231
-0.444255 0.306872 2.666625 1.000000
-0.069285 0.311559 2.667301 1.000000
-0.257279 0.360377 2.594263 0.000000
-0.255188 0.170269 2.752588 0.000000
-0.453391 -0.044553 2.641419 0.346154
-0.061285 -0.059614 2.650506 0.567308
-0.260486 -0.062125 2.765118 0.000000
-0.506813 0.026228 2.717147 1.000000
-0.010931 0.025553 2.672015 1.000000
-0.500105 -0.273983 2.648358 1.000000
-0.031470 -0.280335 2.641776 1.000000
-0.481020 -0.338552 2.623062 0.459135
-0.038793 -0.348705 2.620677 0.324519
-0.364575 -0.601535 2.696975 1.000000
-0.141050 -0.603540 2.715814 1.000000
-0.360106 -1.024077 2.776589 1.000000
-0.117108 -1.029385 2.770434 1.000000
-0.358639 -1.056718 2.603267 0.000000
-0.114413 -1.051672 2.595494 0.057692
-0.268634 0.583694 2.573497 0.937500
-0.456811 0.305564 2.666872 1.000000
-0.081998 0.316014 2.661283 1.000000
-0.271911 0.361744 2.591273 0.000000
-0.264257 0.172110 2.749995 0.000000
-0.463754 -0.048841 2.636380 0.730769
-0.071552 -0.057526 2.648942 0.490385
-0.271683 -0.062846 2.761822 0.000000
-0.515466 0.024085 2.713780 1.000000
-0.020629 0.031347 2.669663 1.000000
-0.507456 -0.274822 2.642378 1.000000
-0.037702 -0.273412 2.633085 1.000000
-0.487307 -0.343594 2.636237 0.576923
-0.045585 -0.341911 2.612614 0.408654
-0.368091 -0.603996 2.695054 1.000000
-0.146002 -0.602479 2.717235 1.000000
-0.363330 -1.028714 2.762077 1.000000
-0.115937 -1.026898 2.779403 1.000000
-0.359117 -1.056153 2.587900 0.000000
-0.111283 -1.052129 2.604904 0.192308
-0.279760 0.586523 2.569579 0.875000
-0.463662 0.305186 2.665504 1.000000
-0.089005 0.314763 2.652645 1.000000
-0.280132 0.360388 2.585949 0.000000
-0.269824 0.171933 2.745923 0.000000
-0.470546 -0.052904 2.634203 0.798077
-0.078221 -0.059971 2.643580 0.653846
-0.277400 -0.065686 2.758115 0.000000
-0.526261 0.023730 2.709746 1.000000
-0.023325 0.030832 2.665406 1.000000
-0.510874 -0.268523 2.614322 1.000000
-0.045009 -0.273902 2.627702 1.000000
-0.499302 -0.338749 2.603942 0.543269
-0.052477 -0.331616 2.585434 0.593750
-0.374533 -0.607151 2.695418 1.000000
-0.145073 -0.604552 2.713392 1.000000
-0.362988 -1.031979 2.760899 1.000000
-0.117357 -1.029672 2.771741 1.000000
-0.360391 -1.058775 2.586591 0.000000
-0.113819 -1.053424 2.597009 0.038462
-0.281308 0.585360 2.564136 0.918269
-0.471525 0.301257 2.661054 1.000000
-0.097070 0.316960 2.648340 1.000000
-0.288860 0.357780 2.580445 0.000000
-0.275544 0.173199 2.744656 0.000000
-0.473209 -0.041114 2.645905 0.682692
-0.081070 -0.053686 2.634716 0.634615
-0.274104 -0.058688 2.759357 0.000000
-0.536830 0.021145 2.709591 1.000000
-0.031792 0.033056 2.663203 1.000000
-0.505699 -0.254090 2.575353 1.000000
-0.050810 -0.269580 2.610356 1.000000
-0.520448 -0.316021 2.541883 0.408654
-0.072834 -0.325102 2.570286 0.509615
-0.373798 -0.598849 2.685759 1.000000
-0.146291 -0.597239 2.701521 1.000000
-0.362111 -1.019796 2.772749 1.000000
-0.113751 -1.019351 2.776774 1.000000
-0.369513 -1.055656 2.600217 0.000000
-0.118665 -1.050661 2.603270 0.000000
-0.290023 0.586450 2.562426 0.850962
-0.490031 0.291370 2.662991 1.000000
-0.116714 0.305967 2.630648 1.000000
-0.311726 0.344337 2.571005 0.000000
-0.289992 0.166456 2.741589 0.000000
-0.483631 -0.050619 2.657557 1.000000
-0.092357 -0.054903 2.626857 0.750000
-0.278848 -0.066477 2.760684 0.000000
-0.548675 0.006516 2.697987 1.000000
-0.030175 0.028586 2.667749 1.000000
-0.492003 -0.222187 2.497909 1.000000
-0.073340 -0.253975 2.550087 1.000000
-0.494646 -0.293238 2.487043 0.576923
-0.096733 -0.321670 2.543499 0.610577
-0.380628 -0.606278 2.684568 1.000000
-0.131204 -0.602011 2.648507 1.000000
-0.358246 -1.030085 2.753751 1.000000
-0.125620 -1.016464 2.762954 0.803606
-0.373981 -1.059197 2.580508 0.000000
-0.122522 -1.063365 2.592958 0.000000
-0.309684 0.573941 2.559995 1.000000
-0.493823 0.284442 2.663817 1.000000
-0.120985 0.299607 2.626578 1.000000
-0.316802 0.338627 2.570077 0.000000
-0.292697 0.158652 2.738127 0.000000
-0.487153 -0.061599 2.640963 0.403846
-0.095060 -0.057863 2.623478 0.730769
-0.285696 -0.070516 2.751230 0.000000
-0.553749 -0.001141 2.679417 1.000000
-0.028971 0.024616 2.662716 1.000000
-0.474130 -0.175744 2.438043 0.894231
-0.078576 -0.225202 2.488884 1.000000
-0.450423 -0.235537 2.405854 0.543269
-0.100321 -0.281215 2.449350 0.139423
-0.384822 -0.615379 2.669168 1.000000
-0.113228 -0.603835 2.607946 1.000000
-0.370036 -1.035439 2.759890 1.000000
-0.130879 -1.014383 2.734593 1.000000
-0.380398 -1.072958 2.587863 0.000000
-0.104222 -1.066822 2.568318 0.000000
-0.315401 0.563865 2.558031 0.908654
-0.491277 0.291528 2.652828 1.000000
-0.117885 0.302326 2.619859 1.000000
-0.312621 0.341680 2.559951 0.000000
-0.292273 0.165842 2.732809 0.000000
-0.485289 -0.074179 2.642987 0.509615
-0.095100 -0.049501 2.608345 0.548077
-0.278967 -0.072910 2.744242 0.000000
-0.563103 0.011712 2.671854 1.000000
-0.003969 0.038056 2.651515 1.000000
-0.469266 -0.094917 2.401375 0.173077
-0.103687 -0.142068 2.425803 1.000000
-0.422233 -0.137383 2.367348 0.745192
-0.124554 -0.186715 2.373415 0.004808
-0.392278 -0.619889 2.670305 1.000000
-0.103476 -0.599384 2.573747 1.000000
-0.361573 -1.040321 2.755127 1.000000
-0.164526 -0.987158 2.749260 0.456731
-0.381867 -1.076393 2.583677 0.000000
-0.119091 -1.063316 2.596801 0.000000
-0.312892 0.570484 2.546786 1.000000
-0.474845 0.330258 2.633408 1.000000
-0.100735 0.331849 2.607632 1.000000
-0.293111 0.379692 2.546296 0.000000
-0.281005 0.195120 2.710610 0.000000
-0.475345 -0.066320 2.627596 0.865385
-0.086943 -0.017286 2.599391 1.000000
-0.271715 -0.047992 2.732580 0.000000
-0.563261 0.065699 2.672818 1.000000
0.030349 0.086765 2.653598 1.000000
-0.438587 0.035021 2.404699 0.153846
-0.101083 0.023152 2.394655 0.884615
-0.410192 -0.006479 2.353271 0.677885
-0.146218 0.023605 2.338655 0.846154
-0.387400 -0.601552 2.672085 1.000000
-0.109354 -0.580288 2.585955 1.000000
-0.359603 -1.024326 2.745496 1.000000
-0.121723 -0.991961 2.709535 1.000000
-0.376089 -1.055420 2.572668 0.000000
-0.108126 -1.042895 2.541222 0.019231
-0.286667 0.610993 2.528769 1.000000
-0.452361 0.353762 2.625737 1.000000
-0.078386 0.354216 2.598031 1.000000
-0.270841 0.404488 2.538924 0.000000
-0.258787 0.215821 2.698524 0.000000
-0.468215 -0.036914 2.616314 1.000000
-0.077335 -0.009095 2.594054 1.000000
-0.265845 -0.024835 2.724588 0.000000
-0.552300 0.103602 2.687968 1.000000
0.041291 0.106332 2.623934 1.000000
-0.436243 0.043304 2.427174 0.000000
-0.112978 0.086781 2.377078 0.903846
-0.401268 0.050883 2.364783 0.862981
-0.157210 0.102021 2.322447 0.846154
-0.387489 -0.580066 2.659191 1.000000
-0.114397 -0.568029 2.610278 1.000000
-0.369952 -1.005594 2.718510 1.000000
-0.102083 -0.991125 2.686031 1.000000
-0.383625 -1.030425 2.544428 0.000000
-0.101347 -1.022189 2.512415 0.000000
-0.257128 0.628180 2.524870 1.000000
-0.430218 0.356754 2.633393 1.000000
-0.058297 0.352783 2.585602 1.000000
-0.252737 0.408338 2.539059 0.000000
-0.235433 0.213028 2.689947 0.000000
-0.458641 -0.007059 2.627842 0.596154
-0.070932 0.000030 2.567114 1.000000
-0.246254 -0.004771 2.715647 0.000000
-0.522458 0.109849 2.703121 0.969231
0.047670 0.101580 2.586080 1.000000
-0.435873 0.042684 2.437107 0.144231
-0.123046 0.100765 2.354504 1.000000
-0.389321 0.027578 2.384401 0.677885
-0.169784 0.131032 2.308976 0.644231
-0.406327 -0.556295 2.611859 1.000000
-0.116902 -0.552195 2.624054 1.000000
-0.386877 -0.978500 2.691013 1.000000
-0.123817 -0.977627 2.686181 0.781731
-0.427975 -1.011932 2.522783 0.000000
-0.143184 -1.002651 2.512667 0.000000
-0.216281 0.618555 2.515767 1.000000
-0.400360 0.345028 2.657618 1.000000
-0.033241 0.319297 2.585599 1.000000
-0.226023 0.389345 2.554168 0.000000
-0.212540 0.186604 2.695330 0.000000
-0.435827 -0.012331 2.626740 0.307692
-0.052156 -0.020390 2.544354 1.000000
-0.218967 -0.020164 2.702458 0.000000
-0.484841 0.099833 2.739974 0.923077
0.046320 0.060038 2.563359 1.000000
-0.448889 -0.007578 2.476125 0.000000
-0.133489 0.062745 2.339511 1.000000
-0.401522 -0.041493 2.433942 0.862981
-0.179224 0.096037 2.295089 0.711538
-0.428117 -0.552351 2.535002 1.000000
-0.135325 -0.568885 2.635358 1.000000
-0.401547 -0.952477 2.690223 1.000000
-0.132450 -0.991281 2.715821 1.000000
-0.468589 -1.015329 2.539680 0.000000
-0.167937 -1.023843 2.546149 0.000000
-0.206510 0.581220 2.500814 1.000000
-0.393800 0.341170 2.636754 1.000000
-0.023425 0.317173 2.583170 1.000000
-0.215333 0.382889 2.539447 0.000000
-0.206095 0.187423 2.690841 0.000000
-0.430540 -0.019838 2.602200 1.000000
-0.041008 -0.039547 2.558239 0.769231
-0.222615 -0.034578 2.699013 0.000000
-0.459638 0.107028 2.752665 0.969231
0.040329 0.056693 2.557120 1.000000
-0.467573 0.003877 2.487842 0.173077
-0.152013 0.058717 2.347753 1.000000
-0.469064 -0.019773 2.419932 0.000000
-0.194312 0.091875 2.299955 0.947115
-0.429044 -0.561643 2.517599 1.000000
-0.146498 -0.585100 2.638848 1.000000
-0.386340 -0.949687 2.697872 1.000000
-0.130016 -1.008981 2.709232 1.000000
-0.449956 -1.024702 2.551468 0.000000
-0.150806 -1.038456 2.536585 0.000000
-0.208227 0.593090 2.510805 1.000000
-0.398018 0.351108 2.630322 1.000000
-0.027182 0.341158 2.575492 1.000000
-0.221876 0.397389 2.530866 0.000000
-0.203758 0.207097 2.687943 0.000000
-0.423865 -0.005827 2.611682 1.000000
-0.036040 -0.027277 2.555219 1.000000
-0.213250 -0.025468 2.701562 0.000000
-0.471081 0.130067 2.760724 0.800000
0.035821 0.082107 2.564308 1.000000
-0.452675 0.016572 2.503691 0.173077
-0.156801 0.057696 2.360381 1.000000
-0.446328 -0.010623 2.437408 0.000000
-0.204391 0.086967 2.315085 0.879808
-0.420406 -0.550672 2.528873 1.000000
-0.147076 -0.572634 2.634437 1.000000
-0.388426 -0.948140 2.689796 1.000000
-0.123173 -0.997967 2.692925 0.906731
-0.450210 -1.014383 2.538460 0.000000
-0.149891 -1.023190 2.520420 0.000000
-0.212981 0.616512 2.520432 1.000000
-0.420954 0.374902 2.621206 1.000000
-0.049162 0.371933 2.572350 1.000000
-0.244340 0.422391 2.523167 0.000000
-0.224437 0.237078 2.685881 0.000000
-0.427928 0.022633 2.619306 0.615385
-0.040593 -0.001386 2.560561 0.875000
-0.217154 -0.001539 2.707697 0.000000
-0.506403 0.141547 2.717398 1.000000
0.032993 0.118616 2.581848 1.000000
-0.409738 0.077322 2.461270 0.000000
-0.137290 -0.002478 2.393671 0.807692
-0.359363 0.071958 2.410211 0.947115
-0.183017 0.018794 2.342390 0.745192
-0.401553 -0.532882 2.577553 1.000000
-0.137808 -0.546763 2.624216 1.000000
-0.368133 -0.956146 2.645600 1.000000
-0.113290 -0.974970 2.654846 0.972356
-0.414842 -0.986732 2.478295 0.000000
-0.141400 -0.988994 2.481291 0.000000
-0.241234 0.644002 2.527756 0.995192
-0.437225 0.359814 2.626208 1.000000
-0.064799 0.369215 2.583363 1.000000
-0.260476 0.417712 2.534191 0.000000
-0.238163 0.223220 2.685477 0.000000
-0.441540 -0.001654 2.606959 0.423077
-0.050838 0.002709 2.569688 0.875000
-0.234763 -0.008270 2.707070 0.000000
-0.535918 0.123198 2.697998 0.907692
0.025435 0.119766 2.606054 1.000000
-0.406974 0.071101 2.453891 0.153846
-0.100582 -0.066504 2.437674 0.836538
-0.366482 0.081392 2.395343 0.846154
-0.149208 -0.060626 2.385002 0.677885
-0.377728 -0.552645 2.622528 1.000000
-0.116444 -0.552341 2.589916 1.000000
-0.357872 -0.979068 2.674195 1.000000
-0.115608 -0.979384 2.640253 1.000000
-0.381716 -1.001182 2.500844 0.000000
-0.127128 -1.000009 2.465468 0.000000
-0.265412 0.632089 2.530218 1.000000
-0.452650 0.333104 2.645859 1.000000
-0.080986 0.339728 2.596390 1.000000
-0.276772 0.393892 2.554038 0.000000
-0.254654 0.190356 2.692951 0.000000
-0.457534 -0.034102 2.610375 1.000000
-0.068665 -0.012448 2.561713 0.528846
-0.247942 -0.029163 2.704553 0.000000
-0.544752 0.082453 2.672158 1.000000
-0.003303 0.087477 2.644711 1.000000
-0.402075 0.069461 2.427926 0.000000
-0.059919 -0.119553 2.460028 1.000000
-0.357420 0.079588 2.372458 0.475962
-0.113085 -0.124287 2.411817 0.980769
-0.357186 -0.580156 2.650013 1.000000
-0.091700 -0.565269 2.540756 1.000000
-0.348080 -1.004608 2.718263 1.000000
-0.108427 -0.977437 2.662156 1.000000
-0.370198 -1.032850 2.545575 0.000000
-0.096244 -1.027605 2.493506 0.000000
-0.278318 0.600318 2.530914 1.000000
-0.461909 0.319789 2.649594 1.000000
-0.091443 0.328157 2.592062 1.000000
-0.288575 0.379280 2.552252 0.000000
-0.261635 0.180291 2.696785 0.000000
-0.459933 -0.043854 2.627626 1.000000
-0.075633 -0.018446 2.551970 0.673077
-0.244186 -0.039828 2.706745 0.000000
-0.539724 0.063706 2.666832 1.000000
0.003229 0.088288 2.665759 1.000000
-0.402538 0.105327 2.422813 0.000000
-0.066605 -0.094742 2.461502 1.000000
-0.352018 0.080379 2.378107 0.543269
-0.113452 -0.094763 2.406925 0.677885
-0.359589 -0.589302 2.650634 1.000000
-0.082224 -0.567513 2.521142 1.000000
-0.345761 -1.012509 2.725500 1.000000
-0.160854 -0.965215 2.664498 0.497356
-0.380526 -1.043731 2.555427 0.000000
-0.123865 -1.030120 2.504726 0.000000
-0.290507 0.589427 2.533588 1.000000
-0.451506 0.334421 2.632117 1.000000
-0.079581 0.350775 2.587065 1.000000
-0.276481 0.394195 2.538027 0.000000
-0.249318 0.203209 2.692944 0.000000
-0.448703 -0.041746 2.609004 1.000000
-0.059818 -0.005805 2.569855 0.721154
-0.241523 -0.032373 2.708058 0.000000
-0.530052 0.086145 2.686747 0.953846
0.014676 0.111760 2.656221 1.000000
-0.414893 0.050166 2.433219 0.009615
-0.082386 -0.022718 2.429665 0.701923
-0.377579 0.059485 2.372439 0.560096
-0.131593 -0.023357 2.377209 0.576923
-0.362764 -0.581372 2.649796 1.000000
-0.099134 -0.566293 2.541111 1.000000
-0.353764 -1.008087 2.702078 1.000000
-0.205312 -0.945197 2.714484 1.000000
-0.372074 -1.029801 2.528005 0.000000
-0.164638 -1.025899 2.563021 0.000000
-0.288702 0.622395 2.535010 1.000000
-0.437679 0.353380 2.627429 1.000000
-0.065559 0.370668 2.584378 1.000000
-0.262311 0.413297 2.534071 0.000000
-0.235442 0.223024 2.689913 0.000000
-0.440955 -0.021985 2.609968 0.596154
-0.052043 0.009293 2.567240 0.778846
-0.232998 -0.012038 2.707323 0.000000
-0.510090 0.118428 2.724300 1.000000
0.035102 0.129598 2.624154 1.000000
-0.448651 0.018585 2.471289 0.134615
-0.114328 0.040681 2.406158 0.836538
-0.412391 -0.006404 2.414420 0.694712
-0.165101 0.060611 2.359272 0.677885
-0.368106 -0.564018 2.632203 1.000000
-0.106220 -0.553486 2.575507 1.000000
-0.359745 -0.991105 2.681467 1.000000
-0.114523 -0.966052 2.696423 1.000000
-0.382998 -1.011588 2.507835 0.000000
-0.117210 -1.015602 2.527173 0.000000
-0.260368 0.636243 2.535496 1.000000
-0.408753 0.355437 2.650737 1.000000
-0.038514 0.355882 2.591175 1.000000
-0.234502 0.412913 2.553821 0.000000
-0.211820 0.209826 2.693298 0.000000
-0.418076 0.010450 2.638372 0.298077
-0.033773 0.004318 2.558814 0.875000
-0.202121 -0.008220 2.714777 0.000000
-0.481923 0.124316 2.758014 1.000000
0.045696 0.104916 2.576888 1.000000
-0.432351 -0.032871 2.531976 0.269231
-0.148633 0.094818 2.375910 1.000000
-0.432222 -0.082540 2.479954 0.778846
-0.191978 0.143112 2.344888 0.778846
-0.391967 -0.537890 2.571472 1.000000
-0.122588 -0.545933 2.627513 1.000000
-0.388178 -0.961111 2.647435 1.000000
-0.101546 -0.968035 2.706808 1.000000
-0.440307 -0.991330 2.481672 0.000000
-0.136147 -1.001631 2.537155 0.000000
-0.222846 0.618864 2.517762 1.000000
-0.391711 0.336215 2.671391 1.000000
-0.024531 0.323203 2.596329 1.000000
-0.219149 0.389996 2.569462 0.000000
-0.199867 0.180746 2.700059 0.000000
-0.399816 -0.017232 2.637443 0.192308
-0.012935 -0.036342 2.574082 1.000000
-0.188012 -0.043151 2.722826 0.000000
-0.477266 0.095468 2.747015 1.000000
0.051038 0.070252 2.560229 1.000000
-0.400429 -0.063263 2.528018 0.269231
-0.161542 0.093166 2.377626 1.000000
-0.437218 -0.100337 2.478568 0.711538
-0.188805 0.148115 2.340067 0.879808
-0.407097 -0.557678 2.541027 1.000000
-0.138450 -0.581411 2.653083 1.000000
-0.374623 -0.971508 2.653232 1.000000
-0.131964 -0.996352 2.765697 0.809856
-0.440808 -1.019108 2.496829 0.000000
-0.161235 -1.042334 2.597955 0.000000
-0.184260 0.576523 2.513810 1.000000
-0.383004 0.332659 2.664129 1.000000
-0.014328 0.310166 2.599344 1.000000
-0.206854 0.379529 2.564964 0.000000
-0.195019 0.174809 2.703391 0.000000
-0.413455 -0.026247 2.629371 0.182692
-0.026734 -0.045783 2.565176 1.000000
-0.201469 -0.052015 2.714346 0.000000
-0.466212 0.092368 2.744858 0.953846
0.054378 0.055204 2.561210 1.000000
-0.416223 0.008195 2.480892 0.076923
-0.144880 0.078773 2.363720 1.000000
-0.404962 -0.053617 2.445880 0.745192
-0.186433 0.128531 2.332562 0.879808
-0.415050 -0.566304 2.521042 1.000000
-0.142664 -0.588228 2.658255 1.000000
-0.368596 -0.967011 2.669959 1.000000
-0.146121 -1.008018 2.751339 1.000000
-0.436945 -1.030554 2.520297 0.000000
-0.175812 -1.045422 2.581552 0.000000
-0.189666 0.576221 2.519118 1.000000
-0.391456 0.347806 2.636759 1.000000
-0.019249 0.342395 2.591399 1.000000
-0.213431 0.396097 2.541710 0.000000
-0.196945 0.206350 2.699625 0.000000
-0.415516 -0.006160 2.628811 0.721154
-0.028837 -0.035451 2.568164 1.000000
-0.204932 -0.036173 2.715856 0.000000
-0.478682 0.117362 2.733951 0.938462
0.061566 0.090159 2.589070 1.000000
-0.409218 0.043073 2.473604 0.000000
-0.124943 0.042155 2.386500 0.807692
-0.366218 0.047787 2.416140 0.829327
-0.172603 0.066586 2.338489 0.812500
-0.404950 -0.557077 2.548671 1.000000
-0.141433 -0.576177 2.652645 1.000000
-0.378083 -0.965330 2.680987 1.000000
-0.135399 -1.001889 2.712922 0.722356
-0.433961 -1.020224 2.522960 0.000000
-0.164690 -1.026679 2.540772 0.000000
-0.208480 0.618815 2.533625 1.000000
-0.407435 0.359255 2.633285 1.000000
-0.034992 0.364284 2.589859 1.000000
-0.230393 0.411762 2.538636 0.000000
-0.209209 0.224210 2.698599 0.000000
-0.421312 0.004476 2.630343 0.413462
-0.033105 -0.010178 2.574330 0.759615
-0.210790 -0.017379 2.719929 0.000000
-0.506737 0.129293 2.714119 0.861538
0.051855 0.116361 2.606256 1.000000
-0.393124 0.077466 2.466030 0.000000
-0.104928 -0.011651 2.416060 0.711538
-0.354242 0.092919 2.407526 0.846154
-0.140125 0.006711 2.356082 0.711538
-0.398920 -0.546347 2.578782 1.000000
-0.133852 -0.558860 2.633499 1.000000
-0.367764 -0.967916 2.657579 1.000000
-0.120894 -0.984797 2.691031 0.872356
-0.416764 -1.002539 2.491722 0.000000
-0.146419 -1.008920 2.518188 0.000000
-0.233611 0.635447 2.535970 1.000000
-0.424688 0.357055 2.634943 1.000000
-0.052053 0.369088 2.594652 1.000000
-0.247771 0.415249 2.543437 0.000000
-0.224910 0.222971 2.697447 0.000000
-0.422767 0.000361 2.617531 0.442308
-0.032024 -0.008403 2.581479 0.682692
-0.216661 -0.013854 2.718235 0.000000
-0.508767 0.114085 2.688779 1.000000
0.034404 0.127065 2.648988 1.000000
-0.386596 0.107014 2.440061 0.000000
-0.043457 -0.058662 2.458517 1.000000
-0.345162 0.098426 2.381899 0.694712
-0.091210 -0.058140 2.404732 0.677885
-0.376124 -0.553627 2.611652 1.000000
-0.111500 -0.560249 2.606824 1.000000
-0.353027 -0.979237 2.668415 1.000000
-0.113516 -0.984164 2.678881 1.000000
-0.381682 -1.003771 2.496121 0.000000
-0.124414 -1.013614 2.505323 0.000000
-0.251568 0.629437 2.538465 0.975962
-0.444193 0.329648 2.655823 1.000000
-0.071887 0.334075 2.611178 1.000000
-0.266839 0.388766 2.565768 0.000000
-0.247520 0.186412 2.706808 0.000000
-0.444980 -0.030591 2.610207 0.288462
-0.054793 -0.001240 2.579411 0.836538
-0.240008 -0.022336 2.713847 0.000000
-0.530795 0.080649 2.673345 1.000000
0.016350 0.090828 2.664590 1.000000
-0.394125 -0.017266 2.450933 0.028846
-0.031468 -0.114185 2.481789 1.000000
-0.356785 -0.001605 2.391488 0.745192
-0.068589 -0.123456 2.420884 0.913462
-0.336407 -0.575084 2.649434 1.000000
-0.052078 -0.548867 2.536670 1.000000
-0.350505 -0.998100 2.725319 1.000000
-0.086518 -0.955505 2.672169 0.691106
-0.363408 -1.028743 2.552107 0.000000
-0.048501 -1.012841 2.509764 0.000000
-0.264006 0.591011 2.536002 1.000000
-0.443693 0.322283 2.644936 1.000000
-0.070128 0.327938 2.612660 1.000000
-0.263806 0.379008 2.558437 0.000000
-0.247867 0.183000 2.708569 0.000000
-0.444525 -0.052140 2.615048 0.355769
-0.055483 -0.011277 2.582915 0.711538
-0.239300 -0.040165 2.717820 0.000000
-0.526062 0.070835 2.682907 1.000000
0.008243 0.077924 2.665606 1.000000
-0.406520 -0.035419 2.450562 0.134615
-0.025786 -0.129323 2.477311 0.980769
-0.370740 -0.075732 2.402938 0.896635
-0.064933 -0.139345 2.417810 0.963942
-0.338651 -0.590913 2.663192 1.000000
-0.059494 -0.566054 2.549482 1.000000
-0.346770 -1.015698 2.729464 1.000000
-0.097394 -0.969944 2.692088 1.000000
-0.359046 -1.042590 2.555584 0.000000
-0.064405 -1.030374 2.529706 0.000000
-0.266567 0.591742 2.532220 1.000000
-0.433574 0.336272 2.632318 1.000000
-0.059485 0.341773 2.606785 1.000000
-0.252252 0.389461 2.546570 0.000000
-0.238585 0.200933 2.706203 0.000000
-0.434570 -0.045815 2.620337 0.394231
-0.044038 -0.017556 2.593090 0.615385
-0.230263 -0.042067 2.725538 0.000000
-0.508017 0.080646 2.671926 1.000000
0.015186 0.088849 2.660721 1.000000
-0.415294 -0.117792 2.491077 0.798077
-0.026944 -0.121653 2.474723 1.000000
-0.382031 -0.117538 2.427305 0.745192
-0.069536 -0.146360 2.422294 0.947115
-0.348538 -0.588989 2.656650 1.000000
-0.074462 -0.574756 2.573018 1.000000
-0.338168 -1.014493 2.717799 1.000000
-0.101254 -0.984936 2.699251 1.000000
-0.352209 -1.039838 2.543820 0.000000
-0.083124 -1.037620 2.531908 0.000000
-0.257383 0.613013 2.539412 1.000000
-0.408748 0.353459 2.636232 1.000000
-0.035439 0.357032 2.600847 1.000000
-0.229428 0.406612 2.546353 0.000000
-0.212730 0.216055 2.703267 0.000000
-0.415011 -0.018914 2.632677 0.269231
-0.024613 -0.003174 2.595298 0.663462
-0.208056 -0.020896 2.732619 0.000000
-0.487273 0.103991 2.714701 1.000000
0.037892 0.097565 2.643940 1.000000
-0.419783 -0.113190 2.537784 1.000000
-0.024455 -0.136460 2.487839 1.000000
-0.418049 -0.177999 2.506637 1.000000
-0.059063 -0.153818 2.427223 0.812500
-0.369639 -0.563748 2.627333 1.000000
-0.104262 -0.563061 2.622420 1.000000
-0.359098 -0.990216 2.681318 1.000000
-0.086929 -0.981749 2.718857 0.744231
-0.387743 -1.012768 2.508752 0.000000
-0.098843 -1.021715 2.547483 0.000000
-0.222858 0.622696 2.543109 1.000000
-0.387231 0.348076 2.652339 1.000000
-0.015993 0.338871 2.600162 1.000000
-0.210211 0.396821 2.555659 0.000000
-0.193732 0.202005 2.707275 0.000000
-0.405361 -0.005716 2.625155 0.250000
-0.013836 -0.010678 2.597958 0.875000
-0.201464 -0.018198 2.730479 0.000000
-0.464699 0.093525 2.728515 1.000000
0.052599 0.073136 2.635944 1.000000
-0.444026 -0.158682 2.582704 1.000000
-0.012520 -0.171048 2.489553 1.000000
-0.442159 -0.205738 2.528339 0.812500
-0.052768 -0.188157 2.432451 0.812500
-0.383723 -0.553317 2.602405 1.000000
-0.120411 -0.562401 2.657630 1.000000
-0.370979 -0.977846 2.669585 1.000000
-0.114222 -0.982540 2.748982 0.916106
-0.403873 -1.005893 2.498590 0.000000
-0.125693 -1.020096 2.577034 0.000000
-0.199836 0.610733 2.538402 1.000000
-0.365364 0.328089 2.665506 1.000000
0.004558 0.315280 2.605350 1.000000
-0.190065 0.374705 2.564727 0.000000
-0.172008 0.180615 2.717094 0.000000
-0.407719 -0.021625 2.633354 0.173077
-0.018527 -0.035995 2.584572 0.673077
-0.198588 -0.037204 2.727399 0.000000
-0.441626 0.064184 2.730384 1.000000
0.051173 0.038498 2.635169 1.000000
-0.463497 -0.219673 2.642851 1.000000
-0.001059 -0.226655 2.509944 1.000000
-0.478066 -0.268893 2.592467 0.728365
-0.032035 -0.260576 2.454598 1.000000
-0.400397 -0.568025 2.580343 1.000000
-0.136822 -0.580172 2.682506 1.000000
-0.373881 -0.986530 2.675480 1.000000
-0.120402 -0.999651 2.775609 0.866106
-0.427175 -1.027003 2.512294 0.000000
-0.143248 -1.038397 2.605065 0.000000
-0.170128 0.576952 2.544167 1.000000
-0.361444 0.325544 2.647560 1.000000
0.011501 0.304696 2.614361 1.000000
-0.178912 0.363369 2.556397 0.000000
-0.174416 0.179779 2.722189 0.000000
-0.399318 -0.023007 2.631240 0.451923
-0.010554 -0.065428 2.597788 0.788462
-0.195654 -0.052950 2.733453 0.000000
-0.440838 0.060940 2.730819 1.000000
0.054113 0.019532 2.625142 1.000000
-0.484305 -0.239722 2.710437 1.000000
0.001742 -0.268626 2.541924 1.000000
-0.492331 -0.310360 2.699518 0.560096
-0.019058 -0.320239 2.496353 1.000000
-0.399778 -0.577924 2.586497 1.000000
-0.134509 -0.596938 2.706683 1.000000
-0.374481 -0.995524 2.685848 1.000000
-0.132518 -1.023996 2.756858 1.000000
-0.420761 -1.037564 2.520927 0.000000
-0.151910 -1.044541 2.582760 0.000000
-0.161108 0.588184 2.542664 1.000000
-0.358500 0.336507 2.647748 1.000000
0.014086 0.311153 2.613667 1.000000
-0.175862 0.371157 2.555542 0.000000
-0.172833 0.189673 2.723669 0.000000
-0.399629 -0.018689 2.628558 0.846154
-0.010260 -0.065076 2.611353 0.778846
-0.200842 -0.051641 2.739105 0.000000
-0.450781 0.076448 2.736202 1.000000
0.056777 0.025483 2.636919 1.000000
-0.494726 -0.225875 2.723016 1.000000
0.004317 -0.268934 2.573114 1.000000
-0.486425 -0.295427 2.739354 0.442308
-0.018460 -0.317740 2.525443 0.879808
-0.393145 -0.577537 2.602862 1.000000
-0.135755 -0.597259 2.704659 1.000000
-0.381985 -0.995487 2.703328 1.000000
-0.146978 -1.024567 2.751375 0.966106
-0.414825 -1.036817 2.535038 0.000000
-0.158561 -1.043393 2.576391 0.000000
-0.168335 0.602099 2.563396 0.903846
-0.367334 0.333729 2.651721 1.000000
0.005526 0.306392 2.622509 1.000000
-0.183266 0.367884 2.562211 0.000000
-0.183568 0.185323 2.729197 0.000000
-0.404707 -0.020680 2.627839 0.884615
-0.014759 -0.064244 2.617898 0.932692
-0.207958 -0.053747 2.741941 0.000000
-0.459516 0.075577 2.753302 1.000000
0.060085 0.020685 2.651726 1.000000
-0.495363 -0.229264 2.722504 1.000000
-0.000037 -0.277618 2.601109 1.000000
-0.477556 -0.296786 2.705269 0.492788
-0.010883 -0.327331 2.550273 1.000000
-0.383658 -0.581966 2.620561 1.000000
-0.127418 -0.597343 2.705092 1.000000
-0.377859 -1.001672 2.713906 1.000000
-0.119198 -1.024701 2.751976 1.000000
-0.400272 -1.039948 2.543200 0.000000
-0.128087 -1.044079 2.576894 0.000000
-0.174072 0.593058 2.558630 0.971154
-0.380078 0.309822 2.651076 1.000000
-0.005334 0.299413 2.641927 1.000000
-0.193205 0.352486 2.571591 0.000000
-0.194215 0.169652 2.738275 0.000000
-0.409991 -0.031640 2.626490 0.538462
-0.018614 -0.060905 2.631339 0.663462
-0.216813 -0.060159 2.747699 0.000000
-0.470688 0.044710 2.743227 1.000000
0.041681 0.008665 2.657482 1.000000
-0.487222 -0.264506 2.712007 1.000000
0.005038 -0.298330 2.621793 1.000000
-0.477321 -0.335466 2.705684 0.711538
0.001857 -0.352420 2.574491 0.980769
-0.342649 -0.592311 2.667159 1.000000
-0.113330 -0.599360 2.702991 1.000000
-0.361721 -1.008945 2.771813 1.000000
-0.123570 -1.024083 2.769364 1.000000
-0.364753 -1.051777 2.600745 0.000000
-0.122429 -1.051342 2.595112 0.000000
-0.183050 0.582632 2.563573 0.850962
-0.396155 0.309787 2.653198 1.000000
-0.021364 0.300887 2.644381 1.000000
-0.209407 0.352628 2.573515 0.000000
-0.209765 0.171071 2.741590 0.000000
-0.419655 -0.042634 2.624747 0.346154
-0.028117 -0.065346 2.640194 0.673077
-0.229349 -0.067409 2.751209 0.000000
-0.469909 0.034336 2.732319 1.000000
0.028953 0.009601 2.658313 1.000000
-0.476299 -0.272903 2.676822 1.000000
-0.000382 -0.300476 2.635779 1.000000
-0.475796 -0.340563 2.652428 0.492788
-0.005905 -0.361452 2.598032 0.711538
-0.338386 -0.597960 2.699578 1.000000
-0.114257 -0.605748 2.707225 1.000000
-0.363229 -1.018817 2.784209 1.000000
-0.126800 -1.032685 2.756897 1.000000
-0.358521 -1.053843 2.611411 0.000000
-0.119762 -1.053256 2.581868 0.000000
-0.201064 0.585923 2.566901 0.923077
-0.408090 0.312280 2.660944 1.000000
-0.033740 0.306448 2.639666 1.000000
-0.224441 0.356867 2.575244 0.000000
-0.217762 0.174825 2.742661 0.000000
-0.428101 -0.051396 2.641044 0.500000
-0.035819 -0.064388 2.642702 0.528846
-0.232920 -0.071692 2.760689 0.000000
-0.479856 0.032236 2.724992 1.000000
0.015193 0.015443 2.664132 1.000000
-0.472683 -0.270443 2.647758 1.000000
-0.004406 -0.294387 2.628742 1.000000
-0.457327 -0.340167 2.639038 0.492788
-0.024735 -0.362341 2.616815 0.492788
-0.346146 -0.603380 2.713229 1.000000
-0.123650 -0.609110 2.709194 1.000000
-0.354634 -1.030976 2.757833 1.000000
-0.130867 -1.036707 2.754009 1.000000
-0.354898 -1.049270 2.582409 0.000000
-0.129992 -1.055107 2.578599 0.000000
-0.216932 0.591739 2.576581 0.951923
-0.417594 0.307449 2.676166 1.000000
-0.044249 0.307263 2.640975 1.000000
-0.237848 0.356523 2.584829 0.000000
-0.222602 0.170781 2.747557 0.000000
-0.434843 -0.040225 2.667785 0.298077
-0.043642 -0.052782 2.638453 0.586538
-0.230785 -0.059977 2.771676 0.000000
-0.488759 0.021868 2.710428 1.000000
0.008263 0.016176 2.658446 1.000000
-0.467730 -0.267815 2.594657 1.000000
-0.014145 -0.294768 2.634499 1.000000
-0.449194 -0.330367 2.564375 0.391827
-0.027716 -0.361545 2.611478 0.442308
-0.351407 -0.596409 2.704882 1.000000
-0.133311 -0.599519 2.704695 1.000000
-0.367172 -1.018769 2.784030 1.000000
-0.172132 -1.021925 2.775165 0.706731
-0.382095 -1.050600 2.611195 0.000000
-0.180757 -1.050142 2.601276 0.000000
-0.237003 0.586962 2.590117 0.788462
-0.427952 0.302978 2.679662 1.000000
-0.054386 0.305491 2.646994 1.000000
-0.247896 0.354436 2.590268 0.000000
-0.232631 0.166421 2.750361 0.000000
-0.437736 -0.039415 2.671810 0.307692
-0.047777 -0.063965 2.634581 0.548077
-0.232126 -0.062727 2.771829 0.000000
-0.496924 0.016082 2.709623 1.000000
0.002592 0.014586 2.656587 1.000000
-0.449544 -0.259332 2.568723 1.000000
-0.024476 -0.295530 2.624248 1.000000
-0.444196 -0.328414 2.549427 0.560096
-0.034286 -0.354855 2.584781 0.509615
-0.349606 -0.600571 2.702544 1.000000
-0.132927 -0.606315 2.706031 1.000000
-0.362419 -1.021451 2.789700 1.000000
-0.127396 -1.032623 2.761985 1.000000
-0.381233 -1.056462 2.617862 0.000000
-0.144914 -1.055686 2.588004 0.038462
-0.245034 0.583411 2.582657 0.870192
-0.429167 0.301444 2.678154 1.000000
-0.055137 0.308312 2.652092 1.000000
-0.248148 0.355759 2.592471 0.000000
-0.233631 0.166269 2.750886 0.000000
-0.440205 -0.045269 2.667201 0.365385
-0.049406 -0.065676 2.636930 0.605769
-0.236091 -0.064989 2.770987 0.000000
-0.499619 0.015268 2.706592 1.000000
0.002006 0.017912 2.660527 1.000000
-0.455274 -0.262867 2.571326 1.000000
-0.024192 -0.291354 2.624605 1.000000
-0.445486 -0.326236 2.538741 0.492788
-0.037569 -0.347954 2.582287 0.358173
-0.354485 -0.604376 2.707280 1.000000
-0.133371 -0.609465 2.707392 1.000000
-0.359355 -1.028590 2.777416 1.000000
-0.129031 -1.036572 2.756994 1.000000
-0.374970 -1.057072 2.604058 0.000000
-0.143219 -1.056995 2.582381 0.019231
-0.252856 0.588040 2.587054 0.846154
-0.434364 0.299173 2.682594 1.000000
-0.060392 0.309543 2.656856 1.000000
-0.253753 0.356792 2.598218 0.000000
-0.237795 0.163949 2.752392 0.000000
-0.441708 -0.050883 2.655566 0.346154
-0.049827 -0.065716 2.639265 0.625000
-0.241067 -0.065227 2.766742 0.000000
-0.499146 0.010637 2.703217 1.000000
-0.000930 0.019140 2.659308 1.000000
-0.468207 -0.278497 2.587904 1.000000
-0.022551 -0.291098 2.625591 1.000000
-0.458095 -0.343575 2.558991 0.593750
-0.039386 -0.329898 2.567414 0.509615
-0.358071 -0.607988 2.703382 1.000000
-0.133761 -0.611337 2.708913 1.000000
-0.360823 -1.032669 2.770754 1.000000
-0.135646 -1.038357 2.759413 1.000000
-0.370187 -1.060205 2.596793 0.019231
-0.142776 -1.059023 2.584398 0.000000
-0.260794 0.586804 2.592643 1.000000
-0.432154 0.299124 2.679216 1.000000
-0.057724 0.307728 2.660439 1.000000
-0.249742 0.355408 2.597869 0.000000
-0.237524 0.163533 2.753585 0.000000
-0.443302 -0.042605 2.663465 0.586538
-0.052077 -0.060185 2.637204 0.586538
-0.240077 -0.059862 2.769411 0.000000
-0.492433 0.009023 2.692897 1.000000
-0.000300 0.016729 2.659311 1.000000
-0.481867 -0.287753 2.594002 1.000000
-0.025508 -0.292570 2.618493 1.000000
-0.473673 -0.359156 2.596781 0.492788
-0.046528 -0.337174 2.566129 0.560096
-0.353597 -0.601867 2.698924 1.000000
-0.126588 -0.604607 2.703058 1.000000
-0.366512 -1.024868 2.775106 1.000000
-0.151080 -1.026700 2.781405 0.700481
-0.380012 -1.055639 2.601961 0.000000
-0.157490 -1.058507 2.608040 0.000000
-0.253940 0.589403 2.594128 0.942308
-0.430455 0.303644 2.681498 1.000000
-0.056113 0.307975 2.659714 1.000000
-0.248052 0.358454 2.599128 0.000000
-0.236855 0.165132 2.753121 0.000000
-0.443265 -0.043983 2.651742 0.663462
-0.051477 -0.060919 2.635240 0.548077
-0.242795 -0.062633 2.762589 0.000000
-0.491832 0.015770 2.708632 1.000000
0.001595 0.018070 2.660047 1.000000
-0.492266 -0.286040 2.629853 1.000000
-0.024737 -0.290318 2.621333 1.000000
-0.475578 -0.354369 2.614824 0.543269
-0.047264 -0.330099 2.565806 0.627404
-0.347064 -0.601801 2.700672 1.000000
-0.128744 -0.604082 2.707392 1.000000
-0.362169 -1.025626 2.771693 1.000000
-0.124634 -1.030481 2.762773 1.000000
-0.370779 -1.054442 2.597901 0.000000
-0.132143 -1.053248 2.588035 0.000000
-0.248349 0.590962 2.598200 0.889423
-0.421239 0.307426 2.679042 1.000000
-0.046687 0.307546 2.660699 1.000000
-0.237487 0.360056 2.598267 0.000000
-0.229863 0.166889 2.752671 0.000000
-0.439631 -0.049214 2.658106 0.961538
-0.048675 -0.065929 2.627604 0.634615
-0.235342 -0.068295 2.761667 0.000000
-0.490139 0.022065 2.714036 1.000000
0.006014 0.016644 2.659935 1.000000
-0.488329 -0.280565 2.638294 1.000000
-0.020126 -0.292779 2.629946 1.000000
-0.474869 -0.351220 2.638060 0.576923
-0.032892 -0.349230 2.587241 0.492788
-0.346964 -0.606800 2.702429 1.000000
-0.131421 -0.608151 2.712530 1.000000
-0.354563 -1.031582 2.768784 1.000000
-0.126712 -1.035930 2.755929 0.987981
-0.369511 -1.058444 2.595109 0.019231
-0.141434 -1.053830 2.581083 0.038462
-0.241216 0.591603 2.591783 0.889423
-0.415163 0.309763 2.682836 1.000000
-0.040570 0.311991 2.665518 1.000000
-0.231436 0.365300 2.603973 0.000000
-0.223361 0.168166 2.753257 0.000000
-0.438953 -0.048323 2.661971 0.711538
-0.048072 -0.053072 2.626683 0.576923
-0.232994 -0.064444 2.762687 0.000000
-0.482659 0.024343 2.716068 1.000000
0.011121 0.021497 2.657437 1.000000
-0.481725 -0.277679 2.639927 1.000000
-0.014463 -0.287198 2.624748 1.000000
-0.464175 -0.340373 2.609352 0.509615
-0.024256 -0.352765 2.596848 0.375000
-0.343815 -0.601566 2.705561 1.000000
-0.123664 -0.599331 2.705145 1.000000
-0.357014 -1.027723 2.761386 1.000000
-0.143549 -1.023146 2.775044 0.709856
-0.372989 -1.050051 2.587161 0.038462
-0.155846 -1.051215 2.601352 0.000000
-0.231691 0.592458 2.593338 1.000000
-0.402139 0.307331 2.680758 1.000000
-0.027758 0.312783 2.659922 1.000000
-0.219695 0.362649 2.598822 0.000000
-0.208304 0.169444 2.752948 0.000000
-0.424720 -0.038605 2.651592 0.509615
-0.033200 -0.059728 2.633646 0.567308
-0.224181 -0.061592 2.761495 0.000000
-0.473631 0.024393 2.719198 1.000000
0.022029 0.022710 2.664571 1.000000
-0.475472 -0.273414 2.630956 1.000000
-0.008452 -0.284671 2.631896 1.000000
-0.449627 -0.336118 2.607003 0.459135
-0.022135 -0.334049 2.581419 0.509615
-0.340959 -0.596362 2.701905 1.000000
-0.126127 -0.601270 2.712626 1.000000
-0.364821 -1.020526 2.768355 1.000000
-0.122886 -1.028372 2.762364 1.000000
-0.374307 -1.047264 2.594277 0.000000
-0.132435 -1.048815 2.587438 0.000000
-0.224621 0.587809 2.594587 1.000000
