-0.403564 0.275227 2.671586 1.000000
-0.060126 0.280857 2.639278 1.000000
-0.246739 0.328250 2.505849 0.000000
-0.221959 0.148679 2.737972 0.000000
-0.406672 -0.066430 2.604300 0.865385
-0.041296 -0.070496 2.567432 0.682692
-0.212439 -0.067943 2.700219 0.000000
-0.469741 0.000846 2.652636 1.000000
0.015086 0.008155 2.638911 1.000000
-0.462512 -0.291349 2.591068 1.000000
0.034842 -0.279581 2.561206 1.000000
-0.467577 -0.355526 2.579070 0.274038
-0.001583 -0.333998 2.561729 0.375000
-0.318572 -0.560550 2.728630 1.000000
-0.135455 -0.566217 2.699730 1.000000
-0.279811 -0.964172 2.763775 0.919231
-0.169425 -0.964769 2.774907 1.000000
-0.300505 -0.979721 2.608037 0.000000
-0.183399 -0.992766 2.620164 0.000000
-0.237162 0.537417 2.539987 1.000000
-0.400779 0.271172 2.667416 1.000000
-0.057405 0.280796 2.635376 1.000000
-0.244451 0.326550 2.501982 0.000000
-0.217802 0.146448 2.733485 0.000000
-0.406740 -0.063754 2.609324 0.759615
-0.041870 -0.069571 2.567953 0.817308
-0.211357 -0.066734 2.702843 0.000000
-0.472236 -0.001794 2.652189 1.000000
0.012741 0.007145 2.641960 1.000000
-0.467299 -0.292549 2.585387 1.000000
0.025538 -0.281079 2.565882 1.000000
-0.480912 -0.336999 2.631508 0.442308
-0.020624 -0.310503 2.601821 0.576923
-0.320954 -0.559907 2.726870 1.000000
-0.135821 -0.565564 2.698452 1.000000
-0.265806 -0.960708 2.771212 0.994231
-0.171758 -0.962164 2.782511 1.000000
-0.290556 -0.981214 2.616643 0.000000
-0.187812 -0.993335 2.628579 0.000000
-0.237805 0.539014 2.543293 1.000000
-0.401823 0.269848 2.648525 1.000000
-0.057125 0.283399 2.653499 1.000000
-0.229091 0.322564 2.499332 0.000000
-0.225737 0.149724 2.737777 0.000000
-0.405639 -0.067898 2.584978 0.778846
-0.038433 -0.068889 2.590860 0.798077
-0.223878 -0.068491 2.702840 0.000000
-0.472600 -0.003926 2.648680 1.000000
0.012666 0.009622 2.641814 1.000000
-0.458693 -0.293356 2.576650 1.000000
0.027146 -0.277749 2.562066 1.000000
-0.462146 -0.358489 2.582487 0.257212
0.000684 -0.337645 2.561367 0.290865
-0.318539 -0.558987 2.727326 1.000000
-0.133370 -0.568175 2.700785 1.000000
-0.283956 -0.963276 2.759007 0.903606
-0.168602 -0.966069 2.778811 1.000000
-0.285920 -0.975776 2.601640 0.000000
-0.164434 -0.996794 2.624011 0.000000
-0.239996 0.540095 2.541649 1.000000
-0.400515 0.268631 2.660398 1.000000
-0.056442 0.289583 2.646265 1.000000
-0.237635 0.327968 2.502845 0.000000
-0.217215 0.150666 2.737126 0.000000
-0.404904 -0.064044 2.593310 0.836538
-0.037905 -0.067624 2.580088 0.817308
-0.217262 -0.065352 2.701559 0.000000
-0.474524 -0.004099 2.647532 1.000000
0.014255 0.015694 2.642834 1.000000
-0.458487 -0.293833 2.576692 1.000000
0.023301 -0.272307 2.564126 1.000000
-0.468223 -0.357906 2.567307 0.290865
-0.007135 -0.330241 2.566480 0.459135
-0.319767 -0.557503 2.725470 1.000000
-0.135398 -0.565364 2.698974 1.000000
-0.254219 -0.954889 2.784098 1.000000
-0.169246 -0.964181 2.772785 1.000000
-0.268199 -0.980095 2.628876 0.000000
-0.173499 -0.992552 2.617538 0.000000
-0.243701 0.537955 2.536721 1.000000
-0.400928 0.267811 2.644270 1.000000
-0.056368 0.285009 2.647008 1.000000
-0.229537 0.318547 2.492860 0.009615
-0.223141 0.151763 2.735519 0.000000
-0.401950 -0.067119 2.584823 0.817308
-0.034722 -0.067854 2.589150 0.750000
-0.219690 -0.066989 2.701913 0.000000
-0.471418 -0.006053 2.643152 1.000000
0.013329 0.010943 2.645676 1.000000
-0.459380 -0.296015 2.572874 1.000000
0.022094 -0.276874 2.566641 1.000000
-0.452097 -0.359285 2.557640 0.257212
-0.012685 -0.332199 2.562428 0.223558
-0.318707 -0.559457 2.722578 1.000000
-0.133261 -0.567429 2.699135 1.000000
-0.262346 -0.959584 2.771266 1.000000
-0.172260 -0.965915 2.772189 1.000000
-0.267606 -0.979373 2.614725 0.000000
-0.168558 -0.994726 2.617009 0.000000
-0.243256 0.539057 2.533573 1.000000
-0.403342 0.277451 2.642357 1.000000
-0.058872 0.295282 2.649228 1.000000
-0.230743 0.337177 2.495673 0.000000
-0.226048 0.156793 2.728441 0.000000
-0.398829 -0.068390 2.570390 1.000000
-0.032902 -0.062262 2.600979 0.567308
-0.225409 -0.067100 2.700210 0.000000
-0.472078 0.004143 2.640163 1.000000
0.018691 0.024434 2.656469 1.000000
-0.451310 -0.282309 2.562259 1.000000
0.021120 -0.259527 2.567500 1.000000
-0.445966 -0.344854 2.580909 0.408654
0.005109 -0.320332 2.549207 0.223558
-0.317819 -0.557189 2.718585 1.000000
-0.136539 -0.565847 2.693794 1.000000
-0.270948 -0.959504 2.758520 1.000000
-0.165051 -0.964383 2.771285 1.000000
-0.263309 -0.974198 2.601516 0.000000
-0.150924 -0.995369 2.617126 0.000000
-0.243334 0.539315 2.519818 1.000000
-0.403548 0.276798 2.645554 1.000000
-0.059549 0.302979 2.647751 1.000000
-0.234576 0.342222 2.497088 0.000000
-0.222154 0.159641 2.727849 0.000000
-0.398148 -0.063221 2.575803 1.000000
-0.031423 -0.057111 2.594542 0.480769
-0.220545 -0.066032 2.699814 0.000000
-0.469142 0.003771 2.632179 1.000000
0.017019 0.033571 2.671866 1.000000
-0.452720 -0.282323 2.554802 1.000000
0.017496 -0.243133 2.564432 1.000000
-0.447797 -0.344648 2.574287 0.391827
0.013646 -0.307447 2.552721 0.122596
-0.318728 -0.553738 2.712225 1.000000
-0.136281 -0.561232 2.685698 1.000000
-0.274927 -0.955855 2.757305 0.969231
-0.167720 -0.958697 2.767438 1.000000
-0.271645 -0.973087 2.600408 0.000000
-0.158708 -0.991131 2.613194 0.000000
-0.239239 0.537573 2.513118 1.000000
-0.399294 0.269782 2.636284 1.000000
-0.056646 0.309375 2.643298 1.000000
-0.230423 0.337559 2.488763 0.000000
-0.214982 0.162112 2.724816 0.000000
-0.395698 -0.059183 2.580390 1.000000
-0.028518 -0.056898 2.587384 0.673077
-0.214250 -0.064985 2.698593 0.000000
-0.470252 -0.001305 2.627567 1.000000
0.023438 0.044096 2.685867 1.000000
-0.444002 -0.279781 2.530647 1.000000
0.014277 -0.227279 2.567955 1.000000
-0.446578 -0.339813 2.504611 0.240385
0.020020 -0.290293 2.551088 0.055288
-0.316076 -0.554837 2.699499 1.000000
-0.135507 -0.562181 2.670549 1.000000
-0.281511 -0.957025 2.751455 0.841106
-0.169901 -0.956789 2.764092 1.000000
-0.281747 -0.977271 2.594884 0.000000
-0.166181 -0.993502 2.610590 0.000000
-0.242215 0.537461 2.505809 1.000000
-0.396849 0.273278 2.631598 1.000000
-0.054426 0.314162 2.641613 1.000000
-0.227695 0.347470 2.487528 0.000000
-0.212389 0.163136 2.716716 0.000000
-0.394685 -0.059136 2.581225 0.884615
-0.027579 -0.053479 2.589991 0.432692
-0.213670 -0.068668 2.699849 0.000000
-0.463584 0.002333 2.624329 1.000000
0.033820 0.055585 2.698781 1.000000
-0.443503 -0.266619 2.505442 1.000000
0.011396 -0.203199 2.559495 1.000000
-0.443312 -0.328784 2.484857 0.240385
0.007546 -0.261939 2.530807 0.072115
-0.317704 -0.561247 2.665241 1.000000
-0.132281 -0.564868 2.636057 1.000000
-0.278827 -0.958501 2.744780 0.884856
-0.167080 -0.954360 2.748904 1.000000
-0.278703 -0.989484 2.589975 0.000000
-0.161891 -0.998698 2.597471 0.000000
-0.238768 0.532570 2.491925 1.000000
-0.391880 0.259578 2.642359 1.000000
-0.051018 0.308683 2.621707 1.000000
-0.237753 0.334480 2.482646 0.000000
-0.198024 0.155711 2.713306 0.000000
-0.395248 -0.061264 2.602016 0.894231
-0.028774 -0.057772 2.578339 0.509615
-0.204522 -0.074114 2.703936 0.000000
-0.456769 -0.011115 2.633256 1.000000
0.038899 0.051201 2.678147 1.000000
-0.439937 -0.271200 2.497041 1.000000
0.006910 -0.206266 2.539692 1.000000
-0.443625 -0.328148 2.464923 0.257212
0.022527 -0.264489 2.514110 0.156250
-0.314591 -0.571949 2.613434 1.000000
-0.129279 -0.569066 2.626996 1.000000
-0.307133 -0.962766 2.726816 0.878606
-0.163822 -0.957887 2.742208 1.000000
-0.320949 -1.006829 2.575845 0.000000
-0.170867 -1.002119 2.590819 0.000000
-0.234329 0.523282 2.487036 1.000000
-0.392147 0.264364 2.660120 1.000000
-0.053363 0.299038 2.604910 1.000000
-0.251781 0.328849 2.484016 0.000000
-0.196323 0.154548 2.714850 0.000000
-0.396259 -0.060610 2.630470 0.605769
-0.033843 -0.063837 2.571144 0.490385
-0.196811 -0.078463 2.713118 0.000000
-0.455143 -0.005598 2.656940 1.000000
0.041884 0.042153 2.647289 1.000000
-0.444903 -0.270251 2.532261 1.000000
-0.023715 -0.195492 2.489452 1.000000
-0.444917 -0.325077 2.496450 0.088942
-0.032362 -0.249665 2.453691 0.072115
-0.322336 -0.565318 2.530400 1.000000
-0.126289 -0.574112 2.618174 1.000000
-0.325014 -0.943452 2.680919 0.862981
-0.167821 -0.960759 2.738293 1.000000
-0.347938 -1.001081 2.535737 0.019231
-0.186057 -1.005494 2.587991 0.000000
-0.234657 0.508431 2.471559 1.000000
-0.381415 0.256879 2.669897 1.000000
-0.049328 0.291823 2.583167 1.000000
-0.258149 0.317798 2.480245 0.000000
-0.180664 0.149328 2.709056 0.000000
-0.391236 -0.067064 2.634912 0.173077
-0.035792 -0.075374 2.542900 0.942308
-0.184867 -0.076803 2.700074 0.000000
-0.454592 0.000176 2.736035 1.000000
0.047827 0.034780 2.572453 1.000000
-0.444161 -0.260338 2.608205 1.000000
-0.086531 -0.139002 2.382547 1.000000
-0.446944 -0.318879 2.578992 0.072115
-0.117183 -0.179071 2.340796 0.004808
-0.321812 -0.544217 2.447947 1.000000
-0.123474 -0.583505 2.614607 1.000000
-0.321976 -0.900636 2.644452 0.787981
-0.160798 -0.969973 2.736665 1.000000
-0.340864 -0.976306 2.507186 0.000000
-0.192989 -1.013685 2.588417 0.000000
-0.229333 0.497289 2.460191 1.000000
-0.380122 0.285214 2.676210 1.000000
-0.050413 0.310874 2.577933 1.000000
-0.261606 0.353998 2.486219 0.024038
-0.183558 0.165851 2.698940 0.000000
-0.391655 -0.052289 2.637512 0.221154
-0.040407 -0.059109 2.530489 0.798077
-0.182605 -0.059016 2.693918 0.000000
-0.451192 0.038068 2.762894 0.969231
0.039906 0.057209 2.544119 1.000000
-0.443004 -0.221541 2.641871 1.000000
-0.120151 -0.051853 2.332937 1.000000
-0.462728 -0.281698 2.625126 0.004808
-0.160722 -0.075319 2.287203 0.072115
-0.319775 -0.524867 2.439390 1.000000
-0.125115 -0.565357 2.626147 1.000000
-0.317253 -0.869088 2.656541 0.762981
-0.160500 -0.955135 2.737812 1.000000
-0.334137 -0.952927 2.523838 0.000000
-0.201621 -0.993653 2.590333 0.000000
-0.228029 0.520528 2.463559 1.000000
-0.392974 0.322393 2.659513 1.000000
-0.059796 0.348355 2.573818 1.000000
-0.267487 0.385620 2.472085 0.000000
-0.196285 0.206264 2.694577 0.000000
-0.402063 -0.021289 2.626862 0.298077
-0.046623 -0.025465 2.534555 0.625000
-0.195476 -0.025111 2.691946 0.000000
-0.467740 0.088496 2.767519 0.923077
0.038293 0.099708 2.551094 1.000000
-0.447773 -0.169707 2.652775 1.000000
-0.118498 0.010682 2.332634 1.000000
-0.444013 -0.230051 2.627621 0.000000
-0.165030 0.031528 2.291543 0.677885
-0.315172 -0.516130 2.490768 1.000000
-0.116377 -0.531256 2.629641 1.000000
-0.313287 -0.894230 2.641384 1.000000
-0.139141 -0.926371 2.724586 1.000000
-0.335539 -0.952168 2.496220 0.000000
-0.174636 -0.960377 2.574558 0.000000
-0.239915 0.567344 2.462039 1.000000
-0.414637 0.359397 2.639221 1.000000
-0.073736 0.373462 2.588097 1.000000
-0.268473 0.419548 2.466329 0.000000
-0.226961 0.235548 2.692518 0.000000
-0.415653 0.003846 2.593601 0.346154
-0.051435 0.015678 2.547983 0.711538
-0.219293 0.010775 2.684836 0.000000
-0.495995 0.115333 2.701754 1.000000
0.027969 0.129401 2.574403 1.000000
-0.435883 -0.100333 2.534339 1.000000
-0.115224 0.027380 2.357054 1.000000
-0.432752 -0.133013 2.477678 0.139423
-0.174140 0.044088 2.333860 0.610577
-0.314709 -0.504598 2.604406 1.000000
-0.111182 -0.497881 2.569440 1.000000
-0.313870 -0.906442 2.668979 1.000000
-0.102361 -0.882313 2.702794 1.000000
-0.333360 -0.931338 2.514302 0.000000
-0.111055 -0.934152 2.553926 0.000000
-0.241319 0.602583 2.469661 1.000000
-0.421627 0.326222 2.629179 1.000000
-0.077444 0.326993 2.605451 1.000000
-0.259823 0.384053 2.469966 0.019231
-0.243961 0.193349 2.693844 0.000000
-0.425558 -0.028449 2.583060 0.788462
-0.060415 0.003556 2.560214 0.490385
-0.235889 -0.011534 2.686349 0.000000
-0.506209 0.076636 2.638018 1.000000
0.023890 0.083967 2.619424 1.000000
-0.454882 -0.093681 2.423837 1.000000
-0.101610 -0.035583 2.401541 1.000000
-0.396737 -0.120728 2.410576 0.459135
-0.145513 -0.004345 2.364326 0.274038
-0.311591 -0.528608 2.634200 1.000000
-0.114584 -0.507510 2.500049 1.000000
-0.302440 -0.930617 2.697085 1.000000
-0.086745 -0.860126 2.701383 0.787981
-0.310722 -0.955166 2.541351 0.000000
-0.082738 -0.938143 2.564190 0.000000
-0.247311 0.563453 2.470490 1.000000
-0.421913 0.289002 2.632050 1.000000
-0.077358 0.295467 2.615758 1.000000
-0.257687 0.351200 2.477017 0.000000
-0.243568 0.158210 2.699045 0.000000
-0.436851 -0.061943 2.585958 0.567308
-0.071886 -0.023709 2.571329 0.567308
-0.250097 -0.039673 2.693456 0.000000
-0.501983 0.051374 2.555790 1.000000
0.002004 0.054250 2.680645 1.000000
-0.416315 -0.084275 2.330293 1.000000
-0.064627 -0.101137 2.461547 1.000000
-0.369513 -0.107569 2.290857 0.240385
-0.080822 -0.138651 2.410374 0.000000
-0.325033 -0.561173 2.628975 1.000000
-0.129476 -0.526220 2.470279 1.000000
-0.296669 -0.957357 2.717762 1.000000
-0.101437 -0.835199 2.733708 0.547356
-0.303243 -0.992299 2.563943 0.000000
-0.094669 -0.937176 2.613377 0.004808
-0.250360 0.516851 2.462497 1.000000
-0.410357 0.304438 2.596368 1.000000
-0.067382 0.324549 2.627815 1.000000
-0.227996 0.363912 2.461901 0.000000
-0.239026 0.185727 2.696143 0.000000
-0.418926 -0.046048 2.571157 1.000000
-0.052530 -0.036132 2.594219 0.605769
-0.243012 -0.038639 2.697366 0.000000
-0.502788 0.067762 2.557113 1.000000
0.003703 0.102470 2.736111 1.000000
-0.384697 0.000049 2.322238 0.980769
-0.022717 -0.094740 2.551431 1.000000
-0.363485 -0.056220 2.296314 0.274038
-0.030532 -0.141762 2.506530 0.000000
-0.329351 -0.550366 2.651744 1.000000
-0.157919 -0.533429 2.485132 1.000000
-0.295871 -0.948707 2.728245 1.000000
-0.131311 -0.880978 2.695253 0.828606
-0.287929 -0.977801 2.573277 0.000000
-0.137013 -0.962924 2.560431 0.115385
-0.245856 0.554377 2.465823 1.000000
-0.404866 0.338994 2.592816 1.000000
-0.061674 0.364265 2.617419 1.000000
-0.225679 0.396377 2.453270 0.000000
-0.230303 0.225608 2.693181 0.000000
-0.404079 -0.011114 2.571537 0.778846
-0.037157 -0.009424 2.587065 0.509615
-0.225491 -0.007064 2.694088 0.000000
-0.485004 0.098183 2.587071 1.000000
0.014392 0.147107 2.724663 1.000000
-0.374242 -0.019289 2.373101 1.000000
-0.007601 -0.050233 2.544595 1.000000
-0.346783 -0.047237 2.320630 0.000000
-0.064386 -0.080891 2.533468 0.408654
-0.321183 -0.517878 2.647716 1.000000
-0.150592 -0.518450 2.548532 1.000000
-0.298675 -0.919422 2.710201 1.000000
-0.145349 -0.908904 2.663281 1.000000
-0.293658 -0.943410 2.554239 0.000000
-0.145600 -0.953422 2.511813 0.000000
-0.229552 0.588379 2.453503 1.000000
-0.392205 0.348371 2.609893 1.000000
-0.048709 0.380506 2.608263 1.000000
-0.225477 0.410405 2.457488 0.000000
-0.208207 0.237885 2.695562 0.000000
-0.397008 0.007493 2.573694 0.432692
-0.029763 0.009499 2.571984 0.500000
-0.212877 0.013379 2.687670 0.000000
-0.486151 0.120155 2.668192 1.000000
0.029139 0.147848 2.672425 1.000000
-0.405168 -0.047908 2.476114 1.000000
-0.010379 -0.049090 2.495362 1.000000
-0.358367 -0.076309 2.440178 0.509615
-0.055983 -0.045677 2.448491 0.846154
-0.326963 -0.502017 2.579180 1.000000
-0.132536 -0.501610 2.615758 1.000000
-0.347882 -0.896165 2.678473 1.000000
-0.147556 -0.901658 2.689142 1.000000
-0.352910 -0.934461 2.525396 0.000000
-0.148366 -0.930113 2.533855 0.000000
-0.226684 0.607941 2.469503 1.000000
-0.388293 0.304241 2.674697 1.000000
-0.050834 0.304835 2.602961 1.000000
-0.250186 0.364297 2.495272 0.019231
-0.203819 0.170090 2.711778 0.000000
-0.391436 -0.026274 2.623262 0.221154
-0.031088 -0.040607 2.553838 0.576923
-0.189561 -0.034521 2.701413 0.000000
-0.452273 0.063148 2.732126 1.000000
0.055500 0.073710 2.574819 1.000000
-0.427278 -0.141847 2.557771 1.000000
-0.060437 -0.040445 2.359009 1.000000
-0.422496 -0.161400 2.495457 0.072115
-0.110303 -0.015272 2.324833 1.000000
-0.329221 -0.522570 2.495296 1.000000
-0.132130 -0.545463 2.635847 1.000000
-0.349181 -0.887862 2.673657 0.709856
-0.144583 -0.942212 2.725758 1.000000
-0.370019 -0.955604 2.532585 0.000000
-0.174056 -0.975611 2.574297 0.000000
-0.214215 0.524911 2.473041 1.000000
-0.385354 0.300220 2.678261 1.000000
-0.049168 0.306422 2.601027 1.000000
-0.251396 0.359952 2.495611 0.048077
-0.197591 0.170504 2.714599 0.000000
-0.394351 -0.040573 2.631492 0.182692
-0.035898 -0.049509 2.552075 0.913462
-0.190292 -0.046208 2.703999 0.000000
-0.444085 0.060353 2.746927 1.000000
0.043857 0.074652 2.543325 1.000000
-0.431126 -0.148140 2.574841 1.000000
-0.082369 -0.016474 2.321934 1.000000
-0.427573 -0.198404 2.533017 0.000000
-0.124258 0.009006 2.278524 1.000000
-0.316542 -0.532816 2.489155 1.000000
-0.121190 -0.555725 2.636074 1.000000
-0.337458 -0.893498 2.676557 1.000000
-0.144844 -0.951586 2.727632 1.000000
-0.352188 -0.965297 2.536726 0.000000
-0.176268 -0.984665 2.576494 0.000000
-0.210868 0.535745 2.486636 1.000000
-0.385881 0.326011 2.667089 1.000000
-0.047411 0.332080 2.600559 1.000000
-0.246330 0.382790 2.487715 0.004808
-0.198946 0.197757 2.711899 0.000000
-0.392918 -0.019843 2.621048 0.817308
-0.031722 -0.034964 2.556360 0.692308
-0.192094 -0.028281 2.701842 0.000000
-0.453826 0.089694 2.735305 1.000000
0.044848 0.097915 2.558482 1.000000
-0.417051 -0.095667 2.543243 1.000000
-0.081959 0.001922 2.340986 1.000000
-0.425668 -0.140377 2.496179 0.105769
-0.127626 0.022310 2.298712 0.947115
-0.316707 -0.525300 2.524150 1.000000
-0.118922 -0.536481 2.655888 1.000000
-0.319890 -0.909447 2.658574 1.000000
-0.147612 -0.934451 2.736172 1.000000
-0.342096 -0.960909 2.510983 0.000000
-0.174189 -0.963382 2.583263 0.000000
-0.217276 0.572271 2.493770 1.000000
-0.393770 0.344905 2.651906 1.000000
-0.050972 0.358829 2.615560 1.000000
-0.240240 0.403110 2.484829 0.000000
-0.208490 0.222003 2.714901 0.000000
-0.401415 -0.000163 2.604925 0.461538
-0.035724 -0.009027 2.572263 0.548077
-0.208470 -0.009434 2.702983 0.000000
-0.472162 0.107851 2.697050 1.000000
0.060982 0.131142 2.617084 1.000000
-0.434277 -0.041028 2.477560 1.000000
-0.058502 -0.021455 2.432114 1.000000
-0.388472 -0.065837 2.437877 0.526442
-0.109414 -0.022007 2.390933 0.812500
-0.311854 -0.514235 2.627178 1.000000
-0.105610 -0.517034 2.611387 1.000000
-0.301227 -0.917902 2.678056 0.981731
-0.110268 -0.912669 2.706779 1.000000
-0.316261 -0.937944 2.522182 0.000000
-0.118710 -0.949527 2.553499 0.000000
-0.224618 0.602836 2.505819 1.000000
-0.400197 0.331299 2.666669 1.000000
-0.056698 0.326702 2.634851 1.000000
-0.241148 0.389641 2.504887 0.048077
-0.223430 0.194115 2.724424 0.000000
-0.402216 -0.021841 2.616889 0.653846
-0.037208 -0.012580 2.577404 0.432692
-0.207117 -0.029224 2.710757 0.000000
-0.483066 0.092883 2.633058 1.000000
0.048310 0.095675 2.655806 1.000000
-0.422273 -0.070736 2.428549 1.000000
-0.043689 -0.078361 2.472671 1.000000
-0.374926 -0.056927 2.385469 0.711538
-0.100708 -0.071132 2.441289 0.677885
-0.307187 -0.528677 2.657285 1.000000
-0.104907 -0.525192 2.554046 1.000000
-0.281758 -0.933375 2.692240 0.991106
-0.097093 -0.911418 2.682176 1.000000
-0.299294 -0.947969 2.536022 0.000000
-0.103000 -0.961201 2.532472 0.000000
-0.226682 0.564885 2.505369 1.000000
-0.401849 0.291815 2.667475 1.000000
-0.057494 0.292605 2.646401 1.000000
-0.238870 0.347518 2.508701 0.000000
-0.224566 0.160073 2.735418 0.000000
-0.406269 -0.056003 2.616156 0.942308
-0.039527 -0.039698 2.605664 0.336538
-0.219029 -0.061494 2.724968 0.000000
-0.484894 0.061795 2.595056 1.000000
0.028260 0.057832 2.697180 1.000000
-0.411903 -0.079921 2.377995 0.980769
-0.023555 -0.133357 2.514729 1.000000
-0.359779 -0.064227 2.341594 0.846154
-0.078248 -0.131896 2.478745 0.677885
-0.305746 -0.563000 2.641780 1.000000
-0.117449 -0.550319 2.537698 1.000000
-0.271976 -0.963764 2.704204 1.000000
-0.095368 -0.931532 2.678545 1.000000
-0.278025 -0.988541 2.548402 0.000000
-0.096347 -0.986296 2.530476 0.000000
-0.225852 0.534209 2.515278 1.000000
-0.392706 0.283467 2.652111 1.000000
-0.048180 0.296001 2.665154 1.000000
-0.216818 0.344717 2.510035 0.000000
-0.218636 0.157837 2.737660 0.000000
-0.403017 -0.064796 2.611242 0.923077
-0.036046 -0.053528 2.620221 0.394231
-0.222183 -0.064271 2.730523 0.000000
-0.493752 0.056220 2.596404 1.000000
0.030550 0.062145 2.728931 1.000000
-0.388777 -0.072883 2.384904 1.000000
-0.016520 -0.125716 2.542081 1.000000
-0.339850 -0.062496 2.342637 0.846154
-0.059674 -0.174767 2.537613 0.475962
-0.293890 -0.573011 2.650406 1.000000
-0.130503 -0.559348 2.536561 1.000000
-0.273491 -0.976007 2.703575 1.000000
-0.115536 -0.935741 2.690681 1.000000
-0.269639 -0.996459 2.547077 0.000000
-0.115634 -0.995568 2.544581 0.000000
-0.222506 0.528666 2.512948 1.000000
-0.380442 0.293967 2.634300 1.000000
-0.038772 0.317899 2.675702 1.000000
-0.195686 0.362297 2.507533 0.000000
-0.209797 0.173487 2.733126 0.000000
-0.387473 -0.047884 2.581141 0.682692
-0.021463 -0.042712 2.610897 0.384615
-0.213797 -0.044160 2.710570 0.000000
-0.484843 0.062426 2.624381 1.000000
0.035249 0.080197 2.726961 1.000000
-0.376065 -0.054685 2.408772 1.000000
0.005709 -0.108727 2.538628 1.000000
-0.330832 -0.076283 2.366633 0.846154
-0.050234 -0.120740 2.506778 0.644231
-0.282884 -0.553247 2.666620 1.000000
-0.119517 -0.551304 2.553527 1.000000
-0.261047 -0.957775 2.705718 1.000000
-0.117066 -0.940340 2.673082 1.000000
-0.248633 -0.972252 2.548999 0.000000
-0.107919 -0.986586 2.522409 0.000000
-0.210564 0.552244 2.519877 1.000000
-0.368696 0.297267 2.625376 1.000000
-0.028949 0.326624 2.677673 1.000000
-0.180978 0.367754 2.504268 0.000000
-0.199548 0.179917 2.730350 0.000000
-0.374625 -0.042560 2.560436 0.682692
-0.011730 -0.034178 2.616227 0.557692
-0.210662 -0.037490 2.701926 0.000000
-0.472638 0.065433 2.629993 1.000000
0.044347 0.086117 2.714499 1.000000
-0.376059 -0.099689 2.441844 1.000000
0.009550 -0.081444 2.507846 1.000000
-0.326036 -0.094571 2.399895 0.694712
-0.035551 -0.128319 2.500303 0.879808
-0.276909 -0.544831 2.665584 1.000000
-0.098016 -0.547547 2.590438 1.000000
-0.255648 -0.948766 2.710679 1.000000
-0.115722 -0.941088 2.692716 1.000000
-0.232140 -0.964864 2.555396 0.000000
-0.090227 -0.981351 2.542205 0.000000
-0.204384 0.566728 2.528630 1.000000
-0.363516 0.290170 2.647303 1.000000
-0.019539 0.314368 2.658235 1.000000
-0.191738 0.369992 2.509482 0.000000
-0.183951 0.164192 2.720020 0.000000
-0.362736 -0.042754 2.574913 0.403846
0.004224 -0.044069 2.589550 0.326923
-0.183848 -0.060100 2.695856 0.000000
-0.437601 0.045704 2.662636 1.000000
0.065760 0.073147 2.653332 1.000000
-0.375714 -0.149138 2.485942 1.000000
0.013906 -0.125086 2.477183 1.000000
-0.314251 -0.159265 2.465743 0.879808
-0.031785 -0.125569 2.430275 0.745192
-0.270820 -0.549813 2.644092 1.000000
-0.092869 -0.551796 2.642480 1.000000
-0.254638 -0.951905 2.704995 1.000000
-0.113552 -0.949367 2.727088 1.000000
-0.249097 -0.975315 2.548964 0.000000
-0.106503 -0.982546 2.572900 0.019231
-0.187174 0.551662 2.526517 1.000000
-0.350632 0.300498 2.670220 1.000000
-0.008190 0.316207 2.631341 1.000000
-0.198635 0.376501 2.508993 0.000000
-0.165622 0.169925 2.716302 0.000000
-0.355110 -0.044155 2.596785 0.298077
0.010647 -0.036883 2.564466 0.442308
-0.161891 -0.057481 2.693832 0.000000
-0.426271 0.054998 2.669634 1.000000
0.079450 0.074731 2.630568 1.000000
-0.377686 -0.168041 2.523110 1.000000
0.018188 -0.126075 2.458812 1.000000
-0.340655 -0.182659 2.471117 0.459135
-0.033114 -0.130193 2.418322 0.913462
-0.268163 -0.552247 2.626173 1.000000
-0.084955 -0.544617 2.643889 1.000000
-0.264986 -0.953260 2.695652 1.000000
-0.097515 -0.945813 2.711213 1.000000
-0.279426 -0.980210 2.540766 0.000000
-0.110703 -0.971448 2.555993 0.000000
-0.188030 0.555207 2.521407 1.000000
-0.345775 0.284918 2.677670 1.000000
-0.007356 0.316208 2.618352 1.000000
-0.207364 0.369599 2.508716 0.038462
-0.152818 0.162054 2.710435 0.000000
-0.352891 -0.046811 2.610354 0.144231
0.008528 -0.041993 2.545326 0.567308
-0.151847 -0.062401 2.689522 0.000000
-0.421106 0.039344 2.699980 1.000000
0.081450 0.074149 2.618238 1.000000
-0.378568 -0.167154 2.527735 1.000000
0.019043 -0.119720 2.437575 1.000000
-0.373129 -0.222064 2.492470 0.223558
-0.029015 -0.131492 2.394678 0.862981
-0.267104 -0.555890 2.626894 1.000000
-0.080294 -0.545519 2.649111 1.000000
-0.269886 -0.957887 2.690451 1.000000
-0.097773 -0.946196 2.718402 1.000000
-0.298039 -0.981956 2.536982 0.000000
-0.124256 -0.971595 2.564851 0.000000
-0.181581 0.549470 2.521991 1.000000
-0.334589 0.290730 2.675003 1.000000
0.001979 0.324436 2.607098 1.000000
-0.201127 0.374162 2.501508 0.000000
-0.139658 0.170291 2.704975 0.000000
-0.347124 -0.041465 2.613266 0.355769
0.011895 -0.039716 2.535953 0.711538
-0.143607 -0.057667 2.685706 0.000000
-0.413089 0.045772 2.702364 1.000000
0.087901 0.081205 2.587833 1.000000
-0.393592 -0.184324 2.556483 1.000000
0.021224 -0.123632 2.419899 1.000000
-0.360936 -0.219035 2.511572 0.324519
-0.030602 -0.136837 2.382111 0.812500
-0.256981 -0.550388 2.638364 1.000000
-0.077134 -0.540408 2.652595 1.000000
-0.257068 -0.951544 2.707086 1.000000
-0.103458 -0.938121 2.734938 1.000000
-0.290204 -0.977600 2.554943 0.000000
-0.134815 -0.967498 2.583023 0.115385
-0.178050 0.551399 2.507882 1.000000
-0.335420 0.296612 2.672620 1.000000
0.000992 0.326108 2.602034 1.000000
-0.202301 0.379054 2.498388 0.009615
-0.141887 0.173424 2.700396 0.000000
-0.346742 -0.036343 2.612222 0.278846
0.011560 -0.040254 2.531724 0.730769
-0.142818 -0.054537 2.683027 0.000000
-0.416508 0.051503 2.700980 1.000000
0.082967 0.080775 2.578583 1.000000
-0.393673 -0.185267 2.564492 1.000000
0.023064 -0.132403 2.416789 1.000000
-0.378057 -0.221853 2.512473 0.274038
-0.032214 -0.147524 2.385103 0.913462
-0.253590 -0.545569 2.647422 1.000000
-0.079951 -0.539123 2.651592 1.000000
-0.245871 -0.948316 2.705595 1.000000
-0.104172 -0.938835 2.724339 1.000000
-0.280494 -0.970986 2.553241 0.000000
-0.137380 -0.964522 2.572148 0.000000
-0.177724 0.558033 2.508144 1.000000
-0.339958 0.300007 2.666266 1.000000
-0.002347 0.326928 2.600547 1.000000
-0.203721 0.380815 2.493688 0.000000
-0.147703 0.175629 2.697407 0.000000
-0.350292 -0.034273 2.605343 0.115385
0.009210 -0.039048 2.530436 0.778846
-0.147554 -0.053290 2.679269 0.000000
-0.416245 0.051516 2.691600 1.000000
0.080111 0.080550 2.573945 1.000000
-0.403939 -0.194600 2.567811 1.000000
0.028274 -0.144621 2.423415 1.000000
-0.387559 -0.230559 2.515591 0.307692
-0.021396 -0.167058 2.387114 1.000000
-0.257151 -0.541209 2.656647 1.000000
-0.082840 -0.537302 2.649828 1.000000
-0.243159 -0.944095 2.712641 1.000000
-0.104436 -0.933259 2.741482 1.000000
-0.275660 -0.966470 2.559777 0.000000
-0.135469 -0.966559 2.590311 0.173077
-0.185417 0.558001 2.501330 1.000000
-0.349071 0.302016 2.672666 1.000000
-0.012850 0.320985 2.597695 1.000000
-0.215544 0.383534 2.498312 0.000000
-0.159759 0.171354 2.694803 0.000000
-0.356750 -0.042616 2.601028 0.519231
0.001240 -0.035797 2.519345 0.663462
-0.152145 -0.055142 2.671094 0.000000
-0.421757 0.048935 2.659344 1.000000
0.064951 0.069868 2.577737 1.000000
-0.420405 -0.217673 2.579232 1.000000
0.036990 -0.179342 2.456858 1.000000
-0.383346 -0.259310 2.544863 0.509615
-0.003659 -0.208503 2.414602 0.930288
-0.258874 -0.544134 2.661443 1.000000
-0.087741 -0.535859 2.645885 1.000000
-0.246810 -0.947589 2.713665 0.994231
-0.108459 -0.931830 2.737677 1.000000
-0.281180 -0.968379 2.560986 0.000000
-0.142192 -0.964983 2.587054 0.153846
-0.182625 0.555037 2.502325 1.000000
-0.351573 0.291294 2.659571 1.000000
-0.013424 0.318122 2.596641 1.000000
-0.213858 0.374945 2.489539 0.000000
-0.160029 0.165532 2.689512 0.000000
-0.363941 -0.045670 2.589777 0.490385
-0.002552 -0.037593 2.524906 0.701923
-0.162798 -0.059140 2.669080 0.000000
-0.430880 0.038129 2.655419 1.000000
0.056935 0.062643 2.583225 1.000000
-0.429127 -0.232217 2.581931 1.000000
0.042095 -0.198379 2.482540 1.000000
-0.393616 -0.263623 2.536755 0.593750
0.017208 -0.253581 2.457608 0.846154
-0.262550 -0.544942 2.661512 1.000000
-0.090131 -0.537790 2.645733 1.000000
-0.248672 -0.947342 2.720926 0.978606
-0.111685 -0.936311 2.725512 1.000000
-0.275672 -0.970974 2.567183 0.000000
-0.137476 -0.965542 2.572525 0.038462
-0.187714 0.546200 2.492098 1.000000
-0.362928 0.300578 2.649433 1.000000
-0.021032 0.318120 2.606721 1.000000
-0.213112 0.381393 2.488504 0.000000
-0.177112 0.169174 2.689520 0.000000
-0.365196 -0.045248 2.572859 0.826923
-0.000064 -0.036491 2.534425 0.615385
-0.170337 -0.056783 2.666805 0.000000
-0.433767 0.042920 2.647259 1.000000
0.054672 0.062448 2.589088 1.000000
-0.436219 -0.227721 2.567480 1.000000
0.047652 -0.208245 2.509756 1.000000
-0.411495 -0.283027 2.542616 0.492788
0.023117 -0.256178 2.472491 0.812500
-0.264465 -0.541312 2.665496 1.000000
-0.091871 -0.538634 2.643416 1.000000
-0.248188 -0.944451 2.718998 0.991106
-0.105537 -0.933432 2.741376 1.000000
-0.264251 -0.965750 2.563393 0.000000
-0.120664 -0.970784 2.588731 0.250000
-0.196213 0.553427 2.496178 1.000000
-0.365100 0.294586 2.629212 1.000000
-0.021479 0.313851 2.605162 1.000000
-0.207007 0.369344 2.473354 0.000000
-0.180795 0.167278 2.686010 0.000000
-0.365013 -0.047193 2.555639 0.673077
0.001880 -0.043041 2.539909 0.567308
-0.176526 -0.058451 2.661822 0.000000
-0.437224 0.034522 2.636792 1.000000
0.048659 0.053231 2.598056 1.000000
-0.449498 -0.237560 2.552584 1.000000
0.058300 -0.225772 2.540312 1.000000
-0.418690 -0.287881 2.524179 0.375000
0.033924 -0.271262 2.500004 0.677885
-0.265714 -0.542052 2.666084 1.000000
-0.096543 -0.543898 2.645722 1.000000
-0.238579 -0.943133 2.729702 1.000000
-0.102973 -0.937969 2.747288 1.000000
-0.246290 -0.968344 2.574044 0.000000
-0.109135 -0.977247 2.594501 0.288462
-0.203305 0.554684 2.491892 1.000000
-0.366600 0.300417 2.633393 1.000000
-0.023018 0.310337 2.603760 1.000000
-0.209066 0.372664 2.475794 0.000000
-0.185048 0.167286 2.685518 0.000000
-0.369229 -0.049658 2.552410 0.846154
-0.002285 -0.040427 2.540447 0.576923
-0.181731 -0.057056 2.660664 0.000000
-0.440494 0.039218 2.632671 1.000000
0.043835 0.047262 2.606560 1.000000
-0.452785 -0.230992 2.537859 1.000000
0.058432 -0.233718 2.551869 1.000000
-0.421159 -0.288089 2.532574 0.492788
0.034163 -0.287387 2.523253 0.644231
-0.266931 -0.542473 2.667167 1.000000
-0.095973 -0.543182 2.644256 1.000000
-0.243394 -0.944835 2.723731 1.000000
-0.097861 -0.942733 2.721740 1.000000
-0.248808 -0.967111 2.567529 0.000000
-0.102010 -0.972761 2.566803 0.038462
-0.201650 0.552901 2.489951 1.000000
