-0.342031 0.404175 2.535472 1.000000
0.012377 0.408295 2.515403 1.000000
-0.173196 0.458384 2.388353 0.000000
-0.157984 0.270488 2.618419 0.000000
-0.362206 0.031729 2.510313 0.538462
0.038826 0.034207 2.461495 0.875000
-0.146367 0.031748 2.611715 0.000000
-0.409519 0.126057 2.564561 1.000000
0.086747 0.131648 2.541594 1.000000
-0.410528 -0.169886 2.520949 1.000000
0.083650 -0.161996 2.484594 1.000000
-0.397464 -0.234544 2.506021 0.745192
0.051880 -0.219946 2.470225 0.947115
-0.248716 -0.502883 2.522002 1.000000
-0.048057 -0.495004 2.552875 1.000000
-0.271778 -0.916142 2.630950 1.000000
-0.044165 -0.916245 2.628538 1.000000
-0.289510 -0.956201 2.475246 0.000000
-0.062534 -0.944821 2.470396 0.000000
-0.162057 0.706527 2.418263 1.000000
-0.340038 0.398321 2.534256 1.000000
0.014327 0.408062 2.515402 1.000000
-0.171588 0.456335 2.388149 0.000000
-0.154217 0.266803 2.616716 0.000000
-0.360312 0.030634 2.507205 0.557692
0.041903 0.028770 2.469309 0.961538
-0.147324 0.028121 2.614435 0.000000
-0.416028 0.122788 2.562779 1.000000
0.089028 0.131798 2.539970 1.000000
-0.380920 -0.152535 2.452388 1.000000
0.082195 -0.161870 2.485800 1.000000
-0.359619 -0.214782 2.436716 0.795673
0.050729 -0.218649 2.466825 0.980769
-0.251045 -0.504920 2.526978 1.000000
-0.046696 -0.499621 2.554519 1.000000
-0.272159 -0.920257 2.628140 1.000000
-0.043949 -0.921516 2.626500 1.000000
-0.286749 -0.957678 2.471456 0.000000
-0.058298 -0.948703 2.467698 0.000000
-0.158840 0.703310 2.416888 1.000000
-0.338740 0.402371 2.533660 1.000000
0.015735 0.409719 2.515804 1.000000
-0.169491 0.458455 2.387725 0.000000
-0.154016 0.270135 2.617427 0.000000
-0.361127 0.031185 2.499515 0.692308
0.042338 0.036193 2.479342 0.721154
-0.153045 0.032021 2.616004 0.000000
-0.422588 0.129573 2.558697 1.000000
0.086522 0.133189 2.540214 1.000000
-0.369977 -0.127002 2.416720 1.000000
0.085100 -0.159286 2.483531 1.000000
-0.335076 -0.184209 2.407590 1.000000
0.052616 -0.215488 2.464555 0.778846
-0.251716 -0.502329 2.523167 1.000000
-0.051350 -0.495526 2.553920 1.000000
-0.272627 -0.918294 2.621759 1.000000
-0.041387 -0.917942 2.622107 1.000000
-0.280558 -0.955176 2.464469 0.000000
-0.048782 -0.943861 2.462619 0.000000
-0.156520 0.706131 2.415977 1.000000
-0.344223 0.405899 2.535045 1.000000
0.010108 0.409908 2.513622 1.000000
-0.175929 0.460424 2.387423 0.000000
-0.159921 0.271905 2.616924 0.000000
-0.359787 0.036353 2.510187 0.548077
0.042778 0.034939 2.476206 0.836538
-0.147847 0.034658 2.619489 0.000000
-0.429931 0.134432 2.560128 1.000000
0.086993 0.136595 2.546144 1.000000
-0.351583 -0.096159 2.389816 1.000000
0.088311 -0.151035 2.471414 1.000000
-0.311504 -0.147599 2.371883 0.610577
0.055301 -0.197791 2.435383 0.778846
-0.256222 -0.499387 2.521726 1.000000
-0.054821 -0.496019 2.548617 1.000000
-0.267796 -0.917934 2.610431 1.000000
-0.043004 -0.917999 2.619166 1.000000
-0.282259 -0.950953 2.452749 0.000000
-0.056139 -0.944941 2.460218 0.000000
-0.155596 0.706335 2.413216 1.000000
-0.348790 0.407077 2.511178 1.000000
0.006120 0.401647 2.517063 1.000000
-0.168344 0.447830 2.373823 0.009615
-0.175001 0.274708 2.615591 0.000000
-0.368530 0.038246 2.509547 0.519231
0.035214 0.029239 2.498339 1.000000
-0.163123 0.034544 2.630637 0.000000
-0.448736 0.144016 2.552166 1.000000
0.082745 0.132031 2.565084 1.000000
-0.331447 -0.036045 2.349006 1.000000
0.077724 -0.134728 2.437539 1.000000
-0.318501 -0.059231 2.286806 0.240385
0.034525 -0.153528 2.389017 0.677885
-0.257776 -0.500321 2.514244 1.000000
-0.062703 -0.502269 2.535924 1.000000
-0.263703 -0.921831 2.588261 1.000000
-0.045629 -0.926371 2.590966 1.000000
-0.268173 -0.949735 2.428998 0.000000
-0.049545 -0.947339 2.430629 0.000000
-0.161895 0.700230 2.396079 1.000000
-0.359838 0.393684 2.494447 1.000000
-0.006722 0.391725 2.530919 1.000000
-0.168514 0.431673 2.371811 0.004808
-0.194824 0.266346 2.617659 0.000000
-0.378792 0.029869 2.499896 0.615385
0.024327 0.024594 2.526038 0.557692
-0.185310 0.035462 2.639187 0.000000
-0.474195 0.138395 2.527999 1.000000
0.071304 0.125231 2.578552 1.000000
-0.326645 -0.007629 2.321255 1.000000
0.053082 -0.105807 2.399315 1.000000
-0.296555 -0.033281 2.266387 0.442308
0.044857 -0.168195 2.374532 0.173077
-0.267288 -0.506934 2.506201 1.000000
-0.056378 -0.503963 2.477205 1.000000
-0.251600 -0.931185 2.560501 1.000000
-0.045748 -0.924416 2.556521 0.825481
-0.243307 -0.951392 2.400232 0.000000
-0.028308 -0.953799 2.398422 0.000000
-0.170697 0.679904 2.381106 1.000000
-0.361785 0.365647 2.472175 1.000000
-0.016082 0.370217 2.552754 1.000000
-0.157171 0.405581 2.374061 0.062500
-0.211600 0.242568 2.616819 0.000000
-0.386603 0.015958 2.489011 0.653846
0.011667 0.014090 2.556785 0.259615
-0.208524 0.029550 2.647036 0.000000
-0.476972 0.112688 2.490684 1.000000
0.059709 0.106578 2.601218 1.000000
-0.312118 -0.006952 2.284713 1.000000
0.038254 -0.111926 2.412246 1.000000
-0.276634 0.027461 2.238554 0.846154
0.033114 -0.162413 2.367539 0.000000
-0.283655 -0.516110 2.474756 1.000000
-0.042516 -0.489577 2.409779 1.000000
-0.257112 -0.938342 2.539565 1.000000
-0.022208 -0.906095 2.506135 1.000000
-0.238230 -0.961554 2.380606 0.000000
0.013398 -0.940007 2.352041 0.000000
-0.176505 0.646685 2.369869 1.000000
-0.366119 0.338005 2.465090 1.000000
-0.022684 0.338276 2.554965 1.000000
-0.158135 0.370308 2.371349 0.057692
-0.222544 0.216962 2.617932 0.000000
-0.381582 -0.006836 2.475825 0.971154
0.008585 -0.023304 2.579337 1.000000
-0.218609 -0.006882 2.649918 0.000000
-0.466396 0.092130 2.398603 1.000000
0.057631 0.103215 2.669972 1.000000
-0.271411 0.063634 2.193181 1.000000
0.060290 -0.145917 2.532293 1.000000
-0.246733 0.114000 2.155388 1.000000
0.028906 -0.200355 2.507281 0.257212
-0.294632 -0.542761 2.459970 1.000000
-0.044606 -0.489166 2.343608 1.000000
-0.246161 -0.962577 2.527713 1.000000
-0.020737 -0.900740 2.458591 0.769231
-0.219985 -0.985054 2.369686 0.000000
0.016216 -0.941119 2.306383 0.000000
-0.171604 0.615574 2.359130 1.000000
-0.364701 0.363959 2.460377 1.000000
-0.016580 0.367467 2.529832 1.000000
-0.162433 0.387670 2.352613 0.009615
-0.212985 0.252722 2.612806 0.000000
-0.378844 0.000653 2.482066 1.000000
0.018672 -0.018338 2.551611 1.000000
-0.201436 0.000507 2.641423 0.000000
-0.447328 0.128939 2.352555 1.000000
0.068155 0.167009 2.692079 1.000000
-0.244485 0.170472 2.160683 1.000000
0.065701 -0.102722 2.608868 1.000000
-0.220777 0.222371 2.124372 1.000000
0.058031 -0.169762 2.604301 0.055288
-0.281924 -0.539700 2.497413 1.000000
-0.046830 -0.492949 2.341385 1.000000
-0.265387 -0.962811 2.559763 1.000000
-0.031544 -0.887747 2.505960 0.769231
-0.241936 -0.985245 2.401302 0.000000
-0.002439 -0.948006 2.358703 0.000000
-0.171562 0.657690 2.362063 1.000000
-0.355862 0.418303 2.453134 1.000000
-0.005933 0.424058 2.512644 1.000000
-0.157029 0.446243 2.340117 0.014423
-0.198725 0.305659 2.598891 0.000000
-0.367367 0.041900 2.476931 1.000000
0.031466 0.031152 2.540435 1.000000
-0.187182 0.054994 2.632593 0.000000
-0.442213 0.179360 2.363066 1.000000
0.073392 0.243443 2.696351 1.000000
-0.246057 0.248542 2.175147 1.000000
0.079458 -0.025388 2.617166 1.000000
-0.216900 0.301275 2.144435 1.000000
0.097607 -0.090311 2.622610 0.122596
-0.268738 -0.494739 2.535758 1.000000
-0.053456 -0.453539 2.351714 1.000000
-0.274176 -0.920903 2.574985 1.000000
-0.046391 -0.855089 2.499673 0.575481
-0.249480 -0.935868 2.415833 0.000000
-0.023323 -0.910084 2.349319 0.000000
-0.161129 0.714370 2.353372 1.000000
-0.335698 0.438773 2.451216 1.000000
0.016488 0.461356 2.489688 1.000000
-0.146067 0.482094 2.327719 0.000000
-0.164061 0.329188 2.582205 0.000000
-0.353074 0.073559 2.468131 1.000000
0.048145 0.084889 2.514080 0.875000
-0.167232 0.096474 2.615800 0.000000
-0.449519 0.197478 2.433464 1.000000
0.108652 0.261199 2.641137 1.000000
-0.257819 0.218006 2.233109 1.000000
0.090808 0.001402 2.543671 1.000000
-0.226859 0.267039 2.198306 0.913462
0.107121 -0.023151 2.482801 0.997596
-0.273376 -0.454468 2.473500 1.000000
-0.048028 -0.447459 2.456108 1.000000
-0.270591 -0.865453 2.592948 1.000000
-0.059006 -0.872501 2.505128 1.000000
-0.266102 -0.910550 2.437676 0.000000
-0.037686 -0.891415 2.345909 0.000000
-0.159849 0.751487 2.363412 1.000000
-0.323139 0.413727 2.493201 1.000000
0.031410 0.427906 2.482295 1.000000
-0.152170 0.472978 2.350558 0.000000
-0.137578 0.285134 2.580707 0.000000
-0.337838 0.077860 2.477018 0.855769
0.066162 0.077784 2.477706 0.913462
-0.136050 0.090875 2.603434 0.000000
-0.446982 0.179420 2.504210 1.000000
0.125500 0.195505 2.568867 1.000000
-0.279778 0.065623 2.316653 1.000000
0.123866 -0.008672 2.383412 1.000000
-0.249010 0.098303 2.266062 0.677885
0.089607 -0.016164 2.325582 0.913462
-0.271375 -0.446745 2.416728 1.000000
-0.044403 -0.457010 2.497139 1.000000
-0.228904 -0.853857 2.541787 0.703606
-0.070321 -0.882825 2.531701 1.000000
-0.253960 -0.903163 2.389786 0.000000
-0.068216 -0.896037 2.370506 0.000000
-0.149116 0.711496 2.374001 1.000000
-0.322770 0.370989 2.524278 1.000000
0.029371 0.379385 2.480106 1.000000
-0.164880 0.432494 2.368150 0.004808
-0.132480 0.236033 2.589103 0.000000
-0.328181 0.035139 2.505293 0.336538
0.072888 0.025606 2.457660 1.000000
-0.112494 0.041641 2.606808 0.000000
-0.424341 0.131057 2.570778 1.000000
0.138162 0.138971 2.459829 1.000000
-0.304891 -0.069299 2.424709 1.000000
0.086569 0.029487 2.212647 1.000000
-0.313634 -0.086313 2.359839 0.644231
0.058313 0.056292 2.157356 1.000000
-0.267519 -0.476805 2.370495 1.000000
-0.037204 -0.506296 2.500701 1.000000
-0.065126 -0.837013 2.482173 1.000000
-0.054545 -0.925810 2.583718 1.000000
-0.135710 -0.914807 2.359174 0.000000
-0.070532 -0.956419 2.425697 0.000000
-0.142169 0.659535 2.376139 1.000000
-0.308508 0.361845 2.509569 1.000000
0.045462 0.350753 2.484925 0.000000
-0.139399 0.409063 2.360369 0.000000
-0.129337 0.220179 2.589909 0.000000
-0.330226 0.011827 2.494200 0.490385
0.072409 -0.005787 2.466084 1.000000
-0.119528 0.016913 2.605774 0.000000
-0.419807 0.176202 2.661911 1.000000
0.115488 0.140940 2.339551 1.000000
-0.355408 -0.062026 2.540003 1.000000
-0.003424 0.241982 2.112810 1.000000
-0.336851 -0.108133 2.494136 0.593750
-0.031170 0.302843 2.102804 1.000000
-0.249540 -0.494798 2.340676 1.000000
-0.036716 -0.534961 2.485852 1.000000
0.020157 -0.821779 2.400099 0.875481
-0.062774 -0.952940 2.574162 1.000000
-0.053897 -0.904266 2.282306 0.000000
-0.068306 -0.986026 2.415928 0.000000
-0.123975 0.645756 2.369760 1.000000
-0.305597 0.413208 2.489274 1.000000
0.045491 0.360675 2.490903 0.000000
-0.120971 0.443444 2.354786 0.000000
-0.151041 0.249403 2.578194 0.000000
-0.334417 0.037716 2.471332 0.682692
0.068748 0.012090 2.475529 1.000000
-0.133384 0.036927 2.599603 0.000000
-0.408237 0.233764 2.657418 1.000000
0.114757 0.156177 2.334729 1.000000
-0.375217 0.003553 2.506755 1.000000
-0.016244 0.282996 2.126062 1.000000
-0.348463 -0.057387 2.494729 0.408654
-0.044684 0.342366 2.110555 1.000000
-0.243380 -0.487405 2.368544 1.000000
-0.042885 -0.514623 2.500833 1.000000
0.009777 -0.829995 2.410105 0.994231
-0.133370 -0.914755 2.622859 1.000000
-0.059036 -0.896655 2.279781 0.000000
-0.116268 -0.965200 2.470131 0.000000
-0.127400 0.678750 2.367260 1.000000
-0.305022 0.439165 2.483556 1.000000
0.046893 0.418706 2.441581 1.000000
-0.143293 0.471302 2.322624 0.000000
-0.124305 0.300233 2.565198 0.000000
-0.349031 0.067876 2.486155 0.682692
0.052624 0.041568 2.451554 1.000000
-0.136747 0.064070 2.594735 0.000000
-0.417615 0.254845 2.639504 1.000000
0.129649 0.175315 2.371697 1.000000
-0.363109 0.094653 2.420152 1.000000
-0.025062 0.208480 2.144293 1.000000
-0.350865 0.028532 2.412929 0.711538
-0.046753 0.265371 2.114848 1.000000
-0.251042 -0.467489 2.409828 1.000000
-0.039985 -0.484349 2.477429 1.000000
0.011705 -0.805344 2.408633 1.000000
-0.078681 -0.895325 2.590503 1.000000
-0.069599 -0.868132 2.283691 0.000000
-0.079779 -0.938136 2.434525 0.000000
-0.131358 0.735914 2.366634 1.000000
-0.332726 0.421618 2.491546 1.000000
0.021162 0.411218 2.465466 1.000000
-0.163957 0.475222 2.344130 0.000000
-0.153524 0.276310 2.565019 0.000000
-0.359676 0.054426 2.471941 1.000000
0.043629 0.060142 2.448951 0.971154
-0.150924 0.064537 2.586785 0.000000
-0.452372 0.187037 2.491808 1.000000
0.116809 0.166677 2.485344 1.000000
-0.330630 0.095412 2.264274 0.644231
0.062189 -0.029413 2.302169 1.000000
-0.304548 0.130980 2.213003 0.947115
0.012726 -0.036148 2.256540 1.000000
-0.250742 -0.478517 2.451706 1.000000
-0.027574 -0.463760 2.371571 1.000000
-0.151797 -0.894355 2.473448 1.000000
-0.031346 -0.862409 2.527292 0.837981
-0.173905 -0.907963 2.313795 0.000000
-0.018760 -0.921186 2.377126 0.000000
-0.149850 0.709144 2.367268 1.000000
-0.341699 0.394021 2.499287 1.000000
0.012500 0.381131 2.479239 1.000000
-0.169691 0.452493 2.357575 0.000000
-0.165305 0.243675 2.569336 0.000000
-0.358680 0.044349 2.474286 0.894231
0.044659 0.044457 2.451193 1.000000
-0.149769 0.047640 2.589237 0.000000
-0.451073 0.175524 2.403718 1.000000
0.113747 0.156869 2.570301 1.000000
-0.291930 0.156252 2.182943 1.000000
0.098436 -0.088914 2.452845 1.000000
-0.266311 0.205056 2.143753 0.913462
0.053873 -0.139789 2.452786 0.778846
-0.247717 -0.490855 2.454090 1.000000
-0.040755 -0.462063 2.313578 1.000000
-0.244320 -0.910046 2.540416 1.000000
-0.051772 -0.863626 2.461262 0.494231
-0.254935 -0.942683 2.382349 0.000000
-0.039627 -0.919593 2.309989 0.000000
-0.157777 0.666234 2.355811 1.000000
-0.350250 0.411573 2.496832 1.000000
0.001317 0.419555 2.448233 1.000000
-0.194643 0.459367 2.333767 0.000000
-0.157715 0.285681 2.572381 0.000000
-0.359082 0.033714 2.498323 1.000000
0.038659 0.052463 2.430008 1.000000
-0.138961 0.047311 2.589046 0.000000
-0.431119 0.201797 2.362317 1.000000
0.119802 0.259711 2.618679 1.000000
-0.245267 0.253038 2.169806 1.000000
0.104848 -0.010892 2.590796 1.000000
-0.223359 0.312385 2.145889 1.000000
0.099213 -0.052624 2.537874 1.000000
-0.245527 -0.496172 2.485879 1.000000
-0.034536 -0.464469 2.320961 1.000000
-0.236676 -0.918031 2.557578 1.000000
-0.231704 -0.821518 2.450674 1.000000
-0.264987 -0.945292 2.400675 0.000000
-0.181137 -0.897877 2.317350 0.000000
-0.146921 0.705893 2.346010 1.000000
-0.326351 0.446251 2.466516 1.000000
0.028361 0.448771 2.452457 1.000000
-0.154869 0.489483 2.318825 0.000000
-0.144008 0.318936 2.562265 0.000000
-0.349089 0.071356 2.480560 1.000000
0.052751 0.077716 2.439326 1.000000
-0.135394 0.083052 2.585755 0.000000
-0.441416 0.218632 2.407476 1.000000
0.123603 0.273945 2.622460 1.000000
-0.254010 0.254327 2.213262 1.000000
0.099493 0.013033 2.548584 1.000000
-0.221161 0.302444 2.178914 1.000000
0.104824 -0.017947 2.488701 0.913462
-0.245499 -0.461648 2.471669 1.000000
-0.025563 -0.448171 2.373019 1.000000
-0.172697 -0.861872 2.604729 1.000000
-0.201060 -0.820150 2.491410 1.000000
-0.201411 -0.916770 2.455314 0.615385
-0.154998 -0.886487 2.351264 0.000000
-0.123320 0.744841 2.345970 1.000000
-0.307340 0.441296 2.474502 1.000000
0.046804 0.449538 2.451289 1.000000
-0.140461 0.494775 2.324904 0.000000
-0.120892 0.311605 2.558426 0.000000
-0.333896 0.079028 2.473576 0.923077
0.068911 0.077574 2.442586 1.000000
-0.122760 0.084714 2.584290 0.000000
-0.438767 0.216284 2.467574 1.000000
0.138500 0.239361 2.575261 1.000000
-0.260933 0.166601 2.269106 1.000000
0.123946 0.010717 2.430374 1.000000
-0.238970 0.208474 2.220749 0.778846
0.107953 -0.002569 2.366018 0.846154
-0.248190 -0.448901 2.399107 1.000000
-0.022872 -0.456580 2.453152 1.000000
-0.242944 -0.859644 2.519304 0.803606
-0.057130 -0.878189 2.518393 1.000000
-0.263239 -0.904952 2.365362 0.000000
-0.061762 -0.902547 2.358555 0.000000
-0.122669 0.741984 2.354867 1.000000
-0.301013 0.382681 2.529196 1.000000
0.047680 0.384471 2.462605 1.000000
-0.151667 0.448964 2.366745 0.000000
-0.111051 0.239323 2.573790 0.000000
-0.320065 0.028401 2.499834 0.375000
0.077119 0.042132 2.427223 0.961538
-0.098847 0.039816 2.588156 0.000000
-0.399134 0.143456 2.565461 1.000000
0.154297 0.148281 2.430690 1.000000
-0.297591 -0.016336 2.370843 1.000000
0.080913 0.028036 2.198576 1.000000
-0.270804 -0.078421 2.372188 0.274038
0.049781 0.049326 2.142437 1.000000
-0.244735 -0.470745 2.329669 1.000000
-0.022324 -0.497096 2.474063 1.000000
-0.278882 -0.876707 2.460868 0.691106
-0.024458 -0.917726 2.553120 1.000000
-0.304753 -0.923834 2.308313 0.000000
-0.051465 -0.947052 2.396360 0.000000
-0.122078 0.661155 2.356221 1.000000
-0.305926 0.371398 2.520079 1.000000
0.043746 0.367140 2.458951 1.000000
-0.154118 0.421506 2.354153 0.000000
-0.116657 0.233463 2.581537 0.000000
-0.324070 0.013671 2.502268 0.230769
0.073477 0.028907 2.431982 1.000000
-0.103378 0.025014 2.591905 0.000000
-0.396527 0.153039 2.634506 1.000000
0.149333 0.146909 2.362345 1.000000
-0.345433 -0.051397 2.460744 1.000000
0.014088 0.148973 2.125064 1.000000
-0.356242 -0.118149 2.459619 0.206731
-0.006450 0.199909 2.085596 1.000000
-0.232449 -0.472633 2.300127 1.000000
-0.019833 -0.510720 2.472984 1.000000
-0.273053 -0.877614 2.432511 0.366106
-0.006903 -0.933843 2.536108 0.878606
-0.288915 -0.926190 2.279045 0.000000
-0.033051 -0.958177 2.378351 0.000000
-0.119544 0.652488 2.350710 1.000000
-0.297332 0.405843 2.490035 1.000000
0.055787 0.391615 2.456426 1.000000
-0.132224 0.443729 2.333855 0.000000
-0.116510 0.268041 2.573341 0.000000
-0.325641 0.028775 2.472862 0.480769
0.077354 0.029704 2.444400 1.000000
-0.115215 0.029245 2.585062 0.000000
-0.405568 0.220215 2.644523 1.000000
0.118236 0.158357 2.348118 1.000000
-0.362013 0.010178 2.472104 1.000000
-0.016776 0.257858 2.129917 1.000000
-0.360779 -0.057367 2.468919 0.408654
-0.038251 0.319677 2.112851 1.000000
-0.221337 -0.483401 2.329845 1.000000
-0.033348 -0.505038 2.492462 1.000000
-0.279771 -0.878278 2.484254 0.784856
-0.002522 -0.927967 2.550471 1.000000
-0.280237 -0.937123 2.333589 0.000000
-0.014159 -0.950722 2.390753 0.000000
-0.119739 0.697463 2.358540 1.000000
-0.318946 0.450186 2.457785 1.000000
0.035221 0.427550 2.448915 1.000000
-0.142913 0.477917 2.311732 0.004808
-0.147284 0.312645 2.558982 0.000000
-0.352973 0.075054 2.452467 0.865385
0.050102 0.048263 2.447098 1.000000
-0.149565 0.064402 2.576485 0.000000
-0.438842 0.250298 2.584490 1.000000
0.127285 0.182898 2.403591 1.000000
-0.350338 0.083668 2.383207 1.000000
-0.029557 0.197377 2.177087 1.000000
-0.327472 0.044144 2.333317 0.000000
-0.046245 0.250579 2.138810 0.913462
-0.241225 -0.463733 2.393276 1.000000
-0.026118 -0.476203 2.457105 1.000000
-0.260175 -0.876101 2.506315 1.000000
-0.022105 -0.891166 2.561861 0.984856
-0.255876 -0.919031 2.350425 0.000000
-0.014848 -0.930651 2.405172 0.000000
-0.134591 0.746556 2.356301 1.000000
-0.340979 0.436890 2.458699 1.000000
0.013498 0.423961 2.472982 1.000000
-0.156323 0.482098 2.328521 0.000000
-0.172441 0.295062 2.559225 0.000000
-0.374745 0.062255 2.439029 1.000000
0.028391 0.082264 2.456244 0.769231
-0.178639 0.073368 2.574260 0.000000
-0.463875 0.208770 2.505583 1.000000
0.116230 0.181560 2.478318 1.000000
-0.357975 0.066008 2.297284 1.000000
0.006950 0.046938 2.266377 1.000000
-0.321382 0.089752 2.245599 0.846154
-0.025255 0.068986 2.211143 1.000000
-0.258708 -0.467204 2.435147 1.000000
-0.023974 -0.449771 2.391456 1.000000
-0.245221 -0.884883 2.527593 1.000000
-0.026511 -0.862983 2.502958 0.497356
-0.242316 -0.919743 2.369671 0.000000
-0.003432 -0.904824 2.348428 0.000000
-0.150090 0.726289 2.361975 1.000000
-0.353357 0.391082 2.454120 1.000000
-0.000965 0.388980 2.497020 1.000000
-0.160684 0.451676 2.343245 0.000000
-0.188084 0.248080 2.558337 0.000000
-0.380857 0.034598 2.424632 1.000000
0.018974 0.050177 2.480384 0.461538
-0.198479 0.043287 2.578031 0.000000
-0.476922 0.161457 2.420934 1.000000
0.084753 0.143485 2.535520 1.000000
-0.323906 0.090063 2.205967 1.000000
0.023866 -0.056251 2.359111 1.000000
-0.291340 0.128313 2.160685 1.000000
0.030760 -0.123516 2.360524 0.375000
-0.272711 -0.496298 2.440394 1.000000
-0.038623 -0.467449 2.344421 1.000000
-0.252754 -0.909965 2.548400 1.000000
-0.059310 -0.881664 2.450164 0.712981
-0.237830 -0.949979 2.392389 0.000000
-0.023585 -0.922358 2.297747 0.000000
-0.168241 0.677901 2.357599 1.000000
-0.358126 0.390961 2.447201 1.000000
-0.003581 0.390930 2.465183 1.000000
-0.173745 0.434641 2.316114 0.043269
-0.185997 0.261116 2.557372 0.000000
-0.373743 0.022745 2.432525 1.000000
0.027787 0.004753 2.473337 1.000000
-0.185743 0.014895 2.579027 0.000000
-0.451984 0.174416 2.332156 1.000000
0.083537 0.190985 2.611363 1.000000
-0.258169 0.199015 2.141426 1.000000
0.093561 -0.064553 2.515720 1.000000
-0.232296 0.256060 2.115921 1.000000
0.051814 -0.100892 2.476852 0.862981
-0.284117 -0.517622 2.460139 1.000000
-0.067497 -0.501853 2.328526 1.000000
-0.262755 -0.931453 2.567245 1.000000
-0.018899 -0.898141 2.482727 0.656731
-0.254305 -0.971517 2.410763 0.000000
-0.008168 -0.955522 2.331878 0.000000
-0.170193 0.687249 2.345433 1.000000
-0.355640 0.423664 2.430153 1.000000
-0.001016 0.428328 2.445819 1.000000
-0.172450 0.459283 2.295020 0.014423
-0.181606 0.303958 2.548510 0.000000
-0.372431 0.051887 2.431484 1.000000
0.030687 0.040909 2.455804 1.000000
-0.178278 0.054211 2.569932 0.000000
-0.451325 0.194755 2.347918 1.000000
0.089798 0.243052 2.606266 1.000000
-0.255767 0.254792 2.168946 1.000000
0.087106 -0.007236 2.500308 1.000000
-0.224023 0.304602 2.136001 1.000000
0.039806 -0.042960 2.467742 0.762019
-0.277856 -0.485988 2.465687 1.000000
-0.077207 -0.476679 2.349884 1.000000
-0.275412 -0.902811 2.562827 1.000000
-0.045519 -0.886934 2.467658 1.000000
-0.269830 -0.939470 2.405385 0.000000
-0.038527 -0.931025 2.312190 0.000000
-0.167803 0.728108 2.329284 1.000000
-0.344704 0.439830 2.425836 1.000000
0.010270 0.443961 2.427054 1.000000
-0.167096 0.473799 2.283044 0.033654
-0.166193 0.320929 2.538185 0.000000
-0.366153 0.074307 2.435360 1.000000
0.037812 0.077101 2.430825 0.903846
-0.162801 0.083002 2.559620 0.000000
-0.456502 0.207477 2.391382 1.000000
0.100158 0.245853 2.569699 1.000000
-0.259889 0.230562 2.207011 1.000000
0.089200 0.009449 2.438645 1.000000
-0.233108 0.278751 2.167836 0.610577
0.050153 -0.013575 2.388453 1.000000
-0.280042 -0.458070 2.417962 1.000000
-0.065172 -0.455827 2.391292 1.000000
-0.267389 -0.868203 2.539677 1.000000
-0.064191 -0.878658 2.457605 1.000000
-0.279612 -0.914437 2.385158 0.000000
-0.062552 -0.903714 2.297816 0.000000
-0.159672 0.748609 2.331588 1.000000
-0.328377 0.403513 2.478768 1.000000
0.021912 0.406163 2.421185 1.000000
-0.175873 0.457385 2.314670 0.000000
-0.137173 0.268817 2.541410 0.000000
-0.356171 0.047356 2.451178 0.663462
0.043639 0.045832 2.393162 0.855769
-0.138059 0.051371 2.547510 0.000000
-0.451195 0.175811 2.497042 1.000000
0.109657 0.164073 2.452165 1.000000
-0.316704 0.048164 2.301185 1.000000
0.061258 0.007812 2.237732 1.000000
-0.284844 0.072925 2.246909 0.745192
0.025063 0.015544 2.181126 1.000000
-0.285214 -0.469705 2.325920 1.000000
-0.059069 -0.489091 2.426687 1.000000
-0.293408 -0.862912 2.494754 0.575481
-0.086920 -0.909359 2.502735 1.000000
-0.321159 -0.925295 2.348120 0.000000
-0.105187 -0.936802 2.344380 0.000000
-0.153218 0.697152 2.334194 1.000000
-0.328210 0.373901 2.491949 1.000000
0.020689 0.371500 2.426461 1.000000
-0.178506 0.427931 2.325343 0.000000
-0.138047 0.234883 2.547970 0.000000
-0.342489 0.024840 2.461622 0.644231
0.055994 0.031129 2.395384 0.798077
-0.122424 0.024980 2.553490 0.000000
-0.427587 0.143238 2.560111 1.000000
0.126992 0.143494 2.359823 1.000000
-0.345753 -0.050528 2.389823 1.000000
0.015251 0.071509 2.124085 1.000000
-0.340665 -0.052265 2.322405 0.475962
-0.019751 0.104979 2.076877 1.000000
-0.280020 -0.478507 2.295213 1.000000
-0.053657 -0.506702 2.410102 1.000000
-0.295701 -0.860080 2.488448 0.322356
-0.072978 -0.930186 2.469032 1.000000
-0.324628 -0.931031 2.345997 0.000000
-0.096521 -0.951188 2.310389 0.000000
-0.148700 0.652276 2.321963 1.000000
-0.323440 0.382928 2.471492 1.000000
0.028120 0.378403 2.422396 1.000000
-0.166373 0.426715 2.308702 0.024038
-0.135613 0.249157 2.545332 0.000000
-0.344740 0.018338 2.447378 0.326923
0.056331 0.017267 2.398833 1.000000
-0.128985 0.015180 2.548907 0.000000
-0.413561 0.169474 2.594309 1.000000
0.121291 0.162830 2.305707 1.000000
-0.369790 -0.027477 2.410841 1.000000
-0.033209 0.189933 2.082636 1.000000
-0.344660 -0.085464 2.386758 0.644231
-0.058681 0.245839 2.054356 1.000000
-0.270488 -0.494261 2.302124 1.000000
-0.057290 -0.518362 2.423741 1.000000
-0.306520 -0.879458 2.485180 0.491106
-0.072391 -0.940766 2.491055 1.000000
-0.324997 -0.947017 2.339381 0.000000
-0.089743 -0.965469 2.332147 0.000000
-0.144114 0.672121 2.320233 1.000000
-0.320467 0.447999 2.437249 1.000000
0.032109 0.420091 2.406660 1.000000
-0.153378 0.472819 2.280555 0.033654
-0.144937 0.308131 2.528090 0.000000
-0.371276 0.053036 2.427583 0.884615
0.031623 0.035747 2.403297 1.000000
-0.161979 0.049717 2.541831 0.000000
-0.444269 0.266667 2.586036 1.000000
0.097461 0.176444 2.324739 1.000000
-0.384939 0.071784 2.400101 1.000000
-0.044486 0.275450 2.109983 1.000000
-0.385893 0.006312 2.417030 0.408654
-0.068904 0.329831 2.078038 1.000000
-0.267079 -0.480717 2.353236 1.000000
-0.061967 -0.492893 2.443428 1.000000
-0.282482 -0.889777 2.478203 0.844231
-0.054405 -0.913721 2.521086 1.000000
-0.289601 -0.936744 2.323586 0.000000
-0.061593 -0.943170 2.362202 0.000000
-0.157000 0.738334 2.316880 1.000000
-0.353605 0.453499 2.440979 1.000000
-0.000295 0.439585 2.409304 1.000000
-0.187749 0.490496 2.285381 0.009615
-0.173004 0.316601 2.526234 0.000000
-0.386272 0.086935 2.425291 0.903846
0.017250 0.074609 2.409982 1.000000
-0.179550 0.086036 2.544176 0.000000
-0.476439 0.261949 2.574862 1.000000
0.100397 0.198643 2.370423 1.000000
-0.377799 0.119417 2.361948 1.000000
-0.047644 0.203116 2.139251 1.000000
-0.363394 0.061214 2.330662 1.000000
-0.073373 0.257825 2.108936 0.846154
-0.279032 -0.450827 2.394314 1.000000
-0.048257 -0.451547 2.384580 1.000000
-0.268463 -0.867481 2.491635 1.000000
-0.048957 -0.865252 2.494271 1.000000
-0.276896 -0.904425 2.334387 0.000000
-0.038632 -0.906638 2.338246 0.000000
-0.168462 0.745580 2.315924 1.000000
-0.373484 0.420953 2.446698 1.000000
-0.018904 0.421150 2.429424 1.000000
-0.202903 0.473321 2.300931 0.000000
-0.191588 0.285216 2.531052 0.000000
-0.394075 0.066460 2.430150 1.000000
0.009300 0.060173 2.408581 0.980769
-0.185539 0.068938 2.545801 0.000000
-0.494791 0.193421 2.494698 1.000000
0.088775 0.182609 2.446553 1.000000
-0.384650 0.064094 2.281314 0.942308
-0.008617 0.050892 2.228482 1.000000
-0.350352 0.091411 2.229822 0.711538
-0.042274 0.073990 2.174559 1.000000
-0.291335 -0.470471 2.416989 1.000000
-0.057097 -0.461993 2.342494 1.000000
-0.264357 -0.887808 2.508018 1.000000
-0.035298 -0.873016 2.459835 0.547356
-0.277978 -0.922996 2.350730 0.000000
-0.027054 -0.916957 2.304386 0.000000
-0.182437 0.707026 2.315795 1.000000
-0.385032 0.375022 2.466383 1.000000
-0.031883 0.365098 2.431563 1.000000
-0.220415 0.423230 2.312548 0.000000
-0.203208 0.233655 2.541092 0.000000
-0.407579 0.028068 2.439757 0.596154
-0.004203 0.020144 2.418761 0.673077
-0.199329 0.022779 2.555828 0.000000
-0.493192 0.151677 2.386672 1.000000
0.057713 0.141916 2.532051 1.000000
-0.332720 0.104987 2.173285 1.000000
0.016967 -0.076384 2.376648 1.000000
-0.303726 0.147111 2.129025 1.000000
-0.005410 -0.139547 2.385796 0.475962
-0.301616 -0.509431 2.412377 1.000000
-0.068491 -0.493910 2.314749 1.000000
-0.267094 -0.922924 2.517334 1.000000
-0.038453 -0.908681 2.415977 0.822356
-0.281078 -0.963666 2.361424 0.000000
-0.029049 -0.946324 2.258950 0.000000
-0.200669 0.652090 2.312337 1.000000
-0.384154 0.372566 2.458017 1.000000
-0.030423 0.374047 2.428053 1.000000
-0.219351 0.415014 2.302690 0.024038
-0.198050 0.244924 2.545759 0.000000
-0.409106 0.031256 2.441495 0.557692
-0.006600 0.012067 2.412565 0.701923
-0.198936 0.018156 2.553413 0.000000
-0.481468 0.156883 2.348128 1.000000
0.063137 0.169099 2.559611 1.000000
-0.296759 0.155146 2.149420 1.000000
0.030401 -0.067439 2.430835 1.000000
-0.269008 0.207380 2.116625 1.000000
-0.012228 -0.115377 2.409416 0.846154
-0.293824 -0.510335 2.423913 1.000000
-0.076770 -0.504614 2.331972 1.000000
-0.282278 -0.933339 2.488086 1.000000
-0.039708 -0.927645 2.385408 1.000000
-0.286151 -0.957696 2.328227 0.000000
-0.039054 -0.947860 2.224928 0.000000
-0.202240 0.660688 2.310246 1.000000
-0.378038 0.388592 2.442657 1.000000
-0.023368 0.391366 2.427605 1.000000
-0.206982 0.435357 2.295549 0.000000
-0.195451 0.258943 2.534740 0.000000
-0.406591 0.032455 2.432118 0.730769
-0.003650 0.026144 2.403575 0.576923
-0.196168 0.029089 2.544276 0.000000
-0.480675 0.167629 2.349594 1.000000
0.069006 0.178565 2.546777 1.000000
-0.284587 0.183919 2.162940 1.000000
0.032107 -0.060959 2.425029 1.000000
-0.260771 0.237967 2.129990 1.000000
-0.014440 -0.085904 2.382777 0.947115
-0.290581 -0.505421 2.425746 1.000000
-0.077056 -0.502471 2.368763 1.000000
-0.273863 -0.925381 2.506606 1.000000
-0.044830 -0.926586 2.416425 1.000000
-0.285308 -0.956325 2.348257 0.000000
-0.049790 -0.945014 2.255805 0.000000
-0.193286 0.684260 2.313477 1.000000
-0.370169 0.404927 2.444602 1.000000
-0.015872 0.404611 2.422266 1.000000
-0.201535 0.460053 2.297593 0.000000
-0.187475 0.266914 2.523350 0.000000
-0.394721 0.039609 2.432950 0.932692
0.005705 0.040692 2.379337 0.663462
-0.177689 0.040353 2.531768 0.000000
-0.479680 0.179664 2.375659 1.000000
0.076105 0.175702 2.503690 1.000000
-0.278160 0.147930 2.198558 1.000000
0.043601 -0.048784 2.356954 1.000000
-0.244035 0.194877 2.163836 0.745192
0.004658 -0.065654 2.304296 1.000000
-0.278041 -0.496043 2.422877 1.000000
-0.063256 -0.491634 2.429730 1.000000
-0.272126 -0.901614 2.559483 1.000000
-0.050217 -0.911993 2.509178 1.000000
-0.292107 -0.953111 2.407457 0.000000
-0.067098 -0.942374 2.351207 0.000000
-0.166197 0.700919 2.324743 1.000000
-0.360853 0.411386 2.459167 1.000000
-0.007450 0.408094 2.425687 1.000000
-0.196085 0.472761 2.310261 0.000000
-0.177736 0.266936 2.524192 0.000000
-0.384632 0.040378 2.427417 0.711538
0.016180 0.049945 2.377676 0.692308
-0.168580 0.043562 2.528313 0.000000
-0.480582 0.185344 2.415280 1.000000
0.082807 0.168221 2.466559 1.000000
-0.300929 0.093545 2.236014 1.000000
0.050401 -0.036993 2.294292 1.000000
-0.256129 0.125607 2.196783 0.879808
0.009601 -0.050099 2.241970 1.000000
-0.263740 -0.492744 2.420257 1.000000
-0.060463 -0.484250 2.443866 1.000000
-0.266410 -0.902942 2.542382 1.000000
-0.042645 -0.904023 2.525458 1.000000
-0.284294 -0.948706 2.388275 0.000000
-0.059855 -0.935414 2.367720 0.000000
-0.155372 0.700659 2.325567 1.000000
-0.350311 0.414200 2.455693 1.000000
0.002646 0.403500 2.419193 1.000000
-0.186022 0.466216 2.302750 0.000000
-0.168961 0.269675 2.525342 0.000000
-0.370019 0.041189 2.420009 0.480769
0.031941 0.046366 2.379789 0.961538
-0.156395 0.041699 2.525995 0.000000
-0.462837 0.180741 2.440802 1.000000
0.100000 0.164130 2.443903 1.000000
-0.322823 0.024384 2.271038 1.000000
0.054177 -0.017381 2.249414 1.000000
-0.269089 0.035135 2.231401 1.000000
0.012264 -0.022366 2.196570 1.000000
-0.249330 -0.493256 2.417598 1.000000
-0.054894 -0.487092 2.444527 1.000000
-0.260581 -0.903438 2.539289 1.000000
-0.036351 -0.904606 2.536846 1.000000
-0.274160 -0.948938 2.384666 0.000000
-0.050147 -0.939984 2.379617 0.000000
-0.141923 0.700601 2.320502 1.000000
-0.330395 0.412055 2.456075 1.000000
0.022323 0.401711 2.417246 1.000000
-0.167533 0.459301 2.300088 0.004808
-0.147804 0.270989 2.529471 0.000000
-0.342313 0.057555 2.432943 0.778846
0.057110 0.030773 2.378536 1.000000
-0.125665 0.041636 2.531323 0.000000
-0.435092 0.172262 2.467820 1.000000
0.122064 0.159727 2.427026 1.000000
-0.355105 -0.055714 2.342071 1.000000
0.050749 0.004811 2.214661 1.000000
-0.319675 -0.102022 2.307803 1.000000
0.008306 0.008922 2.162166 1.000000
-0.245113 -0.486011 2.416333 1.000000
-0.038325 -0.493346 2.444734 1.000000
-0.256042 -0.891185 2.553805 0.866106
-0.036860 -0.910520 2.540381 1.000000
-0.272529 -0.942486 2.401295 0.000000
-0.056596 -0.946463 2.383915 0.000000
-0.128417 0.703851 2.324608 1.000000
-0.315119 0.413106 2.463555 1.000000
0.036335 0.401955 2.414760 1.000000
-0.156519 0.461290 2.303517 0.000000
-0.131054 0.270740 2.530473 0.000000
-0.338993 0.050903 2.449122 1.000000
0.057087 0.030105 2.372284 1.000000
-0.116893 0.038999 2.535135 0.000000
-0.402506 0.163937 2.462289 1.000000
0.133800 0.156807 2.425979 1.000000
-0.377598 -0.102545 2.400928 1.000000
0.056821 -0.004265 2.217345 1.000000
-0.358275 -0.154433 2.362092 1.000000
0.012514 0.000895 2.166508 1.000000
-0.245683 -0.490574 2.418119 1.000000
-0.036477 -0.495915 2.446535 1.000000
-0.260499 -0.901382 2.537288 1.000000
-0.031628 -0.913371 2.540828 1.000000
-0.289299 -0.944767 2.384150 0.000000
-0.060333 -0.948760 2.385629 0.000000
-0.124485 0.700271 2.317838 1.000000
-0.301572 0.411645 2.474550 1.000000
0.047731 0.399207 2.412441 1.000000
-0.148916 0.459966 2.308873 0.000000
-0.115764 0.268126 2.533739 0.000000
-0.338464 0.050033 2.458456 0.557692
0.056121 0.022165 2.376343 0.951923
-0.115267 0.037334 2.541464 0.000000
-0.378473 0.156423 2.457251 1.000000
0.139007 0.148418 2.423584 1.000000
-0.393020 -0.120917 2.451840 1.000000
0.063773 -0.044168 2.238088 1.000000
-0.389747 -0.184748 2.429729 1.000000
0.019050 -0.043532 2.187358 1.000000
-0.251664 -0.492157 2.409917 1.000000
-0.036405 -0.501677 2.452205 1.000000
-0.265041 -0.905822 2.518942 1.000000
-0.035178 -0.920641 2.539681 1.000000
-0.295540 -0.945383 2.365099 0.000000
-0.066226 -0.953173 2.384308 0.000000
-0.112958 0.696294 2.320055 1.000000
-0.298389 0.415695 2.470222 1.000000
0.051200 0.393637 2.412552 1.000000
-0.143449 0.450881 2.303359 0.000000
-0.115575 0.273224 2.540272 0.000000
-0.336639 0.045292 2.467183 0.355769
0.056579 0.029989 2.375740 0.980769
-0.111340 0.037138 2.544917 0.000000
-0.379725 0.157229 2.490257 1.000000
0.130826 0.134608 2.432185 1.000000
-0.406249 -0.123944 2.498560 1.000000
0.085692 -0.106937 2.292725 1.000000
-0.408139 -0.190670 2.487692 1.000000
0.032160 -0.127041 2.256612 1.000000
-0.253442 -0.492912 2.413223 1.000000
-0.041069 -0.497510 2.460435 1.000000
-0.257597 -0.906750 2.522332 1.000000
-0.035534 -0.917427 2.543039 1.000000
-0.294829 -0.946530 2.370034 0.000000
-0.071300 -0.948328 2.388349 0.000000
-0.110698 0.697753 2.318694 1.000000
-0.302533 0.408219 2.469796 1.000000
0.048164 0.390156 2.417732 1.000000
-0.145416 0.444533 2.305224 0.019231
-0.119137 0.268301 2.543381 0.000000
-0.339170 0.039481 2.457922 0.480769
0.056250 0.026618 2.376110 0.980769
-0.115776 0.033195 2.541132 0.000000
-0.380704 0.147533 2.502696 1.000000
0.118025 0.126008 2.440006 1.000000
-0.411311 -0.135436 2.518812 1.000000
0.101524 -0.142365 2.345288 1.000000
-0.407230 -0.199529 2.497612 1.000000
0.049488 -0.177749 2.320504 1.000000
-0.247338 -0.499271 2.421034 1.000000
-0.047316 -0.501274 2.463079 1.000000
-0.256832 -0.917972 2.509257 1.000000
-0.035711 -0.919900 2.551404 1.000000
-0.289915 -0.949898 2.354179 0.000000
-0.067990 -0.953477 2.396505 0.000000
-0.111313 0.691954 2.317257 1.000000
-0.311264 0.402004 2.461888 1.000000
0.042256 0.389671 2.431943 1.000000
-0.144703 0.441560 2.307678 0.028846
-0.130661 0.264614 2.546340 0.000000
-0.338419 0.043452 2.423979 0.548077
0.064414 0.022266 2.401786 1.000000
-0.130048 0.032529 2.539437 0.000000
-0.388791 0.141290 2.509458 1.000000
0.108863 0.122154 2.447546 1.000000
-0.411177 -0.144884 2.516865 1.000000
0.108711 -0.160610 2.397585 1.000000
-0.402972 -0.211486 2.508441 1.000000
0.073930 -0.215360 2.378434 1.000000
-0.242041 -0.498209 2.432890 1.000000
-0.040089 -0.503550 2.464743 1.000000
-0.254172 -0.916210 2.524058 1.000000
-0.035440 -0.920735 2.560238 1.000000
-0.264350 -0.950328 2.366275 0.000000
-0.043619 -0.956867 2.402788 0.076923
-0.127012 0.693187 2.328926 1.000000
-0.324592 0.401638 2.463974 1.000000
0.029298 0.392802 2.437356 1.000000
-0.156793 0.446709 2.312647 0.000000
-0.143785 0.263321 2.546456 0.000000
-0.351391 0.032916 2.425939 0.442308
0.051542 0.023951 2.397994 0.971154
-0.141152 0.028555 2.538408 0.000000
-0.399211 0.134961 2.502470 1.000000
0.090770 0.120885 2.458544 1.000000
-0.416305 -0.154888 2.487494 1.000000
0.101036 -0.169603 2.452236 1.000000
-0.393502 -0.218440 2.483598 1.000000
0.078798 -0.232734 2.442538 1.000000
-0.249144 -0.504544 2.449850 1.000000
-0.046367 -0.505020 2.466373 1.000000
-0.259816 -0.919754 2.553148 1.000000
-0.041997 -0.920069 2.570774 1.000000
-0.272157 -0.958392 2.396566 0.000000
-0.051283 -0.959553 2.414192 0.038462
-0.139051 0.700477 2.347391 1.000000
-0.330847 0.402805 2.466585 1.000000
0.022917 0.393925 2.438354 1.000000
-0.163784 0.446905 2.314161 0.000000
-0.149594 0.265126 2.549154 0.000000
-0.363186 0.033073 2.437949 0.403846
0.038187 0.025374 2.392604 0.971154
-0.148265 0.029513 2.541220 0.000000
-0.405276 0.133082 2.495409 1.000000
0.082105 0.121168 2.473305 1.000000
-0.409280 -0.155883 2.450205 1.000000
0.094704 -0.171003 2.479438 1.000000
-0.396892 -0.222116 2.444393 1.000000
0.062078 -0.229019 2.467448 1.000000
-0.254809 -0.504464 2.452362 1.000000
-0.054156 -0.503380 2.468685 1.000000
-0.270261 -0.917078 2.565035 1.000000
-0.044904 -0.919180 2.569724 1.000000
-0.287787 -0.958825 2.409751 0.000000
-0.061072 -0.957522 2.413418 0.134615
-0.145269 0.698546 2.341713 1.000000
-0.339413 0.400103 2.466574 1.000000
0.014972 0.397624 2.445826 1.000000
-0.169958 0.448423 2.318122 0.000000
-0.157558 0.264887 2.551847 0.000000
-0.368914 0.032031 2.434078 0.903846
0.033981 0.028103 2.404488 0.894231
-0.158205 0.027943 2.545672 0.000000
-0.423978 0.130851 2.488719 1.000000
0.076019 0.123888 2.484298 1.000000
-0.405917 -0.153149 2.413365 1.000000
0.083139 -0.170213 2.473588 1.000000
-0.391839 -0.216938 2.395846 1.000000
0.052291 -0.229965 2.466367 1.000000
-0.259292 -0.504209 2.455341 1.000000
-0.054995 -0.502474 2.467105 1.000000
-0.273144 -0.915953 2.571355 1.000000
-0.044091 -0.918479 2.567130 1.000000
-0.284830 -0.959341 2.415972 0.000000
-0.053379 -0.956460 2.410177 0.038462
-0.156706 0.699745 2.348258 1.000000
-0.351947 0.403386 2.464500 1.000000
0.002932 0.402429 2.455271 1.000000
-0.177964 0.452920 2.321797 0.000000
-0.172392 0.268616 2.555180 0.000000
-0.377657 0.029434 2.431631 1.000000
0.025933 0.036776 2.414993 0.855769
-0.170589 0.030137 2.549913 0.000000
-0.434664 0.130753 2.466638 1.000000
0.067087 0.126349 2.484244 1.000000
-0.411218 -0.144469 2.359465 1.000000
0.077915 -0.168662 2.459052 1.000000
-0.383370 -0.192714 2.321112 0.879808
0.050951 -0.227281 2.438784 1.000000
-0.264238 -0.502842 2.464072 1.000000
-0.063031 -0.498016 2.467273 1.000000
-0.276921 -0.916361 2.573733 1.000000
-0.045693 -0.914374 2.564894 1.000000
-0.283465 -0.957601 2.417466 0.000000
-0.049866 -0.951450 2.407506 0.115385
-0.165536 0.700906 2.346365 1.000000
-0.358681 0.405544 2.470977 1.000000
-0.004122 0.401178 2.453839 1.000000
-0.187415 0.454723 2.324904 0.000000
-0.178525 0.268150 2.556374 0.000000
-0.385500 0.027534 2.438333 1.000000
0.017346 0.039678 2.410329 0.865385
-0.175227 0.031570 2.550751 0.000000
-0.442410 0.133134 2.460801 1.000000
0.062035 0.125292 2.482675 1.000000
-0.409557 -0.135424 2.339401 1.000000
0.063227 -0.168656 2.443511 1.000000
-0.386518 -0.195380 2.318223 0.829327
0.036627 -0.228364 2.426148 1.000000
-0.266253 -0.503387 2.467360 1.000000
-0.063973 -0.495538 2.471097 1.000000
-0.278103 -0.915350 2.582817 1.000000
-0.046110 -0.912451 2.566218 1.000000
-0.288185 -0.958646 2.427296 0.000000
-0.054265 -0.948717 2.408798 0.115385
-0.174115 0.703233 2.352937 1.000000
-0.363858 0.404774 2.469389 1.000000
-0.009132 0.399664 2.456437 1.000000
-0.190789 0.453205 2.325204 0.000000
-0.184993 0.267268 2.557283 0.000000
-0.391229 0.028049 2.435090 1.000000
0.012333 0.039470 2.420141 0.788462
-0.184655 0.030125 2.554218 0.000000
-0.445562 0.131916 2.459033 1.000000
0.055244 0.123090 2.480877 1.000000
-0.408788 -0.134962 2.335462 1.000000
0.052809 -0.169381 2.432910 1.000000
-0.390882 -0.194357 2.308523 0.862981
0.022341 -0.224718 2.408754 0.913462
-0.267571 -0.503072 2.467744 1.000000
-0.067738 -0.495931 2.471051 1.000000
-0.278306 -0.914843 2.583990 1.000000
-0.053314 -0.912801 2.566943 1.000000
-0.282900 -0.958660 2.428356 0.000000
-0.055807 -0.949139 2.409347 0.096154
-0.172687 0.702055 2.354188 1.000000
-0.369789 0.402630 2.469633 1.000000
-0.015238 0.402749 2.451768 1.000000
-0.199526 0.450166 2.321854 0.000000
-0.187550 0.270165 2.558334 0.000000
-0.397300 0.027453 2.439699 1.000000
0.005989 0.039019 2.418713 0.701923
-0.188985 0.030262 2.555741 0.000000
-0.449439 0.129076 2.462387 1.000000
0.049660 0.126377 2.476974 1.000000
-0.421630 -0.145616 2.354631 1.000000
0.045948 -0.166323 2.430575 1.000000
-0.395019 -0.200812 2.326009 0.846154
0.018858 -0.226019 2.413942 0.879808
-0.268121 -0.503724 2.469366 1.000000
-0.070314 -0.496009 2.472591 1.000000
-0.275423 -0.914820 2.588238 1.000000
-0.051530 -0.913723 2.563952 1.000000
-0.281664 -0.959615 2.432940 0.000000
-0.056565 -0.948483 2.406061 0.000000
-0.179339 0.703049 2.351069 1.000000
