-0.272846 0.229660 2.671624 1.000000
0.105857 0.232213 2.686404 1.000000
-0.079390 0.305139 2.561035 0.000000
-0.085338 0.092209 2.750232 0.000000
-0.312231 -0.141876 2.627753 0.673077
0.106425 -0.063734 2.658565 1.000000
-0.111999 -0.105538 2.773677 0.000000
-0.382736 -0.015639 2.660824 1.000000
0.179493 -0.025094 2.659302 1.000000
-0.310541 -0.278132 2.566190 1.000000
0.104702 -0.295824 2.594632 1.000000
-0.331266 -0.342082 2.538288 0.038462
0.079786 -0.355953 2.627209 0.408654
-0.212896 -0.655740 2.702933 1.000000
-0.016930 -0.629985 2.676332 1.000000
-0.204144 -1.094242 2.757733 1.000000
-0.081003 -1.063507 2.733930 1.000000
-0.188481 -1.116217 2.579388 0.000000
-0.114516 -1.081973 2.557660 0.000000
-0.065941 0.480774 2.529692 1.000000
-0.274422 0.231319 2.668300 1.000000
0.103432 0.228571 2.697622 1.000000
-0.076003 0.308260 2.567989 0.000000
-0.091645 0.088795 2.748987 0.000000
-0.307147 -0.124901 2.610082 1.000000
0.113970 -0.070840 2.655551 1.000000
-0.109865 -0.103837 2.762868 0.000000
-0.369565 -0.019142 2.666883 1.000000
0.172619 -0.026873 2.655825 1.000000
-0.316314 -0.289345 2.585880 1.000000
0.103069 -0.293557 2.575521 1.000000
-0.325416 -0.356314 2.558863 0.274038
0.060718 -0.352379 2.582156 0.543269
-0.207739 -0.645851 2.698189 1.000000
-0.008675 -0.630895 2.670219 1.000000
-0.201882 -1.084696 2.750587 1.000000
-0.080904 -1.062459 2.732664 1.000000
-0.180037 -1.105635 2.572768 0.000000
-0.082532 -1.088022 2.554117 0.000000
-0.065673 0.480103 2.536572 1.000000
-0.273877 0.232773 2.666032 1.000000
0.104200 0.223903 2.690940 1.000000
-0.075375 0.304130 2.561833 0.000000
-0.092658 0.088684 2.747452 0.000000
-0.311379 -0.111614 2.607852 0.836538
0.113356 -0.085349 2.643056 0.740385
-0.109437 -0.104542 2.755761 0.000000
-0.370587 -0.016814 2.665679 1.000000
0.170953 -0.033060 2.656869 1.000000
-0.325590 -0.290739 2.593652 1.000000
0.093030 -0.292433 2.562522 1.000000
-0.326211 -0.357883 2.565564 0.240385
0.041425 -0.334612 2.533275 0.778846
-0.206554 -0.642743 2.689794 1.000000
-0.012824 -0.637735 2.660482 1.000000
-0.202050 -1.081115 2.746127 1.000000
-0.084832 -1.068074 2.731103 1.000000
-0.186235 -1.103857 2.567892 0.000000
-0.072324 -1.099250 2.553884 0.000000
-0.072238 0.478344 2.529792 1.000000
-0.272999 0.234731 2.665819 1.000000
0.104721 0.212916 2.688023 1.000000
-0.072829 0.304418 2.563702 0.000000
-0.096044 0.081541 2.739648 0.000000
-0.316496 -0.095331 2.602629 0.971154
0.108435 -0.099236 2.644438 0.528846
-0.116873 -0.101068 2.753711 0.000000
-0.367665 -0.016295 2.663401 1.000000
0.165216 -0.046653 2.657274 1.000000
-0.325895 -0.288036 2.579475 1.000000
0.055450 -0.281457 2.532975 1.000000
-0.338854 -0.359019 2.569935 0.189904
0.027256 -0.347960 2.524027 0.576923
-0.207139 -0.638082 2.674796 1.000000
-0.010965 -0.642953 2.654193 1.000000
-0.197892 -1.074099 2.746684 1.000000
-0.084355 -1.071458 2.733948 1.000000
-0.181601 -1.102986 2.569384 0.000000
-0.059120 -1.108307 2.559190 0.000000
-0.078646 0.475739 2.533167 1.000000
-0.275402 0.235290 2.657695 1.000000
0.102325 0.218699 2.683917 1.000000
-0.075146 0.308704 2.558397 0.000000
-0.097080 0.084028 2.732206 0.000000
-0.318647 -0.093872 2.594710 1.000000
0.105893 -0.095741 2.640440 0.451923
-0.120396 -0.095862 2.747681 0.000000
-0.368623 -0.015948 2.658850 1.000000
0.161139 -0.040951 2.653347 1.000000
-0.337859 -0.287178 2.569827 1.000000
0.056086 -0.280666 2.535287 1.000000
-0.282645 -0.333807 2.561178 0.442308
0.010996 -0.327641 2.502762 0.778846
-0.203196 -0.636870 2.663582 1.000000
-0.009208 -0.639944 2.648706 1.000000
-0.198082 -1.071499 2.743802 1.000000
-0.085868 -1.067665 2.729584 1.000000
-0.179945 -1.103866 2.567284 0.000000
-0.057513 -1.105656 2.555550 0.000000
-0.077517 0.473184 2.520615 1.000000
-0.274710 0.235199 2.647833 1.000000
0.102622 0.222294 2.680930 1.000000
-0.073356 0.308852 2.550961 0.000000
-0.096463 0.086633 2.727753 0.000000
-0.314540 -0.086552 2.594582 1.000000
0.110538 -0.101258 2.632292 0.567308
-0.113695 -0.097826 2.743718 0.000000
-0.368742 -0.015549 2.649911 1.000000
0.175871 -0.031097 2.634578 1.000000
-0.329583 -0.284445 2.557745 1.000000
0.059302 -0.271858 2.530757 1.000000
-0.288407 -0.342912 2.571302 0.358173
0.055352 -0.338872 2.558884 0.711538
-0.202366 -0.633876 2.654484 1.000000
-0.010091 -0.641439 2.647594 1.000000
-0.197475 -1.066913 2.742907 1.000000
-0.083262 -1.069093 2.731990 1.000000
-0.183228 -1.102733 2.566699 0.000000
-0.059611 -1.107601 2.557368 0.000000
-0.077365 0.475727 2.514132 1.000000
-0.271271 0.232266 2.629668 1.000000
0.104208 0.229637 2.681144 1.000000
-0.067211 0.307927 2.540296 0.000000
-0.093723 0.090577 2.722577 0.000000
-0.310389 -0.091770 2.574014 1.000000
0.111496 -0.099192 2.639489 0.557692
-0.119564 -0.098700 2.736019 0.000000
-0.369364 -0.016339 2.645285 1.000000
0.178599 -0.026977 2.664245 1.000000
-0.321186 -0.280480 2.544372 1.000000
0.084597 -0.275312 2.555764 1.000000
-0.286834 -0.340703 2.566525 0.425481
0.060403 -0.340070 2.532988 0.778846
-0.203705 -0.634965 2.657756 1.000000
-0.011155 -0.641405 2.651645 1.000000
-0.198936 -1.068517 2.743627 1.000000
-0.082366 -1.070599 2.729653 1.000000
-0.173202 -1.102931 2.568446 0.000000
-0.048997 -1.107643 2.556305 0.000000
-0.070831 0.473727 2.498648 1.000000
-0.266303 0.227346 2.612717 1.000000
0.108355 0.231433 2.669776 1.000000
-0.061563 0.299370 2.521909 0.000000
-0.088979 0.093271 2.716695 0.000000
-0.304733 -0.093974 2.557254 0.586538
0.112301 -0.096428 2.648934 0.432692
-0.124316 -0.095656 2.730904 0.000000
-0.376570 -0.015139 2.645017 1.000000
0.172473 -0.028663 2.685269 1.000000
-0.307236 -0.258458 2.508477 1.000000
0.100101 -0.284198 2.575185 1.000000
-0.293272 -0.327792 2.525660 0.324519
0.086413 -0.352999 2.594591 0.543269
-0.198273 -0.634618 2.657882 1.000000
-0.009853 -0.640344 2.649784 1.000000
-0.202019 -1.068618 2.741508 1.000000
-0.077520 -1.070089 2.727914 1.000000
-0.164470 -1.102311 2.568331 0.000000
-0.034211 -1.107988 2.556967 0.000000
-0.069740 0.470096 2.478198 1.000000
-0.265198 0.223506 2.613432 1.000000
0.111633 0.224752 2.653905 1.000000
-0.064000 0.292042 2.512564 0.000000
-0.084715 0.089324 2.711678 0.000000
-0.307377 -0.101862 2.586037 0.586538
0.117512 -0.095359 2.627940 0.759615
-0.107796 -0.097256 2.737211 0.000000
-0.371663 -0.021192 2.633578 1.000000
0.165116 -0.033565 2.698954 1.000000
-0.284786 -0.221952 2.448209 1.000000
0.122696 -0.301809 2.606980 1.000000
-0.306812 -0.287609 2.425812 0.173077
0.103247 -0.367921 2.630402 0.475962
-0.204175 -0.642393 2.648217 1.000000
-0.012510 -0.642377 2.624053 1.000000
-0.195090 -1.073830 2.743838 1.000000
-0.075175 -1.068988 2.721213 1.000000
-0.180864 -1.112453 2.568222 0.000000
-0.056628 -1.111416 2.546883 0.000000
-0.074504 0.467812 2.472700 1.000000
-0.262263 0.203980 2.614135 1.000000
0.116019 0.217132 2.633395 1.000000
-0.069089 0.275308 2.500344 0.000000
-0.072681 0.077870 2.705710 0.000000
-0.328664 -0.137518 2.596347 0.701923
0.096212 -0.101427 2.618878 0.990385
-0.123823 -0.111443 2.738008 0.000000
-0.376274 -0.033365 2.656930 1.000000
0.167523 -0.034305 2.706124 1.000000
-0.264894 -0.115444 2.406831 0.875000
0.117400 -0.309283 2.646402 1.000000
-0.229412 -0.177625 2.393709 0.812500
0.097005 -0.376504 2.627352 0.694712
-0.216494 -0.670109 2.607421 1.000000
-0.004530 -0.655350 2.602602 1.000000
-0.183646 -1.088625 2.745731 1.000000
-0.069097 -1.080788 2.703585 1.000000
-0.186710 -1.145433 2.574562 0.000000
-0.050856 -1.124847 2.529628 0.000000
-0.077814 0.443792 2.450146 1.000000
-0.268663 0.189855 2.632665 1.000000
0.108895 0.198706 2.600839 1.000000
-0.091829 0.255623 2.492107 0.000000
-0.069671 0.063859 2.701644 0.000000
-0.322125 -0.139061 2.642422 1.000000
0.103543 -0.123821 2.612367 1.000000
-0.100184 -0.128431 2.757906 0.000000
-0.379345 -0.048455 2.635444 1.000000
0.190872 -0.027660 2.706141 1.000000
-0.236317 -0.017090 2.394974 0.461538
0.144163 -0.305301 2.706091 1.000000
-0.194085 -0.045534 2.342965 0.677885
0.108820 -0.345648 2.656891 0.728365
-0.237554 -0.671540 2.575093 1.000000
-0.009955 -0.671522 2.592725 1.000000
-0.173866 -1.077378 2.738197 1.000000
-0.066889 -1.094766 2.706684 1.000000
-0.212339 -1.148258 2.576856 0.000000
-0.066890 -1.141662 2.532512 0.000000
-0.086537 0.426112 2.440327 1.000000
-0.281451 0.216118 2.612469 1.000000
0.096772 0.226785 2.590681 1.000000
-0.101245 0.274217 2.472817 0.000000
-0.083436 0.097096 2.695261 0.000000
-0.327942 -0.132665 2.633494 1.000000
0.098041 -0.110281 2.614373 1.000000
-0.109329 -0.116847 2.754595 0.000000
-0.385671 -0.016694 2.666420 0.938462
0.191588 0.021684 2.720749 1.000000
-0.246595 -0.015177 2.424165 0.538462
0.138736 -0.249452 2.679239 1.000000
-0.194332 -0.019739 2.373714 0.576923
0.107398 -0.303014 2.717275 0.375000
-0.229033 -0.665507 2.581244 1.000000
-0.008924 -0.661441 2.632430 1.000000
-0.178055 -1.071420 2.748578 1.000000
-0.064543 -1.093061 2.709726 1.000000
-0.206161 -1.142331 2.585125 0.000000
-0.066070 -1.124665 2.532147 0.000000
-0.102882 0.466156 2.435193 1.000000
-0.303123 0.253481 2.598451 1.000000
0.074849 0.276724 2.583026 1.000000
-0.122201 0.308449 2.458458 0.004808
-0.102758 0.147958 2.693053 0.000000
-0.327942 -0.091163 2.639193 1.000000
0.097364 -0.075711 2.604478 1.000000
-0.104799 -0.079264 2.752211 0.000000
-0.399016 0.028851 2.684896 1.000000
0.182053 0.085168 2.720653 1.000000
-0.265060 -0.053851 2.456258 0.615385
0.124347 -0.173178 2.637069 1.000000
-0.216884 -0.039352 2.403661 0.745192
0.085700 -0.227858 2.665602 0.560096
-0.214075 -0.630639 2.622536 1.000000
-0.011416 -0.622443 2.672270 1.000000
-0.191097 -1.059249 2.728035 1.000000
-0.070594 -1.057777 2.720710 1.000000
-0.210971 -1.103101 2.554204 0.000000
-0.079793 -1.076463 2.541542 0.000000
-0.116688 0.505575 2.416329 1.000000
-0.321555 0.263973 2.578521 1.000000
0.055113 0.285705 2.614438 1.000000
-0.123764 0.325224 2.466811 0.067308
-0.135354 0.152339 2.692967 0.000000
-0.329891 -0.086724 2.600601 0.875000
0.094203 -0.047950 2.631741 0.500000
-0.128135 -0.059355 2.746385 0.000000
-0.399383 0.037321 2.671999 1.000000
0.158502 0.065170 2.697151 1.000000
-0.305229 -0.121297 2.467226 0.557692
0.049614 -0.048704 2.471026 0.778846
-0.316961 -0.192315 2.456436 0.543269
0.062012 -0.112818 2.438883 0.711538
-0.217157 -0.617871 2.649815 1.000000
0.022506 -0.600290 2.609662 1.000000
-0.209013 -1.052220 2.731292 1.000000
-0.042745 -1.013424 2.752583 0.800481
-0.198139 -1.085218 2.554294 0.000000
-0.007382 -1.076213 2.587228 0.000000
-0.135391 0.499670 2.411568 1.000000
-0.330164 0.218870 2.577524 1.000000
0.041506 0.240347 2.648522 1.000000
-0.124202 0.290533 2.489228 0.000000
-0.153179 0.099591 2.698684 0.000000
-0.333917 -0.122877 2.571663 1.000000
0.077802 -0.046301 2.655045 0.875000
-0.155884 -0.073706 2.740760 0.000000
-0.404935 0.002948 2.692862 1.000000
0.120873 -0.002983 2.645879 1.000000
-0.364988 -0.217680 2.534947 1.000000
-0.006285 -0.045915 2.406720 0.365385
-0.325538 -0.278074 2.544635 0.913462
-0.013254 -0.008543 2.344653 0.576923
-0.226900 -0.641278 2.621253 1.000000
0.041225 -0.601701 2.589720 1.000000
-0.209502 -1.065499 2.744126 1.000000
-0.049165 -0.998315 2.762609 0.747356
-0.185203 -1.114303 2.572188 0.000000
0.013323 -1.077695 2.613179 0.000000
-0.138724 0.444018 2.421295 1.000000
-0.336370 0.187827 2.585285 1.000000
0.035466 0.216382 2.652841 1.000000
-0.133830 0.270463 2.498677 0.000000
-0.154317 0.067273 2.697332 0.000000
-0.344218 -0.180719 2.582367 0.586538
0.058973 -0.068355 2.666869 1.000000
-0.172566 -0.112466 2.751437 0.000000
-0.416811 -0.041378 2.665583 1.000000
0.100599 -0.027329 2.610227 1.000000
-0.341753 -0.238465 2.490482 1.000000
-0.034373 -0.027843 2.371648 0.673077
-0.328845 -0.308622 2.504938 0.492788
-0.068083 0.022504 2.331319 0.240385
-0.241114 -0.683725 2.590513 1.000000
0.049085 -0.626530 2.586625 1.000000
-0.205056 -1.099457 2.736219 1.000000
-0.052154 -1.016223 2.768983 0.881731
-0.198969 -1.158613 2.565929 0.000000
0.015875 -1.101200 2.625157 0.000000
-0.148436 0.419917 2.432479 1.000000
-0.329841 0.208486 2.578264 1.000000
0.044769 0.239297 2.626838 1.000000
-0.130259 0.276974 2.474202 0.000000
-0.144513 0.099556 2.696665 0.000000
-0.344015 -0.154628 2.587874 1.000000
0.072391 -0.077789 2.642927 0.855769
-0.155774 -0.099957 2.743707 0.000000
-0.418089 -0.023891 2.627671 1.000000
0.129286 0.002015 2.654798 1.000000
-0.247278 -0.082577 2.424914 0.682692
0.002877 -0.109255 2.441794 0.980769
-0.242003 -0.141603 2.382656 0.240385
-0.023690 -0.136331 2.379676 0.038462
-0.233984 -0.671772 2.648164 1.000000
0.026968 -0.635332 2.601889 1.000000
-0.208705 -1.100881 2.751073 1.000000
0.029936 -0.982311 2.875679 0.312981
-0.191736 -1.141813 2.576225 0.000000
0.063361 -1.091932 2.736392 0.000000
-0.141752 0.464111 2.431133 1.000000
-0.318182 0.244656 2.571508 1.000000
0.057896 0.274354 2.607895 1.000000
-0.121398 0.308398 2.459414 0.000000
-0.130054 0.138237 2.687757 0.000000
-0.325237 -0.092271 2.605117 1.000000
0.099717 -0.090550 2.646832 0.394231
-0.125536 -0.078838 2.755604 0.000000
-0.397588 0.006185 2.595389 1.000000
0.141216 0.060488 2.713076 1.000000
-0.209712 0.067103 2.410546 0.730769
0.101551 -0.139094 2.534838 0.913462
-0.180902 0.030139 2.354857 0.274038
0.086131 -0.209889 2.541759 0.543269
-0.232711 -0.629645 2.699893 1.000000
0.000382 -0.632809 2.618724 1.000000
-0.214483 -1.068538 2.748922 1.000000
-0.001806 -1.020018 2.831863 0.544231
-0.198877 -1.087849 2.570264 0.000000
0.020024 -1.106454 2.675060 0.000000
-0.121822 0.508434 2.427862 1.000000
-0.298530 0.259286 2.580580 1.000000
0.079121 0.280139 2.604794 1.000000
-0.103688 0.314080 2.460637 0.000000
-0.109731 0.151747 2.694691 0.000000
-0.325883 -0.067418 2.614413 1.000000
0.100499 -0.061137 2.636495 1.000000
-0.119510 -0.060677 2.756090 0.000000
-0.377491 0.020236 2.577982 1.000000
0.158055 0.083592 2.740900 1.000000
-0.192177 0.130480 2.415902 1.000000
0.126841 -0.165413 2.641970 1.000000
-0.159610 0.144613 2.352363 0.475962
0.086170 -0.225626 2.646209 0.324519
-0.232869 -0.607326 2.669816 1.000000
-0.001445 -0.607228 2.639430 1.000000
-0.219871 -1.033569 2.786057 1.000000
-0.031318 -1.032476 2.756201 1.000000
-0.217479 -1.080955 2.612034 0.000000
-0.014055 -1.081146 2.583376 0.000000
-0.104309 0.519239 2.441445 1.000000
-0.276783 0.214092 2.658440 1.000000
0.096279 0.224709 2.592467 1.000000
-0.113655 0.282308 2.503236 0.000000
-0.072031 0.087930 2.707331 0.000000
-0.313184 -0.095143 2.668967 1.000000
0.104025 -0.094832 2.578052 1.000000
-0.076716 -0.095160 2.751372 0.000000
-0.356442 -0.023328 2.609452 1.000000
0.214659 0.047262 2.732510 1.000000
-0.189752 0.081238 2.419641 1.000000
0.136784 -0.209920 2.682101 1.000000
-0.149106 0.104166 2.363786 0.038462
0.121475 -0.247685 2.621793 1.000000
-0.247038 -0.633456 2.601411 1.000000
-0.002309 -0.639633 2.623884 1.000000
-0.234443 -1.023839 2.808309 0.581731
-0.009961 -1.059841 2.760746 1.000000
-0.281379 -1.106576 2.655055 0.000000
-0.039316 -1.114473 2.591368 0.000000
-0.087945 0.463336 2.470778 1.000000
-0.269487 0.208345 2.660488 1.000000
0.104063 0.208188 2.596445 1.000000
-0.103159 0.277266 2.509038 0.000000
-0.069722 0.072766 2.704568 0.000000
-0.310028 -0.098953 2.668655 0.769231
0.107850 -0.139882 2.590987 0.682692
-0.076697 -0.114145 2.758283 0.000000
-0.353701 -0.033181 2.658905 1.000000
0.190307 -0.018194 2.678557 1.000000
-0.211730 -0.077972 2.428800 0.740385
0.103109 -0.196710 2.489775 1.000000
-0.173043 -0.087273 2.367854 0.000000
0.078235 -0.241879 2.438408 0.000000
-0.240023 -0.646579 2.584217 1.000000
0.010163 -0.670452 2.634718 1.000000
-0.230452 -1.019383 2.821471 0.762981
0.000733 -1.087114 2.781916 1.000000
-0.264233 -1.115129 2.672385 0.000000
-0.017992 -1.146496 2.612628 0.000000
-0.086190 0.445036 2.460596 1.000000
-0.281630 0.228577 2.632504 1.000000
0.095941 0.233529 2.599995 1.000000
-0.104310 0.294846 2.492795 0.000000
-0.084015 0.098960 2.698676 0.000000
-0.317141 -0.105114 2.638121 0.451923
0.108006 -0.121904 2.602099 1.000000
-0.093131 -0.102623 2.750017 0.000000
-0.374138 0.023770 2.751120 0.876923
0.179013 -0.005048 2.627453 1.000000
-0.303577 -0.101356 2.519835 0.942308
0.013142 -0.063298 2.419555 0.557692
-0.310291 -0.137364 2.456939 0.055288
-0.017202 -0.086959 2.357773 0.139423
-0.218642 -0.651684 2.604172 1.000000
0.014780 -0.655147 2.690590 1.000000
-0.191275 -1.035020 2.822503 0.762981
-0.006790 -1.085159 2.790534 1.000000
-0.214811 -1.124792 2.667835 0.052885
-0.017620 -1.125404 2.615040 0.000000
-0.080827 0.474627 2.453636 1.000000
-0.302407 0.267526 2.605160 1.000000
0.076472 0.270164 2.595926 1.000000
-0.116458 0.327374 2.474035 0.000000
-0.109920 0.140345 2.688854 0.000000
-0.336346 -0.097516 2.624445 0.798077
0.088817 -0.058850 2.616049 1.000000
-0.121832 -0.071068 2.750903 0.000000
-0.391915 0.079905 2.747913 1.000000
0.130941 0.023980 2.591636 1.000000
-0.339210 -0.084337 2.539952 0.942308
-0.043648 0.071030 2.390872 1.000000
-0.376336 -0.104969 2.480845 0.021635
-0.082838 0.108035 2.341960 0.206731
-0.193499 -0.629959 2.644530 1.000000
0.002503 -0.609256 2.692623 1.000000
-0.153984 -1.069364 2.671468 1.000000
-0.001131 -1.043961 2.772511 1.000000
-0.158265 -1.080782 2.491505 0.000000
-0.001435 -1.076561 2.595107 0.000000
-0.094836 0.520797 2.447892 1.000000
-0.311697 0.241690 2.604584 1.000000
0.066399 0.255972 2.626501 1.000000
-0.118219 0.317586 2.494319 0.000000
-0.122037 0.113551 2.693129 0.000000
-0.335234 -0.112622 2.601684 0.903846
0.087647 -0.061283 2.631107 1.000000
-0.133086 -0.085214 2.746917 0.000000
-0.420436 0.048140 2.725200 1.000000
0.148276 0.017244 2.638291 1.000000
-0.319773 -0.081414 2.509883 0.951923
-0.014487 -0.021709 2.425525 0.923077
-0.312541 -0.120411 2.448854 0.526442
-0.047136 0.003193 2.365429 0.307692
-0.198512 -0.640734 2.646894 1.000000
0.004935 -0.619445 2.614166 1.000000
-0.137676 -1.073963 2.709950 1.000000
-0.003989 -1.027573 2.783624 0.825481
-0.128400 -1.098632 2.531511 0.000000
0.011894 -1.096768 2.617808 0.000000
-0.103571 0.508597 2.490146 1.000000
-0.319854 0.206345 2.611800 1.000000
0.056189 0.229512 2.652983 1.000000
-0.123094 0.288884 2.512680 0.000000
-0.131667 0.081367 2.707700 0.000000
-0.329247 -0.126559 2.593923 1.000000
0.093821 -0.089042 2.637915 0.615385
-0.131736 -0.102087 2.745904 0.000000
-0.412195 -0.023720 2.654595 1.000000
0.148158 -0.004646 2.653239 1.000000
-0.269335 -0.079120 2.432842 0.519231
0.023827 -0.146106 2.460410 1.000000
-0.239183 -0.084610 2.366825 0.509615
-0.009517 -0.181302 2.406123 0.000000
-0.204093 -0.659308 2.634642 1.000000
0.008900 -0.639630 2.580883 1.000000
-0.161067 -1.087169 2.736856 1.000000
0.016317 -1.023707 2.799501 0.681731
-0.148698 -1.127804 2.561554 0.000000
0.036676 -1.112068 2.643575 0.000000
-0.114548 0.473798 2.499288 1.000000
-0.317679 0.232057 2.616079 1.000000
0.060727 0.252172 2.609350 1.000000
-0.133652 0.296577 2.484461 0.000000
-0.120166 0.116618 2.704921 0.000000
-0.341072 -0.111388 2.630621 1.000000
0.085141 -0.086371 2.623835 1.000000
-0.125821 -0.099923 2.758070 0.000000
-0.385930 -0.008507 2.604593 1.000000
0.162754 0.068294 2.745145 1.000000
-0.216607 0.077335 2.415138 0.769231
0.110280 -0.163579 2.620995 1.000000
-0.190128 0.079043 2.347362 0.408654
0.116934 -0.233413 2.601588 0.257212
-0.211726 -0.647045 2.675875 1.000000
-0.001947 -0.635034 2.585336 1.000000
-0.168869 -1.079902 2.754376 1.000000
0.033456 -1.022588 2.794891 0.766106
-0.173583 -1.112530 2.577039 0.000000
0.037914 -1.108039 2.636104 0.000000
-0.116342 0.520418 2.500025 1.000000
-0.308318 0.268785 2.624756 1.000000
0.068751 0.289977 2.592958 1.000000
-0.133657 0.336553 2.482442 0.000000
-0.105141 0.151967 2.697581 0.000000
-0.336383 -0.059675 2.639791 1.000000
0.089058 -0.065631 2.603832 1.000000
-0.112715 -0.067436 2.752129 0.000000
-0.404356 0.036967 2.636658 1.000000
0.181889 0.119399 2.738585 1.000000
-0.229539 0.094493 2.440262 0.730769
0.116852 -0.124316 2.644697 1.000000
-0.186850 0.122926 2.388621 0.644231
0.147794 -0.183885 2.616561 0.105769
-0.208948 -0.602175 2.696969 1.000000
-0.002873 -0.607669 2.622091 1.000000
-0.192302 -1.040585 2.750662 1.000000
-0.015886 -1.024484 2.768580 0.966106
-0.207975 -1.063016 2.572375 0.000000
-0.017561 -1.084242 2.598400 0.000000
-0.105360 0.556025 2.509944 1.000000
-0.288502 0.274269 2.641447 1.000000
0.086601 0.292886 2.590539 1.000000
-0.120824 0.341677 2.490807 0.000000
-0.082776 0.155480 2.703065 0.000000
-0.324501 -0.031005 2.646362 1.000000
0.097244 -0.060550 2.586468 1.000000
-0.095537 -0.050118 2.745949 0.000000
-0.394112 0.048643 2.679055 0.892308
0.188174 0.103168 2.721554 1.000000
-0.236143 0.087333 2.463613 0.423077
0.122973 -0.103617 2.560759 1.000000
-0.221178 0.040646 2.409817 1.000000
0.137514 -0.174923 2.559466 0.105769
-0.215963 -0.584797 2.627160 1.000000
0.001664 -0.593956 2.642954 1.000000
-0.202331 -1.002038 2.772377 1.000000
-0.059423 -1.024565 2.721746 1.000000
-0.221161 -1.061552 2.603148 0.000000
-0.073745 -1.054960 2.544528 0.000000
-0.090146 0.552205 2.513522 1.000000
-0.275780 0.223513 2.690818 1.000000
0.095542 0.229447 2.615149 1.000000
-0.114088 0.306973 2.541680 0.000000
-0.075235 0.084105 2.714857 0.000000
-0.340041 -0.103479 2.654255 1.000000
0.079358 -0.079841 2.577606 0.576923
-0.106921 -0.089762 2.744667 0.000000
-0.361476 0.000711 2.773932 0.615385
0.173411 -0.009569 2.641611 1.000000
-0.334769 -0.033349 2.506588 0.000000
0.033211 -0.100307 2.428404 0.711538
-0.327122 -0.038378 2.434381 0.000000
0.023318 -0.071000 2.362519 0.375000
-0.228432 -0.635612 2.571971 1.000000
-0.000114 -0.630068 2.613462 1.000000
-0.219330 -1.008370 2.809317 0.319231
-0.019535 -1.048798 2.753649 1.000000
-0.244414 -1.104742 2.658923 0.000000
-0.035234 -1.105189 2.583036 0.000000
-0.074527 0.479169 2.513810 1.000000
-0.279902 0.224632 2.679389 1.000000
0.093656 0.214134 2.616262 1.000000
-0.110456 0.295867 2.532536 0.000000
-0.085537 0.079332 2.716007 0.000000
-0.312646 -0.111218 2.648700 0.682692
0.109884 -0.101714 2.587817 1.000000
-0.082698 -0.107356 2.747778 0.000000
-0.348513 0.010916 2.794824 0.800000
0.150778 -0.029135 2.580701 1.000000
-0.347250 -0.149253 2.576930 1.000000
-0.023545 -0.005375 2.375323 0.711538
-0.344032 -0.189817 2.516583 0.000000
-0.038078 0.038582 2.319161 0.543269
-0.224552 -0.646504 2.570357 1.000000
0.007566 -0.648492 2.638557 1.000000
-0.220236 -1.011313 2.819875 0.578606
-0.007193 -1.073571 2.758783 1.000000
-0.249051 -1.112068 2.673064 0.000000
-0.025862 -1.121797 2.585980 0.000000
-0.078482 0.478983 2.511733 1.000000
-0.286510 0.260972 2.658289 1.000000
0.089920 0.250135 2.615574 1.000000
-0.109543 0.329261 2.519106 0.000000
-0.094135 0.117162 2.708703 0.000000
-0.334158 -0.105919 2.642380 0.519231
0.090010 -0.078896 2.601386 1.000000
-0.109432 -0.093263 2.752131 0.000000
-0.364929 0.060640 2.788304 0.953846
0.149043 0.008463 2.579721 1.000000
-0.348499 -0.088506 2.564650 0.855769
-0.035433 0.071344 2.393845 1.000000
-0.339467 -0.127271 2.503713 0.000000
-0.067544 0.101883 2.336105 0.644231
-0.210550 -0.640813 2.595621 1.000000
0.007295 -0.627120 2.673913 1.000000
-0.204539 -1.033546 2.798326 0.769231
-0.005430 -1.060739 2.758629 1.000000
-0.220673 -1.116138 2.638785 0.000000
-0.017335 -1.094913 2.581921 0.000000
-0.076511 0.529384 2.523370 1.000000
-0.307924 0.280622 2.626170 1.000000
0.070539 0.280999 2.646337 1.000000
-0.112327 0.350229 2.515496 0.000000
-0.122641 0.145043 2.712885 0.000000
-0.336474 -0.067792 2.614409 1.000000
0.088802 -0.037240 2.637553 1.000000
-0.130405 -0.059920 2.756470 0.000000
-0.402026 0.073205 2.730125 0.815385
0.151186 0.044157 2.637085 1.000000
-0.316625 0.006057 2.484858 0.144231
-0.017257 -0.005992 2.434427 1.000000
-0.285793 -0.040350 2.438024 0.812500
-0.052385 0.034970 2.385583 0.139423
-0.199201 -0.602347 2.659265 1.000000
-0.004668 -0.590226 2.610908 1.000000
-0.159437 -1.040354 2.703227 1.000000
-0.008814 -1.007553 2.756458 1.000000
-0.149959 -1.057491 2.523918 0.000000
0.004832 -1.066903 2.586674 0.000000
-0.094512 0.556781 2.547361 1.000000
-0.312941 0.239098 2.629308 1.000000
0.059501 0.256993 2.697190 1.000000
-0.109491 0.325189 2.548383 0.000000
-0.132318 0.107678 2.730971 0.000000
-0.323581 -0.079622 2.583480 1.000000
0.096669 -0.076419 2.659039 0.490385
-0.136572 -0.082118 2.750000 0.000000
-0.405148 0.006961 2.628767 1.000000
0.140639 0.022246 2.670721 1.000000
-0.253524 -0.022726 2.410249 0.653846
0.034834 -0.104668 2.460198 0.817308
-0.232875 0.008461 2.347810 0.745192
0.041492 -0.172509 2.434688 0.442308
-0.207223 -0.621635 2.655432 1.000000
0.004172 -0.608203 2.533534 1.000000
-0.168967 -1.051431 2.751221 1.000000
-0.017976 -0.982134 2.768159 0.650481
-0.141256 -1.087849 2.576748 0.000000
0.011049 -1.077983 2.618141 0.000000
-0.120603 0.515797 2.554142 1.000000
-0.315580 0.205457 2.648167 1.000000
0.060728 0.221333 2.690371 1.000000
-0.117534 0.289096 2.552592 0.000000
-0.129345 0.073852 2.738874 0.000000
-0.341543 -0.134023 2.612354 1.000000
0.079703 -0.087044 2.664057 1.000000
-0.146109 -0.117196 2.768014 0.000000
-0.382932 -0.020212 2.562159 1.000000
0.139433 0.002753 2.784649 1.000000
-0.216657 0.092803 2.383998 1.000000
0.104151 -0.189888 2.600786 1.000000
-0.173874 0.132353 2.340375 1.000000
0.073690 -0.254405 2.586390 0.375000
-0.220647 -0.664184 2.646104 1.000000
-0.003340 -0.619677 2.505672 1.000000
-0.190567 -1.086902 2.771677 1.000000
0.039787 -0.954492 2.790984 0.472356
-0.176662 -1.137203 2.599017 0.000000
0.047817 -1.070766 2.653322 0.000000
-0.130665 0.478690 2.549845 1.000000
-0.315168 0.234824 2.632689 1.000000
0.062601 0.247562 2.660421 1.000000
-0.119269 0.303894 2.522211 0.000000
-0.128030 0.109876 2.730659 0.000000
-0.335525 -0.104879 2.628745 1.000000
0.090159 -0.090777 2.659127 0.798077
-0.131624 -0.108305 2.774073 0.000000
-0.386067 0.002133 2.574829 1.000000
0.154579 0.048631 2.780779 1.000000
-0.192545 0.117800 2.430121 1.000000
0.114214 -0.154882 2.611300 1.000000
-0.152258 0.148251 2.377706 0.677885
0.091227 -0.214541 2.576514 0.593750
-0.211519 -0.643556 2.683733 1.000000
-0.004627 -0.627019 2.545732 1.000000
-0.189842 -1.075798 2.773514 1.000000
0.036350 -0.990445 2.793940 0.425481
-0.178329 -1.111853 2.597155 0.000000
0.044293 -1.091463 2.644717 0.000000
-0.127119 0.523981 2.548625 1.000000
-0.297780 0.272222 2.629831 1.000000
0.080622 0.285898 2.646132 1.000000
-0.105374 0.339879 2.512551 0.000000
-0.107588 0.149030 2.724074 0.000000
-0.317865 -0.071518 2.608897 1.000000
0.107241 -0.072128 2.649061 0.980769
-0.117622 -0.075792 2.759202 0.000000
-0.394345 0.042238 2.626697 1.000000
0.164138 0.085324 2.768699 1.000000
-0.194128 0.079274 2.453561 1.000000
0.111398 -0.064340 2.553633 0.557692
-0.146218 0.081750 2.398825 0.644231
0.152251 -0.095462 2.502057 0.021635
-0.212083 -0.612297 2.686543 1.000000
-0.005794 -0.615633 2.606152 1.000000
-0.192448 -1.044713 2.775958 1.000000
-0.026348 -1.048251 2.694377 0.856731
-0.178201 -1.080504 2.599744 0.000000
-0.005748 -1.084996 2.518990 0.000000
-0.105841 0.561018 2.543512 1.000000
-0.285359 0.277995 2.648552 1.000000
0.093214 0.288754 2.634141 1.000000
-0.102543 0.341557 2.514796 0.000000
-0.089060 0.155149 2.729833 0.000000
-0.314334 -0.070093 2.641852 1.000000
0.111261 -0.044369 2.618691 1.000000
-0.093978 -0.064862 2.760693 0.000000
-0.382568 0.046115 2.663681 1.000000
0.189834 0.081422 2.739615 1.000000
-0.236963 -0.058518 2.461975 0.913462
0.090457 -0.005987 2.504417 0.173077
-0.192029 -0.023894 2.416371 0.543269
0.032417 -0.015638 2.461570 0.375000
-0.211631 -0.606235 2.652078 1.000000
-0.011046 -0.596448 2.654969 1.000000
-0.199660 -1.029932 2.777386 1.000000
-0.072247 -1.034170 2.659174 1.000000
-0.215878 -1.081301 2.605242 0.000000
-0.084105 -1.034241 2.479190 0.000000
-0.094549 0.558380 2.556134 1.000000
-0.271661 0.231868 2.695236 1.000000
0.105333 0.236817 2.656605 1.000000
-0.095557 0.319009 2.565829 0.000000
-0.075344 0.089700 2.733696 0.000000
-0.302894 -0.090240 2.662529 0.788462
0.121941 -0.079758 2.620883 1.000000
-0.077585 -0.090573 2.771813 0.000000
-0.359956 -0.005208 2.700423 1.000000
0.176474 -0.004615 2.630584 1.000000
-0.280254 -0.171406 2.501608 0.903846
0.003114 0.022204 2.423875 1.000000
-0.312492 -0.227320 2.467963 0.661058
-0.021576 0.055410 2.363997 0.543269
-0.211719 -0.628593 2.609605 1.000000
-0.008052 -0.628207 2.642067 1.000000
-0.198955 -1.045052 2.757129 1.000000
-0.045212 -1.062766 2.713773 1.000000
-0.226730 -1.105317 2.589404 0.000000
-0.064381 -1.090369 2.536556 0.000000
-0.059705 0.493830 2.555969 1.000000
-0.271827 0.228561 2.686834 1.000000
0.106323 0.220250 2.662868 1.000000
-0.088472 0.300564 2.558192 0.000000
-0.081456 0.084532 2.743803 0.000000
-0.302025 -0.099526 2.653594 0.932692
0.124431 -0.100697 2.632084 1.000000
-0.082221 -0.104537 2.773462 0.000000
-0.350226 -0.008029 2.737799 1.000000
0.160486 -0.023822 2.615820 1.000000
-0.321820 -0.194883 2.541400 1.000000
0.005227 0.034361 2.399479 1.000000
-0.336827 -0.265658 2.533445 0.257212
-0.022185 0.073411 2.344513 0.846154
-0.203352 -0.643869 2.632109 1.000000
0.001248 -0.645693 2.642742 1.000000
-0.186782 -1.073139 2.736114 1.000000
-0.038447 -1.080173 2.713558 1.000000
-0.203277 -1.116035 2.561692 0.000000
-0.043436 -1.108734 2.535529 0.000000
-0.057127 0.491717 2.557980 1.000000
-0.268908 0.242800 2.682667 1.000000
0.109635 0.232580 2.667117 1.000000
-0.082459 0.312321 2.557145 0.000000
-0.080480 0.098737 2.745687 0.000000
-0.310117 -0.113313 2.658678 0.663462
0.116378 -0.096580 2.646391 1.000000
-0.092691 -0.115720 2.782887 0.000000
-0.357735 0.010049 2.736002 1.000000
0.184307 -0.010029 2.645377 1.000000
-0.323272 -0.179976 2.543092 0.942308
0.026410 -0.008721 2.422715 0.730769
-0.285753 -0.242280 2.540238 0.728365
-0.009624 0.004005 2.360770 0.408654
-0.198225 -0.652401 2.680661 1.000000
-0.006160 -0.646256 2.674164 1.000000
-0.179070 -1.088944 2.747203 1.000000
-0.048171 -1.083789 2.720690 1.000000
-0.186549 -1.116422 2.569090 0.000000
-0.052833 -1.102412 2.541339 0.000000
-0.071798 0.516002 2.572171 1.000000
-0.277514 0.240809 2.693194 1.000000
0.101004 0.241739 2.674105 1.000000
-0.094273 0.319094 2.568108 0.000000
-0.084540 0.100407 2.750458 0.000000
-0.311706 -0.108138 2.645327 0.317308
0.113461 -0.071009 2.631808 1.000000
-0.094317 -0.097068 2.769128 0.000000
-0.369963 0.005696 2.731778 1.000000
0.194531 0.004156 2.663111 1.000000
-0.326047 -0.190309 2.545685 0.961538
0.030094 -0.081562 2.461640 0.942308
-0.280201 -0.246685 2.541492 1.000000
-0.005477 -0.081496 2.398140 0.576923
-0.203262 -0.637536 2.699029 1.000000
-0.011775 -0.625906 2.670341 1.000000
-0.183542 -1.074417 2.763136 1.000000
-0.049798 -1.062242 2.729754 1.000000
-0.189625 -1.100858 2.584813 0.000000
-0.067442 -1.084950 2.551686 0.000000
-0.078042 0.516359 2.578732 1.000000
-0.285355 0.240812 2.702795 1.000000
0.093239 0.237890 2.685500 1.000000
-0.100600 0.320690 2.580987 0.000000
-0.094304 0.096497 2.756679 0.000000
-0.308502 -0.103107 2.634626 0.326923
0.117004 -0.068867 2.624552 1.000000
-0.092050 -0.093530 2.760183 0.000000
-0.374267 0.001312 2.723592 1.000000
0.190030 0.001116 2.669137 1.000000
-0.315843 -0.215290 2.565196 1.000000
0.073613 -0.164781 2.483814 1.000000
-0.298702 -0.285659 2.557989 0.762019
0.004938 -0.187342 2.475307 0.644231
-0.204456 -0.629878 2.710803 1.000000
-0.011769 -0.622552 2.666530 1.000000
-0.190612 -1.068405 2.764341 1.000000
-0.049054 -1.058396 2.729890 1.000000
-0.193796 -1.090359 2.585335 0.000000
-0.064586 -1.082946 2.551870 0.000000
-0.087291 0.512388 2.585875 1.000000
