-0.359661 0.402806 2.605329 1.000000
-0.007631 0.404520 2.559535 1.000000
-0.201793 0.451501 2.444723 0.019231
-0.170444 0.270885 2.678949 0.000000
-0.379824 0.027716 2.591674 0.480769
0.017429 0.031105 2.518229 0.923077
-0.158195 0.033110 2.679537 0.000000
-0.434669 0.133837 2.628563 1.000000
0.067988 0.136398 2.589577 1.000000
-0.420133 -0.155893 2.601271 1.000000
0.076911 -0.154051 2.611018 1.000000
-0.405281 -0.219155 2.582523 1.000000
0.062065 -0.219058 2.622321 1.000000
-0.259146 -0.505562 2.613185 1.000000
-0.054216 -0.502077 2.580401 1.000000
-0.245593 -0.924484 2.699818 1.000000
-0.044186 -0.926576 2.634108 1.000000
-0.274826 -0.957608 2.544219 0.000000
-0.071370 -0.947221 2.476001 0.000000
-0.176604 0.696602 2.456977 1.000000
-0.369998 0.399262 2.592134 1.000000
-0.016006 0.409275 2.567349 1.000000
-0.204029 0.448248 2.440007 0.000000
-0.182286 0.274274 2.680271 0.000000
-0.383728 0.024788 2.578508 0.730769
0.017750 0.035409 2.534705 0.980769
-0.169324 0.033097 2.682578 0.000000
-0.438684 0.127514 2.633033 1.000000
0.060264 0.139214 2.605917 1.000000
-0.449145 -0.166858 2.631148 1.000000
0.073069 -0.154886 2.616384 1.000000
-0.443170 -0.228327 2.658715 0.846154
0.055291 -0.220130 2.617451 1.000000
-0.259575 -0.505598 2.616036 1.000000
-0.059464 -0.500351 2.589336 1.000000
-0.242469 -0.925024 2.699543 1.000000
-0.039808 -0.924363 2.644212 1.000000
-0.259885 -0.957107 2.541966 0.000000
-0.055705 -0.945748 2.484671 0.000000
-0.180772 0.699946 2.460282 1.000000
-0.373110 0.402641 2.590808 1.000000
-0.018600 0.409494 2.573462 1.000000
-0.203565 0.453673 2.443369 0.000000
-0.188527 0.273471 2.679522 0.000000
-0.377854 0.041239 2.560732 0.653846
0.025762 0.029403 2.547686 1.000000
-0.171883 0.037697 2.680864 0.000000
-0.445584 0.130297 2.637001 1.000000
0.063349 0.137966 2.606854 1.000000
-0.469792 -0.165690 2.638322 1.000000
0.079350 -0.158266 2.620509 1.000000
-0.455628 -0.231821 2.638036 0.879808
0.058870 -0.222508 2.615250 1.000000
-0.259067 -0.495877 2.607702 1.000000
-0.057708 -0.499656 2.591779 1.000000
-0.254577 -0.909131 2.718991 1.000000
-0.038540 -0.923859 2.645339 1.000000
-0.258866 -0.951220 2.562872 0.000000
-0.042869 -0.944306 2.484945 0.000000
-0.192628 0.699837 2.460150 1.000000
-0.375052 0.404031 2.591293 1.000000
-0.020904 0.409756 2.567383 1.000000
-0.208120 0.452184 2.439955 0.000000
-0.189147 0.275931 2.678789 0.000000
-0.385188 0.023281 2.567539 1.000000
0.017481 0.040555 2.539691 0.990385
-0.175240 0.034917 2.680032 0.000000
-0.453154 0.130651 2.636317 1.000000
0.059048 0.135406 2.602070 1.000000
-0.478964 -0.167473 2.628282 1.000000
0.072231 -0.163636 2.605042 1.000000
-0.459452 -0.232229 2.628515 0.879808
0.050524 -0.227685 2.605761 1.000000
-0.259651 -0.504952 2.610778 1.000000
-0.059868 -0.496733 2.595448 1.000000
-0.242115 -0.923327 2.699314 1.000000
-0.039560 -0.921317 2.645449 1.000000
-0.253075 -0.957178 2.541526 0.000000
-0.049355 -0.940662 2.485159 0.000000
-0.194981 0.698536 2.451191 1.000000
-0.378590 0.402575 2.591014 1.000000
-0.024386 0.407204 2.567719 1.000000
-0.211250 0.449929 2.439875 0.009615
-0.193220 0.274102 2.679096 0.000000
-0.387202 0.020161 2.568596 0.932692
0.015200 0.042297 2.540342 0.990385
-0.177331 0.034941 2.680864 0.000000
-0.454926 0.126071 2.628571 1.000000
0.057609 0.130999 2.593787 1.000000
-0.470864 -0.170442 2.580303 1.000000
0.066965 -0.169167 2.575974 1.000000
-0.454965 -0.235894 2.574190 0.610577
0.047437 -0.233140 2.585981 0.947115
-0.261354 -0.506534 2.611960 1.000000
-0.060879 -0.496475 2.595492 1.000000
-0.243967 -0.925142 2.699424 1.000000
-0.037278 -0.920159 2.651344 1.000000
-0.254968 -0.958584 2.541552 0.000000
-0.046853 -0.941785 2.491332 0.000000
-0.199527 0.697808 2.452503 1.000000
-0.373652 0.398889 2.589467 1.000000
-0.019628 0.412486 2.566940 1.000000
-0.207245 0.450892 2.438827 0.000000
-0.185292 0.274846 2.677559 0.000000
-0.389760 0.023131 2.574812 1.000000
0.011442 0.041093 2.530874 0.846154
-0.175556 0.036341 2.678786 0.000000
-0.456734 0.122657 2.617947 1.000000
0.056716 0.133588 2.587070 1.000000
-0.457034 -0.170899 2.549521 1.000000
0.064840 -0.167183 2.568967 1.000000
-0.432923 -0.233972 2.545718 0.593750
0.041436 -0.230636 2.569131 1.000000
-0.260346 -0.505084 2.611259 1.000000
-0.060587 -0.495734 2.594036 1.000000
-0.246219 -0.923940 2.698117 1.000000
-0.038131 -0.919563 2.649250 1.000000
-0.263043 -0.957149 2.540709 0.000000
-0.053996 -0.941184 2.489739 0.000000
-0.194729 0.697946 2.451833 1.000000
-0.376352 0.403532 2.590034 1.000000
-0.022618 0.410279 2.560851 1.000000
-0.211848 0.450156 2.435591 0.000000
-0.188669 0.277415 2.676611 0.000000
-0.393306 0.025319 2.583861 1.000000
0.005890 0.041707 2.523941 0.807692
-0.175093 0.038160 2.679186 0.000000
-0.455240 0.125992 2.615904 1.000000
0.058415 0.133180 2.584740 1.000000
-0.435757 -0.162204 2.530379 1.000000
0.061009 -0.166550 2.554642 1.000000
-0.419603 -0.213506 2.489377 0.509615
0.040217 -0.230775 2.550529 1.000000
-0.259915 -0.503661 2.611828 1.000000
-0.062930 -0.494606 2.589543 1.000000
-0.246023 -0.922752 2.697584 1.000000
-0.040118 -0.917132 2.653857 1.000000
-0.268804 -0.955579 2.540847 0.000000
-0.061668 -0.942391 2.495551 0.000000
-0.203242 0.701595 2.453030 1.000000
-0.372315 0.403514 2.594835 1.000000
-0.019184 0.408360 2.558780 1.000000
-0.210534 0.452481 2.438255 0.000000
-0.183940 0.274080 2.674756 0.000000
-0.389172 0.027354 2.581001 0.721154
0.010798 0.039114 2.525306 0.673077
-0.171834 0.037322 2.678639 0.000000
-0.454416 0.127304 2.622399 1.000000
0.059857 0.130894 2.582380 1.000000
-0.414803 -0.141286 2.492387 1.000000
0.058959 -0.166461 2.535559 1.000000
-0.380736 -0.194023 2.467243 0.341346
0.029970 -0.225743 2.520752 0.980769
-0.260037 -0.503270 2.608529 1.000000
-0.061981 -0.495855 2.592285 1.000000
-0.244930 -0.920557 2.702485 1.000000
-0.038366 -0.920548 2.639847 1.000000
-0.266407 -0.956512 2.546251 0.000000
-0.059579 -0.939559 2.480625 0.000000
-0.198707 0.697666 2.449315 1.000000
-0.373050 0.405093 2.591443 1.000000
-0.019985 0.408625 2.554597 1.000000
-0.211553 0.448483 2.432937 0.000000
-0.184535 0.278541 2.675542 0.000000
-0.389175 0.027934 2.579820 0.807692
0.011135 0.039011 2.526479 0.730769
-0.172435 0.038684 2.678698 0.000000
-0.452765 0.128406 2.617518 1.000000
0.063101 0.133247 2.583821 1.000000
-0.404426 -0.134914 2.480696 1.000000
0.052847 -0.158088 2.510248 1.000000
-0.353542 -0.179450 2.479526 0.509615
0.022895 -0.214221 2.487312 1.000000
-0.257835 -0.502540 2.611889 1.000000
-0.058754 -0.495493 2.592386 1.000000
-0.244317 -0.920291 2.704005 1.000000
-0.034058 -0.920547 2.636019 1.000000
-0.264652 -0.955472 2.547442 0.000000
-0.054428 -0.938103 2.476521 0.000000
-0.194043 0.703310 2.453845 1.000000
-0.370911 0.403551 2.589870 1.000000
-0.017776 0.408532 2.553873 1.000000
-0.209185 0.449309 2.432267 0.000000
-0.182222 0.276531 2.672866 0.000000
-0.383165 0.028263 2.580382 0.451923
0.017209 0.040093 2.527689 0.788462
-0.166637 0.040296 2.679575 0.000000
-0.453910 0.129401 2.623933 1.000000
0.072259 0.135903 2.581691 1.000000
-0.384978 -0.122210 2.475877 1.000000
0.047216 -0.144545 2.478241 1.000000
-0.345596 -0.177166 2.474168 0.492788
0.018135 -0.203498 2.462339 0.728365
-0.258197 -0.502163 2.611279 1.000000
-0.054054 -0.495643 2.583539 1.000000
-0.244345 -0.919504 2.705187 1.000000
-0.036922 -0.920673 2.630869 1.000000
-0.265052 -0.955374 2.548829 0.000000
-0.056218 -0.939215 2.471348 0.000000
-0.191749 0.700050 2.449193 1.000000
-0.364943 0.399351 2.592921 1.000000
-0.013611 0.409407 2.543021 1.000000
-0.210243 0.446931 2.428933 0.019231
-0.171266 0.275418 2.668790 0.000000
-0.371663 0.028744 2.590881 0.375000
0.026269 0.035787 2.521482 0.788462
-0.151123 0.040993 2.680772 0.000000
-0.444195 0.127971 2.634753 1.000000
0.083528 0.142447 2.574232 1.000000
-0.362737 -0.111763 2.479131 1.000000
0.039079 -0.107884 2.420333 1.000000
-0.360826 -0.164030 2.436252 0.173077
0.007053 -0.155798 2.384941 0.644231
-0.255394 -0.503479 2.611197 1.000000
-0.047561 -0.499611 2.563347 1.000000
-0.242712 -0.921901 2.700340 1.000000
-0.036469 -0.923322 2.622762 1.000000
-0.270847 -0.955906 2.544728 0.000000
-0.060400 -0.946150 2.464429 0.000000
-0.186674 0.695925 2.440021 1.000000
-0.348274 0.399767 2.595068 1.000000
0.000844 0.407763 2.531210 1.000000
-0.200008 0.444687 2.424518 0.004808
-0.152199 0.275982 2.664768 0.000000
-0.363952 0.030610 2.586642 0.221154
0.034314 0.032333 2.518838 0.788462
-0.143646 0.040902 2.677348 0.000000
-0.433159 0.135644 2.655383 1.000000
0.096958 0.141848 2.556825 1.000000
-0.374175 -0.113123 2.507731 1.000000
0.035300 -0.076109 2.367462 1.000000
-0.316284 -0.146217 2.519025 0.475962
-0.004897 -0.081951 2.313387 1.000000
-0.250084 -0.503466 2.603077 1.000000
-0.045534 -0.501851 2.560549 1.000000
-0.236576 -0.924181 2.680541 1.000000
-0.037164 -0.925530 2.620632 1.000000
-0.264433 -0.953898 2.524004 0.000000
-0.060746 -0.948455 2.462261 0.000000
-0.174260 0.692398 2.429791 1.000000
-0.333882 0.391600 2.596797 1.000000
0.012438 0.407500 2.520411 1.000000
-0.192828 0.443810 2.422252 0.000000
-0.133324 0.269412 2.655729 0.000000
-0.345396 0.034103 2.596227 0.125000
0.049293 0.021700 2.510890 1.000000
-0.121045 0.038251 2.676960 0.000000
-0.406358 0.130323 2.674393 1.000000
0.109701 0.143132 2.506659 1.000000
-0.374569 -0.145835 2.580907 1.000000
0.019487 -0.034112 2.291115 1.000000
-0.369899 -0.210213 2.560715 0.055288
-0.021192 -0.013807 2.241045 1.000000
-0.238587 -0.503115 2.547554 1.000000
-0.036310 -0.508491 2.554941 1.000000
-0.232303 -0.919612 2.645918 1.000000
-0.031124 -0.932188 2.615258 1.000000
-0.263875 -0.956525 2.491634 0.000000
-0.061677 -0.954940 2.458057 0.000000
-0.163027 0.686867 2.427605 1.000000
-0.319182 0.365069 2.614534 1.000000
0.021907 0.372753 2.516433 1.000000
-0.187813 0.419485 2.433237 0.000000
-0.119644 0.234256 2.655745 0.000000
-0.325328 0.001410 2.613034 0.076923
0.059355 0.012028 2.490063 1.000000
-0.094773 0.016875 2.671969 0.000000
-0.379662 0.114692 2.722633 1.000000
0.120499 0.126737 2.428186 1.000000
-0.360195 -0.174253 2.699950 1.000000
-0.017118 0.087629 2.175371 1.000000
-0.355562 -0.241507 2.694518 0.000000
-0.046508 0.130696 2.132296 0.980769
-0.243308 -0.497669 2.427970 1.000000
-0.020617 -0.524437 2.509179 1.000000
-0.244785 -0.904812 2.559942 0.756731
-0.024475 -0.944682 2.590195 1.000000
-0.281044 -0.953299 2.409951 0.000000
-0.063993 -0.974023 2.436116 0.000000
-0.150274 0.643111 2.415604 1.000000
-0.306172 0.356826 2.605643 1.000000
0.035598 0.359049 2.509656 1.000000
-0.173365 0.403015 2.423114 0.009615
-0.107453 0.227117 2.653727 0.000000
-0.320956 -0.004213 2.593826 0.067308
0.069349 -0.002451 2.489542 1.000000
-0.093213 0.005907 2.663819 0.000000
-0.376263 0.127928 2.751253 1.000000
0.126376 0.131996 2.372850 1.000000
-0.360670 -0.160048 2.792806 1.000000
-0.044567 0.183770 2.142638 1.000000
-0.357131 -0.226822 2.802946 0.000000
-0.065934 0.245205 2.124111 1.000000
-0.241904 -0.493587 2.386943 1.000000
-0.015334 -0.536068 2.498915 1.000000
-0.240359 -0.883776 2.562826 0.675481
-0.026561 -0.955891 2.581417 1.000000
-0.267366 -0.949402 2.417475 0.000000
-0.057414 -0.985714 2.425463 0.000000
-0.149417 0.634345 2.407525 1.000000
-0.294454 0.373740 2.581780 1.000000
0.046645 0.374425 2.483414 1.000000
-0.163434 0.410117 2.395774 0.009615
-0.093696 0.249930 2.636488 0.000000
-0.322857 0.008551 2.585972 0.173077
0.065367 -0.011376 2.475969 1.000000
-0.093839 0.008078 2.652445 0.000000
-0.377019 0.174926 2.761585 0.907692
0.103554 0.138278 2.343165 1.000000
-0.356720 -0.108333 2.828145 1.000000
-0.057510 0.265886 2.136158 1.000000
-0.351968 -0.173920 2.843950 0.000000
-0.081239 0.328357 2.125743 1.000000
-0.241696 -0.489440 2.382150 1.000000
-0.020363 -0.539364 2.528471 1.000000
-0.257153 -0.867549 2.582096 0.612981
-0.024371 -0.961329 2.599983 1.000000
-0.275491 -0.942088 2.439721 0.000000
-0.063424 -0.987195 2.445164 0.000000
-0.143584 0.667516 2.404925 1.000000
-0.318734 0.439486 2.558049 1.000000
0.024145 0.430080 2.466560 1.000000
-0.183454 0.466588 2.373515 0.004808
-0.121564 0.313921 2.621162 0.000000
-0.344035 0.061607 2.568071 0.153846
0.050102 0.042956 2.481328 1.000000
-0.119322 0.063600 2.647875 0.000000
-0.389936 0.237499 2.737304 1.000000
0.106914 0.180244 2.373116 1.000000
-0.384475 -0.051391 2.707941 1.000000
-0.067837 0.253067 2.152869 1.000000
-0.382994 -0.118612 2.700649 0.000000
-0.093092 0.309862 2.126214 1.000000
-0.234804 -0.461374 2.435427 1.000000
-0.032043 -0.484080 2.547464 1.000000
-0.243242 -0.869628 2.563650 1.000000
-0.034743 -0.906519 2.616182 1.000000
-0.260525 -0.917493 2.410114 0.000000
-0.066179 -0.931798 2.459543 0.000000
-0.158149 0.734169 2.393107 1.000000
-0.340515 0.435144 2.563781 1.000000
0.001037 0.429485 2.467160 1.000000
-0.208094 0.466639 2.377875 0.009615
-0.141771 0.309481 2.621534 0.000000
-0.359196 0.057083 2.571696 0.115385
0.031932 0.069493 2.471294 1.000000
-0.132329 0.069206 2.644172 0.000000
-0.420582 0.214909 2.712424 1.000000
0.116462 0.178939 2.436952 1.000000
-0.396842 -0.036050 2.571951 1.000000
-0.047136 0.127302 2.204904 1.000000
-0.357890 -0.045721 2.517515 0.526442
-0.078959 0.169082 2.162292 0.947115
-0.243534 -0.469982 2.486231 1.000000
-0.028061 -0.465163 2.473539 1.000000
-0.235607 -0.888501 2.575469 1.000000
-0.028997 -0.870734 2.610270 0.887981
-0.271631 -0.922037 2.421389 0.000000
-0.045986 -0.922086 2.457832 0.000000
-0.167617 0.731066 2.397322 1.000000
-0.356026 0.399161 2.570203 1.000000
-0.008019 0.396432 2.500144 1.000000
-0.208669 0.450729 2.400750 0.000000
-0.164805 0.261516 2.626008 0.000000
-0.373854 0.013798 2.563615 0.759615
0.018644 0.070993 2.486869 0.653846
-0.153232 0.042033 2.649622 0.000000
-0.448938 0.147535 2.636602 1.000000
0.100827 0.142694 2.511395 1.000000
-0.401610 -0.037657 2.422042 1.000000
0.016350 -0.042800 2.308842 1.000000
-0.361348 -0.091047 2.432168 0.526442
-0.044913 -0.043467 2.280200 0.879808
-0.250730 -0.502577 2.508810 1.000000
-0.043052 -0.464278 2.399295 1.000000
-0.226027 -0.921007 2.595357 1.000000
-0.029465 -0.851118 2.581927 0.228606
-0.259557 -0.954954 2.440805 0.000000
-0.032253 -0.920243 2.435718 0.000000
-0.177752 0.684834 2.406364 1.000000
-0.360336 0.366861 2.551485 1.000000
-0.006866 0.372279 2.519004 1.000000
-0.196912 0.424088 2.399479 0.000000
-0.173200 0.232234 2.625525 0.000000
-0.381351 0.008139 2.535526 0.846154
0.021280 0.020843 2.504813 0.951923
-0.170279 0.010650 2.646481 0.000000
-0.464475 0.129518 2.467060 1.000000
0.091725 0.147684 2.637918 1.000000
-0.306532 0.061441 2.241736 1.000000
0.057718 -0.105267 2.514585 1.000000
-0.283527 0.104465 2.194899 0.576923
0.018637 -0.159450 2.504057 0.593750
-0.261393 -0.524027 2.521191 1.000000
-0.069962 -0.485948 2.352123 1.000000
-0.235687 -0.946195 2.586749 1.000000
-0.014482 -0.772540 2.665126 0.000000
-0.249802 -0.971759 2.427657 0.000000
-0.011521 -0.891555 2.555629 0.000000
-0.184510 0.652129 2.397349 1.000000
-0.353242 0.404293 2.524533 1.000000
0.001496 0.410768 2.512523 1.000000
-0.181418 0.451444 2.378448 0.000000
-0.170082 0.277559 2.619492 0.000000
-0.377119 0.024200 2.528184 0.980769
0.025419 0.041716 2.498654 0.538462
-0.166731 0.036440 2.639789 0.000000
-0.456355 0.175995 2.425898 1.000000
0.102812 0.217780 2.670547 1.000000
-0.254164 0.199985 2.233742 1.000000
0.055634 -0.035283 2.560486 1.000000
-0.218238 0.256239 2.222843 0.274038
0.029548 -0.091289 2.532974 0.307692
-0.257891 -0.505591 2.549901 1.000000
-0.074743 -0.466678 2.351512 1.000000
-0.254098 -0.929550 2.608454 1.000000
-0.016294 -0.762956 2.654806 0.144231
-0.265971 -0.951724 2.448672 0.000000
-0.018527 -0.878865 2.542008 0.000000
-0.173786 0.701406 2.394205 1.000000
-0.346847 0.442909 2.507818 1.000000
0.007784 0.456412 2.498874 1.000000
-0.174466 0.484833 2.360797 0.009615
-0.162089 0.326235 2.612114 0.000000
-0.369781 0.059187 2.520814 1.000000
0.032513 0.082570 2.492031 0.750000
-0.160159 0.080307 2.632533 0.000000
-0.457223 0.203447 2.469139 1.000000
0.105711 0.263398 2.654363 1.000000
-0.256932 0.231313 2.279642 1.000000
0.062901 0.033460 2.505711 1.000000
-0.225595 0.279156 2.243544 0.543269
0.043580 -0.030024 2.518770 0.459135
-0.257625 -0.468621 2.532734 1.000000
-0.064043 -0.444631 2.401703 1.000000
-0.263230 -0.889504 2.610259 1.000000
-0.032112 -0.791628 2.650215 0.741106
-0.275719 -0.918556 2.451630 0.000000
-0.034514 -0.885944 2.518831 0.326923
-0.153345 0.749078 2.387594 1.000000
-0.332244 0.436550 2.521194 1.000000
0.021997 0.444513 2.499413 1.000000
-0.164709 0.484008 2.370305 0.000000
-0.145991 0.310885 2.611438 0.000000
-0.350359 0.078099 2.496104 0.836538
0.053584 0.073276 2.491340 1.000000
-0.146812 0.082619 2.620268 0.000000
-0.449045 0.203708 2.560957 1.000000
0.127074 0.211249 2.562546 1.000000
-0.300829 0.082475 2.364934 1.000000
0.079928 0.030844 2.361743 1.000000
-0.266382 0.112865 2.315296 0.307692
0.044320 0.035518 2.304434 0.610577
-0.252295 -0.447778 2.410510 1.000000
-0.033177 -0.459090 2.519136 1.000000
-0.276935 -0.846292 2.564665 0.659856
-0.036566 -0.885497 2.555879 1.000000
-0.281258 -0.904394 2.413772 0.000000
-0.036364 -0.899385 2.394727 0.000000
-0.154135 0.733553 2.389961 1.000000
-0.331590 0.385587 2.558755 1.000000
0.019926 0.399666 2.511182 1.000000
-0.176097 0.455938 2.403962 0.004808
-0.139262 0.249720 2.615112 0.000000
-0.341848 0.044981 2.530523 0.711538
0.057333 0.023401 2.472166 1.000000
-0.123958 0.033529 2.626760 0.000000
-0.427608 0.150233 2.632566 1.000000
0.129297 0.164751 2.457219 1.000000
-0.346516 -0.038946 2.449818 1.000000
0.036926 0.085005 2.210502 1.000000
-0.332062 -0.104650 2.456753 0.593750
0.005447 0.119769 2.161772 1.000000
-0.240663 -0.468277 2.363240 1.000000
-0.043904 -0.503954 2.528886 1.000000
-0.274121 -0.849558 2.554785 0.622356
-0.044582 -0.927747 2.588751 1.000000
-0.278310 -0.921851 2.410151 0.000000
-0.067301 -0.950111 2.430174 0.000000
-0.154992 0.670344 2.399274 1.000000
-0.335170 0.359327 2.547852 1.000000
0.017951 0.368144 2.512455 1.000000
-0.173582 0.416897 2.394024 0.000000
-0.146041 0.227328 2.621558 0.000000
-0.351127 0.003066 2.523078 0.365385
0.051517 0.008315 2.490424 0.855769
-0.139521 0.002439 2.633038 0.000000
-0.435095 0.148842 2.678134 1.000000
0.127911 0.150460 2.403900 1.000000
-0.376415 -0.062520 2.508001 1.000000
-0.012896 0.197207 2.169272 1.000000
-0.353477 -0.126089 2.505376 0.324519
-0.035455 0.256813 2.146636 1.000000
-0.221522 -0.494957 2.342149 1.000000
-0.039944 -0.528301 2.512589 1.000000
-0.295281 -0.848313 2.572114 0.262981
-0.050198 -0.949883 2.585714 1.000000
-0.281445 -0.938237 2.438378 0.000000
-0.058873 -0.977282 2.426538 0.000000
-0.149067 0.646645 2.394304 1.000000
-0.319585 0.417968 2.498568 1.000000
0.034053 0.387555 2.504907 1.000000
-0.136812 0.442550 2.360446 0.024038
-0.155529 0.276150 2.606266 0.000000
-0.354513 0.037009 2.470206 0.788462
0.047471 0.008080 2.498279 0.980769
-0.162124 0.025679 2.610657 0.000000
-0.436630 0.218718 2.636786 1.000000
0.105786 0.141734 2.421653 1.000000
-0.382016 0.012651 2.455237 1.000000
-0.028308 0.219285 2.188392 1.000000
-0.377643 -0.053734 2.467396 0.526442
-0.045935 0.282701 2.172845 0.711538
-0.229947 -0.493167 2.377036 1.000000
-0.063478 -0.517506 2.524972 1.000000
-0.276739 -0.878745 2.556826 0.931731
-0.051438 -0.935899 2.614338 1.000000
-0.255629 -0.948614 2.412480 0.000000
-0.039983 -0.969286 2.456487 0.000000
-0.155939 0.700247 2.382567 1.000000
-0.348949 0.437362 2.492291 1.000000
0.005448 0.417203 2.496953 1.000000
-0.167563 0.468290 2.353616 0.014423
-0.180378 0.299570 2.598231 0.000000
-0.376737 0.057411 2.464800 0.875000
0.025994 0.037415 2.489780 0.980769
-0.182874 0.054144 2.603635 0.000000
-0.459996 0.208363 2.571464 1.000000
0.104948 0.170039 2.503994 1.000000
-0.355856 0.051920 2.367742 1.000000
-0.002097 0.076282 2.266143 1.000000
-0.323945 0.073835 2.312284 0.677885
-0.025873 0.112120 2.213947 0.879808
-0.258854 -0.479127 2.417396 1.000000
-0.056377 -0.489225 2.470835 1.000000
-0.267622 -0.885381 2.551801 1.000000
-0.051432 -0.898022 2.597504 1.000000
-0.256343 -0.936282 2.398684 0.000000
-0.032385 -0.945352 2.444011 0.000000
-0.162235 0.723964 2.373700 1.000000
-0.366740 0.415502 2.481112 1.000000
-0.014386 0.407701 2.523669 1.000000
-0.172981 0.464707 2.366550 0.000000
-0.204602 0.275225 2.593627 0.000000
-0.389634 0.048975 2.455233 1.000000
0.012276 0.050678 2.496243 0.413462
-0.201552 0.058021 2.601562 0.000000
-0.476092 0.174599 2.471611 1.000000
0.072725 0.161223 2.565407 1.000000
-0.316674 0.101115 2.259545 1.000000
0.021659 -0.025403 2.369576 1.000000
-0.290159 0.138885 2.210103 0.980769
0.017623 -0.092903 2.370841 0.375000
-0.295249 -0.484573 2.455066 1.000000
-0.059452 -0.469742 2.392276 1.000000
-0.278204 -0.901792 2.548992 1.000000
-0.051046 -0.871054 2.540812 0.644231
-0.270659 -0.936985 2.391297 0.000000
-0.025928 -0.926055 2.390788 0.000000
-0.177712 0.697070 2.377159 1.000000
-0.374627 0.358200 2.475764 1.000000
-0.023665 0.358502 2.529151 1.000000
-0.178165 0.403591 2.364273 0.086538
-0.214055 0.227412 2.601212 0.000000
-0.392822 0.010344 2.444939 1.000000
0.001312 0.006525 2.533597 1.000000
-0.223505 0.013337 2.612842 0.000000
-0.454208 0.141982 2.343240 1.000000
0.066915 0.146029 2.660667 1.000000
-0.245677 0.189633 2.168196 1.000000
0.056967 -0.107437 2.550885 1.000000
-0.217785 0.250128 2.156513 1.000000
0.010806 -0.139595 2.513348 0.728365
-0.310183 -0.524810 2.459378 1.000000
-0.083749 -0.479913 2.321328 1.000000
-0.303166 -0.941262 2.557882 1.000000
-0.046679 -0.876340 2.478349 0.359856
-0.278704 -0.977674 2.402194 0.000000
-0.029512 -0.934179 2.328272 0.000000
-0.195390 0.638960 2.365567 1.000000
-0.374402 0.367923 2.467006 1.000000
-0.021312 0.373437 2.503366 1.000000
-0.183911 0.408738 2.343981 0.000000
-0.206815 0.245012 2.591238 0.000000
-0.395419 0.002408 2.451395 1.000000
0.003765 0.007437 2.513386 0.509615
-0.215338 0.016357 2.607102 0.000000
-0.458692 0.153357 2.335066 1.000000
0.064185 0.178991 2.662842 1.000000
-0.244802 0.226787 2.176470 1.000000
0.048254 -0.077681 2.562046 1.000000
-0.217692 0.288586 2.172005 1.000000
0.017067 -0.107826 2.510154 0.610577
-0.307349 -0.529871 2.469549 1.000000
-0.088381 -0.485283 2.322324 1.000000
-0.304131 -0.945186 2.572930 1.000000
-0.047373 -0.889647 2.456460 0.431731
-0.288565 -0.983962 2.416670 0.000000
-0.035868 -0.939392 2.302980 0.000000
-0.192672 0.662548 2.362508 1.000000
-0.366012 0.407261 2.457382 1.000000
-0.011858 0.418515 2.479146 1.000000
-0.181465 0.451531 2.326727 0.038462
-0.191439 0.286820 2.574190 0.000000
-0.386927 0.033376 2.471814 1.000000
0.017022 0.027100 2.473317 0.817308
-0.185254 0.041063 2.598848 0.000000
-0.468074 0.177983 2.374094 1.000000
0.068222 0.214840 2.627559 1.000000
-0.254496 0.225159 2.207443 1.000000
0.056189 -0.026830 2.496927 1.000000
-0.215804 0.278151 2.191048 0.980769
0.016583 -0.078224 2.477845 0.627404
-0.291255 -0.502884 2.473726 1.000000
-0.078025 -0.491407 2.378441 1.000000
-0.303318 -0.915824 2.585615 1.000000
-0.040467 -0.905656 2.479293 1.000000
-0.306452 -0.958033 2.429501 0.000000
-0.036707 -0.943585 2.322098 0.000000
-0.174622 0.708090 2.346477 1.000000
-0.346109 0.425285 2.473136 1.000000
0.008601 0.432895 2.460967 1.000000
-0.174537 0.476526 2.328134 0.000000
-0.162563 0.296616 2.564684 0.000000
-0.360903 0.065249 2.464391 0.817308
0.042856 0.062654 2.450700 1.000000
-0.154679 0.073619 2.583847 0.000000
-0.465814 0.194275 2.504742 1.000000
0.107700 0.195096 2.509187 1.000000
-0.330627 0.086098 2.294249 1.000000
0.050535 0.014093 2.313598 1.000000
-0.270940 0.104974 2.268653 0.408654
0.016296 0.017673 2.255383 0.980769
-0.281047 -0.458185 2.378062 1.000000
-0.061199 -0.471419 2.456442 1.000000
-0.294308 -0.862088 2.519026 0.534856
-0.044253 -0.897626 2.491722 1.000000
-0.309322 -0.914717 2.366816 0.000000
-0.048892 -0.911147 2.330605 0.000000
-0.149726 0.721794 2.346992 1.000000
-0.334371 0.391554 2.514694 1.000000
0.016774 0.396442 2.462747 1.000000
-0.179179 0.455152 2.356711 0.000000
-0.144577 0.252363 2.571527 0.000000
-0.341208 0.057180 2.490371 0.326923
0.056873 0.027850 2.428025 1.000000
-0.122289 0.046352 2.584316 0.000000
-0.429582 0.153334 2.571448 1.000000
0.120253 0.159139 2.417868 1.000000
-0.337934 -0.023288 2.384207 1.000000
0.016339 0.075650 2.179362 1.000000
-0.325248 -0.089654 2.387153 0.391827
-0.016362 0.106444 2.128801 1.000000
-0.270636 -0.453117 2.318749 1.000000
-0.053358 -0.498596 2.453836 1.000000
-0.271237 -0.840057 2.501672 0.444231
-0.049271 -0.918905 2.534503 1.000000
-0.293840 -0.908481 2.356860 0.000000
-0.071050 -0.949319 2.377137 0.000000
-0.140872 0.672168 2.348923 1.000000
-0.328949 0.369749 2.524756 1.000000
0.020844 0.369366 2.464183 1.000000
-0.177059 0.427052 2.361253 0.000000
-0.139215 0.230253 2.581036 0.000000
-0.344153 0.015115 2.499436 0.317308
0.051902 0.002699 2.420679 1.000000
-0.121490 0.006266 2.584358 0.000000
-0.416071 0.151855 2.644982 1.000000
0.116581 0.155374 2.343500 1.000000
-0.390413 -0.060565 2.473516 1.000000
-0.028596 0.196728 2.114601 1.000000
-0.346942 -0.112131 2.468489 0.442308
-0.053860 0.253709 2.088352 1.000000
-0.252098 -0.489995 2.311700 1.000000
-0.047071 -0.528998 2.449417 1.000000
-0.282091 -0.851531 2.538804 0.431731
-0.048663 -0.946995 2.541395 1.000000
-0.291545 -0.936860 2.401718 0.000000
-0.074727 -0.981207 2.385468 0.000000
-0.138688 0.643923 2.343724 1.000000
-0.312981 0.417086 2.483783 1.000000
0.039466 0.395073 2.447424 1.000000
-0.148341 0.450906 2.326183 0.014423
-0.134540 0.275626 2.566085 0.000000
-0.347491 0.039212 2.472583 0.605769
0.053399 0.025701 2.424409 1.000000
-0.131990 0.030522 2.574330 0.000000
-0.415239 0.225299 2.631629 1.000000
0.105516 0.160159 2.349698 1.000000
-0.379073 0.020831 2.453847 1.000000
-0.028444 0.283802 2.146009 1.000000
-0.371865 -0.046012 2.461204 0.425481
-0.057706 0.342711 2.130277 1.000000
-0.231986 -0.483479 2.340732 1.000000
-0.047247 -0.504989 2.465690 1.000000
-0.268808 -0.879584 2.498621 0.725481
-0.048360 -0.920797 2.567115 1.000000
-0.269755 -0.939398 2.348339 0.000000
-0.063787 -0.958914 2.410679 0.000000
-0.138705 0.705369 2.351246 1.000000
-0.330106 0.446837 2.468409 1.000000
0.023789 0.424838 2.451116 1.000000
-0.157458 0.477380 2.318917 0.014423
-0.156064 0.307762 2.563242 0.000000
-0.356284 0.068414 2.457344 0.701923
0.046419 0.047541 2.432633 1.000000
-0.147053 0.060268 2.571468 0.000000
-0.438124 0.238895 2.584584 1.000000
0.128357 0.187277 2.418941 1.000000
-0.373968 0.050190 2.399524 1.000000
-0.012337 0.178000 2.186366 1.000000
-0.354211 0.058944 2.335437 0.509615
-0.037102 0.225087 2.144610 1.000000
-0.239556 -0.468694 2.392032 1.000000
-0.044025 -0.480151 2.429991 1.000000
-0.246663 -0.879839 2.510747 0.844231
-0.038090 -0.891104 2.549435 1.000000
-0.249078 -0.924666 2.355352 0.000000
-0.038827 -0.936258 2.394117 0.000000
-0.149189 0.736325 2.347621 1.000000
-0.345093 0.432530 2.482124 1.000000
0.008827 0.423259 2.456045 1.000000
-0.177043 0.476713 2.330813 0.000000
-0.164521 0.294465 2.565537 0.000000
-0.365154 0.063412 2.456997 1.000000
0.038458 0.064911 2.439354 1.000000
-0.157814 0.064406 2.574800 0.000000
-0.461467 0.199975 2.497521 1.000000
0.106254 0.186709 2.505175 1.000000
-0.344760 0.094695 2.276883 0.836538
0.054277 0.018581 2.299222 1.000000
-0.317385 0.125192 2.223082 0.745192
0.015244 0.024062 2.244263 1.000000
-0.254392 -0.471601 2.437974 1.000000
-0.041350 -0.456853 2.345903 1.000000
-0.246372 -0.890042 2.527565 1.000000
-0.036306 -0.855855 2.500680 0.481731
-0.255561 -0.924020 2.369691 0.000000
-0.026167 -0.914126 2.350132 0.000000
-0.161487 0.721093 2.353496 1.000000
-0.356079 0.379543 2.503545 1.000000
-0.003234 0.369792 2.465724 1.000000
-0.192999 0.424880 2.347221 0.000000
-0.173192 0.240276 2.579591 0.000000
-0.374079 0.016730 2.474827 1.000000
0.028727 0.028914 2.446268 1.000000
-0.163529 0.016356 2.586797 0.000000
-0.460690 0.171894 2.384742 1.000000
0.104085 0.161576 2.581069 1.000000
-0.280558 0.173597 2.181581 1.000000
0.098846 -0.084003 2.465362 1.000000
-0.250064 0.226291 2.152127 1.000000
0.049306 -0.126386 2.447374 1.000000
-0.264500 -0.515252 2.453050 1.000000
-0.058418 -0.477293 2.290446 1.000000
-0.249449 -0.933774 2.541354 1.000000
-0.022901 -0.810398 2.556837 0.075481
-0.263945 -0.967531 2.383832 0.000000
-0.017570 -0.911019 2.430306 0.000000
-0.176247 0.658932 2.355263 1.000000
-0.352799 0.395481 2.487169 1.000000
0.000195 0.386206 2.450647 1.000000
-0.189841 0.430261 2.328037 0.024038
-0.168769 0.264183 2.573884 0.000000
-0.373312 0.025150 2.484027 0.903846
0.027821 0.031927 2.436459 0.923077
-0.157777 0.025752 2.586071 0.000000
-0.448837 0.176114 2.383367 1.000000
0.105097 0.193367 2.591818 1.000000
-0.257452 0.210707 2.194053 1.000000
0.080057 -0.051860 2.478233 1.000000
-0.233860 0.268955 2.169061 0.980769
0.044355 -0.088106 2.433673 1.000000
-0.264841 -0.508425 2.457579 1.000000
-0.066875 -0.479175 2.304907 1.000000
-0.259943 -0.927868 2.542592 1.000000
-0.018843 -0.831327 2.543372 0.419231
-0.280343 -0.959971 2.385378 0.000000
-0.021515 -0.922258 2.409628 0.000000
-0.166194 0.683669 2.347044 1.000000
-0.336426 0.423569 2.466929 1.000000
0.017992 0.429400 2.447467 1.000000
-0.167624 0.467164 2.316286 0.000000
-0.151418 0.298869 2.560992 0.000000
-0.363171 0.046768 2.475779 0.980769
0.038115 0.044606 2.429075 0.971154
-0.147861 0.049704 2.578257 0.000000
-0.454043 0.194407 2.432781 1.000000
0.109863 0.210488 2.553069 1.000000
-0.266815 0.193894 2.237960 1.000000
0.064090 0.000792 2.388927 1.000000
-0.231245 0.239975 2.203531 0.610577
0.022910 -0.007818 2.335973 0.980769
-0.257055 -0.489425 2.466037 1.000000
-0.058430 -0.477369 2.348265 1.000000
-0.272106 -0.908153 2.553354 1.000000
-0.039363 -0.874272 2.507288 0.834856
-0.290659 -0.940315 2.395923 0.000000
-0.043839 -0.934592 2.357273 0.000000
-0.156688 0.728083 2.347801 1.000000
-0.316037 0.438109 2.475690 1.000000
0.037166 0.435641 2.440102 1.000000
-0.153372 0.475677 2.316893 0.019231
-0.129707 0.310641 2.563206 0.000000
-0.337273 0.086867 2.475790 0.682692
0.063077 0.065910 2.425821 1.000000
-0.121188 0.080682 2.576476 0.000000
-0.442036 0.224399 2.548292 1.000000
0.140887 0.198881 2.437868 1.000000
-0.320262 0.070799 2.364348 1.000000
0.014717 0.113270 2.216488 1.000000
-0.279795 0.073842 2.310245 0.745192
-0.016917 0.143363 2.164838 1.000000
-0.266274 -0.442731 2.377834 1.000000
-0.034112 -0.462146 2.430585 1.000000
-0.256146 -0.850706 2.506823 0.587981
-0.019714 -0.885387 2.492583 1.000000
-0.284014 -0.899367 2.355104 0.000000
-0.035604 -0.909246 2.333393 0.000000
-0.122097 0.734298 2.343488 1.000000
-0.306565 0.403371 2.512922 1.000000
0.042423 0.397130 2.448169 1.000000
-0.156037 0.454520 2.346149 0.000000
-0.117822 0.263085 2.570558 0.000000
-0.319458 0.070753 2.491487 0.298077
0.075321 0.029117 2.416438 1.000000
-0.098642 0.047577 2.578502 0.000000
-0.412362 0.176998 2.587225 1.000000
0.139328 0.171502 2.360647 1.000000
-0.319999 -0.007054 2.410919 1.000000
-0.011896 0.190469 2.136456 1.000000
-0.314464 -0.074454 2.411804 0.980769
-0.042192 0.243710 2.107793 1.000000
-0.269032 -0.452778 2.343009 1.000000
-0.032804 -0.493284 2.452806 1.000000
-0.237299 -0.860610 2.468906 0.672356
-0.028625 -0.917630 2.508459 1.000000
-0.276302 -0.909676 2.319794 0.000000
-0.057325 -0.938607 2.350663 0.000000
-0.112259 0.688153 2.361029 1.000000
-0.304279 0.366495 2.519455 1.000000
0.045351 0.368207 2.457968 1.000000
-0.153510 0.419333 2.353429 0.000000
-0.112645 0.231712 2.580575 0.000000
-0.318024 0.036435 2.495919 0.461538
0.078285 0.002602 2.425134 1.000000
-0.097919 0.015607 2.585296 0.000000
-0.389417 0.139045 2.618390 1.000000
0.142180 0.155539 2.338946 1.000000
-0.348679 -0.054130 2.430263 1.000000
-0.007948 0.223326 2.121612 1.000000
-0.327417 -0.118304 2.432189 0.728365
-0.034158 0.279234 2.094018 1.000000
-0.271539 -0.478308 2.330402 1.000000
-0.033951 -0.522532 2.437516 1.000000
-0.089394 -0.855893 2.416640 1.000000
-0.028037 -0.942330 2.520694 1.000000
-0.160554 -0.919991 2.286291 0.000000
-0.052239 -0.973742 2.363880 0.000000
-0.116489 0.649757 2.358489 1.000000
-0.295065 0.381618 2.502390 1.000000
0.055831 0.364502 2.451356 1.000000
-0.138011 0.413483 2.336840 0.019231
-0.110694 0.245734 2.580931 0.000000
-0.320020 0.029660 2.481928 0.211538
0.079582 -0.010786 2.438367 1.000000
-0.106463 0.009643 2.586144 0.000000
-0.390627 0.166636 2.622495 1.000000
0.128973 0.137240 2.338322 1.000000
-0.338202 -0.018732 2.426678 1.000000
-0.010235 0.229341 2.120166 1.000000
-0.316323 -0.080716 2.410764 1.000000
-0.041661 0.286285 2.101620 1.000000
-0.266549 -0.498496 2.360219 1.000000
-0.035665 -0.533840 2.454043 1.000000
0.054722 -0.781249 2.355772 1.000000
-0.039296 -0.955490 2.527406 1.000000
-0.039720 -0.887339 2.278384 0.000000
-0.053717 -0.982985 2.368663 0.000000
-0.122486 0.671025 2.359604 1.000000
-0.305067 0.399766 2.510334 1.000000
0.044015 0.385701 2.447337 1.000000
-0.153045 0.443311 2.342760 0.000000
-0.118955 0.258132 2.573007 0.000000
-0.334900 0.034244 2.492185 0.096154
0.063663 0.014605 2.429110 1.000000
-0.115850 0.023530 2.585839 0.000000
-0.417670 0.178161 2.601631 1.000000
0.138201 0.150295 2.370944 1.000000
-0.325357 0.012843 2.401684 1.000000
-0.008405 0.175467 2.139203 1.000000
-0.311410 -0.053290 2.399253 1.000000
-0.046020 0.222412 2.108295 1.000000
-0.273036 -0.494000 2.385047 1.000000
-0.053183 -0.515054 2.468495 1.000000
0.031549 -0.793795 2.361928 1.000000
-0.045561 -0.936369 2.543459 1.000000
-0.070428 -0.891303 2.282833 0.000000
-0.070052 -0.964807 2.386124 0.000000
-0.130646 0.691691 2.366766 1.000000
-0.327093 0.403592 2.519348 1.000000
0.021687 0.395416 2.453690 1.000000
-0.176891 0.452066 2.351486 0.000000
-0.138614 0.263497 2.578298 0.000000
-0.356378 0.033809 2.497069 0.721154
0.041277 0.025248 2.426269 1.000000
-0.135375 0.027661 2.586446 0.000000
-0.442049 0.174733 2.583504 1.000000
0.128174 0.157214 2.413348 1.000000
-0.341092 0.015678 2.383778 1.000000
0.007367 0.077129 2.180168 1.000000
-0.305398 0.032182 2.328754 0.913462
-0.031152 0.104915 2.132019 1.000000
-0.272546 -0.500636 2.430035 1.000000
-0.060335 -0.507363 2.469709 1.000000
0.015694 -0.810086 2.364137 1.000000
-0.043471 -0.928725 2.542877 1.000000
-0.095645 -0.897012 2.285329 0.000000
-0.070264 -0.957056 2.385897 0.000000
-0.154195 0.697666 2.375456 1.000000
-0.355828 0.383272 2.529874 1.000000
-0.004974 0.377917 2.476046 1.000000
-0.200350 0.434106 2.367608 0.000000
-0.168508 0.243932 2.594073 0.000000
-0.375882 0.022769 2.499806 0.528846
0.023396 0.013636 2.438901 0.855769
-0.157139 0.017832 2.594651 0.000000
-0.473017 0.146389 2.533329 1.000000
0.088985 0.130934 2.470606 1.000000
-0.342764 0.006547 2.335785 1.000000
0.040325 -0.079659 2.300819 1.000000
-0.301340 0.027199 2.286474 0.677885
-0.003717 -0.091347 2.250842 1.000000
-0.282084 -0.514737 2.464520 1.000000
-0.065945 -0.517787 2.438763 1.000000
-0.053824 -0.866986 2.380843 1.000000
-0.025434 -0.931352 2.541264 1.000000
-0.154267 -0.903211 2.259344 0.000000
-0.044107 -0.971725 2.385750 0.000000
-0.171223 0.669995 2.379195 1.000000
-0.370397 0.374621 2.526985 1.000000
-0.017639 0.375076 2.487147 1.000000
-0.209712 0.421428 2.368626 0.038462
-0.182784 0.242957 2.605036 0.000000
-0.393338 0.015777 2.503691 0.701923
0.008069 0.013771 2.458040 1.000000
-0.178304 0.016857 2.606781 0.000000
-0.469552 0.131930 2.488736 1.000000
0.065499 0.124006 2.502823 1.000000
-0.328318 -0.005532 2.296214 1.000000
0.067090 -0.134826 2.408428 1.000000
-0.285834 0.015260 2.247873 0.778846
0.026165 -0.171881 2.369362 1.000000
-0.292310 -0.519847 2.476729 1.000000
-0.067264 -0.514364 2.414175 1.000000
-0.219554 -0.935138 2.550380 1.000000
-0.041875 -0.926954 2.525120 1.000000
-0.248063 -0.967770 2.394543 0.000000
-0.046796 -0.969219 2.369067 0.000000
-0.189682 0.665931 2.385023 1.000000
-0.376857 0.384604 2.523498 1.000000
-0.022828 0.385393 2.497274 1.000000
-0.210233 0.431783 2.371516 0.004808
-0.192280 0.252961 2.608512 0.000000
-0.400459 0.008413 2.502701 0.625000
0.002093 0.026456 2.473669 0.923077
-0.190217 0.020760 2.614569 0.000000
-0.480076 0.143036 2.478804 1.000000
0.053362 0.132623 2.533457 1.000000
-0.336764 -0.008050 2.295990 1.000000
0.067954 -0.140702 2.490253 1.000000
-0.290042 0.005056 2.248880 0.846154
0.042551 -0.194177 2.457554 1.000000
-0.288488 -0.521672 2.504438 1.000000
-0.073733 -0.504840 2.407046 1.000000
-0.285471 -0.943403 2.577365 1.000000
-0.050513 -0.919206 2.511667 1.000000
-0.298527 -0.970965 2.418516 0.000000
-0.051761 -0.958868 2.354860 0.000000
-0.196171 0.680350 2.393553 1.000000
-0.382571 0.405409 2.527924 1.000000
-0.028024 0.404622 2.510026 1.000000
-0.212187 0.453230 2.380377 0.000000
-0.200699 0.271973 2.615921 0.000000
-0.399830 0.028812 2.502058 0.519231
0.003128 0.035015 2.473731 0.923077
-0.189497 0.034087 2.614312 0.000000
-0.480649 0.156460 2.494129 1.000000
0.046984 0.151114 2.563362 1.000000
-0.361914 -0.033281 2.325139 1.000000
0.073131 -0.128123 2.563962 1.000000
-0.308773 -0.034328 2.283318 1.000000
0.050657 -0.190847 2.552355 1.000000
-0.284192 -0.504301 2.526989 1.000000
-0.079377 -0.497619 2.433253 1.000000
-0.274969 -0.926279 2.597942 1.000000
-0.047486 -0.915118 2.521921 1.000000
-0.286920 -0.953280 2.438910 0.000000
-0.052386 -0.949063 2.363849 0.000000
-0.201869 0.700446 2.401702 1.000000
-0.381458 0.406393 2.533986 1.000000
-0.027163 0.405227 2.511657 1.000000
-0.212782 0.457810 2.385686 0.000000
-0.198882 0.270157 2.616035 0.000000
-0.396900 0.031140 2.504488 0.557692
0.005536 0.040293 2.470173 0.865385
-0.184888 0.034540 2.613610 0.000000
-0.466328 0.148807 2.501753 1.000000
0.046252 0.148125 2.567347 1.000000
-0.385397 -0.084503 2.361467 1.000000
0.073871 -0.133969 2.585327 1.000000
-0.337720 -0.091097 2.313955 1.000000
0.053504 -0.198426 2.583210 1.000000
-0.280677 -0.500762 2.530933 1.000000
-0.073139 -0.496096 2.461803 1.000000
-0.280105 -0.921333 2.610329 1.000000
-0.051470 -0.917021 2.536207 0.887981
-0.293907 -0.951247 2.451970 0.000000
-0.059651 -0.945549 2.377203 0.000000
-0.188788 0.704462 2.416329 1.000000
-0.377102 0.400894 2.543667 1.000000
-0.023634 0.406532 2.511209 1.000000
-0.213660 0.460296 2.392518 0.000000
-0.190059 0.265015 2.615622 0.000000
-0.394333 0.029053 2.512944 0.740385
0.005340 0.035241 2.454295 0.942308
-0.176060 0.029623 2.608992 0.000000
-0.449608 0.136333 2.508945 1.000000
0.045852 0.143928 2.562842 1.000000
-0.410842 -0.132123 2.413516 1.000000
0.072015 -0.141437 2.586523 1.000000
-0.378679 -0.184462 2.385228 1.000000
0.054422 -0.206611 2.582408 1.000000
-0.278869 -0.503730 2.531740 1.000000
-0.071576 -0.499794 2.501932 1.000000
-0.276886 -0.921544 2.624540 1.000000
-0.048559 -0.922329 2.566103 1.000000
-0.300212 -0.956355 2.468312 0.000000
-0.069686 -0.947532 2.407731 0.000000
-0.199354 0.702936 2.420853 1.000000
-0.367589 0.404084 2.539957 1.000000
-0.013500 0.406741 2.514675 1.000000
-0.200635 0.461402 2.391872 0.000000
-0.183147 0.267094 2.616383 0.000000
-0.384874 0.023300 2.503257 0.884615
0.016178 0.038538 2.456986 1.000000
-0.169767 0.029457 2.606017 0.000000
-0.424536 0.129651 2.510851 1.000000
0.059907 0.138850 2.562097 1.000000
-0.444119 -0.162717 2.512743 1.000000
0.067499 -0.153874 2.551082 1.000000
-0.443786 -0.230347 2.512508 1.000000
0.045472 -0.214256 2.530039 1.000000
-0.259998 -0.507122 2.521151 1.000000
-0.062646 -0.494900 2.541922 1.000000
-0.278195 -0.921515 2.626657 1.000000
-0.047755 -0.919271 2.595507 1.000000
-0.294148 -0.960571 2.470506 0.000000
-0.065077 -0.940016 2.436031 0.000000
-0.188589 0.708199 2.427461 1.000000
-0.355826 0.401852 2.518776 1.000000
-0.001049 0.410877 2.527530 1.000000
-0.176374 0.458459 2.385808 0.000000
-0.177289 0.270681 2.616471 0.000000
-0.371924 0.025712 2.487112 0.701923
0.031622 0.037045 2.471698 0.961538
-0.165308 0.031199 2.606058 0.000000
-0.428095 0.127786 2.545587 1.000000
0.072118 0.137280 2.556589 1.000000
-0.455201 -0.166550 2.562398 1.000000
0.073980 -0.155541 2.512960 1.000000
-0.452839 -0.234126 2.563780 1.000000
0.052658 -0.218164 2.498894 1.000000
-0.251341 -0.505604 2.519295 1.000000
-0.052618 -0.494653 2.553904 1.000000
-0.272534 -0.917956 2.631991 1.000000
-0.046054 -0.919006 2.609277 1.000000
-0.277030 -0.960367 2.475965 0.000000
-0.051140 -0.940002 2.448976 0.000000
-0.178895 0.712609 2.431715 1.000000
-0.355118 0.401510 2.520600 1.000000
-0.000224 0.408794 2.525249 1.000000
-0.176971 0.458426 2.386019 0.000000
-0.176076 0.268659 2.615049 0.000000
-0.366568 0.027005 2.487091 0.836538
0.037041 0.034829 2.471118 0.865385
-0.159735 0.030040 2.605747 0.000000
-0.429510 0.128765 2.565644 1.000000
0.076691 0.135041 2.558357 1.000000
-0.463218 -0.166111 2.588800 1.000000
0.085178 -0.154796 2.490929 1.000000
-0.448615 -0.232113 2.590918 1.000000
0.057101 -0.216214 2.487244 1.000000
-0.250001 -0.505244 2.520173 1.000000
-0.047178 -0.495499 2.554531 1.000000
-0.272466 -0.920391 2.621819 1.000000
-0.044308 -0.917122 2.628078 1.000000
-0.277800 -0.958565 2.464729 0.000000
-0.049232 -0.944938 2.468814 0.000000
-0.167150 0.709880 2.427302 1.000000
-0.349692 0.402993 2.523845 1.000000
0.005197 0.410121 2.518527 1.000000
-0.175326 0.456898 2.383208 0.000000
-0.168123 0.272059 2.616123 0.000000
-0.363904 0.029887 2.495429 0.788462
0.039107 0.034884 2.467612 0.903846
-0.153656 0.031168 2.607958 0.000000
-0.420791 0.129142 2.572277 1.000000
0.083455 0.135280 2.545599 1.000000
-0.453532 -0.167472 2.579327 1.000000
0.082907 -0.157131 2.485620 1.000000
-0.444760 -0.233685 2.589954 0.610577
0.050660 -0.215572 2.474722 1.000000
-0.248170 -0.503770 2.517096 1.000000
-0.046372 -0.494492 2.555320 1.000000
-0.273534 -0.918039 2.621604 1.000000
-0.047312 -0.916459 2.626922 1.000000
-0.283124 -0.956982 2.464905 0.000000
-0.057028 -0.943450 2.467736 0.000000
-0.167838 0.709328 2.418818 1.000000
-0.345818 0.401818 2.533731 1.000000
0.008547 0.412005 2.515125 1.000000
-0.177328 0.458658 2.387212 0.000000
-0.159845 0.271473 2.617696 0.000000
-0.361035 0.030693 2.500256 0.490385
0.041654 0.034729 2.467989 0.875000
-0.149556 0.031578 2.610458 0.000000
-0.411643 0.124013 2.569499 1.000000
0.087158 0.136770 2.544350 1.000000
-0.434193 -0.174321 2.565603 1.000000
0.082476 -0.156676 2.486089 1.000000
-0.420296 -0.239917 2.556771 0.846154
0.052302 -0.217157 2.483721 0.879808
-0.247207 -0.503286 2.519657 1.000000
-0.045996 -0.495330 2.552481 1.000000
-0.270050 -0.916182 2.630015 1.000000
-0.043952 -0.917012 2.625721 1.000000
-0.281621 -0.957243 2.473992 0.000000
-0.055629 -0.944674 2.466782 0.000000
-0.165004 0.708322 2.422691 1.000000
