-0.301192 0.375774 2.592689 1.000000
0.054002 0.343158 2.623304 1.000000
-0.111273 0.406260 2.514894 0.000000
-0.145965 0.203272 2.701130 0.000000
-0.267427 -0.019727 2.551072 0.875000
0.012759 -0.013773 2.574779 1.000000
-0.138176 0.004407 2.685748 0.000000
-0.366969 0.118107 2.556370 1.000000
0.099786 0.078865 2.613761 1.000000
-0.330323 -0.167442 2.522733 1.000000
0.096599 -0.208349 2.574893 1.000000
-0.335940 -0.232871 2.541419 0.812500
0.076372 -0.271953 2.560504 0.913462
-0.256830 -0.585803 2.631216 1.000000
-0.009919 -0.585771 2.639246 1.000000
-0.236407 -0.992173 2.760736 0.425481
-0.006309 -1.000121 2.742348 1.000000
-0.239671 -1.043443 2.600390 0.000000
0.015490 -1.040257 2.580286 0.000000
-0.069825 0.664238 2.507939 1.000000
-0.298579 0.374987 2.595514 1.000000
0.057222 0.344106 2.620335 1.000000
-0.110160 0.405334 2.514104 0.000000
-0.140796 0.204326 2.703177 0.000000
-0.270168 -0.021754 2.555704 1.000000
0.010348 -0.014023 2.574474 1.000000
-0.138738 0.004261 2.687897 0.000000
-0.366867 0.117953 2.559339 1.000000
0.099907 0.079170 2.615304 1.000000
-0.337394 -0.168181 2.523683 1.000000
0.098494 -0.208213 2.577596 1.000000
-0.335058 -0.235073 2.537157 0.896635
0.077129 -0.271427 2.563136 0.980769
-0.253129 -0.587956 2.635067 1.000000
-0.006091 -0.585587 2.641330 1.000000
-0.234843 -0.990745 2.775623 0.409856
-0.008324 -1.000056 2.743994 1.000000
-0.240655 -1.046422 2.616826 0.000000
0.012341 -1.040338 2.581820 0.000000
-0.068139 0.664880 2.508148 1.000000
-0.300207 0.377109 2.593704 1.000000
0.055480 0.345329 2.619025 1.000000
-0.111666 0.405721 2.511947 0.000000
-0.143039 0.207348 2.703664 0.000000
-0.265803 -0.016055 2.558340 1.000000
0.014793 -0.012725 2.577224 1.000000
-0.134034 0.007532 2.690653 0.000000
-0.365653 0.118697 2.562430 1.000000
0.101517 0.080942 2.614783 1.000000
-0.336245 -0.167695 2.528852 1.000000
0.101499 -0.207393 2.585186 1.000000
-0.338635 -0.233052 2.548455 0.879808
0.075660 -0.268342 2.568478 1.000000
-0.256153 -0.583047 2.634959 1.000000
-0.005516 -0.583268 2.643965 1.000000
-0.232492 -0.993251 2.751157 0.478606
-0.007437 -0.999570 2.738925 0.947356
-0.237938 -1.039407 2.589323 0.000000
0.012054 -1.036849 2.575890 0.000000
-0.070254 0.667145 2.507472 1.000000
-0.300197 0.375871 2.595314 1.000000
0.055571 0.347807 2.623704 1.000000
-0.111238 0.407172 2.515532 0.000000
-0.142182 0.207015 2.705456 0.000000
-0.265791 -0.016473 2.559507 1.000000
0.014576 -0.010812 2.581044 1.000000
-0.135474 0.007164 2.693240 0.000000
-0.364111 0.117093 2.563895 1.000000
0.100948 0.083367 2.616587 1.000000
-0.332431 -0.169745 2.536814 1.000000
0.103154 -0.204909 2.586507 1.000000
-0.327386 -0.236706 2.549159 0.846154
0.080516 -0.266237 2.566811 0.879808
-0.255555 -0.583084 2.634075 1.000000
-0.005667 -0.582701 2.643248 1.000000
-0.231685 -0.991572 2.756128 0.481731
-0.009834 -1.000490 2.731364 1.000000
-0.236624 -1.040020 2.594949 0.000000
0.011065 -1.035168 2.567929 0.000000
-0.072754 0.664706 2.502367 1.000000
-0.296894 0.377519 2.597675 1.000000
0.059160 0.346622 2.618541 1.000000
-0.109457 0.406681 2.513605 0.000000
-0.137940 0.208063 2.705518 0.000000
-0.267663 -0.021433 2.566074 1.000000
0.012922 -0.009356 2.581157 1.000000
-0.134874 0.005078 2.696804 0.000000
-0.365068 0.119931 2.565444 1.000000
0.102874 0.081812 2.616773 1.000000
-0.332869 -0.167210 2.542508 1.000000
0.105330 -0.206846 2.590636 1.000000
-0.330695 -0.234583 2.553359 0.913462
0.078126 -0.265650 2.569105 0.812500
-0.256385 -0.585179 2.641824 1.000000
-0.007190 -0.583681 2.645217 1.000000
-0.238739 -0.988416 2.781173 0.391106
-0.005750 -1.001273 2.734344 1.000000
-0.248476 -1.043700 2.622432 0.000000
0.010439 -1.036202 2.570429 0.000000
-0.076168 0.668513 2.506013 1.000000
-0.295440 0.377552 2.598880 1.000000
0.060628 0.346858 2.619781 1.000000
-0.108013 0.406812 2.514824 0.000000
-0.136401 0.208195 2.706754 0.000000
-0.267604 -0.021841 2.566933 1.000000
0.012918 -0.008354 2.581991 1.000000
-0.134954 0.005756 2.697579 0.000000
-0.364378 0.120267 2.565853 1.000000
0.104170 0.082027 2.617096 1.000000
-0.333620 -0.167339 2.547164 1.000000
0.103013 -0.206342 2.587861 1.000000
-0.330089 -0.233642 2.563072 0.997596
0.080452 -0.268004 2.569142 0.879808
-0.254844 -0.585431 2.640806 1.000000
-0.004237 -0.582767 2.645510 1.000000
-0.237292 -0.990163 2.775761 0.403606
-0.006046 -1.000301 2.734904 1.000000
-0.246456 -1.043702 2.616388 0.000000
0.011043 -1.035440 2.571125 0.000000
-0.078691 0.666113 2.499756 1.000000
-0.293668 0.378397 2.600874 1.000000
0.062541 0.346831 2.617687 1.000000
-0.107210 0.406250 2.514225 0.000000
-0.133801 0.209640 2.708465 0.000000
-0.265196 -0.014089 2.568161 1.000000
0.015765 -0.009446 2.580019 1.000000
-0.130242 0.007180 2.697626 0.000000
-0.362209 0.120597 2.571217 1.000000
0.102130 0.081441 2.611427 1.000000
-0.336747 -0.167162 2.547570 1.000000
0.109376 -0.207822 2.594478 1.000000
-0.329117 -0.234923 2.551009 0.795673
0.079770 -0.267107 2.578033 0.812500
-0.256528 -0.580643 2.641075 1.000000
-0.003223 -0.581191 2.643914 1.000000
-0.226895 -0.989206 2.761607 0.512981
-0.006994 -0.997614 2.738289 1.000000
-0.238620 -1.037515 2.600738 0.000000
0.008739 -1.034803 2.574828 0.000000
-0.072234 0.667270 2.503359 1.000000
-0.293107 0.374470 2.600340 1.000000
0.063431 0.347728 2.618481 1.000000
-0.106754 0.404213 2.514094 0.000000
-0.131374 0.208555 2.709551 0.000000
-0.264645 -0.018375 2.571237 1.000000
0.016184 -0.009667 2.583931 1.000000
-0.130361 0.003294 2.701331 0.000000
-0.360305 0.116209 2.571625 1.000000
0.107400 0.082967 2.615843 1.000000
-0.334678 -0.171681 2.549819 1.000000
0.105252 -0.205722 2.590023 1.000000
-0.328914 -0.239489 2.555337 0.762019
0.087991 -0.270235 2.575819 0.913462
-0.257146 -0.583351 2.642537 1.000000
-0.002178 -0.583526 2.641649 1.000000
-0.228842 -0.990076 2.769435 0.534856
-0.008779 -0.997890 2.744547 0.978606
-0.241358 -1.040879 2.609396 0.000000
0.008793 -1.038512 2.582093 0.000000
-0.073798 0.664868 2.499325 1.000000
-0.288790 0.374916 2.598157 1.000000
0.067483 0.347584 2.620227 1.000000
-0.101438 0.404563 2.514069 0.000000
-0.128542 0.208509 2.708798 0.000000
-0.264699 -0.020886 2.572800 1.000000
0.015846 -0.008562 2.588438 1.000000
-0.132013 0.000763 2.704527 0.000000
-0.357596 0.117037 2.569829 1.000000
0.108042 0.082291 2.616620 1.000000
-0.337367 -0.171647 2.553537 1.000000
0.110424 -0.206863 2.596698 1.000000
-0.329352 -0.239382 2.550497 0.745192
0.089035 -0.268754 2.577367 0.947115
-0.258175 -0.584574 2.642211 1.000000
-0.004184 -0.584579 2.639665 1.000000
-0.233181 -0.988203 2.779281 0.428606
-0.013245 -1.000799 2.734575 0.969231
-0.245427 -1.042882 2.620503 0.086538
0.005394 -1.038388 2.571511 0.000000
-0.071594 0.666044 2.501720 1.000000
-0.287898 0.375733 2.600398 1.000000
0.068835 0.350442 2.616696 1.000000
-0.102157 0.405425 2.512826 0.000000
-0.124928 0.211334 2.710060 0.000000
-0.262315 -0.018350 2.575402 1.000000
0.018518 -0.007623 2.586337 1.000000
-0.127335 0.002983 2.704829 0.000000
-0.356026 0.117674 2.572071 1.000000
0.109624 0.085168 2.614575 1.000000
-0.335324 -0.170849 2.553661 1.000000
0.111459 -0.203876 2.593048 1.000000
-0.327083 -0.238111 2.561999 0.862981
0.093088 -0.264926 2.568616 1.000000
-0.255997 -0.582306 2.645835 1.000000
0.001246 -0.583284 2.630185 1.000000
-0.236656 -0.991145 2.767513 0.475481
-0.013556 -0.997664 2.732162 1.000000
-0.247897 -1.039556 2.606639 0.000000
0.005136 -1.038280 2.569831 0.000000
-0.064641 0.663242 2.492735 1.000000
-0.277973 0.367939 2.599130 1.000000
0.078866 0.340121 2.606632 1.000000
-0.094486 0.392773 2.505502 0.000000
-0.113333 0.206232 2.710291 0.000000
-0.255512 -0.019260 2.578069 1.000000
0.025713 -0.018522 2.581739 1.000000
-0.116560 -0.003888 2.704092 0.000000
-0.346402 0.109878 2.571558 1.000000
0.119091 0.074753 2.607096 1.000000
-0.341660 -0.179933 2.571846 1.000000
0.111691 -0.213731 2.579990 1.000000
-0.319675 -0.242481 2.555538 0.778846
0.094233 -0.277736 2.563859 0.947115
-0.251355 -0.586567 2.648569 1.000000
0.003994 -0.592097 2.607575 1.000000
-0.235892 -0.992102 2.781350 0.478606
-0.018376 -1.003613 2.719307 0.872356
-0.251457 -1.044807 2.622196 0.000000
0.000042 -1.048398 2.558046 0.000000
-0.058232 0.657547 2.490563 1.000000
-0.267904 0.361495 2.603340 1.000000
0.089264 0.337184 2.601506 1.000000
-0.087112 0.389096 2.505346 0.000000
-0.098916 0.200351 2.708637 0.000000
-0.248387 -0.019190 2.589616 1.000000
0.032652 -0.026798 2.581833 1.000000
-0.104040 -0.008687 2.709947 0.000000
-0.338138 0.102858 2.588761 1.000000
0.127088 0.071463 2.600958 1.000000
-0.342289 -0.186956 2.586944 1.000000
0.107859 -0.214226 2.555960 1.000000
-0.331002 -0.246621 2.618158 0.593750
0.094458 -0.271228 2.520849 1.000000
-0.261116 -0.588778 2.625203 1.000000
0.011183 -0.597178 2.590805 1.000000
-0.219038 -0.993734 2.753926 0.506731
-0.027127 -1.007006 2.704395 0.719231
-0.254822 -1.046941 2.598238 0.000000
-0.008023 -1.053344 2.543653 0.000000
-0.056126 0.650828 2.485161 1.000000
-0.259753 0.354397 2.603031 1.000000
0.097329 0.329250 2.598149 1.000000
-0.079918 0.379230 2.502567 0.000000
-0.090018 0.195453 2.710450 0.000000
-0.245178 -0.029439 2.600672 1.000000
0.035950 -0.034469 2.594056 1.000000
-0.101405 -0.015698 2.721364 0.000000
-0.331724 0.096182 2.616597 1.000000
0.133974 0.063428 2.592265 1.000000
-0.351424 -0.192709 2.629517 1.000000
0.118348 -0.211363 2.501390 1.000000
-0.317646 -0.251984 2.632176 0.762019
0.087938 -0.266876 2.475792 0.896635
-0.261940 -0.595854 2.588772 1.000000
0.014165 -0.604448 2.584583 1.000000
-0.214476 -1.006012 2.697615 0.506731
-0.013179 -1.010906 2.712540 0.831731
-0.256434 -1.052355 2.541276 0.000000
0.007563 -1.062349 2.553564 0.000000
-0.042404 0.634009 2.464170 1.000000
-0.259618 0.355970 2.602298 1.000000
0.097855 0.337548 2.596175 1.000000
-0.080575 0.385159 2.501591 0.000000
-0.086631 0.199161 2.707647 0.000000
-0.249892 -0.036661 2.602570 1.000000
0.031306 -0.033038 2.598576 1.000000
-0.107761 -0.017233 2.724419 0.000000
-0.332815 0.105432 2.662517 1.000000
0.142722 0.074431 2.573584 1.000000
-0.356854 -0.182071 2.683616 1.000000
0.105685 -0.145253 2.389064 1.000000
-0.377736 -0.245617 2.669928 0.139423
0.057356 -0.175574 2.351560 0.509615
-0.257074 -0.593681 2.539062 1.000000
0.020076 -0.604525 2.591686 1.000000
-0.219206 -1.000653 2.662630 0.575481
-0.005008 -1.010090 2.722899 0.872356
-0.262617 -1.051602 2.508131 0.000000
0.018465 -1.062726 2.564695 0.000000
-0.035894 0.634876 2.462147 1.000000
-0.264924 0.368282 2.602864 1.000000
0.092766 0.357878 2.592227 1.000000
-0.087825 0.402467 2.500309 0.000000
-0.087227 0.214298 2.704473 0.000000
-0.253429 -0.026133 2.594806 1.000000
0.027711 -0.019932 2.589994 1.000000
-0.111146 -0.004680 2.716137 0.000000
-0.338989 0.132974 2.702998 1.000000
0.145755 0.098595 2.563122 1.000000
-0.355345 -0.153898 2.692928 1.000000
0.086894 -0.077325 2.343457 1.000000
-0.380879 -0.217135 2.696199 0.021635
0.067047 -0.116053 2.290847 0.038462
-0.255179 -0.583576 2.534168 1.000000
0.019958 -0.592747 2.605166 1.000000
-0.234951 -0.994723 2.647651 0.609856
-0.004979 -1.001254 2.726943 1.000000
-0.272070 -1.040114 2.489816 0.000000
0.015441 -1.050144 2.567121 0.000000
-0.043435 0.651586 2.461137 1.000000
-0.275578 0.390455 2.596555 1.000000
0.082270 0.380813 2.592587 1.000000
-0.096598 0.427327 2.498285 0.000000
-0.099585 0.234341 2.697881 0.000000
-0.262111 -0.008275 2.585428 1.000000
0.019100 -0.003610 2.585988 1.000000
-0.122056 0.012401 2.709457 0.000000
-0.349475 0.169181 2.721364 1.000000
0.145217 0.124287 2.577344 1.000000
-0.365247 -0.110188 2.663573 1.000000
0.075451 -0.025566 2.344294 1.000000
-0.368048 -0.177161 2.650594 0.021635
0.058987 -0.063644 2.290066 0.000000
-0.246176 -0.574151 2.551097 1.000000
0.014814 -0.575246 2.614717 1.000000
-0.224585 -0.984014 2.668888 0.625481
-0.006747 -0.985044 2.732742 1.000000
-0.250615 -1.031227 2.509378 0.000000
0.015183 -1.032310 2.572632 0.000000
-0.055983 0.673197 2.474374 1.000000
-0.294882 0.395347 2.584109 1.000000
0.062860 0.385995 2.593982 1.000000
-0.112279 0.431438 2.492435 0.000000
-0.122826 0.240374 2.693618 0.000000
-0.274554 0.004904 2.606256 0.798077
0.006422 0.016479 2.610767 0.894231
-0.136540 0.022200 2.733059 0.000000
-0.374438 0.177625 2.709132 1.000000
0.124322 0.130863 2.616183 1.000000
-0.337928 -0.068485 2.571332 1.000000
0.071663 -0.056094 2.408417 1.000000
-0.376823 -0.123016 2.558098 0.408654
0.059953 -0.099958 2.357423 0.021635
-0.264573 -0.558612 2.567807 1.000000
0.006865 -0.557635 2.606986 1.000000
-0.221393 -0.956262 2.717269 0.525481
-0.004010 -0.965826 2.731849 1.000000
-0.257388 -1.017543 2.564628 0.000000
0.021166 -1.015138 2.572838 0.000000
-0.086964 0.680269 2.478230 1.000000
-0.311650 0.378712 2.572347 1.000000
0.044511 0.367458 2.606802 1.000000
-0.122980 0.413347 2.493261 0.000000
-0.148415 0.223353 2.694126 0.000000
-0.265746 0.003188 2.587723 0.230769
0.015009 -0.006311 2.601421 1.000000
-0.130628 0.020419 2.717616 0.000000
-0.393493 0.147180 2.666023 1.000000
0.106234 0.114770 2.644482 1.000000
-0.308712 -0.076974 2.513934 1.000000
0.090319 -0.124013 2.491861 1.000000
-0.344274 -0.114678 2.469489 0.206731
0.066391 -0.168355 2.445787 0.122596
-0.277074 -0.566267 2.599952 1.000000
0.001088 -0.570515 2.580315 1.000000
-0.219398 -0.966300 2.737707 0.547356
-0.007351 -0.976396 2.712672 1.000000
-0.253201 -1.024342 2.583309 0.000000
0.024672 -1.028246 2.555712 0.000000
-0.101036 0.657771 2.482930 1.000000
-0.321158 0.359869 2.572099 1.000000
0.033373 0.343771 2.619136 1.000000
-0.129399 0.395493 2.501320 0.000000
-0.163895 0.198497 2.693917 0.000000
-0.253131 -0.007887 2.590531 0.586538
0.024668 -0.032329 2.627027 1.000000
-0.128887 -0.002941 2.731828 0.000000
-0.408261 0.118499 2.629448 1.000000
0.097289 0.093932 2.670422 1.000000
-0.312422 -0.053845 2.425147 1.000000
0.113836 -0.178101 2.590729 1.000000
-0.291910 -0.099563 2.378771 0.000000
0.060591 -0.204645 2.557232 0.560096
-0.292286 -0.577954 2.596904 1.000000
-0.015962 -0.584863 2.532958 1.000000
-0.213729 -0.970510 2.745423 0.594231
0.000034 -0.993981 2.654185 1.000000
-0.255607 -1.035483 2.595841 0.000000
0.033650 -1.039644 2.495645 0.000000
-0.124638 0.636418 2.482719 1.000000
-0.322175 0.372296 2.585395 1.000000
0.034864 0.354557 2.604690 1.000000
-0.136337 0.407408 2.500061 0.000000
-0.156639 0.209802 2.694048 0.000000
-0.296913 -0.029879 2.578446 1.000000
-0.016510 -0.012947 2.592203 1.000000
-0.163954 -0.001668 2.708646 0.000000
-0.421411 0.132972 2.574548 1.000000
0.103076 0.130045 2.715066 1.000000
-0.282320 0.051026 2.345731 1.000000
0.097036 -0.139084 2.637918 1.000000
-0.250281 0.027459 2.290236 0.000000
0.070800 -0.199153 2.618814 0.290865
-0.299204 -0.591115 2.607734 1.000000
-0.019790 -0.579382 2.527545 1.000000
-0.201293 -0.984361 2.742271 0.466106
-0.021609 -0.989304 2.647086 0.772356
-0.248445 -1.047069 2.593292 0.000000
0.007646 -1.035845 2.487938 0.000000
-0.145767 0.655673 2.470187 1.000000
-0.316646 0.402565 2.580516 1.000000
0.040931 0.393326 2.595253 1.000000
-0.132817 0.439647 2.491734 0.004808
-0.146012 0.246641 2.690897 0.000000
-0.288592 0.000355 2.567691 1.000000
-0.007563 0.005588 2.577550 1.000000
-0.152819 0.026130 2.695469 0.000000
-0.413481 0.166092 2.594863 1.000000
0.114212 0.178968 2.714343 1.000000
-0.279589 0.106137 2.360623 0.846154
0.060764 -0.067348 2.600934 1.000000
-0.228894 0.111884 2.315252 0.240385
0.039259 -0.116950 2.559235 1.000000
-0.275409 -0.567059 2.630950 1.000000
-0.018305 -0.562373 2.548664 1.000000
-0.223457 -0.976660 2.739841 0.716106
-0.032209 -0.964915 2.690425 0.734856
-0.240730 -1.021733 2.578533 0.000000
-0.001883 -1.020860 2.534538 0.000000
-0.143450 0.694939 2.476708 1.000000
-0.301415 0.413554 2.582006 1.000000
0.056521 0.411131 2.588285 1.000000
-0.120475 0.453100 2.488479 0.009615
-0.125302 0.262023 2.689869 0.000000
-0.288809 0.023236 2.576757 1.000000
-0.007946 0.026592 2.562386 0.471154
-0.142378 0.048389 2.692305 0.000000
-0.401545 0.184105 2.628851 1.000000
0.125219 0.189495 2.693288 1.000000
-0.286983 0.082818 2.400233 1.000000
0.051213 -0.033606 2.550462 1.000000
-0.242181 0.094839 2.350134 0.341346
0.019296 -0.093803 2.546085 1.000000
-0.286742 -0.543321 2.600711 1.000000
-0.014694 -0.543213 2.569313 1.000000
-0.224102 -0.941431 2.741830 0.803606
-0.028841 -0.950283 2.697466 0.847356
-0.268830 -1.001871 2.591176 0.000000
-0.012116 -1.001123 2.537823 0.000000
-0.122225 0.704569 2.484476 1.000000
-0.299871 0.378276 2.610944 1.000000
0.057615 0.369890 2.593715 1.000000
-0.124655 0.418707 2.507431 0.000000
-0.119996 0.219687 2.700979 0.000000
-0.254686 0.003782 2.589650 0.201923
0.026155 -0.003239 2.576226 0.865385
-0.107884 0.019504 2.706388 0.000000
-0.376947 0.136276 2.644357 1.000000
0.145657 0.134004 2.640913 1.000000
-0.305701 -0.065698 2.469259 1.000000
0.083622 -0.073697 2.469040 1.000000
-0.284463 -0.062333 2.404458 0.391827
0.049633 -0.046858 2.416257 0.711538
-0.291364 -0.550937 2.531857 1.000000
0.000266 -0.573385 2.584559 1.000000
-0.225953 -0.935891 2.704661 0.544231
-0.020388 -0.981743 2.707631 1.000000
-0.291541 -1.008537 2.567654 0.000000
-0.007367 -1.030788 2.547084 0.000000
-0.095660 0.654696 2.493675 1.000000
-0.292994 0.362410 2.586969 1.000000
0.063284 0.350008 2.619777 1.000000
-0.104617 0.401845 2.509448 0.000000
-0.129106 0.200804 2.699379 0.000000
-0.249091 -0.026082 2.582459 0.451923
0.030736 -0.013171 2.607590 1.000000
-0.121049 -0.002410 2.718366 0.000000
-0.357747 0.124721 2.655676 1.000000
0.133458 0.107580 2.578380 1.000000
-0.309311 -0.111782 2.521503 1.000000
0.015023 0.010293 2.348618 1.000000
-0.297267 -0.170181 2.488246 0.000000
-0.014155 -0.014594 2.292130 0.000000
-0.293681 -0.565856 2.514091 1.000000
0.007339 -0.589374 2.588667 1.000000
-0.220463 -0.938817 2.708690 0.353606
-0.006868 -0.998412 2.710384 1.000000
-0.289443 -1.020295 2.578485 0.000000
0.022230 -1.046640 2.551709 0.000000
-0.087383 0.647129 2.490757 1.000000
-0.302282 0.385148 2.580401 1.000000
0.055002 0.380664 2.602590 1.000000
-0.117173 0.426074 2.496080 0.000000
-0.131809 0.230014 2.692136 0.000000
-0.240200 -0.007411 2.579382 0.000000
0.040774 -0.009359 2.591687 1.000000
-0.104929 0.014956 2.708330 0.000000
-0.372061 0.166673 2.686302 1.000000
0.134119 0.141957 2.578619 1.000000
-0.292228 -0.047721 2.537693 1.000000
-0.014658 0.146617 2.350000 1.000000
-0.262658 -0.107769 2.524224 1.000000
-0.051905 0.147296 2.292783 0.000000
-0.285040 -0.557261 2.534561 1.000000
0.008880 -0.581212 2.602588 1.000000
-0.209451 -0.963227 2.643219 0.453606
-0.012915 -0.988710 2.728286 1.000000
-0.271338 -1.014364 2.495215 0.000000
0.010785 -1.039002 2.569355 0.000000
-0.098423 0.675451 2.480460 1.000000
-0.322176 0.434781 2.561601 1.000000
0.033680 0.420157 2.597892 1.000000
-0.132786 0.469462 2.484276 0.000000
-0.160839 0.275906 2.681355 0.000000
-0.258133 0.040491 2.561098 0.115385
0.019359 0.032778 2.606267 1.000000
-0.138310 0.063156 2.704468 0.000000
-0.403014 0.244490 2.701330 1.000000
0.126188 0.191182 2.633697 1.000000
-0.327143 0.043224 2.538986 1.000000
-0.004975 0.147522 2.402374 1.000000
-0.299643 -0.016352 2.520117 1.000000
-0.038242 0.136517 2.343775 0.000000
-0.271940 -0.526785 2.574595 1.000000
-0.006487 -0.534551 2.606965 1.000000
-0.231936 -0.933044 2.699825 0.559856
0.008602 -0.943913 2.727483 1.000000
-0.245301 -0.983687 2.539803 0.000000
0.046382 -0.988969 2.569709 0.000000
-0.120679 0.719355 2.481422 1.000000
-0.337715 0.420717 2.551774 1.000000
0.014667 0.406051 2.613220 1.000000
-0.143246 0.453358 2.487221 0.000000
-0.185753 0.264004 2.685791 0.000000
-0.299498 0.026836 2.567370 0.538462
-0.022489 0.043165 2.613206 0.923077
-0.182334 0.056119 2.711734 0.000000
-0.428566 0.221005 2.668475 1.000000
0.099960 0.176657 2.656366 1.000000
-0.337795 0.039808 2.492544 1.000000
0.008595 0.035641 2.447104 1.000000
-0.299891 -0.015887 2.503637 1.000000
-0.014316 -0.000820 2.394120 0.000000
-0.284961 -0.538504 2.601370 1.000000
-0.008713 -0.523134 2.564718 1.000000
-0.227634 -0.941964 2.728894 0.634856
0.012885 -0.934622 2.676700 1.000000
-0.235572 -0.993677 2.568853 0.000000
0.056774 -0.975158 2.519281 0.000000
-0.141692 0.694231 2.481693 1.000000
-0.344233 0.380032 2.562256 1.000000
0.007794 0.375203 2.627200 1.000000
-0.150391 0.422129 2.501399 0.000000
-0.188189 0.223319 2.691497 0.000000
-0.329998 -0.013063 2.567538 1.000000
-0.055220 0.021352 2.616670 0.355769
-0.216901 0.025593 2.712936 0.000000
-0.469543 0.176392 2.635610 1.000000
0.082348 0.144049 2.686880 1.000000
-0.349866 0.037422 2.437331 1.000000
0.027330 -0.079062 2.544949 1.000000
-0.301938 0.050004 2.390361 0.812500
-0.019570 -0.127911 2.553655 0.913462
-0.293432 -0.573931 2.597847 1.000000
-0.004104 -0.533880 2.529843 1.000000
-0.216939 -0.967544 2.744635 0.506731
0.006057 -0.941704 2.655960 1.000000
-0.228130 -1.028152 2.587946 0.000000
0.062105 -0.987335 2.503886 0.000000
-0.152606 0.651852 2.485759 1.000000
-0.343475 0.390973 2.571554 1.000000
0.013310 0.393378 2.600929 1.000000
-0.157550 0.435925 2.491170 0.000000
-0.172262 0.238665 2.686012 0.000000
-0.312126 -0.009326 2.562678 1.000000
-0.032509 0.010716 2.585349 1.000000
-0.183891 0.023677 2.696441 0.000000
-0.450306 0.166457 2.565918 1.000000
0.085135 0.187813 2.721082 1.000000
-0.276765 0.155442 2.361234 1.000000
0.055451 -0.060701 2.623649 1.000000
-0.228914 0.175955 2.317063 0.206731
0.027362 -0.102824 2.577842 0.896635
-0.295295 -0.572544 2.607794 1.000000
-0.017953 -0.554663 2.533828 1.000000
-0.217677 -0.970469 2.741810 0.534856
-0.020334 -0.960317 2.667125 1.000000
-0.242953 -1.028008 2.585604 0.000000
0.018841 -1.011645 2.511623 0.000000
-0.167046 0.682640 2.470885 1.000000
-0.330424 0.420463 2.563778 1.000000
0.026614 0.427501 2.589043 1.000000
-0.145910 0.465353 2.480172 0.000000
-0.156270 0.273017 2.680149 0.000000
-0.306564 0.021196 2.552138 1.000000
-0.026614 0.039252 2.572224 1.000000
-0.176906 0.054055 2.684558 0.000000
-0.435545 0.199340 2.590065 1.000000
0.100167 0.231540 2.718758 1.000000
-0.270111 0.203314 2.381902 0.865385
0.052559 -0.003528 2.603900 1.000000
-0.232928 0.241415 2.339156 0.812500
0.017992 -0.040825 2.558342 1.000000
-0.298636 -0.540781 2.603698 1.000000
-0.028064 -0.533193 2.555998 1.000000
-0.221337 -0.941004 2.730881 0.569231
-0.024307 -0.943424 2.674429 1.000000
-0.249393 -0.996182 2.574298 0.000000
0.005236 -0.989151 2.515099 0.000000
-0.161354 0.717310 2.473134 1.000000
-0.316325 0.427648 2.567389 1.000000
0.041128 0.434225 2.586065 1.000000
-0.133373 0.473436 2.480887 0.000000
-0.140129 0.278762 2.678744 0.000000
-0.302605 0.041615 2.550003 1.000000
-0.021646 0.053291 2.544788 0.634615
-0.160958 0.073964 2.669651 0.000000
-0.433279 0.212038 2.608161 1.000000
0.120722 0.226416 2.697010 1.000000
-0.271493 0.181020 2.396102 1.000000
0.047129 0.007971 2.559271 1.000000
-0.231294 0.211896 2.350360 0.980769
0.003466 -0.027874 2.520928 1.000000
-0.297117 -0.521478 2.577857 1.000000
-0.032284 -0.520178 2.573521 1.000000
-0.211297 -0.914509 2.721003 0.547356
-0.035173 -0.935195 2.673927 1.000000
-0.259423 -0.978900 2.573058 0.000000
-0.023550 -0.974771 2.510683 0.000000
-0.135719 0.715777 2.481616 1.000000
-0.303224 0.383719 2.575545 1.000000
0.052187 0.375284 2.617688 1.000000
-0.113427 0.427977 2.504348 0.000000
-0.140078 0.221199 2.687716 0.000000
-0.290229 0.005939 2.551874 0.913462
-0.011517 0.023983 2.584974 1.000000
-0.166303 0.026567 2.692027 0.000000
-0.410100 0.165184 2.639459 1.000000
0.138323 0.139009 2.622191 1.000000
-0.299277 0.018190 2.439727 1.000000
0.066674 -0.071496 2.466192 1.000000
-0.241046 0.020468 2.404153 0.812500
0.032242 -0.051270 2.410812 0.610577
-0.310266 -0.547631 2.519010 1.000000
-0.011379 -0.551254 2.556562 1.000000
-0.042338 -0.820712 2.708669 1.000000
-0.019650 -0.966216 2.656902 0.806731
-0.128707 -0.950137 2.644327 0.000000
0.016889 -1.005534 2.497311 0.000000
-0.103434 0.656399 2.477837 1.000000
-0.302944 0.370030 2.559279 1.000000
0.050568 0.356999 2.614262 1.000000
-0.109983 0.407977 2.493123 0.000000
-0.146925 0.209329 2.683558 0.000000
-0.263998 -0.008870 2.557736 0.278846
0.016075 -0.015150 2.582652 1.000000
-0.134643 0.002689 2.693970 0.000000
-0.373739 0.138434 2.627642 1.000000
0.115943 0.118756 2.566421 1.000000
-0.287786 -0.062937 2.466677 1.000000
0.008049 0.000196 2.346989 1.000000
-0.266061 -0.113503 2.426270 0.000000
-0.019447 -0.029438 2.291967 0.000000
-0.305635 -0.565401 2.515130 1.000000
-0.006278 -0.584700 2.561661 1.000000
0.027167 -0.722481 2.731690 1.000000
-0.026862 -0.997137 2.670293 1.000000
-0.026267 -0.879028 2.700256 0.000000
0.006620 -1.040727 2.511142 0.000000
-0.099697 0.649093 2.479001 1.000000
-0.310728 0.400391 2.551732 1.000000
0.043581 0.384363 2.600437 1.000000
-0.118651 0.436426 2.482029 0.009615
-0.153944 0.238658 2.673689 0.000000
-0.252511 0.006308 2.546320 0.086538
0.026299 -0.005909 2.581208 1.000000
-0.127479 0.021713 2.686161 0.000000
-0.385549 0.185250 2.654116 1.000000
0.117146 0.147950 2.567828 1.000000
-0.301026 -0.018856 2.499423 1.000000
-0.024979 0.129551 2.339366 1.000000
-0.283009 -0.084646 2.496485 1.000000
-0.065613 0.136414 2.284930 0.072115
-0.299018 -0.553680 2.534871 1.000000
-0.008905 -0.574481 2.581973 1.000000
0.048584 -0.665393 2.756281 1.000000
-0.033664 -0.986628 2.690837 1.000000
0.006633 -0.827670 2.740264 0.000000
0.002099 -1.030651 2.532303 0.000000
-0.094560 0.688961 2.474571 1.000000
-0.332945 0.439258 2.547888 1.000000
0.022393 0.418248 2.586058 1.000000
-0.142515 0.475516 2.473914 0.000000
-0.174561 0.272323 2.660401 0.000000
-0.276509 0.045576 2.543975 0.076923
0.003368 0.036698 2.570279 1.000000
-0.147357 0.064082 2.679633 0.000000
-0.412271 0.224857 2.639690 1.000000
0.123832 0.194375 2.602768 1.000000
-0.312928 0.035325 2.481625 1.000000
-0.037392 0.192395 2.391158 1.000000
-0.298857 -0.031485 2.481473 1.000000
-0.064386 0.236223 2.346303 0.442308
-0.288665 -0.523225 2.554673 1.000000
-0.028374 -0.532151 2.569899 1.000000
0.030505 -0.722639 2.756399 1.000000
-0.021554 -0.943524 2.684155 1.000000
-0.039616 -0.871398 2.720290 0.000000
0.005954 -0.987555 2.523984 0.000000
-0.112855 0.722011 2.480568 1.000000
-0.346982 0.419942 2.545759 1.000000
0.004377 0.405690 2.612895 1.000000
-0.152053 0.463069 2.489252 0.000000
-0.194281 0.252829 2.665625 0.000000
-0.287016 0.036021 2.534295 0.403846
-0.010052 0.037018 2.583200 1.000000
-0.170093 0.055857 2.680451 0.000000
-0.450088 0.212738 2.629785 1.000000
0.108337 0.182627 2.620627 1.000000
-0.332312 0.054717 2.451292 1.000000
-0.037921 0.128945 2.405154 1.000000
-0.315231 -0.008068 2.471976 1.000000
-0.075344 0.120265 2.348712 0.105769
-0.306727 -0.528925 2.557427 1.000000
-0.032283 -0.531839 2.538451 1.000000
0.016791 -0.747011 2.730929 0.909856
-0.020558 -0.936582 2.674006 1.000000
-0.062784 -0.891597 2.697568 0.000000
0.018791 -0.987548 2.518429 0.000000
-0.139534 0.695808 2.484424 1.000000
-0.353533 0.384651 2.554427 1.000000
-0.003373 0.376010 2.628432 1.000000
-0.158091 0.429082 2.500776 0.000000
-0.201162 0.221756 2.680364 0.000000
-0.333108 -0.009005 2.545187 1.000000
-0.060626 0.029877 2.603010 0.500000
-0.223689 0.016939 2.696118 0.000000
-0.472714 0.174102 2.597286 1.000000
0.081308 0.145385 2.631984 1.000000
-0.365919 0.034392 2.398584 1.000000
-0.014764 0.002071 2.430395 1.000000
-0.308024 0.052401 2.367193 0.812500
-0.039692 -0.034686 2.378539 0.000000
-0.303554 -0.568893 2.565410 1.000000
-0.029956 -0.540714 2.517929 1.000000
0.028028 -0.780098 2.732069 0.819231
-0.072496 -0.936376 2.672756 1.000000
-0.046982 -0.926429 2.695863 0.000000
-0.012930 -0.999277 2.528377 0.000000
-0.155677 0.656390 2.485704 1.000000
-0.351921 0.374337 2.566865 1.000000
0.004179 0.376678 2.603626 1.000000
-0.164456 0.420973 2.491152 0.024038
-0.182846 0.220215 2.682069 0.000000
-0.339614 -0.015541 2.540530 1.000000
-0.060693 0.005017 2.570230 0.288462
-0.214408 0.009935 2.678735 0.000000
-0.438439 0.143526 2.558694 1.000000
0.063334 0.141497 2.648531 1.000000
-0.341076 0.033429 2.336577 1.000000
-0.002603 -0.079141 2.514712 1.000000
-0.285201 0.047926 2.300116 0.913462
0.002430 -0.146751 2.506641 1.000000
-0.313927 -0.581684 2.570205 1.000000
-0.028956 -0.561364 2.527208 1.000000
0.018506 -0.766996 2.763794 0.519231
-0.087761 -0.943445 2.708552 1.000000
-0.048974 -0.918482 2.734663 0.000000
-0.025599 -1.018246 2.571108 0.129808
-0.177823 0.664231 2.486458 1.000000
-0.343744 0.392428 2.577855 1.000000
0.013864 0.395572 2.594317 1.000000
-0.161046 0.441232 2.492473 0.000000
-0.167899 0.236912 2.680350 0.000000
-0.319532 0.001886 2.538709 1.000000
-0.039087 0.008538 2.558897 0.730769
-0.188627 0.023482 2.672213 0.000000
-0.408845 0.154277 2.553788 1.000000
0.066751 0.158811 2.646094 1.000000
-0.317333 0.037038 2.330983 1.000000
0.038085 -0.092302 2.557313 1.000000
-0.275983 0.051221 2.278537 0.778846
0.024926 -0.149501 2.522432 1.000000
-0.303581 -0.567617 2.578566 1.000000
-0.031458 -0.559804 2.543050 1.000000
0.031300 -0.749512 2.771175 0.831731
-0.062350 -0.951556 2.710100 0.975481
-0.037275 -0.901376 2.746986 0.000000
-0.017194 -1.018181 2.562207 0.129808
-0.170200 0.691362 2.486099 1.000000
-0.332377 0.399733 2.586689 1.000000
0.025438 0.400975 2.598148 1.000000
-0.150703 0.450962 2.500546 0.004808
-0.155747 0.239937 2.680918 0.000000
-0.296604 0.014383 2.535217 1.000000
-0.015912 0.017485 2.552647 1.000000
-0.164126 0.032568 2.667673 0.000000
-0.395748 0.158378 2.564919 1.000000
0.074161 0.158822 2.639739 1.000000
-0.318932 0.018988 2.346194 1.000000
0.075439 -0.105323 2.581460 1.000000
-0.278491 0.024964 2.291510 0.711538
0.060478 -0.164475 2.550819 1.000000
-0.292962 -0.554108 2.584945 1.000000
-0.029936 -0.555287 2.560583 1.000000
0.036987 -0.750270 2.771983 1.000000
-0.043841 -0.963034 2.686592 1.000000
-0.039156 -0.898890 2.750434 0.000000
-0.014998 -1.012910 2.528381 0.000000
-0.158566 0.700385 2.498832 1.000000
-0.312037 0.382416 2.593800 1.000000
0.045805 0.379312 2.603986 1.000000
-0.130057 0.430664 2.506589 0.000000
-0.137058 0.221233 2.688746 0.000000
-0.264367 0.005942 2.557976 0.634615
0.016826 0.003635 2.563172 1.000000
-0.126006 0.013378 2.685361 0.000000
-0.370711 0.134784 2.572972 1.000000
0.101219 0.131655 2.632146 1.000000
-0.314151 -0.050796 2.377023 1.000000
0.102961 -0.139485 2.581998 1.000000
-0.290686 -0.095551 2.331110 1.000000
0.096414 -0.202083 2.555535 1.000000
-0.286638 -0.560410 2.578724 1.000000
-0.022545 -0.571945 2.580902 1.000000
0.011891 -0.789604 2.780416 1.000000
-0.065612 -0.976993 2.709008 1.000000
-0.073697 -0.930656 2.746812 0.000000
-0.045730 -1.029329 2.550214 0.000000
-0.119971 0.680798 2.499865 1.000000
-0.298954 0.379558 2.596256 1.000000
0.058714 0.364780 2.600625 1.000000
-0.117017 0.419624 2.504910 0.000000
-0.127762 0.214947 2.692216 0.000000
-0.251448 0.003384 2.558430 0.240385
0.029584 -0.003621 2.567020 1.000000
-0.114571 0.006984 2.687572 0.000000
-0.357628 0.129375 2.575353 1.000000
0.109681 0.112368 2.613337 1.000000
-0.316112 -0.108195 2.436224 1.000000
0.113518 -0.163809 2.578236 1.000000
-0.320139 -0.172221 2.412854 0.963942
0.104984 -0.227176 2.554289 1.000000
-0.288923 -0.561115 2.576775 1.000000
-0.001480 -0.576587 2.579426 1.000000
0.001200 -0.807746 2.769986 1.000000
-0.103689 -0.976774 2.687741 1.000000
-0.090810 -0.944110 2.734080 0.000000
-0.065200 -1.028687 2.532261 0.000000
-0.102057 0.677042 2.503356 1.000000
-0.285834 0.380702 2.589320 1.000000
0.071564 0.366769 2.604693 1.000000
-0.101283 0.420305 2.503163 0.000000
-0.117317 0.217396 2.692008 0.000000
-0.254522 -0.005962 2.549756 1.000000
0.025271 -0.005931 2.578345 1.000000
-0.127297 0.004657 2.688056 0.000000
-0.350381 0.129233 2.578890 1.000000
0.117009 0.110963 2.607857 1.000000
-0.337853 -0.136395 2.489344 1.000000
0.119672 -0.167431 2.572882 1.000000
-0.325927 -0.201742 2.505129 1.000000
0.108977 -0.231731 2.552567 1.000000
-0.276837 -0.571141 2.591896 1.000000
-0.000160 -0.579569 2.610386 1.000000
0.026331 -0.821396 2.758602 1.000000
-0.106344 -0.993136 2.614424 1.000000
-0.067613 -0.957177 2.725614 0.000000
-0.059530 -1.006729 2.453259 0.000000
-0.094072 0.680915 2.498360 1.000000
-0.270905 0.379549 2.586812 1.000000
0.086245 0.365570 2.607107 1.000000
-0.085206 0.416835 2.502100 0.000000
-0.103961 0.218579 2.695579 0.000000
-0.248433 -0.006367 2.562091 1.000000
0.032498 -0.012820 2.573825 1.000000
-0.112831 0.004544 2.692163 0.000000
-0.342527 0.127804 2.601604 1.000000
0.133192 0.108020 2.620835 1.000000
-0.344982 -0.153123 2.566660 1.000000
0.113722 -0.168418 2.562954 1.000000
-0.352498 -0.214590 2.595418 1.000000
0.088696 -0.227938 2.540757 1.000000
-0.278040 -0.572018 2.593199 1.000000
0.005459 -0.583725 2.615786 1.000000
0.057932 -0.775408 2.760784 1.000000
-0.012472 -1.009326 2.645319 1.000000
-0.022235 -0.922413 2.743088 0.000000
0.000755 -1.021500 2.477907 0.000000
-0.073610 0.678185 2.495332 1.000000
-0.268060 0.375443 2.587760 1.000000
0.089053 0.363208 2.609773 1.000000
-0.082143 0.413097 2.503691 0.000000
-0.100890 0.215853 2.698202 0.000000
-0.249876 -0.005592 2.568210 1.000000
0.031332 -0.010396 2.567361 1.000000
-0.108651 0.006433 2.692051 0.000000
-0.338863 0.123940 2.620636 1.000000
0.137747 0.104813 2.624224 1.000000
-0.364085 -0.159221 2.612953 1.000000
0.110906 -0.171951 2.564591 1.000000
-0.345310 -0.219649 2.638595 0.862981
0.091455 -0.232135 2.538877 1.000000
-0.276661 -0.571021 2.582074 1.000000
-0.002025 -0.581947 2.625601 1.000000
0.017775 -0.748989 2.834985 0.891106
-0.094733 -0.980961 2.746109 1.000000
-0.051414 -0.900288 2.809067 0.000000
-0.067513 -1.034764 2.588901 0.105769
-0.056276 0.673113 2.495007 1.000000
-0.262352 0.378412 2.591434 1.000000
0.094640 0.360563 2.611489 1.000000
-0.076297 0.414557 2.507010 0.000000
-0.097054 0.214736 2.698667 0.000000
-0.251661 -0.011035 2.568556 1.000000
0.029458 -0.013394 2.576818 1.000000
-0.114650 0.000540 2.697087 0.000000
-0.337174 0.128884 2.636071 1.000000
0.137872 0.100211 2.625721 1.000000
-0.358649 -0.155722 2.633867 1.000000
0.111881 -0.178076 2.567862 1.000000
-0.342385 -0.217583 2.657749 0.627404
0.091464 -0.237893 2.542043 1.000000
-0.261990 -0.579806 2.595989 1.000000
-0.002953 -0.585992 2.629475 1.000000
-0.009721 -0.804158 2.857437 0.694231
-0.068396 -0.991842 2.744941 1.000000
-0.086751 -0.946141 2.809925 0.000000
-0.043873 -1.041072 2.585802 0.000000
-0.049320 0.671537 2.491635 1.000000
-0.257711 0.376900 2.598794 1.000000
0.099673 0.358399 2.608722 1.000000
-0.074048 0.412970 2.509256 0.000000
-0.089740 0.212649 2.700871 0.000000
-0.247958 -0.003772 2.570433 1.000000
0.033263 -0.007778 2.570115 1.000000
-0.107033 0.006413 2.694781 0.000000
-0.330352 0.125494 2.641052 1.000000
0.138598 0.096595 2.623246 1.000000
-0.359444 -0.159172 2.632900 1.000000
0.113842 -0.184264 2.573723 1.000000
-0.337886 -0.219421 2.656708 0.677885
0.105083 -0.249510 2.555618 0.980769
-0.261782 -0.572388 2.594481 1.000000
0.006378 -0.578733 2.629235 1.000000
-0.021121 -0.828848 2.836638 1.000000
-0.103581 -0.978850 2.729954 1.000000
-0.104944 -0.962676 2.778210 0.000000
-0.069770 -1.027793 2.572437 0.120192
-0.048852 0.670539 2.494760 1.000000
-0.256438 0.374576 2.603614 1.000000
0.101001 0.354797 2.606723 1.000000
-0.074377 0.410223 2.510698 0.000000
-0.087149 0.209484 2.702093 0.000000
-0.247566 -0.002985 2.571012 1.000000
0.033671 -0.001647 2.573338 1.000000
-0.108017 0.005399 2.697034 0.000000
-0.328050 0.121064 2.640335 1.000000
0.138970 0.091854 2.619537 1.000000
-0.352491 -0.164329 2.618931 1.000000
0.121346 -0.192174 2.580519 1.000000
-0.340060 -0.225936 2.645609 0.576923
0.107692 -0.258354 2.570753 0.947115
-0.262439 -0.568997 2.607394 1.000000
0.013894 -0.574899 2.617197 1.000000
-0.024257 -0.851160 2.821829 1.000000
-0.135781 -0.963480 2.711705 1.000000
-0.116411 -0.977059 2.758524 0.000000
-0.081208 -1.020659 2.563036 0.000000
-0.043165 0.667111 2.494398 1.000000
-0.258510 0.375328 2.602465 1.000000
0.098820 0.353713 2.605860 1.000000
-0.076214 0.409676 2.509520 0.000000
-0.090134 0.209743 2.701677 0.000000
-0.244298 -0.007829 2.569235 1.000000
0.036935 -0.004830 2.570152 1.000000
-0.104187 0.002928 2.694452 0.000000
-0.329895 0.120590 2.634125 1.000000
0.141938 0.091154 2.619777 1.000000
-0.345869 -0.162608 2.585811 1.000000
0.122501 -0.191383 2.568932 1.000000
-0.329735 -0.223059 2.613141 0.711538
0.115539 -0.258880 2.561368 0.846154
-0.260091 -0.572391 2.612267 1.000000
0.003911 -0.579837 2.622152 1.000000
-0.018602 -0.851842 2.826555 0.931731
-0.107619 -0.977489 2.730609 1.000000
-0.112073 -0.978477 2.766749 0.000000
-0.075583 -1.029288 2.573636 0.081731
-0.045291 0.667540 2.491964 1.000000
