-0.390273 0.353561 2.697139 1.000000
-0.028387 0.377504 2.605806 1.000000
-0.243712 0.409928 2.526880 0.000000
-0.173652 0.254527 2.763739 0.000000
-0.398628 0.037281 2.679600 0.000000
-0.011014 0.057076 2.569298 0.394231
-0.159389 0.028365 2.780725 0.000000
-0.462388 0.072190 2.680479 1.000000
0.035347 0.096691 2.564213 1.000000
-0.453822 -0.232707 2.634168 1.000000
0.033452 -0.211302 2.546419 1.000000
-0.455472 -0.266443 2.570909 0.509615
0.010877 -0.272658 2.516952 1.000000
-0.307324 -0.521016 2.670109 1.000000
-0.096379 -0.512346 2.627724 1.000000
-0.380492 -0.829007 3.003857 0.000000
-0.387799 -0.810666 2.821836 1.000000
-0.396006 -0.960932 2.878712 0.000000
-0.313379 -0.946328 2.725069 0.000000
-0.227665 0.670094 2.542486 1.000000
-0.389526 0.350041 2.692080 1.000000
-0.027702 0.380389 2.602419 1.000000
-0.243202 0.407412 2.521952 0.067308
-0.171286 0.256308 2.761024 0.000000
-0.401352 0.032948 2.672142 0.000000
-0.010809 0.069652 2.577635 0.336538
-0.165991 0.030083 2.782315 0.000000
-0.459646 0.068208 2.680940 1.000000
0.033461 0.098712 2.565167 1.000000
-0.447072 -0.235626 2.630858 1.000000
0.037599 -0.208990 2.548314 1.000000
-0.458753 -0.305457 2.619471 0.139423
0.013051 -0.268026 2.515838 1.000000
-0.304160 -0.519744 2.664663 1.000000
-0.078374 -0.503562 2.623280 1.000000
-0.370819 -0.846035 2.981980 0.000000
-0.360461 -0.833627 2.775214 1.000000
-0.386813 -0.971091 2.850028 0.000000
-0.277598 -0.954507 2.666458 0.000000
-0.225499 0.671092 2.527204 1.000000
-0.384594 0.354190 2.693509 1.000000
-0.023023 0.376130 2.600443 1.000000
-0.238574 0.408571 2.522143 0.048077
-0.168018 0.255030 2.760065 0.000000
-0.393049 0.034441 2.681271 0.000000
-0.008609 0.060294 2.561522 0.413462
-0.151287 0.028947 2.776467 0.000000
-0.455968 0.072375 2.679165 1.000000
0.039962 0.094325 2.563855 1.000000
-0.443267 -0.232213 2.630927 1.000000
0.035174 -0.213692 2.544766 1.000000
-0.436866 -0.254950 2.563218 0.576923
0.009240 -0.269666 2.508204 1.000000
-0.302727 -0.522321 2.664608 1.000000
-0.088836 -0.510716 2.622006 1.000000
-0.370313 -0.847404 2.982968 0.000000
-0.369277 -0.836422 2.785922 1.000000
-0.391868 -0.971894 2.851273 0.000000
-0.297204 -0.957073 2.669495 0.000000
-0.226784 0.668623 2.529395 1.000000
-0.382099 0.349423 2.685451 1.000000
-0.020957 0.377743 2.592443 1.000000
-0.237053 0.403383 2.513128 0.043269
-0.163397 0.256862 2.754512 0.000000
-0.389048 0.032111 2.682701 0.000000
-0.005518 0.057444 2.559958 0.528846
-0.146647 0.029414 2.776379 0.000000
-0.449663 0.067272 2.683302 1.000000
0.044165 0.096460 2.563847 1.000000
-0.433909 -0.230543 2.607723 1.000000
0.039599 -0.210488 2.543451 1.000000
-0.440485 -0.301572 2.600370 0.173077
0.005966 -0.263692 2.509090 1.000000
-0.301915 -0.526142 2.648796 1.000000
-0.093097 -0.516071 2.597164 1.000000
-0.368552 -0.841222 2.977253 0.000000
-0.379618 -0.816045 2.795964 1.000000
-0.388291 -0.970133 2.849587 0.000000
-0.311941 -0.949731 2.691780 0.000000
-0.223597 0.671533 2.526700 1.000000
-0.373412 0.336604 2.684509 1.000000
-0.014788 0.369042 2.583453 1.000000
-0.232875 0.390355 2.508425 0.057692
-0.151915 0.248283 2.750129 0.000000
-0.385966 0.023988 2.669384 0.000000
0.005210 0.048843 2.573644 0.432692
-0.150695 0.021400 2.779755 0.000000
-0.448293 0.056662 2.696216 1.000000
0.051733 0.087276 2.566297 1.000000
-0.421321 -0.239191 2.616705 1.000000
0.038643 -0.218004 2.531499 1.000000
-0.428677 -0.260366 2.548588 0.492788
0.003292 -0.261033 2.486317 1.000000
-0.319568 -0.531816 2.593507 1.000000
-0.100415 -0.524984 2.561440 1.000000
-0.364958 -0.817546 2.951135 0.000000
-0.386352 -0.817851 2.771367 1.000000
-0.387458 -0.957636 2.836353 0.000000
-0.327777 -0.952617 2.663138 0.000000
-0.222547 0.654704 2.521447 1.000000
-0.368170 0.307342 2.694086 1.000000
-0.014486 0.335445 2.575789 1.000000
-0.235726 0.356266 2.510482 0.057692
-0.144267 0.219296 2.751386 0.000000
-0.372462 -0.001951 2.689174 0.000000
0.006410 0.017034 2.551702 0.740385
-0.126851 -0.000703 2.774116 0.000000
-0.443249 0.027495 2.705473 1.000000
0.062609 0.056009 2.568521 1.000000
-0.424672 -0.259249 2.596038 1.000000
0.026914 -0.238344 2.487124 1.000000
-0.393552 -0.293271 2.541115 0.745192
-0.019254 -0.255828 2.435112 1.000000
-0.366969 -0.542985 2.549190 1.000000
-0.100108 -0.553256 2.526216 1.000000
-0.356897 -0.828918 2.909386 0.387981
-0.448161 -0.808052 2.686023 1.000000
-0.409584 -0.966485 2.801655 0.000000
-0.380374 -0.954310 2.600466 0.000000
-0.213587 0.616133 2.518450 1.000000
-0.366374 0.305937 2.686629 1.000000
-0.014800 0.316798 2.559534 1.000000
-0.236976 0.335520 2.496823 0.033654
-0.142780 0.219504 2.747477 0.000000
-0.368208 -0.035493 2.693289 0.000000
0.006195 0.002833 2.547839 0.519231
-0.121790 -0.015117 2.773314 0.000000
-0.441451 0.039773 2.752119 1.000000
0.081608 0.049560 2.551885 1.000000
-0.401149 -0.190415 2.561833 1.000000
-0.070110 -0.133312 2.366523 1.000000
-0.391313 -0.244769 2.516101 0.000000
-0.107242 -0.175687 2.322161 0.000000
-0.409298 -0.515591 2.443504 1.000000
-0.102818 -0.574197 2.536751 1.000000
-0.370526 -0.759896 2.831335 0.000000
-0.540395 -0.682456 2.445064 1.000000
-0.434713 -0.907267 2.744918 0.000000
-0.494359 -0.858670 2.433424 0.000000
-0.211615 0.614221 2.509633 1.000000
-0.371457 0.368255 2.669164 1.000000
-0.015792 0.381163 2.554221 1.000000
-0.235700 0.401970 2.484560 0.048077
-0.150199 0.279796 2.735404 0.000000
-0.374459 0.017793 2.678039 0.000000
0.007478 0.033714 2.548912 0.971154
-0.131468 0.035348 2.768531 0.000000
-0.449430 0.121737 2.773935 1.000000
0.091283 0.123556 2.555426 1.000000
-0.397867 -0.089819 2.573691 1.000000
-0.104072 0.039359 2.349854 1.000000
-0.361397 -0.119303 2.519441 0.661058
-0.150972 0.077775 2.311553 0.408654
-0.408572 -0.472438 2.439845 1.000000
-0.119938 -0.539066 2.592852 1.000000
-0.373955 -0.743776 2.809680 0.000000
-0.510382 -0.604796 2.358687 1.000000
-0.436228 -0.884818 2.712030 0.000000
-0.490975 -0.785334 2.377005 0.000000
-0.216858 0.683671 2.493084 1.000000
-0.385885 0.435446 2.665626 1.000000
-0.028286 0.440343 2.556197 1.000000
-0.246571 0.466030 2.483139 0.033654
-0.167712 0.342091 2.735291 0.000000
-0.390243 0.092685 2.672708 0.000000
-0.006581 0.112113 2.549302 0.951923
-0.148651 0.110026 2.766910 0.000000
-0.466549 0.199648 2.781997 1.000000
0.089724 0.192227 2.568902 1.000000
-0.411604 -0.006895 2.583544 1.000000
-0.109534 0.159957 2.358386 1.000000
-0.375525 -0.033344 2.527498 0.947115
-0.165134 0.191814 2.326194 0.509615
-0.399572 -0.437538 2.521163 1.000000
-0.100696 -0.461822 2.584915 1.000000
-0.145949 -0.798610 2.651172 1.000000
-0.447782 -0.650333 2.349129 1.000000
-0.255358 -0.909636 2.556256 0.000000
-0.379642 -0.816480 2.381660 0.000000
-0.233833 0.747134 2.516099 1.000000
-0.413518 0.460754 2.671538 1.000000
-0.049307 0.460261 2.586532 1.000000
-0.261497 0.493783 2.499945 0.033654
-0.202752 0.359736 2.752414 0.000000
-0.415159 0.147288 2.650414 0.000000
-0.019704 0.154259 2.570603 0.586538
-0.185102 0.154952 2.771063 0.000000
-0.480654 0.208440 2.747148 1.000000
0.063306 0.213351 2.602029 1.000000
-0.428561 0.015253 2.539675 1.000000
-0.130549 0.173284 2.392517 1.000000
-0.398347 -0.045788 2.517231 0.913462
-0.178419 0.213201 2.357055 0.543269
-0.376162 -0.407397 2.556575 1.000000
-0.113605 -0.402932 2.482384 1.000000
-0.127795 -0.774662 2.679177 0.606731
-0.478281 -0.663787 2.379593 0.962981
-0.228664 -0.879620 2.569106 0.000000
-0.367807 -0.789648 2.307061 0.000000
-0.247444 0.751593 2.524474 1.000000
-0.436877 0.412218 2.689042 1.000000
-0.072175 0.415128 2.606216 1.000000
-0.283588 0.456574 2.521172 0.000000
-0.227353 0.303890 2.763422 0.000000
-0.433545 0.128867 2.651026 0.000000
-0.037281 0.111916 2.576933 0.798077
-0.205467 0.116606 2.775006 0.000000
-0.498419 0.147728 2.699153 1.000000
0.055505 0.176990 2.635073 1.000000
-0.449814 -0.050893 2.496125 1.000000
-0.112974 0.062352 2.431342 1.000000
-0.457005 -0.057663 2.425097 0.004808
-0.155629 0.037576 2.379292 0.000000
-0.353909 -0.440404 2.570820 1.000000
-0.104346 -0.418917 2.431370 1.000000
-0.076810 -0.772968 2.726439 0.391106
-0.461520 -0.696760 2.348729 0.637981
-0.160818 -0.893583 2.618268 0.000000
-0.351282 -0.812132 2.260167 0.000000
-0.257130 0.690955 2.527918 1.000000
-0.448737 0.346251 2.697792 1.000000
-0.085060 0.351167 2.610667 1.000000
-0.298014 0.385838 2.526442 0.081731
-0.236752 0.244290 2.774173 0.000000
-0.455764 0.047736 2.682910 0.000000
-0.068735 0.053979 2.569013 0.644231
-0.215939 0.044770 2.782993 0.000000
-0.509203 0.088800 2.643177 1.000000
0.011728 0.105249 2.666133 1.000000
-0.448631 -0.057438 2.404557 0.807692
-0.084979 -0.096090 2.486957 1.000000
-0.427577 -0.028865 2.342245 0.375000
-0.124599 -0.084408 2.428337 0.610577
-0.336714 -0.514789 2.580908 1.000000
-0.134894 -0.463115 2.384085 1.000000
-0.035211 -0.818364 2.749842 0.078606
-0.500540 -0.736522 2.327940 0.147356
-0.108064 -0.948944 2.645212 0.000000
-0.401964 -0.846296 2.220522 0.000000
-0.266956 0.626540 2.511946 1.000000
-0.440445 0.347200 2.656246 1.000000
-0.071355 0.366835 2.599126 1.000000
-0.277835 0.386300 2.496013 0.028846
-0.231048 0.260187 2.754984 0.000000
-0.460015 0.026413 2.661613 0.307692
-0.061559 0.034457 2.598602 0.298077
-0.235159 0.028399 2.791909 0.000000
-0.556706 0.112599 2.607543 1.000000
0.014291 0.138493 2.706135 1.000000
-0.424337 0.069015 2.361920 0.557692
-0.059734 -0.038960 2.499295 1.000000
-0.398720 0.119129 2.317480 0.610577
-0.076342 -0.108649 2.496131 1.000000
-0.336346 -0.538574 2.606679 1.000000
-0.154843 -0.467169 2.367970 1.000000
-0.017807 -0.834385 2.757108 0.000000
-0.516110 -0.749068 2.327737 0.012981
-0.095322 -0.967573 2.659340 0.000000
-0.427845 -0.843831 2.199146 0.000000
-0.275084 0.662588 2.511091 1.000000
-0.425143 0.402055 2.641010 1.000000
-0.056401 0.433442 2.586971 1.000000
-0.262661 0.448938 2.482749 0.038462
-0.213981 0.319220 2.739582 0.000000
-0.441261 0.081228 2.649961 0.365385
-0.041491 0.084179 2.595387 0.076923
-0.219270 0.088318 2.784909 0.000000
-0.552442 0.171128 2.621380 0.969231
0.034375 0.208877 2.693028 1.000000
-0.413588 0.155580 2.378284 0.721154
-0.040128 0.024714 2.495162 1.000000
-0.394268 0.209891 2.335627 0.442308
-0.065379 -0.042380 2.493332 1.000000
-0.330526 -0.486350 2.631766 1.000000
-0.133346 -0.445498 2.423492 1.000000
-0.034026 -0.817526 2.750129 0.087981
-0.456634 -0.754382 2.315437 0.681731
-0.121620 -0.934875 2.641214 0.000000
-0.350731 -0.818278 2.181243 0.000000
-0.271111 0.722733 2.500478 1.000000
-0.410145 0.429440 2.638094 1.000000
-0.045015 0.470094 2.568071 1.000000
-0.255530 0.474287 2.471576 0.033654
-0.192686 0.357913 2.731706 0.000000
-0.418800 0.121669 2.666023 0.000000
-0.023671 0.141656 2.586797 0.201923
-0.188929 0.129573 2.787010 0.000000
-0.518846 0.192003 2.668333 1.000000
0.040038 0.237269 2.655622 1.000000
-0.411434 0.130599 2.418538 0.423077
-0.026028 0.048590 2.461353 1.000000
-0.393631 0.175635 2.365649 0.576923
-0.068063 -0.009455 2.458824 0.913462
-0.371594 -0.428783 2.561103 1.000000
-0.123656 -0.423271 2.511199 1.000000
-0.105508 -0.802688 2.592624 1.000000
-0.418756 -0.645536 2.237129 0.869231
-0.218767 -0.892668 2.481349 0.000000
-0.303866 -0.787051 2.228188 0.000000
-0.257921 0.753462 2.514347 0.980769
-0.385419 0.392481 2.695530 1.000000
-0.044126 0.419371 2.544958 1.000000
-0.270589 0.434778 2.498883 0.081731
-0.155991 0.309597 2.736279 0.000000
-0.391179 0.079778 2.679413 0.000000
-0.018992 0.118500 2.528481 0.721154
-0.145308 0.115637 2.755588 0.000000
-0.445763 0.136679 2.717695 1.000000
0.082415 0.190615 2.579961 1.000000
-0.395489 0.006530 2.475296 0.432692
-0.028978 -0.017252 2.429606 1.000000
-0.381665 -0.024454 2.412118 0.000000
-0.081953 -0.020233 2.381365 1.000000
-0.421172 -0.413985 2.459399 1.000000
-0.092177 -0.458866 2.538113 1.000000
-0.100493 -0.730269 2.552831 0.897356
-0.443885 -0.563043 2.260537 0.562981
-0.200089 -0.856675 2.466761 0.000000
-0.399824 -0.739831 2.271059 0.000000
-0.240692 0.692635 2.506565 1.000000
-0.377704 0.334889 2.711189 1.000000
-0.047553 0.345056 2.535768 1.000000
-0.276290 0.364658 2.505096 0.014423
-0.148063 0.247577 2.739638 0.000000
-0.381922 0.002897 2.705488 0.000000
-0.035620 0.068359 2.509038 0.576923
-0.131302 0.055072 2.750305 0.000000
-0.432389 0.081104 2.762961 1.000000
0.085072 0.115959 2.537366 1.000000
-0.402827 -0.088011 2.540872 0.817308
-0.061821 -0.060146 2.375482 1.000000
-0.414325 -0.157517 2.527485 0.274038
-0.120860 -0.051070 2.335801 1.000000
-0.407206 -0.442006 2.394374 1.000000
-0.083664 -0.516543 2.560587 1.000000
-0.165940 -0.657839 2.721187 0.247356
-0.412379 -0.732478 2.322011 1.000000
-0.206730 -0.818633 2.645108 0.014423
-0.332806 -0.892834 2.357513 0.000000
-0.236465 0.629315 2.504864 1.000000
-0.371403 0.334889 2.698849 1.000000
-0.036276 0.342569 2.532998 1.000000
-0.263944 0.362901 2.495592 0.038462
-0.143054 0.246831 2.734493 0.000000
-0.371203 -0.014622 2.703329 0.000000
-0.018553 0.045867 2.516831 0.673077
-0.119079 0.021186 2.755214 0.000000
-0.436638 0.098221 2.798078 0.938462
0.083685 0.108336 2.503716 1.000000
-0.392997 -0.069747 2.577352 0.932692
-0.132956 0.010424 2.354324 1.000000
-0.416505 -0.132600 2.552067 0.341346
-0.180033 0.045263 2.312942 0.745192
-0.393894 -0.425716 2.340587 1.000000
-0.100943 -0.539267 2.560052 1.000000
-0.157098 -0.704005 2.620021 0.659856
-0.238630 -0.906800 2.320131 0.144231
-0.201212 -0.846761 2.515232 0.173077
-0.339398 -0.798970 2.212778 0.000000
-0.234237 0.639605 2.497169 1.000000
-0.383530 0.423328 2.669057 1.000000
-0.037767 0.432475 2.526787 1.000000
-0.262306 0.453546 2.474025 0.014423
-0.158228 0.334555 2.719319 0.000000
-0.377591 0.073593 2.684435 0.000000
-0.009835 0.120795 2.525279 0.798077
-0.129219 0.102229 2.755375 0.000000
-0.448648 0.200951 2.792391 0.723077
0.069227 0.192787 2.524477 1.000000
-0.421427 0.048331 2.561213 0.701923
-0.157911 0.157285 2.367554 1.000000
-0.389657 -0.013266 2.542803 1.000000
-0.216863 0.193252 2.348227 0.778846
-0.385759 -0.416291 2.433225 1.000000
-0.119958 -0.459414 2.600432 1.000000
-0.139105 -0.730384 2.661496 1.000000
-0.178189 -0.851488 2.367009 0.278606
-0.213535 -0.862568 2.560039 0.038462
-0.312722 -0.774267 2.270864 0.000000
-0.248529 0.738323 2.489910 1.000000
-0.396256 0.448822 2.674717 1.000000
-0.049553 0.459556 2.534869 1.000000
-0.273769 0.480531 2.480715 0.067308
-0.171126 0.360164 2.725942 0.000000
-0.392349 0.117471 2.673016 0.000000
-0.016708 0.151274 2.529650 0.942308
-0.147338 0.147558 2.754290 0.000000
-0.459125 0.206694 2.751631 0.784615
0.072391 0.228695 2.552960 1.000000
-0.422519 0.056618 2.521078 0.653846
-0.137669 0.154054 2.387669 1.000000
-0.395935 -0.008761 2.508376 1.000000
-0.196966 0.185368 2.362257 1.000000
-0.382965 -0.412438 2.516187 1.000000
-0.129152 -0.421958 2.504497 1.000000
-0.082868 -0.749461 2.605392 1.000000
-0.129514 -0.857289 2.355881 0.503606
-0.192285 -0.869076 2.521568 0.000000
-0.199312 -0.802759 2.196317 0.000000
-0.255376 0.755800 2.512771 1.000000
-0.416242 0.429528 2.677392 1.000000
-0.061294 0.436741 2.559768 1.000000
-0.281260 0.463077 2.492191 0.052885
-0.196357 0.335581 2.740578 0.000000
-0.407671 0.125442 2.659118 0.000000
-0.024124 0.127706 2.533859 0.865385
-0.165060 0.129429 2.752206 0.000000
-0.474275 0.175968 2.695724 1.000000
0.071385 0.214032 2.587930 1.000000
-0.418476 -0.046340 2.541055 1.000000
-0.092966 0.074768 2.414576 1.000000
-0.406575 -0.056594 2.471086 0.375000
-0.147390 0.094071 2.372056 0.610577
-0.336756 -0.440331 2.607389 1.000000
-0.127396 -0.412642 2.406581 1.000000
-0.122517 -0.845366 2.566791 1.000000
-0.129789 -0.869644 2.354205 0.266106
-0.237102 -0.892545 2.432811 0.000000
-0.177300 -0.849335 2.179172 0.000000
-0.262995 0.721515 2.522364 0.956731
-0.430764 0.336186 2.702430 1.000000
-0.076086 0.353570 2.585052 1.000000
-0.296300 0.383785 2.519949 0.000000
-0.210346 0.238863 2.758212 0.000000
-0.431184 0.029090 2.674603 0.000000
-0.048916 0.051730 2.547473 0.673077
-0.188015 0.033198 2.766218 0.000000
-0.500912 0.092910 2.636866 1.000000
0.031443 0.121546 2.639869 1.000000
-0.441789 -0.058022 2.411837 0.769231
-0.044988 -0.091608 2.479751 1.000000
-0.413226 -0.040773 2.348361 0.711538
-0.053428 -0.162600 2.485349 0.610577
-0.309787 -0.529803 2.579728 1.000000
-0.130755 -0.449744 2.325499 1.000000
-0.369764 -0.974174 2.682377 0.506731
-0.130129 -0.908817 2.354687 0.009856
-0.410860 -1.008911 2.507990 0.000000
-0.148389 -0.920364 2.173471 0.000000
-0.264203 0.625292 2.496773 1.000000
-0.426462 0.342889 2.677020 1.000000
-0.064731 0.366096 2.584887 1.000000
-0.280312 0.388157 2.503133 0.038462
-0.208333 0.253483 2.751813 0.000000
-0.439122 0.011216 2.681570 0.163462
-0.047438 0.048658 2.592217 0.586538
-0.205920 0.018864 2.796023 0.000000
-0.513443 0.110287 2.598183 1.000000
0.034815 0.135145 2.652982 1.000000
-0.411876 0.029784 2.354184 0.692308
-0.051135 -0.057443 2.474505 1.000000
-0.383009 0.067994 2.300807 0.711538
-0.060288 -0.128436 2.470180 1.000000
-0.314524 -0.541699 2.585221 1.000000
-0.137496 -0.440450 2.331393 1.000000
-0.365721 -0.987954 2.684393 0.266106
-0.130120 -0.899871 2.353248 0.037981
-0.394321 -1.023924 2.507774 0.000000
-0.144207 -0.908742 2.171509 0.000000
-0.264286 0.654481 2.510192 1.000000
-0.417467 0.387888 2.662190 1.000000
-0.053303 0.411885 2.580429 1.000000
-0.266518 0.435461 2.493084 0.048077
-0.201587 0.297072 2.741665 0.000000
-0.431191 0.054464 2.663776 0.278846
-0.035948 0.081014 2.587089 0.201923
-0.202299 0.066714 2.786248 0.000000
-0.534416 0.160049 2.618842 0.984615
0.050942 0.195402 2.679095 1.000000
-0.406865 0.120424 2.377963 0.605769
-0.003908 -0.010481 2.504551 1.000000
-0.383229 0.168691 2.330486 0.677885
-0.061879 -0.043030 2.477671 1.000000
-0.300342 -0.505420 2.616974 1.000000
-0.132245 -0.437133 2.378617 1.000000
-0.308298 -0.961717 2.674680 0.419231
-0.130251 -0.896422 2.353112 0.234856
-0.340647 -0.983697 2.496420 0.000000
-0.152476 -0.886474 2.172243 0.000000
-0.260683 0.702417 2.502750 1.000000
-0.393790 0.423618 2.661079 1.000000
-0.032093 0.461827 2.573949 1.000000
-0.247186 0.473447 2.488830 0.028846
-0.173077 0.344761 2.740042 0.000000
-0.401073 0.104400 2.658951 0.298077
-0.009088 0.132580 2.567538 0.432692
-0.167906 0.118986 2.772801 0.000000
-0.503556 0.189864 2.643869 1.000000
0.069630 0.233498 2.641059 1.000000
-0.388331 0.154809 2.397261 0.442308
0.008980 0.013633 2.488408 1.000000
-0.364088 0.203570 2.350602 0.442308
-0.046610 -0.006758 2.447957 1.000000
-0.291050 -0.454906 2.607319 1.000000
-0.110882 -0.438523 2.517270 1.000000
-0.289420 -0.907772 2.688000 0.881731
-0.189752 -0.876776 2.401884 0.494231
-0.330670 -0.939097 2.513004 0.000000
-0.226353 -0.825123 2.230716 0.000000
-0.244594 0.745086 2.510710 1.000000
-0.375832 0.401204 2.692019 1.000000
-0.022078 0.438044 2.576361 1.000000
-0.243308 0.459384 2.511193 0.028846
-0.151208 0.313080 2.746294 0.000000
-0.386011 0.083629 2.672107 0.000000
-0.008875 0.145963 2.542933 0.826923
-0.142711 0.102664 2.761461 0.000000
-0.468733 0.159607 2.676894 1.000000
0.083912 0.204982 2.617311 1.000000
-0.370862 0.052798 2.443212 0.461538
0.025807 -0.024852 2.478047 1.000000
-0.351569 0.085457 2.382354 0.509615
-0.019070 -0.044296 2.425602 1.000000
-0.300988 -0.461755 2.586288 1.000000
-0.054384 -0.435251 2.575597 1.000000
-0.305046 -0.914216 2.669129 1.000000
-0.359206 -0.774319 2.514638 1.000000
-0.367474 -0.944559 2.500344 0.000000
-0.228544 -0.878631 2.441477 0.000000
-0.227401 0.705786 2.517770 1.000000
-0.365723 0.346134 2.707548 1.000000
-0.013147 0.377290 2.586735 1.000000
-0.234911 0.403150 2.525112 0.192308
-0.141966 0.253517 2.757773 0.000000
-0.377412 0.021712 2.673217 0.000000
-0.005212 0.105488 2.541870 0.634615
-0.133013 0.042303 2.759162 0.000000
-0.431728 0.094221 2.689152 1.000000
0.090828 0.137974 2.595248 1.000000
-0.390358 -0.081572 2.479339 0.875000
0.051324 -0.106934 2.472384 1.000000
-0.358245 -0.074041 2.415663 0.324519
0.005399 -0.134302 2.424589 1.000000
-0.299443 -0.514618 2.581471 1.000000
-0.052983 -0.479105 2.595041 1.000000
-0.327144 -0.971012 2.631847 1.000000
-0.363930 -0.798954 2.482756 1.000000
-0.392413 -0.985791 2.462059 0.000000
-0.231600 -0.924274 2.473276 0.000000
-0.204703 0.645140 2.513693 1.000000
-0.342900 0.338783 2.697029 1.000000
0.016635 0.359108 2.596048 1.000000
-0.200509 0.390486 2.521824 0.052885
-0.124995 0.240515 2.760500 0.000000
-0.354577 -0.007382 2.683985 0.000000
0.026538 0.065261 2.573180 0.576923
-0.114218 0.002217 2.782356 0.000000
-0.419735 0.084082 2.692960 1.000000
0.077613 0.102378 2.561919 1.000000
-0.380869 -0.177940 2.595818 1.000000
0.056330 -0.167215 2.481489 1.000000
-0.361134 -0.208689 2.534113 1.000000
0.012525 -0.203959 2.438206 1.000000
-0.292155 -0.544326 2.586897 1.000000
-0.041150 -0.518932 2.588658 1.000000
-0.335979 -1.002131 2.577203 0.534856
-0.370146 -0.788806 2.413929 1.000000
-0.392002 -0.993096 2.403750 0.000000
-0.260673 -0.933745 2.431666 0.000000
-0.190014 0.632594 2.497668 1.000000
-0.335399 0.363084 2.680997 1.000000
0.026651 0.386115 2.590082 1.000000
-0.188633 0.410527 2.508213 0.014423
-0.117864 0.271439 2.754802 0.000000
-0.343189 0.035767 2.688648 0.000000
0.041995 0.060008 2.570969 0.442308
-0.102007 0.030810 2.785333 0.000000
-0.410060 0.105778 2.692691 1.000000
0.086856 0.126017 2.564759 1.000000
-0.408260 -0.175178 2.648801 1.000000
0.063917 -0.150275 2.501490 1.000000
-0.392842 -0.215914 2.591833 0.896635
0.018351 -0.191795 2.464852 1.000000
-0.292301 -0.518908 2.612778 1.000000
-0.044192 -0.511876 2.622751 1.000000
-0.343844 -0.974533 2.649509 1.000000
-0.392593 -0.766318 2.463140 1.000000
-0.400448 -0.982103 2.476174 0.000000
-0.295241 -0.917907 2.492293 0.000000
-0.183705 0.676306 2.514131 1.000000
-0.329478 0.372320 2.675378 1.000000
0.032228 0.399167 2.584143 1.000000
-0.183356 0.418571 2.501727 0.014423
-0.110589 0.285577 2.751081 0.000000
-0.341690 0.058704 2.676473 0.000000
0.050126 0.068657 2.580640 0.500000
-0.106671 0.050874 2.787134 0.000000
-0.406417 0.115073 2.707523 1.000000
0.094781 0.136562 2.568189 1.000000
-0.428832 -0.170065 2.686976 1.000000
0.075403 -0.146795 2.528672 1.000000
-0.427095 -0.214115 2.630416 0.913462
0.031072 -0.194193 2.498166 1.000000
-0.287947 -0.501629 2.642035 1.000000
-0.047753 -0.498891 2.641589 1.000000
-0.354103 -0.953971 2.693121 1.000000
-0.378909 -0.768836 2.471101 1.000000
-0.398923 -0.967339 2.516716 0.000000
-0.276474 -0.915993 2.505135 0.000000
-0.182355 0.687555 2.524068 1.000000
-0.326490 0.361977 2.696505 1.000000
0.030832 0.390778 2.589886 1.000000
-0.188183 0.411803 2.517524 0.048077
-0.104515 0.273766 2.760641 0.000000
-0.337071 0.055427 2.685408 0.134615
0.049828 0.066335 2.571420 0.471154
-0.097128 0.044841 2.784688 0.000000
-0.412187 0.101568 2.716299 1.000000
0.095120 0.124764 2.564352 1.000000
-0.459928 -0.185952 2.717653 1.000000
0.096424 -0.166558 2.555438 1.000000
-0.473053 -0.229011 2.661831 1.000000
0.073724 -0.231036 2.533764 1.000000
-0.300412 -0.500818 2.669665 1.000000
-0.029627 -0.498164 2.651199 1.000000
-0.360470 -0.955622 2.703515 0.434856
-0.297555 -0.872044 2.656516 1.000000
-0.412302 -0.961793 2.528639 0.000000
-0.209853 -0.936973 2.510233 0.000000
-0.180749 0.672131 2.533318 1.000000
-0.325521 0.359585 2.690932 1.000000
0.033370 0.392192 2.590881 1.000000
-0.184484 0.410341 2.514360 0.052885
-0.103763 0.274257 2.759564 0.000000
-0.339044 0.051761 2.685728 0.067308
0.050281 0.063667 2.580432 0.240385
-0.101364 0.043278 2.790502 0.000000
-0.413911 0.095663 2.717136 1.000000
0.094169 0.120638 2.564114 1.000000
-0.468686 -0.195677 2.717340 1.000000
0.103176 -0.175458 2.552910 1.000000
-0.478237 -0.245420 2.666576 0.576923
0.092759 -0.246376 2.550792 1.000000
-0.279870 -0.507914 2.665334 1.000000
-0.039318 -0.502136 2.657663 1.000000
-0.268189 -0.967763 2.666971 0.412981
-0.307046 -0.827242 2.842670 0.650481
-0.319692 -0.969694 2.491900 0.000000
-0.243081 -0.948481 2.722189 0.000000
-0.176456 0.676971 2.530078 1.000000
-0.322098 0.362214 2.702449 1.000000
0.033689 0.382664 2.588988 1.000000
-0.186131 0.408509 2.520748 0.028846
-0.100998 0.269116 2.762579 0.000000
-0.335083 0.090976 2.682385 0.009615
0.048427 0.037322 2.569050 0.394231
-0.098953 0.049620 2.782754 0.000000
-0.412708 0.093979 2.717976 1.000000
0.094551 0.107236 2.560074 1.000000
-0.457841 -0.203285 2.719745 1.000000
0.095885 -0.193427 2.557654 1.000000
-0.473130 -0.246889 2.664905 0.644231
0.094879 -0.265048 2.554199 1.000000
-0.402936 -0.442184 2.764348 0.084615
-0.156719 -0.501703 2.662241 1.000000
-0.201861 -0.818790 2.593068 0.659856
-0.366930 -0.825508 2.912365 0.184856
-0.333301 -0.922194 2.666125 0.000000
-0.388993 -0.927066 2.762347 0.000000
-0.173755 0.672951 2.533978 1.000000
-0.318936 0.359275 2.711190 1.000000
0.034990 0.379058 2.591939 1.000000
-0.185817 0.406529 2.527637 0.024038
-0.097310 0.264619 2.766777 0.000000
-0.332749 0.050484 2.684100 0.423077
0.057157 0.064656 2.581264 0.384615
-0.095648 0.036876 2.789640 0.000000
-0.413709 0.087957 2.725846 1.000000
0.094084 0.099286 2.559604 1.000000
-0.438398 -0.215076 2.699853 1.000000
0.106535 -0.205353 2.547184 1.000000
-0.457270 -0.257669 2.645335 0.745192
0.084430 -0.273117 2.539317 1.000000
-0.356968 -0.486432 2.693866 1.000000
-0.120922 -0.495933 2.665891 1.000000
-0.133120 -0.866902 2.564502 1.000000
-0.353133 -0.815937 2.901000 0.284856
-0.289123 -0.961297 2.572185 0.000000
-0.378521 -0.910615 2.747059 0.000000
-0.173606 0.670446 2.528001 1.000000
-0.325743 0.359514 2.714026 1.000000
0.028560 0.378177 2.595718 1.000000
-0.191971 0.406723 2.530936 0.062500
-0.104645 0.263805 2.769911 0.000000
-0.336645 0.048248 2.683682 0.057692
0.053233 0.060592 2.580508 0.365385
-0.099521 0.032674 2.788901 0.000000
-0.414009 0.084105 2.721039 1.000000
0.090724 0.097632 2.562252 1.000000
-0.427758 -0.220157 2.684435 1.000000
0.085109 -0.207970 2.536175 1.000000
-0.432653 -0.262931 2.627086 0.694712
0.065277 -0.274543 2.518364 1.000000
-0.323296 -0.500908 2.680980 1.000000
-0.090455 -0.504222 2.654876 1.000000
-0.083608 -0.867987 2.541686 0.666106
-0.337896 -0.807881 2.896048 0.675481
-0.237344 -0.966158 2.535856 0.000000
-0.317397 -0.930615 2.762547 0.000000
-0.171304 0.672979 2.536579 1.000000
-0.327575 0.352571 2.719483 1.000000
0.025788 0.377090 2.599445 1.000000
-0.195447 0.403649 2.536238 0.000000
-0.104988 0.258973 2.772978 0.000000
-0.340464 0.041599 2.689840 0.067308
0.044678 0.053890 2.570184 0.355769
-0.099082 0.026090 2.784896 0.000000
-0.417633 0.076794 2.716998 1.000000
0.088082 0.096749 2.558236 1.000000
-0.416760 -0.224761 2.656111 1.000000
0.075580 -0.208046 2.518401 1.000000
-0.418591 -0.289824 2.626013 0.358173
0.049738 -0.271114 2.496104 1.000000
-0.296038 -0.514298 2.677262 1.000000
-0.057693 -0.512266 2.643352 1.000000
-0.128679 -0.862264 2.427242 0.328606
-0.354459 -0.795860 2.850967 0.887981
-0.280511 -0.958317 2.459289 0.000000
-0.287098 -0.936144 2.755631 0.000000
-0.172343 0.667271 2.546973 1.000000
-0.330987 0.353125 2.725046 1.000000
0.020601 0.376962 2.599771 1.000000
-0.201442 0.405261 2.540261 0.081731
-0.108097 0.257876 2.774193 0.000000
-0.343319 0.034156 2.700794 0.048077
0.033000 0.057696 2.557154 0.365385
-0.096062 0.023163 2.780070 0.000000
-0.416402 0.076118 2.709870 1.000000
0.079732 0.096794 2.552143 1.000000
-0.406584 -0.222040 2.634053 1.000000
0.054080 -0.205045 2.497564 1.000000
-0.399190 -0.262090 2.575028 0.509615
0.023533 -0.268050 2.482080 1.000000
-0.281176 -0.520386 2.681090 1.000000
-0.048400 -0.509485 2.644209 1.000000
-0.133799 -0.871074 2.422444 0.025481
-0.369670 -0.806682 2.785841 1.000000
-0.291744 -0.958109 2.450454 0.000000
-0.279697 -0.942856 2.704185 0.000000
-0.179368 0.667472 2.560934 1.000000
-0.331666 0.359963 2.725599 1.000000
0.022351 0.371955 2.605583 1.000000
-0.197569 0.409496 2.543363 0.009615
-0.113298 0.255629 2.776566 0.000000
-0.348877 0.032929 2.694317 0.000000
0.031407 0.060153 2.562237 0.346154
-0.104037 0.022815 2.780874 0.000000
-0.415218 0.082390 2.702271 1.000000
0.073449 0.091766 2.546799 1.000000
-0.413774 -0.219029 2.637151 1.000000
0.046470 -0.210408 2.491495 1.000000
-0.396536 -0.255155 2.577651 0.509615
0.009841 -0.270071 2.475968 1.000000
-0.281855 -0.519359 2.687902 1.000000
-0.053266 -0.508183 2.644731 1.000000
-0.131290 -0.873268 2.435556 0.059856
-0.356107 -0.817573 2.800182 1.000000
-0.286665 -0.963054 2.468772 0.000000
-0.275756 -0.946827 2.699468 0.000000
-0.179569 0.667648 2.565716 0.913462
-0.334742 0.353446 2.727371 1.000000
0.017741 0.374238 2.604085 1.000000
-0.203687 0.404885 2.543458 0.009615
-0.113062 0.255876 2.777431 0.000000
-0.351724 0.032801 2.698155 0.000000
0.026217 0.063284 2.560191 0.326923
-0.105481 0.024268 2.780814 0.000000
-0.420139 0.076254 2.702360 1.000000
0.068891 0.093888 2.544580 1.000000
-0.419911 -0.225314 2.636356 1.000000
0.041105 -0.209495 2.494714 1.000000
-0.406146 -0.258958 2.574541 0.475962
0.000667 -0.265992 2.476957 1.000000
-0.281538 -0.519609 2.682482 1.000000
-0.048132 -0.505447 2.642938 1.000000
-0.135638 -0.875014 2.429499 0.025481
-0.369870 -0.804397 2.779734 1.000000
-0.298217 -0.955610 2.448963 0.000000
-0.276191 -0.940600 2.702408 0.000000
-0.182446 0.667523 2.573211 1.000000
-0.341409 0.354964 2.720391 1.000000
0.012111 0.372446 2.599586 1.000000
-0.208723 0.402739 2.536659 0.062500
-0.120464 0.257573 2.773929 0.000000
-0.352175 0.026840 2.705535 0.000000
0.021271 0.061527 2.556748 0.375000
-0.103565 0.020761 2.781014 0.000000
-0.420546 0.075789 2.704162 1.000000
0.065171 0.091824 2.545723 1.000000
-0.422885 -0.224173 2.633499 1.000000
0.038587 -0.211163 2.496041 1.000000
-0.422413 -0.280540 2.589171 0.509615
0.005522 -0.273441 2.482980 1.000000
-0.281353 -0.524614 2.684594 1.000000
-0.058259 -0.508998 2.642021 1.000000
-0.136712 -0.879622 2.430334 0.266106
-0.342706 -0.830442 2.807442 1.000000
-0.299822 -0.959356 2.448873 0.000000
-0.274021 -0.951806 2.689715 0.000000
-0.184794 0.671841 2.562814 1.000000
-0.339432 0.350962 2.724401 1.000000
0.011761 0.374276 2.597927 1.000000
-0.210463 0.402432 2.539027 0.048077
-0.116411 0.255821 2.773164 0.000000
-0.351921 0.027792 2.705546 0.000000
0.021868 0.060199 2.557106 0.355769
-0.103475 0.022493 2.781624 0.000000
-0.423888 0.073487 2.703382 1.000000
0.068071 0.093038 2.549958 1.000000
-0.427853 -0.226746 2.633140 1.000000
0.046028 -0.209572 2.494900 1.000000
-0.424333 -0.295138 2.611864 0.509615
0.016090 -0.274392 2.488231 1.000000
-0.281023 -0.524802 2.684557 1.000000
-0.059245 -0.510303 2.641889 1.000000
-0.148104 -0.883582 2.429195 0.234856
-0.332689 -0.836829 2.815696 1.000000
-0.316695 -0.952812 2.438709 0.000000
-0.272067 -0.954481 2.690042 0.000000
-0.187671 0.671150 2.564796 1.000000
