-0.398759 0.359854 2.699541 1.000000
-0.028853 0.376460 2.646909 1.000000
-0.233935 0.400730 2.542037 0.048077
-0.191490 0.268126 2.798503 0.000000
-0.407214 0.032737 2.696250 0.000000
-0.010241 0.065435 2.631859 0.346154
-0.181662 0.037934 2.825249 0.000000
-0.451994 0.070518 2.667747 1.000000
0.021791 0.089449 2.595726 1.000000
-0.472267 -0.241296 2.639165 1.000000
0.019595 -0.223009 2.567073 1.000000
-0.441561 -0.305849 2.633464 0.526442
0.007695 -0.293686 2.564685 1.000000
-0.329497 -0.521402 2.694366 1.000000
-0.111171 -0.508711 2.685909 1.000000
-0.085684 -0.834777 2.462091 1.000000
-0.154644 -0.959041 2.769050 1.000000
-0.215228 -0.959280 2.494087 0.000000
-0.184740 -0.988907 2.591544 0.000000
-0.224103 0.681632 2.575976 1.000000
-0.396895 0.359521 2.707328 1.000000
-0.028223 0.376999 2.646899 1.000000
-0.235542 0.403597 2.547115 0.062500
-0.187593 0.265602 2.799738 0.000000
-0.406138 0.032524 2.698592 0.000000
-0.010174 0.069512 2.630422 0.269231
-0.179416 0.039907 2.825414 0.000000
-0.455042 0.071833 2.670738 1.000000
0.025059 0.091745 2.589670 1.000000
-0.469549 -0.240015 2.640551 1.000000
0.018686 -0.220612 2.562045 1.000000
-0.439903 -0.305195 2.644430 0.694712
0.006665 -0.291171 2.557642 1.000000
-0.331809 -0.519960 2.693255 1.000000
-0.109014 -0.505507 2.687868 1.000000
-0.075161 -0.823094 2.461217 1.000000
-0.160885 -0.953475 2.778611 0.972356
-0.197197 -0.953939 2.497175 0.000000
-0.192781 -0.985595 2.601814 0.000000
-0.222130 0.678760 2.571934 1.000000
-0.393889 0.366144 2.703992 1.000000
-0.024700 0.379223 2.645645 1.000000
-0.231127 0.407356 2.544443 0.096154
-0.186164 0.270623 2.798299 0.000000
-0.402732 0.042799 2.701917 0.000000
-0.006746 0.068769 2.628955 0.355769
-0.174406 0.044490 2.826038 0.000000
-0.454204 0.078921 2.668442 1.000000
0.021125 0.093167 2.586733 1.000000
-0.468444 -0.232950 2.640025 1.000000
0.010630 -0.219012 2.560124 1.000000
-0.444529 -0.300289 2.646018 0.694712
0.001614 -0.290039 2.556076 1.000000
-0.330457 -0.513274 2.695586 1.000000
-0.110714 -0.502600 2.693500 1.000000
-0.078419 -0.826611 2.472211 1.000000
-0.153544 -0.950866 2.787435 1.000000
-0.208849 -0.951231 2.499854 0.000000
-0.185865 -0.984741 2.611043 0.000000
-0.223717 0.680803 2.578907 1.000000
-0.392922 0.364734 2.710925 1.000000
-0.025676 0.377077 2.641253 1.000000
-0.235072 0.404916 2.546261 0.048077
-0.182507 0.269469 2.799343 0.000000
-0.405401 0.043585 2.683658 0.000000
-0.006433 0.063744 2.626904 0.211538
-0.182559 0.047594 2.817325 0.000000
-0.454421 0.078224 2.678006 1.000000
0.017621 0.091597 2.581414 1.000000
-0.468350 -0.232138 2.642578 1.000000
0.011416 -0.220168 2.558221 1.000000
-0.441180 -0.298500 2.643148 0.677885
-0.007603 -0.289311 2.558123 1.000000
-0.329683 -0.514056 2.697866 1.000000
-0.101880 -0.506163 2.689839 1.000000
-0.086280 -0.827210 2.464865 1.000000
-0.140857 -0.952337 2.794767 0.778606
-0.210803 -0.954272 2.505555 0.000000
-0.161022 -0.992189 2.617816 0.000000
-0.225361 0.678917 2.576452 1.000000
-0.388890 0.361676 2.712229 1.000000
-0.022470 0.377210 2.638941 1.000000
-0.233016 0.404295 2.546301 0.043269
-0.176912 0.267229 2.797747 0.000000
-0.401264 0.041513 2.704728 0.000000
-0.007866 0.061809 2.617383 0.336538
-0.168625 0.041527 2.820574 0.000000
-0.449523 0.076983 2.668782 1.000000
0.022866 0.092274 2.580885 1.000000
-0.466701 -0.233742 2.645392 1.000000
0.007432 -0.218469 2.556549 1.000000
-0.443509 -0.301571 2.643448 0.661058
-0.008591 -0.288364 2.555870 1.000000
-0.329361 -0.516641 2.695400 1.000000
-0.105674 -0.506926 2.694054 1.000000
-0.050944 -0.807435 2.472863 0.637981
-0.147825 -0.956867 2.779941 1.000000
-0.165614 -0.944771 2.508858 0.000000
-0.184117 -0.987116 2.603662 0.000000
-0.220266 0.677577 2.576771 1.000000
-0.384333 0.364746 2.718827 1.000000
-0.019905 0.377815 2.635776 1.000000
-0.232615 0.408129 2.549284 0.019231
-0.171045 0.267161 2.797270 0.000000
-0.398019 0.043910 2.709472 0.000000
-0.006842 0.062760 2.612372 0.375000
-0.162588 0.043567 2.819534 0.000000
-0.444725 0.080610 2.672158 1.000000
0.025008 0.093088 2.576854 1.000000
-0.466427 -0.230043 2.653381 1.000000
0.009375 -0.217814 2.556256 1.000000
-0.440475 -0.291062 2.626076 0.862981
-0.012217 -0.286143 2.558988 1.000000
-0.322287 -0.515419 2.694445 1.000000
-0.103091 -0.505388 2.693235 1.000000
-0.081089 -0.832959 2.465115 1.000000
-0.152594 -0.954648 2.778763 1.000000
-0.217012 -0.952607 2.487828 0.000000
-0.192184 -0.983746 2.603001 0.000000
-0.215649 0.675117 2.565485 1.000000
-0.381305 0.361820 2.711111 1.000000
-0.014393 0.377152 2.640282 1.000000
-0.224307 0.403401 2.545981 0.014423
-0.169855 0.268162 2.798776 0.000000
-0.390567 0.042670 2.713361 0.000000
-0.001233 0.057284 2.608442 0.278846
-0.152984 0.039071 2.818635 0.000000
-0.440922 0.076445 2.674283 1.000000
0.028066 0.094305 2.572872 1.000000
-0.451871 -0.234422 2.655938 1.000000
0.020978 -0.216815 2.557110 1.000000
-0.434089 -0.301846 2.639197 0.644231
0.007467 -0.286962 2.550836 1.000000
-0.323828 -0.517177 2.695699 1.000000
-0.097377 -0.508551 2.697516 1.000000
-0.064036 -0.805033 2.448218 1.000000
-0.163262 -0.952744 2.797276 0.862981
-0.175598 -0.942854 2.491412 0.000000
-0.203082 -0.986128 2.622330 0.000000
-0.211007 0.673213 2.558359 1.000000
-0.377074 0.363550 2.707796 1.000000
-0.009772 0.380756 2.639464 1.000000
-0.219171 0.404228 2.543305 0.048077
-0.165588 0.272604 2.798185 0.000000
-0.388924 0.041504 2.708109 0.000000
0.003531 0.062231 2.616719 0.240385
-0.155159 0.043233 2.821652 0.000000
-0.436016 0.078155 2.675478 1.000000
0.033203 0.096892 2.579932 1.000000
-0.443173 -0.231510 2.648578 1.000000
0.030731 -0.213331 2.559386 1.000000
-0.428819 -0.301399 2.641369 0.627404
0.008800 -0.281315 2.553088 1.000000
-0.315720 -0.517085 2.693449 1.000000
-0.092224 -0.507316 2.690897 1.000000
-0.045043 -0.795586 2.446931 1.000000
-0.156518 -0.948698 2.803363 1.000000
-0.151782 -0.937273 2.489801 0.000000
-0.189547 -0.988483 2.628341 0.000000
-0.206790 0.676401 2.556834 1.000000
-0.368831 0.362096 2.709770 1.000000
-0.002057 0.377567 2.638260 1.000000
-0.212161 0.403033 2.544168 0.033654
-0.157108 0.269189 2.797575 0.000000
-0.387840 0.045441 2.687311 0.000000
0.010630 0.057180 2.624972 0.307692
-0.163127 0.045317 2.817868 0.000000
-0.433033 0.079759 2.667883 1.000000
0.039151 0.093174 2.583372 1.000000
-0.446303 -0.229962 2.656140 1.000000
0.035441 -0.216129 2.559728 1.000000
-0.421456 -0.295738 2.642043 0.762019
0.016663 -0.285326 2.561025 1.000000
-0.313721 -0.515341 2.694952 1.000000
-0.090612 -0.509494 2.697133 1.000000
-0.052906 -0.816685 2.465242 1.000000
-0.145218 -0.951472 2.812347 1.000000
-0.171556 -0.949574 2.504855 0.000000
-0.166195 -0.994771 2.636303 0.000000
-0.198014 0.672058 2.546987 1.000000
-0.364868 0.363250 2.709305 1.000000
0.002190 0.374488 2.638466 1.000000
-0.207419 0.403122 2.544182 0.009615
-0.154480 0.267196 2.796929 0.000000
-0.379348 0.045673 2.705901 0.000000
0.014462 0.054029 2.618455 0.269231
-0.146784 0.038365 2.821668 0.000000
-0.426885 0.079278 2.677663 1.000000
0.044950 0.090871 2.581720 1.000000
-0.438966 -0.229710 2.655195 1.000000
0.041321 -0.218588 2.563101 1.000000
-0.406514 -0.290692 2.635945 0.930288
0.025405 -0.288311 2.557826 1.000000
-0.320192 -0.515070 2.694257 1.000000
-0.084690 -0.510778 2.697124 1.000000
-0.091575 -0.840250 2.462757 1.000000
-0.167582 -0.951341 2.800240 0.647356
-0.230989 -0.955504 2.486974 0.000000
-0.195686 -0.987406 2.623560 0.000000
-0.194178 0.671601 2.554735 1.000000
-0.360517 0.366514 2.708726 1.000000
0.006262 0.376905 2.636334 1.000000
-0.203721 0.403997 2.542428 0.024038
-0.149737 0.271910 2.796984 0.000000
-0.377067 0.043825 2.704745 0.000000
0.017637 0.061792 2.622961 0.394231
-0.146105 0.042952 2.823895 0.000000
-0.418272 0.081214 2.673951 1.000000
0.050860 0.092169 2.582691 1.000000
-0.431098 -0.228328 2.648358 1.000000
0.044719 -0.218093 2.564376 1.000000
-0.401435 -0.291145 2.630562 0.862981
0.022667 -0.285210 2.552068 1.000000
-0.317546 -0.514281 2.685183 1.000000
-0.082827 -0.507002 2.693723 1.000000
-0.080456 -0.825820 2.443664 1.000000
-0.161360 -0.952549 2.776913 0.766106
-0.212350 -0.948600 2.472564 0.000000
-0.190293 -0.980681 2.598931 0.000000
-0.190084 0.670063 2.548414 1.000000
-0.355706 0.363047 2.707468 1.000000
0.009364 0.380491 2.628125 1.000000
-0.202856 0.400687 2.537570 0.009615
-0.141186 0.275273 2.793750 0.000000
-0.372060 0.045636 2.709520 0.000000
0.020732 0.057802 2.618040 0.413462
-0.138353 0.045815 2.823196 0.000000
-0.418304 0.078254 2.689116 1.000000
0.058720 0.095470 2.587024 1.000000
-0.430157 -0.228475 2.647146 1.000000
0.042388 -0.213044 2.563843 1.000000
-0.393806 -0.288978 2.634480 0.509615
0.014148 -0.274750 2.540664 1.000000
-0.321391 -0.513868 2.663860 1.000000
-0.076363 -0.510552 2.685677 1.000000
-0.036073 -0.726255 2.372167 0.816106
-0.168284 -0.947005 2.798193 1.000000
-0.117876 -0.885404 2.408031 0.000000
-0.194474 -0.986900 2.622043 0.000000
-0.188854 0.669322 2.552034 1.000000
-0.360128 0.363756 2.712660 1.000000
0.001895 0.376786 2.619678 1.000000
-0.213340 0.398054 2.536812 0.057692
-0.143381 0.274849 2.791932 0.000000
-0.371090 0.042007 2.707435 0.000000
0.024844 0.060092 2.631859 0.557692
-0.142393 0.050782 2.830570 0.000000
-0.423750 0.081548 2.736092 1.000000
0.077681 0.097739 2.644721 1.000000
-0.405828 -0.193192 2.598551 1.000000
0.019710 -0.172806 2.509941 1.000000
-0.408634 -0.246429 2.550589 0.206731
-0.038966 -0.179576 2.469275 0.795673
-0.339109 -0.503912 2.591336 1.000000
-0.079623 -0.513112 2.663539 1.000000
-0.022953 -0.711401 2.329432 0.522356
-0.146306 -0.951820 2.784736 1.000000
-0.124979 -0.862682 2.326122 0.000000
-0.171708 -0.996346 2.609583 0.000000
-0.179779 0.662316 2.534932 1.000000
-0.368519 0.364642 2.703427 1.000000
-0.003436 0.377545 2.623280 1.000000
-0.215633 0.395262 2.532156 0.048077
-0.154313 0.279225 2.792799 0.000000
-0.376206 0.042270 2.700370 0.000000
0.020833 0.061026 2.631004 0.288462
-0.149590 0.053767 2.827077 0.000000
-0.432668 0.089432 2.753673 1.000000
0.086682 0.106577 2.652186 1.000000
-0.391810 -0.145876 2.565015 1.000000
-0.036125 -0.063659 2.431801 1.000000
-0.382292 -0.201424 2.520671 0.000000
-0.065356 -0.103242 2.379635 0.000000
-0.348830 -0.499260 2.572961 1.000000
-0.082576 -0.512695 2.652411 1.000000
-0.033897 -0.703838 2.307321 0.594231
-0.150619 -0.953706 2.764120 0.887981
-0.138436 -0.853163 2.298383 0.000000
-0.174353 -0.994688 2.587872 0.000000
-0.190523 0.662367 2.530252 1.000000
-0.377601 0.376118 2.685831 1.000000
-0.009614 0.386957 2.619922 1.000000
-0.218014 0.402717 2.520090 0.052885
-0.167229 0.292634 2.785538 0.000000
-0.377109 0.047706 2.692530 0.000000
0.017703 0.069247 2.612138 0.336538
-0.147555 0.067782 2.812710 0.000000
-0.439951 0.109499 2.753459 1.000000
0.093521 0.126878 2.655544 1.000000
-0.375117 -0.089252 2.539590 1.000000
-0.059327 0.042626 2.412678 1.000000
-0.359476 -0.136699 2.488146 0.000000
-0.096220 0.023747 2.354154 0.000000
-0.348764 -0.494203 2.571164 1.000000
-0.091855 -0.504853 2.659600 1.000000
-0.032467 -0.669604 2.286927 0.559856
-0.137411 -0.946154 2.781164 1.000000
-0.124518 -0.827101 2.281683 0.000000
-0.177276 -0.989615 2.608455 0.000000
-0.195453 0.681189 2.523728 1.000000
-0.403572 0.383453 2.682425 1.000000
-0.034186 0.389428 2.624167 1.000000
-0.240144 0.415361 2.521433 0.086538
-0.197119 0.289875 2.781360 0.000000
-0.401735 0.055643 2.682170 0.134615
-0.003585 0.082123 2.622350 0.153846
-0.178811 0.076093 2.814185 0.000000
-0.478544 0.119847 2.711185 1.000000
0.075964 0.145209 2.688667 1.000000
-0.414309 -0.048659 2.481261 0.634615
-0.052307 0.060128 2.440286 1.000000
-0.387766 -0.023321 2.419650 0.307692
-0.098091 0.096147 2.398466 0.509615
-0.348580 -0.494752 2.598097 1.000000
-0.112730 -0.493442 2.613905 1.000000
-0.067039 -0.731464 2.321869 1.000000
-0.128840 -0.934502 2.743546 0.681731
-0.178667 -0.875519 2.331541 0.000000
-0.153782 -0.984645 2.569851 0.000000
-0.222226 0.677910 2.526369 1.000000
-0.420803 0.355579 2.677913 1.000000
-0.049329 0.361053 2.634862 1.000000
-0.250797 0.392387 2.524979 0.048077
-0.219078 0.256793 2.781433 0.000000
-0.418461 0.039380 2.671973 0.192308
-0.018840 0.062553 2.621293 0.038462
-0.198536 0.059223 2.809014 0.000000
-0.509323 0.097622 2.681784 1.000000
0.052936 0.118512 2.706336 1.000000
-0.431534 -0.032119 2.435277 0.951923
-0.039088 -0.028231 2.474716 1.000000
-0.383271 -0.043266 2.383422 0.206731
-0.075203 -0.000100 2.419518 0.576923
-0.350739 -0.515854 2.604947 1.000000
-0.123723 -0.498585 2.521651 1.000000
-0.096636 -0.779283 2.326313 1.000000
-0.143587 -0.929900 2.680312 0.725481
-0.221811 -0.911635 2.337288 0.000000
-0.151057 -0.992550 2.509065 0.000000
-0.236154 0.639009 2.533684 1.000000
-0.436886 0.327134 2.684403 1.000000
-0.067101 0.332407 2.628659 1.000000
-0.272350 0.356135 2.523991 0.038462
-0.231049 0.235702 2.786575 0.000000
-0.436130 0.006219 2.682819 0.000000
-0.039403 0.030915 2.613537 0.250000
-0.209845 0.022753 2.809558 0.000000
-0.510087 0.072253 2.628116 1.000000
0.021579 0.096057 2.727481 1.000000
-0.429329 -0.049337 2.380467 0.673077
-0.018206 -0.098979 2.520083 1.000000
-0.393143 -0.017054 2.327638 0.610577
-0.068806 -0.114856 2.471814 0.240385
-0.363201 -0.548181 2.598655 1.000000
-0.127576 -0.511038 2.458078 1.000000
-0.139577 -0.710101 2.230722 1.000000
-0.143949 -0.919889 2.668251 0.000000
-0.208459 -0.876192 2.261950 0.000000
-0.139937 -1.003433 2.506045 0.000000
-0.251478 0.616192 2.523931 1.000000
-0.431414 0.352302 2.660828 1.000000
-0.060819 0.375681 2.616231 1.000000
-0.263643 0.387032 2.504969 0.048077
-0.224473 0.273335 2.770861 0.000000
-0.439098 0.017024 2.667552 0.259615
-0.040496 0.047950 2.613118 0.259615
-0.218614 0.044602 2.802338 0.000000
-0.539645 0.110914 2.623485 1.000000
0.029794 0.151779 2.730396 1.000000
-0.415081 0.039905 2.379150 0.711538
-0.030839 -0.041166 2.532018 1.000000
-0.395968 0.083313 2.325364 0.576923
-0.043025 -0.111833 2.532507 1.000000
-0.348607 -0.540255 2.633276 1.000000
-0.123841 -0.488388 2.441465 1.000000
-0.099295 -0.711327 2.286609 0.469231
-0.140573 -0.895906 2.654184 0.000000
-0.158589 -0.879182 2.326799 0.000000
-0.132586 -0.980533 2.492688 0.000000
-0.269854 0.663960 2.519757 1.000000
-0.418761 0.403787 2.662309 1.000000
-0.050403 0.439008 2.608016 1.000000
-0.256753 0.450201 2.503423 0.024038
-0.206644 0.325242 2.762333 0.000000
-0.423142 0.073081 2.668844 0.307692
-0.024731 0.093708 2.608464 0.153846
-0.200242 0.098262 2.800079 0.000000
-0.530479 0.163515 2.654063 1.000000
0.048312 0.220342 2.720801 1.000000
-0.415991 0.108291 2.403329 0.673077
-0.015829 0.027624 2.526453 1.000000
-0.399554 0.153399 2.350060 0.644231
-0.036931 -0.040901 2.527687 1.000000
-0.336617 -0.487550 2.662754 1.000000
-0.109811 -0.457848 2.487951 1.000000
-0.084227 -0.721529 2.357545 0.425481
-0.121475 -0.884698 2.659015 0.187981
-0.164838 -0.876688 2.409832 0.000000
-0.121397 -0.952589 2.489614 0.000000
-0.259359 0.726741 2.513120 1.000000
-0.404941 0.430409 2.671364 1.000000
-0.041041 0.474919 2.597393 1.000000
-0.252824 0.479443 2.503729 0.038462
-0.185797 0.358667 2.760790 0.000000
-0.403980 0.117205 2.678581 0.115385
-0.007600 0.136140 2.605597 0.346154
-0.176334 0.131013 2.803191 0.000000
-0.498965 0.185785 2.698132 1.000000
0.062951 0.252558 2.692990 1.000000
-0.398319 0.120950 2.445743 0.307692
-0.009232 0.057787 2.506208 1.000000
-0.393564 0.163716 2.388376 0.576923
-0.041238 -0.006385 2.506469 1.000000
-0.350667 -0.436786 2.594882 1.000000
-0.118208 -0.431536 2.546743 1.000000
-0.119002 -0.757937 2.360803 1.000000
-0.150394 -0.873355 2.670678 0.950481
-0.276492 -0.837216 2.313706 0.000000
-0.170071 -0.921028 2.495617 0.000000
-0.248653 0.751034 2.519973 1.000000
-0.375757 0.386476 2.729483 1.000000
-0.033629 0.432613 2.585622 1.000000
-0.259823 0.440877 2.536493 0.043269
-0.143826 0.311161 2.770755 0.000000
-0.380451 0.077691 2.707750 0.000000
-0.009661 0.133688 2.558816 0.721154
-0.134057 0.106183 2.785334 0.000000
-0.438780 0.131282 2.739373 1.000000
0.091433 0.205766 2.631380 1.000000
-0.388022 0.080686 2.469804 0.317308
0.007645 -0.024489 2.498091 1.000000
-0.412940 0.027197 2.429055 0.004808
-0.050759 -0.042233 2.460453 1.000000
-0.405198 -0.419027 2.492886 1.000000
-0.099827 -0.450163 2.594666 1.000000
-0.096572 -0.708397 2.312290 1.000000
-0.152719 -0.898463 2.683151 1.000000
-0.231539 -0.819044 2.258931 0.000000
-0.235473 -0.920508 2.521993 0.000000
-0.241026 0.687997 2.538088 1.000000
-0.368229 0.326048 2.757218 1.000000
-0.038015 0.354657 2.583966 1.000000
-0.267150 0.368762 2.553247 0.129808
-0.136117 0.244477 2.782471 0.000000
-0.354273 -0.019873 2.733587 0.000000
-0.014962 0.083593 2.541322 0.913462
-0.104377 0.034104 2.780272 0.000000
-0.429616 0.069783 2.784687 1.000000
0.091033 0.123469 2.593642 1.000000
-0.367351 -0.099497 2.569288 0.750000
-0.007817 -0.089806 2.439787 1.000000
-0.408056 -0.122892 2.515082 0.593750
-0.061386 -0.097182 2.392687 0.846154
-0.387406 -0.479836 2.462049 1.000000
-0.107884 -0.511656 2.584510 1.000000
-0.044722 -0.655123 2.210174 0.000481
-0.125122 -0.962705 2.673154 1.000000
-0.154000 -0.790864 2.155963 0.000000
-0.264861 -0.980177 2.557076 0.000000
-0.226066 0.622001 2.534370 1.000000
-0.367010 0.305505 2.754767 1.000000
-0.033844 0.324835 2.585939 1.000000
-0.262084 0.345009 2.552097 0.000000
-0.137533 0.217797 2.783319 0.000000
-0.357372 -0.044046 2.744454 0.000000
-0.008952 0.035617 2.557210 0.682692
-0.105013 -0.007669 2.794781 0.000000
-0.416686 0.046607 2.791307 1.000000
0.078023 0.083800 2.571135 1.000000
-0.389331 -0.145582 2.586465 1.000000
-0.053160 -0.104645 2.407047 1.000000
-0.381714 -0.192825 2.533056 0.000000
-0.110630 -0.099888 2.364419 0.711538
-0.391024 -0.493749 2.439124 1.000000
-0.108959 -0.553108 2.567408 1.000000
-0.033893 -0.660981 2.202289 0.000000
-0.067716 -1.009503 2.607441 1.000000
-0.141478 -0.790169 2.131280 0.000000
-0.186986 -1.032233 2.471191 0.000000
-0.223802 0.599347 2.528864 1.000000
-0.373892 0.348826 2.728336 1.000000
-0.029861 0.368766 2.583004 1.000000
-0.255172 0.390266 2.533827 0.038462
-0.147204 0.259853 2.771515 0.000000
-0.372047 0.006988 2.727068 0.000000
-0.005181 0.057545 2.566893 0.730769
-0.124151 0.040890 2.797349 0.000000
-0.432139 0.104782 2.812576 0.938462
0.078856 0.127672 2.593074 1.000000
-0.416076 -0.081422 2.603212 1.000000
-0.104617 0.007116 2.418241 1.000000
-0.365318 -0.108277 2.560260 0.778846
-0.149161 0.026546 2.365508 0.408654
-0.382565 -0.493447 2.505767 1.000000
-0.103453 -0.525071 2.600117 1.000000
-0.057459 -0.650014 2.220473 0.050481
-0.165973 -0.948818 2.767836 1.000000
-0.160169 -0.796324 2.183723 0.000000
-0.233086 -1.002622 2.606879 0.000000
-0.235684 0.663960 2.534758 1.000000
-0.395360 0.383595 2.727376 1.000000
-0.049521 0.415161 2.588544 1.000000
-0.274387 0.434694 2.536589 0.129808
-0.167820 0.296911 2.770725 0.000000
-0.395176 0.052828 2.709350 0.000000
-0.017416 0.081380 2.570481 0.942308
-0.150303 0.074305 2.793712 0.000000
-0.459333 0.144031 2.816803 0.969231
0.067767 0.179555 2.603164 1.000000
-0.433333 -0.018178 2.590666 0.942308
-0.109199 0.043171 2.435211 1.000000
-0.400032 -0.078682 2.571358 1.000000
-0.159809 0.065633 2.389642 0.879808
-0.373971 -0.489143 2.582489 1.000000
-0.123994 -0.494517 2.635133 1.000000
-0.087739 -0.636549 2.253943 0.359856
-0.220471 -0.866612 2.887793 1.000000
-0.167850 -0.800482 2.257700 0.000000
-0.254950 -0.961082 2.735501 0.000000
-0.252320 0.703481 2.550666 1.000000
-0.415899 0.392253 2.744126 1.000000
-0.074202 0.410080 2.593125 1.000000
-0.299859 0.437846 2.548929 0.000000
-0.190395 0.297244 2.780033 0.000000
-0.417791 0.070434 2.711758 0.000000
-0.039257 0.101092 2.575469 0.750000
-0.172889 0.083804 2.797697 0.000000
-0.493359 0.144759 2.793910 1.000000
0.040546 0.175740 2.633739 1.000000
-0.453333 -0.049511 2.596258 1.000000
-0.106520 0.004001 2.468554 1.000000
-0.411389 -0.097628 2.563579 1.000000
-0.158021 0.014538 2.419778 0.543269
-0.355026 -0.484881 2.643912 1.000000
-0.127569 -0.475497 2.614259 1.000000
-0.115296 -0.703004 2.317489 1.000000
-0.151136 -0.900319 2.789104 1.000000
-0.198803 -0.859423 2.360682 0.000000
-0.198662 -0.965120 2.625249 0.000000
-0.265659 0.699680 2.566935 1.000000
-0.451032 0.351416 2.749793 1.000000
-0.102243 0.356284 2.614891 1.000000
-0.324914 0.386371 2.558696 0.014423
-0.229526 0.253805 2.800538 0.000000
-0.453175 0.025447 2.724007 0.000000
-0.075691 0.058111 2.585294 0.846154
-0.206958 0.025312 2.807182 0.000000
-0.527775 0.095324 2.757896 1.000000
0.004736 0.113654 2.649880 1.000000
-0.488672 -0.129780 2.589850 1.000000
-0.097041 -0.107650 2.504601 1.000000
-0.487646 -0.148196 2.520552 0.610577
-0.151479 -0.120438 2.459707 0.644231
-0.379647 -0.529850 2.657396 1.000000
-0.146172 -0.516534 2.595022 1.000000
-0.125457 -0.812200 2.398038 1.000000
-0.176869 -0.964008 2.697123 0.487981
-0.247488 -0.945483 2.423539 0.000000
-0.224023 -1.000147 2.524563 0.000000
-0.285362 0.644392 2.570322 1.000000
-0.464550 0.346530 2.741732 1.000000
-0.108648 0.353604 2.627018 1.000000
-0.327982 0.381186 2.557902 0.019231
-0.245469 0.251378 2.805897 0.000000
-0.469325 0.011527 2.729423 0.000000
-0.086982 0.047017 2.605498 0.576923
-0.226500 0.012520 2.822030 0.000000
-0.537767 0.088936 2.719990 1.000000
-0.017971 0.101789 2.650580 1.000000
-0.510357 -0.159435 2.583128 1.000000
-0.061366 -0.157682 2.541207 1.000000
-0.497837 -0.177550 2.514881 0.812500
-0.110054 -0.183170 2.495139 1.000000
-0.387587 -0.543053 2.657339 1.000000
-0.154346 -0.527686 2.599885 1.000000
-0.130552 -0.762517 2.345299 1.000000
-0.184195 -0.978671 2.685453 0.359856
-0.213989 -0.919402 2.386910 0.000000
-0.225612 -1.009153 2.510348 0.000000
-0.300040 0.653557 2.585828 1.000000
-0.472843 0.361345 2.738108 1.000000
-0.112021 0.376287 2.640843 1.000000
-0.328152 0.404225 2.562406 0.048077
-0.255932 0.266070 2.809098 0.000000
-0.476683 0.023059 2.723479 0.000000
-0.087053 0.063000 2.626543 0.500000
-0.241152 0.029594 2.833132 0.000000
-0.547025 0.103335 2.712395 1.000000
-0.035431 0.118153 2.656139 1.000000
-0.485965 -0.154040 2.603701 1.000000
-0.045170 -0.152355 2.563864 1.000000
-0.503393 -0.187940 2.542960 0.661058
-0.090102 -0.194219 2.526836 1.000000
-0.375286 -0.531513 2.669958 1.000000
-0.156064 -0.513250 2.610880 1.000000
-0.105542 -0.774118 2.387148 1.000000
-0.160144 -0.964981 2.697613 0.872356
-0.201041 -0.924865 2.425379 0.000000
-0.193242 -0.998534 2.521303 0.000000
-0.302523 0.673008 2.601986 1.000000
-0.482912 0.370397 2.740700 1.000000
-0.117384 0.383080 2.662571 1.000000
-0.328648 0.420802 2.575450 0.024038
-0.271822 0.265932 2.816170 0.000000
-0.479783 0.039261 2.721559 0.000000
-0.089551 0.078773 2.626900 0.432692
-0.244799 0.044328 2.832455 0.000000
-0.551895 0.107104 2.710654 1.000000
-0.041940 0.120112 2.650689 1.000000
-0.494180 -0.160559 2.614005 1.000000
-0.034285 -0.166531 2.604945 1.000000
-0.457452 -0.189686 2.559736 1.000000
-0.055984 -0.226472 2.572101 1.000000
-0.374815 -0.515380 2.687010 1.000000
-0.147873 -0.496924 2.637370 1.000000
-0.113032 -0.803218 2.441614 1.000000
-0.161745 -0.948069 2.726114 0.559856
-0.235422 -0.936190 2.467022 0.000000
-0.192826 -0.981859 2.549483 0.000000
-0.308070 0.678408 2.598787 0.932692
-0.488697 0.357949 2.745693 1.000000
-0.122678 0.380428 2.672205 1.000000
-0.333747 0.413360 2.582703 0.038462
-0.275960 0.258371 2.823117 0.000000
-0.485668 0.033758 2.715392 0.000000
-0.091656 0.072932 2.637785 0.298077
-0.255242 0.032158 2.835569 0.000000
-0.545579 0.088964 2.709440 1.000000
-0.047871 0.114728 2.645555 1.000000
-0.517764 -0.192352 2.628448 1.000000
-0.029110 -0.177883 2.623219 1.000000
-0.477644 -0.237394 2.589666 1.000000
-0.041238 -0.241051 2.591513 1.000000
-0.373708 -0.519263 2.705151 1.000000
-0.145398 -0.501184 2.645981 1.000000
-0.101244 -0.796944 2.459678 1.000000
-0.177150 -0.950773 2.737963 0.631731
-0.205900 -0.939493 2.504767 0.000000
-0.196969 -0.985793 2.559955 0.000000
-0.318749 0.669420 2.609468 0.966346
-0.486320 0.354985 2.742141 1.000000
-0.119072 0.381145 2.676409 1.000000
-0.328523 0.412181 2.582534 0.000000
-0.274298 0.257343 2.823874 0.000000
-0.488109 0.031555 2.719243 0.000000
-0.093502 0.067449 2.643083 0.278846
-0.258232 0.029397 2.840459 0.000000
-0.538058 0.082038 2.702074 1.000000
-0.047364 0.110793 2.652956 1.000000
-0.516598 -0.208821 2.642697 1.000000
-0.031017 -0.185067 2.624942 1.000000
-0.492599 -0.272241 2.619363 0.778846
-0.037474 -0.255213 2.611512 1.000000
-0.372833 -0.522293 2.715657 1.000000
-0.146332 -0.505592 2.656569 1.000000
-0.093616 -0.803394 2.481948 1.000000
-0.147180 -0.958886 2.734823 0.806731
-0.200536 -0.945024 2.524559 0.000000
-0.172544 -0.989586 2.556721 0.000000
-0.320312 0.669427 2.596469 1.000000
-0.486887 0.360926 2.747928 1.000000
-0.120073 0.383409 2.678515 1.000000
-0.330134 0.416525 2.586736 0.000000
-0.275042 0.261181 2.827554 0.000000
-0.485146 0.035673 2.722744 0.000000
-0.091463 0.070931 2.641671 0.278846
-0.253825 0.033860 2.841184 0.000000
-0.537571 0.083759 2.705796 1.000000
-0.044993 0.109600 2.654898 1.000000
-0.518687 -0.214484 2.661519 1.000000
-0.032054 -0.191511 2.634158 1.000000
-0.500508 -0.267875 2.617231 0.728365
-0.042782 -0.260886 2.619511 1.000000
-0.377879 -0.518989 2.709047 1.000000
-0.147239 -0.502244 2.661299 1.000000
-0.084236 -0.772360 2.461707 1.000000
-0.148749 -0.954650 2.744521 0.812981
-0.175182 -0.923491 2.508552 0.000000
-0.176469 -0.987195 2.567099 0.000000
-0.319894 0.656417 2.620395 0.346154
-0.480308 0.354119 2.745463 1.000000
-0.113978 0.380822 2.675000 1.000000
-0.324661 0.410497 2.583472 0.014423
-0.267003 0.257751 2.825348 0.000000
-0.486288 0.029484 2.724477 0.000000
-0.093288 0.070550 2.642826 0.451923
-0.254683 0.029649 2.842376 0.000000
-0.536526 0.075273 2.712837 1.000000
-0.044612 0.103827 2.653972 1.000000
-0.522153 -0.224025 2.663893 1.000000
-0.036311 -0.199028 2.634194 1.000000
-0.501088 -0.288581 2.686943 0.610577
-0.054154 -0.266858 2.619255 1.000000
-0.365615 -0.523160 2.713303 1.000000
-0.147150 -0.503714 2.669004 1.000000
-0.069406 -0.773076 2.465508 0.950481
-0.135946 -0.956556 2.749056 0.900481
-0.157255 -0.925457 2.514180 0.000000
-0.165775 -0.988614 2.571887 0.000000
-0.318524 0.670393 2.602636 0.403846
-0.478867 0.356185 2.751377 1.000000
-0.114116 0.384187 2.673602 1.000000
-0.326696 0.414217 2.586690 0.000000
-0.263788 0.259567 2.826035 0.000000
-0.480167 0.033440 2.726269 0.000000
-0.088146 0.070037 2.638051 0.442308
-0.246618 0.030685 2.840237 0.000000
-0.530221 0.076353 2.712277 1.000000
-0.040199 0.107640 2.650583 1.000000
-0.522311 -0.224681 2.667000 1.000000
-0.037655 -0.196031 2.627958 1.000000
-0.503621 -0.286263 2.635363 0.930288
-0.051831 -0.266006 2.621251 1.000000
-0.364737 -0.520631 2.711531 1.000000
-0.143261 -0.502562 2.672057 1.000000
-0.093030 -0.800618 2.467845 1.000000
-0.144449 -0.956263 2.747914 0.887981
-0.200930 -0.941735 2.509677 0.000000
-0.177045 -0.985791 2.570793 0.000000
-0.307822 0.672141 2.594885 1.000000
-0.468940 0.359165 2.745019 1.000000
-0.103398 0.386786 2.670911 1.000000
-0.315054 0.415554 2.581359 0.000000
-0.254569 0.263679 2.823094 0.000000
-0.474838 0.037063 2.723402 0.000000
-0.081916 0.070888 2.638131 0.519231
-0.242166 0.032464 2.839091 0.000000
-0.522787 0.078587 2.708596 1.000000
-0.034865 0.108345 2.644014 1.000000
-0.523382 -0.224733 2.672990 1.000000
-0.026637 -0.196108 2.621393 1.000000
-0.506336 -0.283511 2.635613 0.812500
-0.044970 -0.262692 2.602078 1.000000
-0.364519 -0.517402 2.713948 1.000000
-0.140968 -0.501162 2.672669 1.000000
-0.080735 -0.780801 2.465578 1.000000
-0.167389 -0.950319 2.768379 0.562981
-0.174644 -0.929093 2.515544 0.000000
-0.194059 -0.986443 2.591489 0.000000
-0.302806 0.671499 2.584011 1.000000
-0.463292 0.355279 2.739654 1.000000
-0.096966 0.389959 2.672737 1.000000
-0.307372 0.415759 2.579415 0.000000
-0.248771 0.262919 2.821005 0.000000
-0.481636 0.080098 2.708088 0.000000
-0.086178 0.037041 2.640549 0.384615
-0.259547 0.031701 2.834085 0.000000
-0.523788 0.074969 2.708373 1.000000
-0.033141 0.110509 2.640401 1.000000
-0.520780 -0.229811 2.682571 1.000000
-0.028217 -0.194434 2.616916 1.000000
-0.504762 -0.283063 2.637292 0.812500
-0.040998 -0.258662 2.587695 1.000000
-0.253087 -0.471736 2.751581 1.000000
-0.128472 -0.505216 2.672205 1.000000
-0.516662 -0.845957 2.705899 1.000000
-0.156941 -0.954462 2.766901 0.353606
-0.367503 -0.951110 2.706684 0.000000
-0.170772 -0.991156 2.588664 0.000000
-0.294590 0.673299 2.585353 1.000000
-0.455277 0.355072 2.743436 1.000000
-0.090837 0.388009 2.666142 1.000000
-0.303707 0.416435 2.579403 0.000000
-0.239137 0.260212 2.817280 0.000000
-0.476515 0.046193 2.715261 0.000000
-0.081483 0.046133 2.633087 0.423077
-0.245906 0.025382 2.833276 0.000000
-0.522784 0.075715 2.712254 1.000000
-0.029093 0.106907 2.638942 1.000000
-0.519261 -0.229328 2.682162 1.000000
-0.026248 -0.198140 2.608824 1.000000
-0.488180 -0.275803 2.637256 0.610577
-0.044157 -0.262749 2.583378 1.000000
-0.318084 -0.510536 2.754650 1.000000
-0.131139 -0.513514 2.673196 1.000000
-0.432272 -0.901974 2.967576 0.356731
-0.157146 -0.963398 2.765546 0.356731
-0.426054 -0.990525 2.808120 0.000000
-0.180935 -0.998462 2.588033 0.000000
-0.289947 0.659668 2.607057 0.384615
-0.446029 0.356354 2.732752 1.000000
-0.080062 0.384334 2.660913 1.000000
-0.291156 0.410423 2.569239 0.000000
-0.231824 0.263358 2.814213 0.000000
-0.460683 0.042236 2.718131 0.000000
-0.065987 0.062251 2.636784 0.384615
-0.229571 0.033506 2.836673 0.000000
-0.508627 0.075150 2.705708 1.000000
-0.018533 0.102822 2.634629 1.000000
-0.503536 -0.229756 2.671799 1.000000
-0.020277 -0.202027 2.599888 1.000000
-0.473568 -0.277567 2.627544 0.661058
-0.040036 -0.266583 2.575709 1.000000
-0.337191 -0.518263 2.691350 1.000000
-0.130073 -0.506590 2.671016 1.000000
-0.378678 -0.901154 2.942890 0.337981
-0.156663 -0.956512 2.763012 0.441106
-0.392353 -1.000040 2.790113 0.000000
-0.182595 -0.991228 2.585731 0.000000
-0.288753 0.669007 2.577845 1.000000
-0.440153 0.357408 2.736137 1.000000
-0.074749 0.385405 2.661489 1.000000
-0.286582 0.417487 2.573495 0.000000
-0.225943 0.258929 2.810861 0.000000
-0.475051 0.042036 2.713057 0.000000
-0.079690 0.026829 2.633927 0.336538
-0.245398 0.029888 2.834108 0.000000
-0.521738 0.082629 2.697074 1.000000
-0.022148 0.102642 2.630443 1.000000
-0.484138 -0.220120 2.665009 1.000000
-0.019213 -0.201995 2.594576 1.000000
-0.483339 -0.286451 2.637768 0.644231
-0.038572 -0.267405 2.572458 1.000000
-0.122223 -0.400136 2.469781 0.000000
-0.157746 -0.533542 2.678787 1.000000
-0.387859 -0.643168 2.756091 1.000000
-0.156608 -0.984321 2.770420 0.475481
-0.312528 -0.797690 2.694818 0.000000
-0.187039 -1.020240 2.594096 0.000000
-0.282030 0.672110 2.582292 1.000000
-0.438268 0.356658 2.741632 1.000000
-0.075348 0.386653 2.656396 1.000000
-0.289815 0.418942 2.575115 0.000000
-0.221621 0.258121 2.808880 0.000000
-0.443930 0.004424 2.712744 0.000000
-0.051314 0.039269 2.626483 0.403846
-0.212660 0.024108 2.829655 0.000000
-0.493894 0.075611 2.704619 1.000000
-0.005659 0.108102 2.624697 1.000000
-0.476221 -0.226616 2.657903 1.000000
-0.010082 -0.196731 2.594814 1.000000
-0.425682 -0.272020 2.634951 1.000000
-0.033208 -0.262161 2.576744 1.000000
-0.075653 -0.391197 2.428470 0.000000
-0.135329 -0.538002 2.665561 1.000000
-0.409826 -0.425218 2.742748 1.000000
-0.155544 -0.984520 2.774249 0.553606
-0.406321 -0.606986 2.726799 0.480769
-0.192451 -1.025212 2.600214 0.000000
-0.275035 0.671755 2.578863 1.000000
