-0.326551 0.290505 2.523161 1.000000
0.008163 0.297115 2.439807 1.000000
-0.195939 0.351467 2.338505 0.000000
-0.138221 0.160460 2.555129 0.000000
-0.339257 -0.044815 2.450151 0.250000
0.016534 -0.041650 2.359162 0.884615
-0.132868 -0.047389 2.515927 0.000000
-0.389194 0.020336 2.501297 1.000000
0.078957 0.028152 2.433751 1.000000
-0.379106 -0.269664 2.455629 1.000000
0.078647 -0.264409 2.407450 1.000000
-0.369754 -0.334474 2.456259 0.391827
0.047103 -0.321309 2.414907 1.000000
-0.244521 -0.543749 2.532782 1.000000
-0.065506 -0.543081 2.488379 1.000000
-0.244422 -0.941208 2.620388 1.000000
-0.076152 -0.934800 2.598341 1.000000
-0.282171 -0.974214 2.470687 0.307692
-0.113748 -0.975293 2.450451 0.307692
-0.171960 0.551738 2.366291 1.000000
-0.328884 0.289236 2.521716 1.000000
0.006499 0.297702 2.441269 1.000000
-0.197138 0.349036 2.337486 0.000000
-0.139749 0.161226 2.556974 0.000000
-0.335854 -0.044668 2.449652 0.230769
0.020719 -0.043240 2.361736 0.884615
-0.130056 -0.048152 2.517210 0.000000
-0.386822 0.017125 2.503255 1.000000
0.080206 0.028915 2.433506 1.000000
-0.376262 -0.273512 2.457474 1.000000
0.081855 -0.264598 2.410674 1.000000
-0.369136 -0.338542 2.454546 0.324519
0.044033 -0.317764 2.405098 1.000000
-0.243987 -0.544293 2.532236 1.000000
-0.064742 -0.544146 2.490754 1.000000
-0.241166 -0.941685 2.620102 1.000000
-0.071270 -0.936020 2.600485 1.000000
-0.277923 -0.975081 2.470242 0.326923
-0.108050 -0.976850 2.452483 0.365385
-0.173014 0.551798 2.366742 1.000000
-0.320335 0.287432 2.531244 1.000000
0.012192 0.294703 2.439606 1.000000
-0.194247 0.351231 2.344415 0.000000
-0.131611 0.156437 2.556247 0.000000
-0.336379 -0.045186 2.460946 0.173077
0.015496 -0.043202 2.355800 1.000000
-0.127540 -0.049231 2.518384 0.000000
-0.383864 0.016994 2.503246 1.000000
0.082471 0.024552 2.433744 1.000000
-0.379063 -0.275536 2.466929 1.000000
0.081911 -0.269211 2.408916 1.000000
-0.362927 -0.338218 2.456988 0.375000
0.041551 -0.320773 2.409772 1.000000
-0.241946 -0.545603 2.534513 1.000000
-0.064410 -0.543818 2.490164 1.000000
-0.245121 -0.944043 2.617489 1.000000
-0.072928 -0.935858 2.599163 1.000000
-0.288993 -0.974627 2.468948 0.326923
-0.116803 -0.975597 2.452806 0.384615
-0.166027 0.547192 2.368186 1.000000
-0.319569 0.289162 2.521404 1.000000
0.016555 0.297842 2.444135 1.000000
-0.186010 0.350884 2.339123 0.000000
-0.131040 0.160309 2.556839 0.000000
-0.334366 -0.042268 2.452430 0.221154
0.021973 -0.043132 2.363561 0.903846
-0.128425 -0.047950 2.519402 0.000000
-0.383024 0.017510 2.503866 1.000000
0.084298 0.026860 2.433819 1.000000
-0.375793 -0.275474 2.468996 1.000000
0.081945 -0.267395 2.411129 1.000000
-0.361064 -0.332746 2.440868 0.341346
0.046503 -0.322459 2.411191 1.000000
-0.240310 -0.542595 2.534194 1.000000
-0.061800 -0.543770 2.490526 1.000000
-0.245412 -0.941661 2.614000 1.000000
-0.076574 -0.935358 2.600478 1.000000
-0.282587 -0.971293 2.463452 0.346154
-0.113059 -0.975604 2.452243 0.307692
-0.164795 0.548167 2.362710 1.000000
-0.321114 0.286193 2.516624 1.000000
0.015398 0.295040 2.441084 1.000000
-0.186883 0.343882 2.333518 0.000000
-0.131962 0.159604 2.556601 0.000000
-0.332675 -0.045768 2.454530 0.259615
0.022634 -0.048780 2.361676 0.942308
-0.126023 -0.052042 2.519219 0.000000
-0.384655 0.014223 2.501561 1.000000
0.086183 0.024480 2.436900 1.000000
-0.376534 -0.278757 2.465239 1.000000
0.082167 -0.269618 2.410225 1.000000
-0.363136 -0.342109 2.455478 0.274038
0.046102 -0.324093 2.414699 1.000000
-0.239811 -0.547164 2.533693 1.000000
-0.060693 -0.547701 2.494638 1.000000
-0.241910 -0.945314 2.618078 1.000000
-0.073947 -0.940287 2.601171 1.000000
-0.281068 -0.976827 2.468418 0.250000
-0.112461 -0.979171 2.453086 0.346154
-0.166729 0.547489 2.361544 1.000000
-0.324204 0.290124 2.515176 1.000000
0.013787 0.294456 2.446126 1.000000
-0.185599 0.347888 2.335383 0.000000
-0.137891 0.160007 2.557116 0.000000
-0.331805 -0.047558 2.452732 0.250000
0.024601 -0.045136 2.364160 0.942308
-0.125875 -0.050976 2.519891 0.000000
-0.382420 0.017600 2.500034 1.000000
0.084144 0.024545 2.436907 1.000000
-0.372121 -0.274370 2.461471 1.000000
0.086299 -0.268940 2.410449 1.000000
-0.360717 -0.335907 2.442200 0.358173
0.043334 -0.318351 2.409555 1.000000
-0.237887 -0.547207 2.533744 1.000000
-0.059040 -0.545418 2.496411 1.000000
-0.241193 -0.944926 2.620102 1.000000
-0.076056 -0.938787 2.599463 1.000000
-0.277994 -0.977210 2.470009 0.365385
-0.112681 -0.976220 2.450528 0.326923
-0.164076 0.551214 2.367009 1.000000
-0.325993 0.293236 2.522950 1.000000
0.011003 0.295835 2.449113 1.000000
-0.189271 0.355287 2.343143 0.000000
-0.140725 0.159589 2.557820 0.000000
-0.333102 -0.045072 2.446498 0.317308
0.025870 -0.040273 2.369091 0.875000
-0.129349 -0.047267 2.520046 0.000000
-0.382183 0.021550 2.495271 1.000000
0.082683 0.026564 2.439574 1.000000
-0.371440 -0.270937 2.463533 1.000000
0.087141 -0.266391 2.410798 1.000000
-0.357793 -0.330222 2.439300 0.290865
0.051454 -0.320316 2.421130 1.000000
-0.238674 -0.544163 2.530073 1.000000
-0.055846 -0.541820 2.495469 1.000000
-0.247379 -0.944824 2.601094 1.000000
-0.074541 -0.934100 2.602312 1.000000
-0.279131 -0.971147 2.448701 0.000000
-0.105633 -0.973394 2.452600 0.307692
-0.163668 0.547409 2.363329 1.000000
-0.327150 0.295012 2.512612 1.000000
0.012524 0.289023 2.452525 1.000000
-0.182065 0.349401 2.336925 0.000000
-0.146216 0.158807 2.558577 0.000000
-0.333531 -0.048566 2.446370 0.298077
0.026190 -0.040106 2.372855 0.875000
-0.130563 -0.049533 2.522082 0.000000
-0.382496 0.022739 2.491454 1.000000
0.086688 0.020636 2.442010 1.000000
-0.372476 -0.268125 2.448279 1.000000
0.088142 -0.271800 2.409685 1.000000
-0.348876 -0.324626 2.425065 0.341346
0.040996 -0.317242 2.408929 1.000000
-0.238295 -0.546575 2.530641 1.000000
-0.054189 -0.543110 2.495591 1.000000
-0.242918 -0.943755 2.619383 1.000000
-0.072808 -0.935867 2.600680 1.000000
-0.272798 -0.977227 2.468018 0.326923
-0.102059 -0.974672 2.450469 0.326923
-0.165138 0.542835 2.355649 1.000000
-0.330191 0.303120 2.484331 1.000000
0.014340 0.293237 2.469318 1.000000
-0.163014 0.348803 2.326729 0.000000
-0.158033 0.168613 2.559640 0.000000
-0.326550 -0.047671 2.422091 0.442308
0.040076 -0.032620 2.406778 0.932692
-0.138085 -0.049192 2.528898 0.000000
-0.384908 0.031639 2.466134 1.000000
0.098215 0.028809 2.460977 1.000000
-0.361703 -0.257992 2.427987 1.000000
0.100856 -0.255341 2.389344 1.000000
-0.355815 -0.322891 2.434446 0.492788
0.053479 -0.281900 2.425926 0.980769
-0.236325 -0.542079 2.525818 1.000000
-0.048521 -0.539546 2.502687 1.000000
-0.245197 -0.938132 2.619158 1.000000
-0.074551 -0.933868 2.600057 1.000000
-0.249825 -0.974233 2.465536 0.423077
-0.078778 -0.971439 2.446776 0.365385
-0.154758 0.548995 2.347816 1.000000
-0.335829 0.304597 2.462895 1.000000
0.007632 0.304281 2.495437 1.000000
-0.150007 0.358818 2.330970 0.000000
-0.171714 0.172795 2.558270 0.000000
-0.321790 -0.041289 2.408587 0.586538
0.044391 -0.028978 2.433802 1.000000
-0.146140 -0.047383 2.535233 0.000000
-0.386089 0.034476 2.436743 1.000000
0.120712 0.053047 2.479013 1.000000
-0.359331 -0.255055 2.417091 1.000000
0.132302 -0.213065 2.360778 1.000000
-0.345858 -0.318489 2.426187 0.526442
0.127919 -0.276923 2.346949 0.375000
-0.235807 -0.536763 2.519615 1.000000
-0.048743 -0.535861 2.513380 1.000000
-0.245694 -0.930517 2.622128 1.000000
-0.076994 -0.932349 2.600832 1.000000
-0.233902 -0.970460 2.469845 0.346154
-0.064266 -0.967107 2.447358 0.365385
-0.149629 0.540758 2.331609 1.000000
-0.334056 0.306646 2.425447 1.000000
-0.002246 0.305831 2.519927 1.000000
-0.126661 0.354040 2.327390 0.000000
-0.191765 0.178205 2.554512 0.000000
-0.313342 -0.044477 2.385075 0.817308
0.043082 -0.023730 2.471141 1.000000
-0.161222 -0.047071 2.539289 0.000000
-0.382496 0.037042 2.411430 1.000000
0.138350 0.071861 2.493101 1.000000
-0.347274 -0.249927 2.394606 1.000000
0.175060 -0.176349 2.348468 1.000000
-0.346987 -0.314852 2.403141 0.812500
0.179611 -0.233459 2.316750 0.240385
-0.233839 -0.535566 2.519330 1.000000
-0.052325 -0.534537 2.526167 1.000000
-0.248776 -0.930516 2.616490 1.000000
-0.080322 -0.933969 2.599098 1.000000
-0.210541 -0.968470 2.468092 0.384615
-0.041846 -0.964077 2.448973 0.250000
-0.131704 0.539171 2.322303 1.000000
-0.321754 0.317615 2.385328 1.000000
-0.015954 0.306331 2.544652 1.000000
-0.096956 0.353235 2.329913 0.000000
-0.214307 0.187772 2.543435 0.000000
-0.305721 -0.046880 2.348341 0.980769
0.019564 -0.017575 2.516288 1.000000
-0.194853 -0.042604 2.534403 0.000000
-0.375626 0.056544 2.354851 1.000000
0.163635 0.107585 2.560031 1.000000
-0.343516 -0.224933 2.356389 1.000000
0.241404 -0.075616 2.358409 1.000000
-0.326031 -0.287831 2.361526 1.000000
0.258588 -0.120575 2.314007 0.122596
-0.235667 -0.533898 2.514782 1.000000
-0.055992 -0.533009 2.538942 1.000000
-0.254848 -0.929418 2.608829 1.000000
-0.070512 -0.935559 2.597177 1.000000
-0.181666 -0.965128 2.473575 0.346154
0.003222 -0.958148 2.459418 0.076923
-0.081990 0.531355 2.316678 1.000000
-0.300185 0.327314 2.356784 1.000000
-0.015924 0.293537 2.549346 1.000000
-0.068279 0.337289 2.325252 0.000000
-0.224415 0.195597 2.530886 0.000000
-0.301219 -0.049088 2.335570 1.000000
0.006335 -0.012510 2.532924 0.586538
-0.208730 -0.038461 2.531177 0.000000
-0.363053 0.076274 2.319425 1.000000
0.168246 0.127896 2.633092 1.000000
-0.336658 -0.197863 2.338893 1.000000
0.279129 0.006674 2.411199 1.000000
-0.325974 -0.260803 2.353477 1.000000
0.311553 -0.035103 2.372577 0.223558
-0.236046 -0.534639 2.511184 1.000000
-0.061480 -0.530544 2.545039 1.000000
-0.251621 -0.933131 2.592491 1.000000
-0.071326 -0.934396 2.594589 1.000000
-0.165155 -0.962774 2.463768 0.000000
0.015271 -0.952549 2.463837 0.000000
-0.053477 0.528657 2.311819 1.000000
-0.276887 0.336677 2.327750 1.000000
-0.025824 0.285869 2.558858 1.000000
-0.042682 0.332503 2.329915 0.000000
-0.235019 0.200769 2.509898 0.000000
-0.287169 -0.045077 2.315494 1.000000
-0.008848 -0.014385 2.553131 0.240385
-0.222373 -0.033341 2.521875 0.000000
-0.351750 0.092795 2.289835 1.000000
0.146852 0.161997 2.705007 1.000000
-0.324810 -0.177244 2.312618 1.000000
0.303945 0.089708 2.494623 1.000000
-0.322434 -0.239882 2.331570 1.000000
0.320242 0.032952 2.466313 0.307692
-0.241034 -0.532291 2.502801 1.000000
-0.070530 -0.531174 2.552536 1.000000
-0.249686 -0.928601 2.595064 1.000000
-0.076985 -0.935933 2.594696 1.000000
-0.147018 -0.957917 2.478770 0.000000
0.026436 -0.949921 2.476235 0.000000
-0.021503 0.527601 2.329097 1.000000
-0.248789 0.321629 2.281575 1.000000
-0.102158 0.296121 2.592820 1.000000
-0.034879 0.345671 2.373978 0.000000
-0.264417 0.187578 2.469159 0.000000
-0.232310 -0.052544 2.284949 1.000000
-0.073033 -0.015878 2.613829 0.605769
-0.255898 -0.037923 2.499795 0.000000
-0.327920 0.083751 2.253450 1.000000
0.083338 0.216045 2.743874 1.000000
-0.310048 -0.179247 2.291726 1.000000
0.324863 0.169252 2.641756 1.000000
-0.309357 -0.244022 2.301317 0.846154
0.353171 0.111518 2.629355 0.375000
-0.250534 -0.536119 2.493481 1.000000
-0.082132 -0.535302 2.561552 1.000000
-0.250363 -0.929765 2.596882 1.000000
-0.076899 -0.940180 2.602734 1.000000
-0.108279 -0.947192 2.530302 0.019231
0.065302 -0.945298 2.534345 0.000000
0.001243 0.476922 2.317188 1.000000
-0.247796 0.293625 2.264611 1.000000
-0.148565 0.282499 2.594845 1.000000
-0.055172 0.342598 2.388593 0.000000
-0.275354 0.156389 2.448481 0.000000
-0.210983 -0.070779 2.280768 1.000000
-0.108975 -0.027598 2.630919 0.173077
-0.270094 -0.053680 2.488477 0.000000
-0.315860 0.055582 2.244655 1.000000
0.025791 0.243863 2.767479 0.692308
-0.305096 -0.200979 2.298004 1.000000
0.283548 0.210888 2.731987 1.000000
-0.323381 -0.248184 2.339545 1.000000
0.330256 0.166199 2.742447 0.492788
-0.255035 -0.551776 2.492843 1.000000
-0.086982 -0.547247 2.565925 1.000000
-0.255141 -0.944729 2.598846 1.000000
-0.077422 -0.952491 2.602450 1.000000
-0.103472 -0.956182 2.556540 0.019231
0.073132 -0.953222 2.554936 0.000000
0.007984 0.422944 2.336508 1.000000
-0.229295 0.284817 2.248477 1.000000
-0.184659 0.286473 2.590573 1.000000
-0.062560 0.348054 2.400379 0.000000
-0.278464 0.149868 2.429509 0.000000
-0.182917 -0.079937 2.281059 1.000000
-0.139798 -0.039993 2.643579 0.548077
-0.275390 -0.063460 2.476268 0.000000
-0.302704 0.046890 2.236450 1.000000
-0.028199 0.259625 2.782776 1.000000
-0.312194 -0.207261 2.304284 1.000000
0.231220 0.234914 2.819863 1.000000
-0.327554 -0.255076 2.346308 1.000000
0.288224 0.208238 2.837950 0.728365
-0.266299 -0.557515 2.496194 1.000000
-0.095678 -0.557733 2.565230 1.000000
-0.258049 -0.953891 2.588207 1.000000
-0.086372 -0.962992 2.601657 1.000000
-0.100741 -0.953721 2.574834 0.149038
0.069306 -0.961774 2.575443 0.000000
0.020210 0.385784 2.352455 1.000000
-0.200941 0.277678 2.244390 1.000000
-0.161381 0.270215 2.587033 1.000000
-0.030973 0.321857 2.399415 0.000000
-0.265980 0.145875 2.422715 0.000000
-0.186404 -0.081182 2.289523 1.000000
-0.144969 -0.045018 2.652636 0.201923
-0.279709 -0.055417 2.483326 0.000000
-0.304957 0.050301 2.229711 1.000000
-0.011474 0.212770 2.777743 0.000000
-0.329784 -0.203306 2.300510 1.000000
0.241118 0.156457 2.825809 0.000000
-0.333940 -0.263098 2.326889 1.000000
0.294531 0.123460 2.844422 0.000000
-0.290131 -0.559453 2.492105 1.000000
-0.113392 -0.561008 2.565057 1.000000
-0.261018 -0.954105 2.587241 1.000000
-0.100609 -0.966693 2.595150 1.000000
-0.104280 -0.946743 2.569816 0.192308
0.055215 -0.963651 2.569965 0.000000
0.050030 0.352212 2.332103 1.000000
-0.198798 0.254159 2.242416 1.000000
-0.174595 0.254224 2.586566 0.923077
-0.037805 0.307473 2.404010 0.000000
-0.266933 0.123136 2.420158 0.000000
-0.174917 -0.089951 2.296978 1.000000
-0.150813 -0.057115 2.661967 0.576923
-0.276530 -0.057604 2.485546 0.000000
-0.323458 0.036248 2.234760 1.000000
-0.031289 0.198024 2.782646 0.000000
-0.336483 -0.213517 2.322975 1.000000
0.218855 0.148348 2.847795 0.000000
-0.351960 -0.274899 2.339736 1.000000
0.272283 0.117343 2.869530 0.000000
-0.303517 -0.563072 2.503943 1.000000
-0.118493 -0.569779 2.558057 1.000000
-0.264248 -0.958960 2.589848 1.000000
-0.102531 -0.974722 2.595679 1.000000
-0.107136 -0.943470 2.589409 0.067308
0.053733 -0.970617 2.573561 0.000000
0.041887 0.328098 2.324390 1.000000
-0.221863 0.243738 2.244880 1.000000
-0.159665 0.254436 2.584058 0.230769
-0.045956 0.306904 2.386091 0.000000
-0.265135 0.115685 2.432315 0.000000
-0.212347 -0.095578 2.294770 1.000000
-0.132812 -0.062740 2.651802 0.634615
-0.283915 -0.062655 2.496570 0.000000
-0.348651 0.026296 2.251471 1.000000
0.006577 0.201089 2.761992 0.000000
-0.341091 -0.221680 2.347057 1.000000
0.262643 0.157535 2.804622 0.000000
-0.354329 -0.285758 2.344413 1.000000
0.318964 0.128510 2.821167 0.000000
-0.312035 -0.569221 2.513472 1.000000
-0.114283 -0.574922 2.546361 1.000000
-0.264612 -0.966528 2.587952 1.000000
-0.108500 -0.979771 2.587751 1.000000
-0.109702 -0.953168 2.560584 0.288462
0.042657 -0.982263 2.542255 0.000000
0.034866 0.311133 2.315873 1.000000
-0.229390 0.285845 2.294872 1.000000
0.027191 0.192787 2.505896 1.000000
-0.008558 0.210256 2.275048 0.000000
-0.202431 0.170172 2.493101 0.000000
-0.325394 -0.068981 2.348902 0.942308
-0.023617 -0.106917 2.554734 1.000000
-0.235968 -0.064929 2.546172 0.000000
-0.378088 0.078135 2.292652 1.000000
0.044214 -0.015709 2.648309 1.000000
-0.383444 -0.186040 2.346892 1.000000
0.081281 -0.254678 2.761985 1.000000
-0.394001 -0.249664 2.358239 1.000000
0.096251 -0.311395 2.791095 1.000000
-0.307252 -0.571841 2.528050 1.000000
-0.118907 -0.602886 2.533688 1.000000
-0.268911 -0.971392 2.595416 1.000000
-0.105268 -1.007818 2.572323 1.000000
-0.163517 -0.981030 2.478267 0.192308
-0.016484 -1.017251 2.442119 0.000000
0.062164 0.411511 2.245561 1.000000
-0.243122 0.321984 2.347280 1.000000
0.037773 0.190605 2.498485 1.000000
-0.028547 0.253593 2.282828 0.000000
-0.191871 0.169230 2.512934 0.000000
-0.353000 -0.051500 2.356357 0.932692
-0.017393 -0.092410 2.499780 0.153846
-0.227175 -0.049543 2.532691 0.000000
-0.391607 0.109437 2.335706 1.000000
0.031142 -0.066903 2.499233 1.000000
-0.411699 -0.162488 2.363127 1.000000
0.022333 -0.336666 2.465591 1.000000
-0.423165 -0.222480 2.386744 0.745192
0.024225 -0.400813 2.452561 1.000000
-0.304115 -0.554967 2.528315 1.000000
-0.115325 -0.586427 2.518641 1.000000
-0.267464 -0.954674 2.595698 1.000000
-0.102766 -0.989589 2.572965 1.000000
-0.185937 -0.969845 2.461356 0.115385
-0.041577 -1.007150 2.428494 0.000000
0.031757 0.435508 2.253007 1.000000
-0.262393 0.349307 2.394751 1.000000
0.043176 0.221668 2.491504 1.000000
-0.052407 0.312242 2.297767 0.004808
-0.180996 0.177206 2.525738 0.000000
-0.351869 -0.032130 2.364490 0.884615
-0.001332 -0.077195 2.464333 0.000000
-0.204972 -0.033203 2.523704 0.000000
-0.399099 0.125089 2.390324 1.000000
0.009968 0.009448 2.343115 1.000000
-0.418671 -0.151419 2.398701 1.000000
-0.017273 -0.200578 2.166649 1.000000
-0.408878 -0.215968 2.393621 0.576923
-0.032677 -0.225071 2.107903 1.000000
-0.294387 -0.536324 2.528324 1.000000
-0.109048 -0.569993 2.502103 1.000000
-0.268344 -0.935248 2.604678 1.000000
-0.097059 -0.969428 2.579283 1.000000
-0.208576 -0.958945 2.460488 0.403846
-0.055854 -0.997148 2.429422 0.115385
0.000468 0.482340 2.279065 1.000000
-0.292605 0.355452 2.465474 1.000000
0.024715 0.223582 2.434755 0.000000
-0.137963 0.316227 2.293948 0.000000
-0.168656 0.181753 2.554170 0.000000
-0.370889 -0.012843 2.437216 0.500000
-0.009306 -0.057571 2.391027 1.000000
-0.175940 -0.038494 2.528134 0.000000
-0.416260 0.122790 2.472351 1.000000
0.018111 0.160884 2.180149 0.723077
-0.427518 -0.152408 2.432437 1.000000
-0.072109 0.172229 1.918543 1.000000
-0.438534 -0.214996 2.416637 0.072115
-0.095066 0.187798 1.859223 1.000000
-0.291065 -0.525231 2.530606 1.000000
-0.101120 -0.551204 2.478248 1.000000
-0.255710 -0.922916 2.609636 1.000000
-0.093372 -0.942881 2.588603 1.000000
-0.278515 -0.955313 2.456813 0.250000
-0.114404 -0.985699 2.438108 0.269231
-0.070315 0.528724 2.307316 1.000000
-0.304366 0.339841 2.508702 1.000000
0.003774 0.253612 2.379709 0.000000
-0.197164 0.344267 2.300467 0.000000
-0.147522 0.172052 2.534172 0.000000
-0.366252 -0.023545 2.479296 0.105769
-0.028916 -0.059576 2.338648 1.000000
-0.153635 -0.044495 2.515133 0.000000
-0.411543 0.099697 2.511483 1.000000
-0.018838 0.229766 2.119941 1.000000
-0.424084 -0.173874 2.465511 1.000000
-0.088940 0.371722 1.893286 1.000000
-0.433910 -0.236813 2.480687 0.290865
-0.108692 0.413175 1.846599 1.000000
-0.285333 -0.535413 2.541806 1.000000
-0.109207 -0.551709 2.476248 1.000000
-0.251004 -0.935199 2.609934 1.000000
-0.086317 -0.941645 2.590594 1.000000
-0.315206 -0.964768 2.468766 0.211538
-0.147868 -0.985870 2.452101 0.365385
-0.092004 0.573489 2.373858 1.000000
-0.297474 0.334351 2.520709 1.000000
0.000758 0.269266 2.366587 0.153846
-0.207849 0.349902 2.304840 0.000000
-0.130299 0.175010 2.528758 0.000000
-0.362953 -0.018090 2.479734 0.019231
-0.038085 -0.055425 2.312574 1.000000
-0.147844 -0.035766 2.498304 0.000000
-0.413981 0.101972 2.556952 1.000000
-0.026974 0.297425 2.108167 1.000000
-0.417771 -0.165448 2.484315 1.000000
-0.089034 0.469043 1.901061 1.000000
-0.420322 -0.230704 2.489153 0.442308
-0.106191 0.511874 1.854591 1.000000
-0.283921 -0.527137 2.550243 1.000000
-0.117852 -0.544210 2.473299 1.000000
-0.255280 -0.929405 2.605097 1.000000
-0.074724 -0.932000 2.589091 1.000000
-0.331290 -0.953399 2.468820 0.000000
-0.148213 -0.979419 2.457656 0.403846
-0.100207 0.559682 2.327103 0.860577
-0.272192 0.311690 2.567527 1.000000
-0.019745 0.268034 2.344794 0.653846
-0.234344 0.351229 2.339759 0.000000
-0.109142 0.154940 2.520136 0.000000
-0.351540 -0.015452 2.502434 0.009615
-0.061671 -0.069073 2.283399 1.000000
-0.137091 -0.040280 2.484426 0.000000
-0.406126 0.087102 2.579596 0.784615
-0.025545 0.334368 2.092555 1.000000
-0.413724 -0.180722 2.511691 1.000000
-0.094956 0.515234 1.896726 1.000000
-0.391082 -0.237221 2.487535 0.459135
-0.116470 0.555909 1.850133 1.000000
-0.282991 -0.530464 2.553605 1.000000
-0.117347 -0.548749 2.474141 1.000000
-0.253096 -0.932879 2.606680 1.000000
-0.076622 -0.937282 2.588302 1.000000
-0.352144 -0.956159 2.485965 0.000000
-0.173052 -0.981719 2.471465 0.403846
-0.152698 0.562985 2.368064 1.000000
-0.270384 0.297293 2.579053 1.000000
-0.025492 0.263101 2.345951 0.769231
-0.239282 0.348904 2.352684 0.000000
-0.110987 0.141561 2.517881 0.000000
-0.336198 -0.023348 2.520715 0.000000
-0.074340 -0.076124 2.268683 1.000000
-0.125569 -0.049768 2.477513 0.000000
-0.404090 0.072871 2.587312 0.753846
-0.029438 0.332414 2.094810 1.000000
-0.398538 -0.188591 2.499173 1.000000
-0.096716 0.501273 1.888282 1.000000
-0.385565 -0.251995 2.489182 0.509615
-0.119332 0.540611 1.841066 1.000000
-0.284305 -0.539767 2.553895 1.000000
-0.115293 -0.553824 2.474283 1.000000
-0.252586 -0.942147 2.606169 1.000000
-0.076510 -0.942522 2.588560 1.000000
-0.365701 -0.965059 2.498444 0.000000
-0.186380 -0.984452 2.483227 0.326923
-0.163609 0.553900 2.381223 1.000000
-0.274637 0.294293 2.578970 1.000000
-0.027640 0.260654 2.348241 0.913462
-0.243593 0.340758 2.351482 0.000000
-0.110735 0.141387 2.522774 0.000000
-0.337920 -0.025752 2.520256 0.000000
-0.071275 -0.076191 2.272805 1.000000
-0.126524 -0.052011 2.480873 0.000000
-0.413674 0.073689 2.590010 0.738462
-0.028379 0.322822 2.095505 1.000000
-0.402645 -0.188056 2.504481 1.000000
-0.100170 0.472575 1.876538 1.000000
-0.386695 -0.244603 2.475560 0.576923
-0.125466 0.508299 1.827834 1.000000
-0.284129 -0.542326 2.550814 1.000000
-0.112989 -0.555283 2.473795 1.000000
-0.250015 -0.944029 2.606670 1.000000
-0.080215 -0.943514 2.591484 1.000000
-0.360846 -0.968694 2.496977 0.000000
-0.187944 -0.985228 2.483880 0.423077
-0.164594 0.551331 2.381861 1.000000
-0.299309 0.281638 2.557760 1.000000
-0.021043 0.254046 2.362178 0.451923
-0.240463 0.322554 2.334742 0.000000
-0.122017 0.136125 2.529564 0.000000
-0.340860 -0.035711 2.504057 0.000000
-0.051875 -0.089148 2.283812 1.000000
-0.126452 -0.060204 2.485132 0.000000
-0.417529 0.050034 2.573567 1.000000
-0.023057 0.293431 2.105298 1.000000
-0.398881 -0.209008 2.482926 1.000000
-0.097043 0.401300 1.864061 1.000000
-0.396049 -0.274386 2.480482 0.509615
-0.121446 0.430842 1.810957 1.000000
-0.281818 -0.551246 2.551114 1.000000
-0.108342 -0.567324 2.480651 1.000000
-0.251152 -0.953418 2.605576 1.000000
-0.080971 -0.957858 2.591930 1.000000
-0.351121 -0.977270 2.485735 0.019231
-0.178172 -0.998202 2.474250 0.365385
-0.161788 0.541830 2.376212 1.000000
-0.258452 0.255796 2.598875 0.000000
-0.019891 0.255677 2.349649 0.000000
-0.239420 0.332238 2.378267 0.000000
-0.097012 0.113490 2.514685 0.000000
-0.316667 -0.037677 2.534135 0.038462
-0.073441 -0.090367 2.264060 1.000000
-0.109964 -0.066986 2.476306 0.000000
-0.424816 0.059296 2.561069 1.000000
-0.011838 0.272649 2.090663 0.800000
-0.392274 -0.201308 2.480273 1.000000
-0.094972 0.348281 1.840574 1.000000
-0.389423 -0.266624 2.476549 0.526442
-0.121166 0.376064 1.787374 1.000000
-0.282125 -0.555756 2.550039 1.000000
-0.102685 -0.563654 2.485507 1.000000
-0.250856 -0.957429 2.607749 1.000000
-0.080940 -0.957197 2.586998 1.000000
-0.371484 -0.981053 2.508675 0.000000
-0.199115 -0.989414 2.487392 0.269231
-0.178097 0.521102 2.391268 1.000000
-0.238098 0.264518 2.600116 0.000000
-0.025494 0.263955 2.328409 0.000000
-0.240859 0.341131 2.378764 0.000000
-0.086259 0.121825 2.500190 0.000000
-0.292138 -0.033447 2.551008 0.519231
-0.078651 -0.092284 2.258029 1.000000
-0.093812 -0.072811 2.473250 0.418269
-0.426564 0.091146 2.555306 1.000000
-0.008670 0.236289 2.070972 0.615385
-0.392979 -0.171685 2.483580 1.000000
-0.090229 0.278842 1.812909 1.000000
-0.387375 -0.234408 2.465614 0.812500
-0.124638 0.313819 1.769539 0.812500
-0.279536 -0.554662 2.545715 1.000000
-0.096812 -0.562211 2.486251 1.000000
-0.253778 -0.955486 2.611488 1.000000
-0.084973 -0.957953 2.580572 1.000000
-0.383527 -0.978108 2.524437 0.000000
-0.213550 -0.982815 2.492399 0.173077
-0.172746 0.541457 2.412780 1.000000
-0.234684 0.257714 2.603349 0.000000
-0.013658 0.246759 2.338675 0.000000
-0.228536 0.330068 2.380636 0.000000
-0.083330 0.109491 2.511027 0.000000
-0.292756 -0.032685 2.545868 1.000000
-0.072625 -0.105670 2.261103 1.000000
-0.093743 -0.081085 2.475296 0.216346
-0.431351 0.096605 2.550666 0.969231
0.027323 0.219528 2.084189 0.292308
-0.393135 -0.165876 2.481384 1.000000
-0.071572 0.161683 1.835635 1.000000
-0.381603 -0.227504 2.462482 1.000000
-0.108525 0.193781 1.792132 1.000000
-0.273852 -0.557479 2.547076 1.000000
-0.096270 -0.570471 2.490021 1.000000
-0.253383 -0.958197 2.615302 1.000000
-0.085491 -0.966058 2.585120 1.000000
-0.379458 -0.980370 2.522901 0.043269
-0.212224 -0.991314 2.494426 0.173077
-0.180250 0.518045 2.397844 1.000000
-0.238814 0.253233 2.610759 0.000000
-0.013433 0.258431 2.349605 1.000000
-0.229136 0.338859 2.392932 0.000000
-0.085668 0.110977 2.512213 0.000000
-0.306289 -0.046040 2.550210 0.778846
-0.077620 -0.088757 2.266026 1.000000
-0.103370 -0.076560 2.480775 0.000000
-0.433053 0.096690 2.539539 1.000000
0.000474 0.215003 2.094607 0.361538
-0.395893 -0.164690 2.466452 1.000000
-0.049344 0.093470 1.854684 1.000000
-0.381969 -0.228676 2.466836 1.000000
-0.095633 0.121061 1.817477 1.000000
-0.273279 -0.564000 2.546982 1.000000
-0.093493 -0.562579 2.490294 1.000000
-0.255302 -0.964167 2.619037 1.000000
-0.084464 -0.958525 2.584071 1.000000
-0.379605 -0.986796 2.524373 0.043269
-0.208135 -0.983802 2.489249 0.192308
-0.183033 0.514224 2.391713 1.000000
-0.309794 0.307481 2.549174 1.000000
-0.004427 0.282301 2.390610 1.000000
-0.222945 0.345814 2.335020 0.000000
-0.127560 0.165391 2.547365 0.000000
-0.350422 -0.026109 2.489619 0.221154
-0.026863 -0.068705 2.321183 1.000000
-0.135896 -0.050379 2.507476 0.000000
-0.421849 0.076054 2.553077 1.000000
-0.003264 0.199730 2.147425 0.661539
-0.409359 -0.183963 2.475837 1.000000
-0.043413 0.075038 1.909984 1.000000
-0.404020 -0.247049 2.459107 0.425481
-0.076137 0.051870 1.858210 1.000000
-0.270913 -0.540073 2.543743 1.000000
-0.099657 -0.556428 2.477188 1.000000
-0.258559 -0.941466 2.609924 1.000000
-0.079332 -0.946042 2.593106 1.000000
-0.333627 -0.966307 2.473278 0.019231
-0.153347 -0.989341 2.460548 0.326923
-0.179609 0.563659 2.373611 1.000000
-0.328824 0.296319 2.544528 1.000000
-0.010726 0.307131 2.411404 1.000000
-0.228887 0.355445 2.341081 0.072115
-0.135084 0.170484 2.550202 0.000000
-0.351391 -0.027686 2.466743 0.048077
-0.013998 -0.051443 2.323643 1.000000
-0.137913 -0.041124 2.501034 0.000000
-0.421381 0.051161 2.554362 1.000000
-0.002763 0.159203 2.195322 1.000000
-0.401701 -0.213065 2.473951 1.000000
-0.032107 0.004629 1.967788 1.000000
-0.394831 -0.278156 2.471899 0.644231
-0.052615 -0.031352 1.917063 1.000000
-0.277479 -0.532691 2.542094 1.000000
-0.101841 -0.545206 2.471783 1.000000
-0.253387 -0.932795 2.612703 1.000000
-0.076983 -0.931838 2.596470 1.000000
-0.317728 -0.961599 2.471441 0.173077
-0.138913 -0.980002 2.459468 0.423077
-0.184504 0.564745 2.369695 1.000000
-0.330532 0.299802 2.551773 1.000000
-0.016573 0.312009 2.409276 1.000000
-0.236772 0.360726 2.345931 0.000000
-0.136632 0.174091 2.550577 0.000000
-0.350922 -0.024180 2.470462 0.048077
-0.017904 -0.045769 2.317139 1.000000
-0.136409 -0.036114 2.498225 0.000000
-0.416519 0.048976 2.551507 1.000000
0.008984 0.129876 2.218549 1.000000
-0.402655 -0.220760 2.477765 1.000000
-0.024943 -0.050750 2.007612 1.000000
-0.399135 -0.285762 2.484884 0.576923
-0.046904 -0.093567 1.963198 1.000000
-0.279971 -0.529252 2.540027 1.000000
-0.101969 -0.539935 2.468932 1.000000
-0.249894 -0.928637 2.612384 1.000000
-0.076331 -0.926120 2.594839 1.000000
-0.319050 -0.958964 2.473740 0.173077
-0.142392 -0.974512 2.459862 0.423077
-0.185851 0.565390 2.365818 1.000000
-0.332410 0.292431 2.545960 1.000000
-0.016556 0.308209 2.408074 1.000000
-0.236283 0.355008 2.341712 0.000000
-0.137292 0.168619 2.547140 0.000000
-0.352416 -0.029149 2.465982 0.067308
-0.016862 -0.044534 2.317515 1.000000
-0.138167 -0.037676 2.496867 0.000000
-0.420291 0.040558 2.549359 1.000000
0.020199 0.101918 2.243205 1.000000
-0.400826 -0.229361 2.471137 1.000000
-0.006281 -0.108057 2.057548 1.000000
-0.391370 -0.293546 2.480033 0.492788
-0.033395 -0.157929 2.024900 1.000000
-0.279214 -0.531448 2.540733 1.000000
-0.102721 -0.540058 2.469375 1.000000
-0.249835 -0.930695 2.614133 1.000000
-0.077144 -0.925791 2.596672 1.000000
-0.316342 -0.961304 2.474260 0.211538
-0.141613 -0.974791 2.461146 0.403846
-0.186952 0.556984 2.357961 1.000000
-0.330545 0.293386 2.545252 1.000000
-0.015437 0.302272 2.405064 1.000000
-0.234767 0.352297 2.339753 0.000000
-0.137627 0.166172 2.546301 0.000000
-0.353818 -0.034940 2.455984 0.096154
-0.012403 -0.040488 2.320780 1.000000
-0.140786 -0.037262 2.495240 0.000000
-0.416669 0.037526 2.538117 1.000000
0.036788 0.062461 2.292669 1.000000
-0.394987 -0.237714 2.466795 1.000000
0.020395 -0.182815 2.148396 1.000000
-0.387303 -0.302572 2.471564 0.610577
-0.005062 -0.238472 2.125106 1.000000
-0.277019 -0.532938 2.539985 1.000000
-0.103947 -0.539426 2.466237 1.000000
-0.249642 -0.932420 2.612873 1.000000
-0.075936 -0.924808 2.594084 1.000000
-0.309512 -0.962602 2.469943 0.211538
-0.137202 -0.974614 2.457371 0.384615
-0.186472 0.554869 2.356652 1.000000
-0.328247 0.285465 2.537986 1.000000
-0.007972 0.301814 2.410778 1.000000
-0.224938 0.353214 2.338961 0.000000
-0.134603 0.159402 2.541489 0.000000
-0.347760 -0.034075 2.457121 0.115385
-0.007757 -0.048304 2.319025 1.000000
-0.134529 -0.041761 2.494567 0.000000
-0.416747 0.027806 2.532227 1.000000
0.047231 0.049345 2.324672 1.000000
-0.396023 -0.251356 2.465694 1.000000
0.036063 -0.216915 2.216457 1.000000
-0.384660 -0.315755 2.469134 0.728365
0.010442 -0.274771 2.199589 1.000000
-0.277097 -0.534806 2.538642 1.000000
-0.102513 -0.544411 2.467221 1.000000
-0.249308 -0.934100 2.612406 1.000000
-0.075252 -0.929725 2.595435 1.000000
-0.311576 -0.964634 2.470580 0.230769
-0.136836 -0.979527 2.458864 0.423077
-0.186764 0.551554 2.360590 1.000000
-0.329654 0.288525 2.533107 1.000000
-0.008855 0.296271 2.406408 1.000000
-0.224735 0.349641 2.332780 0.000000
-0.138225 0.159270 2.540183 0.000000
-0.351101 -0.035927 2.454476 0.096154
-0.008427 -0.050371 2.323170 1.000000
-0.138654 -0.043570 2.496155 0.000000
-0.415033 0.028849 2.525990 1.000000
0.050887 0.034863 2.353243 1.000000
-0.398819 -0.253274 2.466758 1.000000
0.048475 -0.243085 2.275416 1.000000
-0.384340 -0.317133 2.467585 0.459135
0.021406 -0.302632 2.272311 1.000000
-0.275445 -0.537549 2.535819 1.000000
-0.100186 -0.546086 2.470883 1.000000
-0.248214 -0.935916 2.614627 1.000000
-0.077134 -0.932409 2.596865 1.000000
-0.306973 -0.968208 2.471696 0.269231
-0.134635 -0.981084 2.458125 0.461538
-0.186935 0.553785 2.360969 1.000000
-0.332958 0.291768 2.523612 1.000000
-0.004466 0.297383 2.418319 1.000000
-0.214370 0.354995 2.331745 0.000000
-0.144031 0.159806 2.540777 0.000000
-0.354752 -0.035517 2.435518 0.288462
0.000476 -0.046167 2.342914 1.000000
-0.148174 -0.041839 2.500438 0.000000
-0.410485 0.028019 2.506700 1.000000
0.054568 0.030798 2.382601 1.000000
-0.399832 -0.258445 2.457683 1.000000
0.047059 -0.258301 2.352452 1.000000
-0.380445 -0.319848 2.445766 0.358173
0.021056 -0.318233 2.356958 1.000000
-0.273304 -0.534994 2.531497 1.000000
-0.095551 -0.545416 2.469061 1.000000
-0.248510 -0.932146 2.616964 1.000000
-0.080266 -0.931527 2.596863 1.000000
-0.290023 -0.966664 2.468607 0.307692
-0.120219 -0.980945 2.452343 0.461538
-0.184791 0.549298 2.352154 1.000000
-0.329147 0.289853 2.521253 1.000000
0.001694 0.291669 2.423449 1.000000
-0.205056 0.355560 2.333749 0.000000
-0.143210 0.153815 2.539211 0.000000
-0.357227 -0.035742 2.432798 0.230769
-0.000997 -0.049242 2.344519 1.000000
-0.151503 -0.043497 2.500224 0.000000
-0.412454 0.027468 2.501474 1.000000
0.059721 0.022715 2.402257 1.000000
-0.401158 -0.260619 2.458932 1.000000
0.045312 -0.266443 2.369334 1.000000
-0.394749 -0.325491 2.452705 0.257212
0.018814 -0.322616 2.390087 1.000000
-0.272654 -0.536401 2.529160 1.000000
-0.091836 -0.546793 2.473120 1.000000
-0.247074 -0.933045 2.616728 1.000000
-0.080524 -0.934634 2.596003 1.000000
-0.286836 -0.968423 2.468095 0.269231
-0.118273 -0.981935 2.450187 0.403846
-0.178180 0.540797 2.347402 1.000000
-0.336399 0.296297 2.513993 1.000000
-0.003146 0.298001 2.424749 1.000000
-0.208103 0.356166 2.327367 0.000000
-0.149653 0.163081 2.541942 0.000000
-0.354565 -0.036584 2.430794 0.278846
0.003579 -0.048331 2.350354 0.884615
-0.150403 -0.045321 2.502701 0.000000
-0.411570 0.031490 2.493898 1.000000
0.061566 0.029930 2.414380 1.000000
-0.400146 -0.254856 2.440910 1.000000
0.049898 -0.258611 2.375422 1.000000
-0.392602 -0.319550 2.447700 0.274038
0.026185 -0.317534 2.391362 1.000000
-0.269618 -0.537246 2.526413 1.000000
-0.088790 -0.546483 2.475333 1.000000
-0.247458 -0.932551 2.620708 1.000000
-0.083673 -0.935071 2.596253 1.000000
-0.283413 -0.970124 2.471644 0.346154
-0.117954 -0.981272 2.449234 0.403846
-0.178172 0.547957 2.342932 1.000000
-0.338228 0.293000 2.511586 1.000000
-0.002221 0.299709 2.433616 1.000000
-0.204419 0.357682 2.330520 0.000000
-0.151122 0.161135 2.543286 0.000000
-0.353624 -0.038588 2.425930 0.298077
0.006869 -0.042070 2.355866 0.913462
-0.151483 -0.043254 2.503691 0.000000
-0.414172 0.028016 2.488972 1.000000
0.063091 0.031362 2.419304 1.000000
-0.394360 -0.257791 2.432324 1.000000
0.054538 -0.256551 2.371314 1.000000
-0.384975 -0.322595 2.433098 0.341346
0.030942 -0.316597 2.382539 0.947115
-0.264499 -0.536767 2.524943 1.000000
-0.083916 -0.542298 2.478521 1.000000
-0.247070 -0.932598 2.618019 1.000000
-0.084644 -0.930522 2.600709 1.000000
-0.277395 -0.969326 2.467500 0.346154
-0.113760 -0.977056 2.452685 0.365385
-0.175775 0.551119 2.352996 1.000000
