-0.347879 0.283754 2.471534 1.000000
-0.003233 0.299280 2.469893 1.000000
-0.178982 0.352108 2.324307 0.000000
-0.169134 0.156754 2.544491 0.000000
-0.356664 -0.042911 2.398272 0.480769
0.010330 -0.045425 2.411856 0.576923
-0.177485 -0.059331 2.518914 0.000000
-0.420265 0.013477 2.471746 1.000000
0.058525 0.026390 2.472502 1.000000
-0.401210 -0.273457 2.403972 1.000000
0.052924 -0.263924 2.417973 1.000000
-0.388099 -0.332826 2.428295 0.711538
0.026255 -0.322379 2.430621 0.694712
-0.267068 -0.543119 2.501920 1.000000
-0.090711 -0.547830 2.493709 1.000000
-0.263267 -0.941073 2.587166 1.000000
-0.096088 -0.943565 2.588650 1.000000
-0.258017 -0.974075 2.432868 0.153846
-0.090555 -0.980444 2.435243 0.423077
-0.187644 0.549716 2.357428 1.000000
-0.362577 0.290139 2.468858 1.000000
-0.017773 0.301768 2.468970 1.000000
-0.192060 0.353254 2.321162 0.000000
-0.185711 0.162829 2.545748 0.000000
-0.361183 -0.042352 2.399863 0.509615
0.005730 -0.042652 2.415686 0.548077
-0.182641 -0.058897 2.521429 0.000000
-0.425523 0.017168 2.467545 1.000000
0.050660 0.030125 2.470947 1.000000
-0.404551 -0.272507 2.411465 1.000000
0.050056 -0.262144 2.425394 1.000000
-0.389112 -0.335754 2.418514 0.661058
0.031131 -0.324805 2.423491 0.862981
-0.271578 -0.540393 2.508658 1.000000
-0.090423 -0.545476 2.496398 1.000000
-0.265348 -0.939082 2.590250 1.000000
-0.098157 -0.941604 2.589518 1.000000
-0.259055 -0.970616 2.435684 0.134615
-0.091351 -0.977825 2.436005 0.346154
-0.191975 0.552606 2.351152 1.000000
-0.369959 0.289643 2.455035 1.000000
-0.025511 0.296936 2.473116 1.000000
-0.190938 0.344092 2.314107 0.000000
-0.199326 0.163607 2.546692 0.000000
-0.370514 -0.049684 2.399993 0.596154
-0.004419 -0.039971 2.427479 0.576923
-0.195564 -0.060870 2.527258 0.000000
-0.433703 0.016083 2.457985 1.000000
0.041335 0.024106 2.474554 1.000000
-0.409723 -0.275715 2.410500 1.000000
0.048368 -0.268183 2.424617 1.000000
-0.387876 -0.334562 2.429151 0.661058
0.013395 -0.323532 2.425854 0.745192
-0.276264 -0.541439 2.524711 1.000000
-0.095194 -0.545484 2.505577 1.000000
-0.265140 -0.941956 2.596202 1.000000
-0.105382 -0.944432 2.585491 1.000000
-0.253126 -0.969294 2.441176 0.230769
-0.092656 -0.975651 2.431258 0.269231
-0.201232 0.552928 2.348301 1.000000
-0.381216 0.289886 2.458475 1.000000
-0.036609 0.297360 2.473140 1.000000
-0.203747 0.347639 2.316902 0.000000
-0.209459 0.162197 2.545636 0.000000
-0.369018 -0.047791 2.403803 1.000000
-0.003272 -0.043821 2.436821 0.548077
-0.196189 -0.062528 2.533580 0.000000
-0.438130 0.014433 2.458057 1.000000
0.034841 0.025539 2.484206 1.000000
-0.411593 -0.278708 2.418424 1.000000
0.048146 -0.266543 2.432080 1.000000
-0.384631 -0.336084 2.434834 0.677885
0.015039 -0.320581 2.448575 0.644231
-0.277344 -0.540273 2.532034 1.000000
-0.095839 -0.548433 2.509608 1.000000
-0.263705 -0.941053 2.601594 1.000000
-0.106938 -0.947691 2.587829 1.000000
-0.250353 -0.967512 2.446526 0.211538
-0.092391 -0.978305 2.433635 0.307692
-0.211859 0.553182 2.351017 1.000000
-0.385428 0.285339 2.453742 1.000000
-0.041176 0.293366 2.474980 1.000000
-0.205223 0.339791 2.314334 0.000000
-0.215399 0.159875 2.547288 0.000000
-0.375944 -0.055200 2.408559 0.961538
-0.010194 -0.040408 2.438279 0.500000
-0.201827 -0.060166 2.537352 0.000000
-0.445000 0.010043 2.452952 1.000000
0.032134 0.021790 2.489450 1.000000
-0.412072 -0.284193 2.424737 1.000000
0.047660 -0.271232 2.440945 1.000000
-0.377808 -0.338452 2.437785 0.745192
0.009199 -0.322009 2.456131 0.694712
-0.279755 -0.545530 2.537544 1.000000
-0.101939 -0.548681 2.513112 1.000000
-0.268858 -0.945029 2.614553 1.000000
-0.112756 -0.947842 2.591869 1.000000
-0.255210 -0.974441 2.460044 0.365385
-0.098773 -0.978647 2.437661 0.384615
-0.217476 0.542798 2.338569 1.000000
-0.388579 0.286976 2.440348 1.000000
-0.046809 0.300029 2.485604 1.000000
-0.199845 0.343685 2.313709 0.000000
-0.223750 0.164212 2.545999 0.000000
-0.375035 -0.053714 2.412561 0.875000
-0.009063 -0.039604 2.439773 0.500000
-0.200050 -0.058975 2.540161 0.000000
-0.444342 0.011906 2.448701 1.000000
0.030267 0.030057 2.489815 1.000000
-0.411462 -0.281474 2.421282 1.000000
0.053067 -0.260262 2.434149 1.000000
-0.379999 -0.338282 2.429717 0.762019
0.011327 -0.310164 2.426678 0.543269
-0.278069 -0.544977 2.538505 1.000000
-0.101617 -0.547231 2.517551 1.000000
-0.269778 -0.945059 2.612762 1.000000
-0.105024 -0.947733 2.589908 1.000000
-0.257130 -0.973523 2.457990 0.346154
-0.092311 -0.975814 2.435071 0.269231
-0.217779 0.547319 2.337426 1.000000
-0.391371 0.290479 2.451945 1.000000
-0.048156 0.302649 2.484813 1.000000
-0.207533 0.351648 2.320279 0.000000
-0.222640 0.164609 2.547279 0.000000
-0.376668 -0.050002 2.403622 0.836538
-0.011675 -0.035117 2.441494 0.605769
-0.205537 -0.053517 2.536404 0.000000
-0.443931 0.015308 2.445688 1.000000
0.032036 0.034225 2.491053 1.000000
-0.414290 -0.277246 2.412839 1.000000
0.057428 -0.253319 2.426101 1.000000
-0.383133 -0.333562 2.424917 0.677885
0.021256 -0.307764 2.422158 0.492788
-0.278249 -0.541371 2.532869 1.000000
-0.103371 -0.543267 2.516116 1.000000
-0.270159 -0.940065 2.614275 1.000000
-0.105524 -0.943766 2.588534 1.000000
-0.252959 -0.971125 2.460444 0.403846
-0.088253 -0.971779 2.434127 0.250000
-0.217469 0.542976 2.333577 1.000000
-0.388697 0.284955 2.448145 1.000000
-0.046498 0.304015 2.487666 1.000000
-0.203492 0.348665 2.319638 0.000000
-0.219505 0.163105 2.547787 0.000000
-0.373991 -0.049541 2.403568 0.865385
-0.008840 -0.035874 2.440361 0.701923
-0.202426 -0.054820 2.535729 0.000000
-0.445745 0.010902 2.441605 1.000000
0.035156 0.036209 2.491447 1.000000
-0.410468 -0.280603 2.407064 1.000000
0.061859 -0.250302 2.423543 1.000000
-0.381199 -0.338072 2.418414 0.694712
0.038597 -0.309996 2.409984 0.492788
-0.278006 -0.541535 2.530374 1.000000
-0.101206 -0.544645 2.509585 1.000000
-0.269850 -0.939437 2.615559 1.000000
-0.105518 -0.944064 2.587651 1.000000
-0.253252 -0.971979 2.461968 0.403846
-0.088804 -0.974352 2.433613 0.230769
-0.217854 0.544335 2.337783 1.000000
-0.384314 0.288960 2.444812 1.000000
-0.041932 0.295404 2.486741 1.000000
-0.195862 0.343727 2.316905 0.000000
-0.220672 0.162088 2.547410 0.000000
-0.370432 -0.053056 2.395873 0.826923
-0.006745 -0.040185 2.445289 0.596154
-0.203579 -0.058273 2.533938 0.000000
-0.440430 0.014796 2.438783 1.000000
0.038716 0.027394 2.491037 1.000000
-0.408984 -0.276677 2.401220 1.000000
0.066640 -0.255364 2.409649 1.000000
-0.378055 -0.332437 2.416137 0.778846
0.036123 -0.311752 2.396331 0.425481
-0.275383 -0.544438 2.529469 1.000000
-0.101418 -0.550299 2.503269 1.000000
-0.269230 -0.942173 2.615596 1.000000
-0.107830 -0.948759 2.585954 1.000000
-0.247441 -0.974944 2.462704 0.480769
-0.085852 -0.980864 2.432948 0.192308
-0.197055 0.547527 2.343975 1.000000
-0.379231 0.296802 2.439588 1.000000
-0.038012 0.292431 2.490343 1.000000
-0.185879 0.344898 2.316399 0.000000
-0.222461 0.165207 2.546863 0.000000
-0.368797 -0.052749 2.395670 0.605769
-0.004547 -0.038949 2.440474 0.692308
-0.200095 -0.059499 2.531402 0.000000
-0.433393 0.022955 2.429855 1.000000
0.043493 0.025303 2.494811 1.000000
-0.406063 -0.268864 2.396962 1.000000
0.076923 -0.252669 2.402068 1.000000
-0.387292 -0.326994 2.420558 0.778846
0.047518 -0.294446 2.361101 0.408654
-0.273327 -0.544514 2.523972 1.000000
-0.097960 -0.549439 2.497108 1.000000
-0.270423 -0.942049 2.611185 1.000000
-0.110815 -0.945056 2.591822 1.000000
-0.250307 -0.975464 2.458204 0.326923
-0.090461 -0.982133 2.439719 0.326923
-0.193652 0.548341 2.340106 1.000000
-0.374972 0.299528 2.437852 1.000000
-0.034203 0.291144 2.491060 1.000000
-0.180275 0.348371 2.317101 0.000000
-0.220172 0.164444 2.543640 0.000000
-0.367380 -0.053102 2.387411 0.653846
-0.004798 -0.038176 2.443863 0.740385
-0.203019 -0.060605 2.528330 0.000000
-0.428155 0.026594 2.426941 1.000000
0.050850 0.026302 2.499100 1.000000
-0.405849 -0.264172 2.390912 1.000000
0.098137 -0.243080 2.391687 1.000000
-0.384132 -0.323123 2.409386 0.677885
0.089402 -0.303735 2.368601 0.257212
-0.270199 -0.543643 2.520943 1.000000
-0.093707 -0.548981 2.495808 1.000000
-0.266720 -0.940085 2.612978 1.000000
-0.108797 -0.945152 2.587836 1.000000
-0.241677 -0.975126 2.461092 0.442308
-0.083142 -0.981326 2.436318 0.326923
-0.182778 0.545826 2.336173 1.000000
-0.358747 0.302220 2.410056 1.000000
-0.029300 0.298479 2.512408 1.000000
-0.148921 0.350736 2.317899 0.000000
-0.219975 0.170879 2.540033 0.000000
-0.350767 -0.050272 2.361679 0.740385
0.000158 -0.031396 2.468313 1.000000
-0.207721 -0.055540 2.524281 0.000000
-0.415613 0.032441 2.399939 1.000000
0.080995 0.045944 2.525742 1.000000
-0.391987 -0.256801 2.374534 1.000000
0.159299 -0.186400 2.368423 1.000000
-0.368201 -0.314348 2.394803 0.812500
0.168978 -0.243402 2.337677 0.257212
-0.259281 -0.539288 2.511252 1.000000
-0.088040 -0.544377 2.500927 1.000000
-0.269834 -0.934064 2.609688 1.000000
-0.107797 -0.941091 2.589676 1.000000
-0.223331 -0.971734 2.463595 0.403846
-0.060867 -0.976222 2.443088 0.269231
-0.157805 0.542213 2.323340 1.000000
-0.347059 0.304208 2.392293 1.000000
-0.035800 0.305402 2.541092 1.000000
-0.127823 0.361783 2.333182 0.000000
-0.224290 0.171790 2.536498 0.000000
-0.332673 -0.052988 2.339168 1.000000
-0.002213 -0.024479 2.496834 1.000000
-0.215515 -0.053265 2.521384 0.000000
-0.405420 0.036464 2.374774 1.000000
0.103189 0.068977 2.554689 1.000000
-0.377807 -0.251963 2.364172 1.000000
0.210297 -0.105820 2.349654 1.000000
-0.357141 -0.313766 2.370625 1.000000
0.234316 -0.147049 2.304805 0.088942
-0.254954 -0.538334 2.506258 1.000000
-0.085559 -0.541605 2.505735 1.000000
-0.268966 -0.932752 2.605694 1.000000
-0.103983 -0.940153 2.586164 1.000000
-0.200266 -0.969790 2.468461 0.346154
-0.035707 -0.971337 2.447274 0.173077
-0.141571 0.534330 2.318683 1.000000
-0.331392 0.302240 2.363288 1.000000
-0.037735 0.302389 2.544370 1.000000
-0.104951 0.348159 2.324687 0.000000
-0.230082 0.175392 2.527750 0.000000
-0.320592 -0.057267 2.322346 1.000000
-0.009534 -0.020196 2.514035 0.923077
-0.223668 -0.052932 2.516037 0.000000
-0.396794 0.039337 2.347873 1.000000
0.130627 0.093179 2.583344 1.000000
-0.367499 -0.245685 2.347968 1.000000
0.250256 0.006591 2.337809 1.000000
-0.340721 -0.305060 2.354741 1.000000
0.279757 -0.016244 2.283990 0.000000
-0.250355 -0.539342 2.502672 1.000000
-0.080830 -0.539407 2.516203 1.000000
-0.270022 -0.934022 2.600089 1.000000
-0.097746 -0.940216 2.584867 1.000000
-0.186140 -0.969997 2.471272 0.365385
-0.014217 -0.966254 2.453454 0.000000
-0.114016 0.533102 2.312317 1.000000
-0.308155 0.313212 2.337866 1.000000
-0.038151 0.284868 2.550750 1.000000
-0.075185 0.333832 2.324686 0.000000
-0.240137 0.179038 2.513288 0.000000
-0.300382 -0.058373 2.310371 1.000000
-0.010420 -0.020501 2.532549 0.326923
-0.224178 -0.049710 2.512972 0.000000
-0.372334 0.061219 2.303532 1.000000
0.161816 0.150513 2.654483 1.000000
-0.339622 -0.213628 2.313232 1.000000
0.267171 0.189085 2.401268 1.000000
-0.327315 -0.275181 2.331889 1.000000
0.298408 0.197646 2.344354 0.105769
-0.245474 -0.541275 2.497947 1.000000
-0.077434 -0.540009 2.529265 1.000000
-0.271021 -0.934819 2.598543 1.000000
-0.089048 -0.941895 2.592522 1.000000
-0.174582 -0.971614 2.479086 0.250000
0.007605 -0.964025 2.469668 0.000000
-0.086746 0.529391 2.307320 1.000000
-0.287381 0.325842 2.310673 1.000000
-0.041034 0.280939 2.547996 1.000000
-0.053561 0.335982 2.320648 0.000000
-0.242824 0.185265 2.488591 0.000000
-0.275027 -0.052675 2.298588 1.000000
-0.006752 -0.021670 2.547471 0.615385
-0.218574 -0.043222 2.507520 0.000000
-0.357084 0.079345 2.280353 1.000000
0.164018 0.202427 2.683377 1.000000
-0.324810 -0.190515 2.298222 1.000000
0.258331 0.294820 2.445145 1.000000
-0.310784 -0.252116 2.315452 1.000000
0.292105 0.255931 2.404707 0.593750
-0.241409 -0.537249 2.493217 1.000000
-0.074807 -0.539817 2.534872 1.000000
-0.270580 -0.930367 2.594489 1.000000
-0.085706 -0.941366 2.600362 1.000000
-0.163635 -0.966717 2.484189 0.288462
0.021936 -0.962796 2.486877 0.000000
-0.055587 0.536169 2.313185 1.000000
-0.264331 0.333204 2.288344 1.000000
-0.054185 0.301731 2.560140 1.000000
-0.034653 0.349128 2.331566 0.000000
-0.243432 0.199501 2.475663 0.000000
-0.257730 -0.047709 2.283877 1.000000
-0.028983 -0.008561 2.568514 0.432692
-0.232372 -0.034571 2.498618 0.000000
-0.331088 0.089402 2.254520 1.000000
0.140024 0.248815 2.716737 1.000000
-0.310036 -0.177147 2.286505 1.000000
0.270045 0.349279 2.503392 1.000000
-0.296314 -0.240217 2.297556 1.000000
0.314319 0.354459 2.455421 0.341346
-0.234317 -0.530425 2.488381 1.000000
-0.076371 -0.528838 2.545256 1.000000
-0.261898 -0.924066 2.588053 1.000000
-0.086161 -0.931512 2.603619 1.000000
-0.138722 -0.956330 2.494719 0.096154
0.037316 -0.948557 2.506730 0.000000
-0.023359 0.533178 2.313187 1.000000
-0.252275 0.313617 2.261825 1.000000
-0.089363 0.304436 2.565799 0.826923
-0.035622 0.351121 2.342626 0.000000
-0.251624 0.184316 2.453352 0.000000
-0.230057 -0.054608 2.271137 0.961538
-0.056334 -0.016954 2.592507 0.259615
-0.243783 -0.042661 2.487003 0.000000
-0.311027 0.070048 2.236989 1.000000
0.079273 0.278561 2.750966 1.000000
-0.277211 -0.192250 2.264127 1.000000
0.256231 0.415032 2.606946 1.000000
-0.273144 -0.254288 2.284694 1.000000
0.316113 0.419915 2.580896 0.492788
-0.231975 -0.536867 2.485409 1.000000
-0.078597 -0.535938 2.562121 1.000000
-0.251227 -0.929497 2.590860 1.000000
-0.087543 -0.940643 2.604336 1.000000
-0.111478 -0.954862 2.521930 0.072115
0.051990 -0.951351 2.531257 0.000000
-0.009838 0.507024 2.313363 1.000000
-0.245337 0.305804 2.252033 1.000000
-0.133598 0.304429 2.578433 0.923077
-0.050791 0.365587 2.368013 0.000000
-0.259628 0.170309 2.438684 0.000000
-0.192249 -0.067488 2.261837 1.000000
-0.079985 -0.012681 2.607190 0.375000
-0.244569 -0.049795 2.471309 0.000000
-0.289181 0.061306 2.222232 1.000000
0.046783 0.302855 2.751782 0.892308
-0.283185 -0.196849 2.277932 1.000000
0.252487 0.438529 2.656591 1.000000
-0.298410 -0.228836 2.333007 0.408654
0.314289 0.437941 2.634948 0.375000
-0.229288 -0.541707 2.485279 1.000000
-0.084171 -0.536136 2.572098 1.000000
-0.250321 -0.934538 2.589637 1.000000
-0.085192 -0.941711 2.606108 1.000000
-0.100316 -0.954520 2.544653 0.076923
0.064627 -0.946245 2.556529 0.000000
-0.012048 0.484205 2.321476 1.000000
-0.232086 0.293526 2.233437 1.000000
-0.184370 0.303330 2.574980 1.000000
-0.071037 0.374848 2.382849 0.000000
-0.265564 0.156260 2.416300 0.000000
-0.147654 -0.059617 2.267274 1.000000
-0.104145 -0.015862 2.629308 0.750000
-0.239709 -0.044603 2.462798 0.000000
-0.264592 0.046557 2.206948 1.000000
-0.005160 0.307854 2.749952 0.600000
-0.242636 -0.212011 2.258173 1.000000
0.214897 0.454512 2.755445 1.000000
-0.240341 -0.272690 2.282689 1.000000
0.273397 0.460526 2.726638 0.560096
-0.230476 -0.535445 2.483482 1.000000
-0.079515 -0.536880 2.568990 1.000000
-0.249912 -0.928957 2.585557 1.000000
-0.083473 -0.942305 2.604537 1.000000
-0.093044 -0.940272 2.571807 0.129808
0.072432 -0.945983 2.579949 0.000000
-0.008477 0.455936 2.340346 1.000000
-0.209612 0.289905 2.232493 1.000000
-0.175257 0.293918 2.574667 0.461538
-0.049612 0.359045 2.388997 0.000000
-0.259589 0.153865 2.412485 0.000000
-0.140323 -0.071214 2.268546 0.865385
-0.110056 -0.023650 2.631447 0.865385
-0.239474 -0.053877 2.460373 0.000000
-0.242844 0.042355 2.198810 1.000000
-0.064118 0.320149 2.799016 0.000000
-0.230531 -0.217149 2.256484 1.000000
0.143674 0.484485 2.820735 0.000000
-0.236376 -0.275803 2.285011 0.947115
0.207971 0.490802 2.831419 0.000000
-0.231302 -0.544843 2.486271 1.000000
-0.081594 -0.545291 2.574425 1.000000
-0.247157 -0.939261 2.585426 1.000000
-0.081675 -0.951129 2.605153 1.000000
-0.089722 -0.947666 2.577170 0.269231
0.074953 -0.952655 2.585407 0.000000
0.001541 0.461716 2.338806 1.000000
-0.183485 0.286868 2.221420 1.000000
-0.178681 0.299899 2.565833 0.144231
-0.036829 0.358879 2.389290 0.000000
-0.250236 0.156185 2.399936 0.000000
-0.113089 -0.069097 2.283451 0.836538
-0.111925 -0.025216 2.648072 0.548077
-0.227389 -0.050602 2.466543 0.000000
-0.232452 0.040283 2.197088 1.000000
-0.080174 0.324276 2.796211 0.000000
-0.222590 -0.219760 2.255444 1.000000
0.127974 0.483380 2.841105 0.000000
-0.237570 -0.270173 2.294462 1.000000
0.191081 0.489473 2.857497 0.000000
-0.236526 -0.542984 2.479948 1.000000
-0.084087 -0.546952 2.576582 1.000000
-0.241738 -0.937399 2.580239 1.000000
-0.081041 -0.953209 2.600973 1.000000
-0.083888 -0.939837 2.578855 0.307692
0.076390 -0.952738 2.589151 0.000000
0.015395 0.467806 2.343755 1.000000
-0.172198 0.281035 2.220332 1.000000
-0.177773 0.300076 2.564761 0.663462
-0.029096 0.352463 2.391486 0.000000
-0.247655 0.155186 2.398854 0.000000
-0.108605 -0.072571 2.288035 0.826923
-0.119274 -0.026448 2.652225 0.605769
-0.228731 -0.054589 2.467411 0.000000
-0.220216 0.033772 2.193653 1.000000
-0.083786 0.309298 2.798114 0.000000
-0.218399 -0.225992 2.257286 1.000000
0.126002 0.455274 2.871157 0.000000
-0.226021 -0.282095 2.290190 1.000000
0.187894 0.459456 2.892136 0.000000
-0.240237 -0.545453 2.477900 1.000000
-0.083946 -0.548684 2.577321 1.000000
-0.239206 -0.939226 2.580812 1.000000
-0.081180 -0.954821 2.603664 1.000000
-0.081335 -0.938578 2.581709 0.394231
0.076292 -0.954479 2.592407 0.000000
0.021964 0.463488 2.339229 1.000000
-0.157595 0.277852 2.217511 1.000000
-0.177999 0.299540 2.561224 0.288462
-0.021088 0.348442 2.394307 0.000000
-0.242698 0.154461 2.393391 0.000000
-0.097960 -0.070971 2.285483 0.846154
-0.141212 -0.031002 2.647985 0.346154
-0.233520 -0.059252 2.454051 0.000000
-0.223521 0.033815 2.195857 1.000000
-0.093022 0.298411 2.798183 0.000000
-0.232817 -0.224756 2.265298 1.000000
0.114108 0.434602 2.894125 0.000000
-0.235360 -0.284522 2.291939 1.000000
0.174419 0.437354 2.919487 0.000000
-0.249390 -0.540805 2.476654 1.000000
-0.086846 -0.550841 2.576427 1.000000
-0.245307 -0.933939 2.581908 1.000000
-0.089344 -0.957248 2.598240 1.000000
-0.088684 -0.927304 2.600613 0.120192
0.068412 -0.957889 2.604355 0.000000
0.034934 0.454767 2.333776 1.000000
-0.173122 0.277565 2.221884 1.000000
-0.160933 0.296512 2.566148 0.778846
-0.019406 0.344096 2.385649 0.000000
-0.243724 0.154138 2.404046 0.000000
-0.125149 -0.062954 2.279569 0.826923
-0.124290 -0.039505 2.646073 0.346154
-0.239431 -0.058373 2.463547 0.000000
-0.244442 0.034482 2.202234 1.000000
-0.050908 0.283526 2.792197 0.000000
-0.255722 -0.223347 2.275571 1.000000
0.167364 0.407650 2.879408 0.000000
-0.254395 -0.285515 2.296106 1.000000
0.229508 0.408431 2.900044 0.000000
-0.262030 -0.536306 2.477173 1.000000
-0.094730 -0.556725 2.561633 1.000000
-0.248296 -0.929746 2.580446 1.000000
-0.092735 -0.962375 2.594692 1.000000
-0.090540 -0.923833 2.581994 0.230769
0.064985 -0.962170 2.587688 0.000000
0.038712 0.439828 2.321275 1.000000
-0.189116 0.275677 2.220347 1.000000
-0.127610 0.279605 2.559798 1.000000
-0.009429 0.324315 2.362547 0.000000
-0.242838 0.150252 2.406852 0.000000
-0.180623 -0.075636 2.279685 0.971154
-0.115579 -0.037482 2.639114 0.490385
-0.261193 -0.056924 2.479904 0.000000
-0.294832 0.044080 2.222214 1.000000
0.018258 0.240656 2.761236 0.000000
-0.303387 -0.210299 2.308724 1.000000
0.257971 0.334105 2.828023 0.000000
-0.308797 -0.275360 2.313817 1.000000
0.322111 0.328738 2.840082 0.000000
-0.276676 -0.551029 2.487756 1.000000
-0.097304 -0.556445 2.531456 1.000000
-0.268371 -0.945401 2.588006 1.000000
-0.109421 -0.960963 2.574664 1.000000
-0.113361 -0.949670 2.558371 0.096154
0.039946 -0.970796 2.524489 0.000000
0.054753 0.405677 2.298617 1.000000
-0.210932 0.274169 2.234188 1.000000
-0.093165 0.321822 2.554945 1.000000
-0.008743 0.333149 2.336729 0.000000
-0.235652 0.178383 2.443032 0.000000
-0.223968 -0.067567 2.272095 1.000000
-0.099686 -0.048667 2.617163 0.798077
-0.269696 -0.047666 2.482908 0.000000
-0.335568 0.052336 2.249089 1.000000
0.086668 0.297692 2.729445 0.000000
-0.362503 -0.206691 2.316996 1.000000
0.338538 0.380746 2.747292 0.000000
-0.366846 -0.269013 2.336629 1.000000
0.403561 0.373394 2.749781 0.000000
-0.306875 -0.543814 2.493325 1.000000
-0.111680 -0.561045 2.502472 1.000000
-0.270161 -0.938900 2.583922 1.000000
-0.116190 -0.963510 2.562893 1.000000
-0.120691 -0.936653 2.533145 0.211538
0.026561 -0.975083 2.496464 0.000000
0.047730 0.408311 2.259079 1.000000
-0.224477 0.274568 2.276874 1.000000
0.047569 0.200666 2.475756 1.000000
-0.004946 0.198307 2.247479 0.000000
-0.182151 0.176274 2.481688 0.000000
-0.305016 -0.050838 2.319050 0.913462
-0.023176 -0.111997 2.546429 1.000000
-0.231413 -0.057197 2.522695 0.000000
-0.372831 0.067513 2.291716 1.000000
0.074467 0.013152 2.641994 1.000000
-0.408104 -0.195144 2.340196 1.000000
0.078676 -0.178986 2.826073 1.000000
-0.403799 -0.259083 2.353669 1.000000
0.079648 -0.226179 2.871462 0.000000
-0.327120 -0.554478 2.501636 1.000000
-0.123892 -0.599777 2.472889 1.000000
-0.276870 -0.950240 2.582235 1.000000
-0.128468 -0.995535 2.567778 1.000000
-0.163081 -0.958023 2.473074 0.000000
-0.036288 -1.026425 2.443388 0.038462
0.080276 0.418754 2.230161 1.000000
-0.222161 0.315727 2.355345 1.000000
0.076418 0.185236 2.468693 1.000000
-0.016959 0.249606 2.263727 0.014423
-0.149428 0.161920 2.511727 0.000000
-0.349597 -0.044573 2.362183 0.894231
-0.006607 -0.119263 2.470140 0.807692
-0.208231 -0.062447 2.525356 0.000000
-0.387107 0.113150 2.363932 1.000000
0.052256 -0.053222 2.370260 1.000000
-0.419534 -0.160754 2.373670 1.000000
0.034604 -0.288606 2.231936 1.000000
-0.408474 -0.225149 2.378048 0.560096
0.042000 -0.348162 2.205732 1.000000
-0.305017 -0.561335 2.502141 1.000000
-0.119810 -0.604557 2.448111 1.000000
-0.292553 -0.957534 2.594441 1.000000
-0.123444 -0.992979 2.569615 1.000000
-0.213453 -0.986169 2.460846 0.346154
-0.079590 -1.038631 2.424988 0.000000
0.049640 0.443633 2.244742 1.000000
-0.228904 0.337389 2.405517 1.000000
0.077201 0.185113 2.451736 1.000000
-0.040150 0.286797 2.276343 0.028846
-0.141639 0.156858 2.520385 0.000000
-0.356342 -0.026878 2.385863 0.721154
-0.000811 -0.107931 2.429492 0.701923
-0.190445 -0.058129 2.521622 0.000000
-0.388871 0.131171 2.408704 1.000000
0.037607 0.101606 2.209831 1.000000
-0.424550 -0.142022 2.401769 1.000000
0.010158 0.027516 1.948061 0.000000
-0.413177 -0.204927 2.387564 0.358173
0.003336 0.011129 1.885028 1.000000
-0.302533 -0.548584 2.497644 1.000000
-0.120842 -0.593675 2.432437 1.000000
-0.294031 -0.943637 2.595163 1.000000
-0.118904 -0.977253 2.568502 1.000000
-0.247661 -0.978862 2.448420 0.346154
-0.102072 -1.029656 2.420532 0.038462
0.029186 0.461081 2.262534 1.000000
-0.290349 0.345515 2.510892 1.000000
-0.011615 0.212530 2.366221 1.000000
-0.199735 0.327220 2.295652 0.024038
-0.157605 0.157620 2.532722 0.000000
-0.357482 -0.018558 2.479970 0.086538
-0.035756 -0.087754 2.316937 1.000000
-0.146119 -0.060925 2.501408 0.000000
-0.388698 0.114836 2.439710 1.000000
0.026095 0.194773 2.110774 0.615385
-0.416492 -0.158124 2.417753 1.000000
-0.019908 0.326497 1.875781 1.000000
-0.415662 -0.223004 2.426597 0.677885
-0.032315 0.371936 1.830287 1.000000
-0.300352 -0.544451 2.502217 1.000000
-0.123852 -0.575455 2.428749 1.000000
-0.286236 -0.943135 2.582844 1.000000
-0.108319 -0.959472 2.562685 1.000000
-0.353215 -0.973748 2.443197 0.000000
-0.177615 -1.008678 2.429638 0.038462
0.002098 0.476859 2.295161 1.000000
-0.259980 0.363851 2.480114 1.000000
0.023484 0.249484 2.348381 0.730769
-0.162862 0.347335 2.267584 0.057692
-0.115866 0.185555 2.509161 0.000000
-0.346943 0.006532 2.455123 0.009615
-0.021249 -0.068437 2.302879 1.000000
-0.135777 -0.032781 2.483270 0.000000
-0.385406 0.135874 2.484397 1.000000
0.015940 0.362424 2.115813 1.000000
-0.414601 -0.134265 2.443412 1.000000
-0.030483 0.592059 1.975451 1.000000
-0.412043 -0.196177 2.422232 0.694712
-0.051957 0.649564 1.952641 1.000000
-0.293058 -0.515577 2.511953 1.000000
-0.123835 -0.552929 2.425488 1.000000
-0.283744 -0.916158 2.583350 1.000000
-0.101168 -0.937129 2.557873 1.000000
-0.350832 -0.942744 2.442933 0.000000
-0.169282 -0.987103 2.424503 0.019231
-0.027789 0.534028 2.263192 1.000000
-0.289121 0.347980 2.493498 1.000000
-0.007954 0.264161 2.344723 1.000000
-0.205022 0.340951 2.274976 0.000000
-0.125726 0.185655 2.512328 0.000000
-0.342847 0.003336 2.450649 0.048077
-0.024136 -0.060009 2.279515 1.000000
-0.128516 -0.024194 2.465932 0.000000
-0.391829 0.107116 2.508930 1.000000
0.003074 0.418018 2.134250 1.000000
-0.408374 -0.162708 2.448670 1.000000
-0.046822 0.666124 2.025290 1.000000
-0.403632 -0.228010 2.449830 0.509615
-0.072950 0.725659 2.017470 1.000000
-0.283491 -0.513955 2.513919 1.000000
-0.117952 -0.543166 2.435676 1.000000
-0.276318 -0.913580 2.590715 1.000000
-0.094544 -0.930577 2.558206 1.000000
-0.354151 -0.940847 2.456093 0.000000
-0.171883 -0.976308 2.428391 0.000000
-0.082238 0.562990 2.304298 1.000000
-0.292544 0.343156 2.506116 1.000000
-0.014961 0.269076 2.346125 1.000000
-0.215933 0.342585 2.284747 0.000000
-0.124929 0.184375 2.515894 0.000000
-0.337183 0.002193 2.454510 0.019231
-0.027022 -0.057002 2.266969 1.000000
-0.121970 -0.022228 2.458554 0.000000
-0.389420 0.099996 2.513227 1.000000
-0.002893 0.427871 2.139822 1.000000
-0.398373 -0.168331 2.447177 1.000000
-0.058437 0.677092 2.037195 1.000000
-0.388243 -0.227384 2.420750 0.442308
-0.084772 0.736647 2.030272 1.000000
-0.282268 -0.513338 2.515607 1.000000
-0.108522 -0.538798 2.438813 1.000000
-0.267590 -0.913130 2.590440 1.000000
-0.092937 -0.924475 2.567882 1.000000
-0.353311 -0.940556 2.460732 0.000000
-0.176506 -0.970008 2.441915 0.000000
-0.093252 0.566721 2.313534 1.000000
-0.303391 0.319647 2.520127 1.000000
-0.023303 0.272915 2.351142 0.961538
-0.232173 0.332408 2.297329 0.000000
-0.123609 0.174460 2.520952 0.000000
-0.322371 0.000739 2.465849 0.000000
-0.021245 -0.058444 2.264117 1.000000
-0.108078 -0.030574 2.460617 0.000000
-0.391013 0.073600 2.514789 1.000000
-0.008551 0.410004 2.130491 1.000000
-0.389102 -0.189807 2.432922 1.000000
-0.075403 0.642711 2.000657 1.000000
-0.388509 -0.255268 2.431255 0.375000
-0.107688 0.693999 1.975850 1.000000
-0.275647 -0.517440 2.508471 1.000000
-0.100324 -0.537131 2.449374 1.000000
-0.262225 -0.915080 2.594213 1.000000
-0.087075 -0.923987 2.575135 1.000000
-0.353607 -0.945156 2.469037 0.000000
-0.177160 -0.966850 2.452775 0.076923
-0.115271 0.566128 2.335977 1.000000
-0.308281 0.318035 2.507124 1.000000
-0.013181 0.275156 2.358670 0.528846
-0.220980 0.330191 2.290088 0.000000
-0.126219 0.176584 2.522824 0.000000
-0.331341 -0.012696 2.453195 0.028846
-0.006660 -0.058337 2.287741 1.000000
-0.116775 -0.035154 2.472853 0.000000
-0.387038 0.069410 2.513702 1.000000
-0.011587 0.379492 2.120597 1.000000
-0.389627 -0.192970 2.429843 1.000000
-0.087143 0.585742 1.956024 1.000000
-0.375477 -0.255617 2.417062 0.610577
-0.120708 0.628927 1.920014 1.000000
-0.271135 -0.526445 2.511063 1.000000
-0.096970 -0.542260 2.458316 1.000000
-0.262295 -0.923256 2.601127 1.000000
-0.084761 -0.931011 2.578203 1.000000
-0.336938 -0.955627 2.465831 0.057692
-0.158425 -0.974268 2.445437 0.134615
-0.129085 0.572214 2.341299 1.000000
-0.294862 0.316179 2.515045 1.000000
0.015172 0.280950 2.377052 0.451923
-0.194357 0.348919 2.305998 0.000000
-0.116768 0.169344 2.526165 0.000000
-0.327021 -0.012580 2.457968 0.000000
-0.001424 -0.057477 2.294120 1.000000
-0.112508 -0.034582 2.478687 0.000000
-0.393934 0.075880 2.518998 1.000000
-0.005576 0.327110 2.122901 1.000000
-0.380826 -0.180894 2.422895 1.000000
-0.090091 0.481872 1.913670 1.000000
-0.376771 -0.246227 2.424730 0.745192
-0.122505 0.518794 1.870376 1.000000
-0.269433 -0.525929 2.516326 1.000000
-0.089847 -0.542165 2.462086 1.000000
-0.261352 -0.922840 2.606020 1.000000
-0.072961 -0.927791 2.591145 1.000000
-0.335420 -0.955005 2.470359 0.134615
-0.145598 -0.975128 2.459207 0.365385
-0.131139 0.567589 2.345139 1.000000
-0.310816 0.293364 2.497830 0.000000
0.013445 0.275559 2.381371 0.000000
-0.198148 0.327474 2.295306 0.000000
-0.124651 0.159311 2.525654 0.000000
-0.332051 -0.029005 2.430876 0.259615
0.018200 -0.064825 2.326392 1.000000
-0.123805 -0.043983 2.488656 0.000000
-0.402228 0.046603 2.517012 1.000000
0.026732 0.225798 2.123235 0.615385
-0.386835 -0.222300 2.445807 1.000000
-0.079664 0.253133 1.867927 1.000000
-0.381181 -0.286096 2.432156 0.307692
-0.119395 0.252833 1.815872 1.000000
-0.264093 -0.534902 2.526588 1.000000
-0.088734 -0.554590 2.468241 1.000000
-0.245166 -0.932397 2.611959 1.000000
-0.078368 -0.939851 2.599067 1.000000
-0.294380 -0.966133 2.465793 0.230769
-0.125722 -0.989418 2.456852 0.423077
-0.148593 0.564274 2.363149 1.000000
-0.304540 0.314239 2.516294 1.000000
0.024775 0.301521 2.414241 1.000000
-0.180649 0.371218 2.325826 0.000000
-0.123584 0.171715 2.534830 0.000000
-0.330831 -0.015661 2.439805 0.250000
0.018339 -0.051826 2.331877 1.000000
-0.122569 -0.036446 2.495699 0.000000
-0.397226 0.065477 2.511157 1.000000
0.032991 0.196058 2.171287 0.907692
-0.387420 -0.210231 2.461251 1.000000
-0.040888 0.093884 1.921509 1.000000
-0.377673 -0.274340 2.452122 0.375000
-0.068608 0.067241 1.868500 1.000000
-0.264176 -0.524854 2.519790 1.000000
-0.087334 -0.542580 2.467791 1.000000
-0.234192 -0.920507 2.610387 1.000000
-0.079942 -0.928781 2.596020 1.000000
-0.285652 -0.957516 2.465796 0.326923
-0.128496 -0.976955 2.453729 0.384615
-0.158698 0.568754 2.357797 1.000000
-0.322353 0.302630 2.533510 1.000000
0.000006 0.314635 2.411176 1.000000
-0.215413 0.366390 2.335086 0.000000
-0.129719 0.175275 2.542142 0.000000
-0.336981 -0.024204 2.449268 0.125000
0.009327 -0.034725 2.327468 1.000000
-0.125887 -0.035013 2.496720 0.000000
-0.394944 0.045314 2.505198 1.000000
0.044895 0.128151 2.223401 1.000000
-0.386113 -0.234919 2.460680 1.000000
-0.001788 -0.060904 2.017463 1.000000
-0.371631 -0.294481 2.437641 0.610577
-0.020400 -0.114576 1.984888 1.000000
-0.259775 -0.527478 2.519757 1.000000
-0.082995 -0.531985 2.467625 1.000000
-0.235279 -0.921683 2.617997 1.000000
-0.078694 -0.918568 2.594841 1.000000
-0.289119 -0.960713 2.474810 0.365385
-0.131206 -0.965635 2.453591 0.365385
-0.160870 0.567483 2.356770 1.000000
-0.327214 0.296644 2.511129 1.000000
0.001305 0.304827 2.406088 1.000000
-0.210005 0.349176 2.315231 0.000000
-0.134285 0.172370 2.538271 0.000000
-0.333654 -0.034413 2.452275 0.019231
0.011504 -0.038213 2.326868 1.000000
-0.121966 -0.043290 2.497423 0.000000
-0.397177 0.033328 2.500475 1.000000
0.057602 0.055657 2.311658 1.000000
-0.383640 -0.248916 2.445317 1.000000
0.053736 -0.216167 2.217886 1.000000
-0.373999 -0.310979 2.426781 0.492788
0.048336 -0.280917 2.209729 1.000000
-0.257529 -0.534559 2.524947 1.000000
-0.079912 -0.535331 2.474221 1.000000
-0.242349 -0.930248 2.619014 1.000000
-0.077784 -0.924247 2.594172 1.000000
-0.296529 -0.966509 2.475228 0.288462
-0.132984 -0.968116 2.452918 0.326923
-0.167706 0.565652 2.350756 1.000000
-0.324065 0.289733 2.498534 1.000000
0.006586 0.290738 2.400076 1.000000
-0.202222 0.335368 2.303738 0.000000
-0.133442 0.163722 2.532971 0.000000
-0.341338 -0.041583 2.434739 0.192308
0.014628 -0.048327 2.344635 1.000000
-0.135226 -0.048414 2.501074 0.000000
-0.403082 0.026667 2.501523 1.000000
0.063880 0.024073 2.369690 1.000000
-0.384720 -0.258246 2.450382 1.000000
0.061377 -0.263812 2.336707 1.000000
-0.372002 -0.320590 2.434897 0.475962
0.044308 -0.326853 2.341481 1.000000
-0.256843 -0.539320 2.532399 1.000000
-0.081738 -0.546406 2.478047 1.000000
-0.246266 -0.936223 2.621867 1.000000
-0.077549 -0.934457 2.600716 1.000000
-0.285079 -0.970858 2.472809 0.365385
-0.116510 -0.980953 2.454960 0.403846
-0.169060 0.556769 2.344501 1.000000
-0.326254 0.291402 2.492413 1.000000
0.009771 0.298283 2.414536 1.000000
-0.193119 0.345691 2.307476 0.000000
-0.137083 0.165132 2.533306 0.000000
-0.349667 -0.043232 2.435223 0.288462
0.007953 -0.050999 2.352020 0.923077
-0.144924 -0.051573 2.505505 0.000000
-0.403176 0.026644 2.497710 1.000000
0.071107 0.029661 2.411657 1.000000
-0.390701 -0.261379 2.456870 1.000000
0.062247 -0.261141 2.408572 1.000000
-0.404056 -0.325485 2.457491 0.173077
0.046728 -0.324747 2.407251 1.000000
-0.254156 -0.541062 2.535667 1.000000
-0.079814 -0.549023 2.481404 1.000000
-0.249248 -0.939621 2.617981 1.000000
-0.077788 -0.939151 2.597355 1.000000
-0.284845 -0.971151 2.467438 0.326923
-0.112862 -0.983172 2.449854 0.384615
-0.171980 0.552157 2.335406 1.000000
-0.331347 0.298402 2.496238 1.000000
0.005785 0.300990 2.423023 1.000000
-0.194737 0.354568 2.314422 0.000000
-0.145042 0.167793 2.536653 0.000000
-0.345169 -0.041670 2.420338 0.288462
0.017969 -0.047985 2.365867 0.836538
-0.146644 -0.049527 2.506683 0.000000
-0.400937 0.031498 2.492370 1.000000
0.072652 0.033968 2.438525 1.000000
-0.384098 -0.256694 2.453610 1.000000
0.069233 -0.256877 2.426469 1.000000
-0.392356 -0.320523 2.441532 0.290865
0.040499 -0.315717 2.425751 1.000000
-0.252474 -0.536693 2.536135 1.000000
-0.076126 -0.547096 2.484710 1.000000
-0.252747 -0.934800 2.620748 1.000000
-0.078078 -0.938030 2.597917 1.000000
-0.276029 -0.967247 2.468008 0.288462
-0.101132 -0.981366 2.447867 0.365385
-0.173776 0.558937 2.344631 1.000000
-0.334226 0.291922 2.488038 1.000000
0.005404 0.304881 2.428802 1.000000
-0.192046 0.350879 2.311451 0.000000
-0.145641 0.167854 2.537480 0.000000
-0.345764 -0.042982 2.417250 0.317308
0.018350 -0.044814 2.369362 0.865385
-0.148744 -0.047342 2.507211 0.000000
-0.401235 0.024210 2.486548 1.000000
0.073429 0.037721 2.438439 1.000000
-0.383555 -0.264656 2.452505 1.000000
0.069874 -0.253317 2.427274 1.000000
-0.376033 -0.328994 2.442901 0.324519
0.045166 -0.313943 2.425785 0.963942
-0.251797 -0.537947 2.531791 1.000000
-0.073016 -0.544619 2.489131 1.000000
-0.253900 -0.934347 2.624048 1.000000
-0.080141 -0.936660 2.598226 1.000000
-0.273839 -0.969747 2.471490 0.365385
-0.099924 -0.978317 2.447237 0.346154
-0.174009 0.557740 2.343234 1.000000
