-0.236676 0.233941 2.559851 1.000000
0.140755 0.231013 2.525527 1.000000
-0.057760 0.311444 2.428190 0.000000
-0.043117 0.090954 2.608022 0.000000
-0.276509 -0.086022 2.491459 0.490385
0.150271 -0.094293 2.480520 0.673077
-0.059856 -0.094705 2.616734 0.000000
-0.331151 -0.013803 2.555231 1.000000
0.202664 -0.026702 2.516891 1.000000
-0.278349 -0.268211 2.440263 1.000000
0.146963 -0.299612 2.460798 1.000000
-0.274218 -0.333741 2.471669 0.375000
0.095225 -0.334295 2.423142 0.745192
-0.184975 -0.628966 2.547991 1.000000
0.021210 -0.631775 2.556726 1.000000
-0.157273 -1.064607 2.617374 1.000000
-0.013610 -1.063135 2.646611 1.000000
-0.166495 -1.093511 2.439569 0.000000
-0.017295 -1.099638 2.470007 0.000000
-0.044393 0.488684 2.403235 1.000000
-0.241832 0.233475 2.564265 1.000000
0.135130 0.233365 2.525013 1.000000
-0.065266 0.311883 2.429994 0.000000
-0.046543 0.092182 2.610413 0.000000
-0.284454 -0.089885 2.508456 0.490385
0.140425 -0.087602 2.466004 0.721154
-0.058985 -0.095292 2.617278 0.000000
-0.340998 -0.012599 2.551626 1.000000
0.187812 -0.026962 2.525399 1.000000
-0.280526 -0.271388 2.449869 1.000000
0.138143 -0.297742 2.453326 1.000000
-0.280127 -0.338499 2.421699 0.307692
0.089514 -0.349012 2.435881 0.745192
-0.184394 -0.630140 2.554225 1.000000
0.021318 -0.626907 2.558010 1.000000
-0.161766 -1.067537 2.613686 1.000000
-0.014386 -1.058790 2.644996 1.000000
-0.182047 -1.092710 2.436231 0.000000
-0.030033 -1.093026 2.468593 0.000000
-0.053395 0.490812 2.406786 1.000000
-0.242427 0.230098 2.565234 1.000000
0.134381 0.235883 2.524943 1.000000
-0.067512 0.310685 2.430094 0.000000
-0.044757 0.092207 2.611533 0.000000
-0.280649 -0.084042 2.504030 0.490385
0.144945 -0.089542 2.469844 0.490385
-0.057445 -0.091763 2.617291 0.000000
-0.319314 -0.023788 2.551737 1.000000
0.202133 -0.020929 2.521938 1.000000
-0.277806 -0.282997 2.441833 1.000000
0.140427 -0.291725 2.459866 1.000000
-0.289374 -0.354724 2.437476 0.257212
0.087080 -0.326370 2.424489 0.728365
-0.185389 -0.626535 2.552391 1.000000
0.022185 -0.626600 2.560172 1.000000
-0.160717 -1.062705 2.619555 1.000000
-0.015779 -1.059286 2.642062 1.000000
-0.178748 -1.091015 2.442331 0.000000
-0.028567 -1.091660 2.465078 0.000000
-0.049264 0.494257 2.412553 1.000000
-0.244206 0.229538 2.567992 1.000000
0.132810 0.241024 2.531003 1.000000
-0.069201 0.316791 2.437177 0.000000
-0.045304 0.092375 2.611064 0.000000
-0.279699 -0.089471 2.494639 0.548077
0.147089 -0.090750 2.481239 0.653846
-0.062215 -0.095003 2.618647 0.000000
-0.336523 -0.018501 2.552442 1.000000
0.198552 -0.015358 2.515697 1.000000
-0.278211 -0.274708 2.444528 1.000000
0.147939 -0.290920 2.468887 1.000000
-0.265152 -0.345367 2.456122 0.257212
0.105035 -0.321626 2.418747 0.762019
-0.185334 -0.629714 2.555500 1.000000
0.019830 -0.630393 2.557642 1.000000
-0.159664 -1.065258 2.626256 1.000000
-0.013583 -1.062179 2.646008 1.000000
-0.169011 -1.094679 2.448542 0.000000
-0.017942 -1.098009 2.469282 0.000000
-0.055627 0.493433 2.414951 1.000000
-0.243716 0.231964 2.564859 1.000000
0.133505 0.235904 2.528400 1.000000
-0.067107 0.310519 2.430730 0.000000
-0.047075 0.093791 2.614572 0.000000
-0.282297 -0.087559 2.502200 0.500000
0.144552 -0.089850 2.491085 0.682692
-0.065494 -0.093517 2.627374 0.000000
-0.336861 -0.016209 2.555657 1.000000
0.198653 -0.020964 2.517191 1.000000
-0.282968 -0.276176 2.454305 1.000000
0.139467 -0.291090 2.451704 1.000000
-0.303151 -0.342969 2.433596 0.156250
0.114460 -0.333520 2.398113 0.358173
-0.187491 -0.628946 2.557864 1.000000
0.023755 -0.630712 2.555828 1.000000
-0.160367 -1.065769 2.619621 1.000000
-0.011684 -1.061809 2.646734 1.000000
-0.168778 -1.091503 2.441289 0.000000
-0.013978 -1.098843 2.470217 0.000000
-0.051636 0.496279 2.414665 1.000000
-0.242504 0.229852 2.563676 1.000000
0.134769 0.236483 2.528144 1.000000
-0.066153 0.309149 2.429644 0.000000
-0.044952 0.093390 2.614491 0.000000
-0.282007 -0.084332 2.508608 0.480769
0.143702 -0.088747 2.475728 0.480769
-0.059123 -0.090744 2.622579 0.000000
-0.320284 -0.024168 2.561180 1.000000
0.204103 -0.019894 2.521364 1.000000
-0.277959 -0.283692 2.452178 1.000000
0.136192 -0.287226 2.451031 1.000000
-0.292433 -0.351858 2.431165 0.240385
0.105681 -0.348326 2.476202 0.627404
-0.187934 -0.626691 2.555298 1.000000
0.021215 -0.627914 2.555117 1.000000
-0.161614 -1.062879 2.621713 1.000000
-0.010715 -1.059301 2.645943 1.000000
-0.179481 -1.090950 2.444434 0.000000
-0.022883 -1.095516 2.469661 0.000000
-0.055673 0.496259 2.414784 1.000000
-0.240630 0.230493 2.568898 1.000000
0.135793 0.239884 2.525786 1.000000
-0.067515 0.312676 2.432409 0.000000
-0.041299 0.094543 2.613794 0.000000
-0.279842 -0.087213 2.517159 0.461538
0.144738 -0.088745 2.471786 0.750000
-0.053685 -0.094344 2.624444 0.000000
-0.339124 -0.016230 2.562685 1.000000
0.204022 -0.016649 2.513660 1.000000
-0.277171 -0.271793 2.453557 1.000000
0.144996 -0.289433 2.457411 1.000000
-0.280915 -0.344472 2.454722 0.290865
0.110443 -0.353385 2.453680 0.677885
-0.185844 -0.628912 2.556890 1.000000
0.021838 -0.628689 2.554275 1.000000
-0.161326 -1.065691 2.620035 1.000000
-0.011187 -1.060898 2.640700 1.000000
-0.184093 -1.092544 2.443129 0.000000
-0.028587 -1.094821 2.464400 0.000000
-0.044108 0.497715 2.416823 1.000000
-0.232012 0.230552 2.573647 1.000000
0.143321 0.238320 2.521635 1.000000
-0.061571 0.315391 2.435429 0.000000
-0.032800 0.091812 2.609655 0.000000
-0.276874 -0.084712 2.513450 0.519231
0.148324 -0.091268 2.474822 0.759615
-0.052562 -0.095127 2.624279 0.000000
-0.333235 -0.014818 2.564990 1.000000
0.205257 -0.019729 2.511540 1.000000
-0.278395 -0.273717 2.460458 1.000000
0.145789 -0.294485 2.467544 1.000000
-0.290490 -0.344013 2.445973 0.257212
0.104739 -0.324972 2.415746 0.745192
-0.183829 -0.627825 2.555625 1.000000
0.026740 -0.630582 2.548457 1.000000
-0.167039 -1.064541 2.621661 1.000000
-0.009047 -1.063610 2.629509 1.000000
-0.186459 -1.092082 2.444462 0.000000
-0.023446 -1.095539 2.452568 0.000000
-0.045683 0.485043 2.402343 1.000000
-0.223730 0.226770 2.571338 1.000000
0.151915 0.237502 2.522178 1.000000
-0.052939 0.312644 2.434195 0.000000
-0.023662 0.089780 2.609251 0.000000
-0.269255 -0.081766 2.526116 0.615385
0.153137 -0.093662 2.464695 0.634615
-0.039444 -0.094609 2.624755 0.000000
-0.312975 -0.022730 2.558944 1.000000
0.216157 -0.019815 2.516798 1.000000
-0.263772 -0.281809 2.452939 1.000000
0.148005 -0.289674 2.459255 1.000000
-0.287283 -0.349112 2.467607 0.324519
0.095396 -0.325616 2.424070 0.795673
-0.183101 -0.626891 2.554202 1.000000
0.027871 -0.631383 2.545639 1.000000
-0.163722 -1.063069 2.623025 1.000000
-0.008246 -1.064652 2.625245 1.000000
-0.194156 -1.092097 2.447622 0.000000
-0.032811 -1.094961 2.449139 0.000000
-0.041210 0.476126 2.392934 1.000000
-0.216539 0.235288 2.561310 1.000000
0.160389 0.232497 2.521836 1.000000
-0.039689 0.309961 2.425294 0.000000
-0.021910 0.094052 2.610327 0.000000
-0.271349 -0.079625 2.521781 0.653846
0.152652 -0.093211 2.473125 0.653846
-0.044664 -0.093211 2.627312 0.000000
-0.326450 -0.005658 2.561330 1.000000
0.202944 -0.028892 2.521567 1.000000
-0.271978 -0.265387 2.460897 1.000000
0.143932 -0.298638 2.456239 1.000000
-0.270921 -0.336543 2.445623 0.290865
0.136704 -0.370023 2.444013 0.223558
-0.184698 -0.625229 2.554289 1.000000
0.029100 -0.631137 2.544459 1.000000
-0.164578 -1.062541 2.615265 1.000000
-0.009713 -1.064709 2.621092 1.000000
-0.189426 -1.088333 2.438481 0.000000
-0.028443 -1.094307 2.444151 0.000000
-0.027851 0.478955 2.386496 1.000000
-0.206681 0.240993 2.555283 1.000000
0.171163 0.231545 2.527262 1.000000
-0.024743 0.309064 2.422553 0.000000
-0.015799 0.098425 2.614182 0.000000
-0.255523 -0.073087 2.510037 0.692308
0.169752 -0.100319 2.483032 0.721154
-0.035067 -0.093938 2.626964 0.000000
-0.309079 -0.003946 2.542547 1.000000
0.229616 -0.027624 2.519690 1.000000
-0.268173 -0.274714 2.464403 1.000000
0.158481 -0.299200 2.471921 1.000000
-0.270851 -0.345057 2.445899 0.223558
0.131337 -0.335905 2.415233 0.391827
-0.184262 -0.621200 2.550694 1.000000
0.029176 -0.634193 2.546000 1.000000
-0.164262 -1.056947 2.622028 1.000000
-0.015258 -1.068212 2.616827 1.000000
-0.182830 -1.086762 2.445106 0.000000
-0.026518 -1.096083 2.438975 0.000000
0.005465 0.479863 2.383928 1.000000
-0.199543 0.245196 2.552878 1.000000
0.178153 0.224140 2.529573 1.000000
-0.013998 0.307184 2.422177 0.000000
-0.013834 0.097110 2.614632 0.000000
-0.258357 -0.075061 2.512345 0.605769
0.166963 -0.101754 2.485522 0.750000
-0.037915 -0.095474 2.629374 0.000000
-0.312185 0.006566 2.517671 1.000000
0.229900 -0.036925 2.535816 1.000000
-0.258927 -0.264939 2.448343 1.000000
0.156319 -0.305009 2.471980 1.000000
-0.245515 -0.331290 2.475088 0.341346
0.118171 -0.346560 2.425982 0.509615
-0.183983 -0.624569 2.539703 1.000000
0.030621 -0.636246 2.545020 1.000000
-0.168368 -1.058742 2.621030 1.000000
-0.016205 -1.069882 2.616651 1.000000
-0.186970 -1.092420 2.444806 0.000000
-0.026632 -1.098133 2.438807 0.000000
0.008194 0.474023 2.378445 1.000000
-0.197422 0.248260 2.546389 1.000000
0.180538 0.222418 2.535482 1.000000
-0.007016 0.306731 2.421173 0.000000
-0.015644 0.098548 2.615480 0.000000
-0.251354 -0.068493 2.495703 0.634615
0.173711 -0.108255 2.503929 0.528846
-0.041434 -0.089227 2.630651 0.000000
-0.301827 0.006584 2.504908 1.000000
0.232699 -0.038373 2.552676 1.000000
-0.247045 -0.262715 2.427352 1.000000
0.157998 -0.301878 2.471911 1.000000
-0.258712 -0.332887 2.411943 0.156250
0.127249 -0.340634 2.418525 0.492788
-0.183491 -0.622363 2.507195 1.000000
0.027680 -0.639678 2.542548 1.000000
-0.178971 -1.052696 2.607977 1.000000
-0.015224 -1.073201 2.617252 1.000000
-0.185842 -1.093865 2.432498 0.000000
-0.011751 -1.104160 2.439588 0.000000
0.022461 0.474613 2.379172 1.000000
-0.191584 0.249403 2.505654 1.000000
0.181982 0.221742 2.563312 1.000000
0.018701 0.300797 2.413506 0.000000
-0.026787 0.102761 2.613213 0.000000
-0.257913 -0.087092 2.477484 0.682692
0.164317 -0.089452 2.541093 1.000000
-0.066301 -0.090291 2.638675 0.000000
-0.301131 0.011082 2.458603 1.000000
0.226832 -0.040682 2.574858 1.000000
-0.220964 -0.252824 2.384812 1.000000
0.151088 -0.293848 2.466748 1.000000
-0.233024 -0.315139 2.349190 0.021635
0.123091 -0.357359 2.488657 0.711538
-0.193249 -0.627858 2.472076 1.000000
0.023925 -0.633673 2.540473 1.000000
-0.205878 -1.065813 2.530389 1.000000
-0.009918 -1.067731 2.616713 1.000000
-0.189471 -1.089985 2.352396 0.000000
0.015489 -1.100544 2.441176 0.000000
0.037175 0.472229 2.369763 1.000000
-0.191642 0.255099 2.471804 1.000000
0.167549 0.220070 2.587543 1.000000
0.031403 0.303634 2.414819 0.000000
-0.048395 0.104377 2.602165 0.000000
-0.248906 -0.088357 2.440174 0.673077
0.156266 -0.088006 2.574948 1.000000
-0.087623 -0.086746 2.631727 0.000000
-0.288820 0.015391 2.412686 1.000000
0.228205 -0.037458 2.607487 1.000000
-0.188389 -0.243811 2.353172 1.000000
0.201114 -0.285263 2.470839 1.000000
-0.199708 -0.308004 2.320789 0.038462
0.151800 -0.336647 2.485853 0.593750
-0.201018 -0.626358 2.456043 1.000000
0.027215 -0.633165 2.544900 1.000000
-0.223906 -1.066108 2.494260 1.000000
-0.007758 -1.067179 2.620881 1.000000
-0.176093 -1.083634 2.321223 0.000000
0.046738 -1.101081 2.452311 0.000000
0.040630 0.469362 2.363723 1.000000
-0.186021 0.259891 2.440959 1.000000
0.149945 0.213210 2.610041 1.000000
0.044676 0.300200 2.418459 0.000000
-0.069694 0.105228 2.591882 0.000000
-0.236878 -0.101568 2.399163 1.000000
0.142476 -0.090000 2.594830 1.000000
-0.107269 -0.090300 2.613130 0.000000
-0.278880 0.023703 2.368169 1.000000
0.231102 -0.034345 2.652896 1.000000
-0.155301 -0.227285 2.326291 1.000000
0.279203 -0.257044 2.485232 1.000000
-0.101726 -0.274027 2.341862 0.475962
0.267571 -0.306206 2.432835 0.290865
-0.213766 -0.633502 2.448213 1.000000
0.031765 -0.638060 2.557197 1.000000
-0.249665 -1.073900 2.459367 1.000000
-0.015087 -1.073408 2.617533 1.000000
-0.170462 -1.084452 2.297655 0.000000
0.068246 -1.104135 2.460541 0.000000
0.041819 0.465647 2.358785 1.000000
-0.171749 0.258101 2.381456 1.000000
0.117323 0.198664 2.619250 1.000000
0.062313 0.270199 2.401974 0.000000
-0.107174 0.113304 2.568793 0.000000
-0.209042 -0.093019 2.352795 1.000000
0.123272 -0.100897 2.620815 0.461538
-0.124397 -0.083325 2.588271 0.000000
-0.245131 0.022174 2.301456 1.000000
0.232990 0.001998 2.743305 1.000000
-0.082144 -0.203348 2.300804 1.000000
0.389989 -0.107931 2.541581 1.000000
-0.065521 -0.256690 2.347450 1.000000
0.404229 -0.154878 2.487815 0.341346
-0.233394 -0.623908 2.415742 1.000000
0.028633 -0.640884 2.584419 1.000000
-0.270218 -1.064314 2.408637 1.000000
-0.007484 -1.079559 2.624717 1.000000
-0.159441 -1.071282 2.266457 0.000000
0.107236 -1.101629 2.487285 0.000000
0.046843 0.473101 2.348510 1.000000
-0.165003 0.256521 2.334653 1.000000
0.076761 0.207317 2.622351 1.000000
0.061212 0.273347 2.397072 0.000000
-0.133544 0.116819 2.533963 0.000000
-0.193716 -0.090214 2.326953 0.990385
0.083627 -0.098190 2.651524 0.644231
-0.153420 -0.076645 2.573732 0.000000
-0.214212 0.015237 2.260124 1.000000
0.229440 0.069881 2.777253 1.000000
-0.057301 -0.206168 2.308573 1.000000
0.429157 -0.010538 2.605106 1.000000
-0.033554 -0.271800 2.329217 0.644231
0.442054 -0.060254 2.553535 0.206731
-0.245490 -0.617584 2.392333 1.000000
0.016789 -0.637027 2.590967 1.000000
-0.277274 -1.058360 2.383934 1.000000
-0.004187 -1.076933 2.628469 1.000000
-0.142757 -1.065774 2.263996 0.000000
0.134482 -1.093280 2.514280 0.000000
0.043824 0.466284 2.321151 1.000000
-0.153367 0.237833 2.285947 1.000000
0.043761 0.224792 2.609384 0.644231
0.061210 0.265621 2.378342 0.000000
-0.151069 0.121257 2.501900 0.000000
-0.191152 -0.072251 2.297754 0.586538
0.039673 -0.104619 2.655526 0.634615
-0.183236 -0.066510 2.547977 0.000000
-0.193608 -0.008746 2.233333 1.000000
0.212220 0.157613 2.789099 1.000000
-0.024158 -0.210645 2.306532 1.000000
0.441549 0.079590 2.661996 1.000000
-0.029212 -0.263537 2.356277 0.745192
0.500984 0.059446 2.625128 0.000000
-0.247197 -0.610199 2.367008 1.000000
0.004797 -0.631636 2.590325 1.000000
-0.299378 -1.048441 2.342829 1.000000
-0.015119 -1.071750 2.625924 1.000000
-0.149015 -1.060891 2.243981 0.000000
0.140069 -1.086117 2.535121 0.000000
0.048011 0.466973 2.296748 1.000000
-0.157985 0.205713 2.225070 1.000000
0.042553 0.203865 2.546496 0.163462
0.060559 0.200691 2.312052 0.000000
-0.173614 0.129223 2.457741 0.000000
-0.219672 -0.099689 2.265538 0.634615
0.010789 -0.111980 2.624795 0.000000
-0.210000 -0.070718 2.514083 0.000000
-0.197997 -0.043023 2.183237 1.000000
0.112643 0.239427 2.789485 0.600000
-0.048826 -0.244248 2.293362 1.000000
0.381473 0.194854 2.764693 1.000000
-0.001245 -0.295316 2.313996 0.072115
0.441915 0.225016 2.791797 0.290865
-0.271077 -0.626777 2.313807 1.000000
-0.024341 -0.641313 2.569461 1.000000
-0.297113 -1.065882 2.270526 1.000000
-0.032583 -1.079736 2.624970 1.000000
-0.145801 -1.065176 2.172346 0.000000
0.122055 -1.094255 2.533257 0.000000
0.045858 0.469043 2.263869 1.000000
-0.176358 0.187148 2.192819 1.000000
0.034648 0.174644 2.507400 0.355769
0.044424 0.170439 2.272370 0.000000
-0.188171 0.111681 2.426049 0.000000
-0.250040 -0.126119 2.242713 0.769231
0.000756 -0.141263 2.587968 0.336538
-0.223713 -0.090615 2.489196 0.000000
-0.224351 -0.062355 2.152614 1.000000
0.057779 0.214180 2.759609 0.769231
-0.073497 -0.265468 2.261929 1.000000
0.325719 0.237187 2.815360 1.000000
-0.031752 -0.316262 2.293154 0.000000
0.395735 0.256724 2.811665 0.290865
-0.280867 -0.649619 2.265357 1.000000
-0.036051 -0.665251 2.548865 1.000000
-0.323330 -1.089030 2.243469 1.000000
-0.023970 -1.100814 2.623044 1.000000
-0.183425 -1.096892 2.129891 0.000000
0.125053 -1.113845 2.522260 0.000000
0.043207 0.449562 2.258592 1.000000
-0.224900 0.179349 2.166547 1.000000
-0.015561 0.158713 2.481813 0.875000
-0.004355 0.184986 2.248282 0.000000
-0.226491 0.074780 2.388569 0.000000
-0.275162 -0.133390 2.205962 0.644231
-0.030105 -0.163643 2.554331 0.365385
-0.252343 -0.106778 2.453911 0.000000
-0.265123 -0.073142 2.125737 1.000000
0.001836 0.151392 2.738358 0.000000
-0.088762 -0.267252 2.216135 1.000000
0.245763 0.220479 2.846472 0.000000
-0.041186 -0.315569 2.242584 0.000000
0.298828 0.267857 2.831074 0.000000
-0.281831 -0.660656 2.207835 1.000000
-0.047010 -0.680616 2.497629 1.000000
-0.332027 -1.099623 2.220175 1.000000
-0.030082 -1.104147 2.622922 1.000000
-0.198858 -1.118231 2.099946 0.000000
0.119612 -1.127146 2.524954 0.000000
0.007834 0.423718 2.227810 1.000000
-0.292134 0.178243 2.162280 1.000000
-0.063214 0.155145 2.463450 1.000000
-0.074302 0.223707 2.238665 0.000000
-0.253855 0.039417 2.361009 0.000000
-0.336574 -0.154218 2.151991 1.000000
-0.055522 -0.175167 2.472772 1.000000
-0.290774 -0.134201 2.397367 0.000000
-0.372895 -0.059637 2.106306 1.000000
-0.010748 0.094740 2.707929 0.000000
-0.160436 -0.235422 2.104274 1.000000
0.223241 0.181833 2.824659 0.000000
-0.148533 -0.299444 2.136786 1.000000
0.267086 0.239913 2.823258 0.000000
-0.302975 -0.673367 2.113538 1.000000
-0.080670 -0.699352 2.357497 1.000000
-0.303527 -1.100019 2.229001 1.000000
-0.028536 -1.044209 2.629011 1.000000
-0.227616 -1.142853 2.071083 0.000000
0.057257 -1.134150 2.498301 0.000000
-0.036399 0.379824 2.178429 1.000000
-0.316079 0.173128 2.165409 1.000000
-0.052354 0.137806 2.435303 1.000000
-0.088581 0.208494 2.213846 0.000000
-0.259278 0.031261 2.357447 0.000000
-0.366389 -0.177052 2.092615 1.000000
-0.063602 -0.185706 2.393571 1.000000
-0.305371 -0.157603 2.334702 0.000000
-0.447675 -0.039754 2.105624 1.000000
-0.001041 -0.110413 2.483711 1.000000
-0.221809 -0.181043 2.034710 1.000000
0.156543 -0.258365 2.656105 1.000000
-0.201664 -0.249493 2.049072 1.000000
0.201671 -0.314755 2.665115 0.778846
-0.313768 -0.707824 2.091731 1.000000
-0.094694 -0.714533 2.266299 1.000000
-0.327331 -1.140798 2.179553 0.497356
-0.035329 -0.963243 2.626830 1.000000
-0.230114 -1.173920 2.031274 0.000000
0.003490 -1.105186 2.522520 0.197115
-0.068238 0.381234 2.155850 1.000000
-0.352176 0.180201 2.192777 1.000000
-0.042332 0.102613 2.396780 1.000000
-0.118358 0.205473 2.199317 0.000000
-0.264630 0.011026 2.347523 0.000000
-0.410648 -0.160087 2.107315 1.000000
-0.058678 -0.208241 2.344226 1.000000
-0.307709 -0.183884 2.334349 0.000000
-0.462607 -0.042861 2.121124 1.000000
0.008979 -0.139480 2.318340 1.000000
-0.256026 -0.180498 1.997058 1.000000
0.135124 -0.386900 2.302930 1.000000
-0.223003 -0.242290 2.016780 1.000000
0.160865 -0.446027 2.269182 1.000000
-0.327887 -0.705374 2.069720 1.000000
-0.098229 -0.730965 2.269338 1.000000
-0.339967 -1.142846 2.131660 0.312981
-0.059686 -0.977519 2.634153 0.806731
-0.256680 -1.167528 1.973580 0.000000
-0.012947 -1.119530 2.533239 0.072115
-0.110091 0.388651 2.168146 1.000000
-0.368394 0.181515 2.222688 1.000000
-0.028401 0.094809 2.365963 0.500000
-0.137697 0.222416 2.201273 0.043269
-0.250766 -0.003603 2.332805 0.000000
-0.438981 -0.155539 2.115534 1.000000
-0.054406 -0.193934 2.297074 1.000000
-0.303285 -0.186411 2.323720 0.000000
-0.472849 -0.034067 2.133142 1.000000
-0.031890 -0.011544 2.132931 1.000000
-0.260925 -0.127107 1.986467 1.000000
-0.030733 -0.099429 1.872907 0.403846
-0.217248 -0.184037 1.998670 1.000000
-0.029076 -0.106802 1.800516 1.000000
-0.343452 -0.701118 2.067457 1.000000
-0.106158 -0.721363 2.252849 1.000000
-0.345066 -1.140844 2.112209 0.309856
-0.063128 -0.993566 2.598418 0.728606
-0.279414 -1.158093 1.945094 0.000000
-0.018383 -1.128082 2.486889 0.004808
-0.124438 0.388238 2.172539 1.000000
-0.380834 0.180357 2.243092 1.000000
-0.016727 0.094902 2.304446 0.000000
-0.162045 0.215316 2.163963 0.000000
-0.241071 -0.000679 2.332103 0.000000
-0.472255 -0.179455 2.154891 1.000000
-0.055227 -0.186890 2.246328 1.000000
-0.291821 -0.200080 2.327302 0.000000
-0.484275 -0.037477 2.152611 1.000000
-0.033225 0.042208 2.052470 1.000000
-0.270950 -0.096912 1.987947 1.000000
-0.085074 0.122480 1.793136 1.000000
-0.227324 -0.155075 1.991317 1.000000
-0.095458 0.155506 1.729112 1.000000
-0.352958 -0.712559 2.064495 1.000000
-0.110629 -0.723031 2.246438 1.000000
-0.352839 -1.153364 2.096977 0.303606
-0.062264 -1.009713 2.579362 0.900481
-0.321622 -1.166411 1.919803 0.000000
-0.027811 -1.141374 2.460983 0.000000
-0.136264 0.413998 2.183808 1.000000
-0.383241 0.186871 2.256929 1.000000
-0.012607 0.109433 2.273498 0.000000
-0.175910 0.229793 2.154343 0.000000
-0.229989 0.007210 2.323762 0.000000
-0.481684 -0.187559 2.171476 1.000000
-0.057346 -0.174661 2.217300 1.000000
-0.282861 -0.199771 2.323225 0.000000
-0.495014 -0.033857 2.179644 1.000000
-0.062688 0.095081 2.019222 1.000000
-0.306000 -0.089973 1.984061 1.000000
-0.107845 0.263917 1.802903 1.000000
-0.257024 -0.143787 1.985803 1.000000
-0.119631 0.317129 1.754662 1.000000
-0.350779 -0.717368 2.078336 1.000000
-0.112676 -0.715875 2.243752 1.000000
-0.340644 -1.159081 2.090642 0.450481
-0.056533 -1.010897 2.568058 0.984856
-0.325723 -1.163744 1.910946 0.000000
-0.030785 -1.140715 2.445504 0.000000
-0.139282 0.426046 2.180441 0.370192
-0.382556 0.197664 2.262963 1.000000
-0.008720 0.135435 2.259055 0.000000
-0.183981 0.243830 2.145537 0.000000
-0.218122 0.027296 2.327519 0.000000
-0.479160 -0.187476 2.182148 1.000000
-0.054738 -0.145241 2.202422 1.000000
-0.271390 -0.183951 2.321885 0.000000
-0.513228 -0.024400 2.219062 1.000000
-0.069578 0.143384 2.004680 1.000000
-0.356907 -0.088849 1.995829 1.000000
-0.098770 0.344761 1.811806 1.000000
-0.312712 -0.146259 1.988865 1.000000
-0.110820 0.404197 1.771560 1.000000
-0.349930 -0.711756 2.100109 1.000000
-0.112076 -0.696650 2.232183 1.000000
-0.332291 -1.153266 2.111170 0.528606
-0.047402 -1.010050 2.537079 1.000000
-0.330513 -1.157712 1.930858 0.000000
-0.031052 -1.133566 2.406650 0.000000
-0.143512 0.439008 2.157914 1.000000
-0.378081 0.206974 2.266849 1.000000
-0.003993 0.146199 2.264473 0.000000
-0.179560 0.251803 2.148816 0.000000
-0.213037 0.038474 2.334666 0.000000
-0.471936 -0.175886 2.188761 1.000000
-0.047322 -0.135136 2.208016 1.000000
-0.263874 -0.172550 2.328068 0.000000
-0.513691 -0.016537 2.241672 1.000000
-0.056304 0.142088 2.006847 1.000000
-0.375843 -0.093092 2.008596 1.000000
-0.088058 0.340929 1.809854 1.000000
-0.321443 -0.141275 2.004515 1.000000
-0.098520 0.397671 1.765485 1.000000
-0.348610 -0.701023 2.109480 1.000000
-0.105381 -0.686487 2.235342 1.000000
-0.333254 -1.141756 2.139179 0.641106
-0.047558 -1.011756 2.528975 1.000000
-0.333114 -1.153879 1.959212 0.000000
-0.030236 -1.130358 2.394183 0.000000
-0.146799 0.450273 2.170292 1.000000
-0.376640 0.207388 2.266212 1.000000
-0.002121 0.150584 2.278427 0.000000
-0.174394 0.252523 2.154805 0.000000
-0.212493 0.041720 2.342636 0.000000
-0.466024 -0.159837 2.189453 1.000000
-0.041013 -0.132534 2.220265 1.000000
-0.261967 -0.161087 2.334596 0.000000
-0.515519 -0.013885 2.250126 1.000000
-0.041868 0.129576 2.020339 1.000000
-0.369530 -0.104666 2.028563 1.000000
-0.076395 0.306369 1.805079 1.000000
-0.320667 -0.157348 2.016959 1.000000
-0.085319 0.358454 1.755028 1.000000
-0.344610 -0.689810 2.117738 1.000000
-0.097491 -0.679566 2.245162 1.000000
-0.333039 -1.129882 2.157320 0.581731
-0.040286 -1.012862 2.529777 0.925481
-0.327216 -1.145880 1.977750 0.000000
-0.018564 -1.126972 2.391783 0.000000
-0.158330 0.463859 2.191399 1.000000
-0.370560 0.215388 2.279050 1.000000
0.002690 0.152859 2.299449 0.000000
-0.165471 0.255789 2.171075 0.000000
-0.210620 0.048220 2.360936 0.000000
-0.453338 -0.158577 2.208164 1.000000
-0.028660 -0.137092 2.247100 1.000000
-0.252247 -0.160638 2.357381 0.000000
-0.495951 -0.008074 2.248279 1.000000
-0.005339 0.085074 2.050383 0.676923
-0.360514 -0.136353 2.044168 1.000000
-0.045184 0.210775 1.807129 1.000000
-0.305909 -0.184429 2.042025 1.000000
-0.054911 0.249329 1.746165 1.000000
-0.340842 -0.689579 2.137419 1.000000
-0.076051 -0.676877 2.303096 1.000000
-0.327348 -1.129444 2.178663 0.631731
-0.037982 -1.033198 2.561842 1.000000
-0.320280 -1.146055 1.999194 0.000000
-0.007036 -1.135435 2.416498 0.000000
-0.163445 0.474383 2.216543 1.000000
-0.361504 0.215055 2.293094 1.000000
0.013849 0.167921 2.316095 0.000000
-0.157648 0.262240 2.185538 0.000000
-0.195390 0.055598 2.378008 0.000000
-0.442447 -0.153128 2.221115 1.000000
-0.018088 -0.125894 2.259937 1.000000
-0.241424 -0.150833 2.370420 0.000000
-0.473314 -0.011522 2.248941 1.000000
0.047902 0.002812 2.122606 1.000000
-0.347738 -0.148452 2.046450 1.000000
-0.008599 0.084651 1.866261 1.000000
-0.308462 -0.209674 2.049072 1.000000
-0.024804 0.108123 1.799297 1.000000
-0.331951 -0.682601 2.153896 1.000000
-0.065152 -0.664700 2.332893 1.000000
-0.325454 -1.123502 2.184362 0.631731
-0.046901 -1.041795 2.562740 1.000000
-0.317757 -1.135812 2.004573 0.000000
-0.014422 -1.132990 2.410543 0.000000
-0.158876 0.482754 2.241663 1.000000
-0.373458 0.205318 2.312328 1.000000
-0.000093 0.195907 2.376760 1.000000
-0.166291 0.289128 2.238773 0.000000
-0.199395 0.054030 2.396263 0.000000
-0.414931 -0.128073 2.235451 0.692308
0.007301 -0.127874 2.299082 0.471154
-0.223199 -0.141924 2.395932 0.000000
-0.463760 -0.030327 2.265553 1.000000
0.036027 0.027969 2.185917 1.000000
-0.352802 -0.176277 2.060604 1.000000
0.024340 -0.051226 1.922716 0.634615
-0.303206 -0.229510 2.062629 1.000000
-0.001804 -0.066579 1.856546 1.000000
-0.319656 -0.664735 2.170078 1.000000
-0.058391 -0.661501 2.358281 1.000000
-0.322104 -1.106458 2.185527 0.991106
-0.045778 -1.041947 2.582925 1.000000
-0.302793 -1.112834 2.006302 0.000000
-0.009427 -1.130883 2.430268 0.000000
-0.151322 0.475382 2.257036 1.000000
-0.341346 0.202768 2.347728 1.000000
0.033288 0.188894 2.403388 1.000000
-0.134508 0.278080 2.264670 0.000000
-0.168233 0.052540 2.435447 0.000000
-0.375881 -0.118918 2.285395 1.000000
0.043214 -0.136229 2.365321 1.000000
-0.191347 -0.146685 2.452379 0.000000
-0.435720 -0.035322 2.311717 1.000000
0.105885 -0.042609 2.313562 1.000000
-0.332052 -0.205795 2.119417 1.000000
0.068116 -0.232118 2.114826 1.000000
-0.306393 -0.273392 2.127780 0.879808
0.054468 -0.302428 2.101872 1.000000
-0.297721 -0.656996 2.208268 1.000000
-0.032859 -0.666154 2.410481 1.000000
-0.321299 -1.098314 2.201492 1.000000
-0.035139 -1.059839 2.611405 0.809856
-0.293667 -1.097054 2.023251 0.000000
0.005551 -1.139908 2.454981 0.000000
-0.116695 0.470603 2.275103 1.000000
-0.313354 0.205842 2.375082 1.000000
0.061565 0.189270 2.428015 1.000000
-0.106151 0.271052 2.284713 0.000000
-0.141947 0.059344 2.471978 0.000000
-0.352973 -0.127417 2.328683 1.000000
0.066826 -0.130865 2.406695 1.000000
-0.166900 -0.147092 2.495107 0.000000
-0.410467 -0.033927 2.357249 1.000000
0.123577 -0.061619 2.406065 1.000000
-0.326577 -0.214745 2.163720 1.000000
0.105942 -0.294771 2.255883 1.000000
-0.296391 -0.280119 2.174335 0.711538
0.089009 -0.365161 2.248392 1.000000
-0.288232 -0.660281 2.256652 1.000000
-0.010096 -0.666501 2.448326 1.000000
-0.320602 -1.099658 2.221100 1.000000
-0.027852 -1.073677 2.619370 0.694231
-0.292993 -1.087304 2.043279 0.000000
0.013400 -1.143209 2.458129 0.000000
-0.096195 0.470986 2.290693 1.000000
-0.289690 0.216270 2.394675 1.000000
0.084005 0.203266 2.456517 1.000000
-0.080451 0.273744 2.303745 0.000000
-0.120814 0.077598 2.506396 0.000000
-0.325527 -0.114101 2.362356 1.000000
0.090924 -0.122310 2.456325 1.000000
-0.146181 -0.135163 2.535846 0.000000
-0.383549 -0.025877 2.401703 1.000000
0.142642 -0.048533 2.482615 1.000000
-0.309750 -0.215356 2.211619 1.000000
0.129428 -0.305692 2.376752 1.000000
-0.300155 -0.287025 2.219925 0.762019
0.110175 -0.375881 2.376071 0.913462
-0.282945 -0.647830 2.310192 1.000000
0.002495 -0.658581 2.488029 1.000000
-0.306786 -1.084683 2.247303 1.000000
-0.015908 -1.079975 2.620136 0.953606
-0.270199 -1.061473 2.072209 0.000000
0.028127 -1.134049 2.453787 0.000000
-0.079109 0.484435 2.309377 1.000000
-0.262691 0.224233 2.433259 1.000000
0.110603 0.221826 2.498728 1.000000
-0.054175 0.286195 2.343626 0.000000
-0.091301 0.091351 2.548144 0.000000
-0.324902 -0.123485 2.415669 0.894231
0.097300 -0.107913 2.477573 1.000000
-0.132511 -0.122564 2.575958 0.000000
-0.377263 -0.010381 2.426361 1.000000
0.156225 -0.027789 2.560771 1.000000
-0.267889 -0.228928 2.290032 1.000000
0.133753 -0.300252 2.500822 1.000000
-0.281442 -0.299799 2.299585 0.358173
0.110731 -0.368639 2.510346 0.980769
-0.255828 -0.654101 2.365649 1.000000
0.009231 -0.651935 2.525296 1.000000
-0.267920 -1.091560 2.303626 1.000000
-0.007169 -1.082723 2.622851 1.000000
-0.245449 -1.067046 2.126343 0.000000
0.023456 -1.123091 2.449739 0.000000
-0.063146 0.486591 2.329439 1.000000
-0.253141 0.229372 2.460794 1.000000
0.120675 0.230385 2.523255 1.000000
-0.046232 0.296602 2.371236 0.000000
-0.079018 0.095844 2.570714 0.000000
-0.313590 -0.111539 2.452691 0.865385
0.109936 -0.102670 2.506318 1.000000
-0.118085 -0.114575 2.609139 0.000000
-0.350906 -0.011425 2.426885 1.000000
0.166163 -0.020668 2.583346 1.000000
-0.255980 -0.258990 2.334391 1.000000
0.137095 -0.298716 2.556556 1.000000
-0.266939 -0.316762 2.291497 0.072115
0.110974 -0.366598 2.553852 0.879808
-0.237100 -0.644985 2.397324 1.000000
0.008713 -0.647620 2.538947 1.000000
-0.235494 -1.086080 2.369095 1.000000
-0.013638 -1.081688 2.619256 1.000000
-0.219557 -1.074547 2.189796 0.000000
0.012238 -1.115451 2.443969 0.000000
-0.056700 0.479968 2.338563 1.000000
-0.243999 0.230468 2.487489 1.000000
0.130794 0.235220 2.543608 1.000000
-0.039905 0.305731 2.397860 0.000000
-0.065668 0.094922 2.587770 0.000000
-0.299163 -0.103943 2.458951 0.692308
0.122127 -0.086625 2.526357 1.000000
-0.109012 -0.099539 2.621833 0.000000
-0.350074 -0.005536 2.444856 1.000000
0.167883 -0.018462 2.598841 1.000000
-0.251291 -0.254922 2.361244 1.000000
0.139880 -0.295829 2.563610 1.000000
-0.222368 -0.321707 2.360303 0.610577
0.112424 -0.363237 2.563720 0.745192
-0.223795 -0.639382 2.450590 1.000000
0.007525 -0.636113 2.539385 1.000000
-0.209250 -1.079296 2.490945 1.000000
-0.001678 -1.070345 2.621368 1.000000
-0.192105 -1.095136 2.312087 0.000000
0.027580 -1.103964 2.446586 0.000000
-0.055617 0.480151 2.361633 1.000000
-0.248986 0.220539 2.502064 1.000000
0.123002 0.241164 2.571636 1.000000
-0.045233 0.304788 2.419974 0.000000
-0.068706 0.092421 2.608440 0.000000
-0.287836 -0.108540 2.449003 1.000000
0.131104 -0.077942 2.525702 0.769231
-0.101664 -0.096908 2.616073 0.000000
-0.364145 -0.018245 2.481395 1.000000
0.169247 -0.019315 2.598629 1.000000
-0.280228 -0.285521 2.429536 0.942308
0.141106 -0.299191 2.553282 1.000000
-0.292830 -0.344155 2.470778 0.408654
0.127136 -0.370346 2.546999 0.677885
-0.202384 -0.638635 2.532056 1.000000
0.007895 -0.630381 2.548576 1.000000
-0.170022 -1.045134 2.702570 1.000000
-0.007277 -1.066389 2.619505 1.000000
-0.154552 -1.113600 2.536413 0.067308
0.020111 -1.095944 2.443689 0.000000
-0.066446 0.484131 2.390374 1.000000
-0.257655 0.218685 2.509212 1.000000
0.114087 0.242140 2.579206 1.000000
-0.054085 0.302372 2.426096 0.000000
-0.077059 0.093232 2.618196 0.000000
-0.275761 -0.097362 2.472995 0.961538
0.146353 -0.089040 2.536865 0.500000
-0.084166 -0.098439 2.634232 0.000000
-0.354827 -0.029169 2.491125 1.000000
0.193147 -0.012595 2.587493 1.000000
-0.226634 -0.264926 2.392529 1.000000
0.151418 -0.291722 2.541756 1.000000
-0.236049 -0.316804 2.342354 0.072115
0.141921 -0.354925 2.506930 0.795673
-0.189765 -0.631139 2.574586 1.000000
0.012092 -0.635220 2.559021 1.000000
-0.171838 -1.056042 2.695004 1.000000
-0.005124 -1.072843 2.618633 1.000000
-0.150549 -1.104048 2.522443 0.000000
0.020882 -1.097938 2.441915 0.000000
-0.069453 0.484603 2.398276 1.000000
-0.265691 0.221016 2.524601 1.000000
0.108872 0.234602 2.580805 1.000000
-0.063307 0.300272 2.434538 0.000000
-0.084392 0.090199 2.625836 0.000000
-0.284815 -0.105554 2.480509 0.932692
0.136223 -0.084605 2.548460 0.490385
-0.094876 -0.100304 2.643614 0.000000
-0.362818 -0.026406 2.501209 1.000000
0.178360 -0.022879 2.571842 1.000000
-0.237786 -0.260018 2.393851 1.000000
0.140265 -0.294244 2.490293 1.000000
-0.213247 -0.322087 2.422885 0.812500
0.145089 -0.366583 2.483860 0.778846
-0.185429 -0.635283 2.589491 1.000000
0.016458 -0.634849 2.566314 1.000000
-0.171969 -1.068341 2.676918 1.000000
-0.002874 -1.072186 2.627360 1.000000
-0.143788 -1.102756 2.502114 0.000000
0.025348 -1.098037 2.451092 0.000000
-0.079827 0.481699 2.406218 1.000000
-0.273973 0.221835 2.549393 1.000000
0.104107 0.240801 2.567734 1.000000
-0.082871 0.304795 2.440077 0.000000
-0.081506 0.093146 2.630794 0.000000
-0.297839 -0.100751 2.516764 0.673077
0.128025 -0.085878 2.544109 0.605769
-0.093110 -0.098382 2.660944 0.000000
-0.363729 -0.026274 2.511314 1.000000
0.192159 -0.010259 2.550851 1.000000
-0.238124 -0.267978 2.425395 1.000000
0.110551 -0.272760 2.473276 1.000000
-0.235552 -0.335488 2.452476 0.610577
0.073291 -0.323765 2.437112 0.896635
-0.178989 -0.636397 2.595427 1.000000
0.018927 -0.634152 2.572981 1.000000
-0.171621 -1.074776 2.651402 1.000000
-0.000026 -1.070700 2.639544 1.000000
-0.159500 -1.097370 2.472859 0.000000
0.013833 -1.098396 2.461848 0.000000
-0.086047 0.479116 2.405392 1.000000
-0.279357 0.220731 2.575097 1.000000
0.098498 0.240061 2.552907 1.000000
-0.101144 0.305638 2.447101 0.000000
-0.079234 0.091166 2.633359 0.000000
-0.303800 -0.105188 2.546386 0.355769
0.122254 -0.080695 2.531987 0.500000
-0.086176 -0.096051 2.669933 0.000000
-0.366916 -0.028925 2.533132 1.000000
0.186763 -0.012250 2.535344 1.000000
-0.232410 -0.265688 2.442447 1.000000
0.096859 -0.274004 2.459325 1.000000
-0.235849 -0.332881 2.470213 0.644231
0.044591 -0.302480 2.417435 0.711538
-0.185071 -0.639732 2.598455 1.000000
0.015682 -0.631536 2.576455 1.000000
-0.172227 -1.078788 2.647738 1.000000
-0.003344 -1.068789 2.638201 1.000000
-0.177795 -1.099059 2.468592 0.000000
-0.007959 -1.093805 2.459628 0.000000
-0.090451 0.475462 2.408637 1.000000
-0.281563 0.222576 2.592099 1.000000
0.093737 0.236578 2.541159 1.000000
-0.112394 0.305989 2.451470 0.000000
-0.079565 0.089595 2.633860 0.000000
-0.309661 -0.099429 2.560184 0.259615
0.115695 -0.083201 2.526450 0.413462
-0.086702 -0.089637 2.673765 0.000000
-0.367466 -0.028071 2.546361 1.000000
0.184457 -0.016106 2.526353 1.000000
-0.240813 -0.270807 2.456750 1.000000
0.067097 -0.268429 2.451817 1.000000
-0.235267 -0.340456 2.477142 0.576923
0.013388 -0.314419 2.434559 0.778846
-0.183935 -0.637409 2.601681 1.000000
0.014359 -0.631639 2.573250 1.000000
-0.181636 -1.076191 2.654874 1.000000
-0.004030 -1.068644 2.636911 1.000000
-0.195335 -1.097907 2.476336 0.000000
-0.014991 -1.094146 2.458685 0.000000
-0.091889 0.470616 2.407226 1.000000
-0.281270 0.227179 2.604400 1.000000
0.091209 0.233580 2.534687 1.000000
-0.118009 0.304272 2.453553 0.000000
-0.079560 0.091851 2.639481 0.000000
-0.318270 -0.086960 2.588969 0.201923
0.097809 -0.097735 2.493624 0.644231
-0.080915 -0.088336 2.668771 0.000000
-0.372132 -0.020923 2.550391 1.000000
0.163229 -0.026243 2.528773 1.000000
-0.259828 -0.273355 2.465807 1.000000
0.095175 -0.304262 2.489205 1.000000
-0.246021 -0.343579 2.452559 0.240385
0.049030 -0.325860 2.437226 0.644231
-0.188119 -0.633689 2.605713 1.000000
0.014895 -0.635210 2.576752 1.000000
-0.184852 -1.072046 2.662254 1.000000
-0.004776 -1.072899 2.635112 1.000000
-0.223674 -1.094864 2.487591 0.000000
-0.041560 -1.094612 2.459867 0.000000
-0.096745 0.467717 2.404495 1.000000
-0.283625 0.227329 2.601133 1.000000
0.089787 0.235760 2.536841 1.000000
-0.118857 0.302276 2.450844 0.000000
-0.081159 0.094972 2.642610 0.000000
-0.315608 -0.077552 2.581855 0.144231
0.102982 -0.106044 2.502484 0.692308
-0.081746 -0.088831 2.670672 0.000000
-0.367326 -0.021999 2.551671 1.000000
0.178616 -0.016681 2.538178 1.000000
-0.260347 -0.273115 2.463866 1.000000
0.091092 -0.282634 2.476338 1.000000
-0.237676 -0.339294 2.483968 0.324519
0.068821 -0.351927 2.475939 0.610577
-0.191440 -0.629493 2.603478 1.000000
0.013556 -0.638791 2.574160 1.000000
-0.185015 -1.067634 2.661400 1.000000
-0.007968 -1.076217 2.633819 1.000000
-0.210634 -1.091403 2.484443 0.000000
-0.038102 -1.098793 2.457418 0.000000
-0.097203 0.467799 2.401352 1.000000
-0.285413 0.227657 2.603971 1.000000
0.087109 0.236777 2.534796 1.000000
-0.122814 0.302329 2.451204 0.000000
-0.082067 0.096038 2.643438 0.000000
-0.310638 -0.079042 2.583516 0.173077
0.107067 -0.105954 2.499091 0.759615
-0.075562 -0.087348 2.669409 0.000000
-0.363231 -0.024477 2.555554 1.000000
0.179684 -0.014989 2.530680 1.000000
-0.255993 -0.275729 2.466151 1.000000
0.098649 -0.285433 2.476677 1.000000
-0.228046 -0.339766 2.486543 0.341346
0.077949 -0.353900 2.463209 0.000000
-0.193521 -0.630102 2.608308 1.000000
0.011369 -0.639248 2.578458 1.000000
-0.184752 -1.069213 2.657999 1.000000
-0.005960 -1.077425 2.633818 1.000000
-0.216861 -1.089804 2.481704 0.000000
-0.040011 -1.098301 2.457921 0.000000
-0.101386 0.471757 2.404951 1.000000
-0.277625 0.233525 2.601842 1.000000
0.095615 0.230989 2.536067 1.000000
-0.111632 0.300749 2.449266 0.000000
-0.078399 0.097082 2.645698 0.000000
-0.316636 -0.094400 2.581442 0.250000
0.102066 -0.113866 2.499966 0.778846
-0.082115 -0.099970 2.669056 0.000000
-0.359314 -0.014619 2.558807 1.000000
0.174058 -0.021886 2.534378 1.000000
-0.265011 -0.266905 2.469746 1.000000
0.092633 -0.285964 2.470295 1.000000
-0.272728 -0.331522 2.437148 0.055288
0.071644 -0.353666 2.453756 0.000000
-0.191073 -0.642971 2.610957 1.000000
0.013568 -0.648731 2.580820 1.000000
-0.187279 -1.082614 2.656385 1.000000
-0.008855 -1.086634 2.636522 1.000000
-0.219531 -1.101130 2.479885 0.000000
-0.040382 -1.107455 2.460149 0.000000
-0.095530 0.471454 2.403215 1.000000
