-0.325525 0.397474 2.509917 1.000000
0.025339 0.404296 2.456321 1.000000
-0.171569 0.459023 2.349926 0.000000
-0.134279 0.261181 2.568866 0.000000
-0.349317 0.036130 2.452219 0.250000
0.050405 0.036701 2.393584 0.884615
-0.131060 0.033891 2.548280 0.000000
-0.399229 0.128757 2.538416 1.000000
0.097514 0.133826 2.446831 1.000000
-0.402325 -0.144557 2.437774 1.000000
0.089492 -0.152730 2.395255 1.000000
-0.405057 -0.202724 2.403376 1.000000
0.052025 -0.202510 2.368945 0.980769
-0.242228 -0.499528 2.442772 1.000000
-0.032133 -0.495996 2.454309 1.000000
-0.263286 -0.912720 2.552377 1.000000
-0.016878 -0.917364 2.527802 1.000000
-0.285229 -0.952763 2.397206 0.000000
-0.038285 -0.945663 2.369992 0.000000
-0.148940 0.701424 2.378463 1.000000
-0.328158 0.392488 2.504988 1.000000
0.022851 0.403738 2.453110 1.000000
-0.174188 0.456653 2.346041 0.000000
-0.135585 0.258184 2.564185 0.000000
-0.347806 0.033872 2.461040 0.346154
0.047592 0.035514 2.378132 0.894231
-0.124092 0.031618 2.543595 0.000000
-0.396444 0.121392 2.543423 1.000000
0.102303 0.133099 2.444447 1.000000
-0.424950 -0.167749 2.502189 1.000000
0.088328 -0.154965 2.390235 1.000000
-0.439533 -0.233670 2.498225 1.000000
0.057594 -0.214273 2.379649 0.980769
-0.238366 -0.501604 2.438456 1.000000
-0.029770 -0.496801 2.449440 1.000000
-0.257980 -0.914280 2.550250 1.000000
-0.017498 -0.917645 2.526407 1.000000
-0.287998 -0.954508 2.396485 0.000000
-0.048100 -0.947082 2.370330 0.000000
-0.152087 0.702455 2.385245 1.000000
-0.329299 0.390796 2.502587 1.000000
0.021170 0.404694 2.447786 1.000000
-0.177182 0.454873 2.341831 0.000000
-0.135065 0.258756 2.561447 0.000000
-0.347239 0.030862 2.458545 0.221154
0.047599 0.033596 2.373035 0.913462
-0.122982 0.029935 2.539641 0.000000
-0.390299 0.117557 2.549200 1.000000
0.103554 0.133171 2.441331 1.000000
-0.435675 -0.173633 2.565300 1.000000
0.087030 -0.156210 2.385695 1.000000
-0.456402 -0.237971 2.563038 1.000000
0.064811 -0.218074 2.401608 0.947115
-0.235137 -0.504313 2.432739 1.000000
-0.026426 -0.498279 2.450067 1.000000
-0.253565 -0.914203 2.554537 1.000000
-0.012665 -0.918921 2.527880 1.000000
-0.283372 -0.958254 2.401782 0.000000
-0.044317 -0.948776 2.372092 0.000000
-0.158086 0.700700 2.375762 1.000000
-0.337217 0.378414 2.487339 1.000000
0.013362 0.405485 2.438487 1.000000
-0.184799 0.443023 2.327082 0.000000
-0.138731 0.257220 2.554726 0.000000
-0.345779 0.028478 2.440589 0.259615
0.054899 0.032656 2.389055 0.875000
-0.129263 0.029731 2.540529 0.000000
-0.384884 0.105083 2.555958 1.000000
0.102532 0.133943 2.436494 1.000000
-0.439203 -0.181397 2.613561 1.000000
0.090232 -0.158297 2.383734 1.000000
-0.456188 -0.244300 2.631692 1.000000
0.063903 -0.219368 2.396030 0.980769
-0.228565 -0.506272 2.427382 1.000000
-0.017616 -0.500613 2.444134 1.000000
-0.251892 -0.918407 2.540450 1.000000
-0.011479 -0.921229 2.523061 1.000000
-0.268984 -0.960062 2.385093 0.000000
-0.027903 -0.951137 2.364951 0.000000
-0.171817 0.698711 2.371625 1.000000
-0.336161 0.371937 2.478031 1.000000
0.014245 0.409400 2.435171 1.000000
-0.182794 0.437630 2.319126 0.000000
-0.135196 0.259060 2.552179 0.000000
-0.343914 0.020473 2.438597 0.278846
0.057001 0.041664 2.393496 0.846154
-0.129231 0.029961 2.541987 0.000000
-0.384143 0.097780 2.546093 1.000000
0.104903 0.137625 2.439193 1.000000
-0.429890 -0.191038 2.603282 1.000000
0.097248 -0.156270 2.390754 1.000000
-0.453600 -0.248138 2.630694 0.745192
0.070623 -0.218284 2.395161 0.778846
-0.225475 -0.508925 2.420378 1.000000
-0.009258 -0.497240 2.433438 1.000000
-0.259272 -0.921631 2.528616 1.000000
-0.009175 -0.917812 2.512836 1.000000
-0.273712 -0.961393 2.372496 0.000000
-0.020889 -0.947741 2.354312 0.000000
-0.178826 0.694303 2.362671 1.000000
-0.338893 0.364336 2.468975 1.000000
0.012423 0.402002 2.434576 1.000000
-0.181483 0.426161 2.312490 0.004808
-0.139647 0.254402 2.551687 0.000000
-0.334489 0.014411 2.432210 0.250000
0.067545 0.034772 2.398001 1.000000
-0.122675 0.023571 2.541387 0.000000
-0.384176 0.085377 2.518212 1.000000
0.111533 0.132944 2.443396 1.000000
-0.419865 -0.207136 2.564624 1.000000
0.108808 -0.162035 2.398996 1.000000
-0.436873 -0.270837 2.579688 1.000000
0.075931 -0.220396 2.389659 0.879808
-0.221460 -0.514852 2.408413 1.000000
0.002160 -0.504275 2.420378 1.000000
-0.248087 -0.927206 2.519944 1.000000
-0.007139 -0.925652 2.494803 1.000000
-0.260291 -0.968582 2.364053 0.000000
-0.012827 -0.953647 2.335596 0.000000
-0.182838 0.683050 2.347268 1.000000
-0.335478 0.346361 2.452864 1.000000
0.016477 0.392574 2.457009 1.000000
-0.164476 0.419734 2.316986 0.000000
-0.143073 0.235850 2.549785 0.000000
-0.325032 -0.001130 2.408349 1.000000
0.076931 0.038572 2.416476 1.000000
-0.126028 0.012829 2.539006 0.000000
-0.378843 0.062109 2.456600 1.000000
0.118688 0.123836 2.451879 1.000000
-0.385196 -0.230826 2.396828 1.000000
0.122202 -0.171257 2.403588 1.000000
-0.395118 -0.290498 2.366580 1.000000
0.089378 -0.227186 2.384386 0.846154
-0.210888 -0.523583 2.383145 1.000000
0.011054 -0.506542 2.404559 1.000000
-0.252593 -0.930244 2.509917 1.000000
-0.007769 -0.930715 2.458477 1.000000
-0.249785 -0.978638 2.355602 0.000000
0.002435 -0.951516 2.298395 0.000000
-0.175626 0.671351 2.353900 1.000000
-0.328181 0.341379 2.435652 1.000000
0.022477 0.381897 2.473359 1.000000
-0.144257 0.414543 2.317725 0.000000
-0.147212 0.226030 2.547771 0.000000
-0.317080 -0.006559 2.382118 1.000000
0.083091 0.025114 2.427678 1.000000
-0.130597 0.000336 2.530594 0.000000
-0.375135 0.061063 2.383126 1.000000
0.128609 0.113105 2.468136 1.000000
-0.344502 -0.200458 2.238182 1.000000
0.126902 -0.179301 2.398593 1.000000
-0.343256 -0.260464 2.207010 1.000000
0.097841 -0.233003 2.369515 0.846154
-0.208710 -0.531642 2.370058 1.000000
0.015076 -0.517572 2.394633 1.000000
-0.257606 -0.933875 2.507906 1.000000
-0.004219 -0.936338 2.480927 1.000000
-0.242576 -0.987719 2.356123 0.000000
0.022080 -0.969711 2.324858 0.000000
-0.161718 0.668973 2.365964 1.000000
-0.318010 0.344671 2.424605 1.000000
0.026893 0.371292 2.504345 1.000000
-0.120283 0.420892 2.334148 0.000000
-0.153578 0.215533 2.546719 0.000000
-0.308154 -0.001624 2.360791 0.807692
0.088711 0.025589 2.431313 0.923077
-0.131079 0.000960 2.520498 0.000000
-0.355054 0.090309 2.291918 1.000000
0.132537 0.103289 2.478038 1.000000
-0.285210 -0.098978 2.068801 1.000000
0.131593 -0.186435 2.397117 1.000000
-0.288403 -0.158070 2.036058 1.000000
0.099072 -0.238605 2.368928 0.778846
-0.207603 -0.527982 2.359865 1.000000
0.015884 -0.516159 2.386943 1.000000
-0.252889 -0.927914 2.505423 0.953606
-0.003797 -0.938361 2.454340 0.962981
-0.231930 -0.984858 2.355486 0.000000
0.029971 -0.964830 2.298384 0.000000
-0.155379 0.668006 2.387535 1.000000
-0.320767 0.347127 2.428078 0.721154
0.015307 0.360207 2.541691 1.000000
-0.116347 0.434772 2.367923 0.000000
-0.166921 0.200797 2.544459 0.000000
-0.297059 0.005163 2.323348 1.000000
0.085169 0.031226 2.451560 0.576923
-0.144960 0.002320 2.506996 0.000000
-0.317438 0.230726 2.165296 1.000000
0.134502 0.102606 2.496422 1.000000
-0.214081 0.152775 1.895888 1.000000
0.141078 -0.172774 2.380396 1.000000
-0.190504 0.135072 1.835021 0.000000
0.121576 -0.227139 2.345208 0.963942
-0.205405 -0.521205 2.347422 1.000000
0.012962 -0.510012 2.380507 1.000000
-0.245202 -0.921270 2.494214 0.975481
0.002325 -0.931946 2.451520 1.000000
-0.206246 -0.978748 2.348126 0.000000
0.054805 -0.958624 2.300864 0.000000
-0.135585 0.661848 2.427996 1.000000
-0.346826 0.315341 2.398931 0.000000
-0.010846 0.374215 2.497298 0.000000
-0.153520 0.413280 2.320645 0.000000
-0.176536 0.200144 2.526825 0.000000
-0.305856 -0.008438 2.330173 1.000000
0.082190 0.028386 2.436381 0.653846
-0.143393 -0.007772 2.504741 0.000000
-0.278601 0.295993 2.119024 0.861538
0.128058 0.122411 2.523310 1.000000
-0.142423 0.393690 1.869877 1.000000
0.148828 -0.144894 2.388106 1.000000
-0.120262 0.423357 1.813284 1.000000
0.135189 -0.199137 2.350083 1.000000
-0.205440 -0.531287 2.338521 1.000000
0.012863 -0.515892 2.376651 1.000000
-0.241653 -0.930661 2.488096 0.844231
-0.003985 -0.936581 2.453601 1.000000
-0.210802 -0.988796 2.340342 0.000000
0.040605 -0.966283 2.300982 0.000000
-0.124632 0.659397 2.446237 0.000000
-0.276583 0.349713 2.328134 0.442308
-0.033338 0.358303 2.578689 1.000000
-0.061455 0.413024 2.356646 0.000000
-0.216356 0.213637 2.513863 0.000000
-0.243404 0.001988 2.241370 1.000000
0.039996 0.013086 2.529081 1.000000
-0.189986 -0.015931 2.473090 0.000000
-0.185104 0.443067 2.071690 1.000000
0.117228 0.117259 2.533145 1.000000
-0.070225 0.638883 1.876629 1.000000
0.158499 -0.140196 2.386164 1.000000
-0.038740 0.681712 1.834815 1.000000
0.149533 -0.184506 2.335862 1.000000
-0.208356 -0.524289 2.342266 1.000000
0.011253 -0.517145 2.363562 1.000000
-0.239728 -0.927071 2.483569 0.716106
-0.000698 -0.932733 2.465189 1.000000
-0.139224 -0.975924 2.366628 0.000000
0.092744 -0.966625 2.337584 0.000000
-0.115562 0.675252 2.458343 0.567308
-0.261668 0.337620 2.317878 1.000000
-0.051085 0.346754 2.585993 1.000000
-0.054328 0.396572 2.361058 0.000000
-0.229807 0.204653 2.505422 0.000000
-0.225517 -0.009508 2.210510 1.000000
0.022875 0.008495 2.528619 0.759615
-0.199068 -0.022676 2.447144 0.245192
-0.183823 0.533169 2.122513 1.000000
0.103518 0.105385 2.568495 1.000000
-0.040717 0.784601 2.048475 1.000000
0.185144 -0.121963 2.392913 1.000000
0.007522 0.826595 2.026484 1.000000
0.194453 -0.154982 2.334628 1.000000
-0.212164 -0.530417 2.341825 1.000000
0.000173 -0.524712 2.359324 1.000000
-0.248008 -0.931112 2.487916 1.000000
-0.003464 -0.932862 2.488103 0.884856
-0.132795 -0.978956 2.384960 0.000000
0.089570 -0.973429 2.362158 0.000000
-0.076926 0.649834 2.490478 1.000000
-0.256683 0.341573 2.311063 1.000000
-0.067886 0.334374 2.595281 1.000000
-0.051512 0.391685 2.372715 0.000000
-0.244143 0.201430 2.495855 0.000000
-0.221531 -0.004600 2.195870 1.000000
0.003339 0.007145 2.531297 0.625000
-0.211868 -0.023894 2.433363 0.432692
-0.186198 0.550189 2.127335 1.000000
0.082821 0.090519 2.587112 1.000000
-0.009931 0.790539 2.137370 1.000000
0.238809 -0.090564 2.408743 1.000000
0.041667 0.829758 2.156697 1.000000
0.251884 -0.111515 2.345782 0.576923
-0.213375 -0.527159 2.330300 1.000000
-0.007830 -0.524355 2.359869 1.000000
-0.249335 -0.925385 2.482966 1.000000
-0.000933 -0.931857 2.490557 0.966106
-0.128074 -0.973075 2.387131 0.000000
0.102491 -0.968245 2.371636 0.000000
-0.068681 0.636586 2.517677 0.975962
-0.264409 0.336188 2.308909 1.000000
-0.072565 0.324581 2.589202 1.000000
-0.058111 0.381699 2.366454 0.000000
-0.253159 0.195693 2.492251 0.245192
-0.226365 0.019520 2.192649 1.000000
0.003332 0.000777 2.524468 0.875000
-0.215017 -0.009199 2.429113 0.302885
-0.185006 0.540018 2.123996 1.000000
0.071973 0.077303 2.591828 1.000000
0.027567 0.718491 2.232083 1.000000
0.315086 -0.039048 2.465020 1.000000
0.070090 0.725958 2.284141 0.963942
0.332885 -0.024347 2.401450 0.661058
-0.220104 -0.514737 2.309762 1.000000
-0.012541 -0.522639 2.357235 1.000000
-0.233096 -0.911362 2.470087 1.000000
0.003916 -0.932645 2.478925 1.000000
-0.118773 -0.957444 2.365350 0.000000
0.121640 -0.959837 2.371387 0.000000
-0.061032 0.622122 2.518531 1.000000
-0.278981 0.313912 2.302018 1.000000
-0.092371 0.337183 2.588915 1.000000
-0.076068 0.378109 2.362757 0.000000
-0.261250 0.189066 2.498541 0.000000
-0.245200 0.017706 2.178843 1.000000
-0.023743 0.004005 2.516460 0.240385
-0.239215 -0.011426 2.415452 0.807692
-0.180305 0.488313 2.090906 1.000000
0.064929 0.092322 2.593503 1.000000
0.053328 0.497661 2.283118 1.000000
0.366173 0.079272 2.619939 1.000000
0.088530 0.467943 2.332632 1.000000
0.404632 0.132008 2.602221 1.000000
-0.235864 -0.515661 2.289230 1.000000
-0.021468 -0.517565 2.336986 1.000000
-0.225097 -0.909557 2.456304 1.000000
0.005982 -0.929136 2.451182 1.000000
-0.112662 -0.952345 2.348181 0.000000
0.124623 -0.951112 2.343458 0.000000
-0.082697 0.618742 2.509062 0.000000
-0.254958 0.310311 2.286788 0.586538
-0.111726 0.282328 2.596847 1.000000
-0.053887 0.323656 2.377679 0.000000
-0.295098 0.180177 2.476157 1.000000
-0.247049 -0.037484 2.146351 1.000000
-0.067438 0.018374 2.503892 0.375000
-0.267785 -0.029637 2.383789 0.793269
-0.195949 0.444349 2.036134 1.000000
0.099241 0.083058 2.604565 1.000000
-0.004776 0.342430 2.246373 1.000000
0.367444 0.180842 2.702749 1.000000
0.029747 0.313889 2.297045 1.000000
0.413534 0.230254 2.705632 1.000000
-0.241424 -0.548374 2.296498 1.000000
-0.022506 -0.517838 2.326786 1.000000
-0.256060 -0.942641 2.462400 0.825481
-0.008488 -0.931229 2.436765 1.000000
-0.123516 -0.982735 2.378808 0.000000
0.099621 -0.958724 2.319635 0.000000
-0.049832 0.567514 2.533260 1.000000
-0.314637 0.313910 2.283893 0.384615
-0.092813 0.288665 2.559904 0.730769
-0.102788 0.378123 2.347805 0.000000
-0.261929 0.150815 2.454913 0.000000
-0.269033 -0.044426 2.177173 1.000000
-0.026085 -0.020477 2.499071 0.673077
-0.246909 -0.051379 2.414514 0.605769
-0.194826 0.364658 2.025159 1.000000
0.125076 0.101352 2.596124 1.000000
-0.016273 0.234021 2.229495 1.000000
0.335458 0.247934 2.754092 1.000000
0.006650 0.172715 2.246530 0.795673
0.361753 0.298279 2.790806 1.000000
-0.251327 -0.565783 2.304185 1.000000
-0.023929 -0.551487 2.324084 1.000000
-0.264270 -0.954324 2.483218 0.391106
-0.010252 -0.960773 2.448510 0.878606
-0.156799 -1.007848 2.374829 0.000000
0.089247 -0.994811 2.325610 0.000000
-0.056163 0.561046 2.522873 1.000000
-0.299631 0.400534 2.301541 1.000000
-0.035407 0.309147 2.520308 1.000000
-0.069537 0.389930 2.307242 0.000000
-0.261023 0.234668 2.473657 0.000000
-0.277161 0.041760 2.232515 1.000000
0.034121 -0.008790 2.485030 1.000000
-0.202306 -0.000998 2.454859 0.000000
-0.355930 0.210777 2.091680 1.000000
0.182173 0.125244 2.565667 1.000000
-0.067702 0.162501 2.159401 1.000000
0.301963 0.350708 2.723173 1.000000
-0.052196 0.101559 2.184294 0.341346
0.294421 0.402036 2.766562 0.947115
-0.253393 -0.502647 2.310237 1.000000
-0.023187 -0.522141 2.331779 1.000000
-0.264493 -0.900164 2.468481 1.000000
-0.001115 -0.934347 2.444840 0.969231
-0.187067 -0.954549 2.337292 0.000000
0.089293 -0.965301 2.314336 0.000000
-0.044736 0.638734 2.516321 0.572115
-0.299943 0.404187 2.323190 1.000000
-0.021742 0.332772 2.531826 1.000000
-0.072769 0.440853 2.334842 0.000000
-0.226723 0.222371 2.465343 0.000000
-0.264828 0.053962 2.219188 1.000000
0.056842 -0.007860 2.455667 1.000000
-0.179711 0.017246 2.438905 0.000000
-0.426861 0.195104 2.175869 1.000000
0.211114 0.170748 2.499363 1.000000
-0.138069 0.139404 2.135127 1.000000
0.280587 0.430168 2.626005 1.000000
-0.091715 0.093620 2.153271 1.000000
0.283307 0.479109 2.672604 1.000000
-0.249685 -0.489987 2.337482 1.000000
-0.017054 -0.522258 2.356107 1.000000
-0.266157 -0.893017 2.480590 1.000000
0.006243 -0.937268 2.458127 0.975481
-0.180458 -0.942017 2.352458 0.000000
0.098379 -0.964104 2.327919 0.000000
-0.096831 0.680975 2.475555 0.879808
-0.292406 0.419059 2.350094 1.000000
0.027739 0.388007 2.500319 1.000000
-0.072841 0.478857 2.313991 0.000000
-0.172999 0.254009 2.480961 0.000000
-0.273463 0.068767 2.299535 1.000000
0.098452 0.032778 2.453157 1.000000
-0.136793 0.035719 2.492142 0.000000
-0.429889 0.192580 2.247265 1.000000
0.291242 0.282402 2.513790 0.000000
-0.166899 0.119177 2.134171 1.000000
0.242051 0.572221 2.483349 1.000000
-0.114614 0.085698 2.160994 1.000000
0.262770 0.623755 2.521937 1.000000
-0.241462 -0.470593 2.351490 1.000000
-0.012009 -0.491520 2.382569 1.000000
-0.267694 -0.875448 2.487829 1.000000
0.010546 -0.904503 2.492660 1.000000
-0.224906 -0.927715 2.340858 0.000000
0.065116 -0.940934 2.344816 0.000000
-0.128403 0.727081 2.424562 1.000000
-0.311358 0.437793 2.400599 1.000000
0.024877 0.482118 2.376900 1.000000
-0.151140 0.502313 2.248103 0.000000
-0.111860 0.333627 2.489907 0.000000
-0.305892 0.099941 2.379998 0.778846
0.097199 0.091488 2.354259 1.000000
-0.096373 0.091022 2.493536 0.000000
-0.422316 0.190125 2.324401 1.000000
0.160577 0.684959 2.235840 1.000000
-0.191786 0.100685 2.166981 1.000000
0.145169 0.976091 2.266331 1.000000
-0.124826 0.091519 2.169516 1.000000
0.140464 1.043066 2.274470 0.000000
-0.229144 -0.436447 2.361090 1.000000
0.004221 -0.437183 2.419519 1.000000
-0.270943 -0.843985 2.484987 1.000000
0.016147 -0.861933 2.470793 1.000000
-0.284420 -0.889602 2.330389 0.000000
0.005590 -0.881569 2.310586 0.000000
-0.190655 0.781633 2.377734 0.850962
-0.335244 0.423764 2.439959 1.000000
-0.008389 0.481688 2.354866 1.000000
-0.207324 0.485542 2.258553 0.000000
-0.118030 0.334278 2.498579 0.000000
-0.311023 0.082254 2.429166 0.326923
0.081103 0.097633 2.333163 1.000000
-0.084763 0.088369 2.504250 0.000000
-0.410891 0.162029 2.367146 1.000000
0.054215 0.649792 2.137263 1.000000
-0.192638 0.078852 2.189804 1.000000
-0.008796 0.831297 1.915703 1.000000
-0.125126 0.077562 2.185990 0.947115
-0.023647 0.873127 1.864676 0.000000
-0.216172 -0.447085 2.371296 1.000000
0.010805 -0.432466 2.448073 1.000000
-0.265574 -0.856550 2.485672 1.000000
0.019855 -0.859268 2.478774 1.000000
-0.298806 -0.895405 2.332215 0.000000
-0.017199 -0.871346 2.321790 0.000000
-0.219356 0.760577 2.322250 1.000000
-0.305102 0.412063 2.453630 0.000000
0.030360 0.451060 2.347847 0.000000
-0.183531 0.469845 2.266629 0.312500
-0.091714 0.306411 2.497552 0.000000
-0.305169 0.062197 2.444994 0.461538
0.085507 0.084126 2.344456 1.000000
-0.078320 0.074587 2.517483 0.000000
-0.409701 0.151746 2.423810 1.000000
0.061422 0.437147 2.067782 1.000000
-0.217871 0.044179 2.229635 1.000000
-0.107677 0.333225 1.851728 1.000000
-0.150709 0.045997 2.221888 1.000000
-0.147550 0.308779 1.802875 0.000000
-0.205643 -0.464728 2.382322 1.000000
0.022346 -0.449712 2.449613 1.000000
-0.264893 -0.874152 2.492073 1.000000
0.013912 -0.875457 2.492679 1.000000
-0.297906 -0.910676 2.337998 0.000000
-0.023016 -0.890581 2.335929 0.000000
-0.258757 0.698737 2.283338 1.000000
-0.343614 0.360757 2.480652 1.000000
-0.045893 0.419507 2.296435 1.000000
-0.272122 0.390621 2.263661 0.033654
-0.110440 0.297156 2.495156 0.000000
-0.286732 0.045946 2.496132 0.125000
0.068100 0.046815 2.302976 1.000000
-0.049396 0.064802 2.509712 0.000000
-0.402532 0.095039 2.520750 1.000000
0.069286 0.246981 2.115731 1.000000
-0.271522 -0.023328 2.295647 1.000000
-0.080831 0.028086 2.008980 1.000000
-0.233111 -0.047825 2.245661 0.206731
-0.092479 -0.031063 2.039636 1.000000
-0.214053 -0.484584 2.424012 1.000000
0.018853 -0.482090 2.428387 1.000000
-0.261926 -0.902365 2.503708 1.000000
0.002177 -0.905545 2.488320 1.000000
-0.335608 -0.921155 2.360946 0.000000
-0.071789 -0.922844 2.345516 0.000000
-0.299113 0.634323 2.229643 1.000000
-0.342624 0.348873 2.476876 1.000000
-0.046499 0.402142 2.288469 1.000000
-0.272301 0.367661 2.258267 0.033654
-0.108360 0.290113 2.494014 0.000000
-0.296426 0.023984 2.509417 0.000000
0.054985 0.033708 2.310339 0.653846
-0.059621 0.050517 2.518789 0.000000
-0.395723 0.097330 2.565983 1.000000
0.076610 0.206832 2.144485 1.000000
-0.303950 -0.021186 2.326002 1.000000
-0.063108 -0.017948 2.044426 1.000000
-0.271372 -0.071069 2.293995 0.812500
-0.084368 -0.073503 2.076609 1.000000
-0.219704 -0.504068 2.446585 1.000000
0.009874 -0.499141 2.419546 1.000000
-0.253429 -0.926698 2.505161 1.000000
-0.005590 -0.922568 2.480001 1.000000
-0.332677 -0.939832 2.364768 0.000000
-0.080756 -0.940117 2.337856 0.000000
-0.302972 0.604491 2.200366 1.000000
-0.337449 0.349021 2.476707 1.000000
-0.041673 0.405259 2.288614 1.000000
-0.267568 0.371484 2.258303 0.000000
-0.103200 0.289786 2.492345 0.000000
-0.299345 0.022077 2.515355 0.153846
0.052670 0.030115 2.317272 1.000000
-0.062905 0.051685 2.524746 0.000000
-0.386322 0.104395 2.579332 1.000000
0.078278 0.200161 2.160908 1.000000
-0.313690 0.000103 2.329267 1.000000
-0.062757 -0.017675 2.054411 1.000000
-0.290404 -0.061085 2.312301 0.778846
-0.091755 -0.071687 2.082973 1.000000
-0.225248 -0.505528 2.460885 1.000000
0.008522 -0.501599 2.427468 1.000000
-0.259515 -0.928731 2.514820 1.000000
-0.008845 -0.925111 2.486797 1.000000
-0.339183 -0.940161 2.374516 0.000000
-0.083489 -0.942013 2.344299 0.000000
-0.287202 0.608155 2.190169 1.000000
-0.334648 0.352801 2.477138 1.000000
-0.032441 0.411580 2.300387 1.000000
-0.257455 0.380455 2.261814 0.000000
-0.101477 0.291270 2.498845 0.000000
-0.310602 0.019272 2.508867 0.394231
0.047772 0.029778 2.322659 1.000000
-0.074882 0.051036 2.526062 0.000000
-0.388359 0.114149 2.585615 1.000000
0.093413 0.207686 2.181244 1.000000
-0.317538 0.015989 2.335047 1.000000
-0.055077 0.004285 2.062864 1.000000
-0.306210 -0.040940 2.300336 0.509615
-0.102355 -0.042005 2.076867 1.000000
-0.229944 -0.508120 2.468830 1.000000
-0.006197 -0.501809 2.446896 1.000000
-0.264051 -0.929322 2.536721 1.000000
-0.004321 -0.924610 2.513377 1.000000
-0.338644 -0.946254 2.394199 0.000000
-0.076205 -0.947428 2.370286 0.000000
-0.255915 0.637825 2.215021 1.000000
-0.331871 0.363318 2.486609 1.000000
-0.021854 0.413891 2.321210 1.000000
-0.246858 0.395947 2.274958 0.057692
-0.102830 0.289095 2.512246 0.000000
-0.316007 0.022273 2.499843 0.442308
0.046793 0.030909 2.322310 1.000000
-0.080355 0.050476 2.523107 0.000000
-0.387683 0.117192 2.578233 1.000000
0.110299 0.208757 2.209212 1.000000
-0.313041 0.030814 2.323433 0.942308
-0.035795 0.010605 2.077500 1.000000
-0.307033 -0.023376 2.283416 0.913462
-0.093962 -0.022963 2.069507 1.000000
-0.234925 -0.506379 2.471813 1.000000
-0.009777 -0.499991 2.447959 1.000000
-0.261795 -0.927884 2.541060 1.000000
-0.012569 -0.923449 2.510084 1.000000
-0.333580 -0.946915 2.397367 0.000000
-0.081201 -0.944266 2.365104 0.000000
-0.231779 0.656986 2.242230 1.000000
-0.330842 0.366734 2.488270 1.000000
-0.011277 0.411948 2.340422 1.000000
-0.233926 0.401251 2.282105 0.000000
-0.105553 0.285623 2.524216 0.000000
-0.317746 0.031016 2.487036 0.134615
0.054820 0.024540 2.330930 1.000000
-0.082662 0.044454 2.524762 0.000000
-0.390605 0.114912 2.563504 1.000000
0.127802 0.200066 2.248718 1.000000
-0.309216 0.033093 2.308081 0.903846
-0.015853 0.009079 2.102273 1.000000
-0.303394 -0.021315 2.268333 0.745192
-0.075129 -0.011361 2.076923 1.000000
-0.242285 -0.503220 2.467642 1.000000
-0.013589 -0.503362 2.445742 1.000000
-0.261065 -0.924459 2.541052 1.000000
-0.019836 -0.925421 2.516531 1.000000
-0.325036 -0.947193 2.394240 0.000000
-0.080016 -0.949389 2.368319 0.000000
-0.217893 0.666956 2.263741 1.000000
-0.324302 0.378956 2.518081 1.000000
-0.000646 0.415943 2.377002 1.000000
-0.222829 0.431006 2.317877 0.000000
-0.106759 0.275719 2.543445 0.000000
-0.321678 0.031521 2.490341 0.076923
0.049958 0.039369 2.332098 1.000000
-0.086409 0.042508 2.527706 0.000000
-0.404334 0.119287 2.538986 1.000000
0.142683 0.189096 2.329389 1.000000
-0.313055 0.058667 2.277627 0.538462
0.042018 -0.019317 2.165847 1.000000
-0.295517 -0.001424 2.252023 1.000000
-0.012940 -0.035207 2.129775 1.000000
-0.244679 -0.499630 2.462637 1.000000
-0.017253 -0.493487 2.441824 1.000000
-0.272994 -0.920456 2.535353 1.000000
-0.014869 -0.916571 2.506468 1.000000
-0.337260 -0.941521 2.388420 0.000000
-0.076049 -0.939523 2.358504 0.000000
-0.193637 0.677375 2.301109 1.000000
-0.316070 0.383975 2.528952 1.000000
0.011093 0.412020 2.394035 1.000000
-0.209251 0.439213 2.332416 0.000000
-0.103686 0.270280 2.553288 0.000000
-0.322047 0.034517 2.486252 0.115385
0.052069 0.027908 2.333906 1.000000
-0.087150 0.035714 2.527364 0.000000
-0.412111 0.126719 2.543738 1.000000
0.141665 0.170782 2.374566 1.000000
-0.312069 0.048463 2.287522 0.788462
0.079739 -0.066592 2.227604 1.000000
-0.283535 0.006508 2.242803 0.846154
0.026641 -0.087026 2.191037 1.000000
-0.242539 -0.501780 2.457148 1.000000
-0.021988 -0.500726 2.443115 1.000000
-0.270609 -0.920615 2.540655 1.000000
-0.014497 -0.922550 2.515172 1.000000
-0.331466 -0.945985 2.392953 0.000000
-0.074078 -0.948899 2.367121 0.000000
-0.179239 0.678364 2.316550 1.000000
-0.319623 0.384782 2.521157 1.000000
0.017101 0.403307 2.410256 1.000000
-0.197364 0.436353 2.332792 0.000000
-0.112799 0.265355 2.560992 0.000000
-0.329342 0.031794 2.471434 0.125000
0.056310 0.028074 2.351122 1.000000
-0.098755 0.032525 2.532240 0.000000
-0.419518 0.127769 2.528127 1.000000
0.134584 0.153988 2.421253 1.000000
-0.298838 0.043174 2.282045 0.961538
0.096653 -0.104507 2.302858 1.000000
-0.280759 -0.014747 2.252174 0.812500
0.055556 -0.153987 2.281956 1.000000
-0.242838 -0.504028 2.451850 1.000000
-0.022339 -0.502188 2.444378 1.000000
-0.271467 -0.923221 2.533347 1.000000
-0.013633 -0.922793 2.523117 1.000000
-0.319640 -0.949513 2.381192 0.000000
-0.059732 -0.952243 2.370898 0.000000
-0.162134 0.679772 2.325959 1.000000
-0.321799 0.392082 2.515198 1.000000
0.025136 0.402316 2.440655 1.000000
-0.178707 0.448226 2.343557 0.000000
-0.124715 0.262251 2.569311 0.000000
-0.338395 0.028520 2.463726 0.105769
0.057011 0.033470 2.380986 0.980769
-0.114718 0.029659 2.546404 0.000000
-0.409616 0.131800 2.533674 1.000000
0.115386 0.142663 2.455994 1.000000
-0.317075 -0.011926 2.304003 1.000000
0.102665 -0.137397 2.397906 1.000000
-0.293943 -0.068360 2.274778 0.980769
0.066533 -0.189365 2.374076 1.000000
-0.237663 -0.505546 2.446877 1.000000
-0.022537 -0.500550 2.449010 1.000000
-0.273703 -0.921961 2.538987 1.000000
-0.014022 -0.919044 2.538311 1.000000
-0.305073 -0.953639 2.383502 0.000000
-0.043295 -0.952811 2.382857 0.000000
-0.154528 0.692321 2.358961 1.000000
-0.322174 0.398105 2.517970 1.000000
0.026392 0.401159 2.450757 1.000000
-0.174297 0.452381 2.349820 0.000000
-0.129203 0.263475 2.575094 0.000000
-0.337707 0.031315 2.465911 0.298077
0.058675 0.034877 2.387909 0.884615
-0.115032 0.031571 2.551259 0.000000
-0.402841 0.134371 2.523999 1.000000
0.114297 0.140201 2.467276 1.000000
-0.336983 -0.074064 2.338228 1.000000
0.100178 -0.141422 2.414526 1.000000
-0.312749 -0.134249 2.319136 1.000000
0.071026 -0.196437 2.388115 1.000000
-0.236775 -0.503207 2.448997 1.000000
-0.028331 -0.499014 2.457080 1.000000
-0.272774 -0.919895 2.539876 1.000000
0.006059 -0.917009 2.542415 1.000000
-0.302302 -0.951344 2.383985 0.000000
-0.023358 -0.951143 2.387068 0.000000
-0.154433 0.694211 2.364938 1.000000
-0.322624 0.401270 2.512398 1.000000
0.028994 0.398762 2.463575 1.000000
-0.165200 0.454449 2.352781 0.000000
-0.135268 0.262728 2.578200 0.000000
-0.349005 0.032921 2.459753 0.788462
0.051381 0.033733 2.405848 0.884615
-0.131903 0.028562 2.558323 0.000000
-0.403440 0.135267 2.505947 1.000000
0.101796 0.130581 2.474026 1.000000
-0.386009 -0.143581 2.431351 1.000000
0.088382 -0.150522 2.407500 1.000000
-0.375694 -0.208357 2.414868 1.000000
0.063907 -0.211349 2.390911 1.000000
-0.239011 -0.502738 2.451904 1.000000
-0.027538 -0.498987 2.460066 1.000000
-0.272171 -0.918521 2.547865 1.000000
-0.002641 -0.918769 2.539735 1.000000
-0.291380 -0.953183 2.391044 0.000000
-0.021707 -0.949809 2.382140 0.000000
-0.131231 0.694887 2.369536 1.000000
