-0.450172 0.234382 2.421804 1.000000
-0.092031 0.234583 2.458341 1.000000
-0.261667 0.279902 2.347350 0.000000
-0.280277 0.104802 2.530728 0.000000
-0.462351 -0.118993 2.394559 1.000000
-0.064893 -0.107847 2.457031 1.000000
-0.282559 -0.105216 2.544814 0.000000
-0.516909 -0.030064 2.443735 1.000000
-0.026006 -0.030744 2.468774 1.000000
-0.549932 -0.310178 2.377559 1.000000
0.012102 -0.293749 2.353405 1.000000
-0.510920 -0.358277 2.347811 0.341346
0.016422 -0.347100 2.396480 0.492788
-0.380058 -0.615385 2.476534 1.000000
-0.167020 -0.615456 2.465250 1.000000
-0.402554 -0.998474 2.574274 1.000000
-0.203660 -0.996238 2.567615 1.000000
-0.377973 -1.040725 2.414327 0.100962
-0.175492 -1.041560 2.409106 0.000000
-0.261068 0.523896 2.319180 1.000000
-0.452519 0.231718 2.425571 1.000000
-0.093834 0.236787 2.455884 1.000000
-0.265891 0.278296 2.347151 0.000000
-0.279208 0.105934 2.533558 0.000000
-0.461723 -0.118681 2.398764 1.000000
-0.063435 -0.107705 2.455738 1.000000
-0.279868 -0.104901 2.546514 0.000000
-0.516940 -0.033143 2.447975 1.000000
-0.024446 -0.027761 2.457575 1.000000
-0.548475 -0.313740 2.383683 1.000000
0.011329 -0.293359 2.347847 1.000000
-0.561083 -0.376613 2.359018 0.088942
0.011611 -0.359516 2.366383 0.475962
-0.384914 -0.615103 2.476227 1.000000
-0.167005 -0.615436 2.462184 1.000000
-0.393445 -1.000503 2.566836 1.000000
-0.206404 -0.991861 2.578668 1.000000
-0.371952 -1.038914 2.405482 0.000000
-0.180625 -1.043168 2.421583 0.326923
-0.263245 0.524402 2.322573 1.000000
-0.452953 0.228147 2.419076 1.000000
-0.094568 0.235776 2.452266 1.000000
-0.265734 0.271099 2.339999 0.000000
-0.280334 0.108628 2.534995 0.000000
-0.462168 -0.118102 2.418534 1.000000
-0.061387 -0.110711 2.454862 0.894231
-0.272776 -0.108620 2.556852 0.000000
-0.515335 -0.037612 2.447318 1.000000
-0.020950 -0.028533 2.458442 1.000000
-0.539779 -0.320587 2.385952 1.000000
0.013120 -0.294008 2.345303 1.000000
-0.538019 -0.387783 2.400163 0.475962
0.005274 -0.357921 2.369261 0.610577
-0.387793 -0.617386 2.471582 1.000000
-0.165656 -0.617900 2.451065 1.000000
-0.392268 -1.001366 2.568303 1.000000
-0.203995 -0.990059 2.580847 1.000000
-0.381846 -1.042254 2.406463 0.000000
-0.185238 -1.046503 2.424530 0.283654
-0.268088 0.526880 2.325809 1.000000
-0.457320 0.222923 2.409003 1.000000
-0.100289 0.233416 2.453936 1.000000
-0.267625 0.263081 2.334487 0.000000
-0.288450 0.109310 2.535869 0.000000
-0.460849 -0.118750 2.412769 1.000000
-0.061641 -0.115529 2.463973 0.778846
-0.276640 -0.111527 2.558049 0.000000
-0.512879 -0.045774 2.430344 1.000000
-0.022553 -0.030372 2.464568 1.000000
-0.524313 -0.327938 2.358475 1.000000
0.003773 -0.298758 2.354166 1.000000
-0.537744 -0.392179 2.378800 0.543269
0.009536 -0.367216 2.354996 0.492788
-0.387911 -0.619027 2.471465 1.000000
-0.162412 -0.621511 2.447303 1.000000
-0.395297 -1.002468 2.570127 1.000000
-0.204049 -0.992373 2.579755 1.000000
-0.378800 -1.044239 2.409019 0.000000
-0.178418 -1.050506 2.425042 0.235577
-0.270237 0.528578 2.333174 1.000000
-0.460173 0.225128 2.404265 1.000000
-0.106031 0.231145 2.468666 1.000000
-0.266444 0.265855 2.341338 0.000000
-0.299225 0.106276 2.536515 0.000000
-0.459039 -0.121715 2.392516 1.000000
-0.067364 -0.114629 2.484929 0.894231
-0.290998 -0.113765 2.556193 0.000000
-0.504638 -0.044108 2.368150 1.000000
-0.028798 -0.033059 2.468256 1.000000
-0.494442 -0.303048 2.234766 1.000000
0.001751 -0.302753 2.362062 1.000000
-0.495868 -0.370140 2.249499 0.341346
-0.005095 -0.366113 2.387733 0.375000
-0.387111 -0.620345 2.466899 1.000000
-0.163187 -0.621429 2.447421 1.000000
-0.397680 -0.999643 2.580200 1.000000
-0.202060 -0.996140 2.569472 1.000000
-0.365105 -1.047429 2.423267 0.057692
-0.162562 -1.050164 2.416194 0.000000
-0.274285 0.531306 2.343227 1.000000
-0.459447 0.231001 2.397753 1.000000
-0.112771 0.227331 2.494716 1.000000
-0.259956 0.269208 2.354245 0.000000
-0.313820 0.104885 2.540606 0.000000
-0.463979 -0.124428 2.384751 1.000000
-0.076116 -0.110129 2.491323 0.442308
-0.302079 -0.116472 2.554505 0.000000
-0.484968 0.031987 2.210833 1.000000
-0.036073 -0.035946 2.494254 1.000000
-0.400283 -0.043538 1.943571 0.807692
-0.013429 -0.297776 2.370820 1.000000
-0.378951 -0.063127 1.881269 0.004808
-0.003420 -0.365047 2.380564 0.509615
-0.389691 -0.620384 2.465839 1.000000
-0.163171 -0.618500 2.442841 1.000000
-0.397706 -1.002610 2.569060 1.000000
-0.205456 -0.987886 2.579156 1.000000
-0.357405 -1.045717 2.412566 0.000000
-0.160843 -1.048162 2.429660 0.168269
-0.277088 0.535415 2.373828 1.000000
-0.481781 0.233219 2.411026 0.038462
-0.131423 0.234688 2.493770 1.000000
-0.285504 0.280587 2.362234 0.000000
-0.326634 0.103094 2.539541 0.000000
-0.480079 -0.125433 2.390636 1.000000
-0.088484 -0.098843 2.479775 0.894231
-0.311071 -0.112467 2.552992 0.000000
-0.446522 0.102244 2.171924 0.338462
-0.048739 -0.027062 2.508510 1.000000
-0.353199 0.227056 1.926095 1.000000
-0.009613 -0.279905 2.369733 1.000000
-0.321461 0.273770 1.886969 1.000000
-0.024001 -0.342241 2.344682 0.560096
-0.390665 -0.619994 2.455525 1.000000
-0.165575 -0.610429 2.449928 1.000000
-0.403083 -1.000583 2.564217 1.000000
-0.202203 -0.983844 2.576559 1.000000
-0.369196 -1.046580 2.407027 0.000000
-0.161320 -1.039510 2.424236 0.187500
-0.277315 0.536257 2.380991 1.000000
-0.456728 0.222443 2.358693 0.855769
-0.137426 0.236208 2.520813 1.000000
-0.257159 0.274652 2.355478 0.000000
-0.334633 0.099737 2.522918 0.000000
-0.462924 -0.131819 2.338715 1.000000
-0.102930 -0.099446 2.515790 0.942308
-0.336348 -0.114133 2.535583 0.000000
-0.442954 0.235591 2.085803 1.000000
-0.061897 -0.025960 2.540675 1.000000
-0.304607 0.408714 1.899302 1.000000
0.009602 -0.232709 2.350842 1.000000
-0.287690 0.474597 1.908983 1.000000
0.017698 -0.290353 2.314344 0.274038
-0.384412 -0.621817 2.451964 1.000000
-0.163960 -0.611936 2.457227 1.000000
-0.405003 -1.001084 2.563984 1.000000
-0.209384 -0.990007 2.565925 1.000000
-0.333425 -1.047463 2.420115 0.000000
-0.136342 -1.039620 2.423883 0.019231
-0.273759 0.540014 2.381840 1.000000
-0.425386 0.239569 2.326495 1.000000
-0.158173 0.216704 2.562203 1.000000
-0.228659 0.272107 2.374822 0.000000
-0.360644 0.100244 2.507776 0.000000
-0.433695 -0.136477 2.284213 1.000000
-0.130969 -0.102487 2.547274 0.355769
-0.361664 -0.117794 2.506820 0.000000
-0.442213 0.280546 2.062153 1.000000
-0.088890 -0.042213 2.563061 1.000000
-0.309499 0.368393 1.827188 1.000000
0.073125 -0.021717 2.330962 1.000000
-0.282507 0.431442 1.823094 0.694712
0.114544 0.003357 2.282216 0.509615
-0.390515 -0.621383 2.438851 1.000000
-0.167173 -0.612671 2.439717 1.000000
-0.414631 -0.998939 2.555837 1.000000
-0.207717 -0.985070 2.568133 1.000000
-0.307932 -1.043228 2.434898 0.000000
-0.114570 -1.039310 2.440249 0.076923
-0.247649 0.539564 2.417773 0.870192
-0.412308 0.215193 2.345364 0.000000
-0.152427 0.189457 2.583813 0.000000
-0.219199 0.247635 2.395914 0.000000
-0.353458 0.073435 2.523439 0.000000
-0.435867 -0.143444 2.276434 1.000000
-0.138456 -0.122268 2.546801 0.211538
-0.368403 -0.133176 2.501010 0.000000
-0.423091 0.316983 2.102435 0.846154
-0.089810 -0.060840 2.529749 1.000000
-0.420921 0.194058 1.851849 0.153846
0.075210 0.135963 2.420453 1.000000
-0.382311 0.158185 1.807772 1.000000
0.097672 0.200880 2.419160 0.829327
-0.408427 -0.633717 2.409839 1.000000
-0.159646 -0.624540 2.412347 1.000000
-0.407950 -0.998274 2.564480 1.000000
-0.209827 -0.988431 2.560271 1.000000
-0.311120 -1.051420 2.438893 0.000000
-0.117581 -1.051697 2.435930 0.000000
-0.210473 0.509355 2.445182 1.000000
-0.404505 0.237848 2.325308 1.000000
-0.170740 0.163917 2.588913 1.000000
-0.210776 0.240949 2.400200 0.000000
-0.377389 0.078347 2.502349 0.000000
-0.424867 -0.142653 2.264472 1.000000
-0.152794 -0.142955 2.561080 1.000000
-0.377839 -0.144592 2.494420 0.000000
-0.481527 0.163201 2.087924 1.000000
-0.056375 -0.052310 2.499346 1.000000
-0.459664 -0.033697 1.896022 1.000000
0.048833 0.202620 2.503254 1.000000
-0.489031 -0.095713 1.899491 1.000000
0.046479 0.262383 2.537065 1.000000
-0.411389 -0.640998 2.377936 1.000000
-0.157310 -0.632231 2.388284 1.000000
-0.406764 -0.988817 2.567189 1.000000
-0.212692 -0.985389 2.558660 1.000000
-0.318717 -1.055875 2.441795 0.004808
-0.122763 -1.057853 2.437687 0.000000
-0.191713 0.498821 2.463392 1.000000
-0.407568 0.206106 2.333046 1.000000
-0.160008 0.151753 2.588701 1.000000
-0.212656 0.226117 2.402026 0.000000
-0.360752 0.048523 2.507676 0.000000
-0.413450 -0.136722 2.275739 1.000000
-0.137252 -0.184847 2.564527 1.000000
-0.362807 -0.162855 2.503431 0.000000
-0.545560 0.011232 2.239210 1.000000
0.016604 0.000764 2.479921 1.000000
-0.594133 -0.236635 2.139229 1.000000
0.013563 0.261450 2.556257 1.000000
-0.595024 -0.298124 2.169867 0.947115
-0.008145 0.293555 2.612989 0.610577
-0.420523 -0.646652 2.341894 1.000000
-0.147965 -0.652939 2.359673 1.000000
-0.397175 -0.982284 2.550752 1.000000
-0.216090 -0.990663 2.554909 0.828606
-0.349327 -1.064543 2.413214 0.000000
-0.138093 -1.076187 2.434184 0.000000
-0.187462 0.467398 2.462904 0.884615
-0.415273 0.203660 2.350166 1.000000
-0.142948 0.144100 2.577964 1.000000
-0.215020 0.225397 2.400916 0.000000
-0.348484 0.039647 2.511901 0.000000
-0.432620 -0.144014 2.288536 1.000000
-0.127148 -0.193158 2.545968 0.788462
-0.357938 -0.171010 2.509410 0.000000
-0.560103 -0.005773 2.336329 1.000000
0.042086 0.041663 2.435492 1.000000
-0.628985 -0.263535 2.294870 1.000000
-0.005115 0.288537 2.534133 1.000000
-0.617477 -0.323158 2.327010 1.000000
-0.035185 0.306907 2.593114 0.644231
-0.415210 -0.657027 2.332118 1.000000
-0.140316 -0.659397 2.349502 1.000000
-0.391796 -0.986221 2.550976 1.000000
-0.219683 -0.987922 2.555871 0.787981
-0.358521 -1.075318 2.413400 0.000000
-0.145562 -1.080104 2.437630 0.000000
-0.202331 0.466419 2.441155 0.884615
-0.430336 0.201057 2.374204 1.000000
-0.116201 0.142749 2.540094 1.000000
-0.223528 0.219741 2.379774 0.000000
-0.332786 0.041029 2.523853 0.000000
-0.465000 -0.156563 2.312142 1.000000
-0.109785 -0.182192 2.499667 0.567308
-0.343869 -0.170919 2.512673 0.000000
-0.557608 -0.017192 2.418561 1.000000
0.050102 0.086143 2.353179 1.000000
-0.643447 -0.274850 2.421808 1.000000
-0.017924 0.321562 2.470298 1.000000
-0.626702 -0.335485 2.449437 0.879808
-0.058255 0.322371 2.525914 0.593750
-0.413029 -0.665855 2.336773 1.000000
-0.141598 -0.662443 2.347428 1.000000
-0.391672 -0.990823 2.562064 1.000000
-0.220096 -0.987056 2.560220 0.762981
-0.373235 -1.084712 2.424887 0.000000
-0.153283 -1.082087 2.439897 0.014423
-0.212093 0.469516 2.406003 1.000000
-0.451828 0.205783 2.429707 1.000000
-0.096706 0.162833 2.470253 0.586538
-0.258299 0.229580 2.358084 0.000000
-0.299968 0.055380 2.538505 0.000000
-0.483951 -0.157337 2.386743 1.000000
-0.084029 -0.166875 2.431143 1.000000
-0.297370 -0.164354 2.528974 0.000000
-0.558947 -0.022042 2.500147 1.000000
-0.009138 0.138023 2.225188 1.000000
-0.630735 -0.289345 2.503796 1.000000
-0.062503 0.389888 2.326842 1.000000
-0.629602 -0.353699 2.527831 0.778846
-0.035194 0.432934 2.372904 0.644231
-0.420982 -0.660648 2.355621 1.000000
-0.154472 -0.662039 2.350358 1.000000
-0.389656 -0.993221 2.568295 1.000000
-0.213582 -0.983215 2.574340 0.909856
-0.406862 -1.083995 2.428879 0.000000
-0.176043 -1.081036 2.443977 0.197115
-0.246713 0.487945 2.377587 1.000000
-0.455372 0.208439 2.466359 1.000000
-0.100816 0.166155 2.436849 0.394231
-0.278667 0.238253 2.361309 0.000000
-0.286328 0.052780 2.535017 0.000000
-0.472476 -0.148335 2.428182 1.000000
-0.071526 -0.162268 2.395858 1.000000
-0.262265 -0.154467 2.532419 0.000000
-0.538983 -0.030729 2.540625 1.000000
-0.072195 0.177688 2.174636 1.000000
-0.615457 -0.299618 2.540223 1.000000
-0.125709 0.451880 2.184861 1.000000
-0.610432 -0.367481 2.530749 0.846154
-0.090263 0.496384 2.223377 0.627404
-0.409635 -0.652466 2.373459 1.000000
-0.158191 -0.659682 2.354648 1.000000
-0.396146 -0.992557 2.575874 1.000000
-0.207252 -0.983044 2.577910 1.000000
-0.423423 -1.077749 2.434555 0.000000
-0.189586 -1.079345 2.442313 0.187500
-0.273858 0.481767 2.342156 1.000000
-0.443934 0.205797 2.498273 1.000000
-0.095545 0.170795 2.414611 0.000000
-0.285350 0.241835 2.369039 0.000000
-0.264337 0.051440 2.536197 0.000000
-0.461321 -0.147047 2.466871 1.000000
-0.072326 -0.158666 2.364172 1.000000
-0.235861 -0.146973 2.532132 0.000000
-0.519147 -0.041669 2.570127 1.000000
-0.123160 0.150241 2.148390 1.000000
-0.579599 -0.319347 2.565057 1.000000
-0.200844 0.354128 1.966232 1.000000
-0.587533 -0.376242 2.527369 0.947115
-0.179972 0.419572 1.964872 1.000000
-0.412696 -0.648552 2.394183 1.000000
-0.151949 -0.658459 2.366549 1.000000
-0.382699 -0.999277 2.575589 1.000000
-0.207565 -0.987194 2.580222 1.000000
-0.433461 -1.075893 2.435855 0.000000
-0.203682 -1.078779 2.440330 0.158654
-0.294035 0.469900 2.323251 1.000000
-0.450095 0.194977 2.514080 0.000000
-0.135833 0.206198 2.338829 1.000000
-0.342469 0.227425 2.339400 0.000000
-0.234382 0.090673 2.524467 0.000000
-0.441432 -0.147579 2.519364 0.019231
-0.086573 -0.149575 2.329440 1.000000
-0.207058 -0.142003 2.530729 0.000000
-0.486358 -0.046750 2.628146 0.553846
-0.166051 0.105900 2.090263 0.815385
-0.508419 -0.327377 2.579861 1.000000
-0.261899 0.108183 1.821233 1.000000
-0.530957 -0.387249 2.554807 0.694712
-0.289437 0.051474 1.793917 1.000000
-0.400569 -0.644055 2.407344 1.000000
-0.149658 -0.652789 2.381152 1.000000
-0.385493 -1.000717 2.578753 1.000000
-0.200516 -0.990563 2.581496 1.000000
-0.452935 -1.069319 2.441940 0.000000
-0.228720 -1.071501 2.437877 0.187500
-0.350458 0.498347 2.328094 1.000000
-0.430713 0.190243 2.556460 1.000000
-0.146678 0.211996 2.336343 1.000000
-0.350751 0.232263 2.369404 0.000000
-0.216307 0.086478 2.528481 0.000000
-0.421051 -0.152054 2.547211 0.230769
-0.100923 -0.148182 2.303280 1.000000
-0.188020 -0.141667 2.521140 0.000000
-0.477312 -0.061718 2.641437 0.000000
-0.200220 0.103896 2.094838 1.000000
-0.487007 -0.341841 2.585400 0.615385
-0.266531 0.003994 1.835367 1.000000
-0.484058 -0.390211 2.536696 0.257212
-0.324040 -0.013734 1.802219 1.000000
-0.403993 -0.642251 2.410992 1.000000
-0.148215 -0.652197 2.392258 1.000000
-0.380644 -0.998818 2.581670 1.000000
-0.202980 -0.994963 2.582858 1.000000
-0.464559 -1.065716 2.453392 0.000000
-0.259142 -1.064575 2.441534 0.182692
-0.357919 0.489676 2.337630 1.000000
-0.423917 0.198266 2.577869 1.000000
-0.152525 0.225765 2.342943 1.000000
-0.353727 0.249007 2.389062 0.000000
-0.214395 0.091148 2.531543 0.000000
-0.413879 -0.141725 2.558060 0.086538
-0.107575 -0.136163 2.297009 1.000000
-0.182580 -0.131929 2.519378 0.000000
-0.477359 -0.059007 2.640629 0.000000
-0.196935 0.103266 2.106287 1.000000
-0.485797 -0.339671 2.586041 0.096154
-0.279787 0.000008 1.852719 1.000000
-0.487767 -0.407039 2.572693 0.000000
-0.325551 -0.027047 1.809197 1.000000
-0.400402 -0.631522 2.415195 1.000000
-0.150829 -0.639754 2.402702 1.000000
-0.387748 -0.994219 2.573645 1.000000
-0.197944 -0.993311 2.574728 1.000000
-0.477171 -1.053409 2.445299 0.000000
-0.275175 -1.049769 2.437541 0.086538
-0.348298 0.489454 2.328235 1.000000
-0.425487 0.211397 2.578343 1.000000
-0.149075 0.240195 2.349505 1.000000
-0.350804 0.265373 2.392175 0.048077
-0.216646 0.102257 2.533697 0.000000
-0.423178 -0.125837 2.551890 0.086538
-0.110583 -0.122187 2.298373 1.000000
-0.191061 -0.115138 2.518747 0.000000
-0.475879 -0.049679 2.632465 0.000000
-0.167370 0.096909 2.119802 1.000000
-0.485324 -0.333441 2.588465 0.028846
-0.272418 0.005143 1.868625 1.000000
-0.487501 -0.401253 2.577640 0.000000
-0.317992 0.000452 1.817425 1.000000
-0.397419 -0.621055 2.432145 1.000000
-0.157442 -0.624154 2.416557 1.000000
-0.389498 -0.986532 2.584394 1.000000
-0.193451 -0.988407 2.567682 1.000000
-0.479969 -1.042291 2.455249 0.000000
-0.280222 -1.035797 2.432784 0.048077
-0.340963 0.512843 2.354550 1.000000
-0.440490 0.215724 2.556898 1.000000
-0.141420 0.243058 2.358379 1.000000
-0.346537 0.268358 2.379270 0.000000
-0.228077 0.106455 2.535438 0.000000
-0.438814 -0.118848 2.532385 0.134615
-0.101655 -0.120947 2.312571 1.000000
-0.204383 -0.111584 2.523403 0.000000
-0.479376 -0.052822 2.572107 0.184615
-0.133613 0.076238 2.143972 1.000000
-0.485314 -0.340009 2.589235 0.000000
-0.253517 -0.002844 1.894624 1.000000
-0.486701 -0.408578 2.593332 0.000000
-0.299460 0.000633 1.843658 1.000000
-0.385223 -0.621572 2.450194 1.000000
-0.162575 -0.621005 2.428771 1.000000
-0.396691 -0.996081 2.578364 1.000000
-0.192503 -0.987758 2.575099 1.000000
-0.479310 -1.040896 2.440024 0.000000
-0.269100 -1.037421 2.434960 0.197115
-0.328621 0.528316 2.362519 1.000000
-0.441404 0.214263 2.543409 1.000000
-0.128366 0.235894 2.366945 1.000000
-0.333498 0.267801 2.374177 0.000000
-0.231728 0.098221 2.533925 0.000000
-0.450965 -0.115341 2.517950 0.000000
-0.099395 -0.130163 2.322557 1.000000
-0.216385 -0.112141 2.525239 0.000000
-0.493487 -0.046444 2.592598 0.784615
-0.077705 0.022344 2.209053 1.000000
-0.512566 -0.330566 2.563213 1.000000
-0.219487 -0.050615 1.971296 1.000000
-0.511667 -0.397357 2.579292 0.189904
-0.268673 -0.058663 1.924007 1.000000
-0.379676 -0.623487 2.463393 1.000000
-0.164538 -0.624358 2.449219 1.000000
-0.401328 -1.005881 2.563999 1.000000
-0.198343 -0.995631 2.582747 1.000000
-0.477222 -1.039768 2.418863 0.000000
-0.269138 -1.041163 2.438222 0.149038
-0.306044 0.532218 2.378236 1.000000
-0.443061 0.219571 2.533431 1.000000
-0.117292 0.232259 2.380742 1.000000
-0.320859 0.273093 2.374210 0.000000
-0.238380 0.094584 2.535347 0.000000
-0.457848 -0.116311 2.506432 0.038462
-0.092700 -0.130059 2.337677 1.000000
-0.224473 -0.111526 2.531026 0.000000
-0.498604 -0.040771 2.573393 1.000000
-0.049117 -0.003690 2.270561 1.000000
-0.543461 -0.314132 2.506337 1.000000
-0.180486 -0.104776 2.038702 1.000000
-0.530453 -0.381133 2.514220 0.560096
-0.234643 -0.132024 2.006375 1.000000
-0.381382 -0.624282 2.470725 1.000000
-0.165592 -0.624371 2.460286 1.000000
-0.398761 -1.008832 2.563648 1.000000
-0.201616 -0.999173 2.582930 1.000000
-0.466467 -1.041855 2.414323 0.000000
-0.263576 -1.042075 2.433622 0.149038
-0.302276 0.533570 2.383365 1.000000
-0.447774 0.220224 2.522372 1.000000
-0.111423 0.233942 2.394781 1.000000
-0.313973 0.274577 2.373066 0.000000
-0.243643 0.095458 2.539210 0.000000
-0.465624 -0.118589 2.497609 0.596154
-0.088949 -0.122700 2.355839 1.000000
-0.234821 -0.109113 2.539219 0.000000
-0.506073 -0.040143 2.555414 1.000000
-0.034802 -0.017468 2.338178 1.000000
-0.569229 -0.301296 2.461362 1.000000
-0.140848 -0.161814 2.116923 1.000000
-0.569368 -0.350005 2.412908 0.257212
-0.168554 -0.219646 2.092260 1.000000
-0.380885 -0.623903 2.480560 1.000000
-0.170133 -0.620410 2.468490 1.000000
-0.395905 -1.007681 2.577020 1.000000
-0.200779 -1.002350 2.568481 1.000000
-0.453391 -1.043847 2.424181 0.000000
-0.254871 -1.038356 2.414370 0.000000
-0.293034 0.532285 2.373772 1.000000
-0.451480 0.226957 2.510720 1.000000
-0.103556 0.234097 2.418536 1.000000
-0.301674 0.281043 2.377369 0.000000
-0.253483 0.096012 2.544924 0.000000
-0.470958 -0.120026 2.485910 1.000000
-0.081861 -0.116131 2.383012 1.000000
-0.245796 -0.105963 2.550682 0.000000
-0.520769 -0.032138 2.531537 1.000000
-0.034021 -0.025448 2.405658 1.000000
-0.585117 -0.271749 2.391628 1.000000
-0.057111 -0.264635 2.252736 1.000000
-0.575951 -0.325756 2.350158 0.324519
-0.057908 -0.328799 2.277286 0.745192
-0.383165 -0.622726 2.485846 1.000000
-0.170952 -0.617442 2.477783 1.000000
-0.396222 -1.010483 2.565156 1.000000
-0.201980 -1.002320 2.565656 1.000000
-0.439431 -1.041462 2.406581 0.000000
-0.241128 -1.035507 2.406475 0.000000
-0.284626 0.529753 2.364201 1.000000
-0.455080 0.230989 2.491020 1.000000
-0.098824 0.234170 2.439332 1.000000
-0.290502 0.281538 2.374794 0.000000
-0.263430 0.099505 2.550193 0.000000
-0.469682 -0.117558 2.453816 1.000000
-0.068074 -0.115722 2.427226 1.000000
-0.260974 -0.106301 2.560613 0.000000
-0.524859 -0.027641 2.517683 1.000000
-0.027411 -0.024864 2.455791 1.000000
-0.581256 -0.262756 2.366732 1.000000
-0.020454 -0.282421 2.333881 1.000000
-0.599422 -0.316318 2.327725 0.206731
-0.019468 -0.349699 2.347776 1.000000
-0.385479 -0.619518 2.489029 1.000000
-0.171983 -0.619194 2.481082 1.000000
-0.399896 -1.007286 2.568049 1.000000
-0.206158 -1.004093 2.567688 1.000000
-0.412500 -1.040137 2.404542 0.000000
-0.213935 -1.040111 2.404547 0.000000
-0.277160 0.530791 2.364868 1.000000
-0.453733 0.235479 2.486994 1.000000
-0.095435 0.236233 2.452032 1.000000
-0.283504 0.285964 2.379185 0.000000
-0.266108 0.101703 2.553481 0.000000
-0.474943 -0.118772 2.452867 1.000000
-0.073023 -0.107067 2.434875 1.000000
-0.268866 -0.103648 2.564201 0.000000
-0.528921 -0.022993 2.508253 1.000000
-0.028425 -0.022804 2.488398 1.000000
-0.573815 -0.263525 2.360360 1.000000
0.022952 -0.294403 2.415339 1.000000
-0.572046 -0.314520 2.314352 0.240385
0.023247 -0.361916 2.428080 0.694712
-0.387804 -0.618122 2.488601 1.000000
-0.172598 -0.613458 2.482964 1.000000
-0.396952 -1.005316 2.571140 1.000000
-0.202498 -0.995815 2.581579 1.000000
-0.406132 -1.039925 2.407768 0.000000
-0.207275 -1.037217 2.419605 0.096154
-0.276824 0.531282 2.363951 1.000000
-0.455984 0.241032 2.477157 1.000000
-0.096141 0.234839 2.468543 1.000000
-0.277416 0.286602 2.381312 0.000000
-0.276277 0.105145 2.559374 0.000000
-0.475251 -0.114764 2.452936 1.000000
-0.073043 -0.104515 2.441846 0.894231
-0.271083 -0.099665 2.567734 0.000000
-0.529562 -0.020491 2.497065 1.000000
-0.030087 -0.025761 2.512465 1.000000
-0.558690 -0.279073 2.372653 1.000000
0.043112 -0.303321 2.484289 1.000000
-0.534217 -0.341223 2.388743 0.509615
0.046704 -0.371870 2.487222 0.711538
-0.385223 -0.614579 2.492607 1.000000
-0.169909 -0.610528 2.487475 1.000000
-0.399923 -1.002128 2.572637 1.000000
-0.200191 -0.995919 2.573341 1.000000
-0.405553 -1.035728 2.408894 0.000000
-0.200900 -1.032237 2.410084 0.057692
-0.270425 0.532253 2.368026 1.000000
-0.453368 0.237984 2.459494 1.000000
-0.094985 0.233546 2.493294 1.000000
-0.264964 0.283912 2.385036 0.000000
-0.283993 0.103461 2.563106 0.000000
-0.470271 -0.115983 2.421146 1.000000
-0.072135 -0.104806 2.479130 1.000000
-0.288834 -0.099929 2.569180 0.000000
-0.528967 -0.021696 2.501289 1.000000
-0.035075 -0.032219 2.519288 1.000000
-0.555241 -0.288911 2.392327 1.000000
0.044430 -0.309649 2.493253 1.000000
-0.521610 -0.346434 2.409076 0.543269
0.043894 -0.378240 2.489331 0.627404
-0.386846 -0.613654 2.494665 1.000000
-0.169788 -0.612471 2.485239 1.000000
-0.394410 -1.001538 2.574068 1.000000
-0.202207 -0.996075 2.578044 1.000000
-0.371642 -1.035193 2.411829 0.000000
-0.174884 -1.037052 2.418211 0.168269
-0.266284 0.527140 2.365955 1.000000
-0.459845 0.238362 2.462208 1.000000
-0.101240 0.237186 2.493844 1.000000
-0.272350 0.286698 2.386984 0.000000
-0.288545 0.104728 2.563784 0.000000
-0.473528 -0.117751 2.437540 1.000000
-0.072769 -0.101824 2.471287 1.000000
-0.283661 -0.099286 2.574291 0.000000
-0.527135 -0.024898 2.500788 1.000000
-0.034098 -0.027224 2.523885 1.000000
-0.551354 -0.301593 2.415358 1.000000
0.033528 -0.306426 2.480094 1.000000
-0.517518 -0.361120 2.421021 0.375000
0.031376 -0.374594 2.488396 0.475962
-0.387125 -0.615067 2.496365 1.000000
-0.172016 -0.610715 2.486215 1.000000
-0.398019 -1.003271 2.573790 1.000000
-0.205788 -0.994672 2.577059 1.000000
-0.385166 -1.036234 2.410325 0.000000
-0.189180 -1.034371 2.415440 0.091346
-0.266411 0.526969 2.365143 1.000000
-0.462023 0.236176 2.455059 1.000000
-0.104327 0.237187 2.495713 1.000000
-0.272752 0.281671 2.382560 0.000000
-0.293171 0.107421 2.566553 0.000000
-0.476942 -0.120226 2.438452 1.000000
-0.077244 -0.099353 2.480936 1.000000
-0.290330 -0.099860 2.579350 0.000000
-0.532401 -0.024128 2.509200 1.000000
-0.037413 -0.028548 2.519172 1.000000
-0.548697 -0.304057 2.430602 1.000000
0.007680 -0.304932 2.439286 1.000000
-0.528411 -0.369666 2.428499 0.257212
0.028029 -0.369766 2.429141 0.375000
-0.390496 -0.616102 2.499250 1.000000
-0.170861 -0.609681 2.487583 1.000000
-0.395281 -1.003800 2.579769 1.000000
-0.200651 -0.993571 2.580084 1.000000
-0.379199 -1.037842 2.416811 0.000000
-0.180235 -1.033952 2.419071 0.052885
-0.269794 0.527480 2.361785 1.000000
-0.465088 0.235421 2.458729 1.000000
-0.107148 0.236347 2.497180 1.000000
-0.276284 0.281400 2.385320 0.000000
-0.295504 0.106109 2.568452 0.000000
-0.477933 -0.120380 2.441530 1.000000
-0.078006 -0.099967 2.482034 0.836538
-0.290590 -0.100516 2.581527 0.000000
-0.532762 -0.026501 2.511124 1.000000
-0.038621 -0.030193 2.510929 1.000000
-0.549777 -0.301445 2.414997 1.000000
-0.003316 -0.299562 2.404542 1.000000
-0.525932 -0.363265 2.433167 0.391827
0.016622 -0.363607 2.419412 0.408654
-0.392326 -0.616155 2.503186 1.000000
-0.173492 -0.610288 2.486939 1.000000
-0.395231 -1.004573 2.580249 1.000000
-0.209365 -0.994791 2.574614 1.000000
-0.379819 -1.037094 2.416917 0.000000
-0.189852 -1.033447 2.413067 0.038462
-0.274885 0.524415 2.355889 1.000000
-0.467886 0.232645 2.460931 1.000000
-0.109453 0.236055 2.494312 1.000000
-0.280434 0.279364 2.384588 0.000000
-0.295951 0.105070 2.569018 0.000000
-0.480022 -0.120818 2.445216 1.000000
-0.079515 -0.100531 2.479595 0.817308
-0.290604 -0.099807 2.582222 0.000000
-0.537203 -0.028580 2.514708 1.000000
-0.039121 -0.030234 2.503169 1.000000
-0.550846 -0.303761 2.418683 1.000000
-0.016644 -0.295196 2.383080 1.000000
-0.559762 -0.368489 2.397443 0.156250
-0.018246 -0.363174 2.373239 0.408654
-0.393902 -0.617073 2.501714 1.000000
-0.170853 -0.610650 2.486230 1.000000
-0.392871 -1.004461 2.583846 1.000000
-0.208582 -0.994156 2.577417 1.000000
-0.380919 -1.039030 2.420645 0.120192
-0.189138 -1.034391 2.416247 0.019231
-0.281627 0.519669 2.349358 1.000000
