-0.231919 0.223559 2.621332 1.000000
0.137775 0.230492 2.538150 1.000000
-0.073857 0.304839 2.467182 0.000000
-0.029871 0.086178 2.644446 0.000000
-0.277116 -0.088518 2.584999 0.269231
0.137481 -0.110575 2.485240 0.798077
-0.039937 -0.111566 2.661958 0.000000
-0.328188 -0.026839 2.569376 1.000000
0.216601 -0.030898 2.526837 1.000000
-0.253072 -0.295372 2.480152 1.000000
0.126036 -0.301569 2.461653 1.000000
-0.259788 -0.367166 2.490058 0.341346
0.111902 -0.364205 2.427382 0.593750
-0.161407 -0.638296 2.597795 1.000000
0.042465 -0.645606 2.559178 1.000000
-0.152883 -1.074704 2.667367 1.000000
0.011659 -1.080498 2.631869 1.000000
-0.195403 -1.103109 2.494392 0.000000
-0.026237 -1.106956 2.457516 0.000000
-0.054787 0.479491 2.434808 1.000000
-0.225500 0.223506 2.628975 1.000000
0.141418 0.232619 2.534482 1.000000
-0.072765 0.305459 2.469891 0.000000
-0.021957 0.087468 2.646154 0.000000
-0.274272 -0.088954 2.593082 0.221154
0.136894 -0.102780 2.478712 0.730769
-0.034011 -0.105402 2.661721 0.000000
-0.325058 -0.024691 2.575305 1.000000
0.210864 -0.031145 2.534303 1.000000
-0.250843 -0.294054 2.489650 1.000000
0.128444 -0.301419 2.459738 1.000000
-0.246640 -0.366172 2.498530 0.358173
0.103833 -0.369885 2.461798 0.694712
-0.160021 -0.636877 2.597165 1.000000
0.044403 -0.640415 2.559000 1.000000
-0.151885 -1.072071 2.673999 1.000000
0.014194 -1.075334 2.631783 1.000000
-0.200626 -1.103148 2.503138 0.000000
-0.029698 -1.101240 2.458758 0.000000
-0.051077 0.477431 2.432672 1.000000
-0.221601 0.225695 2.626956 1.000000
0.145782 0.229249 2.533905 1.000000
-0.067337 0.303243 2.467140 0.000000
-0.019606 0.087808 2.647361 0.000000
-0.275931 -0.088267 2.595758 0.240385
0.136245 -0.099274 2.484766 0.701923
-0.036148 -0.103413 2.666346 0.000000
-0.322257 -0.022453 2.574279 1.000000
0.205993 -0.036938 2.535545 1.000000
-0.250079 -0.294115 2.493694 1.000000
0.132612 -0.311864 2.468203 1.000000
-0.252667 -0.366637 2.488091 0.358173
0.116458 -0.378414 2.492856 0.644231
-0.159554 -0.635341 2.601008 1.000000
0.044413 -0.638148 2.559679 1.000000
-0.153924 -1.071759 2.670800 1.000000
0.014141 -1.073297 2.631043 1.000000
-0.201089 -1.099845 2.498981 0.000000
-0.027919 -1.098831 2.457509 0.000000
-0.044660 0.478123 2.431874 1.000000
-0.217282 0.224120 2.632139 1.000000
0.148372 0.236336 2.533199 1.000000
-0.067069 0.308193 2.471765 0.000000
-0.012652 0.089327 2.645853 0.000000
-0.262171 -0.085768 2.594209 0.163462
0.149014 -0.101933 2.480213 0.721154
-0.022049 -0.103219 2.663089 0.000000
-0.307839 -0.025544 2.573192 1.000000
0.222945 -0.025221 2.539053 1.000000
-0.246570 -0.301444 2.501899 1.000000
0.144252 -0.299334 2.478824 1.000000
-0.241481 -0.374047 2.502679 0.391827
0.132908 -0.371112 2.482914 0.795673
-0.154714 -0.634279 2.598263 1.000000
0.049917 -0.639104 2.562324 1.000000
-0.147774 -1.070109 2.671529 1.000000
0.018945 -1.075251 2.626979 1.000000
-0.196879 -1.099642 2.500498 0.000000
-0.026180 -1.097720 2.453791 0.000000
-0.039837 0.477694 2.431374 1.000000
-0.213864 0.224040 2.619563 1.000000
0.155352 0.231634 2.534340 1.000000
-0.057253 0.302037 2.462267 0.000000
-0.010529 0.089128 2.645724 0.000000
-0.267658 -0.086543 2.593297 0.278846
0.144901 -0.097157 2.483699 0.673077
-0.028115 -0.101777 2.664673 0.000000
-0.313172 -0.024726 2.566115 1.000000
0.215646 -0.034661 2.541709 1.000000
-0.245064 -0.300454 2.495574 1.000000
0.148357 -0.313072 2.481703 1.000000
-0.248689 -0.373130 2.497239 0.223558
0.125363 -0.378135 2.458560 0.711538
-0.149852 -0.633466 2.599254 1.000000
0.052989 -0.635600 2.563471 1.000000
-0.144350 -1.070074 2.667862 1.000000
0.024371 -1.072302 2.625410 1.000000
-0.190862 -1.097700 2.495791 0.000000
-0.018298 -1.094168 2.451524 0.000000
-0.039355 0.482786 2.433573 1.000000
-0.209745 0.223137 2.619099 1.000000
0.160634 0.238876 2.540277 1.000000
-0.052066 0.305981 2.465389 0.000000
-0.004277 0.091895 2.647197 0.000000
-0.256516 -0.086480 2.585322 0.375000
0.159160 -0.105251 2.489456 0.682692
-0.019808 -0.106256 2.664604 0.000000
-0.304097 -0.027433 2.565301 1.000000
0.228872 -0.025468 2.547202 1.000000
-0.239060 -0.304420 2.496994 1.000000
0.151683 -0.300308 2.483000 1.000000
-0.238649 -0.375877 2.483161 0.290865
0.144676 -0.367105 2.511046 1.000000
-0.141861 -0.635919 2.593528 1.000000
0.060684 -0.641991 2.559628 1.000000
-0.141349 -1.071468 2.668763 1.000000
0.025642 -1.077112 2.628949 1.000000
-0.182097 -1.101424 2.495624 0.000000
-0.010415 -1.102083 2.453988 0.000000
-0.037835 0.482270 2.432351 1.000000
-0.207196 0.222136 2.617419 1.000000
0.163622 0.239313 2.541000 1.000000
-0.048742 0.306808 2.465514 0.000000
-0.001667 0.090969 2.645425 0.000000
-0.245482 -0.087688 2.580786 0.326923
0.171080 -0.101468 2.487967 0.701923
-0.009279 -0.107367 2.661585 0.000000
-0.293936 -0.031268 2.561218 1.000000
0.250359 -0.019745 2.557183 1.000000
-0.219625 -0.301862 2.476163 1.000000
0.170064 -0.290514 2.478353 1.000000
-0.232731 -0.370845 2.495326 0.391827
0.156795 -0.361853 2.484030 0.896635
-0.138746 -0.635862 2.582319 1.000000
0.061896 -0.640091 2.557917 1.000000
-0.146692 -1.071467 2.656810 1.000000
0.025852 -1.075542 2.624609 1.000000
-0.186456 -1.100418 2.483271 0.000000
-0.010276 -1.099370 2.449503 0.000000
-0.034307 0.483308 2.434058 1.000000
-0.201926 0.219821 2.614581 1.000000
0.169950 0.240646 2.544470 1.000000
-0.041628 0.307906 2.466603 0.000000
0.004020 0.089596 2.643880 0.000000
-0.242839 -0.089874 2.575044 0.317308
0.175211 -0.100447 2.488723 0.634615
-0.007834 -0.108964 2.659397 0.000000
-0.288302 -0.032430 2.550434 1.000000
0.254730 -0.019568 2.561985 1.000000
-0.222612 -0.309757 2.478965 1.000000
0.174251 -0.289822 2.479406 1.000000
-0.230350 -0.382041 2.482539 0.341346
0.159000 -0.360991 2.479473 0.778846
-0.137887 -0.637303 2.572593 1.000000
0.063097 -0.640065 2.556649 1.000000
-0.146129 -1.071349 2.655658 1.000000
0.025973 -1.075771 2.621043 1.000000
-0.183234 -1.103848 2.482159 0.000000
-0.007650 -1.098873 2.445342 0.000000
-0.031893 0.478740 2.430514 1.000000
-0.200200 0.217072 2.605076 1.000000
0.173990 0.237544 2.548473 1.000000
-0.034511 0.306140 2.463774 0.000000
0.004254 0.086000 2.640424 0.000000
-0.238197 -0.093746 2.564429 0.394231
0.181685 -0.099217 2.486984 0.596154
-0.004786 -0.108999 2.653838 0.000000
-0.287155 -0.035946 2.543396 1.000000
0.251087 -0.025081 2.570095 1.000000
-0.209037 -0.307649 2.462083 1.000000
0.181896 -0.297526 2.483355 1.000000
-0.217511 -0.375985 2.485663 0.408654
0.172008 -0.369554 2.479922 0.728365
-0.134673 -0.639584 2.564744 1.000000
0.064009 -0.640678 2.552323 1.000000
-0.142397 -1.074120 2.645258 1.000000
0.025206 -1.076750 2.613143 1.000000
-0.176130 -1.105822 2.470925 0.000000
-0.005065 -1.098668 2.436682 0.000000
-0.019018 0.482810 2.436693 1.000000
-0.198094 0.216793 2.590153 1.000000
0.179230 0.237093 2.560906 1.000000
-0.022529 0.305013 2.460745 0.000000
0.003239 0.086069 2.641216 0.000000
-0.230967 -0.089823 2.529706 0.567308
0.194792 -0.098632 2.498391 0.432692
-0.008781 -0.106408 2.644011 0.000000
-0.284026 -0.038869 2.536916 1.000000
0.251998 -0.027585 2.576124 1.000000
-0.213588 -0.313335 2.456476 1.000000
0.190116 -0.301606 2.487541 1.000000
-0.229362 -0.383041 2.442695 0.189904
0.179236 -0.372722 2.476505 0.627404
-0.130981 -0.635429 2.557341 1.000000
0.066635 -0.639403 2.547894 1.000000
-0.143787 -1.069157 2.641481 1.000000
0.021996 -1.074530 2.611419 1.000000
-0.158692 -1.102967 2.464931 0.000000
0.010806 -1.099413 2.433119 0.000000
-0.009878 0.492915 2.450557 1.000000
-0.190489 0.221449 2.563559 1.000000
0.187674 0.232652 2.586102 1.000000
0.003065 0.306493 2.460327 0.000000
-0.001083 0.085297 2.639842 0.000000
-0.222301 -0.087628 2.501623 0.798077
0.204190 -0.101080 2.517553 0.509615
-0.014307 -0.106687 2.639763 0.000000
-0.277543 -0.037150 2.528083 1.000000
0.261046 -0.032495 2.581197 1.000000
-0.208798 -0.308822 2.436536 1.000000
0.196639 -0.305570 2.490674 1.000000
-0.220946 -0.373638 2.467340 0.408654
0.179332 -0.373294 2.470386 0.475962
-0.129395 -0.634057 2.544354 1.000000
0.066264 -0.640983 2.545550 1.000000
-0.144888 -1.065413 2.639519 1.000000
0.021072 -1.076021 2.609293 1.000000
-0.141334 -1.104387 2.463440 0.000000
0.028787 -1.102931 2.431103 0.000000
0.003509 0.493547 2.450966 1.000000
-0.188250 0.224116 2.531730 1.000000
0.182187 0.229848 2.611631 1.000000
0.020058 0.305771 2.458981 0.000000
-0.014796 0.085569 2.636369 0.000000
-0.219643 -0.089220 2.464357 0.673077
0.200857 -0.106827 2.536458 0.230769
-0.031916 -0.110523 2.628711 0.000000
-0.274697 -0.030003 2.470691 1.000000
0.247455 -0.037498 2.605140 1.000000
-0.197274 -0.281654 2.337782 1.000000
0.200622 -0.306812 2.494398 1.000000
-0.195162 -0.347122 2.306048 0.122596
0.187762 -0.376987 2.479986 0.576923
-0.130659 -0.636359 2.527259 1.000000
0.063241 -0.645580 2.544966 1.000000
-0.145503 -1.066445 2.628103 1.000000
0.022028 -1.081174 2.607601 1.000000
-0.119383 -1.108042 2.454545 0.000000
0.052668 -1.109311 2.432088 0.000000
0.008728 0.505139 2.470903 1.000000
-0.184873 0.229410 2.522563 1.000000
0.179793 0.223150 2.625618 1.000000
0.029737 0.306565 2.464754 0.000000
-0.022168 0.084022 2.634903 0.000000
-0.218319 -0.091562 2.444058 0.807692
0.194644 -0.117699 2.549449 0.211538
-0.044761 -0.116307 2.622869 0.000000
-0.235241 -0.017793 2.413590 1.000000
0.236246 -0.045721 2.632133 1.000000
-0.190105 -0.214815 2.199487 1.000000
0.218788 -0.290202 2.468979 1.000000
-0.179083 -0.263656 2.146661 0.000000
0.180114 -0.351354 2.476876 0.560096
-0.137441 -0.641659 2.507836 1.000000
0.066330 -0.654121 2.544165 1.000000
-0.152779 -1.069386 2.618192 1.000000
0.020126 -1.089144 2.607282 1.000000
-0.115084 -1.114720 2.447725 0.000000
0.065751 -1.118938 2.435335 0.000000
0.018751 0.506907 2.482245 1.000000
-0.178026 0.234149 2.502340 1.000000
0.171804 0.210850 2.646274 1.000000
0.044732 0.303092 2.471070 0.000000
-0.035298 0.080241 2.629509 0.000000
-0.215796 -0.087159 2.434831 1.000000
0.188340 -0.119412 2.568856 0.605769
-0.055770 -0.119587 2.624693 0.000000
-0.224563 0.032501 2.323776 1.000000
0.222582 -0.057723 2.644516 1.000000
-0.173853 -0.078952 2.057742 1.000000
0.281505 -0.246734 2.428715 1.000000
-0.161237 -0.107209 1.991864 0.000000
0.293677 -0.296672 2.377183 0.189904
-0.151324 -0.638835 2.475139 1.000000
0.061079 -0.654192 2.543511 1.000000
-0.166643 -1.064008 2.594962 1.000000
0.021561 -1.089740 2.607544 1.000000
-0.123643 -1.112958 2.426765 0.000000
0.078451 -1.119679 2.439015 0.000000
0.015683 0.505994 2.489430 1.000000
-0.201178 0.242370 2.494171 0.000000
0.144276 0.210922 2.646861 1.000000
0.023483 0.307813 2.469735 0.000000
-0.064529 0.084221 2.622807 0.000000
-0.203261 -0.075039 2.415167 1.000000
0.180366 -0.127699 2.595129 1.000000
-0.068538 -0.119831 2.621445 0.000000
-0.195579 0.124800 2.253697 0.215385
0.226692 -0.041229 2.683042 1.000000
-0.147295 0.176488 1.975696 0.557692
0.410056 -0.095951 2.469334 1.000000
-0.142680 0.227910 1.924392 1.000000
0.439712 -0.094981 2.402872 0.358173
-0.169829 -0.628745 2.438221 1.000000
0.060212 -0.655803 2.550433 1.000000
-0.199886 -1.058649 2.536422 1.000000
0.018566 -1.092022 2.608251 1.000000
-0.141048 -1.100518 2.371134 0.000000
0.095151 -1.120644 2.447469 0.000000
0.013703 0.508451 2.491255 1.000000
-0.218477 0.243643 2.473334 0.125000
0.116802 0.224869 2.649050 1.000000
0.002847 0.323281 2.468270 0.000000
-0.081563 0.087518 2.604141 0.000000
-0.188092 -0.069681 2.400899 1.000000
0.155921 -0.115544 2.568410 0.509615
-0.074422 -0.104567 2.601185 0.000000
-0.170075 0.199301 2.215464 0.676923
0.232291 -0.007958 2.706148 1.000000
-0.126356 0.346960 1.975530 1.000000
0.456795 0.028221 2.534184 1.000000
-0.113439 0.401875 1.929541 1.000000
0.506766 0.036102 2.481855 0.879808
-0.178780 -0.620417 2.424922 1.000000
0.054374 -0.645754 2.559381 1.000000
-0.227040 -1.054826 2.490682 1.000000
0.022473 -1.083547 2.611180 1.000000
-0.157923 -1.087243 2.327259 0.000000
0.100136 -1.108246 2.450265 0.000000
0.024911 0.504362 2.480221 1.000000
-0.232094 0.244597 2.443821 0.134615
0.087859 0.228814 2.646361 1.000000
-0.014507 0.332315 2.461534 0.000000
-0.100378 0.086922 2.578062 0.000000
-0.181964 -0.060702 2.377451 1.000000
0.134640 -0.106040 2.563760 0.307692
-0.090926 -0.093793 2.582374 0.000000
-0.147168 0.268160 2.191889 1.000000
0.254756 0.033378 2.718390 1.000000
-0.099414 0.478720 2.004374 1.000000
0.483189 0.154022 2.595746 1.000000
-0.086865 0.539348 1.966107 1.000000
0.523874 0.202757 2.560148 0.812500
-0.190549 -0.609795 2.411479 1.000000
0.051959 -0.635696 2.562796 1.000000
-0.252288 -1.046352 2.442633 1.000000
0.014938 -1.073246 2.613227 1.000000
-0.165600 -1.069775 2.286199 0.000000
0.105779 -1.098652 2.459481 0.000000
0.007262 0.498175 2.455355 1.000000
-0.204148 0.281103 2.390274 0.923077
0.021472 0.250563 2.692260 1.000000
0.004576 0.344026 2.477013 0.000000
-0.151421 0.125116 2.571423 0.014423
-0.153379 -0.037213 2.310511 1.000000
0.077814 -0.090512 2.594612 0.182692
-0.139899 -0.073838 2.533790 0.187500
-0.121882 0.343718 2.143047 1.000000
0.244896 0.104409 2.715289 1.000000
-0.037924 0.595249 2.032966 1.000000
0.432330 0.319895 2.685810 1.000000
-0.046106 0.667466 2.029058 1.000000
0.449213 0.377397 2.644505 0.913462
-0.216383 -0.580236 2.387343 1.000000
0.039398 -0.619172 2.539957 1.000000
-0.273960 -1.018354 2.377261 1.000000
0.009334 -1.052227 2.623162 1.000000
-0.136709 -1.033722 2.261238 0.000000
0.149108 -1.083022 2.513389 0.000000
-0.002544 0.504023 2.418258 1.000000
-0.212055 0.271579 2.371809 1.000000
0.010515 0.250169 2.675434 1.000000
-0.006545 0.340796 2.458990 0.000000
-0.157914 0.119050 2.554313 0.000000
-0.160955 -0.034947 2.287007 1.000000
0.062329 -0.094130 2.576224 0.375000
-0.153575 -0.074455 2.510079 0.115385
-0.124431 0.352787 2.131241 1.000000
0.247906 0.134423 2.724369 1.000000
0.002360 0.603593 2.069269 1.000000
0.353731 0.401725 2.711294 1.000000
0.013389 0.675225 2.075968 1.000000
0.358416 0.469157 2.684300 1.000000
-0.223811 -0.580272 2.346591 1.000000
0.027089 -0.621672 2.503483 1.000000
-0.280958 -1.018558 2.348610 1.000000
0.012277 -1.048359 2.617861 1.000000
-0.142012 -1.037198 2.235113 0.000000
0.151701 -1.082480 2.508628 0.000000
-0.013033 0.496422 2.417546 1.000000
-0.236113 0.256110 2.348038 1.000000
0.005960 0.211426 2.634510 1.000000
-0.027704 0.323959 2.430659 0.000000
-0.165011 0.087186 2.509753 0.000000
-0.193016 -0.039276 2.267912 1.000000
0.050718 -0.105366 2.538523 0.211538
-0.169534 -0.086996 2.488248 0.173077
-0.153881 0.344433 2.110026 1.000000
0.252428 0.153316 2.718712 1.000000
0.053965 0.540128 2.094129 1.000000
0.266713 0.438855 2.715142 1.000000
0.083526 0.595542 2.130913 0.711538
0.255225 0.510420 2.708500 1.000000
-0.230701 -0.590455 2.316439 1.000000
0.009253 -0.630740 2.469900 1.000000
-0.288998 -1.028271 2.333246 1.000000
-0.003009 -1.050624 2.607416 1.000000
-0.159230 -1.050285 2.209914 0.000000
0.125211 -1.093477 2.488007 0.000000
-0.008556 0.475748 2.424842 0.899038
-0.305711 0.223117 2.379189 0.000000
0.025751 0.194572 2.560736 0.000000
-0.092395 0.320027 2.400564 0.000000
-0.158358 0.054257 2.479210 0.000000
-0.270192 -0.064176 2.263856 1.000000
0.058176 -0.116773 2.426376 1.000000
-0.166260 -0.117647 2.458061 0.000000
-0.276186 0.254199 2.119194 1.000000
0.261778 0.201507 2.677689 1.000000
-0.000892 0.315408 2.132432 1.000000
0.165635 0.465905 2.701327 1.000000
0.065994 0.302132 2.157881 1.000000
0.124932 0.526024 2.706489 1.000000
-0.246139 -0.617495 2.268347 1.000000
-0.018325 -0.642066 2.427779 1.000000
-0.276763 -1.053407 2.334728 1.000000
-0.015406 -1.054477 2.586754 1.000000
-0.205353 -1.083235 2.171798 0.000000
0.058269 -1.113241 2.432956 0.000000
-0.086424 0.479517 2.399054 1.000000
-0.327942 0.218843 2.384392 0.509615
0.032364 0.214579 2.485800 0.000000
-0.116573 0.310525 2.336750 0.000000
-0.159550 0.067581 2.479233 0.000000
-0.306218 -0.096784 2.272020 1.000000
0.041211 -0.103922 2.356398 1.000000
-0.163349 -0.123519 2.439257 0.000000
-0.364194 0.152954 2.130738 1.000000
0.270833 0.247809 2.595455 1.000000
-0.085562 0.204037 2.141113 1.000000
0.134272 0.492680 2.637194 1.000000
-0.035521 0.153659 2.157097 0.812500
0.102303 0.532209 2.689281 0.610577
-0.260904 -0.641213 2.258932 1.000000
-0.023499 -0.639223 2.406916 1.000000
-0.269631 -1.077386 2.329934 1.000000
-0.018144 -1.046558 2.578421 1.000000
-0.234912 -1.106501 2.155343 0.000000
0.022835 -1.114264 2.416335 0.000000
-0.117657 0.507165 2.398915 1.000000
-0.348447 0.215910 2.366575 1.000000
0.012572 0.197807 2.449381 1.000000
-0.136792 0.302561 2.311388 0.000000
-0.180603 0.056788 2.448671 0.000000
-0.317253 -0.112514 2.248173 1.000000
0.028544 -0.102580 2.338745 1.000000
-0.176821 -0.123754 2.419191 0.000000
-0.437670 0.051340 2.181065 1.000000
0.242435 0.322582 2.416951 1.000000
-0.169429 0.115000 2.120002 1.000000
0.122934 0.545583 2.542348 1.000000
-0.099602 0.095688 2.126988 1.000000
0.086851 0.546163 2.605557 0.543269
-0.267165 -0.654002 2.267418 1.000000
-0.023226 -0.642234 2.392532 1.000000
-0.286004 -1.090406 2.334954 0.922356
-0.010605 -1.044507 2.575238 1.000000
-0.244520 -1.118999 2.161758 0.000000
0.035040 -1.115480 2.415819 0.000000
-0.172339 0.502577 2.389931 1.000000
-0.381058 0.186950 2.442428 1.000000
-0.027567 0.236318 2.337780 1.000000
-0.242444 0.303028 2.291881 0.000000
-0.168285 0.065256 2.430212 0.000000
-0.355825 -0.135635 2.333522 1.000000
-0.014174 -0.080758 2.243297 1.000000
-0.150862 -0.113182 2.414644 0.000000
-0.440904 -0.002010 2.275631 1.000000
0.071283 0.394963 2.158422 1.000000
-0.246540 0.054965 2.085858 1.000000
0.115693 0.665572 2.201275 1.000000
-0.180098 0.026456 2.077475 1.000000
0.106736 0.737707 2.197549 0.088942
-0.292720 -0.665005 2.289969 1.000000
-0.030660 -0.620647 2.376525 1.000000
-0.283932 -1.103947 2.341117 1.000000
0.010804 -1.024419 2.551490 1.000000
-0.335009 -1.124978 2.169409 0.000000
-0.029110 -1.097793 2.391621 0.000000
-0.215307 0.504116 2.350330 1.000000
-0.362649 0.175332 2.502267 0.971154
-0.072120 0.243924 2.279490 1.000000
-0.295610 0.290283 2.308246 0.000000
-0.155979 0.069756 2.422443 0.000000
-0.339949 -0.113618 2.396496 0.615385
-0.063538 -0.091329 2.170713 1.000000
-0.119002 -0.101594 2.384986 0.000000
-0.451881 0.003738 2.333130 1.000000
-0.005971 0.393231 2.081131 1.000000
-0.298366 -0.011235 2.105116 1.000000
-0.012478 0.614412 1.917367 1.000000
-0.231539 0.014098 2.091332 0.509615
0.029658 0.673742 1.918810 0.862981
-0.276925 -0.651152 2.304121 1.000000
-0.033590 -0.609179 2.368948 1.000000
-0.306595 -1.089483 2.352592 1.000000
0.015535 -1.011493 2.545282 1.000000
-0.415989 -1.097910 2.209424 0.000000
-0.090468 -1.080743 2.416818 0.000000
-0.255137 0.496300 2.323868 1.000000
-0.338048 0.204427 2.500588 0.817308
-0.069768 0.261593 2.242279 0.980769
-0.293328 0.305851 2.293066 0.000000
-0.138040 0.096461 2.408007 0.000000
-0.311583 -0.080805 2.414307 0.115385
-0.063829 -0.101330 2.157258 1.000000
-0.093495 -0.091357 2.376610 0.548077
-0.446947 0.018024 2.358155 1.000000
-0.085553 0.349237 1.999458 1.000000
-0.312165 -0.028936 2.120630 1.000000
-0.127598 0.486077 1.762189 1.000000
-0.274714 -0.039018 2.059039 0.000000
-0.138521 0.483917 1.690261 1.000000
-0.282530 -0.626899 2.314171 1.000000
-0.028620 -0.609493 2.364163 1.000000
-0.297213 -1.066575 2.356991 1.000000
0.016202 -1.011450 2.542447 1.000000
-0.415545 -1.075850 2.221172 0.000000
-0.105018 -1.076669 2.425881 0.000000
-0.283986 0.502807 2.285156 1.000000
-0.391023 0.213399 2.461718 0.000000
-0.107432 0.264718 2.218419 1.000000
-0.339067 0.284172 2.243443 0.000000
-0.170546 0.121397 2.405539 0.000000
-0.349168 -0.100777 2.399730 0.000000
-0.072105 -0.076648 2.174938 1.000000
-0.129443 -0.074328 2.388951 0.000000
-0.453512 -0.037241 2.430664 0.892308
-0.142496 0.279697 1.960337 1.000000
-0.382588 -0.068514 2.162901 0.634615
-0.194944 0.380064 1.704785 1.000000
-0.368531 -0.079178 2.092288 0.038462
-0.222627 0.377118 1.637535 1.000000
-0.287317 -0.637332 2.331656 1.000000
-0.033695 -0.603543 2.346593 1.000000
-0.267564 -1.077703 2.364016 1.000000
0.014087 -0.998526 2.539127 1.000000
-0.381246 -1.093031 2.224815 0.000000
-0.083339 -1.074400 2.407649 0.000000
-0.350710 0.491763 2.271671 0.649038
-0.401083 0.176066 2.434363 1.000000
-0.108429 0.243127 2.208503 1.000000
-0.340850 0.245854 2.217906 0.000000
-0.171308 0.099763 2.394210 0.000000
-0.360490 -0.130734 2.391331 0.490385
-0.076333 -0.087806 2.178518 1.000000
-0.143336 -0.086733 2.389715 0.000000
-0.445013 -0.080595 2.459040 0.892308
-0.144421 0.279751 1.951379 1.000000
-0.409295 -0.090678 2.181266 0.807692
-0.206270 0.373572 1.693902 1.000000
-0.399819 -0.092180 2.109116 0.000000
-0.231307 0.374270 1.625563 1.000000
-0.284726 -0.661748 2.344246 1.000000
-0.041864 -0.619667 2.348017 1.000000
-0.265854 -1.102738 2.367391 1.000000
0.017954 -1.008584 2.549336 1.000000
-0.374954 -1.114918 2.224270 0.000000
-0.082679 -1.089315 2.423278 0.000000
-0.367480 0.457769 2.280383 0.543269
-0.395313 0.180333 2.434293 1.000000
-0.110520 0.245748 2.198989 1.000000
-0.342127 0.248151 2.215377 0.000000
-0.166733 0.104147 2.387626 0.000000
-0.360588 -0.133374 2.397095 0.634615
-0.083772 -0.092211 2.174484 1.000000
-0.143575 -0.089630 2.387819 0.000000
-0.442604 -0.077766 2.449069 1.000000
-0.138402 0.286142 1.940211 1.000000
-0.416374 -0.112155 2.170826 0.826923
-0.200373 0.394746 1.687221 1.000000
-0.409182 -0.119143 2.098736 0.000000
-0.231458 0.397956 1.621487 1.000000
-0.289004 -0.664576 2.345343 1.000000
-0.041254 -0.619009 2.358994 1.000000
-0.275668 -1.105612 2.371294 1.000000
0.013328 -1.011736 2.554315 1.000000
-0.389545 -1.117258 2.231897 0.000000
-0.094960 -1.087758 2.431720 0.000000
-0.330004 0.487810 2.252671 1.000000
-0.383606 0.204939 2.441411 1.000000
-0.090293 0.249454 2.210803 1.000000
-0.321122 0.274636 2.225563 0.000000
-0.163305 0.107693 2.394068 0.000000
-0.367875 -0.133722 2.389468 0.490385
-0.075527 -0.087205 2.188852 1.000000
-0.150597 -0.091013 2.397286 0.000000
-0.440171 -0.051404 2.440528 1.000000
-0.099778 0.290655 1.951242 1.000000
-0.403348 -0.144990 2.177861 1.000000
-0.169448 0.413045 1.707195 1.000000
-0.393259 -0.167762 2.109471 0.000000
-0.208093 0.422233 1.646205 1.000000
-0.293909 -0.664307 2.348409 1.000000
-0.038535 -0.615078 2.369517 1.000000
-0.284139 -1.105457 2.374005 1.000000
0.004031 -1.013438 2.556231 1.000000
-0.387263 -1.116305 2.226415 0.000000
-0.091697 -1.086586 2.421989 0.000000
-0.328374 0.493454 2.241931 1.000000
-0.355830 0.248413 2.433788 1.000000
-0.032157 0.263705 2.237210 0.201923
-0.261020 0.317750 2.229935 0.000000
-0.145335 0.125449 2.405456 0.000000
-0.365846 -0.093320 2.383095 0.317308
-0.059676 -0.077582 2.199003 1.000000
-0.146082 -0.073252 2.402988 0.000000
-0.434850 -0.000631 2.444293 1.000000
-0.056293 0.264207 1.976432 1.000000
-0.423778 -0.150564 2.207878 1.000000
-0.145557 0.385331 1.739583 1.000000
-0.366878 -0.183149 2.176285 0.391827
-0.187250 0.404606 1.683123 1.000000
-0.284883 -0.633428 2.344123 1.000000
-0.032639 -0.600520 2.372031 1.000000
-0.299069 -1.073925 2.377669 1.000000
0.003115 -1.004441 2.547910 1.000000
-0.391010 -1.082762 2.222737 0.000000
-0.075160 -1.075092 2.401567 0.000000
-0.317746 0.489478 2.247415 1.000000
-0.356640 0.234351 2.416010 1.000000
0.004593 0.248381 2.302190 0.000000
-0.213073 0.321851 2.251436 0.000000
-0.151896 0.099050 2.418131 0.000000
-0.359176 -0.076218 2.354323 0.692308
-0.018402 -0.088959 2.246676 1.000000
-0.149286 -0.079828 2.425228 0.000000
-0.433778 -0.012722 2.430638 1.000000
-0.006484 0.216345 2.044839 0.769231
-0.392369 -0.139330 2.186898 1.000000
-0.100388 0.311494 1.800961 1.000000
-0.384230 -0.210279 2.172840 1.000000
-0.138227 0.327948 1.741001 1.000000
-0.277794 -0.624014 2.350341 1.000000
-0.027718 -0.613319 2.382880 1.000000
-0.309789 -1.064116 2.375848 1.000000
0.002682 -1.017488 2.559195 1.000000
-0.357517 -1.070720 2.202027 0.000000
-0.041610 -1.090191 2.400174 0.000000
-0.310540 0.477018 2.279647 0.514423
-0.341109 0.211745 2.421131 1.000000
0.029392 0.232998 2.344201 0.000000
-0.183506 0.301817 2.271463 0.000000
-0.134903 0.080726 2.444457 0.000000
-0.335119 -0.096002 2.371078 0.605769
0.012593 -0.114646 2.289678 1.000000
-0.131638 -0.109104 2.457788 0.000000
-0.425231 -0.030330 2.436574 1.000000
0.098905 0.135529 2.116814 0.953846
-0.377783 -0.167498 2.202903 1.000000
-0.045734 0.148995 1.882919 1.000000
-0.374000 -0.238778 2.188674 1.000000
-0.083966 0.146341 1.821042 1.000000
-0.281454 -0.644947 2.355831 1.000000
-0.022198 -0.638913 2.422771 1.000000
-0.305707 -1.086126 2.367537 1.000000
0.003049 -1.046035 2.593003 1.000000
-0.346906 -1.088520 2.191947 0.000000
-0.033420 -1.116101 2.430843 0.000000
-0.206342 0.508557 2.313917 1.000000
-0.333812 0.201099 2.459204 1.000000
0.030213 0.239288 2.360876 1.000000
-0.189355 0.299858 2.301943 0.000000
-0.121246 0.078765 2.468223 0.000000
-0.316357 -0.096167 2.408725 0.461538
0.024169 -0.119719 2.302119 1.000000
-0.107307 -0.112487 2.480322 0.000000
-0.413249 -0.041794 2.452825 1.000000
0.126959 0.086158 2.180215 1.000000
-0.374022 -0.167945 2.212900 1.000000
0.003211 0.039065 1.940219 1.000000
-0.366576 -0.238306 2.195825 1.000000
-0.025534 -0.012300 1.897405 1.000000
-0.274021 -0.645017 2.365529 1.000000
-0.012921 -0.639163 2.455797 1.000000
-0.298859 -1.086315 2.367230 1.000000
0.001335 -1.053197 2.609866 1.000000
-0.351970 -1.083990 2.194867 0.000000
-0.050714 -1.114998 2.448600 0.000000
-0.177747 0.502776 2.324538 1.000000
-0.313987 0.200889 2.481791 1.000000
0.051184 0.229655 2.384511 1.000000
-0.167406 0.287226 2.319273 0.000000
-0.102369 0.078184 2.501596 0.000000
-0.291989 -0.095170 2.440759 0.750000
0.049081 -0.130223 2.339173 0.932692
-0.084627 -0.117965 2.515430 0.000000
-0.391719 -0.042550 2.479466 1.000000
0.149494 0.039777 2.244257 1.000000
-0.351422 -0.164522 2.237656 1.000000
0.051815 -0.076421 2.016175 1.000000
-0.358381 -0.234211 2.217840 1.000000
0.032114 -0.142978 1.994273 1.000000
-0.258066 -0.645637 2.392047 1.000000
0.005595 -0.649035 2.484800 1.000000
-0.300650 -1.085244 2.374840 1.000000
-0.000663 -1.070517 2.617757 1.000000
-0.347152 -1.073932 2.200930 0.000000
-0.052071 -1.121835 2.452655 0.000000
-0.128134 0.495345 2.332132 1.000000
-0.273026 0.217813 2.498449 1.000000
0.098031 0.229220 2.422110 1.000000
-0.114317 0.287888 2.339536 0.000000
-0.067019 0.091071 2.540025 0.000000
-0.262293 -0.078775 2.475829 1.000000
0.080087 -0.145751 2.397297 1.000000
-0.061248 -0.108989 2.563933 0.000000
-0.369473 -0.019366 2.519655 1.000000
0.170977 -0.007905 2.354918 1.000000
-0.327876 -0.190218 2.307874 1.000000
0.130136 -0.205979 2.168001 1.000000
-0.339009 -0.240805 2.256740 0.189904
0.106849 -0.273669 2.154835 1.000000
-0.246833 -0.634029 2.442279 1.000000
0.028392 -0.659312 2.529507 1.000000
-0.296578 -1.069943 2.388722 1.000000
0.006440 -1.093109 2.611371 1.000000
-0.321948 -1.045317 2.211846 0.000000
-0.038248 -1.123329 2.439252 0.000000
-0.079503 0.499793 2.347025 1.000000
-0.251450 0.225200 2.514333 1.000000
0.122226 0.230878 2.451283 1.000000
-0.085761 0.297397 2.363710 0.000000
-0.049831 0.092320 2.558191 0.000000
-0.244511 -0.072621 2.490442 0.855769
0.098540 -0.146018 2.421118 1.000000
-0.045792 -0.102972 2.583629 0.000000
-0.351447 -0.012341 2.520585 1.000000
0.186928 -0.014995 2.408024 1.000000
-0.322702 -0.226171 2.348109 1.000000
0.157972 -0.262194 2.287997 1.000000
-0.314394 -0.281853 2.301978 0.000000
0.132325 -0.328126 2.270887 1.000000
-0.234545 -0.628601 2.466620 1.000000
0.034574 -0.658698 2.552245 1.000000
-0.287364 -1.064249 2.413852 1.000000
0.006760 -1.095934 2.610685 1.000000
-0.307810 -1.040259 2.236253 0.000000
-0.034490 -1.116616 2.436312 0.000000
-0.039125 0.496797 2.359881 1.000000
-0.230988 0.239337 2.522234 1.000000
0.144086 0.236383 2.467900 1.000000
-0.060753 0.301419 2.372173 0.000000
-0.032550 0.105919 2.577488 0.000000
-0.231777 -0.068238 2.499136 0.894231
0.114927 -0.135246 2.442716 1.000000
-0.036189 -0.095133 2.599717 0.000000
-0.329543 0.001999 2.558034 1.000000
0.199665 -0.016863 2.456075 1.000000
-0.309894 -0.226891 2.401482 1.000000
0.170684 -0.280920 2.373833 1.000000
-0.319744 -0.283201 2.356430 0.122596
0.141021 -0.346556 2.363365 1.000000
-0.223059 -0.622976 2.484810 1.000000
0.034142 -0.651729 2.566014 1.000000
-0.264049 -1.063063 2.487528 1.000000
0.008403 -1.090054 2.616740 1.000000
-0.285944 -1.062129 2.308489 0.000000
-0.025865 -1.108425 2.440606 0.000000
-0.021361 0.509455 2.375880 1.000000
-0.208226 0.244426 2.543212 1.000000
0.168206 0.235125 2.500164 1.000000
-0.031953 0.310321 2.402011 0.000000
-0.014767 0.103324 2.597016 0.000000
-0.223940 -0.063617 2.510143 0.634615
0.125252 -0.123992 2.462214 0.913462
-0.030820 -0.089453 2.615651 0.000000
-0.287479 -0.004100 2.570621 1.000000
0.208331 -0.023264 2.521409 1.000000
-0.300067 -0.249222 2.433751 1.000000
0.158644 -0.298430 2.492708 1.000000
-0.293816 -0.316184 2.461585 0.341346
0.141683 -0.366741 2.474170 0.913462
-0.198150 -0.619156 2.525427 1.000000
0.040766 -0.644803 2.571085 1.000000
-0.222966 -1.049523 2.623065 1.000000
0.013854 -1.083758 2.615338 1.000000
-0.238227 -1.088450 2.447603 0.000000
-0.014753 -1.099884 2.437977 0.000000
-0.007002 0.501926 2.389594 1.000000
-0.199621 0.247568 2.557937 1.000000
0.176965 0.233583 2.517581 1.000000
-0.021073 0.315795 2.420759 0.000000
-0.008985 0.101300 2.607884 0.000000
-0.222754 -0.071073 2.513075 0.240385
0.129050 -0.117529 2.468884 0.519231
-0.029938 -0.089568 2.620659 0.000000
-0.268926 -0.007514 2.562464 1.000000
0.202884 -0.026956 2.554483 1.000000
-0.284505 -0.273683 2.466843 1.000000
0.158807 -0.304962 2.522422 1.000000
-0.271367 -0.338783 2.496624 0.341346
0.158037 -0.372338 2.494900 0.795673
-0.173747 -0.623706 2.554716 1.000000
0.043265 -0.642428 2.575923 1.000000
-0.192474 -1.048074 2.676883 1.000000
0.016472 -1.081989 2.613767 1.000000
-0.206542 -1.097248 2.503912 0.000000
-0.008732 -1.095784 2.435696 0.000000
0.013574 0.498452 2.401515 1.000000
-0.195603 0.244794 2.558667 1.000000
0.182111 0.231249 2.530570 1.000000
-0.012975 0.310750 2.425817 0.000000
-0.006251 0.100249 2.617687 0.000000
-0.211983 -0.079808 2.508411 0.250000
0.142825 -0.116664 2.483313 0.490385
-0.024999 -0.094854 2.626330 0.000000
-0.257569 -0.014210 2.559759 1.000000
0.199751 -0.032282 2.564975 1.000000
-0.273199 -0.289627 2.486822 1.000000
0.171810 -0.314872 2.536658 1.000000
-0.304200 -0.349555 2.459524 0.105769
0.174634 -0.371636 2.491189 0.543269
-0.165033 -0.626422 2.583947 1.000000
0.043692 -0.644362 2.583740 1.000000
-0.165894 -1.052295 2.702249 1.000000
0.021878 -1.084650 2.615907 1.000000
-0.182362 -1.100340 2.529172 0.000000
0.006870 -1.097008 2.436583 0.000000
0.019509 0.506242 2.424513 1.000000
-0.201100 0.240489 2.570778 1.000000
0.176899 0.227532 2.546489 1.000000
-0.017348 0.305317 2.438926 0.000000
-0.011993 0.097111 2.633327 0.000000
-0.210598 -0.093654 2.508735 0.298077
0.146415 -0.113038 2.502180 0.519231
-0.029705 -0.103629 2.636298 0.000000
-0.261663 -0.020988 2.569427 1.000000
0.196557 -0.039210 2.569210 1.000000
-0.264320 -0.296178 2.485983 1.000000
0.182251 -0.322764 2.523298 1.000000
-0.261064 -0.361049 2.453138 0.274038
0.176176 -0.379690 2.478353 0.560096
-0.145036 -0.634054 2.603491 1.000000
0.047969 -0.646499 2.589097 1.000000
-0.141448 -1.059592 2.722942 1.000000
0.028069 -1.085687 2.634718 1.000000
-0.147221 -1.108360 2.549381 0.000000
0.023698 -1.104122 2.455341 0.000000
0.014882 0.504692 2.444224 1.000000
-0.203410 0.235563 2.587060 1.000000
0.173243 0.226952 2.545830 1.000000
-0.026421 0.303572 2.447769 0.000000
-0.010202 0.093703 2.639764 0.000000
-0.216057 -0.098434 2.531313 0.317308
0.139794 -0.114988 2.500109 0.461538
-0.026782 -0.108466 2.646069 0.000000
-0.268565 -0.025402 2.566780 1.000000
0.194794 -0.041001 2.568358 1.000000
-0.253594 -0.299045 2.475020 1.000000
0.178815 -0.324475 2.514276 1.000000
-0.253886 -0.368881 2.454515 0.223558
0.175447 -0.389619 2.481988 0.408654
-0.144188 -0.640705 2.607366 1.000000
0.049531 -0.648665 2.595535 1.000000
-0.137002 -1.073549 2.696577 1.000000
0.030728 -1.087891 2.641260 1.000000
-0.154147 -1.110068 2.520771 0.000000
0.014338 -1.105796 2.462526 0.000000
0.003815 0.501776 2.448448 1.000000
-0.203695 0.229486 2.605832 1.000000
0.170295 0.233250 2.544529 1.000000
-0.036697 0.303634 2.457623 0.000000
-0.003465 0.093825 2.647481 0.000000
-0.218515 -0.096749 2.551541 0.288462
0.133552 -0.115885 2.491873 0.423077
-0.020774 -0.109242 2.650724 0.000000
-0.269477 -0.030523 2.569854 1.000000
0.197842 -0.035187 2.564973 1.000000
-0.248160 -0.303414 2.474270 1.000000
0.173317 -0.317756 2.504769 1.000000
-0.247397 -0.373138 2.453398 0.156250
0.165551 -0.388399 2.520481 0.543269
-0.143379 -0.641862 2.606967 1.000000
0.053679 -0.647893 2.598751 1.000000
-0.141626 -1.076756 2.685888 1.000000
0.028261 -1.087363 2.638550 1.000000
-0.172362 -1.108611 2.511029 0.000000
-0.002001 -1.101664 2.461308 0.000000
-0.007975 0.493187 2.440946 1.000000
-0.205343 0.221811 2.619585 1.000000
0.166504 0.237015 2.547894 1.000000
-0.044701 0.303437 2.468313 0.000000
-0.000445 0.090867 2.652773 0.000000
-0.218356 -0.094798 2.566331 0.269231
0.130497 -0.118735 2.491457 0.480769
-0.016662 -0.109631 2.656853 0.000000
-0.274526 -0.038104 2.582617 1.000000
0.197377 -0.032506 2.558847 1.000000
-0.239942 -0.305073 2.472412 1.000000
0.166713 -0.315535 2.499047 1.000000
-0.248928 -0.368392 2.437662 0.173077
0.157407 -0.384471 2.520467 0.576923
-0.147151 -0.641792 2.612479 1.000000
0.051695 -0.650063 2.599568 1.000000
-0.146439 -1.077536 2.686578 1.000000
0.026929 -1.089527 2.639841 1.000000
-0.184654 -1.107149 2.512803 0.000000
-0.011445 -1.103465 2.464147 0.000000
-0.021475 0.488813 2.446204 1.000000
-0.202333 0.224720 2.626647 1.000000
0.167816 0.234392 2.545792 1.000000
-0.044310 0.303661 2.471247 0.000000
0.001420 0.090917 2.655146 0.000000
-0.216940 -0.095645 2.572769 0.125000
0.130241 -0.118775 2.490259 0.557692
-0.013194 -0.108787 2.658846 0.000000
-0.271924 -0.034684 2.581586 1.000000
0.199165 -0.035624 2.562472 1.000000
-0.234672 -0.303731 2.474985 1.000000
0.166206 -0.317660 2.495292 1.000000
-0.244103 -0.369337 2.444911 0.139423
0.160462 -0.390165 2.498058 0.408654
-0.147689 -0.642635 2.616129 1.000000
0.050913 -0.650326 2.600999 1.000000
-0.146933 -1.078592 2.688967 1.000000
0.027732 -1.090261 2.636828 1.000000
-0.189384 -1.107552 2.516067 0.000000
-0.014457 -1.102287 2.461869 0.000000
-0.025910 0.485215 2.443530 1.000000
-0.210202 0.227579 2.627709 1.000000
0.160729 0.233565 2.550149 1.000000
-0.050285 0.302592 2.472300 0.000000
-0.007515 0.093187 2.660688 0.000000
-0.215361 -0.097397 2.574393 0.259615
0.133112 -0.118303 2.496887 0.538462
-0.012715 -0.107889 2.663383 0.000000
-0.271880 -0.036206 2.594895 1.000000
0.195732 -0.036803 2.562144 1.000000
-0.232654 -0.303618 2.483394 1.000000
0.168053 -0.319663 2.493515 1.000000
-0.252929 -0.365049 2.450036 0.156250
0.151929 -0.389610 2.505556 0.358173
-0.146255 -0.643915 2.618954 1.000000
0.049279 -0.651835 2.599560 1.000000
-0.147751 -1.080549 2.687598 1.000000
0.026110 -1.091519 2.638360 1.000000
-0.187793 -1.107729 2.513837 0.000000
-0.013450 -1.104919 2.462887 0.000000
-0.031625 0.489976 2.450132 1.000000
