-0.413180 0.311235 2.685169 1.000000
-0.044251 0.339862 2.624371 1.000000
-0.249762 0.383093 2.554150 0.000000
-0.208356 0.196112 2.717364 0.000000
-0.378013 -0.035467 2.598207 0.230769
-0.044340 -0.014326 2.564862 0.923077
-0.200787 -0.035844 2.678558 0.000000
-0.441367 0.031589 2.692308 1.000000
0.015563 0.066379 2.650380 1.000000
-0.429256 -0.265608 2.660571 1.000000
0.013446 -0.232079 2.630419 1.000000
-0.411909 -0.335098 2.667175 0.627404
-0.003202 -0.299216 2.610700 0.677885
-0.299887 -0.557599 2.681713 1.000000
-0.103752 -0.551533 2.655157 1.000000
-0.285949 -0.977155 2.759866 1.000000
-0.102047 -0.970297 2.738603 1.000000
-0.302603 -1.010143 2.585744 0.000000
-0.116228 -1.005028 2.564600 0.000000
-0.254620 0.594579 2.583938 1.000000
-0.413275 0.313776 2.677710 1.000000
-0.042345 0.339880 2.629192 1.000000
-0.245116 0.383651 2.551713 0.000000
-0.210321 0.197806 2.717743 0.000000
-0.379078 -0.028035 2.603498 0.240385
-0.045636 -0.019495 2.563013 0.961538
-0.200289 -0.037814 2.679683 0.000000
-0.440760 0.034466 2.691995 1.000000
0.016225 0.066368 2.656283 1.000000
-0.434576 -0.263697 2.670620 1.000000
0.009766 -0.231420 2.630260 1.000000
-0.431274 -0.333531 2.687519 0.661058
-0.013312 -0.298618 2.619071 0.930288
-0.300469 -0.555543 2.676734 1.000000
-0.101676 -0.552000 2.654480 1.000000
-0.286908 -0.975557 2.752455 1.000000
-0.101856 -0.971122 2.736124 1.000000
-0.308390 -1.007579 2.578682 0.000000
-0.120467 -1.004962 2.562365 0.000000
-0.254357 0.593072 2.571059 1.000000
-0.412628 0.312058 2.677974 1.000000
-0.041936 0.339560 2.628413 1.000000
-0.245086 0.380965 2.550628 0.000000
-0.208937 0.197890 2.719424 0.000000
-0.378184 -0.028528 2.603853 0.240385
-0.044623 -0.019449 2.564470 0.750000
-0.199632 -0.038005 2.680630 0.000000
-0.441837 0.032337 2.684828 1.000000
0.016118 0.065775 2.656975 1.000000
-0.430377 -0.266243 2.667281 1.000000
0.010774 -0.232761 2.636083 1.000000
-0.421726 -0.337633 2.668680 0.778846
-0.007453 -0.301558 2.625683 0.947115
-0.299791 -0.557041 2.671479 1.000000
-0.102705 -0.552929 2.652432 1.000000
-0.284625 -0.976125 2.751903 1.000000
-0.101976 -0.973376 2.726949 1.000000
-0.305904 -1.010174 2.578490 0.000000
-0.120408 -1.004303 2.552629 0.000000
-0.252057 0.590259 2.582155 0.677885
-0.415349 0.303732 2.669030 1.000000
-0.043465 0.337657 2.634739 1.000000
-0.243782 0.372144 2.546884 0.000000
-0.211416 0.195387 2.723022 0.000000
-0.377929 -0.033513 2.606929 0.201923
-0.043930 -0.021372 2.572385 0.971154
-0.200415 -0.042069 2.686180 0.000000
-0.435514 0.023439 2.689396 1.000000
0.020076 0.064356 2.660317 1.000000
-0.434191 -0.273784 2.650417 1.000000
0.011236 -0.234364 2.636833 1.000000
-0.455861 -0.340628 2.635068 0.408654
-0.008222 -0.303176 2.629112 0.980769
-0.295972 -0.564150 2.658130 1.000000
-0.104401 -0.558819 2.641115 1.000000
-0.282053 -0.981894 2.745454 1.000000
-0.098945 -0.978789 2.718084 1.000000
-0.301214 -1.018715 2.572361 0.000000
-0.114538 -1.010950 2.543710 0.000000
-0.249080 0.592374 2.578683 1.000000
-0.416931 0.296743 2.667138 1.000000
-0.045322 0.332021 2.631253 1.000000
-0.245886 0.360684 2.541878 0.000000
-0.212143 0.192733 2.726184 0.000000
-0.378878 -0.037396 2.624362 0.317308
-0.046410 -0.023039 2.577940 0.817308
-0.198545 -0.047533 2.696769 0.000000
-0.436027 0.014905 2.681094 1.000000
0.019755 0.059243 2.667979 1.000000
-0.426131 -0.283545 2.643960 1.000000
0.010915 -0.239582 2.633703 1.000000
-0.434184 -0.354181 2.654873 1.000000
-0.005591 -0.309577 2.634990 1.000000
-0.290520 -0.571474 2.631977 1.000000
-0.098862 -0.562961 2.624495 1.000000
-0.283204 -0.985026 2.738047 1.000000
-0.101013 -0.981216 2.710441 1.000000
-0.309030 -1.029209 2.567563 0.000000
-0.119549 -1.016758 2.537013 0.000000
-0.244612 0.585020 2.565910 1.000000
-0.415110 0.284472 2.661047 1.000000
-0.042100 0.318126 2.642177 1.000000
-0.238249 0.347714 2.543762 0.000000
-0.213689 0.179532 2.729308 0.000000
-0.375003 -0.048016 2.627887 0.240385
-0.041581 -0.029050 2.590920 1.000000
-0.196590 -0.058111 2.704907 0.000000
-0.430257 -0.000526 2.668748 1.000000
0.024101 0.043317 2.682297 1.000000
-0.416807 -0.302438 2.638122 1.000000
0.017847 -0.258380 2.647511 1.000000
-0.423978 -0.373475 2.629425 1.000000
-0.005189 -0.325578 2.636240 0.879808
-0.291457 -0.581052 2.611863 1.000000
-0.092930 -0.571612 2.607993 1.000000
-0.280419 -0.991462 2.729214 1.000000
-0.106293 -0.987508 2.703811 1.000000
-0.303915 -1.040553 2.559738 0.000000
-0.115700 -1.027127 2.530531 0.000000
-0.248260 0.564489 2.550488 1.000000
-0.413746 0.266808 2.642758 1.000000
-0.041605 0.308187 2.663356 1.000000
-0.227152 0.336190 2.545783 0.000000
-0.218197 0.164288 2.729318 0.000000
-0.364293 -0.061532 2.614815 0.644231
-0.028920 -0.041088 2.616447 1.000000
-0.195705 -0.073723 2.711224 0.000000
-0.431484 -0.019339 2.644907 1.000000
0.027699 0.035291 2.717428 1.000000
-0.405222 -0.321197 2.609693 1.000000
0.023849 -0.264520 2.661334 1.000000
-0.417257 -0.391577 2.618357 1.000000
0.013309 -0.323595 2.700987 0.240385
-0.290655 -0.592946 2.594806 1.000000
-0.085408 -0.584451 2.594038 1.000000
-0.275445 -0.997801 2.729679 1.000000
-0.108232 -0.995847 2.706117 1.000000
-0.286307 -1.054322 2.561241 0.000000
-0.095708 -1.043166 2.534980 0.000000
-0.256250 0.543545 2.547157 1.000000
-0.415024 0.260940 2.615637 1.000000
-0.047733 0.303760 2.677999 1.000000
-0.218414 0.328116 2.539039 0.000000
-0.230876 0.161278 2.726989 0.000000
-0.360677 -0.066652 2.586367 0.980769
-0.030354 -0.042482 2.642925 1.000000
-0.210156 -0.076049 2.709332 0.000000
-0.420734 -0.026581 2.600246 1.000000
0.031056 0.031867 2.730955 1.000000
-0.394885 -0.327117 2.546450 1.000000
0.029527 -0.268679 2.671341 1.000000
-0.400295 -0.398210 2.555924 1.000000
0.006508 -0.334521 2.688898 0.442308
-0.289543 -0.596757 2.593603 1.000000
-0.084250 -0.586652 2.594746 1.000000
-0.277502 -1.000723 2.731426 1.000000
-0.106105 -0.996837 2.711366 1.000000
-0.263374 -1.057640 2.563364 0.000000
-0.069366 -1.046275 2.544363 0.000000
-0.249850 0.546296 2.571875 0.971154
-0.415534 0.258102 2.604484 1.000000
-0.052328 0.303462 2.686024 1.000000
-0.215901 0.327840 2.538768 0.000000
-0.236396 0.158845 2.724068 0.000000
-0.356846 -0.066288 2.571708 0.586538
-0.029412 -0.049749 2.645257 1.000000
-0.213341 -0.076866 2.702703 0.000000
-0.409924 -0.025872 2.544111 1.000000
0.029958 0.030680 2.742028 1.000000
-0.382110 -0.295965 2.396730 1.000000
0.033305 -0.268180 2.663817 1.000000
-0.415027 -0.359816 2.400305 1.000000
0.001073 -0.331866 2.654958 0.677885
-0.288898 -0.598993 2.598244 1.000000
-0.078843 -0.591864 2.605206 1.000000
-0.276777 -1.005522 2.728305 1.000000
-0.102980 -1.004130 2.713756 1.000000
-0.251773 -1.058547 2.560236 0.000000
-0.056443 -1.050420 2.548300 0.000000
-0.242829 0.558940 2.587976 0.769231
-0.406205 0.281242 2.594220 1.000000
-0.052123 0.309135 2.714525 1.000000
-0.200851 0.355318 2.557102 0.000000
-0.239777 0.164131 2.715996 0.000000
-0.336927 -0.050806 2.545466 1.000000
-0.018078 -0.047598 2.651394 1.000000
-0.207859 -0.065866 2.690311 0.000000
-0.401172 0.063000 2.403467 1.000000
0.031359 0.036617 2.767499 1.000000
-0.374857 -0.063362 2.123336 1.000000
0.065499 -0.246386 2.649697 1.000000
-0.368930 -0.092781 2.057970 0.000000
0.053245 -0.314066 2.628660 0.375000
-0.283332 -0.585584 2.610468 1.000000
-0.081963 -0.587157 2.622291 1.000000
-0.284993 -0.995143 2.731247 1.000000
-0.099021 -1.002599 2.719485 1.000000
-0.238697 -1.043932 2.566443 0.000000
-0.040269 -1.043159 2.556430 0.000000
-0.248280 0.569454 2.620819 0.403846
-0.410004 0.261727 2.565492 0.000000
-0.070572 0.318789 2.714336 1.000000
-0.208384 0.350729 2.543975 0.000000
-0.246237 0.159835 2.703481 0.000000
-0.326067 -0.047428 2.521413 1.000000
-0.016233 -0.050522 2.651371 1.000000
-0.208768 -0.064798 2.675699 0.000000
-0.365610 0.172260 2.294251 0.000000
0.027417 0.058042 2.791514 1.000000
-0.331680 0.221338 1.992566 1.000000
0.100579 -0.199936 2.640956 1.000000
-0.337399 0.273057 1.942910 0.139423
0.116256 -0.265919 2.617002 0.307692
-0.283892 -0.581576 2.610662 1.000000
-0.078738 -0.587212 2.638274 1.000000
-0.288461 -0.988653 2.739491 1.000000
-0.097038 -1.006754 2.715596 1.000000
-0.229939 -1.039971 2.579411 0.000000
-0.025624 -1.039314 2.555834 0.000000
-0.237831 0.581876 2.628841 0.706731
-0.391382 0.261013 2.525989 0.721154
-0.078053 0.312025 2.725608 1.000000
-0.187220 0.346175 2.535999 0.000000
-0.252887 0.156367 2.687577 0.000000
-0.304906 -0.049084 2.487180 1.000000
-0.019064 -0.056270 2.663641 1.000000
-0.213356 -0.065488 2.658104 0.000000
-0.383845 0.237298 2.240249 1.000000
0.019256 0.053031 2.801235 1.000000
-0.308343 0.452773 2.037780 1.000000
0.162724 -0.150405 2.624729 1.000000
-0.324101 0.517857 2.011529 0.997596
0.167763 -0.218171 2.601156 0.038462
-0.280104 -0.581254 2.607924 1.000000
-0.085296 -0.591287 2.650824 1.000000
-0.290441 -0.987137 2.740139 1.000000
-0.097022 -1.012015 2.722795 1.000000
-0.206966 -1.037749 2.591296 0.000000
-0.002950 -1.040038 2.574306 0.000000
-0.238952 0.582555 2.617475 0.971154
-0.367762 0.276405 2.513880 0.865385
-0.074114 0.289978 2.741318 1.000000
-0.164185 0.348593 2.547704 0.000000
-0.251928 0.148749 2.672918 0.000000
-0.292631 -0.048680 2.460140 1.000000
-0.024725 -0.066719 2.662123 1.000000
-0.217910 -0.067728 2.638799 0.000000
-0.369407 0.355263 2.239605 1.000000
0.017538 0.032049 2.822072 1.000000
-0.272795 0.623633 2.135481 1.000000
0.269679 0.010630 2.654249 1.000000
-0.301335 0.684758 2.160431 0.862981
0.329757 0.002644 2.615518 0.000000
-0.279679 -0.581626 2.600101 1.000000
-0.084996 -0.596135 2.657759 1.000000
-0.295494 -0.988333 2.729205 1.000000
-0.090864 -1.017775 2.724949 1.000000
-0.196416 -1.036561 2.589414 0.000000
0.016550 -1.041567 2.585020 0.000000
-0.239943 0.576611 2.615699 0.788462
-0.360442 0.263900 2.505530 0.875000
-0.082443 0.289219 2.746223 1.000000
-0.163885 0.343126 2.547485 0.000000
-0.251406 0.141393 2.669793 0.000000
-0.287139 -0.050433 2.446649 1.000000
-0.028983 -0.073543 2.660464 1.000000
-0.220901 -0.071632 2.628386 0.000000
-0.357927 0.372655 2.242591 1.000000
0.020443 0.042881 2.844726 1.000000
-0.253004 0.649029 2.177277 1.000000
0.273646 0.144059 2.713163 1.000000
-0.261204 0.719793 2.187205 1.000000
0.339453 0.168731 2.697864 0.290865
-0.282162 -0.584063 2.590076 1.000000
-0.083621 -0.601522 2.647691 1.000000
-0.296990 -0.988912 2.725008 1.000000
-0.094974 -1.022538 2.718013 1.000000
-0.191876 -1.037783 2.589928 0.000000
0.019425 -1.048000 2.584041 0.000000
-0.238681 0.567474 2.617100 1.000000
-0.369289 0.250596 2.491204 1.000000
-0.135423 0.346884 2.756511 1.000000
-0.199597 0.369588 2.545794 0.000000
-0.262160 0.163415 2.675771 0.000000
-0.280951 -0.026993 2.430774 1.000000
-0.041559 -0.037144 2.666326 1.000000
-0.229893 -0.043602 2.617810 0.000000
-0.340182 0.371067 2.239187 1.000000
0.008714 0.119414 2.836227 1.000000
-0.234061 0.647531 2.199335 1.000000
0.272800 0.248946 2.783667 1.000000
-0.235854 0.713662 2.227564 1.000000
0.290417 0.318648 2.781551 0.778846
-0.280081 -0.558305 2.571604 1.000000
-0.082292 -0.571399 2.623096 1.000000
-0.292867 -0.959958 2.715967 1.000000
-0.088678 -0.987805 2.717409 1.000000
-0.179501 -1.009557 2.588013 0.000000
0.035847 -1.017715 2.593785 0.000000
-0.239446 0.574254 2.599261 1.000000
-0.400451 0.272084 2.490784 0.326923
-0.140821 0.321944 2.753950 1.000000
-0.215128 0.373262 2.551762 0.000000
-0.285084 0.157941 2.661573 0.000000
-0.289295 -0.019239 2.440814 1.000000
-0.041871 -0.036685 2.667470 1.000000
-0.231162 -0.049084 2.624103 0.000000
-0.322389 0.333133 2.228622 1.000000
0.076406 0.190899 2.873067 1.000000
-0.210465 0.606734 2.189479 1.000000
0.202529 0.458039 2.832500 1.000000
-0.211666 0.672246 2.219145 1.000000
0.193174 0.529334 2.830829 0.661058
-0.279923 -0.556383 2.538994 1.000000
-0.074625 -0.568812 2.585371 1.000000
-0.289897 -0.954497 2.693056 1.000000
-0.084326 -0.978594 2.705010 1.000000
-0.189513 -1.009727 2.556833 0.000000
0.031187 -1.019062 2.575770 0.000000
-0.237195 0.571646 2.584094 0.423077
-0.408977 0.259491 2.508966 0.000000
-0.121977 0.297560 2.747308 1.000000
-0.213952 0.354211 2.554005 0.000000
-0.279715 0.139476 2.667491 0.000000
-0.298957 -0.035700 2.452635 1.000000
-0.031999 -0.057169 2.655535 1.000000
-0.224264 -0.070852 2.628846 0.000000
-0.326754 0.289008 2.246107 1.000000
0.111991 0.254390 2.889160 1.000000
-0.209341 0.547810 2.168077 1.000000
0.112835 0.543337 2.831172 1.000000
-0.200697 0.618426 2.178662 1.000000
0.081020 0.607008 2.841519 0.812500
-0.278156 -0.575652 2.523474 1.000000
-0.068895 -0.587484 2.576623 1.000000
-0.292426 -0.965192 2.697784 1.000000
-0.092410 -0.994807 2.702574 1.000000
-0.213493 -1.032757 2.553256 0.000000
0.012131 -1.042841 2.566751 0.000000
-0.238252 0.554507 2.599211 0.230769
-0.406947 0.251613 2.525378 0.000000
-0.111633 0.291297 2.753062 1.000000
-0.211380 0.348149 2.563712 0.000000
-0.270576 0.132019 2.678162 0.000000
-0.298932 -0.037902 2.460570 1.000000
-0.023763 -0.063527 2.651675 1.000000
-0.216849 -0.078033 2.632375 0.000000
-0.334862 0.239315 2.258229 1.000000
0.137705 0.322665 2.869523 1.000000
-0.215492 0.477330 2.131972 1.000000
0.027648 0.590446 2.814547 1.000000
-0.204890 0.548419 2.129277 1.000000
-0.022049 0.640318 2.829253 0.846154
-0.273320 -0.579399 2.511596 1.000000
-0.060469 -0.591650 2.564316 1.000000
-0.292583 -0.964657 2.694719 1.000000
-0.088938 -0.995016 2.701485 1.000000
-0.224805 -1.038067 2.547406 0.000000
0.008875 -1.049037 2.562926 0.000000
-0.233663 0.541085 2.602777 0.115385
-0.417783 0.240947 2.548267 0.346154
-0.110125 0.267850 2.748478 0.000000
-0.218791 0.334456 2.574602 0.000000
-0.270438 0.113641 2.683638 0.000000
-0.297325 -0.047141 2.467811 1.000000
-0.009142 -0.065288 2.639618 1.000000
-0.202485 -0.086309 2.633149 0.000000
-0.361254 0.158565 2.289965 1.000000
0.117054 0.419768 2.793344 1.000000
-0.248573 0.340090 2.087044 1.000000
-0.079764 0.638954 2.800107 1.000000
-0.231756 0.402313 2.055125 1.000000
-0.142091 0.672579 2.787539 0.223558
-0.263688 -0.586361 2.506248 1.000000
-0.045131 -0.595142 2.560012 1.000000
-0.292183 -0.969336 2.692923 1.000000
-0.086776 -0.998924 2.692507 1.000000
-0.234407 -1.046559 2.543314 0.000000
0.004961 -1.054942 2.550625 0.000000
-0.231820 0.527165 2.617652 0.115385
-0.431268 0.228758 2.531054 1.000000
-0.111510 0.278867 2.700060 0.000000
-0.229646 0.320253 2.527544 0.000000
-0.275731 0.120803 2.673870 0.000000
-0.299860 -0.059209 2.475935 1.000000
0.000173 -0.055611 2.627140 1.000000
-0.191541 -0.087998 2.635006 0.000000
-0.370309 0.096072 2.295741 0.784615
0.089848 0.467891 2.720524 1.000000
-0.269063 0.236317 2.057211 1.000000
-0.123349 0.664996 2.770647 1.000000
-0.256593 0.290565 2.011659 1.000000
-0.158541 0.681148 2.831260 0.593750
-0.258238 -0.591584 2.520225 1.000000
-0.038541 -0.592509 2.570662 1.000000
-0.294651 -0.978086 2.698043 1.000000
-0.082730 -0.997600 2.698244 1.000000
-0.240296 -1.053129 2.546062 0.000000
0.000622 -1.053047 2.551064 0.000000
-0.251699 0.529213 2.584769 1.000000
-0.444631 0.204369 2.538214 1.000000
-0.125434 0.306119 2.686951 0.000000
-0.258590 0.323057 2.519852 0.000000
-0.267857 0.125229 2.675073 0.000000
-0.288749 -0.050076 2.512650 1.000000
0.022571 -0.048347 2.639036 1.000000
-0.167566 -0.083281 2.661235 0.000000
-0.373584 0.034775 2.331147 0.538462
0.054679 0.506547 2.623118 1.000000
-0.281668 0.139315 2.071474 1.000000
-0.137968 0.714692 2.702933 1.000000
-0.281783 0.182426 2.013900 1.000000
-0.186396 0.747328 2.744920 0.156250
-0.263617 -0.579294 2.534945 1.000000
-0.038773 -0.585212 2.586204 1.000000
-0.296585 -0.970098 2.703806 1.000000
-0.078957 -0.995061 2.699070 1.000000
-0.259341 -1.041776 2.545189 0.000000
-0.010295 -1.044886 2.542587 0.000000
-0.284081 0.541333 2.572406 1.000000
-0.455749 0.197337 2.567976 1.000000
-0.118879 0.308855 2.642909 1.000000
-0.281540 0.320591 2.508862 0.000000
-0.251526 0.125264 2.664624 0.000000
-0.290444 -0.055084 2.544006 1.000000
0.040335 -0.040292 2.601126 1.000000
-0.140123 -0.072722 2.666308 0.000000
-0.392863 -0.000007 2.391824 0.000000
-0.054763 0.522981 2.488093 1.000000
-0.305596 0.041460 2.119150 0.173077
-0.154253 0.789375 2.434969 1.000000
-0.309506 0.088405 2.064798 1.000000
-0.161261 0.857139 2.458039 0.341346
-0.278424 -0.577447 2.582013 1.000000
-0.039476 -0.581104 2.614377 1.000000
-0.303605 -0.980389 2.721055 1.000000
-0.079509 -0.996598 2.704324 1.000000
-0.292463 -1.038960 2.553337 0.000000
-0.045324 -1.036699 2.534302 0.000000
-0.303492 0.544818 2.577419 1.000000
-0.453677 0.204683 2.600662 1.000000
-0.107941 0.309073 2.621161 1.000000
-0.286615 0.318785 2.510628 0.000000
-0.239674 0.131607 2.672109 0.000000
-0.294362 -0.056252 2.570513 1.000000
0.041192 -0.042333 2.580810 1.000000
-0.128918 -0.064755 2.672598 0.000000
-0.399254 0.016551 2.411365 0.000000
-0.096612 0.515974 2.444376 1.000000
-0.310614 0.046056 2.137043 0.653846
-0.174972 0.696536 2.231685 1.000000
-0.288297 0.054939 2.069246 0.000000
-0.203896 0.741907 2.183955 1.000000
-0.285938 -0.578460 2.612314 1.000000
-0.036623 -0.582260 2.629389 1.000000
-0.295356 -0.993291 2.713087 1.000000
-0.085680 -1.002723 2.685365 1.000000
-0.304073 -1.035073 2.540280 0.000000
-0.074760 -1.027420 2.509425 0.000000
-0.289703 0.548283 2.572165 1.000000
-0.437848 0.294843 2.639554 1.000000
-0.077466 0.336071 2.590958 1.000000
-0.272568 0.357004 2.505937 0.000000
-0.228753 0.198402 2.696307 0.000000
-0.299219 -0.029809 2.601208 0.798077
0.034305 -0.016225 2.562828 1.000000
-0.120923 -0.031824 2.679129 0.000000
-0.382924 0.042568 2.551437 1.000000
-0.095064 0.441452 2.339942 0.353846
-0.324945 0.008186 2.269120 0.009615
-0.199762 0.470623 2.070806 1.000000
-0.327862 0.008030 2.197253 0.644231
-0.218075 0.442870 2.007028 1.000000
-0.282945 -0.554304 2.630824 1.000000
-0.036001 -0.555224 2.636255 1.000000
-0.294781 -0.976508 2.693532 1.000000
-0.082796 -0.978721 2.664355 1.000000
-0.323516 -1.001528 2.519657 0.000000
-0.097436 -0.988855 2.487248 0.000000
-0.307950 0.594356 2.541167 0.884615
-0.408005 0.344915 2.670389 1.000000
-0.049827 0.395827 2.571692 1.000000
-0.263672 0.412642 2.516715 0.000000
-0.191321 0.252125 2.696477 0.000000
-0.308253 0.003841 2.633472 0.528846
0.015886 0.020057 2.546484 1.000000
-0.121050 0.017781 2.684718 0.000000
-0.402345 0.073071 2.642028 1.000000
-0.079382 0.264127 2.333960 1.000000
-0.335516 -0.061129 2.392783 0.557692
-0.211466 0.101802 2.131963 1.000000
-0.325550 -0.089921 2.327630 0.745192
-0.238090 0.037910 2.112410 1.000000
-0.281672 -0.520719 2.641777 1.000000
-0.049433 -0.520344 2.627353 1.000000
-0.298919 -0.942317 2.707252 1.000000
-0.082107 -0.942600 2.681770 1.000000
-0.353529 -0.966132 2.539518 0.000000
-0.126153 -0.961287 2.510321 0.000000
-0.336860 0.608260 2.501791 1.000000
-0.422274 0.315334 2.698046 1.000000
-0.077881 0.390722 2.570236 1.000000
-0.296322 0.394755 2.534146 0.000000
-0.198788 0.236165 2.703414 0.000000
-0.313462 -0.003960 2.656455 0.644231
0.001859 0.020427 2.542993 1.000000
-0.122900 0.012733 2.692128 0.000000
-0.408696 0.039633 2.704862 1.000000
-0.065844 0.186674 2.384599 1.000000
-0.358098 -0.134277 2.473563 1.000000
-0.189755 -0.007007 2.201739 1.000000
-0.344415 -0.175928 2.416543 0.812500
-0.222137 -0.067727 2.180815 1.000000
-0.285559 -0.526206 2.654806 1.000000
-0.060520 -0.522211 2.633948 1.000000
-0.296863 -0.947234 2.725071 1.000000
-0.085526 -0.942822 2.703158 1.000000
-0.366118 -0.972415 2.563041 0.000000
-0.150672 -0.965940 2.539129 0.000000
-0.324615 0.603299 2.527168 1.000000
-0.418361 0.301082 2.710962 1.000000
-0.074101 0.366839 2.577598 1.000000
-0.292929 0.379084 2.545985 0.000000
-0.197716 0.214146 2.710438 0.000000
-0.317871 -0.019714 2.658378 0.182692
-0.004922 0.006090 2.538823 1.000000
-0.126469 -0.005296 2.690356 0.000000
-0.410259 0.022059 2.737035 1.000000
-0.044993 0.136247 2.420821 1.000000
-0.360801 -0.216173 2.564490 1.000000
-0.160701 -0.085247 2.257957 1.000000
-0.387094 -0.247059 2.505092 0.593750
-0.196316 -0.145143 2.240141 1.000000
-0.283464 -0.542476 2.668119 1.000000
-0.064444 -0.536415 2.637034 1.000000
-0.291496 -0.962656 2.743711 1.000000
-0.087157 -0.953809 2.724183 1.000000
-0.361893 -0.990299 2.582577 0.000000
-0.152951 -0.984175 2.561600 0.000000
-0.313699 0.583249 2.540305 1.000000
-0.404895 0.277358 2.732463 1.000000
-0.065616 0.338607 2.584937 1.000000
-0.285284 0.357235 2.564094 0.000000
-0.186867 0.185034 2.718938 0.000000
-0.323447 -0.045201 2.667248 0.173077
-0.015959 -0.021682 2.533854 1.000000
-0.130488 -0.035722 2.690541 0.000000
-0.412418 -0.007054 2.746249 1.000000
-0.008218 0.081129 2.477477 1.000000
-0.398249 -0.294302 2.650681 1.000000
-0.098001 -0.171687 2.336522 1.000000
-0.397055 -0.364125 2.633457 1.000000
-0.138210 -0.227765 2.316228 1.000000
-0.285900 -0.569898 2.674086 1.000000
-0.083277 -0.560480 2.658275 1.000000
-0.268561 -0.990006 2.748502 1.000000
-0.100271 -0.981504 2.727404 1.000000
-0.347672 -1.020978 2.592086 0.000000
-0.178682 -1.004309 2.569241 0.000000
-0.284772 0.576085 2.581083 1.000000
-0.396143 0.281859 2.730124 1.000000
-0.053201 0.334999 2.588025 1.000000
-0.271921 0.360316 2.564448 0.000000
-0.180729 0.183365 2.718356 0.000000
-0.344692 -0.059075 2.663539 0.211538
-0.030417 -0.021453 2.550793 0.788462
-0.153717 -0.047550 2.699053 0.000000
-0.416700 -0.003977 2.738623 1.000000
0.014681 0.064519 2.521472 1.000000
-0.427116 -0.308295 2.720525 1.000000
-0.046132 -0.215586 2.417124 1.000000
-0.428208 -0.377786 2.739050 0.846154
-0.085960 -0.274868 2.408602 0.745192
-0.291718 -0.579932 2.682713 1.000000
-0.088333 -0.564324 2.661726 1.000000
-0.281440 -1.000452 2.756109 1.000000
-0.104303 -0.986365 2.724621 1.000000
-0.345565 -1.030521 2.592807 0.000000
-0.170027 -1.008312 2.560662 0.000000
-0.267765 0.585258 2.596884 1.000000
-0.392230 0.293260 2.724078 1.000000
-0.039758 0.336466 2.603573 1.000000
-0.255497 0.372374 2.568900 0.000000
-0.180854 0.185797 2.720335 0.000000
-0.359723 -0.046562 2.658072 0.076923
-0.039123 -0.024387 2.559989 1.000000
-0.170167 -0.047030 2.702046 0.000000
-0.426882 0.008475 2.741749 1.000000
0.038975 0.061566 2.574482 1.000000
-0.429621 -0.292089 2.798073 1.000000
-0.009217 -0.232142 2.504255 1.000000
-0.434060 -0.363586 2.791609 0.593750
-0.037855 -0.297842 2.498196 0.610577
-0.295525 -0.572661 2.692404 1.000000
-0.091910 -0.562624 2.662368 1.000000
-0.276685 -0.993773 2.760513 1.000000
-0.101088 -0.983436 2.734212 1.000000
-0.330818 -1.023204 2.593518 0.000000
-0.149446 -1.011240 2.565179 0.000000
-0.251722 0.594266 2.615151 1.000000
-0.389043 0.307282 2.714429 1.000000
-0.027031 0.332415 2.619875 1.000000
-0.237536 0.379872 2.570168 0.000000
-0.183867 0.188806 2.724858 0.000000
-0.362796 -0.029413 2.643969 0.125000
-0.034768 -0.027656 2.571235 1.000000
-0.177662 -0.042128 2.702525 0.000000
-0.429065 0.028768 2.765986 1.000000
0.056641 0.059891 2.643525 1.000000
-0.432381 -0.270901 2.819066 1.000000
0.008600 -0.238938 2.611539 1.000000
-0.448286 -0.337123 2.842196 0.358173
-0.014888 -0.306835 2.608118 0.846154
-0.294094 -0.561466 2.693189 1.000000
-0.093312 -0.559206 2.668554 1.000000
-0.282906 -0.984571 2.749641 1.000000
-0.103841 -0.980122 2.739604 1.000000
-0.322540 -1.008550 2.577774 0.000000
-0.139720 -1.008268 2.567544 0.000000
-0.222018 0.597144 2.619746 0.932692
-0.386849 0.311476 2.708731 1.000000
-0.019481 0.329490 2.635645 1.000000
-0.225539 0.383647 2.575294 0.000000
-0.185596 0.187461 2.727710 0.000000
-0.367002 -0.027436 2.639707 0.115385
-0.036548 -0.026140 2.578925 0.913462
-0.184166 -0.041894 2.704726 0.000000
-0.424157 0.036093 2.772680 1.000000
0.048823 0.054094 2.664086 1.000000
-0.437323 -0.264575 2.811085 1.000000
0.009539 -0.245451 2.636167 1.000000
-0.445137 -0.335994 2.807664 0.358173
-0.013858 -0.313180 2.629946 0.913462
-0.293735 -0.559562 2.692730 1.000000
-0.092673 -0.557028 2.671778 1.000000
-0.287815 -0.982338 2.752346 1.000000
-0.109747 -0.978791 2.736228 1.000000
-0.320419 -1.007219 2.579135 0.000000
-0.138674 -1.004177 2.562438 0.000000
-0.209730 0.597198 2.613272 1.000000
-0.384235 0.316666 2.694470 1.000000
-0.012000 0.334747 2.652760 1.000000
-0.212248 0.387395 2.574249 0.000000
-0.185114 0.193555 2.732379 0.000000
-0.367663 -0.023950 2.639002 0.163462
-0.035338 -0.022494 2.589465 0.990385
-0.187171 -0.040297 2.709860 0.000000
-0.424653 0.042020 2.757047 1.000000
0.041814 0.057030 2.683708 1.000000
-0.439075 -0.256998 2.802305 1.000000
0.011052 -0.242752 2.654511 1.000000
-0.435008 -0.325977 2.782339 0.391827
-0.004469 -0.312096 2.643386 1.000000
-0.294107 -0.555853 2.693680 1.000000
-0.095422 -0.554667 2.671073 1.000000
-0.285723 -0.979609 2.745547 1.000000
-0.107939 -0.976751 2.734457 1.000000
-0.312521 -1.001510 2.570944 0.000000
-0.131573 -1.002265 2.559888 0.000000
-0.210598 0.601465 2.613905 1.000000
