-0.357375 0.347217 2.587573 1.000000
-0.025718 0.342266 2.601827 1.000000
-0.186546 0.393453 2.495277 0.000000
-0.196972 0.205666 2.672627 0.000000
-0.375040 -0.014695 2.551203 0.471154
0.006535 -0.021007 2.568063 0.701923
-0.189078 -0.012956 2.670669 0.000000
-0.414904 0.062863 2.581245 1.000000
0.045936 0.061894 2.623371 1.000000
-0.408488 -0.234116 2.542052 1.000000
0.039600 -0.232131 2.566075 1.000000
-0.389876 -0.293888 2.538676 0.745192
0.031744 -0.294292 2.563879 0.778846
-0.281034 -0.561753 2.615964 1.000000
-0.069824 -0.563826 2.613851 1.000000
-0.315476 -0.999119 2.669708 1.000000
-0.071058 -1.002245 2.669989 1.000000
-0.309052 -1.017819 2.521648 0.000000
-0.062998 -1.021212 2.522042 0.000000
-0.174624 0.654891 2.524363 1.000000
-0.360442 0.348515 2.578135 1.000000
-0.029995 0.343977 2.609884 1.000000
-0.185047 0.395302 2.495152 0.000000
-0.204537 0.206900 2.671080 0.000000
-0.374020 -0.017602 2.549754 0.653846
0.007409 -0.017241 2.570628 0.548077
-0.189378 -0.009907 2.671019 0.000000
-0.413980 0.062601 2.574496 1.000000
0.043554 0.063777 2.636443 1.000000
-0.408810 -0.234560 2.531022 1.000000
0.045611 -0.231523 2.581535 1.000000
-0.383027 -0.291444 2.525547 0.745192
0.026384 -0.288347 2.563316 0.711538
-0.278149 -0.562690 2.616848 1.000000
-0.066402 -0.561813 2.617957 1.000000
-0.320871 -0.999056 2.672740 1.000000
-0.070295 -1.000375 2.672843 1.000000
-0.312361 -1.018822 2.524923 0.000000
-0.060213 -1.018971 2.524973 0.000000
-0.183656 0.656945 2.521359 0.966346
-0.359843 0.343083 2.557739 1.000000
-0.035721 0.336241 2.629306 1.000000
-0.175403 0.389107 2.496894 0.000000
-0.217206 0.200026 2.668144 0.000000
-0.367423 -0.025771 2.531355 1.000000
0.009551 -0.016563 2.592426 0.471154
-0.196895 -0.010915 2.671200 0.000000
-0.404471 0.055629 2.538620 1.000000
0.037226 0.054639 2.648430 1.000000
-0.405138 -0.238511 2.474688 1.000000
0.053970 -0.242760 2.605071 1.000000
-0.377488 -0.293767 2.485304 0.778846
0.036958 -0.302551 2.596938 0.711538
-0.275504 -0.567984 2.611516 1.000000
-0.060916 -0.563858 2.626276 1.000000
-0.315158 -1.004459 2.668797 1.000000
-0.071485 -1.004077 2.664475 1.000000
-0.290951 -1.025799 2.522950 0.000000
-0.045113 -1.017416 2.518052 0.000000
-0.187914 0.654087 2.527752 1.000000
-0.357544 0.344084 2.543546 1.000000
-0.037267 0.330962 2.629999 1.000000
-0.169263 0.382082 2.489278 0.000000
-0.224406 0.201858 2.666208 0.000000
-0.358049 -0.030662 2.512343 0.884615
0.010420 -0.014963 2.611882 0.365385
-0.203118 -0.012019 2.668887 0.000000
-0.388611 0.060528 2.484839 1.000000
0.035517 0.051214 2.665479 1.000000
-0.395367 -0.218500 2.372943 1.000000
0.076670 -0.242927 2.618456 1.000000
-0.369016 -0.275292 2.369657 0.778846
0.070252 -0.305284 2.619353 0.391827
-0.274617 -0.569806 2.610333 1.000000
-0.059769 -0.564787 2.630066 1.000000
-0.318036 -1.006095 2.666289 1.000000
-0.074280 -1.004943 2.667688 1.000000
-0.278568 -1.028280 2.523941 0.000000
-0.032552 -1.018523 2.524904 0.000000
-0.185488 0.657453 2.525257 1.000000
-0.354047 0.343072 2.531580 1.000000
-0.039840 0.333477 2.638376 1.000000
-0.162847 0.380805 2.488483 0.000000
-0.228428 0.204269 2.665570 0.000000
-0.350829 -0.032220 2.503943 0.875000
0.013572 -0.015606 2.617345 0.605769
-0.201955 -0.014659 2.666379 0.000000
-0.369395 0.077860 2.412389 1.000000
0.036545 0.057250 2.689792 1.000000
-0.367099 -0.168372 2.239909 1.000000
0.106513 -0.230289 2.636775 1.000000
-0.356174 -0.229522 2.231439 0.694712
0.108037 -0.291903 2.625294 0.526442
-0.273569 -0.570348 2.608707 1.000000
-0.062718 -0.566270 2.632256 1.000000
-0.316290 -1.006887 2.663222 1.000000
-0.068749 -1.006929 2.666125 1.000000
-0.271344 -1.028863 2.522475 0.000000
-0.022863 -1.018447 2.524440 0.000000
-0.185295 0.661955 2.527351 1.000000
-0.341528 0.351633 2.517400 1.000000
-0.044082 0.330648 2.663378 1.000000
-0.145227 0.382985 2.499460 0.000000
-0.238820 0.207871 2.664992 0.000000
-0.335067 -0.024406 2.479208 1.000000
0.008130 -0.017869 2.646830 0.721154
-0.212298 -0.020686 2.662977 0.000000
-0.326507 0.154778 2.304592 1.000000
0.039091 0.059297 2.724334 1.000000
-0.303569 -0.013498 2.057624 1.000000
0.149497 -0.216211 2.682590 1.000000
-0.286929 -0.059245 2.018116 1.000000
0.157439 -0.266554 2.646081 0.391827
-0.273679 -0.563999 2.600476 1.000000
-0.066110 -0.566616 2.633125 1.000000
-0.317853 -1.000260 2.656054 1.000000
-0.067519 -1.007808 2.659802 1.000000
-0.252566 -1.023724 2.523767 0.000000
-0.001187 -1.016097 2.526219 0.000000
-0.181277 0.665138 2.532027 1.000000
-0.347461 0.339211 2.504915 1.000000
-0.054079 0.322502 2.659420 1.000000
-0.150606 0.369120 2.491051 0.000000
-0.249383 0.200619 2.660391 0.000000
-0.331537 -0.030783 2.471133 1.000000
0.007141 -0.019597 2.647474 0.750000
-0.213555 -0.025935 2.657985 0.000000
-0.298455 0.231712 2.241177 0.553846
0.041252 0.061863 2.740007 1.000000
-0.266307 0.135592 1.960527 0.230769
0.163963 -0.208532 2.710584 1.000000
-0.238313 0.094742 1.922082 0.778846
0.212029 -0.246298 2.696663 0.324519
-0.273490 -0.568570 2.594772 1.000000
-0.064634 -0.569727 2.631074 1.000000
-0.319429 -1.003974 2.655412 1.000000
-0.068447 -1.010700 2.660956 1.000000
-0.250658 -1.029356 2.525262 0.000000
0.001471 -1.020226 2.529298 0.000000
-0.185155 0.661924 2.540819 1.000000
-0.329071 0.303994 2.452007 0.000000
-0.074002 0.324208 2.663560 0.000000
-0.134748 0.343673 2.474431 0.000000
-0.261096 0.191925 2.641268 0.000000
-0.315500 -0.046180 2.439845 1.000000
-0.011748 -0.020876 2.670103 0.990385
-0.230667 -0.036216 2.643711 0.000000
-0.321023 0.224091 2.175707 1.000000
0.033586 0.075140 2.759377 1.000000
-0.210322 0.278960 1.905523 1.000000
0.174382 -0.186456 2.756447 1.000000
-0.194943 0.316010 1.857343 1.000000
0.215182 -0.232189 2.743241 0.560096
-0.274380 -0.577279 2.587136 1.000000
-0.066066 -0.575589 2.627516 1.000000
-0.316089 -1.012591 2.651387 1.000000
-0.066470 -1.016655 2.656234 1.000000
-0.225599 -1.038385 2.535373 0.000000
0.024584 -1.024432 2.538074 0.000000
-0.188079 0.649908 2.540950 1.000000
-0.324527 0.285007 2.437614 0.413462
-0.093301 0.325834 2.663505 1.000000
-0.141892 0.343110 2.470686 0.000000
-0.263550 0.175600 2.625493 0.000000
-0.289732 -0.064414 2.409307 1.000000
-0.016210 -0.025054 2.673050 0.932692
-0.229951 -0.047598 2.621440 0.000000
-0.264224 0.341816 2.159377 1.000000
0.021714 0.083301 2.774090 1.000000
-0.150900 0.514790 1.942374 1.000000
0.197289 -0.155108 2.820853 1.000000
-0.123422 0.557956 1.906152 1.000000
0.255460 -0.171008 2.803711 0.778846
-0.275786 -0.585623 2.581295 1.000000
-0.062022 -0.583762 2.625362 1.000000
-0.313326 -1.021142 2.646698 1.000000
-0.068070 -1.024754 2.654582 1.000000
-0.208620 -1.045734 2.543041 0.000000
0.034944 -1.033312 2.546750 0.000000
-0.190139 0.634688 2.521690 0.278846
-0.311939 0.284553 2.424202 0.432692
-0.106021 0.328570 2.669845 1.000000
-0.135484 0.344370 2.473068 0.000000
-0.270227 0.176419 2.616116 0.000000
-0.279184 -0.068610 2.387630 1.000000
-0.033646 -0.024684 2.676949 0.673077
-0.240754 -0.051822 2.604652 0.000000
-0.255385 0.381654 2.158289 1.000000
0.010307 0.086190 2.774995 1.000000
-0.129760 0.596474 1.994223 1.000000
0.230008 -0.095269 2.862461 1.000000
-0.099050 0.647468 1.974552 1.000000
0.289111 -0.086759 2.881564 0.745192
-0.272104 -0.587169 2.572612 1.000000
-0.058217 -0.583751 2.621897 1.000000
-0.312529 -1.021635 2.643101 1.000000
-0.069498 -1.024226 2.656806 1.000000
-0.197966 -1.047280 2.550739 0.000000
0.044251 -1.034767 2.560562 0.000000
-0.199522 0.633784 2.513635 0.230769
-0.309775 0.282280 2.410728 0.711538
-0.131018 0.339815 2.671312 1.000000
-0.142910 0.351010 2.472385 0.000000
-0.282193 0.178975 2.605914 0.000000
-0.264928 -0.068702 2.363423 1.000000
-0.049617 -0.021429 2.675401 1.000000
-0.248292 -0.050890 2.583111 0.072115
-0.252965 0.404367 2.158119 1.000000
-0.002678 0.107580 2.778737 1.000000
-0.119180 0.630184 2.022214 1.000000
0.245591 0.003244 2.900550 1.000000
-0.082265 0.678890 2.008230 1.000000
0.299255 0.024449 2.925064 0.543269
-0.273659 -0.583151 2.563907 1.000000
-0.060554 -0.580763 2.618467 1.000000
-0.307667 -1.015861 2.647387 1.000000
-0.070725 -1.021290 2.653058 1.000000
-0.184657 -1.041134 2.566501 0.000000
0.051847 -1.030782 2.568212 0.000000
-0.208815 0.634041 2.505890 0.293269
-0.304832 0.276842 2.393310 0.384615
-0.137098 0.302357 2.663434 0.721154
-0.139039 0.330969 2.465908 0.000000
-0.292761 0.155889 2.577900 0.360577
-0.269741 -0.095115 2.345624 1.000000
-0.071234 -0.019668 2.663157 1.000000
-0.261844 -0.074415 2.565548 0.894231
-0.260158 0.420809 2.152081 1.000000
0.026327 0.124841 2.814079 1.000000
-0.115293 0.634339 2.011788 1.000000
0.279069 0.214007 2.934220 1.000000
-0.060522 0.654057 1.988510 1.000000
0.294504 0.247263 2.985076 0.240385
-0.280527 -0.595344 2.554411 1.000000
-0.056101 -0.584333 2.605361 1.000000
-0.304629 -1.026610 2.648180 1.000000
-0.074009 -1.023116 2.655493 1.000000
-0.176628 -1.049733 2.574737 0.000000
0.047806 -1.037821 2.570301 0.000000
-0.207423 0.616226 2.511861 0.951923
-0.303315 0.277491 2.382795 0.596154
-0.142311 0.299817 2.659798 1.000000
-0.137392 0.327712 2.462222 0.000000
-0.299030 0.157125 2.569921 0.403846
-0.256504 -0.090819 2.324417 1.000000
-0.065983 -0.024176 2.648739 0.971154
-0.255078 -0.071716 2.544622 0.937500
-0.288850 0.412258 2.133914 1.000000
0.046474 0.166360 2.823696 1.000000
-0.145801 0.606651 1.968472 1.000000
0.253267 0.348550 2.922013 1.000000
-0.105841 0.622346 1.922784 1.000000
0.286613 0.385124 2.960495 0.072115
-0.279621 -0.590477 2.545354 1.000000
-0.061554 -0.587509 2.595706 1.000000
-0.305936 -1.020178 2.645496 1.000000
-0.073118 -1.025701 2.652435 1.000000
-0.176701 -1.044596 2.574681 0.000000
0.053099 -1.039225 2.573700 0.000000
-0.195925 0.621612 2.522969 1.000000
-0.325227 0.300777 2.387134 1.000000
-0.103428 0.289096 2.627386 0.750000
-0.141171 0.342292 2.438748 0.000000
-0.278120 0.157142 2.556177 0.000000
-0.285384 -0.081911 2.337076 1.000000
-0.029604 -0.034278 2.616775 1.000000
-0.238329 -0.068581 2.552634 0.000000
-0.350725 0.390491 2.123796 1.000000
0.085382 0.245108 2.828538 1.000000
-0.224004 0.546287 1.916731 1.000000
0.214435 0.491245 2.905790 1.000000
-0.175343 0.555799 1.878364 1.000000
0.239955 0.546462 2.920967 0.038462
-0.278684 -0.592444 2.536428 1.000000
-0.063104 -0.593358 2.580247 1.000000
-0.304613 -1.019027 2.649201 1.000000
-0.070007 -1.028307 2.658578 1.000000
-0.194880 -1.051112 2.553066 0.000000
0.040663 -1.047787 2.560164 0.000000
-0.194702 0.629000 2.535816 1.000000
-0.341873 0.306785 2.410737 0.000000
-0.074984 0.320651 2.607719 1.000000
-0.157241 0.378518 2.435313 0.000000
-0.235107 0.163553 2.555946 0.000000
-0.300777 -0.048374 2.343717 1.000000
0.004402 -0.026407 2.572424 0.942308
-0.214666 -0.041528 2.547175 0.000000
-0.488210 0.295426 2.181285 1.000000
0.138817 0.330559 2.776191 1.000000
-0.369298 0.379758 1.940774 1.000000
0.157204 0.608097 2.817802 1.000000
-0.339434 0.399434 1.889282 1.000000
0.104304 0.641721 2.816555 0.408654
-0.277444 -0.568931 2.528205 1.000000
-0.065897 -0.578048 2.560923 1.000000
-0.325757 -0.991562 2.648259 1.000000
-0.068531 -1.011917 2.645269 1.000000
-0.238188 -1.033788 2.534850 0.000000
0.021353 -1.035210 2.528260 0.000000
-0.200862 0.645781 2.518275 1.000000
-0.324552 0.316791 2.447006 0.000000
-0.041947 0.368562 2.610867 1.000000
-0.143079 0.399790 2.442870 0.000000
-0.195523 0.198845 2.596807 0.000000
-0.296099 -0.013587 2.365207 1.000000
0.038204 -0.010708 2.550024 1.000000
-0.182716 -0.015927 2.554933 0.000000
-0.500087 0.201281 2.277527 1.000000
0.207497 0.437051 2.688100 1.000000
-0.449185 0.266597 2.011370 0.769231
0.101774 0.690413 2.736335 1.000000
-0.413785 0.276508 1.960585 1.000000
0.067223 0.701664 2.787425 0.408654
-0.275072 -0.541608 2.522803 1.000000
-0.061601 -0.557083 2.548218 1.000000
-0.328442 -0.965708 2.635298 1.000000
-0.068389 -0.990435 2.634960 1.000000
-0.259267 -1.007716 2.509747 0.000000
0.003112 -1.017252 2.506580 0.000000
-0.212396 0.671285 2.493507 1.000000
-0.344154 0.349521 2.446640 1.000000
-0.045487 0.391303 2.561107 1.000000
-0.161636 0.422325 2.411630 0.000000
-0.199762 0.230802 2.581014 0.000000
-0.309946 0.005225 2.382367 1.000000
0.047904 0.009890 2.515954 1.000000
-0.169852 0.003340 2.553326 0.000000
-0.479517 0.123238 2.391888 1.000000
0.169496 0.551061 2.533087 1.000000
-0.470705 0.114305 2.114106 0.000000
0.060316 0.777900 2.651171 1.000000
-0.450697 0.107430 2.055090 1.000000
0.035271 0.828773 2.677915 0.000000
-0.269554 -0.525464 2.519548 1.000000
-0.057178 -0.536455 2.533255 1.000000
-0.331164 -0.949344 2.628606 1.000000
-0.062793 -0.968603 2.625888 1.000000
-0.280797 -0.991206 2.494354 0.000000
-0.011057 -0.998615 2.489010 0.000000
-0.233769 0.699002 2.496608 0.735577
-0.364726 0.348288 2.526719 1.000000
-0.060356 0.412805 2.458929 1.000000
-0.237426 0.430650 2.396912 0.000000
-0.161732 0.244919 2.560007 0.000000
-0.345029 -0.003630 2.504315 1.000000
0.025877 0.029799 2.419251 1.000000
-0.134884 0.015092 2.570238 0.000000
-0.406531 0.083402 2.533703 1.000000
0.021135 0.618021 2.306593 1.000000
-0.461679 -0.092766 2.327203 1.000000
0.025812 0.892345 2.344587 1.000000
-0.462005 -0.112214 2.267603 1.000000
0.026432 0.954337 2.353919 0.000000
-0.267927 -0.538408 2.516852 1.000000
-0.056112 -0.518108 2.540402 1.000000
-0.329159 -0.962966 2.623458 1.000000
-0.056083 -0.951273 2.628335 1.000000
-0.361793 -0.994021 2.481038 0.000000
-0.092171 -0.980112 2.486283 0.000000
-0.227409 0.702290 2.486025 0.562500
-0.354815 0.329436 2.555028 1.000000
-0.076048 0.376967 2.413969 1.000000
-0.260553 0.389287 2.389585 0.081731
-0.148082 0.228168 2.557564 0.000000
-0.327288 0.001029 2.548281 0.000000
0.015834 0.000393 2.380378 1.000000
-0.106874 0.005850 2.564145 0.000000
-0.360774 0.062135 2.582518 1.000000
-0.081307 0.572559 2.229695 1.000000
-0.415176 -0.186954 2.472920 1.000000
-0.071186 0.793022 2.061437 1.000000
-0.426812 -0.225485 2.424853 1.000000
-0.056031 0.850431 2.081560 0.644231
-0.270749 -0.544456 2.530556 1.000000
-0.052348 -0.531902 2.551078 1.000000
-0.326532 -0.972307 2.626452 1.000000
-0.060886 -0.967240 2.627046 1.000000
-0.392043 -0.993478 2.493889 0.000000
-0.125738 -0.989137 2.494277 0.000000
-0.236627 0.679275 2.479430 1.000000
-0.335578 0.352291 2.554617 1.000000
-0.067060 0.362072 2.380266 1.000000
-0.256062 0.380180 2.373680 0.024038
-0.133659 0.241708 2.554425 0.000000
-0.318172 -0.000209 2.579553 0.000000
0.009779 -0.010558 2.383937 1.000000
-0.097158 0.001667 2.576998 0.000000
-0.342519 0.088666 2.608903 0.507692
-0.092898 0.472937 2.136268 1.000000
-0.365461 -0.187423 2.585759 1.000000
-0.171183 0.526261 1.874897 1.000000
-0.372554 -0.245052 2.562114 0.762019
-0.177519 0.526111 1.812525 1.000000
-0.269827 -0.548325 2.552978 1.000000
-0.045616 -0.542627 2.551228 1.000000
-0.319595 -0.981369 2.626190 1.000000
-0.065173 -0.976314 2.634277 1.000000
-0.396626 -0.994047 2.498838 0.000000
-0.139487 -0.997444 2.506434 0.000000
-0.238006 0.685304 2.469580 0.000000
-0.322682 0.345200 2.554395 1.000000
-0.077477 0.377524 2.332914 1.000000
-0.274755 0.376878 2.363245 0.000000
-0.113685 0.253704 2.523591 0.000000
-0.304983 0.002967 2.614265 0.000000
-0.013202 -0.005816 2.367869 1.000000
-0.087973 0.016866 2.574635 0.000000
-0.357285 0.092007 2.641140 0.000000
-0.116272 0.218586 2.118293 1.000000
-0.328805 -0.185055 2.632844 0.000000
-0.250727 0.074154 1.921558 1.000000
-0.322726 -0.247430 2.631130 0.000000
-0.284356 0.022327 1.910902 1.000000
-0.254812 -0.542725 2.594858 1.000000
-0.046718 -0.540322 2.541335 1.000000
-0.317961 -0.979066 2.626211 1.000000
-0.063721 -0.972293 2.633400 1.000000
-0.413630 -0.973453 2.511630 0.000000
-0.158806 -0.992714 2.520021 0.000000
-0.269946 0.680879 2.418929 0.740385
-0.309106 0.341384 2.555266 1.000000
-0.078202 0.358918 2.317358 1.000000
-0.273145 0.362420 2.360066 0.000000
-0.103389 0.245697 2.516221 0.000000
-0.299134 -0.001320 2.635367 0.000000
-0.026410 -0.012025 2.368101 1.000000
-0.085894 0.014386 2.579339 0.000000
-0.362330 0.091949 2.647966 0.000000
-0.121800 0.127650 2.182237 1.000000
-0.330168 -0.186035 2.633706 0.000000
-0.244130 -0.076591 2.034474 1.000000
-0.322801 -0.248207 2.630411 0.000000
-0.264532 -0.135046 2.024611 1.000000
-0.259994 -0.546481 2.606889 1.000000
-0.056852 -0.546483 2.546392 1.000000
-0.311291 -0.984857 2.630543 1.000000
-0.065274 -0.977111 2.645653 1.000000
-0.415554 -0.978418 2.523770 0.000000
-0.171885 -0.998627 2.543261 0.000000
-0.271133 0.657378 2.405257 0.701923
-0.305522 0.329055 2.545875 1.000000
-0.063400 0.341470 2.319057 1.000000
-0.259947 0.350177 2.352703 0.038462
-0.100936 0.227878 2.515749 0.000000
-0.304781 -0.008638 2.638203 0.000000
-0.019013 -0.021714 2.385044 1.000000
-0.089328 0.009448 2.592268 0.000000
-0.366568 0.084639 2.650839 0.000000
-0.114583 0.098074 2.206710 1.000000
-0.332244 -0.194532 2.633719 0.000000
-0.237419 -0.124684 2.085477 1.000000
-0.324614 -0.256643 2.629925 0.000000
-0.264898 -0.180838 2.080776 1.000000
-0.270066 -0.552510 2.616838 1.000000
-0.072965 -0.556382 2.560708 1.000000
-0.315835 -0.991600 2.638518 1.000000
-0.067807 -0.990041 2.646013 1.000000
-0.415125 -0.986755 2.527024 0.000000
-0.170094 -1.012222 2.539438 0.000000
-0.257033 0.642282 2.361806 1.000000
-0.306020 0.329174 2.539219 1.000000
-0.044233 0.334330 2.335099 1.000000
-0.242811 0.347019 2.350739 0.100962
-0.101527 0.223937 2.528827 0.000000
-0.323300 -0.007923 2.633850 0.000000
-0.017009 -0.036837 2.407413 1.000000
-0.104186 0.002481 2.606691 0.000000
-0.371776 0.084833 2.644354 0.000000
-0.084069 0.086243 2.225802 1.000000
-0.344548 -0.196659 2.636340 0.000000
-0.212082 -0.124858 2.087626 1.000000
-0.338500 -0.259028 2.634351 0.000000
-0.249898 -0.173155 2.074675 1.000000
-0.282666 -0.556630 2.628383 1.000000
-0.084504 -0.566695 2.578085 1.000000
-0.309340 -0.997317 2.649529 1.000000
-0.073473 -1.001974 2.654076 1.000000
-0.399155 -0.997608 2.530172 0.000000
-0.162610 -1.024777 2.536401 0.000000
-0.235577 0.638616 2.350398 1.000000
-0.320104 0.337695 2.544603 1.000000
-0.041622 0.343803 2.363953 1.000000
-0.240228 0.363662 2.363539 0.000000
-0.119370 0.224976 2.545157 0.000000
-0.337999 -0.001949 2.621968 0.163462
-0.014334 -0.034225 2.421661 0.817308
-0.117214 0.004266 2.613472 0.000000
-0.368174 0.088572 2.653697 0.661539
-0.048613 0.096631 2.240941 1.000000
-0.393766 -0.195176 2.665945 1.000000
-0.176530 -0.103433 2.083050 1.000000
-0.398297 -0.257668 2.668119 0.004808
-0.217488 -0.142802 2.056537 1.000000
-0.288135 -0.552501 2.630700 1.000000
-0.086459 -0.564295 2.578130 1.000000
-0.319815 -0.993153 2.644348 1.000000
-0.073677 -0.997611 2.664370 1.000000
-0.398799 -0.991401 2.517576 0.000000
-0.152701 -1.024592 2.540514 0.000000
-0.216768 0.645024 2.351394 1.000000
-0.324677 0.334163 2.541668 1.000000
-0.028848 0.346055 2.391442 1.000000
-0.226479 0.364669 2.370598 0.000000
-0.124147 0.222724 2.560875 0.000000
-0.352035 -0.003093 2.603661 0.000000
-0.008815 -0.032582 2.438571 0.759615
-0.131594 0.001724 2.619142 0.000000
-0.386997 0.081232 2.639967 1.000000
-0.017315 0.097310 2.266888 1.000000
-0.415294 -0.203051 2.607895 1.000000
-0.136447 -0.096593 2.091230 1.000000
-0.430476 -0.261968 2.623017 0.375000
-0.175877 -0.134772 2.060930 1.000000
-0.296681 -0.553467 2.623071 1.000000
-0.087876 -0.563929 2.582495 1.000000
-0.319353 -0.994021 2.650685 1.000000
-0.073649 -0.999552 2.655938 1.000000
-0.385027 -0.999044 2.516615 0.000000
-0.139229 -1.023944 2.523964 0.000000
-0.204867 0.646350 2.372867 1.000000
-0.329179 0.334837 2.547998 1.000000
-0.017065 0.347060 2.435482 1.000000
-0.210459 0.368902 2.391205 0.000000
-0.133613 0.220224 2.588221 0.000000
-0.361503 -0.005394 2.579495 0.134615
-0.000949 -0.035104 2.456849 0.557692
-0.144555 -0.002696 2.621725 0.000000
-0.408800 0.070075 2.595999 1.000000
0.028479 0.090514 2.331307 1.000000
-0.452972 -0.208945 2.531614 1.000000
-0.040426 -0.116559 2.140724 1.000000
-0.463019 -0.254192 2.489398 0.560096
-0.067698 -0.155111 2.099487 1.000000
-0.296492 -0.555527 2.621773 1.000000
-0.084630 -0.566397 2.586929 1.000000
-0.318893 -0.995637 2.655908 1.000000
-0.074514 -1.001561 2.663699 1.000000
-0.367836 -1.004073 2.515031 0.000000
-0.123654 -1.027176 2.524984 0.000000
-0.194194 0.643048 2.396146 1.000000
-0.334687 0.335652 2.547351 1.000000
-0.014923 0.341552 2.458243 1.000000
-0.203727 0.372241 2.401236 0.000000
-0.146450 0.212439 2.596194 0.000000
-0.371004 -0.011184 2.571398 0.807692
-0.002425 -0.032371 2.473290 0.730769
-0.157509 -0.003622 2.628144 0.000000
-0.419214 0.068150 2.579892 1.000000
0.042987 0.075429 2.383502 1.000000
-0.459775 -0.204455 2.484623 1.000000
0.031232 -0.164222 2.217779 1.000000
-0.462531 -0.261801 2.459439 0.459135
0.019354 -0.211711 2.178611 1.000000
-0.294735 -0.560048 2.616485 1.000000
-0.084997 -0.566733 2.592074 1.000000
-0.315607 -0.999524 2.658780 1.000000
-0.074778 -1.002799 2.663531 1.000000
-0.354607 -1.011501 2.515085 0.000000
-0.113821 -1.027006 2.521395 0.000000
-0.188093 0.644483 2.416670 1.000000
-0.339939 0.335852 2.549265 1.000000
-0.016610 0.342021 2.474136 1.000000
-0.202638 0.375121 2.409819 0.000000
-0.154561 0.210450 2.603205 0.000000
-0.375438 -0.019277 2.567659 0.951923
-0.003842 -0.027543 2.479502 0.875000
-0.163974 -0.002669 2.629822 0.000000
-0.423577 0.065293 2.565883 1.000000
0.051014 0.070534 2.427281 1.000000
-0.459027 -0.206504 2.462619 1.000000
0.088800 -0.205805 2.337821 1.000000
-0.458523 -0.256292 2.424521 0.442308
0.092543 -0.257055 2.301905 0.896635
-0.295522 -0.563813 2.617770 1.000000
-0.084590 -0.566099 2.593016 1.000000
-0.316649 -1.002383 2.668507 1.000000
-0.074400 -1.002555 2.662055 1.000000
-0.351370 -1.017427 2.524005 0.000000
-0.108721 -1.026050 2.518588 0.000000
-0.189005 0.648652 2.432346 1.000000
-0.346540 0.343034 2.558450 1.000000
-0.021989 0.334106 2.489086 1.000000
-0.204906 0.377694 2.422151 0.000000
-0.168730 0.207489 2.613325 0.000000
-0.373918 -0.018454 2.560773 0.721154
0.000056 -0.028840 2.483574 1.000000
-0.164267 -0.004456 2.629384 0.000000
-0.418744 0.064907 2.555323 1.000000
0.060815 0.059059 2.497444 1.000000
-0.441227 -0.219822 2.474942 1.000000
0.150000 -0.222895 2.521637 1.000000
-0.427168 -0.280863 2.472320 0.610577
0.163624 -0.279918 2.543847 0.846154
-0.298405 -0.563686 2.612243 1.000000
-0.084695 -0.567781 2.588196 1.000000
-0.318741 -1.002335 2.662613 1.000000
-0.071049 -1.003488 2.661253 1.000000
-0.349410 -1.017609 2.517221 0.000000
-0.101135 -1.028599 2.517110 0.000000
-0.195261 0.650735 2.453158 1.000000
-0.352476 0.336819 2.561678 1.000000
-0.025636 0.340694 2.503500 1.000000
-0.207494 0.381046 2.431820 0.000000
-0.172312 0.204919 2.617742 0.000000
-0.374686 -0.019124 2.554379 0.278846
0.000735 -0.028317 2.484390 1.000000
-0.166436 -0.004874 2.627084 0.000000
-0.415618 0.054064 2.550192 1.000000
0.056203 0.066813 2.552090 1.000000
-0.418281 -0.238882 2.488524 1.000000
0.150904 -0.206936 2.627723 1.000000
-0.419239 -0.301317 2.482921 0.610577
0.159433 -0.266250 2.646152 0.711538
-0.298958 -0.563858 2.609223 1.000000
-0.086936 -0.567732 2.587113 1.000000
-0.319815 -1.001927 2.664223 1.000000
-0.072658 -1.001295 2.671867 1.000000
-0.347684 -1.018901 2.518456 0.000000
-0.099596 -1.030336 2.527840 0.000000
-0.198991 0.649987 2.456548 1.000000
-0.353786 0.333885 2.557847 1.000000
-0.025140 0.337273 2.510901 1.000000
-0.204352 0.378361 2.433227 0.000000
-0.175927 0.201325 2.619442 0.000000
-0.370813 -0.027414 2.544753 0.442308
0.007237 -0.024546 2.490042 0.807692
-0.166206 -0.007713 2.626024 0.000000
-0.411649 0.048765 2.557907 1.000000
0.057085 0.070666 2.593373 1.000000
-0.395091 -0.247329 2.510035 1.000000
0.122206 -0.205514 2.691971 1.000000
-0.381298 -0.306886 2.523935 0.846154
0.128970 -0.265437 2.709117 0.677885
-0.300189 -0.566671 2.611695 1.000000
-0.089172 -0.568856 2.582013 1.000000
-0.320031 -1.004957 2.665320 1.000000
-0.071779 -1.000957 2.673390 1.000000
-0.341428 -1.021956 2.518466 0.000000
-0.092383 -1.032360 2.528814 0.019231
-0.200999 0.649749 2.460664 1.000000
-0.356216 0.328977 2.556606 1.000000
-0.025846 0.332802 2.523967 1.000000
-0.201545 0.374593 2.438984 0.000000
-0.181135 0.195864 2.624631 0.000000
-0.370906 -0.033364 2.538531 0.576923
0.008933 -0.020997 2.499887 0.807692
-0.170424 -0.009814 2.628584 0.000000
-0.411998 0.041597 2.562701 1.000000
0.044007 0.069288 2.630817 1.000000
-0.398217 -0.257011 2.517452 1.000000
0.084187 -0.214659 2.726548 1.000000
-0.370456 -0.313158 2.520157 0.745192
0.070696 -0.274795 2.738042 0.879808
-0.302908 -0.569052 2.611064 1.000000
-0.090198 -0.568836 2.582246 1.000000
-0.316971 -1.007005 2.669055 1.000000
-0.070466 -1.001877 2.668558 1.000000
-0.332164 -1.026032 2.521678 0.000000
-0.086619 -1.031612 2.523066 0.000000
-0.195251 0.647090 2.460016 1.000000
-0.360794 0.334068 2.563740 1.000000
-0.030549 0.331078 2.529781 1.000000
-0.205648 0.377193 2.445804 0.000000
-0.188328 0.196785 2.630136 0.000000
-0.372619 -0.030087 2.540518 0.557692
0.007205 -0.023097 2.500414 0.567308
-0.171468 -0.009724 2.629852 0.000000
-0.412422 0.045650 2.562971 1.000000
0.035059 0.063749 2.630189 1.000000
-0.401127 -0.254560 2.527290 1.000000
0.047392 -0.229597 2.703151 1.000000
-0.394485 -0.311548 2.552564 0.593750
0.038367 -0.291125 2.711105 0.879808
-0.302452 -0.568404 2.609032 1.000000
-0.088567 -0.568474 2.589336 1.000000
-0.319419 -1.006736 2.663266 1.000000
-0.070512 -1.003211 2.667066 1.000000
-0.335143 -1.024376 2.515772 0.000000
-0.085480 -1.029972 2.520871 0.000000
-0.197958 0.648308 2.460743 1.000000
