-0.339177 0.396126 2.455907 1.000000
0.015094 0.403219 2.434304 1.000000
-0.171444 0.450319 2.307525 0.000000
-0.153591 0.264964 2.539456 0.000000
-0.348178 0.030363 2.421294 0.461538
0.033656 0.032071 2.382534 0.740385
-0.144456 0.030114 2.528006 0.000000
-0.396881 0.117590 2.441964 1.000000
0.092430 0.130945 2.461366 1.000000
-0.367066 -0.175692 2.413600 1.000000
0.076004 -0.161418 2.420378 1.000000
-0.349140 -0.237688 2.393371 0.980769
0.055816 -0.225315 2.411227 1.000000
-0.228378 -0.504952 2.424936 1.000000
-0.016998 -0.488626 2.496370 1.000000
-0.253596 -0.902079 2.582537 1.000000
-0.014848 -0.909933 2.571737 1.000000
-0.261315 -0.961252 2.432197 0.000000
-0.029011 -0.938377 2.413139 0.000000
-0.159186 0.690401 2.317009 1.000000
-0.338674 0.392708 2.443861 1.000000
0.016107 0.404339 2.439412 1.000000
-0.164574 0.445701 2.302550 0.000000
-0.155719 0.266263 2.539594 0.000000
-0.341685 0.030766 2.403661 0.471154
0.042096 0.032551 2.400312 0.817308
-0.148689 0.031694 2.528728 0.000000
-0.394666 0.113970 2.444475 1.000000
0.097780 0.134075 2.469522 1.000000
-0.369862 -0.178219 2.406797 1.000000
0.084109 -0.156035 2.416315 1.000000
-0.351704 -0.243284 2.410109 0.879808
0.063854 -0.220447 2.412453 0.980769
-0.226835 -0.504436 2.422579 1.000000
-0.011175 -0.488401 2.504842 1.000000
-0.251175 -0.904103 2.573769 1.000000
-0.012796 -0.910887 2.573306 1.000000
-0.248734 -0.961457 2.422549 0.000000
-0.012039 -0.936764 2.413641 0.000000
-0.153121 0.692257 2.318121 1.000000
-0.333337 0.395056 2.445334 1.000000
0.021529 0.404420 2.448018 1.000000
-0.156114 0.447519 2.307756 0.000000
-0.153139 0.267034 2.544153 0.000000
-0.332334 0.029871 2.403476 1.000000
0.051445 0.032799 2.400829 0.990385
-0.139565 0.030700 2.528894 0.000000
-0.402351 0.119469 2.436728 1.000000
0.101538 0.132492 2.464904 1.000000
-0.391184 -0.168742 2.372149 1.000000
0.091759 -0.157870 2.412093 1.000000
-0.371225 -0.231613 2.357219 1.000000
0.065031 -0.218273 2.397565 0.778846
-0.215861 -0.504949 2.423619 1.000000
-0.006930 -0.488210 2.508709 1.000000
-0.246851 -0.902500 2.579110 1.000000
-0.008912 -0.911536 2.571758 1.000000
-0.242914 -0.961666 2.428621 0.000000
-0.008279 -0.935366 2.411774 0.000000
-0.136502 0.689520 2.316974 1.000000
-0.331985 0.395053 2.444747 1.000000
0.022805 0.405630 2.450855 1.000000
-0.153706 0.450430 2.309699 0.000000
-0.152227 0.266042 2.543078 0.000000
-0.332401 0.025892 2.408890 1.000000
0.051011 0.038073 2.396688 1.000000
-0.136659 0.031823 2.529470 0.000000
-0.406195 0.120730 2.430143 1.000000
0.102835 0.132981 2.461194 1.000000
-0.402678 -0.164748 2.352329 1.000000
0.091980 -0.157241 2.405662 1.000000
-0.383246 -0.229320 2.347139 1.000000
0.064835 -0.216910 2.389027 0.795673
-0.214178 -0.506276 2.424231 1.000000
-0.005811 -0.485724 2.507554 1.000000
-0.250622 -0.906716 2.570875 1.000000
-0.012742 -0.908597 2.573240 1.000000
-0.249763 -0.962406 2.419017 0.000000
-0.014659 -0.933392 2.413413 0.000000
-0.138394 0.691833 2.321653 1.000000
-0.332996 0.397019 2.445539 1.000000
0.021810 0.403336 2.455441 1.000000
-0.152690 0.452355 2.313192 0.000000
-0.155778 0.264420 2.543708 0.000000
-0.328861 0.025543 2.399258 1.000000
0.054602 0.038074 2.409310 0.817308
-0.140484 0.032837 2.530981 0.000000
-0.403980 0.122735 2.422529 1.000000
0.102796 0.131163 2.463285 1.000000
-0.412586 -0.158655 2.332407 1.000000
0.091331 -0.158667 2.407299 1.000000
-0.393720 -0.223544 2.329659 1.000000
0.068922 -0.222064 2.414567 0.627404
-0.215617 -0.506288 2.427294 1.000000
-0.005633 -0.487744 2.508374 1.000000
-0.251058 -0.903590 2.582469 1.000000
-0.008470 -0.910414 2.575655 1.000000
-0.243355 -0.962965 2.432208 0.000000
-0.001652 -0.935863 2.416065 0.000000
-0.136496 0.691164 2.324360 1.000000
-0.327934 0.399386 2.444253 1.000000
0.026530 0.407030 2.462196 1.000000
-0.144879 0.455291 2.315984 0.000000
-0.152499 0.267522 2.546530 0.000000
-0.326933 0.031094 2.402731 1.000000
0.056767 0.036853 2.409353 1.000000
-0.137288 0.035196 2.532763 0.000000
-0.403903 0.126908 2.418456 1.000000
0.104908 0.134152 2.460929 1.000000
-0.409208 -0.148830 2.312683 1.000000
0.093526 -0.156247 2.408899 1.000000
-0.397560 -0.213689 2.297461 1.000000
0.062304 -0.215486 2.399414 0.812500
-0.216795 -0.502812 2.427968 1.000000
-0.004983 -0.486582 2.511264 1.000000
-0.246073 -0.901645 2.580477 1.000000
-0.007965 -0.909550 2.576633 1.000000
-0.240788 -0.959724 2.429606 0.000000
-0.003243 -0.934277 2.416854 0.000000
-0.135199 0.695939 2.330964 1.000000
-0.324378 0.402332 2.440672 1.000000
0.029517 0.405998 2.468412 1.000000
-0.137226 0.456090 2.317497 0.000000
-0.153336 0.268569 2.547808 0.000000
-0.328275 0.030633 2.402833 1.000000
0.055291 0.039930 2.412491 1.000000
-0.139749 0.038056 2.534336 0.000000
-0.401709 0.129614 2.422274 1.000000
0.104216 0.132092 2.462984 1.000000
-0.403071 -0.143451 2.309601 1.000000
0.091023 -0.157957 2.409180 1.000000
-0.382678 -0.203461 2.286000 1.000000
0.073801 -0.223248 2.412992 0.694712
-0.218029 -0.502183 2.429440 1.000000
-0.006716 -0.485408 2.511293 1.000000
-0.249431 -0.901759 2.579563 1.000000
-0.009530 -0.908479 2.575997 1.000000
-0.242956 -0.959048 2.428437 0.000000
-0.003271 -0.932955 2.416232 0.000000
-0.135608 0.693214 2.324308 1.000000
-0.323998 0.402851 2.443275 1.000000
0.030061 0.402839 2.469118 1.000000
-0.136954 0.454456 2.319019 0.000000
-0.153798 0.267457 2.549702 0.000000
-0.326325 0.030969 2.396780 1.000000
0.056487 0.037891 2.423414 1.000000
-0.143786 0.038604 2.536463 0.000000
-0.400022 0.130245 2.419818 1.000000
0.105959 0.129276 2.467217 1.000000
-0.390531 -0.147918 2.321109 1.000000
0.092781 -0.160702 2.413363 1.000000
-0.367483 -0.208702 2.302451 1.000000
0.060815 -0.219401 2.403031 0.846154
-0.222176 -0.502279 2.432426 1.000000
-0.010801 -0.488831 2.510911 1.000000
-0.251951 -0.908180 2.564874 1.000000
-0.009045 -0.911927 2.575493 1.000000
-0.240459 -0.958990 2.411742 0.000000
0.003517 -0.936209 2.416070 0.000000
-0.137704 0.694003 2.329470 1.000000
-0.323796 0.402633 2.442975 1.000000
0.030155 0.398311 2.469909 1.000000
-0.135750 0.451621 2.319172 0.000000
-0.155608 0.265407 2.550250 0.000000
-0.330592 0.028388 2.402721 1.000000
0.052528 0.037345 2.423724 0.951923
-0.146049 0.036362 2.539726 0.000000
-0.395514 0.129021 2.419159 1.000000
0.103540 0.124174 2.471603 1.000000
-0.385277 -0.153391 2.333885 1.000000
0.089815 -0.164705 2.412821 1.000000
-0.360933 -0.210589 2.307243 1.000000
0.058163 -0.224379 2.409479 0.778846
-0.219022 -0.504473 2.433889 1.000000
-0.012906 -0.489695 2.513126 1.000000
-0.251419 -0.910980 2.563838 1.000000
-0.014312 -0.913208 2.574921 1.000000
-0.240435 -0.960912 2.410381 0.000000
-0.003652 -0.936546 2.415219 0.000000
-0.132398 0.690461 2.327181 1.000000
-0.326689 0.398736 2.434831 1.000000
0.026460 0.399686 2.471024 1.000000
-0.136065 0.446618 2.314591 0.000000
-0.159735 0.266736 2.550279 0.000000
-0.331913 0.026913 2.406520 1.000000
0.051456 0.035599 2.422482 1.000000
-0.145595 0.035535 2.541061 0.000000
-0.394304 0.123398 2.419576 1.000000
0.103270 0.126408 2.473570 1.000000
-0.379988 -0.160176 2.338592 1.000000
0.088748 -0.161783 2.411267 1.000000
-0.357762 -0.224005 2.341011 0.896635
0.061765 -0.223463 2.404822 0.947115
-0.219632 -0.506010 2.436173 1.000000
-0.011859 -0.490821 2.515201 1.000000
-0.250405 -0.907914 2.580083 1.000000
-0.011050 -0.914754 2.574059 1.000000
-0.241234 -0.962976 2.428270 0.000000
-0.002636 -0.936952 2.414060 0.000000
-0.130817 0.694041 2.332323 1.000000
-0.325426 0.397474 2.435219 1.000000
0.027185 0.399520 2.476280 1.000000
-0.133339 0.446563 2.317828 0.000000
-0.159602 0.265560 2.552381 0.000000
-0.327350 0.028653 2.404852 1.000000
0.055873 0.031922 2.425639 1.000000
-0.142639 0.034942 2.541718 0.000000
-0.390610 0.122050 2.418320 1.000000
0.106105 0.127247 2.479603 1.000000
-0.375064 -0.162371 2.342167 1.000000
0.089248 -0.159385 2.412730 1.000000
-0.353118 -0.225972 2.349048 0.980769
0.060632 -0.220449 2.407599 0.846154
-0.221604 -0.505789 2.436442 1.000000
-0.010497 -0.492804 2.518530 1.000000
-0.245445 -0.908371 2.579774 1.000000
-0.013465 -0.916496 2.579036 1.000000
-0.236434 -0.963012 2.427800 0.000000
-0.003255 -0.939387 2.419239 0.000000
-0.131947 0.690544 2.329542 1.000000
-0.327746 0.397218 2.433593 1.000000
0.024341 0.398917 2.478951 1.000000
-0.134235 0.446964 2.318846 0.000000
-0.163385 0.264550 2.551961 0.000000
-0.324684 0.027995 2.395635 1.000000
0.056957 0.030426 2.436212 0.961538
-0.147284 0.034102 2.541862 0.000000
-0.393677 0.122061 2.420590 1.000000
0.106280 0.127815 2.479374 1.000000
-0.372983 -0.161034 2.341935 1.000000
0.088930 -0.158906 2.414340 1.000000
-0.356135 -0.224842 2.356722 0.812500
0.061995 -0.220884 2.411654 0.980769
-0.221659 -0.506442 2.437786 1.000000
-0.010320 -0.494422 2.522130 1.000000
-0.244284 -0.907279 2.586117 1.000000
-0.010255 -0.918662 2.578746 1.000000
-0.228537 -0.963929 2.435432 0.000000
0.007865 -0.939921 2.419426 0.000000
-0.128671 0.689848 2.330569 1.000000
-0.325299 0.395772 2.433337 1.000000
0.026534 0.398605 2.480569 1.000000
-0.131345 0.446228 2.319652 0.000000
-0.161133 0.263574 2.552498 0.000000
-0.328577 0.025779 2.405218 1.000000
0.054192 0.038882 2.430095 0.884615
-0.145529 0.035828 2.544080 0.000000
-0.391317 0.120352 2.418703 1.000000
0.108402 0.127111 2.482404 1.000000
-0.374875 -0.163851 2.341676 1.000000
0.090074 -0.159778 2.416680 1.000000
-0.353719 -0.227694 2.348791 1.000000
0.062647 -0.221480 2.412854 0.947115
-0.219537 -0.505919 2.435048 1.000000
-0.008697 -0.489287 2.517969 1.000000
-0.244094 -0.904516 2.589003 1.000000
-0.010828 -0.912161 2.583981 1.000000
-0.233381 -0.963240 2.438671 0.000000
0.002042 -0.937092 2.424683 0.000000
-0.132230 0.692198 2.337222 1.000000
-0.327070 0.396751 2.440265 1.000000
0.025361 0.401609 2.482620 1.000000
-0.135185 0.451495 2.325063 0.000000
-0.160111 0.263323 2.554055 0.000000
-0.323967 0.031060 2.401578 1.000000
0.058528 0.033166 2.433136 1.000000
-0.143156 0.035655 2.543622 0.000000
-0.391836 0.120955 2.417408 1.000000
0.108284 0.129787 2.479951 1.000000
-0.371623 -0.162048 2.334609 1.000000
0.093227 -0.158348 2.415949 1.000000
-0.350608 -0.225864 2.342354 0.980769
0.062501 -0.218052 2.407868 0.980769
-0.219305 -0.503677 2.437883 1.000000
-0.010169 -0.492066 2.519343 1.000000
-0.245487 -0.905974 2.581604 1.000000
-0.010499 -0.916278 2.576164 1.000000
-0.232358 -0.960968 2.430058 0.000000
0.003770 -0.937679 2.416473 0.000000
-0.130739 0.691768 2.338294 1.000000
-0.326240 0.392751 2.444059 1.000000
0.026713 0.400565 2.481316 1.000000
-0.136503 0.449034 2.326077 0.000000
-0.156550 0.260774 2.555474 0.000000
-0.324141 0.029648 2.409245 1.000000
0.059208 0.032755 2.427579 1.000000
-0.138540 0.033708 2.544987 0.000000
-0.390595 0.117259 2.415764 1.000000
0.106832 0.127782 2.482065 1.000000
-0.363341 -0.162717 2.324721 1.000000
0.097858 -0.158219 2.407686 1.000000
-0.337634 -0.219163 2.297757 1.000000
0.068984 -0.215128 2.385287 1.000000
-0.218261 -0.505051 2.436105 1.000000
-0.009471 -0.492157 2.519992 1.000000
-0.249566 -0.909119 2.573704 1.000000
-0.007704 -0.914251 2.590832 1.000000
-0.240634 -0.961800 2.421035 0.000000
0.001073 -0.940948 2.431542 0.000000
-0.134605 0.692323 2.345692 1.000000
-0.327468 0.396205 2.447042 1.000000
0.025589 0.396128 2.484134 1.000000
-0.136626 0.449511 2.329459 0.000000
-0.160585 0.259605 2.557118 0.000000
-0.321669 0.028214 2.403635 1.000000
0.060911 0.030171 2.434152 1.000000
-0.140468 0.031819 2.545210 0.000000
-0.387783 0.120305 2.408340 1.000000
0.109697 0.124002 2.473026 1.000000
-0.353491 -0.157328 2.310286 1.000000
0.105802 -0.160734 2.390723 1.000000
-0.325606 -0.217519 2.297113 1.000000
0.077506 -0.217685 2.367703 1.000000
-0.219598 -0.506580 2.438685 1.000000
-0.009485 -0.495250 2.519826 1.000000
-0.246419 -0.907923 2.584934 1.000000
-0.010986 -0.919662 2.575110 1.000000
-0.234223 -0.963863 2.433656 0.000000
0.002818 -0.940527 2.415307 0.000000
-0.132334 0.690826 2.346896 1.000000
-0.326194 0.397178 2.440894 1.000000
0.023284 0.393018 2.503129 1.000000
-0.127157 0.453642 2.339483 0.000000
-0.168277 0.255122 2.557119 0.000000
-0.307526 0.029262 2.389018 1.000000
0.069697 0.031745 2.459722 1.000000
-0.142268 0.031175 2.548944 0.000000
-0.384465 0.121178 2.391194 1.000000
0.118444 0.126076 2.461617 1.000000
-0.317024 -0.140994 2.266948 1.000000
0.134572 -0.143710 2.336437 1.000000
-0.277980 -0.194638 2.253835 1.000000
0.104344 -0.201697 2.319178 1.000000
-0.221072 -0.504751 2.438313 1.000000
-0.014302 -0.498145 2.516044 1.000000
-0.244711 -0.908080 2.579563 1.000000
-0.004700 -0.921549 2.577859 1.000000
-0.220353 -0.962203 2.429095 0.000000
0.025025 -0.943858 2.420437 0.000000
-0.136714 0.690550 2.356913 1.000000
-0.324380 0.398206 2.440597 1.000000
0.021521 0.394977 2.520390 1.000000
-0.120895 0.458086 2.350617 0.000000
-0.171487 0.254738 2.561702 0.000000
-0.299397 0.029344 2.379276 0.673077
0.072732 0.037403 2.472858 1.000000
-0.144201 0.031447 2.548981 0.000000
-0.371778 0.125687 2.360198 1.000000
0.130269 0.135713 2.457707 1.000000
-0.268357 -0.118717 2.221265 1.000000
0.177372 -0.109033 2.291552 1.000000
-0.218257 -0.162164 2.207984 1.000000
0.147821 -0.168693 2.279659 1.000000
-0.221807 -0.502277 2.437660 1.000000
-0.015812 -0.496336 2.509382 1.000000
-0.250135 -0.908104 2.570649 1.000000
-0.007742 -0.919524 2.572872 1.000000
-0.217087 -0.959490 2.420881 0.000000
0.031962 -0.942048 2.417696 0.000000
-0.134400 0.689136 2.361601 1.000000
-0.327580 0.400340 2.434092 1.000000
0.011386 0.397129 2.539526 1.000000
-0.118114 0.461569 2.360180 0.000000
-0.183746 0.256046 2.564923 0.000000
-0.293511 0.032867 2.362589 0.384615
0.068393 0.038409 2.490251 1.000000
-0.154628 0.030887 2.545886 0.000000
-0.355774 0.136002 2.320750 1.000000
0.140386 0.151261 2.459396 1.000000
-0.202081 -0.075164 2.172085 1.000000
0.225931 -0.042294 2.246021 1.000000
-0.144962 -0.109259 2.159881 1.000000
0.211193 -0.102010 2.217898 1.000000
-0.221600 -0.498504 2.439093 1.000000
-0.019193 -0.495511 2.508707 1.000000
-0.244135 -0.903218 2.576509 1.000000
-0.010967 -0.918439 2.573890 1.000000
-0.198059 -0.955362 2.430491 0.000000
0.042959 -0.940642 2.423019 0.000000
-0.128136 0.688386 2.365764 1.000000
-0.327109 0.399622 2.416043 1.000000
-0.007005 0.396817 2.569505 1.000000
-0.108276 0.456112 2.371222 0.000000
-0.205841 0.258659 2.571122 0.000000
-0.299103 0.023023 2.346338 1.000000
0.046537 0.043468 2.511922 0.769231
-0.180498 0.024581 2.543367 0.000000
-0.318477 0.164558 2.250046 1.000000
0.151007 0.181083 2.462858 1.000000
-0.074712 0.041586 2.127215 1.000000
0.301596 0.107534 2.214782 1.000000
-0.008818 0.028542 2.119345 1.000000
0.314700 0.057869 2.170785 0.980769
-0.220116 -0.503888 2.437409 1.000000
-0.023037 -0.495678 2.505234 1.000000
-0.246849 -0.910432 2.568526 1.000000
-0.013749 -0.918488 2.571034 1.000000
-0.182531 -0.959801 2.428565 0.000000
0.056993 -0.939338 2.427076 0.000000
-0.125633 0.687858 2.372009 1.000000
-0.319404 0.403761 2.404967 1.000000
-0.013180 0.392463 2.584199 1.000000
-0.095989 0.453188 2.377939 0.000000
-0.215673 0.260445 2.570274 0.000000
-0.289263 0.025806 2.333438 1.000000
0.041867 0.041227 2.526874 0.625000
-0.187212 0.025332 2.539534 0.000000
-0.275258 0.189876 2.218076 1.000000
0.169750 0.203197 2.468713 1.000000
0.000726 0.131158 2.119416 1.000000
0.345859 0.215634 2.227513 1.000000
0.068259 0.128564 2.116837 1.000000
0.371175 0.192790 2.169106 0.846154
-0.221873 -0.501518 2.439052 1.000000
-0.025722 -0.497552 2.500707 1.000000
-0.241930 -0.908854 2.568895 1.000000
-0.017408 -0.920514 2.565660 1.000000
-0.166558 -0.955675 2.433655 0.000000
0.064631 -0.940096 2.427642 0.000000
-0.119004 0.690782 2.381314 1.000000
-0.327432 0.415494 2.394729 1.000000
-0.027771 0.386865 2.582900 1.000000
-0.102729 0.464005 2.379139 0.000000
-0.230961 0.258830 2.552131 0.000000
-0.285891 0.035308 2.328016 1.000000
0.036643 0.044359 2.535844 1.000000
-0.192860 0.029765 2.538265 0.000000
-0.225540 0.232917 2.200433 1.000000
0.208712 0.275151 2.468612 1.000000
0.064903 0.218474 2.140998 1.000000
0.398911 0.321781 2.245573 1.000000
0.130706 0.234079 2.141644 1.000000
0.435868 0.335687 2.190665 0.206731
-0.221905 -0.493681 2.437093 1.000000
-0.030351 -0.493357 2.490505 1.000000
-0.244043 -0.902595 2.561527 1.000000
-0.011934 -0.914281 2.565790 1.000000
-0.162210 -0.947249 2.429344 0.000000
0.074803 -0.934632 2.430787 0.000000
-0.118516 0.695143 2.387717 1.000000
-0.330248 0.417642 2.352078 1.000000
-0.067882 0.404131 2.590838 1.000000
-0.120916 0.505717 2.390949 0.000000
-0.232286 0.251955 2.498971 0.000000
-0.267385 0.061434 2.306404 1.000000
0.012794 0.051955 2.568533 1.000000
-0.213299 0.038261 2.528727 0.000000
-0.151972 0.265284 2.189405 1.000000
0.190738 0.300999 2.528096 1.000000
0.134581 0.340113 2.208801 1.000000
0.385957 0.468957 2.380562 1.000000
0.193731 0.360451 2.234525 1.000000
0.420758 0.503383 2.333894 1.000000
-0.223679 -0.471377 2.424648 1.000000
-0.033085 -0.479749 2.478632 1.000000
-0.239918 -0.880258 2.550095 1.000000
-0.009922 -0.900376 2.554266 1.000000
-0.136388 -0.920450 2.432498 0.000000
0.098420 -0.915826 2.435160 0.000000
-0.110236 0.696877 2.399391 1.000000
-0.319338 0.413217 2.326107 1.000000
-0.082995 0.384174 2.589401 1.000000
-0.109885 0.488477 2.385720 0.000000
-0.246499 0.242120 2.481175 0.129808
-0.255974 0.053271 2.289675 1.000000
-0.003948 0.042924 2.578946 1.000000
-0.224721 0.028495 2.516169 0.216346
-0.090079 0.304623 2.197212 1.000000
0.196841 0.341897 2.559914 1.000000
0.175148 0.404760 2.281965 1.000000
0.378278 0.552959 2.459473 1.000000
0.227959 0.434462 2.312013 1.000000
0.410328 0.603577 2.428093 1.000000
-0.223568 -0.478287 2.422220 1.000000
-0.032318 -0.487709 2.475105 1.000000
-0.238972 -0.888289 2.544060 1.000000
-0.020765 -0.907623 2.557100 1.000000
-0.122224 -0.924187 2.438021 0.000000
0.098571 -0.925377 2.449365 0.000000
-0.108081 0.690213 2.403396 1.000000
-0.307917 0.431959 2.323411 1.000000
-0.052553 0.363161 2.555588 1.000000
-0.083887 0.473030 2.358225 0.000000
-0.245202 0.249196 2.469323 0.000000
-0.262642 0.039754 2.290597 1.000000
0.010766 0.032369 2.559847 1.000000
-0.214415 0.020543 2.514639 0.000000
-0.064161 0.337600 2.215068 1.000000
0.225558 0.390381 2.599982 1.000000
0.181295 0.442399 2.338935 1.000000
0.360160 0.644307 2.536910 1.000000
0.216392 0.483512 2.379579 1.000000
0.385691 0.694889 2.499981 1.000000
-0.224018 -0.491313 2.421947 1.000000
-0.032122 -0.500028 2.478895 1.000000
-0.234186 -0.901542 2.543574 1.000000
-0.012329 -0.918553 2.566244 1.000000
-0.126195 -0.938225 2.428877 0.000000
0.098962 -0.937467 2.450402 0.000000
-0.121813 0.704751 2.393817 1.000000
-0.301164 0.435986 2.309011 1.000000
-0.061906 0.386182 2.561803 0.701923
-0.080825 0.483549 2.356724 0.000000
-0.245945 0.263428 2.469636 0.000000
-0.250861 0.056359 2.282049 1.000000
0.007835 0.035071 2.564760 1.000000
-0.214933 0.030923 2.507776 0.000000
-0.033253 0.366828 2.249682 1.000000
0.200504 0.422106 2.661447 1.000000
0.176084 0.485515 2.419058 1.000000
0.289878 0.701691 2.640451 1.000000
0.185235 0.527587 2.471214 0.913462
0.312610 0.765070 2.634094 1.000000
-0.220225 -0.479614 2.406999 1.000000
-0.036410 -0.493435 2.473315 1.000000
-0.246322 -0.885994 2.538748 1.000000
-0.012844 -0.912691 2.556100 1.000000
-0.133247 -0.928171 2.431053 0.000000
0.104086 -0.927979 2.445391 0.000000
-0.116248 0.716339 2.383742 1.000000
-0.308886 0.431047 2.320469 1.000000
0.011679 0.409572 2.471215 0.028846
-0.085983 0.456416 2.267949 0.000000
-0.201348 0.296274 2.490463 0.000000
-0.306612 0.062258 2.330289 1.000000
0.050972 0.044599 2.493632 0.653846
-0.180713 0.044818 2.526821 0.000000
-0.038745 0.381479 2.243903 1.000000
0.159215 0.416764 2.715093 1.000000
0.167444 0.486506 2.429289 1.000000
0.244785 0.699759 2.692661 1.000000
0.166301 0.518380 2.488928 0.290865
0.255918 0.766433 2.690486 1.000000
-0.219810 -0.477769 2.400708 1.000000
-0.041616 -0.484264 2.478187 1.000000
-0.236938 -0.881761 2.540998 1.000000
-0.018236 -0.904671 2.554966 1.000000
-0.176421 -0.933251 2.400110 0.000000
0.047900 -0.927624 2.409150 0.000000
-0.114977 0.744903 2.381316 0.745192
-0.282785 0.447288 2.298771 1.000000
0.015692 0.408430 2.486772 0.221154
-0.054060 0.448807 2.271014 0.153846
-0.208109 0.316258 2.488192 0.000000
-0.299705 0.059357 2.304631 1.000000
0.036893 0.054523 2.508150 0.663462
-0.196976 0.057688 2.514854 0.000000
-0.007398 0.386511 2.258065 1.000000
0.150895 0.408839 2.737586 1.000000
0.146956 0.523708 2.470546 1.000000
0.210493 0.698667 2.721955 1.000000
0.132283 0.547489 2.532136 0.240385
0.208658 0.766271 2.722575 0.745192
-0.218236 -0.476674 2.399200 1.000000
-0.041356 -0.478511 2.479525 1.000000
-0.236660 -0.879508 2.542621 1.000000
-0.013382 -0.897556 2.562006 1.000000
-0.160475 -0.930445 2.409338 0.000000
0.069350 -0.919061 2.424689 0.000000
-0.106620 0.747227 2.380411 0.543269
-0.275722 0.443482 2.283617 1.000000
0.003235 0.414097 2.499758 0.000000
-0.045440 0.448507 2.277899 0.100962
-0.217573 0.317911 2.482305 0.000000
-0.285790 0.058754 2.286599 1.000000
0.028955 0.057553 2.522557 0.855769
-0.204397 0.062128 2.505948 0.000000
-0.007790 0.349495 2.262969 1.000000
0.146108 0.422210 2.745864 0.400000
0.175151 0.507402 2.433973 1.000000
0.185931 0.714512 2.770719 1.000000
0.218719 0.543803 2.470726 0.000000
0.165864 0.778912 2.775620 0.391827
-0.222572 -0.475315 2.396672 1.000000
-0.044892 -0.476545 2.484936 1.000000
-0.232739 -0.879351 2.537511 1.000000
-0.017195 -0.896527 2.562602 1.000000
-0.145420 -0.926121 2.409640 0.000000
0.078870 -0.914038 2.433653 0.000000
-0.098757 0.746405 2.340498 0.586538
-0.265814 0.438143 2.272479 1.000000
0.004597 0.412547 2.498314 0.144231
-0.035417 0.439424 2.274388 0.312500
-0.216401 0.319116 2.477459 0.000000
-0.285022 0.060416 2.284675 1.000000
0.027517 0.052692 2.523426 0.971154
-0.205482 0.063249 2.504710 0.000000
0.001460 0.341369 2.259681 1.000000
0.147815 0.442929 2.742302 0.323077
0.162145 0.501150 2.449958 1.000000
0.186665 0.731726 2.793695 1.000000
0.200132 0.538929 2.491235 0.000000
0.161709 0.793458 2.805547 0.274038
-0.224536 -0.475304 2.397260 1.000000
-0.046638 -0.478839 2.490878 1.000000
-0.230212 -0.880637 2.534582 1.000000
-0.016954 -0.898845 2.567681 1.000000
-0.139492 -0.924744 2.408140 0.000000
0.080540 -0.915361 2.439676 0.000000
-0.079774 0.735869 2.338006 0.649038
-0.267662 0.425872 2.254813 1.000000
-0.039288 0.417851 2.521558 0.884615
-0.043014 0.454765 2.297076 0.144231
-0.238265 0.300060 2.459589 0.000000
-0.259354 0.050906 2.259896 1.000000
-0.004020 0.046716 2.559109 1.000000
-0.227931 0.055240 2.491723 0.000000
0.000982 0.334867 2.275755 1.000000
0.146166 0.471911 2.730302 0.707692
0.189614 0.459341 2.466540 1.000000
0.207011 0.747706 2.818105 1.000000
0.232593 0.487911 2.510250 0.000000
0.162136 0.797156 2.807384 0.257212
-0.226776 -0.482234 2.398029 1.000000
-0.050480 -0.485863 2.492667 1.000000
-0.236362 -0.888237 2.533136 1.000000
-0.018874 -0.906617 2.564440 1.000000
-0.119238 -0.925941 2.428143 0.000000
0.103549 -0.915392 2.459089 0.000000
-0.088848 0.722431 2.320822 0.899038
-0.203444 0.421317 2.242687 1.000000
-0.085596 0.393842 2.571500 0.000000
-0.005665 0.420655 2.360884 0.000000
-0.265427 0.302038 2.444073 1.000000
-0.224095 0.046664 2.239399 1.000000
-0.087439 0.038679 2.608185 1.000000
-0.274607 0.043499 2.467847 1.000000
0.046854 0.314901 2.325261 1.000000
0.040348 0.425449 2.824540 0.000000
0.136934 0.470963 2.559565 1.000000
0.120822 0.683446 2.944688 0.000000
0.159164 0.478523 2.622990 0.997596
0.092552 0.742637 2.928217 0.000000
-0.248748 -0.484027 2.401398 1.000000
-0.052410 -0.487276 2.497322 1.000000
-0.240623 -0.894806 2.521311 1.000000
-0.024778 -0.909319 2.562895 1.000000
-0.089667 -0.908315 2.464804 0.000000
0.126440 -0.908337 2.505491 0.000000
-0.043689 0.672178 2.263724 1.000000
-0.210152 0.376168 2.199509 1.000000
-0.127781 0.415639 2.535257 1.000000
-0.026460 0.410016 2.334415 0.000000
-0.287566 0.290868 2.412481 1.000000
-0.191919 0.036424 2.232105 1.000000
-0.110894 0.060356 2.616297 1.000000
-0.274766 0.063123 2.449299 1.000000
0.035735 0.310710 2.325956 1.000000
-0.019444 0.496755 2.785403 0.000000
0.163779 0.440761 2.558329 1.000000
0.044264 0.771814 2.873484 0.000000
0.189981 0.473771 2.611223 1.000000
0.016517 0.828454 2.849070 0.000000
-0.266763 -0.479600 2.407366 1.000000
-0.061258 -0.471713 2.501381 1.000000
-0.237849 -0.889553 2.526893 1.000000
-0.027407 -0.894080 2.561748 1.000000
-0.082362 -0.891569 2.482365 0.000000
0.129051 -0.887325 2.521271 0.000000
-0.035124 0.651715 2.233126 1.000000
-0.224260 0.335745 2.198730 1.000000
-0.066536 0.385067 2.507396 0.384615
-0.015326 0.325540 2.294317 0.000000
-0.277936 0.302906 2.432124 0.836538
-0.251209 0.019421 2.249285 1.000000
-0.090014 0.045148 2.607190 1.000000
-0.284795 0.055796 2.477974 0.576923
0.027648 0.258564 2.304881 1.000000
0.158790 0.420211 2.677346 0.846154
0.179996 0.359941 2.536748 1.000000
0.369065 0.612672 2.756195 1.000000
0.207465 0.384482 2.593469 0.947115
0.415936 0.658721 2.772214 0.000000
-0.286863 -0.498200 2.422375 1.000000
-0.062965 -0.484934 2.508976 1.000000
-0.250935 -0.909754 2.534252 1.000000
-0.031402 -0.909151 2.556185 1.000000
-0.108002 -0.917744 2.458958 0.000000
0.115215 -0.905835 2.487954 0.000000
-0.005543 0.609241 2.204628 1.000000
-0.233954 0.350065 2.203742 1.000000
-0.000034 0.360529 2.470569 1.000000
-0.008067 0.326844 2.242778 0.000000
-0.229227 0.289508 2.438128 0.288462
-0.296941 0.018676 2.301498 1.000000
-0.049109 0.017355 2.606979 1.000000
-0.266621 0.056912 2.530340 0.144231
-0.020709 0.166628 2.242356 1.000000
0.220474 0.329523 2.647223 1.000000
0.193132 0.214670 2.440193 1.000000
0.475435 0.463081 2.714491 1.000000
0.215934 0.247003 2.495045 0.677885
0.493584 0.526367 2.729965 0.442308
-0.308141 -0.505211 2.459605 1.000000
-0.080593 -0.505619 2.526395 1.000000
-0.265271 -0.922401 2.545040 1.000000
-0.041813 -0.930104 2.565027 1.000000
-0.145996 -0.932424 2.436246 0.000000
0.084143 -0.927830 2.463574 0.000000
0.014679 0.562183 2.131330 1.000000
-0.242854 0.322406 2.197661 1.000000
0.021465 0.334471 2.434336 1.000000
-0.014185 0.296899 2.209824 0.000000
-0.210730 0.265917 2.430906 0.000000
-0.326992 0.001778 2.334974 1.000000
-0.043791 0.005625 2.607964 1.000000
-0.266802 0.052903 2.555231 0.000000
-0.062374 0.105515 2.228630 1.000000
0.235059 0.244032 2.598447 1.000000
0.177076 0.116918 2.400867 1.000000
0.515086 0.316979 2.658187 1.000000
0.217760 0.132362 2.452639 1.000000
0.557825 0.363991 2.681365 0.459135
-0.313040 -0.518740 2.494628 1.000000
-0.087063 -0.514422 2.533473 1.000000
-0.278635 -0.942013 2.547917 1.000000
-0.045345 -0.938579 2.572645 1.000000
-0.169174 -0.948089 2.428986 0.000000
0.066866 -0.938302 2.456147 0.000000
0.006253 0.509876 2.082386 1.000000
-0.244702 0.304126 2.198009 1.000000
0.039426 0.296718 2.410710 1.000000
-0.019247 0.257058 2.191456 0.000000
-0.197561 0.250754 2.429429 0.000000
-0.347912 -0.000188 2.359468 1.000000
-0.036726 -0.008697 2.599953 0.576923
-0.259198 0.056582 2.568411 0.000000
-0.125282 0.047753 2.221439 1.000000
0.244413 0.149479 2.541028 1.000000
0.131620 -0.009309 2.354999 1.000000
0.535845 0.131875 2.585827 1.000000
0.184975 -0.002556 2.396008 1.000000
0.589791 0.171036 2.574409 0.543269
-0.323529 -0.518015 2.531215 1.000000
-0.091416 -0.519485 2.542485 1.000000
-0.279606 -0.943231 2.552347 1.000000
-0.046761 -0.944768 2.560487 1.000000
-0.183186 -0.939723 2.422525 0.000000
0.053680 -0.939584 2.433807 0.000000
-0.016684 0.430291 2.030412 1.000000
-0.303724 0.251103 2.233174 1.000000
0.027609 0.213628 2.354991 1.000000
-0.095927 0.180099 2.163411 0.019231
-0.197135 0.193396 2.442780 0.000000
-0.397501 -0.031242 2.460911 1.000000
-0.022787 -0.084219 2.568262 0.336538
-0.229736 0.013036 2.617895 0.000000
-0.267739 -0.029900 2.248411 1.000000
0.197750 -0.006625 2.411157 1.000000
-0.019610 -0.184475 2.288153 1.000000
0.439824 -0.175520 2.418188 1.000000
0.040134 -0.203863 2.313229 1.000000
0.464106 -0.223372 2.377023 1.000000
-0.315509 -0.560040 2.573224 1.000000
-0.083130 -0.568933 2.521991 1.000000
-0.285350 -0.986918 2.566186 1.000000
-0.044081 -0.993823 2.555574 1.000000
-0.236997 -0.980959 2.411948 0.000000
0.010371 -1.000844 2.403427 0.000000
-0.082591 0.333318 2.001972 1.000000
-0.362448 0.239884 2.293038 1.000000
-0.016272 0.161239 2.294637 1.000000
-0.202580 0.139667 2.160800 0.000000
-0.196178 0.173849 2.456194 0.000000
-0.398454 -0.050166 2.512909 0.000000
-0.012719 -0.127300 2.512165 1.000000
-0.190879 -0.016176 2.615414 0.000000
-0.355596 -0.045525 2.289780 1.000000
0.084815 -0.105600 2.308632 1.000000
-0.203214 -0.295670 2.241220 1.000000
0.210358 -0.373013 2.277174 1.000000
-0.157376 -0.343282 2.255574 1.000000
0.254605 -0.423952 2.281796 0.189904
-0.308192 -0.583836 2.593338 1.000000
-0.080514 -0.602022 2.488893 1.000000
-0.285675 -1.010922 2.576769 1.000000
-0.038451 -1.025274 2.536569 1.000000
-0.279990 -1.004356 2.415252 0.000000
-0.023393 -1.041822 2.376374 0.000000
-0.129022 0.267651 1.992485 1.000000
-0.394336 0.248774 2.388960 1.000000
-0.084599 0.144616 2.250256 1.000000
-0.309897 0.143864 2.202006 0.000000
-0.183436 0.162264 2.470587 0.000000
-0.392981 -0.061152 2.611043 0.682692
-0.044051 -0.148352 2.451715 0.000000
-0.160236 -0.040899 2.624065 0.000000
-0.462994 -0.029638 2.375300 1.000000
-0.081005 -0.142118 2.233947 1.000000
-0.519778 -0.300899 2.264332 1.000000
-0.158871 -0.422158 2.165207 1.000000
-0.532538 -0.362403 2.239261 0.000000
-0.177300 -0.482463 2.140760 1.000000
-0.301906 -0.600022 2.584300 0.492308
-0.098836 -0.619363 2.439976 1.000000
-0.287377 -1.027735 2.578359 1.000000
-0.039180 -1.034494 2.525369 1.000000
-0.341862 -1.027470 2.426062 0.000000
-0.075766 -1.071266 2.372162 0.000000
-0.175476 0.252649 2.018039 1.000000
-0.390038 0.246429 2.438375 1.000000
-0.107939 0.199913 2.227944 1.000000
-0.338162 0.195787 2.219670 0.000000
-0.165966 0.157046 2.459074 0.000000
-0.354898 -0.067364 2.621592 0.326923
-0.034207 -0.137601 2.404876 1.000000
-0.122734 -0.046405 2.601336 0.000000
-0.644774 0.162958 2.539559 1.000000
-0.304023 -0.007367 2.200506 1.000000
-0.791032 0.046918 2.307349 1.000000
-0.589697 -0.091575 2.188116 1.000000
-0.852357 0.031223 2.283536 0.122596
-0.657036 -0.095590 2.192947 1.000000
-0.307336 -0.602316 2.569852 1.000000
-0.131012 -0.621644 2.405458 1.000000
-0.299296 -1.030211 2.564834 1.000000
-0.046541 -1.024187 2.523814 1.000000
-0.387432 -1.030277 2.429206 0.000000
-0.113350 -1.078470 2.386873 0.000000
-0.242982 0.302971 2.035192 1.000000
-0.305813 0.288927 2.493327 1.000000
-0.099203 0.218211 2.219339 1.000000
-0.318717 0.268809 2.267731 0.000000
-0.117103 0.149023 2.450680 0.187500
-0.317065 -0.043533 2.656276 0.384615
-0.067755 -0.125049 2.363119 1.000000
-0.095816 -0.042192 2.580137 0.158654
-0.545747 0.390563 2.611700 1.000000
-0.350558 0.081121 2.220345 1.000000
-0.671462 0.318293 2.351796 1.000000
-0.619158 0.194208 2.281269 1.000000
-0.685622 0.271811 2.304753 1.000000
-0.641063 0.255038 2.301117 1.000000
-0.307912 -0.581636 2.556710 1.000000
-0.150344 -0.615047 2.393898 1.000000
-0.299060 -1.009357 2.569404 1.000000
-0.043858 -1.011436 2.515227 1.000000
-0.413768 -1.015111 2.455509 0.000000
-0.137525 -1.072391 2.398292 0.000000
-0.279425 0.335448 2.077119 1.000000
-0.259728 0.292507 2.534178 0.115385
-0.215017 0.225171 2.193935 1.000000
-0.380861 0.280901 2.341552 0.000000
-0.121826 0.147779 2.401937 0.163462
-0.231657 -0.044292 2.694167 0.000000
-0.158080 -0.115889 2.314428 1.000000
-0.072835 -0.051069 2.522471 1.000000
-0.410159 0.384513 2.759602 0.000000
-0.479939 0.279474 2.287035 1.000000
-0.657483 0.338632 2.600532 0.000000
-0.496873 0.542227 2.425355 1.000000
-0.697946 0.298000 2.564674 0.000000
-0.559571 0.557049 2.445930 0.088942
-0.293366 -0.577804 2.552648 1.000000
-0.165912 -0.619962 2.383654 1.000000
-0.300893 -1.005387 2.569978 1.000000
-0.032116 -1.004886 2.514485 1.000000
-0.450880 -1.005201 2.509423 0.000000
-0.161739 -1.073222 2.445991 0.000000
-0.336919 0.414123 2.117772 1.000000
-0.106699 0.407206 2.534362 1.000000
-0.251200 0.294721 2.230237 1.000000
-0.303093 0.422456 2.414843 0.000000
-0.097108 0.208719 2.396025 0.000000
-0.157875 0.024854 2.661135 0.432692
-0.314997 -0.063634 2.311529 1.000000
-0.121590 -0.012991 2.433098 0.158654
-0.092875 0.548805 2.782695 0.000000
-0.518419 0.289469 2.330925 1.000000
-0.383888 0.611161 2.783631 0.000000
-0.443791 0.547323 2.458020 1.000000
-0.449097 0.593305 2.781885 0.000000
-0.429489 0.606187 2.488095 0.000000
-0.291041 -0.520047 2.559318 1.000000
-0.172820 -0.562253 2.397321 1.000000
-0.294406 -0.947570 2.579253 1.000000
-0.038454 -0.955565 2.499477 1.000000
-0.456149 -0.946258 2.580093 0.000000
-0.187282 -0.993166 2.550463 0.000000
-0.365619 0.536335 2.217877 1.000000
-0.084549 0.438278 2.509398 1.000000
-0.295447 0.367076 2.239670 1.000000
-0.297646 0.475707 2.442851 0.000000
-0.114852 0.257095 2.357634 0.019231
-0.131512 0.050458 2.632263 1.000000
-0.374583 -0.009051 2.328755 1.000000
-0.153704 0.015476 2.401973 0.048077
0.049672 0.574327 2.722045 1.000000
-0.403172 0.138064 2.371527 1.000000
-0.041438 0.845745 2.641872 1.000000
-0.487394 0.421732 2.394014 1.000000
-0.060905 0.908097 2.624342 0.000000
-0.461996 0.470958 2.432818 1.000000
-0.299150 -0.488083 2.567260 0.400000
-0.190838 -0.513660 2.411765 1.000000
-0.300203 -0.915966 2.577239 1.000000
-0.051642 -0.911118 2.488157 1.000000
-0.453405 -0.914379 2.629102 0.000000
-0.179457 -0.937516 2.583705 0.000000
-0.424457 0.464772 2.229289 1.000000
-0.071305 0.412374 2.474289 1.000000
-0.345121 0.385882 2.249906 1.000000
-0.295859 0.462392 2.461584 0.000000
-0.148262 0.256460 2.305783 0.206731
-0.115005 0.042854 2.600046 1.000000
-0.412402 0.009780 2.344698 1.000000
-0.181133 0.026263 2.376212 0.187500
0.111339 0.376586 2.690974 1.000000
-0.428865 0.153476 2.392353 1.000000
0.003494 0.648788 2.741060 1.000000
-0.494362 0.442015 2.372588 0.961538
-0.001465 0.715810 2.748646 0.560096
-0.498683 0.471310 2.433393 0.543269
-0.299827 -0.486387 2.571202 0.103846
-0.202666 -0.500922 2.414795 1.000000
-0.303196 -0.914045 2.587970 1.000000
-0.045113 -0.892800 2.484023 1.000000
-0.431657 -0.909184 2.686140 0.000000
-0.146581 -0.911592 2.608579 0.000000
-0.432514 0.538282 2.254023 0.822115
-0.022185 0.379157 2.430529 1.000000
-0.261921 0.290553 2.184154 1.000000
-0.250402 0.368583 2.400640 0.129808
-0.042311 0.215522 2.253204 0.149038
-0.015618 0.041507 2.594294 0.461538
-0.294423 0.018136 2.317774 1.000000
-0.067737 -0.004969 2.370970 0.466346
0.031638 0.239064 2.673215 0.000000
-0.476525 0.157311 2.315971 1.000000
0.070353 0.510150 2.787496 0.000000
-0.498802 0.442828 2.391972 0.057692
0.080232 0.570225 2.816949 0.000000
-0.503668 0.507987 2.409425 0.000000
-0.262673 -0.470069 2.547797 1.000000
-0.010845 -0.448130 2.454850 1.000000
-0.288786 -0.896085 2.579623 1.000000
-0.006999 -0.871425 2.518017 1.000000
-0.443217 -0.883157 2.625959 0.000000
-0.007667 -0.847558 2.677995 0.000000
-0.260407 0.636236 2.286314 1.000000
-0.007844 0.379381 2.402816 1.000000
-0.165715 0.203698 2.139649 1.000000
-0.217916 0.339351 2.317052 0.000000
0.025254 0.171440 2.283271 0.000000
-0.036756 0.035641 2.626392 1.000000
-0.228922 -0.037212 2.290972 0.682692
-0.024411 -0.038059 2.404658 0.014423
-0.277638 0.299739 2.449387 1.000000
-0.430490 0.200421 2.244393 1.000000
-0.409833 0.125891 2.649935 1.000000
-0.493889 0.449205 2.391958 0.000000
-0.445010 0.068131 2.650542 1.000000
-0.508077 0.506363 2.425211 0.000000
-0.270164 -0.483217 2.531842 1.000000
-0.010230 -0.504373 2.473435 1.000000
-0.273764 -0.908420 2.580564 1.000000
0.059688 -0.924497 2.515767 1.000000
-0.430815 -0.911511 2.541982 0.000000
-0.073793 -0.937601 2.606178 0.000000
-0.181400 0.582857 2.330131 1.000000
0.015409 0.365093 2.439042 0.894231
-0.058625 0.177107 2.147144 1.000000
-0.151746 0.338466 2.282715 0.000000
0.059401 0.142082 2.355636 0.000000
-0.091583 0.018603 2.656944 1.000000
-0.153088 -0.056856 2.275808 0.990385
-0.002641 -0.059228 2.455000 0.043269
-0.264532 0.320953 2.469543 1.000000
-0.340353 0.187468 2.186714 1.000000
-0.427175 0.133267 2.631343 1.000000
-0.470320 0.396334 2.351407 0.076923
-0.461711 0.075199 2.628273 1.000000
-0.493516 0.446491 2.390398 0.000000
-0.270650 -0.509078 2.524444 1.000000
-0.003334 -0.528590 2.477265 1.000000
-0.267431 -0.933266 2.581345 1.000000
0.092023 -0.940196 2.545615 1.000000
-0.413100 -0.943699 2.511813 0.000000
-0.063634 -0.971053 2.576951 0.158654
-0.165117 0.541452 2.292734 1.000000
-0.003401 0.351460 2.518575 1.000000
0.044708 0.150938 2.229609 1.000000
-0.104838 0.302557 2.317560 0.019231
0.089176 0.133756 2.466998 0.490385
-0.170900 -0.006735 2.663839 0.288462
-0.092824 -0.095166 2.288572 1.000000
-0.014694 -0.086494 2.508959 0.418269
-0.268194 0.260409 2.466707 1.000000
-0.200631 0.092360 2.098078 1.000000
-0.477077 0.088535 2.587224 1.000000
-0.467513 0.134799 2.218423 0.000000
-0.512063 0.041549 2.553425 1.000000
-0.528447 0.144440 2.246139 0.000000
-0.258313 -0.548982 2.499629 1.000000
0.009274 -0.564170 2.483652 1.000000
-0.263824 -0.966939 2.591639 1.000000
-0.007212 -0.985406 2.557626 1.000000
-0.367852 -0.992258 2.470394 0.000000
-0.165972 -0.984628 2.526675 0.000000
-0.141045 0.488206 2.443534 1.000000
-0.056069 0.300309 2.568432 0.980769
0.117904 0.132280 2.308577 1.000000
-0.048000 0.289356 2.338426 0.091346
0.039216 0.080771 2.531693 0.000000
-0.260928 -0.001213 2.585842 1.000000
-0.030029 -0.104505 2.284582 1.000000
-0.048594 -0.069578 2.515201 0.302885
-0.333534 0.260047 2.519433 1.000000
-0.060080 0.006421 2.126000 1.000000
-0.495967 0.012746 2.527182 1.000000
-0.336959 0.095055 2.180002 0.115385
-0.508869 -0.016475 2.467569 1.000000
-0.399900 0.115838 2.193438 0.000000
-0.254365 -0.560451 2.480860 1.000000
0.015370 -0.569535 2.493233 1.000000
-0.275337 -0.974769 2.586146 1.000000
-0.010413 -0.991347 2.561011 1.000000
-0.347918 -1.006909 2.445213 0.000000
-0.142369 -0.998271 2.467723 0.000000
-0.107225 0.467716 2.432407 1.000000
-0.144214 0.277576 2.572251 0.701923
0.142820 0.159946 2.399626 1.000000
-0.033886 0.305178 2.371866 0.346154
-0.021097 0.069938 2.553430 0.000000
-0.326568 -0.070496 2.525862 1.000000
0.021240 -0.122699 2.349664 1.000000
-0.096120 -0.102258 2.551056 0.000000
-0.402825 0.159067 2.569800 1.000000
0.069534 -0.039957 2.211324 1.000000
-0.474497 -0.071119 2.398351 1.000000
-0.123898 -0.253238 2.144536 1.000000
-0.475983 -0.120821 2.352508 1.000000
-0.167702 -0.302323 2.128858 0.000000
-0.241742 -0.620869 2.482302 1.000000
0.028164 -0.608849 2.521286 1.000000
-0.284474 -1.026891 2.610771 1.000000
-0.016217 -1.032810 2.559650 1.000000
-0.326849 -1.069911 2.460715 0.000000
-0.082252 -1.039246 2.412134 0.000000
-0.053216 0.477413 2.389160 1.000000
-0.185020 0.282642 2.422215 1.000000
0.151861 0.219834 2.514905 1.000000
0.025972 0.274925 2.329959 0.331731
-0.067491 0.138323 2.577086 0.000000
-0.319016 -0.063478 2.388712 1.000000
0.059820 -0.101905 2.487445 0.326923
-0.161356 -0.080557 2.560763 0.000000
-0.393553 0.135783 2.547802 1.000000
0.128809 -0.027486 2.377040 1.000000
-0.386878 -0.119226 2.398367 1.000000
0.052252 -0.310572 2.412760 1.000000
-0.371934 -0.179243 2.371006 1.000000
0.060869 -0.368816 2.446038 0.711538
-0.236302 -0.604138 2.490376 1.000000
0.017499 -0.615253 2.514346 1.000000
-0.290679 -1.015790 2.594158 1.000000
-0.009790 -1.040413 2.555314 1.000000
-0.242148 -1.059506 2.446183 0.000000
0.041317 -1.058380 2.402906 0.000000
-0.141336 0.524123 2.454915 1.000000
-0.261759 0.364043 2.434967 1.000000
0.087251 0.370120 2.499622 1.000000
-0.061516 0.396221 2.325625 0.115385
-0.106027 0.248294 2.579797 0.000000
-0.306341 0.010210 2.393166 1.000000
0.077277 -0.029720 2.470527 0.336538
-0.139370 -0.007614 2.556116 0.000000
-0.387373 0.126409 2.523782 1.000000
0.134674 0.095716 2.449741 1.000000
-0.346676 -0.146162 2.420301 1.000000
0.082461 -0.188161 2.392852 1.000000
-0.344246 -0.209864 2.397712 0.963942
0.063881 -0.251396 2.408026 1.000000
-0.233087 -0.533280 2.467701 1.000000
0.008103 -0.548049 2.491424 1.000000
-0.278657 -0.943085 2.582451 1.000000
0.007131 -0.970243 2.561676 1.000000
-0.245279 -0.989191 2.431047 0.000000
0.042507 -0.996229 2.405996 0.000000
-0.161649 0.670187 2.377926 1.000000
-0.323780 0.397570 2.513006 1.000000
0.027524 0.409794 2.463392 1.000000
-0.169104 0.456217 2.352620 0.000000
-0.130511 0.267726 2.579443 0.000000
-0.322349 0.062788 2.462974 0.490385
0.067181 0.066557 2.408261 0.692308
-0.109917 0.053429 2.560622 0.000000
-0.382421 0.118426 2.503597 1.000000
0.120610 0.141186 2.486834 1.000000
-0.348049 -0.164799 2.421865 1.000000
0.108789 -0.151927 2.442876 1.000000
-0.339956 -0.231384 2.413202 0.846154
0.094885 -0.218100 2.444259 1.000000
-0.231538 -0.471366 2.433055 1.000000
-0.005360 -0.465848 2.467068 1.000000
-0.262343 -0.881583 2.551194 1.000000
0.026889 -0.884081 2.552073 1.000000
-0.283684 -0.924473 2.396701 0.000000
0.006583 -0.917545 2.395130 0.000000
-0.162526 0.686144 2.349775 1.000000
-0.337541 0.394348 2.500483 1.000000
0.015692 0.405023 2.466751 1.000000
-0.175553 0.449491 2.346186 0.000000
-0.147830 0.265582 2.578298 0.000000
-0.343275 0.031887 2.451291 1.000000
0.048735 0.034748 2.418713 0.817308
-0.136734 0.024263 2.560984 0.000000
-0.403544 0.114582 2.497220 1.000000
0.094918 0.130459 2.496958 1.000000
-0.376327 -0.170503 2.411504 1.000000
0.093602 -0.166445 2.463167 1.000000
-0.354977 -0.234672 2.410744 1.000000
0.082044 -0.232726 2.456293 1.000000
-0.233912 -0.503168 2.448857 1.000000
-0.010921 -0.494923 2.481303 1.000000
-0.268760 -0.912286 2.569654 1.000000
0.010760 -0.914190 2.564547 1.000000
-0.278456 -0.957247 2.414582 0.000000
0.000149 -0.946150 2.406341 0.000000
-0.164504 0.691646 2.356854 1.000000
-0.348430 0.392779 2.496016 1.000000
0.005596 0.407371 2.474159 1.000000
-0.182044 0.453575 2.348682 0.000000
-0.160149 0.263494 2.576403 0.000000
-0.354787 0.031008 2.440534 1.000000
0.038475 0.033887 2.431662 0.701923
-0.155246 0.024770 2.562578 0.000000
-0.418804 0.112852 2.492702 1.000000
0.085519 0.130899 2.495317 1.000000
-0.401556 -0.172255 2.400393 1.000000
0.083203 -0.165961 2.451502 1.000000
-0.378145 -0.235676 2.398433 1.000000
0.073699 -0.231992 2.440387 1.000000
-0.240118 -0.503939 2.451676 1.000000
-0.016832 -0.495622 2.485406 1.000000
-0.267771 -0.909194 2.586539 1.000000
0.004312 -0.914739 2.569541 1.000000
-0.268261 -0.960238 2.433054 0.000000
0.004076 -0.946585 2.410957 0.000000
-0.183002 0.693498 2.363090 1.000000
