-0.339381 0.369768 2.548738 0.346154
-0.010382 0.394344 2.417662 1.000000
-0.225125 0.464630 2.372571 0.274038
-0.143173 0.228658 2.534026 0.000000
-0.432607 0.046315 2.527606 1.000000
-0.084361 0.009977 2.370421 1.000000
-0.208243 0.011474 2.564176 0.000000
-0.420792 0.139798 2.406533 1.000000
0.083172 0.136176 2.472617 1.000000
-0.355530 0.426065 2.402233 1.000000
-0.020809 -0.109265 2.355342 1.000000
-0.338985 0.491633 2.401179 0.223558
-0.033881 -0.174964 2.364660 1.000000
-0.223735 -0.473813 2.396771 1.000000
-0.014691 -0.468195 2.473211 1.000000
-0.269185 -0.870400 2.551162 1.000000
-0.019934 -0.886144 2.565271 1.000000
-0.192012 -0.929564 2.421906 0.000000
-0.057361 -0.919546 2.411496 0.000000
-0.142664 0.640816 2.321780 1.000000
-0.343625 0.374070 2.535882 0.557692
-0.004719 0.391980 2.431733 1.000000
-0.214195 0.463125 2.367344 0.274038
-0.148554 0.230726 2.540978 0.000000
-0.425913 0.029103 2.468058 1.000000
-0.052999 0.033159 2.377386 0.875000
-0.209499 0.029715 2.545869 0.000000
-0.403944 0.133855 2.400010 1.000000
0.089377 0.133006 2.484213 1.000000
-0.347433 0.421994 2.391007 1.000000
-0.050312 -0.060625 2.316661 1.000000
-0.312121 0.479202 2.398375 0.307692
-0.072391 -0.123837 2.326190 1.000000
-0.215715 -0.491272 2.398624 1.000000
-0.016357 -0.473426 2.476734 1.000000
-0.261651 -0.890310 2.546417 1.000000
-0.021010 -0.892313 2.564463 1.000000
-0.213009 -0.948781 2.403664 0.000000
-0.037597 -0.925118 2.406945 0.000000
-0.138502 0.647113 2.329187 1.000000
-0.343470 0.367677 2.525162 0.778846
-0.000573 0.389213 2.435814 1.000000
-0.208080 0.455396 2.360654 0.302885
-0.146528 0.227835 2.542023 0.000000
-0.411969 0.002329 2.462327 1.000000
-0.037839 0.029706 2.381212 0.519231
-0.197763 0.011720 2.545501 0.000000
-0.402474 0.127857 2.387877 1.000000
0.100101 0.132747 2.489794 1.000000
-0.338306 0.414596 2.385899 1.000000
-0.043929 -0.048270 2.311671 1.000000
-0.308902 0.471171 2.408455 0.358173
-0.092145 -0.093399 2.297089 0.980769
-0.218721 -0.517570 2.409419 1.000000
-0.014709 -0.488410 2.481203 1.000000
-0.266814 -0.912994 2.565980 1.000000
-0.018110 -0.906219 2.573986 1.000000
-0.241950 -0.974436 2.418435 0.000000
-0.033779 -0.940998 2.416798 0.000000
-0.143076 0.649151 2.333083 1.000000
-0.342992 0.362152 2.519622 0.442308
0.001028 0.388756 2.436151 1.000000
-0.206257 0.449817 2.356200 0.278846
-0.143826 0.226338 2.542282 0.000000
-0.408061 0.000116 2.456625 1.000000
-0.033203 0.027843 2.379070 0.442308
-0.194627 0.009121 2.541802 0.000000
-0.407747 0.122222 2.385022 1.000000
0.101914 0.131657 2.487922 1.000000
-0.334596 0.406862 2.382318 1.000000
-0.047918 -0.040884 2.305811 1.000000
-0.298570 0.454218 2.414468 0.661058
-0.087137 -0.095671 2.299959 1.000000
-0.216380 -0.520584 2.414785 1.000000
-0.014546 -0.490613 2.482884 1.000000
-0.264482 -0.917581 2.567308 1.000000
-0.019640 -0.908674 2.574446 1.000000
-0.242602 -0.977360 2.418611 0.000000
-0.035000 -0.942944 2.417116 0.000000
-0.133546 0.650050 2.337062 1.000000
-0.343599 0.359792 2.514520 0.519231
0.003269 0.390316 2.445410 1.000000
-0.201204 0.448745 2.356726 0.302885
-0.143964 0.226403 2.545815 0.000000
-0.373017 -0.004557 2.471906 1.000000
-0.000086 0.023520 2.385670 1.000000
-0.157558 0.002780 2.551991 0.000000
-0.393811 0.115390 2.381592 1.000000
0.114473 0.133967 2.477871 1.000000
-0.333934 0.403213 2.382775 1.000000
-0.052788 0.012373 2.270954 1.000000
-0.305073 0.453889 2.417025 0.661058
-0.049212 -0.054252 2.259888 1.000000
-0.218453 -0.529725 2.419320 1.000000
-0.015111 -0.503990 2.488156 1.000000
-0.264755 -0.924791 2.577317 1.000000
-0.021601 -0.923867 2.570895 1.000000
-0.269418 -0.984358 2.427007 0.000000
-0.048076 -0.954324 2.414260 0.000000
-0.134081 0.651768 2.342173 1.000000
-0.345824 0.359674 2.508613 0.586538
0.002611 0.394908 2.450506 1.000000
-0.199722 0.454618 2.357856 0.201923
-0.146073 0.226825 2.541429 0.000000
-0.379200 -0.002911 2.469718 1.000000
-0.005034 0.028349 2.390186 1.000000
-0.165110 0.003681 2.553457 0.000000
-0.391829 0.112888 2.378495 1.000000
0.104371 0.133166 2.469862 1.000000
-0.334827 0.401343 2.380061 1.000000
-0.062829 0.002765 2.268051 1.000000
-0.304117 0.448926 2.417031 0.762019
-0.104478 -0.025675 2.222989 0.000000
-0.218361 -0.526784 2.422262 1.000000
-0.015555 -0.498873 2.489580 1.000000
-0.265430 -0.922268 2.578983 1.000000
-0.019518 -0.917946 2.576449 1.000000
-0.267915 -0.981595 2.428526 0.000000
-0.042188 -0.950247 2.419587 0.000000
-0.137237 0.658747 2.351366 1.000000
-0.346420 0.361241 2.503872 0.769231
0.003255 0.395028 2.452778 1.000000
-0.196902 0.451949 2.353858 0.230769
-0.147476 0.229506 2.545021 0.000000
-0.375372 -0.004255 2.449418 1.000000
0.004040 0.024058 2.398941 1.000000
-0.168375 0.001544 2.549462 0.000000
-0.386598 0.113630 2.373300 1.000000
0.118569 0.139995 2.484292 1.000000
-0.323277 0.400814 2.373751 1.000000
-0.053503 0.024473 2.277326 1.000000
-0.303923 0.452735 2.412528 0.627404
-0.096292 -0.000522 2.231299 0.000000
-0.217629 -0.529913 2.427613 1.000000
-0.014530 -0.502990 2.494702 1.000000
-0.268127 -0.932867 2.562750 1.000000
-0.009358 -0.920982 2.586575 1.000000
-0.267641 -0.984352 2.409414 0.000000
-0.022025 -0.955748 2.429114 0.000000
-0.125554 0.648516 2.334112 1.000000
-0.343257 0.351069 2.511090 0.461538
0.004203 0.395309 2.453301 1.000000
-0.199437 0.446338 2.358356 0.254808
-0.139720 0.225280 2.548182 0.000000
-0.366160 -0.021828 2.454065 1.000000
0.009882 0.039162 2.407425 1.000000
-0.161224 0.000217 2.556072 0.000000
-0.375611 0.111885 2.363605 1.000000
0.116579 0.137953 2.477707 1.000000
-0.322513 0.401167 2.367596 1.000000
-0.049592 0.005801 2.275603 1.000000
-0.296164 0.448601 2.407967 0.812500
-0.091837 -0.021121 2.230165 0.000000
-0.219057 -0.538266 2.428662 1.000000
-0.013236 -0.500479 2.493182 1.000000
-0.264514 -0.938040 2.574604 1.000000
-0.014596 -0.919011 2.582698 1.000000
-0.268838 -0.993054 2.422558 0.000000
-0.024273 -0.952750 2.424802 0.000000
-0.122829 0.641651 2.335651 1.000000
-0.340280 0.342823 2.507745 0.403846
0.006902 0.393831 2.454006 1.000000
-0.196467 0.439000 2.355575 0.240385
-0.134590 0.222079 2.549439 0.000000
-0.335980 -0.031179 2.445098 0.528846
0.039327 0.028950 2.391885 1.000000
-0.130252 -0.002918 2.543929 0.000000
-0.360506 0.110184 2.348070 1.000000
0.106680 0.134039 2.499630 1.000000
-0.325464 0.401525 2.368862 1.000000
0.080838 -0.122024 2.359040 1.000000
-0.289968 0.447734 2.403196 0.879808
0.073752 -0.180345 2.325536 0.000000
-0.222107 -0.548307 2.435029 1.000000
-0.019800 -0.511517 2.501673 1.000000
-0.262887 -0.948999 2.579830 1.000000
-0.015832 -0.933170 2.575005 1.000000
-0.279826 -1.002142 2.428001 0.000000
-0.040925 -0.960778 2.417616 0.000000
-0.133347 0.649018 2.348912 1.000000
-0.338174 0.336304 2.505192 0.326923
0.009568 0.393211 2.462039 1.000000
-0.191565 0.436249 2.358206 0.221154
-0.131898 0.218324 2.551637 0.000000
-0.350091 -0.021330 2.430833 0.778846
0.025926 0.037182 2.380930 1.000000
-0.144546 0.002179 2.531276 0.000000
-0.353913 0.114662 2.330062 1.000000
0.100622 0.129109 2.501452 1.000000
-0.318138 0.404519 2.365587 1.000000
0.139706 -0.130417 2.370334 1.000000
-0.282028 0.450986 2.398917 1.000000
0.114586 -0.187431 2.344021 1.000000
-0.222728 -0.538429 2.439871 1.000000
-0.020859 -0.496524 2.506983 1.000000
-0.257311 -0.942545 2.576538 1.000000
-0.014568 -0.918507 2.578221 1.000000
-0.271137 -0.993112 2.423519 0.000000
-0.031285 -0.945530 2.419623 0.000000
-0.120479 0.631435 2.333904 1.000000
-0.345748 0.336883 2.487250 0.192308
0.004338 0.395229 2.479511 1.000000
-0.185714 0.439344 2.356948 0.125000
-0.144627 0.218701 2.552129 0.000000
-0.327717 -0.004029 2.405581 0.269231
0.055055 0.018580 2.388938 1.000000
-0.130215 -0.003421 2.523405 0.000000
-0.332547 0.129114 2.295616 1.000000
0.110381 0.136383 2.517384 1.000000
-0.310145 0.417489 2.349659 1.000000
0.204626 -0.087658 2.352794 1.000000
-0.270621 0.457542 2.387178 0.879808
0.192719 -0.147862 2.324373 1.000000
-0.223536 -0.530332 2.444527 1.000000
-0.018286 -0.502804 2.517443 1.000000
-0.253995 -0.940141 2.564163 1.000000
-0.013888 -0.925596 2.583863 1.000000
-0.259300 -0.985081 2.408872 0.000000
-0.017843 -0.950731 2.424126 0.000000
-0.114202 0.626705 2.330506 1.000000
-0.350060 0.334117 2.463427 0.125000
-0.001592 0.397041 2.488636 1.000000
-0.179750 0.438397 2.348501 0.062500
-0.154473 0.218725 2.547429 0.000000
-0.327588 -0.000403 2.366943 0.807692
0.054794 0.026260 2.386317 1.000000
-0.143620 0.024991 2.502594 0.000000
-0.302713 0.139377 2.259634 1.000000
0.118745 0.142454 2.534115 1.000000
-0.301192 0.426804 2.335330 1.000000
0.256774 -0.047433 2.352795 1.000000
-0.260870 0.462131 2.376563 0.980769
0.258211 -0.090441 2.300619 0.762019
-0.225408 -0.523164 2.446627 1.000000
-0.024566 -0.498566 2.515219 1.000000
-0.254896 -0.930878 2.573450 1.000000
-0.013336 -0.921168 2.582047 1.000000
-0.245657 -0.979451 2.419442 0.000000
-0.002765 -0.946104 2.422580 0.000000
-0.106151 0.632465 2.337816 1.000000
-0.290629 0.396790 2.351224 1.000000
0.005904 0.384210 2.545993 1.000000
-0.064660 0.438113 2.333382 0.000000
-0.199873 0.257941 2.527605 0.000000
-0.266064 0.005398 2.260340 1.000000
0.053115 0.044309 2.469895 0.201923
-0.176860 0.044514 2.468674 0.000000
-0.218212 0.139272 2.239700 1.000000
0.133053 0.124307 2.543219 1.000000
-0.347395 0.406984 2.289461 1.000000
0.328682 0.004045 2.348785 1.000000
-0.312567 0.453065 2.324641 0.560096
0.348497 -0.042845 2.304256 0.728365
-0.227730 -0.500669 2.449062 1.000000
-0.027181 -0.493320 2.508994 1.000000
-0.250625 -0.912414 2.563632 1.000000
-0.016117 -0.915823 2.576468 1.000000
-0.161775 -0.953210 2.434774 0.000000
0.073665 -0.934745 2.443261 0.000000
-0.099806 0.677821 2.319745 1.000000
-0.299274 0.390026 2.333815 1.000000
-0.044342 0.388741 2.580864 1.000000
-0.079125 0.451886 2.362025 0.000000
-0.229636 0.246896 2.516272 0.000000
-0.228285 0.012457 2.257156 1.000000
0.034001 0.033721 2.536541 1.000000
-0.189390 0.039515 2.482200 0.000000
-0.136093 0.176140 2.232419 1.000000
0.150601 0.179255 2.557187 1.000000
-0.292622 0.430620 2.243494 1.000000
0.415197 0.124802 2.429978 1.000000
-0.293488 0.466244 2.300976 0.543269
0.461580 0.130778 2.381121 0.812500
-0.231697 -0.501447 2.439490 1.000000
-0.030140 -0.504422 2.512150 1.000000
-0.242878 -0.916152 2.544747 1.000000
-0.012513 -0.928069 2.570430 1.000000
-0.127930 -0.947049 2.435223 0.000000
0.105618 -0.938289 2.460413 0.000000
-0.093956 0.667783 2.335616 1.000000
-0.299335 0.384165 2.291696 1.000000
-0.053959 0.388742 2.548201 1.000000
-0.079405 0.443737 2.325903 0.000000
-0.239026 0.247294 2.482103 0.000000
-0.253907 0.019176 2.290681 1.000000
0.025932 0.034848 2.552877 0.826923
-0.200480 0.022929 2.514336 0.000000
-0.096737 0.202327 2.205639 1.000000
0.184648 0.236266 2.582359 1.000000
-0.185867 0.482561 2.246584 1.000000
0.463594 0.220859 2.482748 1.000000
-0.225877 0.494588 2.299769 0.475962
0.513442 0.235248 2.439363 0.576923
-0.225095 -0.504611 2.429724 1.000000
-0.025591 -0.503662 2.512532 1.000000
-0.239693 -0.915030 2.550251 1.000000
-0.007709 -0.926425 2.576842 1.000000
-0.134768 -0.953138 2.433198 0.000000
0.103029 -0.939564 2.459677 0.000000
-0.082442 0.676780 2.335043 1.000000
-0.278994 0.393905 2.268419 1.000000
-0.059353 0.371301 2.546397 1.000000
-0.056505 0.421541 2.321551 0.000000
-0.256991 0.256464 2.466539 0.259615
-0.233511 0.018894 2.273707 1.000000
0.006165 0.032874 2.573144 1.000000
-0.212276 0.018325 2.502702 0.000000
-0.048018 0.238542 2.205962 1.000000
0.204598 0.289936 2.616728 1.000000
0.221514 0.210581 2.326725 1.000000
0.492544 0.323496 2.555000 1.000000
0.272513 0.208920 2.371114 0.812500
0.538784 0.371605 2.543981 0.341346
-0.223539 -0.504055 2.422422 1.000000
-0.024932 -0.505002 2.514552 1.000000
-0.236624 -0.913126 2.547616 1.000000
-0.018165 -0.928174 2.578300 1.000000
-0.116541 -0.948333 2.445129 0.000000
0.108337 -0.941209 2.478348 0.000000
-0.076011 0.682773 2.340508 1.000000
-0.278798 0.399259 2.267690 1.000000
-0.079488 0.355854 2.557704 1.000000
-0.064940 0.438999 2.343673 0.000000
-0.257422 0.236465 2.445642 0.750000
-0.208868 0.029778 2.267383 1.000000
0.002161 0.007534 2.587187 1.000000
-0.209212 0.015445 2.496914 0.836538
-0.022614 0.281264 2.226877 1.000000
0.186542 0.330353 2.656511 0.000000
0.231570 0.284166 2.379230 1.000000
0.453917 0.457965 2.652204 0.000000
0.268527 0.302498 2.432822 1.000000
0.486110 0.517145 2.646253 0.000000
-0.222462 -0.502411 2.416744 1.000000
-0.026694 -0.519262 2.520339 1.000000
-0.232389 -0.910811 2.544397 1.000000
-0.014571 -0.943381 2.576554 1.000000
-0.102217 -0.942323 2.453704 0.000000
0.121086 -0.951135 2.488803 0.000000
-0.075332 0.665288 2.336587 1.000000
-0.217684 0.405753 2.249254 1.000000
-0.080714 0.368654 2.574658 1.000000
-0.016401 0.422661 2.360101 0.000000
-0.254248 0.264021 2.442130 1.000000
-0.192432 0.013736 2.245860 1.000000
-0.039436 0.026036 2.597632 1.000000
-0.231925 0.013353 2.472422 1.000000
0.042319 0.291739 2.272018 1.000000
0.156789 0.308130 2.719966 0.000000
0.235625 0.349410 2.488880 1.000000
0.440501 0.383329 2.760530 0.000000
0.263528 0.370182 2.546880 1.000000
0.485493 0.433783 2.758469 0.000000
-0.224272 -0.506237 2.416708 1.000000
-0.023182 -0.509183 2.517191 1.000000
-0.226589 -0.916144 2.539814 1.000000
-0.013423 -0.933283 2.574008 1.000000
-0.082319 -0.937928 2.469995 0.000000
0.135112 -0.938416 2.510180 0.000000
-0.059359 0.684265 2.329622 1.000000
-0.204353 0.373704 2.229324 1.000000
-0.186146 0.367320 2.583799 0.000000
-0.050535 0.394814 2.399566 0.000000
-0.313155 0.255611 2.410548 1.000000
-0.140496 -0.003987 2.222163 1.000000
-0.111023 0.049021 2.601140 1.000000
-0.250682 0.004896 2.423831 1.000000
0.066512 0.309309 2.288610 1.000000
-0.014688 0.305524 2.802817 0.000000
0.217837 0.389852 2.529937 1.000000
0.243387 0.363518 2.936335 0.000000
0.236003 0.413014 2.590827 0.677885
0.291510 0.409372 2.948807 0.000000
-0.229842 -0.503401 2.413017 1.000000
-0.022734 -0.492274 2.512757 1.000000
-0.221042 -0.913173 2.536279 1.000000
-0.015623 -0.915424 2.576611 1.000000
-0.060673 -0.916015 2.515383 0.000000
0.142513 -0.917884 2.542699 0.000000
-0.060290 0.653330 2.338726 1.000000
-0.191122 0.376609 2.220176 1.000000
-0.217083 0.345600 2.572865 0.288462
-0.062728 0.398616 2.410225 0.000000
-0.309782 0.236207 2.377760 0.000000
-0.142528 0.000741 2.227467 1.000000
-0.167353 0.013305 2.610258 0.000000
-0.277377 -0.025014 2.411973 1.000000
0.073708 0.326247 2.310952 1.000000
-0.075304 0.267232 2.807263 0.000000
0.169400 0.434675 2.568990 0.653846
0.149535 0.318123 2.993409 0.000000
0.186568 0.458921 2.629747 0.778846
0.191624 0.362432 3.022378 0.000000
-0.232297 -0.511212 2.406445 1.000000
-0.021324 -0.507691 2.515752 1.000000
-0.221206 -0.918806 2.536555 1.000000
-0.018162 -0.932149 2.570617 1.000000
-0.059577 -0.913402 2.539706 0.033654
0.143571 -0.930702 2.572488 0.000000
-0.042069 0.625576 2.336983 1.000000
-0.173235 0.363294 2.220458 1.000000
-0.239976 0.336358 2.568085 0.201923
-0.069095 0.392154 2.423952 0.000000
-0.305381 0.221271 2.365346 0.057692
-0.120875 0.015010 2.233808 1.000000
-0.169992 -0.005715 2.613888 0.000000
-0.269189 -0.016674 2.406693 1.000000
0.090072 0.314464 2.315995 1.000000
-0.127971 0.255751 2.817369 0.000000
0.150227 0.435019 2.579187 0.009615
0.065681 0.303237 3.036543 0.000000
0.163332 0.462840 2.639422 1.000000
0.102364 0.346007 3.073948 0.000000
-0.235127 -0.505807 2.401782 1.000000
-0.025023 -0.518156 2.520235 1.000000
-0.225060 -0.912715 2.534105 1.000000
-0.021987 -0.942298 2.577499 1.000000
-0.067179 -0.898368 2.566211 0.000000
0.138698 -0.938693 2.595675 0.000000
-0.034330 0.605910 2.336733 1.000000
-0.157357 0.349243 2.216625 1.000000
-0.231364 0.327551 2.563147 0.778846
-0.055226 0.373129 2.421775 0.000000
-0.299646 0.215419 2.359701 0.000000
-0.107979 -0.004953 2.235780 1.000000
-0.175585 -0.010632 2.613536 0.000000
-0.265871 -0.020626 2.402257 1.000000
0.098491 0.317218 2.336189 1.000000
-0.131791 0.232320 2.812549 0.000000
0.140241 0.458961 2.592159 0.365385
0.053953 0.256881 3.042089 0.000000
0.151888 0.487125 2.652534 1.000000
0.091678 0.294256 3.083969 0.000000
-0.237762 -0.521419 2.407508 1.000000
-0.028500 -0.526984 2.523507 1.000000
-0.221451 -0.928326 2.539207 1.000000
-0.023910 -0.952340 2.570787 1.000000
-0.065281 -0.909821 2.577041 0.000000
0.135972 -0.947934 2.594901 0.000000
-0.024632 0.598715 2.332418 1.000000
-0.156644 0.360111 2.193993 1.000000
-0.225509 0.336662 2.541460 0.721154
-0.051960 0.384809 2.397756 0.000000
-0.295207 0.224152 2.338705 0.000000
-0.110793 -0.007391 2.242227 1.000000
-0.188858 -0.008700 2.618002 0.000000
-0.273761 -0.014394 2.404345 1.000000
0.088774 0.293968 2.320848 1.000000
-0.125976 0.228522 2.785558 0.000000
0.137348 0.437709 2.574313 0.701923
0.053545 0.235421 3.021180 0.000000
0.151790 0.465275 2.634360 1.000000
0.090376 0.267740 3.067795 0.000000
-0.249342 -0.524569 2.400633 1.000000
-0.039278 -0.525244 2.521899 1.000000
-0.223912 -0.931376 2.531190 1.000000
-0.027014 -0.950281 2.570652 1.000000
-0.067282 -0.910494 2.565747 0.000000
0.132530 -0.942749 2.596184 0.000000
0.005959 0.584510 2.314550 1.000000
-0.159677 0.345057 2.186330 1.000000
-0.229470 0.328016 2.533985 0.461538
-0.053844 0.366432 2.389875 0.000000
-0.304616 0.217248 2.332219 0.000000
-0.104291 -0.015823 2.250725 1.000000
-0.175483 0.000102 2.627528 0.576923
-0.263100 0.009640 2.415108 1.000000
0.083579 0.262011 2.307072 1.000000
-0.138492 0.208925 2.776318 0.000000
0.163574 0.398834 2.556258 0.807692
0.034792 0.196758 3.016355 0.000000
0.180370 0.426052 2.615849 0.879808
0.072234 0.224009 3.065645 0.000000
-0.262893 -0.526134 2.407722 1.000000
-0.043670 -0.518194 2.520590 1.000000
-0.243399 -0.936204 2.528746 1.000000
-0.031187 -0.944120 2.560787 1.000000
-0.085927 -0.919058 2.561479 0.000000
0.129531 -0.937795 2.577897 0.000000
0.009236 0.562757 2.290538 1.000000
-0.167477 0.331454 2.189758 1.000000
-0.232119 0.313404 2.538356 1.000000
-0.059543 0.356189 2.391812 0.000000
-0.306939 0.200142 2.337857 0.000000
-0.110615 -0.034930 2.265094 1.000000
-0.174867 0.002201 2.641651 0.865385
-0.262046 0.019155 2.429513 1.000000
0.076060 0.220172 2.284157 1.000000
-0.137594 0.189355 2.776813 0.000000
0.191952 0.335368 2.530053 1.000000
0.033302 0.170147 3.018099 0.000000
0.210477 0.360614 2.589999 0.812500
0.069805 0.194822 3.069409 0.000000
-0.280912 -0.536694 2.412146 1.000000
-0.055519 -0.515583 2.517533 1.000000
-0.237292 -0.946791 2.526611 1.000000
-0.029987 -0.940899 2.558012 1.000000
-0.077759 -0.925377 2.542538 0.028846
0.131422 -0.930904 2.561222 0.000000
0.018875 0.518453 2.274405 1.000000
-0.180503 0.316682 2.180991 1.000000
-0.152357 0.365481 2.530288 1.000000
-0.019974 0.342651 2.344221 0.000000
-0.299270 0.246874 2.380108 0.649038
-0.204404 -0.053901 2.262951 1.000000
-0.166085 0.012714 2.638978 1.000000
-0.304313 0.022616 2.455444 1.000000
-0.016123 0.090887 2.231420 1.000000
0.104776 0.246072 2.502715 1.000000
0.217511 0.156822 2.399265 1.000000
0.337024 0.293409 2.680365 1.000000
0.242468 0.179470 2.457901 1.000000
0.385391 0.339980 2.672251 0.947115
-0.293367 -0.553471 2.444553 1.000000
-0.066273 -0.504136 2.518929 1.000000
-0.263958 -0.972910 2.524487 1.000000
-0.037276 -0.930256 2.546588 1.000000
-0.103488 -0.965244 2.505674 0.000000
0.119603 -0.922082 2.508050 0.000000
0.034482 0.466945 2.159864 1.000000
-0.184830 0.290244 2.175750 1.000000
-0.106476 0.313737 2.517311 1.000000
-0.006735 0.262672 2.319310 0.000000
-0.296083 0.248300 2.386675 1.000000
-0.242857 -0.075274 2.287814 0.971154
-0.122627 0.005078 2.643329 1.000000
-0.296184 0.014477 2.492731 1.000000
-0.068429 0.034295 2.213886 1.000000
0.144245 0.182413 2.486692 1.000000
0.185011 0.024208 2.364664 1.000000
0.411271 0.172473 2.614125 1.000000
0.232670 0.040938 2.409639 1.000000
0.475282 0.190831 2.602307 1.000000
-0.311494 -0.567276 2.473657 1.000000
-0.066279 -0.515682 2.508230 1.000000
-0.250364 -0.989254 2.510822 1.000000
-0.044657 -0.941993 2.539458 1.000000
-0.098080 -0.971741 2.459188 0.000000
0.097307 -0.940470 2.461954 0.000000
0.023198 0.404429 2.107077 1.000000
-0.244193 0.244829 2.210573 1.000000
-0.001750 0.232650 2.469605 1.000000
-0.017171 0.218842 2.240129 0.000000
-0.231905 0.164170 2.438540 0.158654
-0.350446 -0.102694 2.359591 0.932692
-0.079021 -0.089540 2.630622 1.000000
-0.298473 -0.046987 2.576583 0.836538
-0.138681 -0.018467 2.215654 1.000000
0.223819 0.059222 2.471468 1.000000
0.121052 -0.116236 2.315727 1.000000
0.502044 -0.036880 2.501596 1.000000
0.177369 -0.124091 2.352342 1.000000
0.564975 -0.026325 2.524008 0.173077
-0.313680 -0.624053 2.491971 1.000000
-0.060860 -0.585364 2.479275 1.000000
-0.244992 -1.045425 2.522159 1.000000
-0.038001 -1.009116 2.534916 1.000000
-0.134361 -1.035817 2.404551 0.000000
0.071862 -1.018726 2.416591 0.000000
-0.035056 0.349702 2.066845 1.000000
-0.318297 0.259579 2.281755 1.000000
0.025396 0.192110 2.339613 1.000000
-0.127934 0.197567 2.167718 0.000000
-0.183805 0.161574 2.457632 0.000000
-0.372745 -0.060108 2.450066 0.134615
0.000462 -0.125230 2.511532 1.000000
-0.192281 -0.026175 2.588527 0.000000
-0.326891 -0.022911 2.265343 1.000000
0.105263 -0.078096 2.306122 1.000000
-0.202793 -0.281608 2.199439 1.000000
0.230580 -0.339350 2.250380 1.000000
-0.147961 -0.318968 2.212544 1.000000
0.259057 -0.399341 2.237570 0.000000
-0.319455 -0.593633 2.521756 1.000000
-0.088620 -0.605884 2.443570 1.000000
-0.282365 -1.018942 2.552097 1.000000
-0.033787 -1.021837 2.528193 1.000000
-0.259083 -1.028311 2.392306 0.000000
-0.005050 -1.049924 2.371513 0.000000
-0.093389 0.326585 2.022967 1.000000
-0.358833 0.271515 2.387014 1.000000
-0.030062 0.198751 2.274585 1.000000
-0.245704 0.213667 2.194808 0.000000
-0.160687 0.164111 2.475491 0.000000
-0.384467 -0.049369 2.574918 0.711538
-0.035856 -0.127860 2.434876 0.134615
-0.157186 -0.036690 2.607668 0.000000
-0.449292 0.004307 2.344481 1.000000
-0.065192 -0.077016 2.208174 1.000000
-0.479584 -0.252937 2.199826 1.000000
-0.187975 -0.325141 2.100008 1.000000
-0.489134 -0.313733 2.171777 0.139423
-0.217370 -0.376339 2.067012 1.000000
-0.310100 -0.587164 2.514569 0.676923
-0.095241 -0.608018 2.408383 1.000000
-0.292531 -1.013410 2.549061 1.000000
-0.033090 -1.012097 2.535037 0.831731
-0.339232 -1.027813 2.394871 0.000000
-0.059010 -1.063467 2.383867 0.000000
-0.150522 0.338185 2.041101 1.000000
-0.352093 0.279914 2.437067 1.000000
-0.062274 0.235018 2.237031 1.000000
-0.291271 0.250464 2.216791 0.000000
-0.136908 0.170957 2.458281 0.000000
-0.347372 -0.038844 2.581235 0.298077
-0.031419 -0.118090 2.378265 1.000000
-0.117820 -0.028586 2.571692 0.000000
-0.566093 0.091635 2.431491 1.000000
-0.225353 0.009771 2.172107 1.000000
-0.608703 -0.040014 2.169300 1.000000
-0.493860 -0.098913 2.106716 1.000000
-0.628869 -0.078036 2.117130 1.000000
-0.556184 -0.125025 2.109516 1.000000
-0.311208 -0.576422 2.518981 1.000000
-0.105061 -0.606132 2.387655 1.000000
-0.293788 -1.003382 2.543172 1.000000
-0.047670 -1.011365 2.512862 0.834856
-0.376414 -1.014607 2.404572 0.000000
-0.105157 -1.063370 2.370898 0.000000
-0.196337 0.385262 2.055092 1.000000
-0.325344 0.280795 2.456027 0.307692
-0.089282 0.291546 2.207164 1.000000
-0.317927 0.284578 2.234752 0.000000
-0.110542 0.193512 2.427535 0.000000
-0.326034 -0.024346 2.587354 0.230769
-0.045851 -0.097336 2.335417 1.000000
-0.099980 -0.020312 2.545244 0.403846
-0.433059 0.453681 2.655101 1.000000
-0.357962 0.196526 2.195509 1.000000
-0.579755 0.543696 2.414056 1.000000
-0.575925 0.361341 2.310851 1.000000
-0.613749 0.564847 2.359549 0.000000
-0.569168 0.421510 2.340986 1.000000
-0.291036 -0.566422 2.516651 1.000000
-0.117138 -0.596306 2.375008 1.000000
-0.295929 -0.993160 2.549134 1.000000
-0.056545 -1.002850 2.494318 1.000000
-0.396161 -1.001652 2.422467 0.000000
-0.140449 -1.053158 2.365507 0.000000
-0.283851 0.495517 2.124814 1.000000
-0.314272 0.339993 2.481233 0.000000
-0.156922 0.332179 2.178466 1.000000
-0.366994 0.333037 2.264181 0.269231
-0.115773 0.245219 2.397008 0.432692
-0.297396 0.008819 2.606403 1.000000
-0.104685 -0.057896 2.281266 1.000000
-0.093424 0.011593 2.500206 0.000000
-0.370884 0.517827 2.696390 0.000000
-0.436266 0.300231 2.225235 1.000000
-0.576681 0.614442 2.506551 0.000000
-0.462402 0.525925 2.415585 1.000000
-0.623979 0.637074 2.463835 0.000000
-0.435910 0.586843 2.428284 0.274038
-0.283831 -0.533872 2.528126 1.000000
-0.137719 -0.566249 2.381741 1.000000
-0.294747 -0.961280 2.547816 1.000000
-0.061742 -0.972307 2.493674 1.000000
-0.429127 -0.961995 2.457791 0.000000
-0.186674 -1.020669 2.403031 0.000000
-0.343971 0.575635 2.157193 1.000000
-0.242098 0.399434 2.507868 0.000000
-0.199629 0.369115 2.168979 1.000000
-0.366672 0.392517 2.322253 0.000000
-0.093317 0.283844 2.366231 0.927885
-0.261220 0.040463 2.629337 1.000000
-0.199362 -0.006110 2.253429 1.000000
-0.107714 0.044716 2.458142 0.432692
-0.216133 0.580226 2.726414 0.000000
-0.457875 0.332686 2.283528 1.000000
-0.462177 0.705480 2.619180 0.000000
-0.417233 0.571188 2.454433 1.000000
-0.518369 0.734628 2.595370 0.000000
-0.407375 0.625677 2.493265 0.000000
-0.278845 -0.500250 2.535044 1.000000
-0.150250 -0.522105 2.390425 1.000000
-0.287427 -0.928003 2.546770 1.000000
-0.060249 -0.928003 2.492067 1.000000
-0.445748 -0.925733 2.513716 0.000000
-0.213492 -0.969673 2.461354 0.000000
-0.344689 0.642089 2.213947 0.855769
-0.070589 0.424320 2.454135 1.000000
-0.308668 0.439862 2.200701 1.000000
-0.284530 0.487889 2.424752 0.000000
-0.126365 0.293740 2.264263 0.221154
-0.102827 0.072070 2.566374 1.000000
-0.366828 0.044596 2.289153 1.000000
-0.143299 0.062498 2.340187 0.052885
0.066895 0.511845 2.687523 1.000000
-0.412448 0.218001 2.345660 1.000000
-0.066403 0.774663 2.659486 1.000000
-0.481999 0.499351 2.405691 1.000000
-0.097403 0.834331 2.652223 0.000000
-0.441376 0.534705 2.446606 0.475962
-0.285261 -0.453167 2.525521 0.215385
-0.165031 -0.467067 2.387342 1.000000
-0.295051 -0.879883 2.557180 1.000000
-0.081513 -0.875463 2.484409 1.000000
-0.429904 -0.870201 2.645972 0.000000
-0.187576 -0.868179 2.606313 0.000000
-0.341229 0.699015 2.260356 0.254808
-0.055746 0.391577 2.421235 1.000000
-0.349270 0.406955 2.222157 1.000000
-0.278600 0.447747 2.437632 0.000000
-0.152976 0.266131 2.238381 0.365385
-0.071719 0.030730 2.535693 1.000000
-0.388555 0.032807 2.319097 1.000000
-0.158724 0.040061 2.323012 0.201923
0.089507 0.344463 2.660584 1.000000
-0.407905 0.165857 2.360057 1.000000
-0.019035 0.615155 2.706532 1.000000
-0.496293 0.446965 2.377593 0.855769
-0.049325 0.675205 2.713649 1.000000
-0.521004 0.509884 2.379740 0.000000
-0.280504 -0.482547 2.516653 0.307692
-0.156123 -0.481360 2.383866 1.000000
-0.294639 -0.906269 2.575339 1.000000
-0.086374 -0.890691 2.487633 1.000000
-0.403716 -0.886320 2.693098 0.000000
-0.125378 -0.858395 2.641251 0.000000
-0.329285 0.689945 2.291737 0.173077
-0.058477 0.381803 2.412434 1.000000
-0.356542 0.397513 2.220249 1.000000
-0.279615 0.443293 2.432557 0.000000
-0.162908 0.253001 2.235997 0.432692
-0.059090 0.020661 2.523342 1.000000
-0.388945 0.014558 2.327227 1.000000
-0.159357 0.022401 2.316379 0.519231
0.049356 0.309382 2.666266 1.000000
-0.405067 0.165704 2.378977 1.000000
-0.039275 0.576700 2.759040 0.961538
-0.502823 0.443539 2.345030 1.000000
-0.084709 0.624050 2.775400 0.711538
-0.528470 0.505520 2.336390 0.000000
-0.277010 -0.493700 2.513178 0.480769
-0.150937 -0.497006 2.380620 1.000000
-0.292502 -0.917235 2.572870 1.000000
-0.078553 -0.906195 2.483134 1.000000
-0.401839 -0.896687 2.690285 0.000000
-0.113414 -0.873641 2.637691 0.000000
-0.320481 0.685807 2.324550 0.379808
-0.073637 0.375624 2.427199 1.000000
-0.348298 0.375786 2.202285 1.000000
-0.299061 0.423045 2.422353 0.000000
-0.148996 0.243276 2.238967 0.442308
-0.068625 0.020738 2.534821 1.000000
-0.364533 -0.010172 2.292364 1.000000
-0.136393 0.007398 2.315459 0.336538
-0.009339 0.175165 2.619105 0.323077
-0.467597 0.187178 2.379273 1.000000
0.041093 0.445621 2.728927 0.163462
-0.455052 0.445798 2.235426 1.000000
0.051871 0.508215 2.752162 0.000000
-0.451653 0.504533 2.202068 0.000000
-0.277611 -0.498414 2.520894 0.650000
-0.136454 -0.515942 2.371527 1.000000
-0.281807 -0.922638 2.577468 1.000000
-0.066851 -0.923923 2.480572 1.000000
-0.412438 -0.908761 2.671841 0.000000
-0.154060 -0.902830 2.615155 0.000000
-0.317001 0.671322 2.346701 0.403846
-0.104955 0.349841 2.474239 1.000000
-0.300882 0.381315 2.179880 1.000000
-0.320951 0.396391 2.408917 0.000000
-0.115130 0.245835 2.255824 0.384615
-0.123643 0.045608 2.555902 0.375000
-0.320427 -0.033355 2.235991 0.778846
-0.114934 0.012575 2.328475 0.062500
-0.095224 0.123918 2.647473 0.000000
-0.400020 0.148077 2.309538 1.000000
-0.094850 0.367890 2.815485 0.000000
-0.390970 0.424306 2.203467 1.000000
-0.094914 0.424735 2.852127 0.000000
-0.336617 0.464167 2.209023 0.072115
-0.296811 -0.485414 2.524720 1.000000
-0.123086 -0.525616 2.370724 1.000000
-0.273303 -0.909897 2.574182 1.000000
-0.056175 -0.934026 2.479848 1.000000
-0.428748 -0.913309 2.618772 0.000000
-0.195806 -0.935089 2.561488 0.000000
-0.282322 0.678762 2.337876 1.000000
-0.131979 0.340793 2.531728 1.000000
-0.205396 0.404393 2.190275 1.000000
-0.309079 0.398110 2.395940 0.000000
-0.059020 0.258232 2.316120 0.009615
-0.164471 0.034943 2.597325 0.663462
-0.230365 0.007510 2.220220 1.000000
-0.072633 0.024145 2.386755 0.000000
-0.188043 0.099334 2.672086 0.000000
-0.351107 0.161559 2.217793 1.000000
-0.260613 0.316281 2.860284 0.000000
-0.305061 0.453774 2.211688 1.000000
-0.276705 0.367142 2.901855 0.000000
-0.322097 0.519208 2.213160 0.038462
-0.304769 -0.487484 2.524050 1.000000
-0.121166 -0.511436 2.361757 1.000000
-0.266207 -0.910781 2.574214 1.000000
-0.042936 -0.914568 2.482377 1.000000
-0.426446 -0.923220 2.592426 0.000000
-0.201407 -0.938928 2.503741 0.000000
-0.273309 0.675675 2.331900 1.000000
-0.125084 0.347005 2.560386 0.894231
-0.139114 0.373218 2.206634 1.000000
-0.272194 0.403448 2.392277 0.000000
-0.031024 0.230810 2.369920 0.000000
-0.190383 0.026366 2.605734 0.000000
-0.203420 -0.012280 2.224107 1.000000
-0.070559 -0.002489 2.411570 1.000000
-0.234553 0.132498 2.712535 0.000000
-0.283361 0.130632 2.172075 1.000000
-0.323621 0.364096 2.874337 0.000000
-0.291238 0.398829 2.296327 1.000000
-0.343171 0.418116 2.910025 0.000000
-0.293012 0.442435 2.347994 0.543269
-0.310629 -0.504964 2.515858 1.000000
-0.097108 -0.522240 2.375124 1.000000
-0.261802 -0.926568 2.571092 1.000000
-0.017500 -0.926001 2.492700 1.000000
-0.422133 -0.946235 2.562707 0.000000
-0.176256 -0.956958 2.493880 0.000000
-0.259057 0.648193 2.340046 1.000000
-0.128256 0.315519 2.596140 0.259615
-0.106398 0.362660 2.244964 1.000000
-0.254429 0.391840 2.419100 0.850962
-0.024220 0.203819 2.408189 0.384615
-0.190894 0.014025 2.610595 0.000000
-0.169982 -0.009361 2.228080 1.000000
-0.057449 -0.027085 2.427860 1.000000
-0.271390 0.104923 2.723843 0.000000
-0.175201 0.109497 2.142943 1.000000
-0.373451 0.326605 2.891746 0.000000
-0.442281 0.047957 2.245722 1.000000
-0.395806 0.378374 2.929085 0.000000
-0.455815 -0.014103 2.268949 0.913462
-0.320018 -0.511139 2.507868 1.000000
-0.078290 -0.517343 2.387871 1.000000
-0.254177 -0.928020 2.578996 1.000000
-0.020015 -0.928017 2.493394 1.000000
-0.411934 -0.956593 2.557561 0.000000
-0.179177 -0.953874 2.480661 0.000000
-0.254181 0.613280 2.351511 1.000000
-0.147151 0.312268 2.610544 0.000000
-0.093419 0.389006 2.268128 1.000000
-0.244794 0.428579 2.437265 1.000000
-0.053304 0.201934 2.416521 0.105769
-0.203199 -0.002504 2.612822 0.000000
-0.162988 0.001952 2.231160 1.000000
-0.061120 -0.032390 2.434467 1.000000
-0.339650 0.125963 2.707396 0.000000
-0.078561 0.132457 2.152847 1.000000
-0.424568 0.340853 2.892766 0.000000
-0.359781 0.051040 2.161288 1.000000
-0.442789 0.390963 2.934372 0.000000
-0.379417 -0.008198 2.187351 1.000000
-0.315772 -0.522626 2.501179 1.000000
-0.065839 -0.508144 2.395666 1.000000
-0.250820 -0.936703 2.587811 1.000000
-0.031170 -0.923374 2.493473 1.000000
-0.407954 -0.966427 2.563552 0.000000
-0.190337 -0.941862 2.471402 0.000000
-0.244415 0.620215 2.360554 1.000000
-0.353245 0.384761 2.554602 1.000000
-0.078615 0.412637 2.331384 1.000000
-0.307629 0.437684 2.335043 0.000000
-0.141692 0.272627 2.518586 0.000000
-0.342577 0.051475 2.534270 0.115385
-0.043198 0.030283 2.295052 1.000000
-0.114860 0.026862 2.513553 0.000000
-0.459218 0.126862 2.605063 1.000000
0.013892 0.180702 2.202760 1.000000
-0.569138 -0.072989 2.418512 1.000000
-0.234059 0.065751 2.099689 1.000000
-0.577341 -0.139181 2.407316 0.475962
-0.286249 0.024951 2.113313 1.000000
-0.293974 -0.489219 2.474379 1.000000
-0.069412 -0.491361 2.404995 1.000000
-0.267642 -0.902229 2.583526 1.000000
-0.039523 -0.907758 2.499356 1.000000
-0.366410 -0.940806 2.461380 0.000000
-0.136116 -0.942988 2.374489 0.000000
-0.229824 0.691704 2.315968 1.000000
-0.365569 0.401239 2.535407 1.000000
-0.064057 0.407981 2.348137 1.000000
-0.290714 0.439088 2.320809 0.000000
-0.155035 0.281664 2.533590 0.000000
-0.364453 0.040821 2.507963 0.384615
-0.036136 0.040488 2.309191 1.000000
-0.134668 0.038007 2.516978 0.000000
-0.480411 0.146083 2.572863 1.000000
0.044237 0.175747 2.234512 1.000000
-0.583119 -0.008742 2.345568 1.000000
-0.182126 0.066186 2.087127 1.000000
-0.583619 -0.072938 2.324289 0.947115
-0.235466 0.024605 2.087186 1.000000
-0.282306 -0.495016 2.462103 1.000000
-0.063446 -0.487742 2.414922 1.000000
-0.265941 -0.904656 2.585033 1.000000
-0.037837 -0.902776 2.516286 1.000000
-0.345231 -0.948075 2.450903 0.000000
-0.115192 -0.940966 2.379462 0.000000
-0.227454 0.699545 2.316905 1.000000
-0.367628 0.402129 2.523134 1.000000
-0.048988 0.411022 2.366881 1.000000
-0.271205 0.448826 2.319148 0.000000
-0.160225 0.277825 2.535733 0.000000
-0.366015 0.035493 2.488750 0.432692
-0.019477 0.034797 2.323785 1.000000
-0.138269 0.036737 2.520698 0.000000
-0.488297 0.145146 2.537555 1.000000
0.075201 0.172985 2.278530 1.000000
-0.581967 0.020101 2.286605 1.000000
-0.117678 0.049846 2.094064 1.000000
-0.572308 -0.045670 2.274156 0.677885
-0.171800 0.014654 2.073904 1.000000
-0.266981 -0.500475 2.458126 1.000000
-0.056356 -0.492877 2.432688 1.000000
-0.261456 -0.908459 2.587368 1.000000
-0.028945 -0.909941 2.524831 1.000000
-0.324984 -0.954162 2.445810 0.000000
-0.094460 -0.945937 2.381390 0.000000
-0.216784 0.693613 2.307025 1.000000
-0.368528 0.402336 2.509825 1.000000
-0.034234 0.411796 2.390732 1.000000
-0.249409 0.452444 2.319070 0.000000
-0.164623 0.276063 2.543051 0.000000
-0.367404 0.031110 2.483954 0.605769
-0.015954 0.043473 2.330226 1.000000
-0.140945 0.039126 2.523224 0.000000
-0.477974 0.139054 2.504013 1.000000
0.091352 0.160347 2.350001 1.000000
-0.528603 -0.007169 2.251021 1.000000
-0.034263 -0.016562 2.149636 1.000000
-0.520301 -0.062071 2.212408 0.711538
-0.076131 -0.063531 2.124835 1.000000
-0.252401 -0.501119 2.443407 1.000000
-0.045757 -0.484084 2.454039 1.000000
-0.260908 -0.902864 2.590760 1.000000
-0.013942 -0.902868 2.536453 1.000000
-0.312890 -0.954636 2.446605 0.000000
-0.075482 -0.936239 2.390637 0.000000
-0.197981 0.689049 2.304863 1.000000
-0.358597 0.403465 2.490100 1.000000
-0.015241 0.409221 2.400105 1.000000
-0.222775 0.455689 2.311457 0.000000
-0.160491 0.272526 2.537375 0.000000
-0.365215 0.030386 2.455048 0.432692
0.004758 0.040209 2.353428 1.000000
-0.146717 0.037464 2.526454 0.000000
-0.460885 0.136517 2.484474 1.000000
0.089112 0.144266 2.389204 1.000000
-0.488444 -0.059919 2.262971 1.000000
0.018351 -0.086564 2.217360 1.000000
-0.474943 -0.122511 2.241198 0.879808
-0.022268 -0.135726 2.194837 1.000000
-0.247242 -0.502463 2.441931 1.000000
-0.040069 -0.487657 2.464546 1.000000
-0.267071 -0.907798 2.577923 1.000000
-0.011580 -0.905615 2.552201 1.000000
-0.301246 -0.956581 2.427539 0.000000
-0.051642 -0.940392 2.399399 0.000000
-0.185673 0.690443 2.304229 1.000000
-0.351474 0.404992 2.484594 1.000000
-0.004602 0.407014 2.409091 1.000000
-0.207502 0.458640 2.312891 0.000000
-0.157557 0.269920 2.537295 0.000000
-0.359573 0.034534 2.449438 0.423077
0.012750 0.038369 2.356363 0.923077
-0.142691 0.038050 2.525856 0.000000
-0.434225 0.131426 2.463589 1.000000
0.083364 0.135719 2.427663 1.000000
-0.438505 -0.126134 2.313734 1.000000
0.047695 -0.129788 2.298953 1.000000
-0.410606 -0.187386 2.307111 0.963942
0.024097 -0.192997 2.294280 1.000000
-0.242901 -0.500183 2.435261 1.000000
-0.032679 -0.485414 2.475885 1.000000
-0.265226 -0.904249 2.574603 1.000000
-0.011348 -0.906114 2.551653 1.000000
-0.295273 -0.954577 2.423847 0.000000
-0.048991 -0.935844 2.397179 0.000000
-0.175313 0.693007 2.312270 1.000000
-0.343645 0.402021 2.459862 1.000000
0.009232 0.398924 2.421213 1.000000
-0.181917 0.448247 2.302396 0.000000
-0.157745 0.267742 2.537557 0.000000
-0.356077 0.032912 2.429444 0.596154
0.023929 0.029883 2.375691 0.673077
-0.148328 0.030708 2.528063 0.000000
-0.406664 0.124128 2.441239 1.000000
0.084853 0.125544 2.448865 1.000000
-0.383176 -0.168987 2.399868 1.000000
0.067356 -0.166786 2.403385 1.000000
-0.358543 -0.231939 2.397791 0.762019
0.047101 -0.231049 2.409216 1.000000
-0.233477 -0.503637 2.429639 1.000000
-0.020210 -0.489565 2.489169 1.000000
-0.264402 -0.907466 2.568024 1.000000
-0.010994 -0.910644 2.565272 1.000000
-0.274376 -0.959117 2.415067 0.000000
-0.031908 -0.939613 2.407518 0.000000
-0.148134 0.693724 2.316622 1.000000
