-0.367838 0.327094 2.727986 1.000000
0.005275 0.318027 2.764448 1.000000
-0.170208 0.388681 2.649345 0.000000
-0.189771 0.187776 2.799577 0.000000
-0.372158 -0.013553 2.633603 0.567308
0.017099 -0.021312 2.663798 0.663462
-0.185093 -0.015948 2.746588 0.000000
-0.425479 0.044010 2.709031 1.000000
0.060929 0.034709 2.743183 1.000000
-0.396853 -0.241587 2.597248 1.000000
0.038415 -0.249099 2.625596 1.000000
-0.418249 -0.303313 2.567156 0.038462
-0.001077 -0.307633 2.611902 0.610577
-0.299105 -0.547441 2.722276 1.000000
-0.083870 -0.553549 2.722769 1.000000
-0.287121 -0.972777 2.757981 1.000000
-0.094780 -0.979744 2.746595 1.000000
-0.276157 -0.987332 2.580916 0.000000
-0.080526 -0.990011 2.569464 0.000000
-0.168567 0.584292 2.708426 0.317308
-0.370389 0.320232 2.723927 1.000000
0.002915 0.324474 2.759299 1.000000
-0.175278 0.388387 2.644418 0.000000
-0.187320 0.187593 2.795587 0.000000
-0.370180 -0.012567 2.629285 0.653846
0.018447 -0.023648 2.665876 0.625000
-0.185084 -0.018569 2.745336 0.000000
-0.424151 0.038432 2.714856 1.000000
0.060491 0.043864 2.741219 1.000000
-0.399168 -0.247977 2.611888 1.000000
0.038507 -0.246088 2.647937 1.000000
-0.397353 -0.315319 2.586686 0.257212
0.003278 -0.304685 2.625608 0.644231
-0.297509 -0.546794 2.724357 1.000000
-0.086276 -0.555208 2.721170 1.000000
-0.288817 -0.972507 2.756333 1.000000
-0.093463 -0.981395 2.746515 1.000000
-0.274678 -0.985510 2.579372 0.000000
-0.076857 -0.992194 2.569621 0.000000
-0.178933 0.595949 2.693252 0.649038
-0.374750 0.324825 2.717386 1.000000
-0.001884 0.325866 2.757321 1.000000
-0.178019 0.390146 2.639508 0.000000
-0.193886 0.191271 2.792846 0.000000
-0.367419 -0.012827 2.621383 0.596154
0.019757 -0.023243 2.671171 0.644231
-0.186389 -0.019390 2.743651 0.000000
-0.422475 0.044420 2.719279 1.000000
0.061026 0.049042 2.739456 1.000000
-0.396894 -0.232503 2.599924 1.000000
0.045600 -0.234523 2.634864 1.000000
-0.369074 -0.294142 2.624421 0.475962
0.004116 -0.290496 2.616990 0.930288
-0.295292 -0.547184 2.718215 1.000000
-0.085931 -0.555543 2.718385 1.000000
-0.290242 -0.972980 2.749868 1.000000
-0.089369 -0.981620 2.746233 1.000000
-0.269641 -0.985844 2.573533 0.000000
-0.066918 -0.993317 2.570042 0.000000
-0.185819 0.594845 2.677579 0.697115
-0.375670 0.325923 2.707835 1.000000
-0.003286 0.329488 2.751904 1.000000
-0.178031 0.386444 2.628392 0.000000
-0.195740 0.197250 2.793338 0.000000
-0.361027 -0.018619 2.620724 0.596154
0.024588 -0.015218 2.682223 0.836538
-0.183655 -0.019595 2.748406 0.000000
-0.421238 0.045152 2.707900 1.000000
0.075787 0.057319 2.727817 1.000000
-0.374884 -0.205402 2.544618 1.000000
0.066134 -0.207225 2.581152 1.000000
-0.335685 -0.263752 2.529387 0.442308
0.025011 -0.263604 2.563724 0.661058
-0.293294 -0.548902 2.714503 1.000000
-0.083078 -0.553490 2.712915 1.000000
-0.291562 -0.974713 2.746303 1.000000
-0.095703 -0.979267 2.742632 1.000000
-0.264701 -0.987709 2.570822 0.000000
-0.066987 -0.992346 2.567451 0.000000
-0.183156 0.594864 2.663442 0.927885
-0.378842 0.329661 2.696831 1.000000
-0.007347 0.339017 2.747120 1.000000
-0.180099 0.385199 2.616509 0.000000
-0.199846 0.209094 2.795149 0.000000
-0.367979 -0.017039 2.632771 0.625000
0.016939 -0.012985 2.698458 1.000000
-0.191993 -0.018404 2.762353 0.000000
-0.414379 0.054164 2.640830 1.000000
0.137328 0.099322 2.703374 1.000000
-0.297140 -0.116544 2.421720 1.000000
0.169369 -0.085347 2.467226 1.000000
-0.251457 -0.147864 2.375835 0.475962
0.143800 -0.147979 2.442796 0.324519
-0.296071 -0.549343 2.714815 1.000000
-0.083541 -0.552234 2.714113 1.000000
-0.289298 -0.974852 2.749819 1.000000
-0.091663 -0.977831 2.747733 1.000000
-0.261097 -0.988815 2.574622 0.000000
-0.060674 -0.992222 2.573043 0.000000
-0.193223 0.583132 2.608891 1.000000
-0.378354 0.336065 2.677689 1.000000
-0.009000 0.338095 2.742486 1.000000
-0.174807 0.378017 2.601243 0.000000
-0.207662 0.219044 2.793502 0.000000
-0.359651 -0.010930 2.630608 0.769231
0.018940 -0.013666 2.726286 1.000000
-0.194416 -0.017472 2.773503 0.000000
-0.394386 0.065440 2.604646 1.000000
0.198491 0.155295 2.693893 1.000000
-0.241194 -0.038099 2.370027 1.000000
0.216224 0.056841 2.412420 0.913462
-0.194697 -0.025292 2.316666 0.778846
0.253704 -0.002185 2.395555 0.795673
-0.294724 -0.545427 2.717652 1.000000
-0.082751 -0.551386 2.722974 1.000000
-0.292452 -0.971212 2.749772 1.000000
-0.093617 -0.977656 2.745458 1.000000
-0.250590 -0.984004 2.577238 0.000000
-0.049051 -0.987866 2.573430 0.000000
-0.201046 0.567469 2.557101 0.725962
-0.374613 0.332044 2.664692 1.000000
-0.004537 0.336656 2.725088 1.000000
-0.171769 0.367501 2.583253 0.000000
-0.203129 0.222490 2.786486 0.000000
-0.359555 -0.007197 2.666693 0.567308
0.025491 -0.020190 2.730438 1.000000
-0.183256 -0.020578 2.795161 0.000000
-0.365659 0.073432 2.566318 1.000000
0.243150 0.219295 2.686160 1.000000
-0.167876 0.036369 2.351236 1.000000
0.278029 0.172251 2.397504 0.971154
-0.121388 0.063512 2.303534 1.000000
0.327045 0.123876 2.376750 0.644231
-0.294986 -0.546583 2.723837 1.000000
-0.081293 -0.554970 2.731805 1.000000
-0.291467 -0.972640 2.751985 1.000000
-0.090894 -0.981811 2.738452 1.000000
-0.265300 -0.984031 2.576288 0.000000
-0.061267 -0.985210 2.562968 0.000000
-0.199853 0.508878 2.479279 1.000000
-0.356940 0.317200 2.604803 1.000000
0.004653 0.344432 2.700375 1.000000
-0.147695 0.349116 2.539742 0.000000
-0.196326 0.232037 2.757096 0.000000
-0.348198 -0.012558 2.663987 0.740385
0.027902 -0.010291 2.769042 0.778846
-0.186568 -0.010437 2.811078 0.000000
-0.319312 0.053214 2.536652 1.000000
0.273451 0.310334 2.652063 1.000000
-0.084524 0.075931 2.363143 1.000000
0.397599 0.288242 2.387779 1.000000
-0.039609 0.120235 2.328602 1.000000
0.427784 0.282828 2.322719 0.000000
-0.293413 -0.545549 2.739239 1.000000
-0.077902 -0.549290 2.747053 1.000000
-0.292515 -0.972341 2.752537 1.000000
-0.091956 -0.976028 2.741945 1.000000
-0.246361 -0.977598 2.580705 0.000000
-0.043230 -0.975583 2.570744 0.000000
-0.202745 0.412175 2.398213 1.000000
-0.334969 0.269919 2.580531 1.000000
0.016896 0.324379 2.690174 1.000000
-0.122677 0.296209 2.523292 0.057692
-0.182724 0.218055 2.754813 0.000000
-0.335025 -0.031066 2.661747 0.567308
0.029927 -0.022565 2.800421 0.692308
-0.187473 -0.018796 2.822502 0.000000
-0.300899 0.004377 2.543519 1.000000
0.279530 0.330967 2.626745 1.000000
-0.060783 0.044134 2.390394 1.000000
0.445700 0.322589 2.392222 1.000000
-0.014280 0.083092 2.351753 1.000000
0.486656 0.320409 2.333136 0.000000
-0.296766 -0.559426 2.748751 1.000000
-0.076050 -0.560944 2.749193 1.000000
-0.292142 -0.986401 2.749078 1.000000
-0.085069 -0.987684 2.737331 1.000000
-0.230653 -0.985863 2.582037 0.000000
-0.022005 -0.984391 2.570910 0.000000
-0.222798 0.294638 2.380521 1.000000
-0.315452 0.226283 2.560043 1.000000
0.031340 0.304698 2.671699 1.000000
-0.102017 0.250230 2.506125 0.000000
-0.167976 0.202824 2.744279 0.000000
-0.327110 -0.070301 2.662428 0.403846
0.031421 -0.041133 2.814406 0.365385
-0.186749 -0.036946 2.826595 0.000000
-0.273407 -0.041337 2.559705 1.000000
0.295022 0.303722 2.609578 1.000000
-0.027485 -0.009507 2.412791 1.000000
0.481293 0.300950 2.389647 1.000000
0.023232 0.020060 2.371235 1.000000
0.528075 0.300251 2.335018 0.000000
-0.300543 -0.587452 2.751848 1.000000
-0.077392 -0.578153 2.735490 1.000000
-0.294268 -1.014404 2.750821 1.000000
-0.091321 -1.004921 2.737544 1.000000
-0.227285 -1.013023 2.585911 0.000000
-0.030814 -1.007701 2.570167 0.000000
-0.245972 0.284492 2.365849 0.620192
-0.342079 0.145081 2.554891 1.000000
0.011073 0.245095 2.631741 1.000000
-0.132637 0.162217 2.485065 0.000000
-0.183796 0.153667 2.731287 0.000000
-0.325119 -0.103379 2.677103 0.000000
0.032023 -0.085435 2.834013 0.673077
-0.185233 -0.062435 2.839953 0.000000
-0.282735 -0.117210 2.593966 1.000000
0.265080 0.174461 2.565893 1.000000
-0.028652 -0.158614 2.462368 1.000000
0.489260 0.120579 2.391449 1.000000
0.027341 -0.162396 2.417381 1.000000
0.544822 0.107003 2.347838 0.000000
-0.313601 -0.616613 2.752015 1.000000
-0.076683 -0.596787 2.699706 1.000000
-0.278579 -1.041996 2.764362 1.000000
-0.108205 -1.018074 2.761776 1.000000
-0.220803 -1.042125 2.595999 0.000000
-0.052943 -1.046777 2.595024 0.076923
-0.277476 0.149047 2.354838 0.663462
-0.365125 0.112498 2.547365 1.000000
-0.000716 0.186968 2.595170 1.000000
-0.160372 0.108821 2.463117 0.076923
-0.194729 0.117013 2.712251 0.000000
-0.335197 -0.132754 2.693599 0.192308
0.034182 -0.130728 2.820280 0.875000
-0.180767 -0.099627 2.844657 0.000000
-0.314188 -0.144471 2.621427 1.000000
0.214223 0.027409 2.545623 1.000000
-0.087168 -0.280253 2.503447 1.000000
0.435555 -0.090374 2.400593 1.000000
-0.032492 -0.323138 2.484879 0.341346
0.432837 -0.113737 2.332622 0.661058
-0.317276 -0.651580 2.761295 1.000000
-0.087176 -0.626379 2.665451 1.000000
-0.287654 -1.077100 2.741681 1.000000
-0.106363 -1.044829 2.748278 1.000000
-0.239127 -1.065844 2.570794 0.048077
-0.069595 -1.080267 2.577760 0.057692
-0.283633 0.112062 2.337426 0.908654
-0.396611 0.096947 2.638547 1.000000
-0.034547 0.128502 2.546142 1.000000
-0.238154 0.064290 2.487352 0.000000
-0.178191 0.088405 2.730536 0.000000
-0.352949 -0.152459 2.767792 0.115385
0.035383 -0.191885 2.756103 0.730769
-0.152528 -0.137768 2.853699 0.000000
-0.356340 -0.170091 2.649221 1.000000
0.111713 -0.098257 2.530861 1.000000
-0.217673 -0.405516 2.559598 1.000000
0.257625 -0.313989 2.408979 1.000000
-0.176243 -0.459888 2.537224 0.038462
0.293745 -0.367735 2.377673 0.000000
-0.325404 -0.678288 2.762166 1.000000
-0.105390 -0.671046 2.645952 1.000000
-0.277300 -1.101834 2.737179 1.000000
-0.114202 -1.082683 2.759117 1.000000
-0.302231 -1.094277 2.561096 0.000000
-0.116192 -1.129825 2.587485 0.024038
-0.330844 0.133786 2.344009 0.783654
-0.386278 0.157254 2.710238 1.000000
-0.080912 0.169084 2.492898 1.000000
-0.300464 0.143681 2.506554 0.000000
-0.155436 0.102941 2.708104 0.000000
-0.346536 -0.125059 2.844343 1.000000
-0.008699 -0.170889 2.653927 0.490385
-0.128540 -0.120262 2.829539 0.000000
-0.513912 -0.078924 2.743231 1.000000
-0.065883 -0.100755 2.503848 1.000000
-0.637926 -0.318005 2.641865 1.000000
-0.172893 -0.367667 2.492841 1.000000
-0.668632 -0.377382 2.615317 0.000000
-0.191759 -0.436947 2.497045 1.000000
-0.327864 -0.653573 2.778338 1.000000
-0.146870 -0.661042 2.623336 1.000000
-0.294843 -1.077633 2.740756 1.000000
-0.122471 -1.070912 2.740557 0.859856
-0.394474 -1.072327 2.593346 0.000000
-0.186545 -1.120090 2.581939 0.000000
-0.345871 0.217231 2.360573 1.000000
-0.368035 0.211281 2.715546 1.000000
-0.088048 0.206020 2.466138 1.000000
-0.306412 0.207005 2.502897 0.000000
-0.148094 0.129054 2.682270 0.000000
-0.338593 -0.078924 2.831702 0.230769
-0.032006 -0.145319 2.599132 0.980769
-0.124625 -0.084600 2.787545 0.000000
-0.607464 0.115414 2.816435 1.000000
-0.181807 -0.054137 2.481055 1.000000
-0.836192 -0.017180 2.686360 1.000000
-0.402340 -0.248688 2.499283 1.000000
-0.891563 -0.049814 2.654073 0.000000
-0.470346 -0.271992 2.501602 1.000000
-0.333689 -0.614516 2.787087 1.000000
-0.167701 -0.639531 2.627194 1.000000
-0.296174 -1.038993 2.759871 1.000000
-0.126394 -1.053020 2.725423 1.000000
-0.416941 -1.041284 2.629127 0.000000
-0.219037 -1.096849 2.579888 0.000000
-0.331178 0.314091 2.364522 0.947115
-0.307415 0.281440 2.728523 1.000000
-0.078086 0.236766 2.440253 1.000000
-0.282415 0.283224 2.511853 0.000000
-0.122589 0.155946 2.658726 0.000000
-0.317223 -0.037637 2.841226 0.038462
-0.072543 -0.123471 2.549238 1.000000
-0.118373 -0.065093 2.754801 0.000000
-0.556279 0.328615 2.840456 1.000000
-0.257332 0.026653 2.460530 1.000000
-0.827741 0.328913 2.725926 1.000000
-0.536385 -0.046663 2.520219 1.000000
-0.893783 0.328840 2.697433 0.000000
-0.606123 -0.037447 2.535219 1.000000
-0.330688 -0.584800 2.787526 0.903846
-0.189221 -0.623284 2.631553 1.000000
-0.300029 -1.010549 2.776276 1.000000
-0.124879 -1.035470 2.722616 1.000000
-0.441535 -1.017893 2.668545 0.000000
-0.249585 -1.081122 2.604090 0.000000
-0.302659 0.396492 2.389523 1.000000
-0.201015 0.247273 2.730537 0.048077
-0.109479 0.241459 2.384089 1.000000
-0.260533 0.293969 2.537257 0.000000
-0.085315 0.120210 2.586468 0.000000
-0.293620 -0.034897 2.852868 1.000000
-0.195225 -0.119193 2.484486 0.548077
-0.149599 -0.065369 2.691333 0.000000
-0.345677 0.439347 2.871403 1.000000
-0.376871 0.183562 2.437118 1.000000
-0.459245 0.699424 2.785525 1.000000
-0.593481 0.372078 2.510972 1.000000
-0.485892 0.762418 2.763278 0.000000
-0.599987 0.441907 2.526940 1.000000
-0.330692 -0.583861 2.802209 0.450000
-0.197879 -0.624638 2.668233 1.000000
-0.291256 -1.009028 2.804748 1.000000
-0.111912 -1.034964 2.749300 1.000000
-0.463600 -1.025262 2.763300 0.000000
-0.279370 -1.078337 2.707343 0.000000
-0.239778 0.504632 2.484550 1.000000
-0.199238 0.273057 2.742847 0.096154
-0.127292 0.237159 2.389143 1.000000
-0.267628 0.306290 2.545865 0.000000
-0.094948 0.131082 2.598772 0.043269
-0.303063 -0.058873 2.862815 1.000000
-0.211189 -0.092535 2.484769 0.548077
-0.161947 -0.066518 2.696105 0.418269
-0.348375 0.454914 2.892167 0.630769
-0.400279 0.202282 2.432414 1.000000
-0.431810 0.713026 2.772709 1.000000
-0.578277 0.426534 2.509102 1.000000
-0.448867 0.777265 2.745219 0.038462
-0.584556 0.497780 2.516712 1.000000
-0.328272 -0.596800 2.802494 0.430769
-0.200831 -0.613959 2.677442 1.000000
-0.289345 -1.021987 2.807928 1.000000
-0.106924 -1.025409 2.742398 1.000000
-0.463832 -1.038360 2.776780 0.000000
-0.277137 -1.068802 2.713611 0.000000
-0.239714 0.518291 2.481870 1.000000
-0.199154 0.259943 2.754054 0.057692
-0.138856 0.254927 2.395958 1.000000
-0.272120 0.313414 2.562857 0.000000
-0.103877 0.128876 2.593771 0.144231
-0.301743 -0.064172 2.849380 1.000000
-0.222908 -0.073762 2.467037 0.528846
-0.166267 -0.063772 2.677884 0.591346
-0.347450 0.438958 2.907271 0.569231
-0.410002 0.198835 2.425059 1.000000
-0.409367 0.696919 2.775491 1.000000
-0.549401 0.451048 2.493613 1.000000
-0.425845 0.755140 2.736607 0.173077
-0.543878 0.521728 2.505749 1.000000
-0.336990 -0.592474 2.801473 0.530769
-0.215385 -0.601309 2.670182 1.000000
-0.286164 -1.016375 2.808836 1.000000
-0.113752 -1.009279 2.744748 1.000000
-0.462091 -1.037757 2.792212 0.000000
-0.286546 -1.051968 2.746707 0.120192
-0.217713 0.522521 2.480034 1.000000
-0.196690 0.255084 2.752427 0.000000
-0.144009 0.250628 2.391957 1.000000
-0.274908 0.306369 2.561644 0.000000
-0.101744 0.125894 2.589181 0.100962
-0.308801 -0.067940 2.846435 1.000000
-0.234960 -0.068735 2.462977 0.673077
-0.175644 -0.062275 2.673226 0.259615
-0.353236 0.423352 2.909286 0.692308
-0.415098 0.195088 2.421146 1.000000
-0.433759 0.674319 2.774468 1.000000
-0.541024 0.453204 2.492998 1.000000
-0.453754 0.735387 2.742153 0.000000
-0.537105 0.520846 2.517136 1.000000
-0.347730 -0.593579 2.789217 0.523077
-0.226576 -0.599704 2.659563 1.000000
-0.286366 -1.015589 2.810919 1.000000
-0.112527 -1.002176 2.745227 1.000000
-0.461708 -1.041894 2.795203 0.000000
-0.284010 -1.049563 2.750896 0.182692
-0.211322 0.524490 2.483154 0.908654
-0.174119 0.236404 2.764625 0.000000
-0.153817 0.253509 2.400287 1.000000
-0.264360 0.306756 2.584624 0.000000
-0.104580 0.112371 2.584401 0.072115
-0.268624 -0.087024 2.845218 0.461538
-0.237669 -0.078405 2.456039 0.644231
-0.156143 -0.069770 2.658631 1.000000
-0.354053 0.400204 2.899311 0.615385
-0.423238 0.187548 2.420498 1.000000
-0.468008 0.634570 2.759161 1.000000
-0.542482 0.448465 2.493012 1.000000
-0.495789 0.666628 2.701077 0.038462
-0.536802 0.519811 2.500144 0.896635
-0.342169 -0.600630 2.783350 0.726923
-0.226396 -0.609317 2.656478 1.000000
-0.295078 -1.024899 2.793690 1.000000
-0.105793 -1.008830 2.746885 1.000000
-0.471913 -1.044385 2.799492 0.000000
-0.275991 -1.054542 2.771927 0.004808
-0.219412 0.507738 2.487257 1.000000
-0.174681 0.240777 2.776027 0.057692
-0.157031 0.248105 2.408956 1.000000
-0.265175 0.307909 2.592704 0.000000
-0.108516 0.111033 2.596306 0.000000
-0.245717 -0.081545 2.850013 0.000000
-0.253000 -0.087475 2.459623 0.913462
-0.151694 -0.074563 2.652845 1.000000
-0.371592 0.389624 2.903880 0.676923
-0.426971 0.182413 2.418565 1.000000
-0.492198 0.605040 2.741016 1.000000
-0.559522 0.433355 2.501831 1.000000
-0.505070 0.674437 2.727172 0.206731
-0.585212 0.496889 2.523665 1.000000
-0.350815 -0.597514 2.775037 0.815385
-0.213134 -0.614914 2.660359 1.000000
-0.293291 -1.019987 2.798207 1.000000
-0.106616 -1.019290 2.746748 1.000000
-0.469304 -1.043255 2.810937 0.000000
-0.276825 -1.056294 2.783406 0.038462
-0.222742 0.504062 2.489890 1.000000
-0.175333 0.244716 2.778080 0.076923
-0.151712 0.252882 2.409934 1.000000
-0.262575 0.312618 2.592077 0.000000
-0.106652 0.115205 2.597703 0.072115
-0.254767 -0.084383 2.847501 0.000000
-0.243649 -0.093544 2.457263 0.942308
-0.152084 -0.074740 2.654815 0.937500
-0.390765 0.373487 2.897322 0.738462
-0.414410 0.162329 2.408826 1.000000
-0.524466 0.589231 2.745730 1.000000
-0.581309 0.390406 2.495584 1.000000
-0.543283 0.652232 2.716574 0.122596
-0.595601 0.459783 2.508072 1.000000
-0.355078 -0.598255 2.774755 0.888462
-0.210899 -0.619125 2.658565 1.000000
-0.288576 -1.019776 2.789828 1.000000
-0.112129 -1.026497 2.739936 1.000000
-0.464237 -1.047176 2.798580 0.000000
-0.284712 -1.063862 2.762363 0.019231
-0.219225 0.507848 2.490548 1.000000
-0.170978 0.243846 2.792645 0.250000
-0.146032 0.252888 2.424452 1.000000
-0.264682 0.299405 2.605542 0.000000
-0.085538 0.122878 2.613344 0.173077
-0.260881 -0.063141 2.848884 0.317308
-0.238673 -0.075439 2.459207 0.894231
-0.151843 -0.064747 2.659483 1.000000
-0.420754 0.316005 2.887702 0.969231
-0.375914 0.101815 2.393435 1.000000
-0.596737 0.496362 2.735238 1.000000
-0.616243 0.250096 2.477093 1.000000
-0.638206 0.540595 2.696545 0.000000
-0.650847 0.309380 2.498572 1.000000
-0.357336 -0.585363 2.764794 1.000000
-0.201601 -0.604001 2.648931 1.000000
-0.280575 -1.004685 2.789396 1.000000
-0.114132 -1.010285 2.746972 1.000000
-0.455651 -1.036796 2.788347 0.000000
-0.288265 -1.044350 2.761160 0.192308
-0.219590 0.505026 2.493948 1.000000
-0.298524 0.262602 2.739878 0.096154
-0.071668 0.261643 2.441281 1.000000
-0.273089 0.302739 2.523598 0.000000
-0.117661 0.144331 2.642191 0.100962
-0.367491 -0.068525 2.775589 0.750000
-0.126469 -0.063227 2.468387 0.692308
-0.169740 -0.068879 2.682537 0.043269
-0.475464 0.204309 2.944631 1.000000
-0.295937 0.103669 2.404172 1.000000
-0.638568 0.353709 2.750159 1.000000
-0.587100 0.092116 2.446987 1.000000
-0.676333 0.382769 2.696282 0.509615
-0.642034 0.125188 2.479572 1.000000
-0.338520 -0.594585 2.766462 0.969231
-0.189444 -0.597075 2.646564 1.000000
-0.283919 -1.017896 2.778943 1.000000
-0.116352 -1.005848 2.746016 1.000000
-0.434818 -1.040065 2.687171 0.057692
-0.268166 -1.052543 2.665667 0.000000
-0.197934 0.538463 2.491435 1.000000
-0.389594 0.327564 2.700131 1.000000
-0.050243 0.306536 2.541944 1.000000
-0.267717 0.338872 2.515596 0.000000
-0.181531 0.215006 2.716952 0.000000
-0.394483 -0.007675 2.716598 1.000000
-0.037428 -0.024966 2.559416 1.000000
-0.177365 -0.030294 2.727207 0.000000
-0.438710 0.054007 2.692659 1.000000
-0.227135 0.113778 2.447846 0.000000
-0.694779 0.202037 2.697037 0.086538
-0.483792 -0.032690 2.434517 0.000000
-0.753193 0.233771 2.724498 0.000000
-0.546942 -0.067084 2.432964 0.000000
-0.326022 -0.548643 2.713598 1.000000
-0.122844 -0.553505 2.671773 1.000000
-0.292841 -0.971848 2.759701 1.000000
-0.109766 -0.975232 2.737384 1.000000
-0.369876 -0.995183 2.600940 0.000000
-0.181547 -1.002443 2.576788 0.000000
-0.216519 0.592376 2.531267 1.000000
-0.400611 0.328986 2.669687 1.000000
-0.030029 0.322194 2.612697 1.000000
-0.231229 0.368486 2.532630 0.000000
-0.204927 0.206080 2.723019 0.000000
-0.385240 0.030053 2.639963 0.653846
-0.000877 -0.009230 2.583266 1.000000
-0.178721 0.010499 2.708752 0.000000
-0.441280 0.052043 2.664217 1.000000
0.060187 0.059782 2.575511 1.000000
-0.447005 -0.226834 2.559713 1.000000
0.113585 -0.228639 2.523666 1.000000
-0.453846 -0.298314 2.555566 0.425481
0.109355 -0.300435 2.522818 1.000000
-0.307653 -0.517315 2.677249 1.000000
-0.102023 -0.531012 2.670209 1.000000
-0.296729 -0.933294 2.773015 1.000000
-0.102765 -0.952812 2.736642 1.000000
-0.327895 -0.973389 2.602413 0.000000
-0.129706 -0.980140 2.562827 0.000000
-0.216531 0.590253 2.541856 1.000000
-0.403195 0.326232 2.655797 1.000000
-0.028800 0.322882 2.634770 1.000000
-0.221649 0.371161 2.537233 0.000000
-0.212695 0.202300 2.723569 0.000000
-0.383456 -0.026191 2.621292 1.000000
0.006672 -0.027225 2.604216 1.000000
-0.184110 -0.030222 2.710788 0.000000
-0.462627 0.049907 2.641477 1.000000
0.084498 0.064176 2.616688 1.000000
-0.479510 -0.215046 2.499428 1.000000
0.149151 -0.220735 2.543825 1.000000
-0.474300 -0.277781 2.464635 0.593750
0.147472 -0.292584 2.546696 0.762019
-0.293703 -0.557739 2.702697 1.000000
-0.092984 -0.558989 2.695107 1.000000
-0.286661 -0.978955 2.772393 1.000000
-0.092649 -0.982262 2.751400 1.000000
-0.295783 -1.008122 2.597036 0.000000
-0.100231 -1.005713 2.575115 0.000000
-0.224409 0.595267 2.557922 1.000000
-0.402778 0.323322 2.650750 1.000000
-0.027876 0.324925 2.642341 1.000000
-0.217944 0.372284 2.539063 0.000000
-0.213083 0.200746 2.723091 0.000000
-0.378641 -0.031310 2.619155 1.000000
0.011579 -0.025179 2.605585 1.000000
-0.180042 -0.033411 2.710362 0.000000
-0.464278 0.046662 2.625975 1.000000
0.083284 0.063053 2.640541 1.000000
-0.494696 -0.212159 2.472010 1.000000
0.156912 -0.216530 2.550926 1.000000
-0.466706 -0.262704 2.429173 0.694712
0.157492 -0.288412 2.548489 0.711538
-0.287660 -0.560245 2.702330 1.000000
-0.083417 -0.557814 2.700713 1.000000
-0.286049 -0.980710 2.776731 1.000000
-0.090830 -0.982131 2.747932 1.000000
-0.292685 -1.011729 2.601580 0.000000
-0.095758 -1.001725 2.571083 0.000000
-0.217411 0.597431 2.575790 1.000000
-0.397643 0.311310 2.635909 1.000000
-0.025402 0.327365 2.678381 1.000000
-0.202281 0.376494 2.554546 0.000000
-0.213462 0.189961 2.723057 0.000000
-0.358548 -0.032468 2.579328 1.000000
0.028820 -0.024803 2.628111 1.000000
-0.177092 -0.030590 2.701126 0.000000
-0.459451 0.036500 2.581445 1.000000
0.073309 0.058072 2.671703 1.000000
-0.495878 -0.213304 2.409862 1.000000
0.136418 -0.228824 2.588769 1.000000
-0.487073 -0.282883 2.425820 0.442308
0.128583 -0.295639 2.563320 0.711538
-0.273608 -0.557697 2.698434 1.000000
-0.073252 -0.555151 2.720625 1.000000
-0.279901 -0.977132 2.778210 1.000000
-0.091505 -0.980201 2.757078 1.000000
-0.257799 -1.010453 2.604759 0.000000
-0.067160 -0.996305 2.581488 0.000000
-0.213407 0.592280 2.575395 1.000000
-0.392308 0.314988 2.627150 1.000000
-0.022598 0.325739 2.688987 1.000000
-0.192340 0.379663 2.557401 0.000000
-0.214150 0.189593 2.720842 0.000000
-0.347101 -0.032506 2.561551 1.000000
0.036425 -0.023357 2.634467 0.730769
-0.173654 -0.028903 2.694471 0.000000
-0.450220 0.037001 2.576128 1.000000
0.066227 0.051280 2.693059 1.000000
-0.475015 -0.219457 2.409292 1.000000
0.096282 -0.243007 2.611135 1.000000
-0.448309 -0.267787 2.363201 0.459135
0.080204 -0.304101 2.576751 0.913462
-0.265774 -0.555941 2.693933 1.000000
-0.068231 -0.554311 2.719953 1.000000
-0.281650 -0.974993 2.774386 1.000000
-0.088023 -0.979483 2.754101 1.000000
-0.248180 -1.009177 2.602936 0.000000
-0.052547 -0.995088 2.580372 0.000000
-0.216471 0.598070 2.590255 1.000000
-0.386909 0.312188 2.632144 1.000000
-0.017845 0.323344 2.697657 1.000000
-0.186949 0.381624 2.567110 0.000000
-0.208429 0.184273 2.721727 0.000000
-0.343766 -0.030923 2.554730 1.000000
0.039207 -0.028494 2.631009 0.682692
-0.171442 -0.031795 2.689149 0.000000
-0.434562 0.032691 2.577982 1.000000
0.075943 0.050381 2.701879 1.000000
-0.438192 -0.231489 2.421408 1.000000
0.072228 -0.247361 2.626677 1.000000
-0.429998 -0.297673 2.394466 0.358173
0.033835 -0.307307 2.616395 0.358173
-0.262561 -0.555505 2.691952 1.000000
-0.063736 -0.555095 2.723520 1.000000
-0.277947 -0.974299 2.773830 1.000000
-0.087665 -0.980389 2.753205 1.000000
-0.243682 -1.009026 2.602646 0.000000
-0.050318 -0.994598 2.579748 0.000000
-0.215282 0.589847 2.593848 1.000000
