-0.436160 0.219349 2.477419 1.000000
-0.082461 0.232421 2.411644 1.000000
-0.277837 0.273668 2.354404 0.000000
-0.238559 0.093978 2.529911 0.000000
-0.451351 -0.131508 2.438697 1.000000
-0.052398 -0.111824 2.389211 1.000000
-0.238561 -0.096421 2.531329 0.000000
-0.500696 -0.044346 2.446711 1.000000
-0.005606 -0.027988 2.442815 1.000000
-0.469817 -0.308613 2.333164 1.000000
0.012333 -0.271564 2.287619 1.000000
-0.448834 -0.373714 2.326687 0.408654
0.011927 -0.339583 2.297299 0.913462
-0.376364 -0.625640 2.478116 1.000000
-0.158874 -0.617621 2.469454 1.000000
-0.401137 -1.011349 2.564319 1.000000
-0.199930 -0.998552 2.569563 1.000000
-0.423976 -1.046088 2.402318 0.000000
-0.224237 -1.038155 2.408897 0.057692
-0.273168 0.521541 2.337645 1.000000
-0.437990 0.218764 2.473596 1.000000
-0.081780 0.236209 2.424502 1.000000
-0.274691 0.277221 2.359290 0.000000
-0.241873 0.093783 2.532228 0.000000
-0.455392 -0.136845 2.443521 1.000000
-0.058302 -0.103817 2.386697 0.961538
-0.242105 -0.095697 2.532443 0.000000
-0.502972 -0.044846 2.438526 1.000000
-0.009451 -0.027884 2.425743 1.000000
-0.475859 -0.308834 2.321930 1.000000
-0.016159 -0.281841 2.286033 1.000000
-0.475379 -0.376705 2.332593 0.290865
-0.015254 -0.350311 2.291646 0.778846
-0.380845 -0.626565 2.481811 1.000000
-0.163780 -0.613344 2.465637 1.000000
-0.393670 -1.011960 2.571931 1.000000
-0.202696 -0.989895 2.581873 1.000000
-0.420587 -1.048696 2.411000 0.000000
-0.236646 -1.034986 2.424435 0.274038
-0.276489 0.519703 2.336381 1.000000
-0.441935 0.221805 2.479280 1.000000
-0.085472 0.238207 2.431686 1.000000
-0.277916 0.282162 2.367012 0.000000
-0.246806 0.094062 2.535191 0.000000
-0.463039 -0.132125 2.432323 0.961538
-0.062480 -0.104847 2.403895 0.980769
-0.255803 -0.096973 2.536769 0.000000
-0.510116 -0.041142 2.443504 1.000000
-0.017564 -0.027103 2.421822 1.000000
-0.483018 -0.305323 2.326731 1.000000
-0.051912 -0.273329 2.272200 1.000000
-0.483217 -0.373954 2.323557 0.358173
-0.054027 -0.341806 2.267027 0.879808
-0.381046 -0.624194 2.484563 1.000000
-0.167574 -0.613808 2.469826 1.000000
-0.393113 -1.010641 2.570173 1.000000
-0.197920 -0.992816 2.580496 1.000000
-0.406433 -1.046303 2.407313 0.000000
-0.216422 -1.038041 2.420543 0.096154
-0.277199 0.521327 2.341179 1.000000
-0.445494 0.225501 2.480704 1.000000
-0.089905 0.237593 2.425841 1.000000
-0.283209 0.281510 2.363760 0.000000
-0.250355 0.097577 2.536163 0.000000
-0.470733 -0.125349 2.447093 1.000000
-0.071241 -0.107160 2.401542 0.836538
-0.258414 -0.095882 2.542717 0.000000
-0.513641 -0.037209 2.440950 1.000000
-0.022196 -0.027855 2.411135 1.000000
-0.495995 -0.308476 2.338694 1.000000
-0.085617 -0.265970 2.257325 1.000000
-0.492695 -0.371918 2.312531 0.307692
-0.103345 -0.330621 2.242278 0.711538
-0.383649 -0.621621 2.485620 1.000000
-0.170748 -0.614161 2.468674 1.000000
-0.397494 -1.008731 2.567902 1.000000
-0.205104 -0.995685 2.569049 1.000000
-0.417638 -1.042561 2.405353 0.000000
-0.223692 -1.036408 2.407901 0.000000
-0.272894 0.520513 2.330104 1.000000
-0.449028 0.231057 2.488421 1.000000
-0.094414 0.231944 2.426393 1.000000
-0.287226 0.284270 2.369519 0.000000
-0.257538 0.094910 2.536537 0.000000
-0.477135 -0.119547 2.461698 1.000000
-0.080312 -0.111702 2.394842 1.000000
-0.259284 -0.096336 2.545919 0.000000
-0.522197 -0.029949 2.448734 1.000000
-0.032126 -0.029943 2.375353 1.000000
-0.501284 -0.300236 2.345536 1.000000
-0.152357 -0.260498 2.246708 1.000000
-0.507161 -0.360927 2.313873 0.189904
-0.165741 -0.325463 2.228797 0.408654
-0.383106 -0.620335 2.482776 1.000000
-0.168645 -0.615591 2.468682 1.000000
-0.400459 -1.005309 2.573933 1.000000
-0.203910 -0.993220 2.582562 1.000000
-0.428389 -1.042112 2.413191 0.000000
-0.223710 -1.039472 2.423059 0.197115
-0.277182 0.518637 2.334388 1.000000
-0.452825 0.231677 2.482919 1.000000
-0.096543 0.233315 2.431343 1.000000
-0.287712 0.285212 2.368809 0.000000
-0.262540 0.095955 2.536684 0.000000
-0.479185 -0.119632 2.449199 1.000000
-0.080127 -0.110434 2.397546 1.000000
-0.264831 -0.094709 2.541519 0.000000
-0.524926 -0.029829 2.450649 1.000000
-0.037602 -0.026013 2.368788 1.000000
-0.505897 -0.300110 2.349413 1.000000
-0.182107 -0.246089 2.248942 1.000000
-0.496176 -0.356619 2.311563 0.240385
-0.214999 -0.299916 2.221719 0.947115
-0.384280 -0.619132 2.485743 1.000000
-0.171408 -0.614485 2.469745 1.000000
-0.392862 -1.005091 2.573935 1.000000
-0.204295 -0.995780 2.571473 1.000000
-0.415057 -1.041548 2.412222 0.000000
-0.219869 -1.037451 2.410248 0.076923
-0.279009 0.521286 2.336955 1.000000
-0.453187 0.230919 2.482570 1.000000
-0.096778 0.238307 2.432384 1.000000
-0.288523 0.286976 2.369023 0.000000
-0.260921 0.098408 2.537290 0.000000
-0.479792 -0.118902 2.453527 1.000000
-0.081155 -0.113049 2.398263 1.000000
-0.264383 -0.096514 2.544021 0.000000
-0.524921 -0.030386 2.453124 1.000000
-0.038544 -0.019295 2.364900 1.000000
-0.508697 -0.301759 2.356252 1.000000
-0.199554 -0.229503 2.250046 1.000000
-0.507730 -0.365256 2.330029 0.072115
-0.223151 -0.287437 2.221634 0.913462
-0.385975 -0.619680 2.485643 1.000000
-0.169953 -0.616589 2.466825 1.000000
-0.398395 -1.006222 2.570770 1.000000
-0.204279 -0.993477 2.583415 1.000000
-0.421974 -1.041111 2.408908 0.000000
-0.219050 -1.041482 2.423885 0.235577
-0.278857 0.521483 2.336118 1.000000
-0.459539 0.231181 2.491956 1.000000
-0.105692 0.237211 2.425958 1.000000
-0.299841 0.287041 2.371435 0.000000
-0.265648 0.097550 2.537441 0.000000
-0.485509 -0.121139 2.458946 0.913462
-0.088112 -0.111668 2.395819 1.000000
-0.268590 -0.096333 2.545097 0.000000
-0.530647 -0.029257 2.451041 1.000000
-0.049270 -0.020749 2.356395 1.000000
-0.512847 -0.307160 2.373322 1.000000
-0.220163 -0.227213 2.247931 1.000000
-0.484791 -0.363464 2.345697 0.543269
-0.254941 -0.284743 2.233747 0.778846
-0.390361 -0.621451 2.480906 1.000000
-0.173252 -0.616425 2.462480 1.000000
-0.394218 -1.006950 2.571414 1.000000
-0.201584 -0.992528 2.583143 1.000000
-0.421504 -1.044406 2.410712 0.000000
-0.218906 -1.042161 2.424369 0.187500
-0.283841 0.521914 2.339885 1.000000
-0.463323 0.225383 2.484412 1.000000
-0.108812 0.236216 2.422731 1.000000
-0.303051 0.281798 2.364914 0.000000
-0.267832 0.095862 2.534682 0.000000
-0.489327 -0.117125 2.451832 1.000000
-0.089910 -0.112347 2.402400 1.000000
-0.275268 -0.093368 2.545137 0.000000
-0.534329 -0.036669 2.457279 1.000000
-0.051487 -0.024135 2.364533 1.000000
-0.517812 -0.311558 2.369936 1.000000
-0.229524 -0.212386 2.236715 1.000000
-0.515017 -0.351341 2.313991 0.375000
-0.257396 -0.268442 2.208409 0.745192
-0.390601 -0.618697 2.480214 1.000000
-0.174270 -0.615820 2.463044 1.000000
-0.389730 -1.002733 2.576816 1.000000
-0.201894 -0.996421 2.568856 1.000000
-0.411348 -1.043236 2.415991 0.000000
-0.214635 -1.040230 2.407949 0.028846
-0.285065 0.521225 2.337507 1.000000
-0.466012 0.225189 2.485896 1.000000
-0.112007 0.237008 2.421545 1.000000
-0.306800 0.282091 2.365218 0.000000
-0.269798 0.096173 2.534626 0.000000
-0.491210 -0.118446 2.453594 1.000000
-0.091847 -0.115139 2.403611 1.000000
-0.276978 -0.094152 2.546361 0.000000
-0.538744 -0.036078 2.467079 1.000000
-0.053435 -0.022771 2.366833 1.000000
-0.512775 -0.307132 2.373750 1.000000
-0.233026 -0.203394 2.232732 1.000000
-0.514253 -0.366208 2.338705 0.038462
-0.266299 -0.257666 2.206888 0.913462
-0.389889 -0.620549 2.479545 1.000000
-0.174475 -0.618190 2.461886 1.000000
-0.386748 -1.003643 2.579772 1.000000
-0.201764 -0.993443 2.585401 1.000000
-0.408353 -1.045786 2.419367 0.000000
-0.212260 -1.044942 2.426624 0.278846
-0.289815 0.522833 2.337672 1.000000
-0.466614 0.228611 2.483939 1.000000
-0.112402 0.233490 2.419829 1.000000
-0.306362 0.280924 2.362564 0.000000
-0.272630 0.097124 2.534940 0.000000
-0.491549 -0.118690 2.466160 1.000000
-0.095370 -0.114076 2.395304 1.000000
-0.272809 -0.094114 2.547646 0.000000
-0.534978 -0.032442 2.461872 1.000000
-0.065773 -0.024947 2.353884 1.000000
-0.538903 -0.304576 2.371791 1.000000
-0.254520 -0.193641 2.219315 1.000000
-0.529758 -0.364306 2.339093 0.105769
-0.307455 -0.236269 2.209260 0.913462
-0.393424 -0.620779 2.476636 1.000000
-0.176500 -0.617706 2.456694 1.000000
-0.404759 -1.006657 2.564871 1.000000
-0.200150 -0.992364 2.582743 1.000000
-0.434044 -1.042544 2.404163 0.000000
-0.218750 -1.044309 2.424856 0.254808
-0.286171 0.520214 2.333073 1.000000
-0.469025 0.234197 2.480398 1.000000
-0.114915 0.231452 2.415603 1.000000
-0.308084 0.281483 2.357877 0.000000
-0.277395 0.100032 2.533284 0.000000
-0.490428 -0.114762 2.462211 1.000000
-0.092274 -0.114343 2.403274 1.000000
-0.273945 -0.093899 2.550479 0.000000
-0.533201 -0.029052 2.473042 1.000000
-0.071053 -0.028296 2.351706 1.000000
-0.553173 -0.301483 2.384991 1.000000
-0.269446 -0.184646 2.215437 1.000000
-0.532619 -0.346755 2.337574 0.257212
-0.328627 -0.219074 2.221151 1.000000
-0.394798 -0.618139 2.476190 1.000000
-0.175747 -0.617293 2.456066 1.000000
-0.397929 -1.002295 2.572261 1.000000
-0.200396 -0.990418 2.586397 1.000000
-0.423347 -1.042206 2.411844 0.000000
-0.213497 -1.044629 2.428720 0.264423
-0.291079 0.520254 2.329469 1.000000
-0.470328 0.236436 2.473064 1.000000
-0.115672 0.230270 2.411575 1.000000
-0.308091 0.279401 2.350661 0.000000
-0.279785 0.103073 2.531606 0.000000
-0.485852 -0.117999 2.444842 1.000000
-0.086166 -0.127366 2.398335 1.000000
-0.271771 -0.099251 2.539230 0.000000
-0.533967 -0.027945 2.475388 1.000000
-0.077451 -0.030261 2.343623 1.000000
-0.572641 -0.297593 2.382098 1.000000
-0.286737 -0.171697 2.205396 0.788462
-0.552766 -0.350243 2.342685 0.240385
-0.335892 -0.216215 2.187441 0.947115
-0.394895 -0.622528 2.482295 1.000000
-0.175226 -0.627046 2.455420 1.000000
-0.398528 -1.009256 2.567410 1.000000
-0.204228 -0.997463 2.592409 1.000000
-0.419477 -1.044734 2.405314 0.000000
-0.212676 -1.054819 2.435528 0.298077
-0.290449 0.522298 2.325798 1.000000
-0.471631 0.233392 2.463637 1.000000
-0.115756 0.229679 2.409421 1.000000
-0.307494 0.274150 2.343025 0.000000
-0.280688 0.104639 2.530591 0.000000
-0.487955 -0.120496 2.452472 1.000000
-0.090544 -0.133137 2.389987 1.000000
-0.270117 -0.102261 2.537945 0.000000
-0.541617 -0.029136 2.466286 1.000000
-0.081139 -0.030663 2.339768 1.000000
-0.595095 -0.300518 2.387170 1.000000
-0.296136 -0.169741 2.208607 0.846154
-0.601338 -0.353754 2.344189 0.223558
-0.350748 -0.208247 2.192631 0.947115
-0.400923 -0.626183 2.477494 1.000000
-0.168612 -0.631646 2.440071 1.000000
-0.397610 -1.013042 2.562018 1.000000
-0.197904 -1.004264 2.570891 1.000000
-0.426004 -1.048456 2.401046 0.000000
-0.208668 -1.058799 2.413148 0.000000
-0.285951 0.515122 2.309982 1.000000
-0.473335 0.230645 2.446833 1.000000
-0.115121 0.227740 2.411134 1.000000
-0.303473 0.267531 2.333097 0.000000
-0.285242 0.106674 2.529124 0.000000
-0.486831 -0.127260 2.450486 1.000000
-0.086409 -0.138602 2.411323 1.000000
-0.274435 -0.110238 2.548921 0.000000
-0.537929 -0.033769 2.434595 1.000000
-0.077369 -0.035192 2.350471 1.000000
-0.602121 -0.303827 2.356007 1.000000
-0.275923 -0.196737 2.217398 0.807692
-0.618238 -0.370472 2.360366 0.038462
-0.341983 -0.213204 2.226639 1.000000
-0.404639 -0.632884 2.474525 1.000000
-0.164186 -0.637801 2.436001 1.000000
-0.397298 -1.015497 2.576356 1.000000
-0.205108 -1.003980 2.581102 1.000000
-0.418166 -1.058550 2.416095 0.000000
-0.200516 -1.066013 2.425849 0.144231
-0.287784 0.511380 2.298160 1.000000
-0.472077 0.221566 2.411289 1.000000
-0.112731 0.229508 2.431488 1.000000
-0.287703 0.260643 2.323947 0.000000
-0.295648 0.106456 2.525929 0.000000
-0.479491 -0.131186 2.424062 1.000000
-0.078081 -0.132553 2.453532 0.951923
-0.287366 -0.107471 2.556790 0.000000
-0.523150 -0.044335 2.385116 1.000000
-0.071874 -0.032395 2.370363 1.000000
-0.579746 -0.314226 2.301965 1.000000
-0.234966 -0.221774 2.227197 1.000000
-0.563398 -0.377600 2.281062 0.442308
-0.294251 -0.246889 2.251176 0.980769
-0.398161 -0.633477 2.474578 1.000000
-0.157404 -0.633934 2.446214 1.000000
-0.395157 -1.017728 2.570278 1.000000
-0.206257 -1.003708 2.579244 1.000000
-0.388132 -1.058060 2.408116 0.000000
-0.178241 -1.062790 2.425305 0.057692
-0.282579 0.495762 2.268744 1.000000
-0.459331 0.209238 2.358999 1.000000
-0.112229 0.230203 2.452170 1.000000
-0.261492 0.247800 2.308780 0.000000
-0.308736 0.108493 2.516133 0.000000
-0.467801 -0.136998 2.386705 0.509615
-0.084278 -0.111967 2.506217 0.384615
-0.312685 -0.101452 2.559236 0.000000
-0.452019 -0.056768 2.302488 1.000000
-0.052804 -0.033719 2.423513 1.000000
-0.446282 -0.318042 2.181359 1.000000
-0.068781 -0.237765 2.220832 1.000000
-0.463948 -0.365333 2.134756 1.000000
-0.072818 -0.287667 2.173779 0.004808
-0.388835 -0.630957 2.475818 1.000000
-0.145586 -0.618855 2.462015 1.000000
-0.402780 -1.015411 2.569715 1.000000
-0.206375 -0.995440 2.568338 1.000000
-0.355937 -1.055106 2.414143 0.000000
-0.145950 -1.046772 2.421075 0.057692
-0.281514 0.479922 2.235997 1.000000
-0.446211 0.202001 2.326573 1.000000
-0.115491 0.228182 2.466355 1.000000
-0.243134 0.238672 2.302811 0.000000
-0.319509 0.109100 2.507779 0.000000
-0.448866 -0.142768 2.370143 1.000000
-0.079726 -0.110118 2.527207 0.865385
-0.312435 -0.101981 2.556729 0.000000
-0.395543 -0.050506 2.245692 1.000000
-0.018254 -0.023619 2.469611 1.000000
-0.296560 -0.278435 2.104470 1.000000
0.104399 -0.156522 2.248281 1.000000
-0.276803 -0.319502 2.053054 0.139423
0.133819 -0.188440 2.195026 0.000000
-0.381936 -0.633466 2.473606 1.000000
-0.142314 -0.619388 2.477160 1.000000
-0.395378 -1.016673 2.572541 1.000000
-0.209973 -0.997998 2.571458 1.000000
-0.333852 -1.057570 2.422492 0.000000
-0.137986 -1.046472 2.428486 0.052885
-0.274918 0.469580 2.219764 1.000000
-0.421807 0.199092 2.301225 1.000000
-0.119667 0.230353 2.494446 1.000000
-0.219641 0.245353 2.312980 0.000000
-0.321499 0.100806 2.495641 0.000000
-0.409909 -0.142174 2.348836 1.000000
-0.080246 -0.112942 2.577893 0.317308
-0.314264 -0.108165 2.560465 0.000000
-0.334418 -0.031301 2.201121 1.000000
0.012452 -0.000032 2.508809 1.000000
-0.152721 -0.203034 2.071508 1.000000
0.236503 -0.022356 2.339667 1.000000
-0.123195 -0.234465 2.018022 1.000000
0.282364 -0.037015 2.290654 0.173077
-0.374502 -0.631940 2.473105 1.000000
-0.141014 -0.621280 2.488188 1.000000
-0.403281 -1.014297 2.572049 1.000000
-0.212210 -1.002317 2.569170 1.000000
-0.312356 -1.055840 2.437962 0.000000
-0.121055 -1.047558 2.436443 0.038462
-0.273980 0.452401 2.201053 1.000000
-0.385153 0.196897 2.275776 1.000000
-0.118367 0.236270 2.514261 1.000000
-0.185792 0.237391 2.317787 0.000000
-0.323585 0.114113 2.492285 0.000000
-0.378526 -0.133766 2.332552 1.000000
-0.083849 -0.109374 2.605629 0.548077
-0.313214 -0.104261 2.556059 0.000000
-0.222357 0.009078 2.168800 1.000000
0.039655 0.021306 2.559454 1.000000
0.042396 -0.058510 2.082617 1.000000
0.264088 0.164240 2.453198 1.000000
0.098906 -0.046511 2.045428 1.000000
0.320079 0.172796 2.492085 0.711538
-0.369528 -0.623068 2.464464 1.000000
-0.144051 -0.617145 2.500432 1.000000
-0.403559 -1.004558 2.565078 1.000000
-0.205676 -1.004956 2.551629 1.000000
-0.295753 -1.046072 2.444136 0.000000
-0.099338 -1.038316 2.426922 0.000000
-0.265343 0.425939 2.162608 1.000000
-0.377300 0.197590 2.258342 1.000000
-0.117704 0.227565 2.505953 1.000000
-0.177697 0.228126 2.307082 0.000000
-0.328370 0.116251 2.478590 0.000000
-0.366053 -0.133450 2.330288 1.000000
-0.085527 -0.110909 2.618033 0.865385
-0.312021 -0.104210 2.556821 0.000000
-0.176121 0.033904 2.169665 1.000000
0.074701 0.041420 2.564781 1.000000
0.110873 0.024640 2.127503 1.000000
0.272516 0.241080 2.492432 1.000000
0.165173 0.060358 2.105230 1.000000
0.307705 0.268990 2.544423 0.543269
-0.369173 -0.622794 2.457887 1.000000
-0.142243 -0.618084 2.508857 1.000000
-0.412850 -1.001337 2.565653 1.000000
-0.204498 -1.006100 2.557678 1.000000
-0.301581 -1.047235 2.449528 0.000000
-0.092246 -1.039146 2.438180 0.000000
-0.254639 0.403839 2.135326 1.000000
-0.359836 0.186110 2.238557 1.000000
-0.113520 0.212996 2.499719 1.000000
-0.163109 0.216296 2.298028 0.000000
-0.322203 0.101717 2.459874 0.346154
-0.372538 -0.139248 2.338199 1.000000
-0.078153 -0.117991 2.611850 0.605769
-0.306783 -0.103743 2.560701 0.548077
-0.137884 0.036598 2.180235 1.000000
0.124864 0.092064 2.559440 1.000000
0.150622 0.066043 2.180496 1.000000
0.303703 0.315331 2.511778 1.000000
0.198527 0.114602 2.172276 1.000000
0.347906 0.366788 2.500882 0.000000
-0.369353 -0.630167 2.452866 1.000000
-0.140391 -0.624296 2.516601 1.000000
-0.400536 -1.009648 2.561666 1.000000
-0.204133 -1.013668 2.550398 1.000000
-0.297684 -1.053737 2.437368 0.000000
-0.092947 -1.042423 2.428812 0.000000
-0.242525 0.366399 2.109235 1.000000
-0.338522 0.151020 2.219090 1.000000
-0.097407 0.179445 2.484900 1.000000
-0.141569 0.170682 2.282114 0.000000
-0.313125 0.081628 2.447254 0.389423
-0.373717 -0.166001 2.344498 1.000000
-0.089016 -0.126471 2.626246 0.471154
-0.315219 -0.112008 2.565300 0.490385
-0.109066 -0.002294 2.191713 1.000000
0.137901 0.038032 2.524115 1.000000
0.180098 0.026142 2.234064 1.000000
0.322625 0.265777 2.509031 1.000000
0.224904 0.077767 2.227160 1.000000
0.367837 0.317409 2.505785 0.000000
-0.367846 -0.651437 2.438267 1.000000
-0.133363 -0.632151 2.524171 1.000000
-0.399392 -1.021553 2.575507 1.000000
-0.205487 -1.020467 2.552897 1.000000
-0.306677 -1.076827 2.447752 0.000000
-0.091179 -1.050453 2.434546 0.000000
-0.216138 0.309400 2.079138 1.000000
-0.332902 0.107113 2.215155 1.000000
-0.089075 0.156414 2.475381 1.000000
-0.135003 0.127643 2.274851 0.000000
-0.307727 0.061401 2.449241 0.288462
-0.375530 -0.189282 2.350437 0.884615
-0.101220 -0.149921 2.642335 0.375000
-0.324443 -0.131595 2.572143 0.447115
-0.099132 -0.044825 2.201749 1.000000
0.094691 -0.051460 2.505916 1.000000
0.193824 -0.051956 2.240156 1.000000
0.336653 0.106660 2.444254 1.000000
0.250888 -0.013753 2.237982 1.000000
0.393911 0.141923 2.430170 0.000000
-0.363597 -0.674481 2.429540 1.000000
-0.125805 -0.648428 2.519620 1.000000
-0.411116 -1.034651 2.587132 1.000000
-0.212331 -1.033152 2.555902 1.000000
-0.325115 -1.101524 2.460229 0.000000
-0.094597 -1.070273 2.443060 0.000000
-0.206546 0.274630 2.068810 1.000000
-0.340449 0.084191 2.228452 1.000000
-0.082508 0.125022 2.476241 1.000000
-0.139161 0.093975 2.278818 0.000000
-0.307482 0.043074 2.462423 0.274038
-0.382901 -0.214173 2.359084 0.894231
-0.096418 -0.189399 2.640710 0.346154
-0.320764 -0.159242 2.578659 0.519231
-0.142188 -0.109805 2.204280 1.000000
0.036295 -0.126795 2.476310 1.000000
0.136218 -0.203450 2.229486 1.000000
0.302119 -0.130033 2.348865 1.000000
0.203903 -0.195009 2.221242 1.000000
0.364042 -0.131510 2.319136 0.000000
-0.368042 -0.701846 2.425315 1.000000
-0.117392 -0.675133 2.496469 1.000000
-0.410089 -1.055962 2.597505 0.922356
-0.230447 -1.048591 2.564020 1.000000
-0.337967 -1.128790 2.465343 0.000000
-0.119964 -1.102545 2.450639 0.000000
-0.203145 0.241447 2.072099 1.000000
-0.352328 0.063618 2.262474 1.000000
-0.056309 0.076330 2.466951 1.000000
-0.145687 0.053124 2.280880 0.000000
-0.287653 0.016928 2.488652 0.000000
-0.407238 -0.224270 2.388803 0.759615
-0.083880 -0.235626 2.628199 0.471154
-0.311682 -0.186685 2.599867 0.000000
-0.269693 -0.199789 2.215996 1.000000
-0.049588 -0.197634 2.409761 1.000000
-0.138090 -0.461580 2.171166 1.000000
0.060137 -0.427928 2.258802 1.000000
-0.069594 -0.456721 2.173441 0.375000
0.084840 -0.482028 2.224401 0.000000
-0.385386 -0.721625 2.438886 1.000000
-0.141472 -0.703295 2.454043 1.000000
-0.374859 -1.069158 2.628426 1.000000
-0.235706 -1.065352 2.583852 1.000000
-0.333846 -1.145834 2.485558 0.000000
-0.158314 -1.132829 2.451830 0.000000
-0.202006 0.222402 2.090766 1.000000
-0.394028 0.079372 2.288467 1.000000
-0.062570 0.069363 2.428595 1.000000
-0.188559 0.061634 2.263620 0.000000
-0.287086 0.015357 2.493370 0.000000
-0.457277 -0.234835 2.424677 0.403846
-0.082424 -0.235971 2.571251 0.000000
-0.310702 -0.191400 2.602780 0.000000
-0.416672 -0.192901 2.251832 1.000000
-0.089127 -0.199525 2.373989 1.000000
-0.452733 -0.478632 2.204415 1.000000
-0.192348 -0.455797 2.279856 1.000000
-0.445515 -0.545580 2.190765 0.274038
-0.216382 -0.516270 2.257817 0.000000
-0.403340 -0.730252 2.458893 1.000000
-0.149525 -0.712534 2.445414 1.000000
-0.389605 -1.089625 2.624657 1.000000
-0.228689 -1.070640 2.594778 0.841106
-0.365523 -1.158188 2.474020 0.000000
-0.168678 -1.141851 2.455853 0.000000
-0.189006 0.246734 2.097163 1.000000
-0.416188 0.104163 2.330444 1.000000
-0.062904 0.070235 2.390771 1.000000
-0.223346 0.075079 2.258921 0.000000
-0.269809 0.027626 2.504325 0.000000
-0.458703 -0.211055 2.479465 1.000000
-0.063170 -0.244639 2.545985 0.913462
-0.276112 -0.184945 2.624620 0.000000
-0.561159 -0.131121 2.326375 1.000000
-0.134136 -0.191594 2.338204 1.000000
-0.698763 -0.386757 2.289513 1.000000
-0.381009 -0.348676 2.342923 1.000000
-0.730883 -0.446880 2.280917 0.000000
-0.426800 -0.378391 2.301201 1.000000
-0.419679 -0.709528 2.465933 1.000000
-0.160341 -0.713873 2.439680 1.000000
-0.385385 -1.090523 2.568318 1.000000
-0.222694 -1.071805 2.597200 0.900481
-0.388974 -1.134219 2.406917 0.000000
-0.186263 -1.142831 2.450229 0.000000
-0.196115 0.255583 2.100708 1.000000
-0.465316 0.180916 2.404804 1.000000
-0.116949 0.117982 2.339385 1.000000
-0.310613 0.147447 2.270281 0.000000
-0.277959 0.076662 2.512266 0.000000
-0.478950 -0.174918 2.545449 0.461538
-0.089052 -0.208223 2.451268 1.000000
-0.254064 -0.146483 2.606351 0.000000
-0.700253 0.052174 2.470195 1.000000
-0.200461 -0.139745 2.287920 1.000000
-0.931988 -0.125462 2.469593 1.000000
-0.478249 -0.171922 2.371907 1.000000
-0.986584 -0.167171 2.469599 0.000000
-0.546501 -0.171944 2.364027 1.000000
-0.408461 -0.674223 2.489715 1.000000
-0.171252 -0.688984 2.440423 1.000000
-0.405340 -1.063497 2.562323 1.000000
-0.210566 -1.051792 2.594177 1.000000
-0.445390 -1.093581 2.402750 0.000000
-0.213276 -1.116795 2.440100 0.000000
-0.212005 0.298530 2.122694 1.000000
-0.469403 0.219327 2.453565 1.000000
-0.136794 0.158371 2.330053 1.000000
-0.339149 0.189110 2.294599 0.000000
-0.267101 0.112947 2.526207 0.000000
-0.482927 -0.135523 2.574249 0.355769
-0.114433 -0.163592 2.414800 1.000000
-0.250990 -0.107964 2.597417 0.000000
-0.718399 0.151601 2.549784 1.000000
-0.225234 -0.097118 2.277635 1.000000
-0.971692 0.008380 2.568732 1.000000
-0.496999 -0.095776 2.383328 1.000000
-1.031468 -0.025164 2.573430 0.000000
-0.555172 -0.062404 2.398250 1.000000
-0.408463 -0.636119 2.503381 1.000000
-0.173388 -0.650829 2.447137 1.000000
-0.405685 -1.026081 2.572212 1.000000
-0.203872 -1.021970 2.581826 1.000000
-0.467588 -1.053515 2.419281 0.000000
-0.234522 -1.075828 2.426480 0.000000
-0.212212 0.346109 2.142676 1.000000
-0.464215 0.248150 2.487632 1.000000
-0.150089 0.182519 2.324483 1.000000
-0.353351 0.223949 2.313641 0.000000
-0.260684 0.128704 2.530377 0.000000
-0.478467 -0.119836 2.594356 0.375000
-0.131815 -0.145703 2.391471 1.000000
-0.244900 -0.096858 2.591264 0.000000
-0.703946 0.186448 2.607563 1.000000
-0.229103 -0.076186 2.274583 1.000000
-0.957439 0.043352 2.617009 1.000000
-0.505738 -0.063494 2.364786 1.000000
-1.017221 0.009597 2.619672 0.000000
-0.549904 -0.028442 2.404043 1.000000
-0.409349 -0.622422 2.512763 1.000000
-0.179440 -0.636621 2.448264 1.000000
-0.403960 -1.014078 2.571011 1.000000
-0.200082 -1.009888 2.578885 1.000000
-0.483490 -1.036791 2.425643 0.000000
-0.254288 -1.059470 2.428632 0.024038
-0.242088 0.396770 2.162810 1.000000
-0.461564 0.242447 2.518877 1.000000
-0.157703 0.204500 2.329593 1.000000
-0.362360 0.239409 2.336398 0.000000
-0.252128 0.126837 2.535923 0.000000
-0.480551 -0.115204 2.603122 1.000000
-0.146400 -0.117673 2.378762 1.000000
-0.247562 -0.090644 2.588827 0.000000
-0.685706 0.140516 2.640496 1.000000
-0.231117 -0.054700 2.276238 1.000000
-0.906873 -0.045243 2.606823 1.000000
-0.515580 -0.075919 2.332678 1.000000
-0.959424 -0.088914 2.599637 0.000000
-0.562921 -0.046758 2.373036 1.000000
-0.408640 -0.615879 2.518042 1.000000
-0.181544 -0.617266 2.440690 1.000000
-0.400975 -1.008236 2.571079 1.000000
-0.193843 -0.990453 2.572585 1.000000
-0.491875 -1.028785 2.432200 0.000000
-0.258731 -1.039915 2.426586 0.120192
-0.256067 0.447706 2.209982 1.000000
-0.464964 0.221993 2.525048 1.000000
-0.157044 0.211079 2.338860 1.000000
-0.363404 0.234225 2.344257 0.000000
-0.249625 0.117370 2.539277 0.000000
-0.483017 -0.124188 2.587376 0.701923
-0.136287 -0.119843 2.383024 1.000000
-0.249471 -0.100786 2.587762 0.000000
-0.662669 0.082144 2.654025 1.000000
-0.211695 -0.050782 2.277852 1.000000
-0.849519 -0.122635 2.567135 1.000000
-0.495623 -0.105458 2.306004 1.000000
-0.893928 -0.171125 2.547211 0.000000
-0.557549 -0.105122 2.335761 0.913462
-0.403139 -0.625353 2.518332 1.000000
-0.179893 -0.622737 2.447624 1.000000
-0.397209 -1.017557 2.572707 1.000000
-0.195248 -0.994707 2.582601 1.000000
-0.481054 -1.038673 2.429541 0.000000
-0.254775 -1.045844 2.434905 0.173077
-0.265885 0.458329 2.233057 1.000000
-0.470887 0.212530 2.533352 1.000000
-0.161444 0.222211 2.349637 1.000000
-0.368554 0.237465 2.354311 0.000000
-0.251919 0.115308 2.544330 0.000000
-0.477027 -0.123705 2.580994 0.259615
-0.134033 -0.126755 2.370410 1.000000
-0.242844 -0.108277 2.577558 0.000000
-0.624751 0.012609 2.640117 1.000000
-0.159502 -0.045888 2.293419 1.000000
-0.777093 -0.208925 2.531287 1.000000
-0.432685 -0.140974 2.271990 1.000000
-0.814034 -0.261102 2.506121 0.000000
-0.494468 -0.164932 2.290137 1.000000
-0.402926 -0.627591 2.511876 1.000000
-0.179684 -0.627777 2.455784 1.000000
-0.401614 -1.018935 2.572409 1.000000
-0.200630 -1.005436 2.573048 1.000000
-0.487501 -1.041154 2.430627 0.000000
-0.271667 -1.046729 2.427373 0.000000
-0.282322 0.476193 2.261559 1.000000
-0.467138 0.223502 2.523102 1.000000
-0.138730 0.225599 2.375646 1.000000
-0.343510 0.256455 2.359457 0.000000
-0.257919 0.108926 2.547985 0.000000
-0.484316 -0.119856 2.542748 0.173077
-0.115226 -0.124584 2.382281 1.000000
-0.251809 -0.107504 2.572398 0.000000
-0.561928 -0.022111 2.589912 1.000000
-0.097024 -0.038982 2.330562 1.000000
-0.652240 -0.274231 2.485085 1.000000
-0.307099 -0.209825 2.233659 1.000000
-0.670807 -0.337187 2.464782 0.038462
-0.357947 -0.255957 2.236253 0.543269
-0.399184 -0.625418 2.506911 1.000000
-0.178456 -0.625345 2.465921 1.000000
-0.399138 -1.016067 2.571790 1.000000
-0.208184 -1.006872 2.567750 1.000000
-0.465556 -1.041222 2.420368 0.000000
-0.263785 -1.043490 2.414322 0.000000
-0.304092 0.509258 2.313833 1.000000
-0.474680 0.224018 2.516906 1.000000
-0.135820 0.231205 2.395571 1.000000
-0.338168 0.268239 2.366710 0.000000
-0.270008 0.102743 2.547263 0.000000
-0.486364 -0.116897 2.520795 0.913462
-0.106246 -0.123041 2.388612 1.000000
-0.256688 -0.106317 2.567997 0.000000
-0.543476 -0.035508 2.552312 1.000000
-0.062910 -0.027552 2.362868 1.000000
-0.590788 -0.299266 2.450251 1.000000
-0.205704 -0.240751 2.234888 1.000000
-0.594646 -0.365115 2.431032 0.088942
-0.242887 -0.294158 2.212855 0.475962
-0.395453 -0.623037 2.501849 1.000000
-0.178065 -0.622960 2.473945 1.000000
-0.400709 -1.012361 2.574067 1.000000
-0.195127 -1.007213 2.568148 1.000000
-0.455182 -1.040490 2.418459 0.000000
-0.243676 -1.043285 2.412218 0.000000
-0.315614 0.513770 2.325978 1.000000
