-0.341021 0.368554 2.583741 1.000000
0.016151 0.355293 2.604133 1.000000
-0.155334 0.411018 2.501478 0.000000
-0.173506 0.203054 2.684541 0.000000
-0.290634 -0.007519 2.530138 0.317308
-0.010499 -0.015544 2.553833 1.000000
-0.160656 0.002194 2.665922 0.000000
-0.381134 0.105614 2.548391 1.000000
0.057591 0.090940 2.584199 1.000000
-0.346936 -0.164622 2.449569 1.000000
0.066792 -0.192084 2.522737 1.000000
-0.317037 -0.223807 2.433296 0.425481
0.030937 -0.245960 2.500978 0.812500
-0.298719 -0.578207 2.585745 1.000000
-0.023502 -0.581142 2.616687 1.000000
-0.221879 -0.971999 2.731870 0.384856
-0.017488 -1.000651 2.696092 1.000000
-0.250601 -1.034614 2.578232 0.000000
0.003359 -1.031436 2.531873 0.000000
-0.139158 0.675584 2.507840 1.000000
-0.338259 0.369556 2.580134 1.000000
0.018480 0.352157 2.604592 1.000000
-0.151163 0.410149 2.500148 0.000000
-0.173813 0.201849 2.682328 0.000000
-0.287362 -0.011032 2.527088 0.317308
-0.006964 -0.019871 2.547101 1.000000
-0.155629 -0.002867 2.661274 0.000000
-0.378855 0.107621 2.538354 1.000000
0.063953 0.088626 2.582492 1.000000
-0.349321 -0.165380 2.445776 1.000000
0.069999 -0.191934 2.510219 1.000000
-0.341906 -0.229864 2.424600 0.223558
0.044313 -0.254504 2.500900 0.677885
-0.287279 -0.583206 2.586831 1.000000
-0.018634 -0.584551 2.613975 1.000000
-0.234326 -0.978666 2.738940 0.356731
-0.017212 -1.003323 2.697386 1.000000
-0.254018 -1.040988 2.583768 0.000000
0.002209 -1.035931 2.533344 0.000000
-0.128662 0.675494 2.512577 1.000000
-0.334965 0.369557 2.576113 1.000000
0.021454 0.344732 2.598753 1.000000
-0.147446 0.407044 2.495602 0.000000
-0.173495 0.197680 2.676101 0.000000
-0.284967 -0.012809 2.520303 0.653846
-0.004175 -0.016042 2.536018 1.000000
-0.151382 -0.001824 2.652440 0.000000
-0.377323 0.107524 2.536647 1.000000
0.072092 0.081834 2.580462 1.000000
-0.355257 -0.166406 2.444673 1.000000
0.078181 -0.200182 2.514021 1.000000
-0.342170 -0.233239 2.449531 0.745192
0.049106 -0.261935 2.512357 0.711538
-0.292205 -0.581945 2.569544 1.000000
-0.018435 -0.583191 2.606800 1.000000
-0.212776 -0.964917 2.740870 0.328606
-0.012300 -1.001789 2.690866 1.000000
-0.251213 -1.038436 2.594350 0.000000
0.003121 -1.034585 2.526437 0.000000
-0.126639 0.672170 2.508552 1.000000
-0.335892 0.367499 2.571303 1.000000
0.020303 0.341608 2.596174 1.000000
-0.147733 0.405280 2.492442 0.000000
-0.175521 0.194315 2.670803 0.000000
-0.286973 -0.024258 2.509164 1.000000
-0.006612 -0.015142 2.529558 1.000000
-0.156418 0.001216 2.642327 0.000000
-0.380852 0.105430 2.535022 1.000000
0.073856 0.079051 2.581529 1.000000
-0.361157 -0.173748 2.459783 1.000000
0.084193 -0.201751 2.510581 1.000000
-0.368408 -0.241456 2.454820 0.576923
0.059181 -0.264132 2.498555 0.947115
-0.290064 -0.588277 2.561975 1.000000
-0.018428 -0.586266 2.599048 1.000000
-0.232387 -0.977316 2.728262 0.325481
-0.012567 -1.000354 2.703096 1.000000
-0.262232 -1.046166 2.577534 0.000000
0.008564 -1.040780 2.541018 0.043269
-0.120797 0.669634 2.507249 1.000000
-0.329685 0.365135 2.558885 1.000000
0.025729 0.341498 2.594744 1.000000
-0.139447 0.402095 2.484766 0.000000
-0.171592 0.194924 2.666804 0.000000
-0.290993 -0.029227 2.500785 1.000000
-0.011595 -0.014004 2.529189 1.000000
-0.164919 -0.000091 2.637469 0.000000
-0.380218 0.102460 2.537205 1.000000
0.075646 0.078209 2.580258 1.000000
-0.372669 -0.179092 2.468904 1.000000
0.087569 -0.205710 2.523320 1.000000
-0.387672 -0.245117 2.477696 0.475962
0.060525 -0.265932 2.505896 0.913462
-0.288451 -0.592165 2.549181 1.000000
-0.017793 -0.586658 2.592920 1.000000
-0.224299 -0.976115 2.724669 0.303606
-0.010061 -0.999160 2.702973 1.000000
-0.253551 -1.049062 2.575762 0.000000
0.017160 -1.041515 2.542303 0.125000
-0.119940 0.671276 2.506429 1.000000
-0.326497 0.364767 2.556650 1.000000
0.028757 0.342204 2.594724 1.000000
-0.135905 0.403780 2.484519 0.000000
-0.168383 0.193592 2.663005 0.000000
-0.290883 -0.030799 2.498518 1.000000
-0.011953 -0.011936 2.529244 1.000000
-0.166232 -0.002247 2.636622 0.000000
-0.380803 0.102162 2.545881 1.000000
0.079305 0.078981 2.581110 1.000000
-0.381825 -0.181431 2.486107 1.000000
0.094339 -0.204355 2.522000 1.000000
-0.371517 -0.234667 2.527595 0.677885
0.073962 -0.268541 2.533253 0.879808
-0.291367 -0.591981 2.545845 1.000000
-0.012621 -0.585325 2.591258 1.000000
-0.225485 -0.972199 2.728664 0.262981
-0.011445 -0.999943 2.693334 1.000000
-0.257524 -1.048305 2.581928 0.000000
0.018076 -1.039491 2.532354 0.000000
-0.114563 0.672980 2.513124 1.000000
-0.324302 0.368886 2.558075 1.000000
0.030862 0.344228 2.595683 1.000000
-0.133570 0.407557 2.486129 0.000000
-0.166969 0.196029 2.662854 0.000000
-0.292244 -0.030532 2.500164 1.000000
-0.013484 -0.009361 2.530925 1.000000
-0.167828 -0.001341 2.638347 0.000000
-0.381209 0.106780 2.548543 1.000000
0.079117 0.080482 2.583913 1.000000
-0.385722 -0.178441 2.497261 1.000000
0.095322 -0.203620 2.528913 1.000000
-0.359240 -0.236039 2.522615 1.000000
0.082807 -0.267258 2.507576 0.627404
-0.289157 -0.591427 2.550565 1.000000
-0.015320 -0.583395 2.597012 1.000000
-0.219058 -0.973336 2.728220 0.316106
-0.016675 -0.997909 2.699506 1.000000
-0.249865 -1.047768 2.580366 0.000000
0.012619 -1.037799 2.538568 0.000000
-0.112735 0.674251 2.508422 1.000000
-0.324377 0.364588 2.555475 1.000000
0.030331 0.339511 2.596918 1.000000
-0.132852 0.400260 2.484086 0.000000
-0.168758 0.194248 2.666736 0.000000
-0.286502 -0.030598 2.506203 1.000000
-0.007631 -0.014177 2.538799 1.000000
-0.162469 -0.004756 2.645393 0.000000
-0.379903 0.102025 2.552480 1.000000
0.079912 0.075976 2.585826 1.000000
-0.386022 -0.181609 2.493159 1.000000
0.106214 -0.207420 2.531055 1.000000
-0.362834 -0.239349 2.521267 0.762019
0.079555 -0.270125 2.535416 0.812500
-0.288417 -0.592397 2.563374 1.000000
-0.015581 -0.587399 2.605850 1.000000
-0.215135 -0.976540 2.734818 0.353606
-0.016715 -1.000641 2.713366 1.000000
-0.245146 -1.048803 2.585730 0.000000
0.012846 -1.042454 2.552966 0.000000
-0.110840 0.668103 2.500641 1.000000
-0.324018 0.370171 2.558019 1.000000
0.030796 0.344240 2.598005 1.000000
-0.132699 0.405706 2.486015 0.000000
-0.168315 0.199136 2.668090 0.000000
-0.286192 -0.022273 2.512640 1.000000
-0.006989 -0.010028 2.544222 1.000000
-0.161202 -0.001078 2.651759 0.000000
-0.379216 0.107527 2.556011 1.000000
0.077017 0.080198 2.584654 1.000000
-0.377117 -0.176610 2.498844 1.000000
0.094613 -0.205256 2.537614 1.000000
-0.360084 -0.239653 2.518770 0.829327
0.076742 -0.266947 2.514451 0.627404
-0.292182 -0.585259 2.567938 1.000000
-0.017489 -0.582675 2.608307 1.000000
-0.207805 -0.967016 2.739610 0.350481
-0.015381 -0.996833 2.712216 1.000000
-0.243456 -1.040995 2.592620 0.000000
0.012477 -1.037109 2.551121 0.009615
-0.106385 0.670056 2.494697 1.000000
-0.324812 0.370866 2.558230 1.000000
0.030335 0.346049 2.595901 1.000000
-0.134135 0.403525 2.483222 0.000000
-0.168229 0.203833 2.673095 0.000000
-0.288320 -0.019415 2.521014 1.000000
-0.008667 -0.011067 2.549748 1.000000
-0.161585 -0.002790 2.659172 0.000000
-0.377702 0.107739 2.559023 1.000000
0.074560 0.081543 2.585187 1.000000
-0.375079 -0.175426 2.497232 1.000000
0.088952 -0.204609 2.541399 1.000000
-0.362092 -0.240260 2.514245 0.711538
0.065787 -0.267323 2.527546 0.812500
-0.293215 -0.584426 2.574871 1.000000
-0.018412 -0.582165 2.614758 1.000000
-0.216943 -0.972755 2.735221 0.337981
-0.017576 -0.997172 2.715248 1.000000
-0.247437 -1.041037 2.584364 0.000000
0.008460 -1.036271 2.553559 0.028846
-0.105143 0.670018 2.488286 1.000000
-0.326839 0.374137 2.565206 1.000000
0.029104 0.349275 2.594369 1.000000
-0.138058 0.405131 2.484883 0.000000
-0.167673 0.208794 2.678961 0.000000
-0.287900 -0.011207 2.534902 1.000000
-0.007361 -0.008995 2.554761 1.000000
-0.156518 0.003586 2.668865 0.000000
-0.377772 0.110621 2.564926 1.000000
0.072554 0.084471 2.589258 1.000000
-0.367095 -0.171008 2.497248 1.000000
0.079715 -0.201907 2.545148 1.000000
-0.361388 -0.234080 2.522762 0.610577
0.053375 -0.264762 2.541016 0.795673
-0.296047 -0.578036 2.583221 1.000000
-0.018515 -0.578272 2.620270 1.000000
-0.204689 -0.966092 2.736176 0.366106
-0.016649 -0.995709 2.710111 1.000000
-0.244997 -1.034166 2.587544 0.000000
0.003278 -1.030802 2.546644 0.000000
-0.110893 0.670715 2.481475 1.000000
-0.326395 0.376673 2.567251 1.000000
0.029398 0.350666 2.597242 1.000000
-0.137316 0.407459 2.487553 0.000000
-0.168004 0.210399 2.680729 0.000000
-0.290599 -0.012991 2.538769 1.000000
-0.010267 -0.010447 2.561325 1.000000
-0.160530 0.002132 2.673970 0.000000
-0.377103 0.113116 2.565710 1.000000
0.071764 0.085794 2.588072 1.000000
-0.365560 -0.168861 2.499640 1.000000
0.075054 -0.201264 2.548112 1.000000
-0.349624 -0.234313 2.510762 0.492788
0.053520 -0.265776 2.554120 0.694712
-0.295137 -0.580288 2.591534 1.000000
-0.014007 -0.578790 2.623358 1.000000
-0.211838 -0.973155 2.736607 0.428606
-0.019764 -0.997922 2.704746 1.000000
-0.244361 -1.036407 2.583991 0.000000
0.003926 -1.030012 2.541163 0.000000
-0.106843 0.670017 2.480073 1.000000
-0.328498 0.378727 2.573015 1.000000
0.027859 0.353169 2.595830 1.000000
-0.141105 0.409688 2.489494 0.000000
-0.167644 0.212720 2.683378 0.000000
-0.294179 -0.011419 2.543853 1.000000
-0.013446 -0.009308 2.560777 1.000000
-0.161399 0.005688 2.676151 0.000000
-0.380856 0.115505 2.570006 1.000000
0.069810 0.088120 2.590798 1.000000
-0.367970 -0.167288 2.507777 1.000000
0.068795 -0.198442 2.547304 1.000000
-0.356165 -0.234273 2.501832 0.526442
0.054147 -0.265056 2.544193 0.812500
-0.296443 -0.578960 2.597227 1.000000
-0.015646 -0.576610 2.628992 1.000000
-0.215691 -0.970497 2.747252 0.384856
-0.019948 -0.998605 2.694036 1.000000
-0.249779 -1.035578 2.595750 0.000000
-0.001118 -1.024281 2.528699 0.000000
-0.115693 0.669871 2.473051 1.000000
-0.329934 0.374860 2.578782 1.000000
0.027028 0.353174 2.595271 1.000000
-0.144412 0.407491 2.491791 0.000000
-0.165359 0.210990 2.686829 0.000000
-0.295913 -0.011560 2.552000 1.000000
-0.014855 -0.010766 2.562370 1.000000
-0.160004 0.004830 2.681174 0.000000
-0.380503 0.111374 2.571392 1.000000
0.068496 0.088001 2.595935 1.000000
-0.375513 -0.174521 2.523955 1.000000
0.068670 -0.198494 2.551983 1.000000
-0.352881 -0.235234 2.545481 0.610577
0.036915 -0.258638 2.545990 0.812500
-0.297833 -0.579855 2.598924 1.000000
-0.016009 -0.577552 2.631376 1.000000
-0.212737 -0.972446 2.743701 0.403606
-0.017357 -0.997535 2.708455 1.000000
-0.251142 -1.036431 2.592767 0.000000
-0.001706 -1.027846 2.543572 0.000000
-0.112551 0.663647 2.467669 1.000000
-0.334227 0.373543 2.577564 1.000000
0.022568 0.353727 2.599210 1.000000
-0.147653 0.406755 2.493081 0.000000
-0.170390 0.210949 2.688617 0.000000
-0.296108 -0.013051 2.554412 1.000000
-0.015258 -0.011355 2.569313 1.000000
-0.162353 0.003639 2.685778 0.000000
-0.383107 0.109636 2.576487 1.000000
0.066025 0.088881 2.596970 1.000000
-0.377669 -0.176143 2.528402 1.000000
0.068884 -0.197789 2.554261 1.000000
-0.353637 -0.235841 2.551211 0.576923
0.051279 -0.263754 2.553744 0.879808
-0.298431 -0.580969 2.603118 1.000000
-0.016692 -0.578566 2.636522 1.000000
-0.209835 -0.972615 2.748355 0.372356
-0.016456 -1.001321 2.696580 1.000000
-0.247573 -1.037106 2.597468 0.000000
0.000206 -1.024878 2.530696 0.000000
-0.110538 0.658442 2.461740 1.000000
-0.329245 0.376272 2.575803 1.000000
0.027139 0.355417 2.602618 1.000000
-0.141397 0.407863 2.493551 0.000000
-0.167572 0.214346 2.690928 0.000000
-0.294920 -0.010523 2.551434 1.000000
-0.015041 -0.008926 2.579119 1.000000
-0.167270 0.008097 2.688491 0.000000
-0.379779 0.112678 2.574296 1.000000
0.065654 0.089932 2.594140 1.000000
-0.381210 -0.174538 2.535352 1.000000
0.071342 -0.197443 2.556790 1.000000
-0.362528 -0.237491 2.554048 0.677885
0.054457 -0.263504 2.553260 0.846154
-0.297957 -0.578248 2.606960 1.000000
-0.013079 -0.575651 2.637623 1.000000
-0.212047 -0.972382 2.746984 0.397356
-0.026598 -0.996488 2.708635 1.000000
-0.241386 -1.033528 2.592872 0.000000
0.002840 -1.024991 2.545321 0.000000
-0.110184 0.658938 2.457361 1.000000
-0.323554 0.380187 2.576842 1.000000
0.032746 0.358084 2.603787 1.000000
-0.135591 0.410262 2.494285 0.000000
-0.162535 0.218616 2.693375 0.000000
-0.297741 -0.015836 2.566650 1.000000
-0.017278 -0.007454 2.585929 1.000000
-0.166533 0.006274 2.699772 0.000000
-0.376784 0.117219 2.569614 1.000000
0.071846 0.092858 2.590977 1.000000
-0.373427 -0.169945 2.530402 1.000000
0.069904 -0.194286 2.551525 1.000000
-0.368727 -0.238006 2.533084 0.610577
0.055528 -0.260344 2.561079 1.000000
-0.296098 -0.581499 2.619653 1.000000
-0.011177 -0.576796 2.640358 1.000000
-0.202520 -0.979852 2.741664 0.425481
-0.021332 -0.997350 2.713575 1.000000
-0.236130 -1.035338 2.586288 0.000000
0.003525 -1.026495 2.549615 0.076923
-0.104954 0.644262 2.429743 1.000000
-0.318661 0.373357 2.567854 1.000000
0.037484 0.357411 2.600571 1.000000
-0.130015 0.398224 2.485121 0.000000
-0.157518 0.224087 2.699623 0.000000
-0.290003 -0.011348 2.576600 0.528846
-0.009554 -0.006536 2.597267 1.000000
-0.159198 0.011575 2.709982 0.000000
-0.367706 0.109546 2.561832 1.000000
0.072747 0.092210 2.579055 1.000000
-0.375298 -0.175012 2.507230 1.000000
0.066577 -0.196233 2.551219 1.000000
-0.368811 -0.240323 2.526043 0.896635
0.055168 -0.263327 2.545763 0.913462
-0.296339 -0.576934 2.617957 1.000000
-0.008175 -0.575076 2.651197 1.000000
-0.208311 -0.974512 2.746453 0.475481
-0.020273 -0.998616 2.704078 1.000000
-0.244985 -1.032346 2.592634 0.000000
0.003523 -1.019936 2.538763 0.000000
-0.104335 0.627909 2.402667 1.000000
-0.308056 0.360891 2.549407 1.000000
0.048176 0.349809 2.583165 1.000000
-0.119626 0.373846 2.463520 0.000000
-0.146509 0.231794 2.700563 0.000000
-0.279969 -0.011637 2.594247 0.663462
0.000353 -0.014265 2.616927 1.000000
-0.149494 0.010700 2.728050 0.000000
-0.350727 0.095919 2.546785 1.000000
0.077089 0.083215 2.571778 1.000000
-0.370814 -0.187476 2.489370 1.000000
0.068900 -0.203593 2.530708 1.000000
-0.343275 -0.248862 2.500989 0.846154
0.042655 -0.260272 2.503134 0.947115
-0.302831 -0.575855 2.621363 1.000000
-0.006899 -0.581273 2.665033 1.000000
-0.207762 -0.972723 2.747006 0.447356
-0.023104 -1.005946 2.706496 1.000000
-0.254687 -1.031639 2.596417 0.000000
0.001336 -1.023057 2.540785 0.000000
-0.105842 0.602945 2.360707 1.000000
-0.302923 0.321475 2.529437 1.000000
0.054218 0.302339 2.545177 1.000000
-0.119996 0.307068 2.432583 0.000000
-0.136202 0.221470 2.696215 0.000000
-0.274594 -0.035903 2.638393 0.211538
0.005693 -0.053715 2.653346 0.576923
-0.138289 -0.005546 2.764589 0.000000
-0.336523 0.055407 2.518641 1.000000
0.078051 0.035156 2.554300 1.000000
-0.339780 -0.230686 2.472239 1.000000
0.057947 -0.249597 2.504057 1.000000
-0.310600 -0.291296 2.460557 0.963942
0.022503 -0.306684 2.491958 0.947115
-0.319551 -0.593139 2.648875 1.000000
0.000446 -0.609241 2.692901 1.000000
-0.197346 -0.992661 2.737065 0.516106
-0.029123 -1.035115 2.702169 1.000000
-0.265954 -1.045519 2.592674 0.000000
-0.003622 -1.040506 2.535824 0.000000
-0.107433 0.502927 2.278558 1.000000
-0.307098 0.282536 2.514159 1.000000
0.050375 0.273046 2.531106 1.000000
-0.123855 0.262379 2.418942 0.000000
-0.138258 0.203816 2.689967 0.000000
-0.280201 -0.060661 2.659369 0.009615
0.000584 -0.069505 2.672900 0.038462
-0.143337 -0.007373 2.777075 0.000000
-0.326981 0.014875 2.513664 1.000000
0.059511 0.004804 2.532217 1.000000
-0.305286 -0.270103 2.465395 1.000000
0.040042 -0.282477 2.499004 1.000000
-0.298669 -0.334501 2.443699 0.879808
0.011277 -0.344159 2.493575 1.000000
-0.317548 -0.604731 2.677182 1.000000
-0.000813 -0.617386 2.715127 1.000000
-0.204245 -1.009900 2.750184 0.550481
-0.039559 -1.042582 2.721154 1.000000
-0.267590 -1.054547 2.600705 0.000000
-0.010921 -1.047542 2.555306 0.000000
-0.115302 0.434515 2.241928 1.000000
-0.313005 0.245112 2.494357 1.000000
0.044143 0.241781 2.518809 1.000000
-0.127726 0.217576 2.405118 0.048077
-0.146859 0.186842 2.680400 0.000000
-0.286587 -0.086556 2.677252 0.000000
-0.005880 -0.079688 2.693311 0.000000
-0.153876 -0.014079 2.789326 0.000000
-0.314611 -0.022925 2.508206 1.000000
0.043641 -0.026618 2.518687 1.000000
-0.291842 -0.309257 2.469366 1.000000
0.030710 -0.315920 2.506456 1.000000
-0.278122 -0.375982 2.464772 1.000000
-0.004456 -0.372162 2.490277 1.000000
-0.297015 -0.626612 2.749568 1.000000
-0.003810 -0.625165 2.764403 1.000000
-0.140721 -1.023263 2.773435 0.525481
-0.041654 -1.049478 2.735158 1.000000
-0.207728 -1.058712 2.623090 0.000000
-0.016475 -1.040268 2.568932 0.000000
-0.116676 0.347957 2.205266 0.865385
-0.326405 0.191356 2.492307 1.000000
0.031567 0.194736 2.495245 1.000000
-0.146277 0.158098 2.394848 0.000000
-0.148501 0.152413 2.672434 0.000000
-0.292382 -0.120784 2.710994 0.000000
-0.011777 -0.105841 2.722781 0.000000
-0.160268 -0.038194 2.816590 0.000000
-0.305115 -0.076041 2.501472 1.000000
0.018180 -0.072833 2.511544 1.000000
-0.268675 -0.362997 2.483008 1.000000
-0.003234 -0.361873 2.514733 1.000000
-0.253424 -0.429334 2.477681 1.000000
-0.031155 -0.423348 2.524874 1.000000
-0.302735 -0.651904 2.789494 1.000000
-0.018439 -0.650232 2.789890 1.000000
-0.044304 -0.991311 2.808074 0.712981
-0.030011 -1.070057 2.712802 1.000000
-0.161072 -1.084473 2.730381 0.000000
-0.018034 -1.040045 2.547557 0.000000
-0.115459 0.262706 2.184401 0.971154
-0.341527 0.156572 2.500412 1.000000
0.016155 0.166672 2.489223 1.000000
-0.164697 0.124245 2.396795 0.000000
-0.156049 0.125442 2.674311 0.000000
-0.295840 -0.128308 2.740286 0.000000
-0.015000 -0.130314 2.725240 0.000000
-0.149721 -0.048905 2.828434 0.000000
-0.310320 -0.109793 2.511091 1.000000
-0.002204 -0.100575 2.505965 1.000000
-0.266059 -0.395609 2.492033 1.000000
-0.041545 -0.387551 2.516433 1.000000
-0.245112 -0.458878 2.506860 0.947115
-0.062521 -0.451889 2.525507 1.000000
-0.312104 -0.656528 2.800173 1.000000
-0.005038 -0.661482 2.801363 1.000000
-0.021962 -0.968335 2.830565 0.672356
-0.050778 -1.076255 2.710807 1.000000
-0.135900 -1.079670 2.776042 0.000000
-0.043774 -1.041109 2.546290 0.000000
-0.133833 0.230658 2.185356 0.836538
-0.354624 0.135240 2.509349 1.000000
0.002802 0.142945 2.490604 1.000000
-0.180287 0.102790 2.401628 0.000000
-0.165706 0.100934 2.678892 0.000000
-0.298243 -0.152563 2.757062 0.000000
-0.018182 -0.150873 2.731275 0.000000
-0.149791 -0.072724 2.840810 0.000000
-0.321264 -0.130839 2.520639 1.000000
-0.028342 -0.123158 2.506650 1.000000
-0.278163 -0.416270 2.494490 1.000000
-0.091193 -0.405796 2.520011 1.000000
-0.266491 -0.481169 2.512197 0.711538
-0.106243 -0.471373 2.531619 1.000000
-0.315244 -0.679211 2.807003 1.000000
-0.015281 -0.686175 2.797185 1.000000
0.003016 -0.962958 2.829971 0.503606
-0.042560 -1.097861 2.687188 1.000000
-0.104583 -1.086730 2.791852 0.000000
-0.050730 -1.053945 2.524846 0.000000
-0.136435 0.197980 2.190911 0.596154
-0.366636 0.118183 2.515490 1.000000
-0.010029 0.129423 2.486006 1.000000
-0.195431 0.089526 2.401833 0.014423
-0.172325 0.082005 2.678421 0.000000
-0.290292 -0.176277 2.766275 0.826923
-0.010372 -0.167805 2.740296 0.586538
-0.142949 -0.101010 2.856002 0.000000
-0.351815 -0.147253 2.525044 1.000000
-0.061448 -0.130457 2.510211 1.000000
-0.325456 -0.432275 2.500596 1.000000
-0.150304 -0.403558 2.517300 1.000000
-0.323280 -0.496682 2.523146 0.526442
-0.174089 -0.467450 2.520994 1.000000
-0.316263 -0.705403 2.809949 1.000000
-0.023053 -0.716099 2.804968 1.000000
0.017258 -0.970989 2.833569 0.325481
-0.044893 -1.115337 2.655096 1.000000
-0.084958 -1.101836 2.805621 0.000000
-0.056233 -1.055753 2.498025 0.000000
-0.154650 0.237023 2.201396 0.129808
-0.372758 0.097715 2.529460 1.000000
-0.017540 0.093762 2.485091 1.000000
-0.207816 0.061484 2.408911 0.394231
-0.173500 0.053856 2.684330 0.000000
-0.302408 -0.191541 2.793995 1.000000
-0.025080 -0.179031 2.748891 1.000000
-0.149486 -0.120014 2.877211 0.000000
-0.370543 -0.166099 2.524310 1.000000
-0.079251 -0.161079 2.514705 1.000000
-0.364731 -0.450362 2.505225 1.000000
-0.190990 -0.423016 2.525042 1.000000
-0.358510 -0.514009 2.529139 0.526442
-0.221181 -0.483482 2.534733 1.000000
-0.319452 -0.723563 2.811233 1.000000
-0.030965 -0.732706 2.804711 1.000000
0.027438 -0.971715 2.831661 0.487981
-0.037888 -1.123090 2.631846 1.000000
-0.067954 -1.107435 2.802840 0.000000
-0.064937 -1.055401 2.480067 0.000000
-0.168492 0.308931 2.258362 0.000000
-0.373348 0.078628 2.536124 1.000000
-0.017730 0.062294 2.498264 1.000000
-0.207567 0.038732 2.417906 0.456731
-0.178875 0.024169 2.693689 0.000000
-0.308478 -0.211743 2.795743 1.000000
-0.031942 -0.203694 2.745101 1.000000
-0.153689 -0.136520 2.871952 0.000000
-0.388938 -0.182506 2.522826 1.000000
-0.088065 -0.189630 2.512338 1.000000
-0.400824 -0.464754 2.508349 1.000000
-0.221041 -0.438648 2.530285 1.000000
-0.402972 -0.530464 2.526766 0.677885
-0.255225 -0.497667 2.527150 1.000000
-0.330765 -0.739074 2.821720 1.000000
-0.021696 -0.747769 2.798250 1.000000
0.026143 -0.973437 2.826159 0.497356
-0.053197 -1.141273 2.635489 0.997356
-0.065231 -1.113020 2.803413 0.000000
-0.077405 -1.075935 2.482208 0.000000
-0.196153 0.302856 2.282351 0.000000
-0.377653 0.064297 2.543877 1.000000
-0.025306 0.001198 2.538030 1.000000
-0.207758 0.007102 2.439404 1.000000
-0.208507 -0.022665 2.715456 0.000000
-0.301458 -0.236382 2.800843 1.000000
-0.022903 -0.252124 2.765338 1.000000
-0.145586 -0.164216 2.877797 0.000000
-0.381115 -0.193068 2.511808 1.000000
-0.122272 -0.239001 2.524672 1.000000
-0.409341 -0.471546 2.522437 1.000000
-0.252435 -0.485928 2.548015 1.000000
-0.414297 -0.539023 2.531595 0.610577
-0.293011 -0.540826 2.549168 0.509615
-0.330273 -0.762155 2.829171 0.896154
-0.023050 -0.772716 2.784553 1.000000
0.034059 -0.984181 2.811972 0.566106
-0.036004 -1.163499 2.612943 0.959856
-0.053402 -1.125683 2.785934 0.000000
-0.051226 -1.095653 2.459596 0.000000
-0.274592 0.265407 2.347870 0.600962
-0.339934 0.055722 2.502987 1.000000
0.002694 -0.042144 2.537517 1.000000
-0.170587 -0.034174 2.423673 0.538462
-0.194014 -0.018730 2.699905 0.000000
-0.303480 -0.257694 2.798311 0.615385
-0.026470 -0.273932 2.752445 0.663462
-0.144989 -0.182592 2.866622 0.000000
-0.362681 -0.201034 2.510735 1.000000
-0.121356 -0.268203 2.534358 1.000000
-0.374733 -0.477026 2.545922 1.000000
-0.243860 -0.517127 2.558544 1.000000
-0.359814 -0.543595 2.543155 0.795673
-0.274774 -0.577878 2.562451 0.240385
-0.334596 -0.775523 2.810556 0.969231
-0.007985 -0.788474 2.779978 1.000000
0.030882 -0.996230 2.817168 0.534856
-0.072835 -1.174135 2.608545 0.762981
-0.053925 -1.137681 2.783259 0.000000
-0.076756 -1.105210 2.454973 0.000000
-0.306726 0.242979 2.405932 0.841346
-0.319688 0.049447 2.493178 1.000000
0.025969 -0.018194 2.557287 1.000000
-0.135584 -0.019759 2.427099 0.485577
-0.186704 -0.022347 2.699994 0.000000
-0.316564 -0.285548 2.780289 0.000000
-0.035607 -0.280652 2.768408 0.567308
-0.173488 -0.201705 2.869315 0.000000
-0.322476 -0.206289 2.513090 1.000000
-0.078435 -0.252246 2.546126 1.000000
-0.306570 -0.480325 2.550442 1.000000
-0.189046 -0.505687 2.562759 1.000000
-0.304683 -0.547436 2.562855 0.728365
-0.214012 -0.568995 2.568276 0.745192
-0.378503 -0.778193 2.756126 0.765385
0.018367 -0.778728 2.736171 1.000000
0.010520 -0.949787 2.795449 1.000000
0.011250 -1.186900 2.610977 0.128606
-0.050537 -1.099197 2.747502 0.000000
0.026169 -1.137959 2.450564 0.000000
-0.284083 0.238635 2.442751 0.774038
-0.282604 -0.065862 2.514689 1.000000
0.063659 0.020905 2.541846 1.000000
-0.093391 -0.055940 2.430129 0.000000
-0.113408 -0.062708 2.706977 0.000000
-0.311193 -0.337071 2.733579 1.000000
-0.039642 -0.315328 2.803497 0.000000
-0.206325 -0.254493 2.866280 0.014423
-0.216972 -0.311824 2.524008 1.000000
0.030762 -0.230973 2.522695 1.000000
-0.119606 -0.564646 2.571750 1.000000
-0.085686 -0.477059 2.562192 1.000000
-0.125491 -0.631422 2.584708 0.122596
-0.129171 -0.529695 2.562474 0.576923
-0.299832 -0.876251 2.824124 0.700000
0.001240 -0.822163 2.724597 1.000000
0.123486 -0.826564 2.849854 1.000000
-0.063781 -1.244031 2.713248 0.462981
0.143423 -0.993670 2.844539 0.000000
0.019291 -1.252902 2.567062 0.000000
-0.330000 0.120699 2.432811 1.000000
-0.267606 -0.086212 2.490536 1.000000
0.055852 0.061847 2.530760 1.000000
-0.082364 -0.036571 2.411341 0.000000
-0.104857 -0.062290 2.686884 0.000000
-0.286787 -0.316393 2.698148 1.000000
-0.036844 -0.314140 2.827086 0.528846
-0.208183 -0.240059 2.851186 0.000000
-0.145209 -0.306285 2.521300 1.000000
0.089244 -0.188283 2.556833 1.000000
-0.015660 -0.540423 2.580071 1.000000
0.014185 -0.451765 2.557678 1.000000
0.043625 -0.573856 2.585470 0.459135
0.030039 -0.518145 2.559682 0.644231
-0.335564 -0.850050 2.885734 0.519231
-0.005247 -0.828212 2.795874 1.000000
0.088956 -0.809368 2.907112 0.000000
-0.052601 -1.231486 2.663751 0.878606
0.103314 -0.974564 2.936344 0.000000
0.062774 -1.205751 2.543849 0.000000
-0.325711 0.124604 2.429169 0.846154
-0.206491 -0.062316 2.483972 1.000000
0.103632 0.107471 2.540187 1.000000
-0.016257 -0.010866 2.419053 0.173077
-0.067123 -0.008325 2.691996 0.000000
-0.271449 -0.287734 2.690831 1.000000
-0.035019 -0.253485 2.839254 1.000000
-0.215581 -0.201130 2.848325 0.375000
-0.084179 -0.281742 2.511772 1.000000
0.119669 -0.144556 2.529890 1.000000
0.091467 -0.484108 2.563692 1.000000
0.134303 -0.415430 2.560101 1.000000
0.133886 -0.532603 2.586287 0.173077
0.155127 -0.479852 2.568918 0.677885
-0.335024 -0.816217 2.805121 0.857692
-0.002884 -0.786773 2.809398 1.000000
0.072971 -0.820171 2.931032 0.128606
-0.066166 -1.175162 2.643631 1.000000
0.069315 -0.988378 2.937595 0.000000
0.062086 -1.150684 2.537318 0.000000
-0.306348 0.032495 2.401193 1.000000
-0.194048 -0.057898 2.469949 1.000000
0.068669 0.182971 2.503504 1.000000
-0.015776 0.023240 2.401496 0.000000
-0.081927 0.058143 2.668885 0.403846
-0.262190 -0.244310 2.701440 1.000000
-0.047761 -0.127919 2.841351 0.778846
-0.235662 -0.133117 2.850967 1.000000
-0.012549 -0.229050 2.501840 1.000000
0.155365 -0.052539 2.519964 1.000000
0.207156 -0.386463 2.528611 1.000000
0.245939 -0.306847 2.549785 1.000000
0.268993 -0.411023 2.543927 1.000000
0.277161 -0.367429 2.545707 0.644231
-0.325253 -0.725567 2.740592 1.000000
-0.015945 -0.693163 2.804737 1.000000
0.041502 -0.823870 2.935928 0.406731
-0.030556 -1.115896 2.746324 1.000000
0.011120 -0.987534 2.910609 0.000000
0.035669 -1.096955 2.592683 0.000000
-0.333894 0.064165 2.417592 0.625000
-0.208749 -0.016763 2.451165 1.000000
0.075162 0.189085 2.523174 1.000000
-0.014602 0.042026 2.407561 0.028846
-0.109454 0.082677 2.665324 0.000000
-0.248701 -0.218166 2.693761 0.990385
-0.034327 -0.116135 2.844542 0.000000
-0.222392 -0.118993 2.851553 0.879808
-0.012638 -0.169746 2.483124 1.000000
0.173872 -0.041422 2.520408 1.000000
0.208771 -0.324818 2.499493 1.000000
0.317069 -0.271098 2.529399 1.000000
0.275643 -0.337707 2.504353 1.000000
0.357524 -0.325918 2.533838 1.000000
-0.304014 -0.713225 2.724149 1.000000
0.007365 -0.683811 2.811829 1.000000
0.025962 -0.857974 2.953263 0.369231
-0.112305 -1.090678 2.762159 1.000000
-0.018810 -1.016342 2.917691 0.000000
-0.001961 -1.107748 2.636132 0.000000
-0.303502 0.048374 2.347859 0.480769
-0.195550 -0.014023 2.436110 1.000000
0.057502 0.227029 2.513716 1.000000
-0.006945 0.065077 2.401160 0.048077
-0.122757 0.106516 2.650081 0.072115
-0.245589 -0.203178 2.675189 0.605769
-0.057449 -0.078150 2.842738 0.000000
-0.243649 -0.104688 2.835569 0.923077
0.015654 -0.142531 2.473961 1.000000
0.177290 0.007473 2.514457 1.000000
0.252425 -0.272349 2.480201 1.000000
0.346961 -0.202347 2.502671 1.000000
0.318428 -0.287472 2.488943 1.000000
0.388136 -0.256620 2.498127 1.000000
-0.298170 -0.689789 2.701940 1.000000
-0.003451 -0.656098 2.815186 1.000000
-0.030216 -0.919662 2.942125 0.344231
-0.110806 -1.067067 2.771500 1.000000
-0.098182 -1.061554 2.882148 0.000000
-0.006534 -1.080323 2.639963 0.000000
-0.301063 0.043393 2.359621 0.451923
-0.194601 0.055642 2.424585 1.000000
0.091350 0.202808 2.581871 1.000000
0.009154 0.094814 2.424926 0.000000
-0.125451 0.096825 2.667761 0.000000
-0.245142 -0.194625 2.669625 0.480769
-0.024560 -0.095221 2.813025 0.144231
-0.212446 -0.091230 2.823463 0.605769
0.000021 -0.096895 2.455790 1.000000
0.226593 0.007902 2.505451 1.000000
0.249495 -0.196756 2.440449 1.000000
0.410307 -0.188288 2.491184 1.000000
0.315703 -0.210714 2.449572 1.000000
0.467360 -0.221342 2.508903 0.930288
-0.295080 -0.664115 2.628290 1.000000
-0.003601 -0.668064 2.830837 1.000000
-0.164099 -1.048946 2.758973 0.662981
-0.064678 -1.085440 2.764537 1.000000
-0.227616 -1.118037 2.619179 0.000000
0.031298 -1.077545 2.626420 0.000000
-0.171537 0.070446 2.233887 0.836538
-0.188170 0.047636 2.430489 1.000000
0.093441 0.200975 2.589694 1.000000
0.015617 0.086347 2.435246 0.014423
-0.126207 0.099348 2.673591 0.000000
-0.217804 -0.205234 2.665050 0.567308
-0.009074 -0.118998 2.832671 0.769231
-0.196688 -0.106670 2.824000 0.692308
0.010753 -0.101344 2.440464 1.000000
0.228413 0.012902 2.498724 1.000000
0.266802 -0.182119 2.432567 1.000000
0.419000 -0.175067 2.476535 1.000000
0.334687 -0.186298 2.438542 1.000000
0.477824 -0.208781 2.484579 0.829327
-0.282542 -0.665784 2.596772 1.000000
0.000031 -0.688460 2.823159 1.000000
-0.208482 -1.036672 2.794980 0.550481
-0.040767 -1.098543 2.711372 1.000000
-0.260723 -1.120105 2.658378 0.000000
0.065300 -1.074078 2.582914 0.000000
-0.155185 0.112235 2.218329 1.000000
-0.198662 0.029036 2.432869 1.000000
0.110410 0.111715 2.585197 1.000000
0.006927 0.004132 2.445645 0.000000
-0.128327 0.097230 2.669543 0.000000
-0.235234 -0.206840 2.665833 1.000000
-0.001168 -0.152297 2.811913 1.000000
-0.184422 -0.109946 2.818985 0.158654
0.000371 -0.118991 2.443336 1.000000
0.263521 -0.061400 2.494513 1.000000
0.256789 -0.195782 2.428044 1.000000
0.454291 -0.249497 2.484136 1.000000
0.316028 -0.228202 2.417977 0.408654
0.509066 -0.290102 2.487669 0.189904
-0.288897 -0.683040 2.609324 1.000000
0.009906 -0.702311 2.822202 1.000000
-0.187670 -1.063969 2.773565 0.550481
-0.052856 -1.103362 2.689733 1.000000
-0.236763 -1.138561 2.630821 0.000000
0.065230 -1.082785 2.571486 0.000000
-0.112476 0.168700 2.228305 1.000000
-0.220717 -0.014404 2.423902 1.000000
0.099242 0.088614 2.538299 1.000000
-0.013986 -0.029752 2.415100 0.000000
-0.128723 0.067381 2.648535 0.086538
-0.277302 -0.234316 2.701334 0.951923
-0.021116 -0.165541 2.794823 0.413462
-0.200424 -0.120268 2.829821 0.057692
-0.030745 -0.167587 2.454980 1.000000
0.192539 -0.130052 2.475047 1.000000
0.193433 -0.306790 2.424205 1.000000
0.334861 -0.354376 2.473179 1.000000
0.250917 -0.342845 2.416643 0.000000
0.380001 -0.391834 2.508120 0.644231
-0.304089 -0.673478 2.608813 1.000000
-0.013439 -0.707637 2.806646 1.000000
-0.182424 -1.045074 2.780403 0.653606
-0.022088 -1.120914 2.699613 1.000000
-0.239661 -1.126520 2.644607 0.000000
0.035551 -1.082382 2.546175 0.000000
-0.082923 0.180260 2.210155 0.264423
-0.231828 -0.056618 2.427314 1.000000
0.100855 0.044825 2.512139 1.000000
-0.026778 -0.077242 2.403235 0.024038
-0.120833 0.033286 2.639940 0.057692
-0.314640 -0.270367 2.730008 1.000000
-0.050143 -0.182386 2.767453 0.442308
-0.221119 -0.148057 2.838266 0.000000
-0.063554 -0.235652 2.434699 1.000000
0.125683 -0.196151 2.470448 1.000000
0.155419 -0.379195 2.478447 1.000000
0.247843 -0.431088 2.489135 1.000000
0.180080 -0.440847 2.462556 1.000000
0.260672 -0.496843 2.502302 0.627404
-0.326083 -0.636825 2.550044 0.988462
-0.002631 -0.725047 2.800108 1.000000
-0.174397 -0.940189 2.809448 0.719231
-0.047897 -1.129723 2.671586 1.000000
-0.215951 -1.057734 2.696281 0.000000
-0.011232 -1.083720 2.513822 0.000000
-0.063583 0.136163 2.193596 1.000000
-0.278040 -0.094950 2.456614 1.000000
0.058670 -0.015239 2.548463 1.000000
-0.074081 -0.115967 2.424845 0.043269
-0.160687 -0.041862 2.678023 0.173077
-0.342031 -0.340671 2.761149 1.000000
-0.077157 -0.246135 2.758663 0.000000
-0.234759 -0.220308 2.858264 0.000000
-0.144863 -0.301289 2.451577 1.000000
0.021394 -0.236509 2.448529 1.000000
0.041826 -0.485456 2.491532 1.000000
0.099586 -0.482594 2.509314 1.000000
0.032783 -0.550755 2.473762 0.459135
0.117601 -0.546776 2.524067 0.000000
-0.345975 -0.696775 2.552612 1.000000
-0.015357 -0.794540 2.784400 1.000000
-0.164130 -0.973814 2.821891 0.506731
-0.049030 -1.194947 2.639937 1.000000
-0.202232 -1.100300 2.717490 0.000000
-0.047041 -1.137957 2.481513 0.000000
-0.063390 0.201101 2.426738 0.793269
-0.270335 -0.131541 2.470359 1.000000
-0.057538 -0.231813 2.740224 1.000000
-0.080463 -0.145822 2.552793 0.000000
-0.275695 -0.322376 2.641138 0.000000
-0.285264 -0.643020 2.431093 0.692308
-0.114202 -0.511358 2.611383 1.000000
-0.274612 -0.609709 2.616033 1.000000
-0.414192 -0.330248 2.476915 1.000000
-0.073162 -0.473411 2.700117 1.000000
-0.364893 -0.074180 2.429676 1.000000
0.072260 -0.693971 2.679176 1.000000
-0.362653 -0.007173 2.416767 1.000000
0.067572 -0.758243 2.656621 0.000000
-0.176485 -1.151664 2.425066 0.000000
0.032915 -0.986964 2.849156 0.157692
-0.308802 -1.535831 2.556355 0.000000
-0.216953 -0.691975 2.667836 1.000000
-0.223724 -1.608194 2.430357 0.000000
-0.338591 -0.726704 2.778960 0.961538
-0.086948 -0.034767 2.355689 1.000000
-0.244966 -0.166950 2.463387 1.000000
-0.017087 -0.286031 2.712495 1.000000
-0.051492 -0.180708 2.537070 0.000000
-0.234532 -0.375875 2.611216 0.000000
-0.220284 -0.607063 2.329053 0.000000
-0.037039 -0.534972 2.529866 0.403846
-0.200428 -0.627239 2.515130 1.000000
-0.448296 -0.303843 2.471893 1.000000
-0.082726 -0.520754 2.685078 1.000000
-0.477189 -0.040708 2.462940 1.000000
0.006463 -0.769335 2.664896 1.000000
-0.437260 0.013695 2.452567 1.000000
0.047969 -0.809282 2.701544 0.038462
-0.142119 -1.082851 2.154702 0.000000
0.016853 -0.974913 2.763402 0.192308
-0.153334 -1.476872 2.318870 0.000000
-0.259912 -0.680467 2.625444 1.000000
-0.147603 -1.541730 2.163594 0.000000
-0.364297 -0.719440 2.751678 0.221154
-0.128437 -0.029492 2.360917 1.000000
-0.302996 -0.102686 2.448454 1.000000
-0.050751 -0.214098 2.676760 1.000000
-0.108816 -0.090512 2.520538 0.000000
-0.249208 -0.326719 2.560384 0.000000
-0.238208 -0.503116 2.304025 0.000000
-0.039970 -0.560195 2.495194 1.000000
-0.216813 -0.611601 2.456338 1.000000
-0.541201 -0.159599 2.437766 1.000000
-0.103961 -0.451256 2.644823 1.000000
-0.644944 0.081120 2.474859 1.000000
-0.078994 -0.713779 2.621535 1.000000
-0.713141 0.080701 2.478101 1.000000
-0.050185 -0.775050 2.630337 1.000000
-0.118779 -0.990344 2.038318 0.000000
-0.005655 -0.907764 2.694412 1.000000
-0.140268 -1.405770 2.134696 0.000000
-0.178027 -0.530167 2.794598 1.000000
-0.091206 -1.444575 1.978371 0.000000
-0.186825 -0.577028 2.956081 0.000000
-0.153221 -0.000577 2.322134 1.000000
-0.277765 -0.021465 2.420689 1.000000
-0.065041 -0.162402 2.671785 1.000000
-0.092120 -0.031908 2.512761 0.000000
-0.261500 -0.250951 2.533310 0.000000
-0.239288 -0.368546 2.306165 0.000000
-0.084782 -0.538783 2.468181 1.000000
-0.261170 -0.528236 2.403358 0.000000
-0.516247 0.032316 2.404906 1.000000
-0.142889 -0.391631 2.634251 1.000000
-0.631912 0.259710 2.474940 1.000000
-0.097549 -0.649939 2.599440 1.000000
-0.696382 0.282064 2.477286 1.000000
-0.114258 -0.701255 2.641261 1.000000
-0.184105 -0.833266 1.965046 0.000000
0.004647 -0.983751 2.332417 0.000000
-0.189322 -1.258832 1.999627 0.203606
0.001397 -1.366202 2.522286 0.000000
-0.134364 -1.272391 1.841053 0.000000
0.130738 -1.415018 2.426171 0.000000
-0.157549 0.071784 2.312402 1.000000
-0.265261 0.000701 2.422409 1.000000
-0.063457 -0.188731 2.649466 1.000000
-0.079982 -0.038728 2.507071 0.000000
-0.270490 -0.240712 2.507877 0.000000
-0.240591 -0.336067 2.318604 0.000000
-0.114233 -0.560020 2.432534 1.000000
-0.287909 -0.506092 2.384013 0.000000
-0.492562 0.077719 2.373720 1.000000
-0.130825 -0.420586 2.608565 1.000000
-0.421228 0.301838 2.494627 1.000000
-0.083975 -0.680633 2.619370 1.000000
-0.401384 0.362533 2.470464 1.000000
-0.109953 -0.725516 2.663779 1.000000
-0.220674 -0.770464 1.919444 0.000000
-0.027262 -0.944868 2.127380 0.000000
-0.144107 -1.188710 1.958649 0.275481
-0.050318 -1.283287 2.386745 0.000000
-0.121875 -1.200247 1.792147 0.000000
0.024876 -1.378123 2.269689 0.000000
-0.169095 0.109929 2.331307 1.000000
-0.259317 0.013451 2.399113 1.000000
-0.063129 -0.177931 2.628707 1.000000
-0.075541 -0.029332 2.484433 0.000000
-0.271085 -0.226427 2.487234 0.000000
-0.246972 -0.311484 2.286319 0.000000
-0.115921 -0.520534 2.421320 1.000000
-0.291394 -0.472502 2.373069 0.447115
-0.465661 0.143356 2.377375 1.000000
-0.117637 -0.415040 2.601615 1.000000
-0.291563 0.324496 2.459624 1.000000
-0.082130 -0.676662 2.615046 1.000000
-0.314419 0.387611 2.472104 1.000000
-0.099698 -0.726495 2.658286 1.000000
-0.258459 -0.736845 1.885455 0.000000
-0.063495 -0.926539 2.100599 0.000000
-0.192187 -1.157492 1.916977 0.228606
-0.129106 -1.343164 2.167292 0.000000
-0.198817 -1.171103 1.749284 0.000000
-0.002444 -1.379869 2.062604 0.000000
-0.171662 0.145897 2.330944 1.000000
-0.295464 -0.100184 2.423467 1.000000
-0.032869 -0.201573 2.613448 1.000000
-0.112230 -0.071575 2.472549 0.000000
-0.229882 -0.321354 2.501868 0.000000
-0.262403 -0.378402 2.283128 0.000000
-0.064854 -0.558536 2.370466 1.000000
-0.252661 -0.546568 2.367100 1.000000
-0.254714 0.139673 2.397424 1.000000
-0.117247 -0.429583 2.585841 1.000000
-0.166720 0.338258 2.246949 1.000000
-0.081097 -0.689629 2.615691 1.000000
-0.150809 0.378381 2.194046 1.000000
-0.097542 -0.735668 2.663352 1.000000
-0.281594 -0.730680 1.821027 0.000000
0.008859 -0.918051 1.995687 0.000000
-0.266920 -1.154028 1.874787 0.194231
-0.073066 -1.316414 2.125782 0.025481
-0.291755 -1.175854 1.709690 0.000000
0.019283 -1.376921 1.998657 0.000000
-0.114893 0.133473 2.402800 1.000000
-0.268523 -0.144466 2.465967 1.000000
-0.032232 -0.220345 2.704401 1.000000
-0.096966 -0.099528 2.548635 0.000000
-0.194991 -0.358891 2.563240 0.000000
-0.290043 -0.410357 2.257282 0.000000
-0.092417 -0.551754 2.398890 1.000000
-0.277560 -0.562863 2.366881 0.706731
-0.248005 0.085927 2.386370 1.000000
-0.095740 -0.444147 2.628790 1.000000
-0.161932 0.335065 2.368896 1.000000
-0.080094 -0.707559 2.616397 1.000000
-0.149489 0.371852 2.312739 1.000000
-0.112519 -0.742775 2.665081 0.745192
-0.319169 -0.749930 1.823160 0.000000
-0.031913 -0.937846 1.995210 0.000000
-0.307203 -1.175982 1.848976 0.134856
-0.072830 -1.356587 2.068089 0.006731
-0.347034 -1.186991 1.685751 0.000000
0.012882 -1.389525 1.926956 0.000000
-0.138217 0.065370 2.408503 1.000000
-0.358528 0.378591 2.601113 1.000000
-0.062514 0.361499 2.409264 1.000000
-0.267926 0.388956 2.419385 0.000000
-0.144235 0.246286 2.622946 0.000000
-0.315117 -0.039358 2.595661 0.307692
-0.090345 -0.001370 2.430932 1.000000
-0.128900 -0.019299 2.614284 0.000000
-0.604985 0.414828 2.597312 1.000000
-0.045739 0.114990 2.377317 1.000000
-0.845447 0.406193 2.476940 1.000000
-0.296910 0.031937 2.328316 1.000000
-0.906283 0.403830 2.446038 0.000000
-0.364325 0.042208 2.331687 1.000000
-0.331270 -0.546841 2.728045 1.000000
-0.087367 -0.560138 2.621186 1.000000
-0.406248 -0.945884 2.595863 1.000000
-0.030600 -0.967849 2.734669 1.000000
-0.568288 -0.929599 2.638617 0.000000
-0.147704 -1.015148 2.623316 0.000000
-0.128268 0.493006 2.235533 1.000000
-0.327184 0.395174 2.623792 1.000000
-0.019543 0.377864 2.441526 1.000000
-0.222906 0.418779 2.445974 0.000000
-0.119435 0.245920 2.637036 0.000000
-0.298533 0.021493 2.618145 0.000000
-0.052064 -0.007999 2.485917 1.000000
-0.115242 0.040600 2.656423 0.000000
-0.553217 0.296785 2.654340 1.000000
0.052085 0.140948 2.420440 1.000000
-0.757481 0.276502 2.481639 1.000000
-0.148659 -0.027249 2.362369 1.000000
-0.810028 0.270904 2.438406 0.000000
-0.215082 -0.040838 2.354311 1.000000
-0.327155 -0.544088 2.654616 1.000000
-0.048741 -0.562539 2.621649 1.000000
-0.177181 -0.937371 2.726487 1.000000
-0.030599 -0.982215 2.698275 1.000000
-0.299880 -1.001654 2.630766 0.000000
-0.109061 -1.012250 2.552358 0.000000
-0.096144 0.551687 2.280128 1.000000
-0.312184 0.400371 2.628589 1.000000
-0.000082 0.383792 2.454000 1.000000
-0.202999 0.427096 2.454191 0.000000
-0.106618 0.248276 2.643467 0.000000
-0.293647 0.016567 2.605028 0.000000
-0.051444 -0.017477 2.466174 0.971154
-0.109313 0.037977 2.636474 0.000000
-0.480415 0.221767 2.677594 1.000000
0.090093 0.150420 2.451081 1.000000
-0.681063 0.199280 2.498030 1.000000
-0.063407 -0.064496 2.394009 1.000000
-0.701776 0.134242 2.499682 0.913462
-0.121025 -0.095666 2.374769 1.000000
-0.324182 -0.548237 2.633334 1.000000
-0.039898 -0.566611 2.618433 1.000000
-0.150521 -0.922352 2.743828 1.000000
-0.021040 -0.984560 2.703827 1.000000
-0.271957 -1.003473 2.660026 0.000000
-0.103975 -1.017476 2.561039 0.000000
-0.101188 0.589992 2.306185 1.000000
-0.307263 0.398574 2.635485 1.000000
0.010268 0.388051 2.470477 1.000000
-0.192211 0.433168 2.466320 0.000000
-0.103457 0.244018 2.649176 0.000000
-0.291089 0.012274 2.603930 0.692308
-0.048453 -0.013271 2.464014 0.769231
-0.107040 0.034671 2.636336 0.000000
-0.434795 0.182292 2.671568 1.000000
0.077927 0.144477 2.491409 1.000000
-0.627408 0.084022 2.503393 1.000000
-0.005295 -0.109501 2.431331 1.000000
-0.627737 0.016615 2.514250 0.560096
-0.042085 -0.162217 2.408330 1.000000
-0.314150 -0.553561 2.618119 1.000000
-0.033291 -0.565416 2.617397 1.000000
-0.151499 -0.929462 2.738834 1.000000
-0.013714 -0.982370 2.707374 1.000000
-0.268399 -1.009316 2.647686 0.000000
-0.096115 -1.017029 2.564690 0.000000
-0.101766 0.618196 2.342186 1.000000
-0.324083 0.381437 2.642936 1.000000
0.005957 0.393801 2.504787 1.000000
-0.197193 0.431945 2.486737 0.000000
-0.115907 0.233567 2.663174 0.000000
-0.270818 0.019912 2.577833 0.221154
-0.012751 -0.015346 2.471720 1.000000
-0.092144 0.031008 2.635957 0.000000
-0.387466 0.131736 2.647267 1.000000
0.083353 0.148268 2.515286 1.000000
-0.524092 -0.082721 2.534292 1.000000
0.114155 -0.127990 2.502878 1.000000
-0.497890 -0.145684 2.537564 0.778846
0.093279 -0.178977 2.462554 1.000000
-0.301243 -0.550992 2.597137 1.000000
-0.024196 -0.567688 2.610288 1.000000
-0.155082 -0.926211 2.739183 1.000000
-0.019227 -0.984384 2.703394 1.000000
-0.259362 -1.006569 2.634215 0.000000
-0.081630 -1.019194 2.550933 0.000000
-0.102378 0.628760 2.380014 1.000000
-0.297884 0.369094 2.593344 1.000000
0.053594 0.358728 2.526114 1.000000
-0.138709 0.408578 2.466241 0.000000
-0.108031 0.209487 2.657325 0.000000
-0.284140 -0.007637 2.555774 1.000000
-0.010073 -0.021191 2.494088 1.000000
-0.119017 0.013456 2.643610 0.000000
-0.367943 0.121306 2.627045 1.000000
0.094848 0.102835 2.542219 1.000000
-0.433822 -0.140601 2.551430 1.000000
0.111524 -0.176911 2.531395 1.000000
-0.440206 -0.207989 2.542504 1.000000
0.109396 -0.232474 2.491774 0.930288
-0.293154 -0.576278 2.587034 1.000000
-0.021628 -0.582898 2.602629 1.000000
-0.157311 -0.953484 2.733976 0.844231
-0.023897 -0.995145 2.713877 1.000000
-0.242962 -1.031840 2.612015 0.000000
-0.051628 -1.038272 2.553499 0.000000
-0.114355 0.646140 2.406152 1.000000
-0.304387 0.357755 2.579722 1.000000
0.051766 0.357150 2.543403 1.000000
-0.135834 0.402780 2.467413 0.004808
-0.116684 0.202299 2.658547 0.000000
-0.281524 -0.031815 2.528085 0.846154
-0.002090 -0.021927 2.497746 1.000000
-0.129909 0.005689 2.633119 0.000000
-0.354555 0.101267 2.578603 1.000000
0.097038 0.100356 2.561063 1.000000
-0.352976 -0.179317 2.548135 1.000000
0.082661 -0.181351 2.551459 1.000000
-0.351316 -0.247567 2.549021 0.509615
0.085024 -0.248927 2.542001 0.947115
-0.293490 -0.588571 2.580089 1.000000
-0.018707 -0.591334 2.599023 1.000000
-0.219536 -0.981046 2.731165 0.353606
-0.035084 -1.003551 2.709194 1.000000
-0.281889 -1.047326 2.589499 0.000000
-0.042299 -1.046718 2.546607 0.000000
-0.120735 0.653055 2.431116 1.000000
-0.320452 0.359535 2.581960 1.000000
0.036693 0.372092 2.560662 1.000000
-0.149119 0.415080 2.478954 0.000000
-0.130903 0.206768 2.661617 0.000000
-0.289193 -0.031449 2.517288 0.865385
-0.009739 -0.004958 2.499816 1.000000
-0.144519 0.009940 2.630347 0.000000
-0.360895 0.101268 2.560431 1.000000
0.082413 0.113891 2.567263 1.000000
-0.356080 -0.178048 2.513554 1.000000
0.072279 -0.169018 2.557374 1.000000
-0.347068 -0.243861 2.497775 0.762019
0.052885 -0.227544 2.528047 0.627404
-0.289678 -0.584659 2.578029 1.000000
-0.029151 -0.580618 2.597576 1.000000
-0.217409 -0.976780 2.730827 0.341106
-0.037612 -0.995963 2.696298 1.000000
-0.270273 -1.043187 2.585411 0.000000
-0.040133 -1.034846 2.532493 0.000000
-0.135639 0.663897 2.451490 1.000000
