-0.306938 0.163332 2.924886 0.000000
-0.328255 0.193610 2.569456 1.000000
-0.370463 0.250436 2.747990 0.000000
-0.281618 0.020871 2.723106 0.000000
-0.330829 -0.171018 2.924031 0.000000
-0.365630 -0.173417 2.533084 1.000000
-0.232197 -0.145104 2.718062 0.187500
-0.437324 0.251748 2.691981 0.430769
-0.095319 0.352081 2.592708 1.000000
-0.283845 0.450187 2.533538 1.000000
-0.195338 0.085142 2.504815 1.000000
-0.246926 0.504442 2.504099 1.000000
-0.227942 0.021031 2.504996 1.000000
-0.358340 -0.695661 2.658291 1.000000
-0.054865 -0.630286 2.696817 1.000000
-0.341831 -1.108329 2.778012 0.928606
0.061345 -0.891536 2.375657 1.000000
-0.476331 -1.145049 2.669985 0.000000
0.122270 -1.008458 2.492814 0.000000
-0.205307 0.443596 2.611307 1.000000
-0.319737 0.177641 2.932587 0.000000
-0.328575 0.194130 2.574759 1.000000
-0.381024 0.254595 2.750274 0.000000
-0.278293 0.029890 2.737382 0.000000
-0.338957 -0.162619 2.920931 0.201923
-0.356739 -0.175514 2.529046 1.000000
-0.231152 -0.143509 2.718853 0.100962
-0.443013 0.252001 2.690921 0.415385
-0.097261 0.355548 2.593067 1.000000
-0.279797 0.437784 2.526731 1.000000
-0.199671 0.090585 2.502101 1.000000
-0.243263 0.493919 2.500513 1.000000
-0.226972 0.024116 2.505244 1.000000
-0.344351 -0.693644 2.662132 1.000000
-0.055608 -0.631126 2.703549 1.000000
-0.381141 -1.112374 2.752751 1.000000
0.065047 -0.864384 2.363060 0.591106
-0.520268 -1.123487 2.644916 0.000000
0.135993 -0.984774 2.470675 0.000000
-0.211571 0.443369 2.608667 1.000000
-0.320480 0.178038 2.933014 0.000000
-0.329992 0.195624 2.575347 1.000000
-0.381586 0.255968 2.751303 0.000000
-0.280585 0.030531 2.737533 0.000000
-0.339972 -0.168246 2.923690 0.000000
-0.360750 -0.171211 2.531752 1.000000
-0.234014 -0.142683 2.721349 0.173077
-0.438922 0.256523 2.690055 0.446154
-0.097206 0.354814 2.593916 1.000000
-0.264563 0.442798 2.538029 1.000000
-0.201345 0.089904 2.504910 1.000000
-0.226498 0.498853 2.513899 1.000000
-0.242602 0.031446 2.512248 1.000000
-0.354590 -0.700159 2.677318 1.000000
-0.054447 -0.626996 2.704381 1.000000
-0.350022 -1.124627 2.745921 1.000000
0.076853 -0.883100 2.384895 1.000000
-0.508793 -1.138545 2.670383 0.000000
0.133858 -1.001115 2.502925 0.000000
-0.213562 0.444699 2.608454 1.000000
-0.350162 0.169656 2.920497 0.000000
-0.267405 0.256282 2.580104 1.000000
-0.355589 0.288878 2.750744 0.000000
-0.277368 0.057565 2.710895 0.000000
-0.388399 -0.150796 2.911113 1.000000
-0.324250 -0.120919 2.525045 1.000000
-0.241895 -0.108161 2.739236 0.115385
-0.437656 0.266746 2.671122 0.400000
-0.000764 0.340470 2.621071 1.000000
-0.257078 0.448385 2.520565 1.000000
-0.146330 0.093377 2.539300 1.000000
-0.225580 0.510999 2.504418 1.000000
-0.213938 0.103185 2.516800 1.000000
-0.345504 -0.676961 2.673698 1.000000
-0.065971 -0.602442 2.701474 1.000000
-0.345359 -1.102094 2.738214 1.000000
0.133630 -0.882676 2.443542 1.000000
-0.501401 -1.114481 2.656939 0.000000
0.089142 -1.014330 2.552153 0.000000
-0.202054 0.455092 2.596959 1.000000
-0.385608 0.202897 2.905463 0.000000
-0.249513 0.243841 2.575953 1.000000
-0.365235 0.296296 2.721287 0.000000
-0.275766 0.065777 2.729595 0.000000
-0.415179 -0.151114 2.868459 1.000000
-0.252750 -0.055726 2.524112 1.000000
-0.229310 -0.084261 2.750958 0.288462
-0.429278 0.285914 2.639912 0.523077
0.007882 0.351027 2.621901 1.000000
-0.240750 0.479308 2.515908 1.000000
-0.074299 0.066249 2.589257 1.000000
-0.211142 0.543403 2.502180 1.000000
-0.068857 -0.001997 2.611308 1.000000
-0.328813 -0.657838 2.637122 1.000000
-0.059285 -0.573341 2.699006 1.000000
-0.380499 -1.045690 2.815446 1.000000
0.057161 -0.980611 2.625030 1.000000
-0.468185 -1.099817 2.672304 0.000000
-0.107727 -1.018734 2.575363 0.000000
-0.177027 0.439162 2.585964 1.000000
-0.335065 0.119610 2.856158 0.000000
-0.146810 0.239946 2.570797 1.000000
-0.280055 0.259823 2.713970 0.115385
-0.212487 0.027849 2.660723 1.000000
-0.441208 -0.209577 2.824806 1.000000
-0.222645 -0.038016 2.547582 1.000000
-0.242818 -0.110238 2.764838 0.072115
-0.436887 0.274692 2.644120 0.769231
0.092952 0.355509 2.665651 1.000000
-0.240916 0.471327 2.537724 1.000000
-0.030620 0.089852 2.610345 1.000000
-0.208861 0.533242 2.520050 1.000000
-0.025715 0.018313 2.615942 1.000000
-0.340737 -0.697855 2.676286 1.000000
-0.067846 -0.585722 2.700783 1.000000
-0.387828 -1.107928 2.796798 0.800481
-0.097924 -1.012800 2.740786 1.000000
-0.514307 -1.128995 2.675689 0.000000
-0.260057 -1.007868 2.671529 0.000000
-0.179165 0.440565 2.586636 1.000000
-0.343505 0.147352 2.842161 0.000000
-0.105365 0.257366 2.587172 1.000000
-0.256295 0.285479 2.714197 0.562500
-0.204500 0.049523 2.660768 0.764423
-0.444120 -0.174113 2.786489 1.000000
-0.174114 -0.016318 2.549309 1.000000
-0.231833 -0.090415 2.759074 0.000000
-0.435675 0.302968 2.626054 0.723077
0.162853 0.275235 2.674174 0.000000
-0.216745 0.478876 2.528296 1.000000
-0.039359 0.063827 2.616641 1.000000
-0.198367 0.547401 2.516474 1.000000
-0.024218 -0.006473 2.618010 1.000000
-0.336494 -0.671225 2.690854 1.000000
-0.065780 -0.572359 2.699219 1.000000
-0.405491 -1.082814 2.794460 1.000000
-0.110500 -0.998247 2.738207 1.000000
-0.514855 -1.099071 2.657043 0.000000
-0.236380 -0.996337 2.614681 0.000000
-0.155907 0.444772 2.578073 1.000000
-0.393686 0.194167 2.844452 0.000000
-0.132535 0.271245 2.594894 1.000000
-0.304314 0.308082 2.696686 0.000000
-0.222943 0.074802 2.709788 0.000000
-0.439229 -0.153935 2.783540 1.000000
-0.156089 -0.026912 2.543221 1.000000
-0.219958 -0.091572 2.754320 0.000000
-0.409946 0.344575 2.606597 0.769231
0.135690 0.228284 2.672534 0.000000
-0.185761 0.511084 2.504133 1.000000
-0.032007 -0.011244 2.614357 1.000000
-0.185313 0.577967 2.530589 1.000000
-0.100180 -0.021903 2.594058 1.000000
-0.344581 -0.664452 2.690299 1.000000
-0.066992 -0.578593 2.698439 1.000000
-0.340272 -1.093673 2.715812 1.000000
-0.106379 -1.005258 2.734578 1.000000
-0.456732 -1.102697 2.583662 0.000000
-0.208993 -1.007934 2.591150 0.000000
-0.126018 0.446441 2.580721 1.000000
-0.406415 0.225200 2.856474 0.000000
-0.137052 0.280675 2.603087 1.000000
-0.319656 0.318723 2.694014 0.000000
-0.220322 0.099575 2.751633 0.000000
-0.434777 -0.141021 2.800896 1.000000
-0.151319 -0.052035 2.544402 1.000000
-0.211975 -0.101697 2.760451 0.000000
-0.373715 0.317158 2.591966 1.000000
0.101446 0.137180 2.651452 1.000000
-0.175263 0.522034 2.507364 1.000000
-0.054111 -0.112907 2.605286 1.000000
-0.174551 0.587989 2.536047 1.000000
-0.101395 -0.166778 2.599335 0.408654
-0.334740 -0.666847 2.679594 1.000000
-0.057878 -0.590712 2.702483 1.000000
-0.365152 -1.087663 2.762595 1.000000
-0.102636 -1.010488 2.784246 1.000000
-0.476961 -1.106237 2.627458 0.000000
-0.179933 -1.032817 2.627291 0.000000
-0.108914 0.452531 2.590262 1.000000
-0.403209 0.237536 2.819313 0.000000
-0.107364 0.292816 2.596222 1.000000
-0.293059 0.339264 2.676343 0.000000
-0.220527 0.105852 2.714693 0.000000
-0.454448 -0.114651 2.771972 1.000000
-0.134847 -0.047574 2.554229 1.000000
-0.226758 -0.085140 2.761507 0.000000
-0.351929 0.352089 2.566799 1.000000
0.003573 0.034679 2.625603 1.000000
-0.151845 0.559608 2.493007 1.000000
-0.067665 -0.238077 2.528673 1.000000
-0.161548 0.618468 2.533191 0.509615
-0.101912 -0.275339 2.477565 0.375000
-0.334608 -0.649318 2.688896 1.000000
-0.059908 -0.584516 2.701860 1.000000
-0.368959 -1.075265 2.736748 1.000000
-0.108398 -1.006022 2.771728 1.000000
-0.464995 -1.084110 2.589077 0.019231
-0.164647 -1.027040 2.605889 0.000000
-0.096784 0.466368 2.574878 0.894231
-0.414115 0.261821 2.806206 0.057692
-0.103793 0.268302 2.600669 1.000000
-0.288304 0.339107 2.663929 0.000000
-0.241585 0.104494 2.727068 0.000000
-0.458414 -0.131752 2.750744 0.000000
-0.124290 -0.016833 2.579833 1.000000
-0.236318 -0.076377 2.771476 0.000000
-0.288274 0.364347 2.575552 1.000000
-0.007912 0.002853 2.588795 1.000000
-0.151993 0.617884 2.499878 1.000000
-0.166523 -0.171939 2.406732 1.000000
-0.118596 0.678291 2.479654 0.000000
-0.204560 -0.197755 2.351413 0.442308
-0.329980 -0.647914 2.695204 1.000000
-0.067522 -0.575387 2.708523 1.000000
-0.358203 -1.075399 2.732080 1.000000
-0.101889 -1.001703 2.752949 1.000000
-0.437227 -1.083765 2.574621 0.000000
-0.159063 -1.014430 2.586584 0.000000
-0.105435 0.459499 2.549989 1.000000
-0.415112 0.259324 2.792999 0.019231
-0.099281 0.269617 2.596330 1.000000
-0.288063 0.335795 2.651478 0.000000
-0.234728 0.105688 2.725087 0.000000
-0.434663 -0.111073 2.749008 0.000000
-0.097073 -0.041076 2.561420 1.000000
-0.208916 -0.069410 2.760194 0.000000
-0.282261 0.362912 2.566751 1.000000
-0.011850 0.005839 2.545636 1.000000
-0.142592 0.621172 2.517795 1.000000
-0.214610 -0.130515 2.374909 1.000000
-0.108579 0.683158 2.504596 0.000000
-0.276281 -0.159484 2.351871 1.000000
-0.334465 -0.642966 2.698402 1.000000
-0.066824 -0.591533 2.718130 1.000000
-0.359498 -1.071276 2.727107 1.000000
-0.088546 -1.020195 2.744156 1.000000
-0.446132 -1.076503 2.573564 0.000000
-0.160348 -1.026331 2.583175 0.000000
-0.089837 0.472941 2.563394 0.817308
-0.407016 0.287071 2.787115 0.000000
-0.080332 0.285759 2.603011 1.000000
-0.269525 0.357721 2.648692 0.000000
-0.225527 0.127671 2.728403 0.000000
-0.431680 -0.089107 2.741693 0.000000
-0.084534 -0.028629 2.568809 1.000000
-0.206033 -0.050798 2.762638 0.000000
-0.290720 0.349346 2.537750 1.000000
-0.027986 0.019635 2.524102 1.000000
-0.150568 0.611954 2.541774 1.000000
-0.230731 -0.108747 2.347299 1.000000
-0.116611 0.675354 2.542667 0.000000
-0.285242 -0.127788 2.304412 1.000000
-0.329615 -0.624359 2.696492 1.000000
-0.069423 -0.580271 2.719677 1.000000
-0.363455 -1.049217 2.753510 1.000000
-0.091008 -1.009270 2.739526 1.000000
-0.442059 -1.064052 2.596318 0.000000
-0.157471 -1.013482 2.576206 0.000000
-0.067371 0.488495 2.561923 0.581731
-0.382295 0.340262 2.670918 1.000000
-0.009307 0.307995 2.649394 1.000000
-0.195312 0.377304 2.588915 0.000000
-0.203273 0.183133 2.742039 0.000000
-0.402408 -0.049173 2.675911 0.846154
-0.010627 -0.038187 2.654854 1.000000
-0.200143 -0.042093 2.784821 0.000000
-0.394912 0.077374 2.555427 1.000000
-0.055697 0.058899 2.513139 1.000000
-0.231868 0.287763 2.410032 0.903846
-0.219767 -0.094711 2.309060 1.000000
-0.206127 0.248646 2.355437 0.307692
-0.262143 -0.121189 2.257326 1.000000
-0.327249 -0.599368 2.697945 1.000000
-0.078958 -0.592579 2.721109 1.000000
-0.361585 -1.025586 2.743322 1.000000
-0.081005 -1.022011 2.743101 1.000000
-0.372369 -1.043364 2.568177 0.076923
-0.088516 -1.030988 2.567115 0.000000
-0.039195 0.548480 2.612842 0.379808
-0.374914 0.323319 2.638397 1.000000
-0.001358 0.312534 2.669454 1.000000
-0.180537 0.364903 2.578835 0.000000
-0.199705 0.184059 2.746586 0.000000
-0.394984 -0.043897 2.650526 0.538462
-0.003231 -0.039534 2.674328 0.865385
-0.206405 -0.037471 2.781748 0.000000
-0.346289 0.064463 2.517976 1.000000
-0.046355 0.073690 2.516489 1.000000
-0.260500 -0.112711 2.287927 1.000000
-0.194435 -0.095887 2.313637 1.000000
-0.229558 -0.165800 2.250544 0.341346
-0.228592 -0.117182 2.254029 0.947115
-0.327558 -0.595203 2.693294 1.000000
-0.075567 -0.592499 2.723913 1.000000
-0.365860 -1.017826 2.762742 1.000000
-0.079123 -1.022086 2.742430 1.000000
-0.358139 -1.047080 2.588982 0.000000
-0.066495 -1.029766 2.566676 0.000000
-0.166313 0.584778 2.575638 0.745192
-0.358100 0.324427 2.616288 1.000000
0.011148 0.314027 2.680888 1.000000
-0.158843 0.361473 2.571749 0.000000
-0.194440 0.191350 2.747827 0.000000
-0.386274 -0.040800 2.638040 0.855769
0.001835 -0.044697 2.696461 0.576923
-0.209900 -0.034409 2.785262 0.000000
-0.323069 0.057336 2.513098 1.000000
-0.032408 0.065678 2.540313 1.000000
-0.221631 -0.136357 2.301311 0.961538
-0.159941 -0.113824 2.329810 1.000000
-0.198717 -0.175064 2.245186 0.879808
-0.182185 -0.143756 2.268307 0.576923
-0.328611 -0.593801 2.691542 1.000000
-0.075954 -0.595962 2.728346 1.000000
-0.369786 -1.017001 2.755627 1.000000
-0.085064 -1.025471 2.746769 1.000000
-0.347039 -1.045349 2.583038 0.000000
-0.056350 -1.033536 2.572934 0.000000
-0.157354 0.587892 2.582242 0.557692
-0.335937 0.325965 2.586342 1.000000
0.017532 0.310564 2.710631 1.000000
-0.131315 0.358216 2.574127 0.000000
-0.198881 0.193426 2.745859 0.000000
-0.366431 -0.038706 2.605153 1.000000
0.011648 -0.044549 2.710405 0.240385
-0.208997 -0.026494 2.772151 0.000000
-0.275424 0.057321 2.496526 1.000000
-0.003726 0.055845 2.574014 1.000000
-0.145903 -0.179529 2.353176 1.000000
-0.084196 -0.147957 2.360650 1.000000
-0.112041 -0.210791 2.297955 0.610577
-0.098721 -0.178650 2.297245 0.576923
-0.320034 -0.590381 2.684322 1.000000
-0.065082 -0.593949 2.733169 1.000000
-0.369736 -1.014775 2.732489 1.000000
-0.080755 -1.022801 2.760384 1.000000
-0.324427 -1.039227 2.563796 0.000000
-0.029538 -1.035353 2.592076 0.000000
-0.129554 0.580041 2.563410 0.653846
-0.303585 0.329568 2.562327 1.000000
0.025699 0.312967 2.740992 1.000000
-0.099115 0.359117 2.581772 0.000000
-0.195328 0.199244 2.744241 0.000000
-0.341999 -0.020731 2.586529 1.000000
0.009221 -0.044620 2.760108 0.134615
-0.218795 -0.024249 2.780516 0.000000
-0.242175 0.056074 2.486273 1.000000
0.022039 0.046595 2.624920 1.000000
-0.061458 -0.175611 2.399125 0.942308
-0.006503 -0.140788 2.383881 0.971154
-0.009411 -0.201647 2.356857 0.711538
-0.040895 -0.185404 2.339160 0.610577
-0.314764 -0.578494 2.666299 1.000000
-0.066145 -0.589863 2.745754 1.000000
-0.376099 -0.999029 2.731785 1.000000
-0.087380 -1.019202 2.756567 1.000000
-0.303507 -1.034046 2.574901 0.000000
-0.004692 -1.027210 2.600981 0.000000
-0.154219 0.570740 2.542892 0.649038
-0.287909 0.318791 2.535950 1.000000
0.013873 0.305715 2.758170 1.000000
-0.088043 0.349208 2.582726 0.000000
-0.205421 0.191412 2.732843 0.000000
-0.322678 -0.036523 2.560487 1.000000
-0.002256 -0.041657 2.787113 0.000000
-0.231334 -0.031803 2.771334 0.000000
-0.193478 0.048168 2.479175 1.000000
0.036554 0.030777 2.661516 1.000000
0.038598 -0.146137 2.420378 1.000000
0.089527 -0.128401 2.402663 1.000000
0.079598 -0.190990 2.381900 0.358173
0.111220 -0.184831 2.363697 0.711538
-0.303356 -0.588730 2.648896 1.000000
-0.068683 -0.593882 2.749435 1.000000
-0.367296 -1.007533 2.722492 1.000000
-0.077116 -1.023587 2.762966 1.000000
-0.272467 -1.047197 2.579166 0.000000
0.027245 -1.030107 2.620929 0.000000
-0.166571 0.561413 2.538531 0.798077
-0.272781 0.305157 2.512341 1.000000
-0.007239 0.302378 2.777114 1.000000
-0.082827 0.341035 2.587769 0.000000
-0.217750 0.182461 2.721420 0.000000
-0.294196 -0.051362 2.539107 1.000000
-0.013949 -0.051271 2.813913 0.057692
-0.237581 -0.042191 2.761668 0.000000
-0.122182 0.063189 2.471913 1.000000
0.087577 0.036919 2.718337 1.000000
0.165774 -0.032564 2.485466 1.000000
0.235540 -0.020249 2.459174 0.990385
0.196089 -0.009698 2.546552 0.375000
0.301776 -0.047867 2.454336 0.879808
-0.290237 -0.601611 2.634954 1.000000
-0.063571 -0.604294 2.760599 1.000000
-0.361350 -1.019659 2.706222 1.000000
-0.080438 -1.033790 2.748378 1.000000
-0.245505 -1.060919 2.579787 0.000000
0.047088 -1.035331 2.626547 0.000000
-0.171507 0.541240 2.525002 0.913462
-0.257903 0.295969 2.492965 1.000000
-0.017706 0.302249 2.780874 1.000000
-0.074979 0.332747 2.583772 0.000000
-0.224465 0.182791 2.711756 0.000000
-0.275635 -0.049212 2.529633 1.000000
-0.024827 -0.052354 2.831530 0.692308
-0.242000 -0.042890 2.756903 0.000000
-0.035188 0.118514 2.493945 1.000000
0.078551 0.033182 2.745503 0.000000
0.252208 0.084878 2.575011 1.000000
0.250151 -0.050901 2.509260 0.000000
0.321015 0.102001 2.562936 1.000000
0.315587 -0.080700 2.511108 0.000000
-0.283458 -0.600159 2.620876 1.000000
-0.055985 -0.603531 2.760231 1.000000
-0.352587 -1.016751 2.701948 0.816106
-0.089205 -1.032184 2.767531 1.000000
-0.227279 -1.060173 2.585670 0.000000
0.051327 -1.044877 2.661712 0.000000
-0.170820 0.538348 2.515692 0.870192
-0.246136 0.280055 2.477672 1.000000
-0.022814 0.301351 2.778170 0.826923
-0.067543 0.318123 2.576236 0.000000
-0.229375 0.183329 2.706057 0.000000
-0.270485 -0.066472 2.519201 1.000000
-0.037393 -0.054036 2.834748 0.480769
-0.250150 -0.054458 2.747817 0.230769
0.008712 0.156733 2.506058 1.000000
0.066978 0.027854 2.771107 0.000000
0.279501 0.191383 2.631062 1.000000
0.249497 -0.090886 2.559176 0.000000
0.337534 0.233595 2.635911 1.000000
0.313131 -0.123576 2.566619 0.000000
-0.274674 -0.613529 2.612934 1.000000
-0.057695 -0.610015 2.760631 1.000000
-0.353416 -1.028324 2.694450 1.000000
-0.088371 -1.038910 2.763508 1.000000
-0.222071 -1.074534 2.586185 0.000000
0.057509 -1.050005 2.664999 0.000000
-0.138465 0.538704 2.510874 1.000000
-0.220589 0.295502 2.464696 1.000000
-0.075187 0.319406 2.809531 0.201923
-0.070266 0.333623 2.602570 0.000000
-0.259840 0.201932 2.691633 0.735577
-0.248642 -0.087576 2.486272 1.000000
-0.086468 -0.037880 2.840230 1.000000
-0.276183 -0.064713 2.713300 0.735577
0.040788 0.195589 2.527659 1.000000
0.011886 0.045737 2.830439 0.000000
0.293060 0.298058 2.659810 1.000000
0.236473 -0.092760 2.679753 0.000000
0.352984 0.322414 2.691262 0.000000
0.295502 -0.127532 2.701659 0.000000
-0.267829 -0.622417 2.605030 1.000000
-0.054419 -0.601260 2.768383 1.000000
-0.341058 -1.037804 2.688642 1.000000
-0.080624 -1.030366 2.759346 1.000000
-0.187609 -1.080145 2.612689 0.000000
0.082732 -1.038953 2.693397 0.000000
-0.132768 0.546830 2.505037 1.000000
-0.176843 0.304665 2.449051 1.000000
-0.143301 0.309890 2.822511 0.000000
-0.078077 0.340724 2.627949 0.000000
-0.274225 0.191225 2.647657 0.562500
-0.202585 -0.099589 2.472911 1.000000
-0.154366 -0.034682 2.856992 1.000000
-0.295842 -0.082429 2.682271 1.000000
0.067090 0.201831 2.558321 1.000000
-0.044408 0.041435 2.855148 0.000000
0.279966 0.360728 2.702422 1.000000
0.222621 -0.080937 2.777379 0.000000
0.331418 0.397251 2.736950 0.000000
0.274837 -0.114848 2.813390 0.000000
-0.246561 -0.628744 2.600422 1.000000
-0.050550 -0.596099 2.766206 1.000000
-0.346037 -1.037423 2.689790 1.000000
-0.077172 -1.025184 2.757360 1.000000
-0.178089 -1.084159 2.663008 0.000000
0.095542 -1.035192 2.723043 0.000000
-0.108329 0.565477 2.499251 0.774038
-0.221790 0.294742 2.454651 1.000000
-0.028921 0.262499 2.772539 0.000000
-0.053390 0.310287 2.572097 0.000000
-0.231087 0.165499 2.665224 0.245192
-0.259478 -0.066566 2.487159 1.000000
-0.045266 -0.087591 2.815377 1.000000
-0.252582 -0.078672 2.716568 0.000000
0.048264 0.236190 2.528393 1.000000
-0.050302 0.063722 2.979383 0.000000
0.242745 0.359201 2.723655 1.000000
0.219342 -0.007156 2.859309 0.000000
0.289537 0.387811 2.770188 0.000000
0.282907 -0.024322 2.830359 0.000000
-0.232614 -0.628617 2.593846 1.000000
-0.051956 -0.626166 2.786896 1.000000
-0.345175 -1.034226 2.681664 1.000000
-0.138031 -1.045632 2.747659 0.825481
-0.206775 -1.092642 2.589245 0.000000
0.026620 -1.074140 2.691219 0.000000
-0.077718 0.545994 2.498749 0.947115
-0.232809 0.281795 2.506014 1.000000
0.046793 0.255205 2.750487 0.548077
-0.037031 0.296975 2.565316 0.000000
-0.179838 0.159894 2.713734 0.000000
-0.285260 -0.064044 2.514032 1.000000
0.009995 -0.096761 2.770568 1.000000
-0.215210 -0.070659 2.732830 0.000000
0.051298 0.253937 2.509106 1.000000
-0.047141 0.067160 2.945776 0.000000
0.185190 0.343010 2.763850 0.875000
0.232587 -0.012922 2.862066 0.000000
0.163236 0.400971 2.800344 1.000000
0.298939 -0.032383 2.842263 0.000000
-0.247515 -0.628118 2.587541 1.000000
-0.064682 -0.629969 2.794328 1.000000
-0.359097 -1.032582 2.681659 1.000000
-0.084886 -1.056294 2.741992 1.000000
-0.254068 -1.091540 2.552814 0.000000
0.042878 -1.047462 2.620722 0.000000
-0.071268 0.529224 2.499362 1.000000
-0.262884 0.291491 2.493545 1.000000
0.067265 0.246650 2.655377 1.000000
-0.059918 0.278835 2.494603 0.000000
-0.171158 0.189830 2.696881 0.000000
-0.309178 -0.034120 2.545062 1.000000
0.026609 -0.116192 2.730984 1.000000
-0.196075 -0.060686 2.743367 0.000000
0.018038 0.248373 2.470006 1.000000
-0.035562 0.098887 2.878227 0.000000
0.275052 0.279287 2.623473 0.278846
0.243356 -0.016462 2.861305 0.000000
0.281020 0.288464 2.694561 0.000000
0.309172 -0.045388 2.859085 0.000000
-0.259852 -0.610005 2.578207 1.000000
-0.078711 -0.627872 2.791636 1.000000
-0.346957 -1.016657 2.687513 1.000000
-0.113581 -1.055046 2.756901 0.894231
-0.258822 -1.073637 2.545760 0.000000
-0.021443 -1.050344 2.606578 0.000000
-0.056941 0.565723 2.507504 0.490385
-0.257871 0.278752 2.464409 1.000000
0.005320 0.256635 2.726110 0.269231
-0.065344 0.286550 2.533312 0.000000
-0.225170 0.173341 2.684480 0.000000
-0.287169 -0.052998 2.502235 1.000000
-0.019308 -0.100366 2.785188 1.000000
-0.236233 -0.052364 2.726351 0.000000
0.022785 0.235590 2.487755 1.000000
0.026674 -0.018044 2.649056 0.753846
0.203933 0.222988 2.727376 1.000000
0.317601 -0.075615 2.705449 0.000000
0.249805 0.219408 2.782659 0.000000
0.387707 -0.086063 2.717669 0.000000
-0.267661 -0.617885 2.577774 1.000000
-0.078029 -0.626054 2.792635 1.000000
-0.352050 -1.021512 2.699693 0.766106
-0.114895 -1.046044 2.708083 1.000000
-0.241100 -1.081891 2.576597 0.000000
0.036557 -1.041167 2.617824 0.000000
-0.059012 0.545596 2.503533 0.692308
-0.296499 0.254696 2.474449 1.000000
0.009374 0.194690 2.667795 1.000000
-0.099318 0.226560 2.493928 0.000000
-0.235832 0.159861 2.689192 0.000000
-0.380407 -0.096056 2.541479 1.000000
-0.039895 -0.131398 2.733465 0.346154
-0.266043 -0.091073 2.740776 0.000000
-0.014860 0.238842 2.437038 1.000000
-0.008437 -0.090140 2.677597 0.600000
-0.026074 -0.011869 2.601909 1.000000
0.291548 -0.079785 2.651126 0.000000
-0.019829 -0.083374 2.606531 0.139423
0.363457 -0.078395 2.651843 0.000000
-0.319801 -0.658656 2.598505 1.000000
-0.099586 -0.656624 2.793090 1.000000
-0.361825 -1.074930 2.697753 0.841106
-0.088470 -1.082891 2.737655 1.000000
-0.283819 -1.119025 2.545836 0.000000
0.006794 -1.061308 2.590797 0.000000
-0.062267 0.513973 2.470887 0.802885
-0.282767 0.242548 2.428571 1.000000
-0.039138 0.232230 2.713463 0.942308
-0.093576 0.246399 2.513725 0.000000
-0.270819 0.158186 2.662102 0.000000
-0.372570 -0.124523 2.508366 1.000000
-0.099180 -0.087996 2.787614 1.000000
-0.321406 -0.085596 2.729023 0.548077
-0.013717 0.161057 2.471271 1.000000
0.005132 -0.008435 2.566880 0.369231
0.141618 0.033892 2.694276 0.855769
0.275839 -0.013299 2.698402 1.000000
0.110370 0.020610 2.757683 0.980769
0.339148 0.020696 2.701517 0.677885
-0.359864 -0.662662 2.625461 1.000000
-0.103363 -0.639722 2.779197 1.000000
-0.361642 -1.087945 2.688955 1.000000
-0.099037 -1.066342 2.725564 1.000000
-0.239971 -1.107297 2.562742 0.000000
0.038123 -1.051143 2.615727 0.000000
-0.056394 0.497392 2.467277 0.764423
-0.290562 0.249098 2.433868 1.000000
-0.037929 0.219996 2.709466 1.000000
-0.098676 0.246364 2.512809 0.000000
-0.271896 0.151019 2.661527 0.000000
-0.400705 -0.116752 2.530366 1.000000
-0.110144 -0.072063 2.790430 1.000000
-0.335792 -0.075176 2.746885 0.100962
-0.084288 0.055438 2.460155 1.000000
-0.064271 -0.015793 2.551614 1.000000
0.148207 0.065995 2.649221 0.019231
0.151527 -0.224388 2.532999 1.000000
0.204666 0.070543 2.693549 0.000000
0.218544 -0.200327 2.543159 0.745192
-0.416363 -0.645137 2.654824 1.000000
-0.112358 -0.628503 2.751052 1.000000
-0.343236 -1.067493 2.688993 0.991106
-0.091644 -1.057994 2.748129 1.000000
-0.240156 -1.061213 2.546013 0.000000
0.029588 -1.051276 2.620200 0.000000
-0.076466 0.487798 2.471224 0.649038
-0.342117 0.285260 2.489722 1.000000
-0.016067 0.208425 2.658283 1.000000
-0.135830 0.264519 2.498378 0.000000
-0.257551 0.155339 2.684056 0.000000
-0.436918 -0.067977 2.587710 1.000000
-0.079816 -0.097891 2.747833 0.009615
-0.303083 -0.049859 2.773674 0.000000
-0.330908 0.003115 2.441188 1.000000
-0.069978 -0.065289 2.590155 1.000000
-0.103665 -0.194885 2.417456 0.576923
-0.210606 -0.273132 2.420290 0.788462
-0.053630 -0.246527 2.419166 0.000000
-0.248510 -0.297337 2.364159 1.000000
-0.417364 -0.617528 2.732638 1.000000
-0.117578 -0.626921 2.712007 1.000000
-0.369463 -1.043715 2.701490 1.000000
-0.095578 -1.050297 2.783903 1.000000
-0.306125 -1.024647 2.537989 0.000000
-0.011908 -1.072055 2.630169 0.000000
-0.087970 0.460473 2.446532 0.908654
-0.376987 0.318677 2.552279 1.000000
-0.025021 0.198834 2.601091 1.000000
-0.178396 0.293039 2.497839 0.000000
-0.254160 0.145209 2.681193 0.000000
-0.460622 -0.047266 2.656255 1.000000
-0.074234 -0.103592 2.696102 0.894231
-0.275396 -0.047925 2.792320 0.000000
-0.472365 0.054798 2.478032 1.000000
-0.165111 -0.018068 2.467370 1.000000
-0.514445 -0.153927 2.257876 1.000000
-0.414694 -0.158720 2.357472 1.000000
-0.491742 -0.222016 2.262547 0.627404
-0.456448 -0.134580 2.304113 0.189904
-0.422890 -0.608772 2.745979 1.000000
-0.127906 -0.627384 2.688304 1.000000
-0.354150 -1.032596 2.722562 1.000000
-0.115412 -1.043397 2.796364 1.000000
-0.354097 -1.022857 2.546456 0.000000
-0.077265 -1.085615 2.629419 0.000000
-0.064455 0.444341 2.432446 1.000000
-0.391427 0.343826 2.622947 1.000000
-0.063082 0.197155 2.516633 1.000000
-0.235101 0.310270 2.490675 0.000000
-0.244580 0.151614 2.680282 0.000000
-0.481288 -0.041496 2.735753 0.644231
-0.114052 -0.087437 2.605049 1.000000
-0.255519 -0.033987 2.778118 0.000000
-0.554547 0.121730 2.541622 1.000000
-0.286973 0.038041 2.430797 1.000000
-0.689847 -0.001442 2.299872 1.000000
-0.575689 -0.009520 2.349590 1.000000
-0.721686 -0.029504 2.241802 0.000000
-0.636134 -0.005826 2.310781 0.375000
-0.408473 -0.603540 2.753837 1.000000
-0.134091 -0.612614 2.659596 1.000000
-0.359884 -1.029346 2.718779 1.000000
-0.110001 -1.022945 2.785882 1.000000
-0.427840 -1.023708 2.556119 0.000000
-0.138347 -1.075669 2.619976 0.000000
-0.087685 0.450670 2.418276 1.000000
-0.400077 0.348955 2.660691 1.000000
-0.104368 0.223395 2.467258 1.000000
-0.285304 0.322446 2.489858 0.000000
-0.227915 0.170316 2.676340 0.000000
-0.468819 -0.047852 2.773738 0.855769
-0.150601 -0.082683 2.546625 1.000000
-0.239809 -0.043542 2.754790 0.000000
-0.646924 0.214038 2.622437 1.000000
-0.371852 0.133926 2.431780 1.000000
-0.820772 0.201337 2.378787 1.000000
-0.671750 0.139858 2.435220 1.000000
-0.863116 0.197682 2.320761 0.000000
-0.727677 0.185084 2.435541 0.509615
-0.402858 -0.609310 2.754150 1.000000
-0.174066 -0.620106 2.642524 1.000000
-0.360758 -1.034698 2.707531 1.000000
-0.097945 -1.031993 2.739762 1.000000
-0.471693 -1.030656 2.570472 0.000000
-0.189276 -1.082443 2.597559 0.000000
-0.118250 0.475137 2.412191 1.000000
-0.411175 0.317901 2.669753 1.000000
-0.119058 0.226028 2.453300 1.000000
-0.309420 0.300128 2.489782 0.000000
-0.214859 0.165475 2.674551 0.000000
-0.463301 -0.045632 2.770749 0.625000
-0.159058 -0.089923 2.526759 1.000000
-0.235606 -0.050606 2.739873 0.000000
-0.681070 0.250733 2.678008 1.000000
-0.388489 0.158750 2.431590 1.000000
-0.839648 0.272340 2.431839 1.000000
-0.679129 0.193822 2.458014 1.000000
-0.880048 0.277345 2.372542 0.000000
-0.729653 0.234642 2.488908 0.593750
-0.397879 -0.610324 2.759786 1.000000
-0.184334 -0.625344 2.643766 1.000000
-0.357765 -1.036337 2.717311 1.000000
-0.134953 -1.040741 2.743302 0.656731
-0.476535 -1.034521 2.586933 0.000000
-0.237514 -1.085593 2.607002 0.000000
-0.171784 0.498307 2.419556 1.000000
-0.417598 0.303290 2.679669 1.000000
-0.123669 0.242402 2.454896 1.000000
-0.316789 0.304692 2.498299 0.000000
-0.214685 0.159944 2.671028 0.000000
-0.471333 -0.063663 2.772664 0.144231
-0.167595 -0.074826 2.524320 1.000000
-0.244037 -0.053885 2.740054 0.000000
-0.688810 0.271965 2.698638 1.000000
-0.388469 0.176580 2.430844 1.000000
-0.840864 0.300778 2.454815 1.000000
-0.670915 0.209268 2.482853 1.000000
-0.880037 0.308003 2.394927 0.000000
-0.728601 0.252096 2.486240 0.375000
-0.395773 -0.618060 2.767404 1.000000
-0.177395 -0.618292 2.662876 1.000000
-0.359048 -1.041624 2.703019 1.000000
-0.205169 -1.040079 2.741773 0.944231
-0.482128 -1.033135 2.576974 0.000000
-0.309065 -1.059645 2.600596 0.000000
-0.209541 0.511263 2.419187 1.000000
-0.420755 0.287884 2.687895 1.000000
-0.129977 0.262724 2.454330 1.000000
-0.326638 0.305352 2.504993 0.000000
-0.206910 0.164289 2.669245 0.000000
-0.467357 -0.056497 2.764470 0.000000
-0.156160 -0.079019 2.526341 1.000000
-0.238898 -0.055097 2.739426 0.000000
-0.691503 0.277206 2.719215 0.984615
-0.389176 0.178607 2.438580 1.000000
-0.828370 0.297244 2.466802 1.000000
-0.672932 0.208027 2.478380 1.000000
-0.863453 0.302353 2.404222 0.000000
-0.722697 0.257647 2.493695 0.694712
-0.397031 -0.614800 2.760393 1.000000
-0.179696 -0.619894 2.666370 1.000000
-0.355458 -1.040722 2.718408 1.000000
-0.120104 -1.041387 2.727138 0.797356
-0.472467 -1.039134 2.586444 0.000000
-0.226353 -1.076080 2.590698 0.000000
-0.231693 0.525923 2.432979 1.000000
-0.425597 0.285750 2.692163 1.000000
-0.134737 0.273082 2.458604 1.000000
-0.332048 0.311006 2.510465 0.000000
-0.210378 0.166071 2.669847 0.000000
-0.467553 -0.059454 2.771285 0.000000
-0.160336 -0.074166 2.527445 1.000000
-0.239578 -0.055594 2.742384 0.000000
-0.694358 0.270329 2.695862 0.938462
-0.383489 0.171798 2.437762 1.000000
-0.820384 0.288747 2.441911 1.000000
-0.665357 0.204575 2.454660 1.000000
-0.852441 0.293578 2.377705 0.000000
-0.734334 0.223131 2.463101 0.257212
-0.400336 -0.615299 2.764136 1.000000
-0.167939 -0.615881 2.662892 1.000000
-0.361989 -1.039323 2.703858 1.000000
-0.253313 -1.023423 2.770227 1.000000
-0.483554 -1.032179 2.576268 0.000000
-0.335400 -1.046875 2.615891 0.360577
-0.245308 0.529266 2.437948 1.000000
-0.422086 0.290515 2.705630 1.000000
-0.130852 0.282731 2.469522 1.000000
-0.326324 0.325076 2.524814 0.000000
-0.210823 0.163734 2.672600 0.000000
-0.469545 -0.056720 2.763419 0.000000
-0.157940 -0.075087 2.525466 1.000000
-0.241150 -0.051156 2.738366 0.000000
-0.685756 0.240924 2.714986 0.738462
-0.372011 0.169047 2.436957 1.000000
-0.793824 0.282793 2.456493 1.000000
-0.652924 0.206253 2.442980 1.000000
-0.818223 0.294156 2.389793 0.000000
-0.721066 0.222325 2.459463 0.257212
-0.396706 -0.613019 2.764008 1.000000
-0.177942 -0.617407 2.659817 1.000000
-0.365528 -1.036978 2.699303 1.000000
-0.123684 -1.037241 2.735287 1.000000
-0.483723 -1.025764 2.568871 0.000000
-0.227987 -1.075353 2.598260 0.000000
-0.248995 0.531511 2.442660 1.000000
-0.420200 0.308521 2.710848 1.000000
-0.131774 0.289913 2.471915 1.000000
-0.325009 0.339436 2.529073 0.000000
-0.214064 0.174053 2.675879 0.000000
-0.468754 -0.053302 2.769440 1.000000
-0.168823 -0.064160 2.516499 1.000000
-0.241933 -0.044256 2.733482 0.000000
-0.671971 0.229812 2.661355 0.769231
-0.366433 0.165244 2.433364 1.000000
-0.791206 0.280510 2.409513 1.000000
-0.648098 0.195295 2.427056 1.000000
-0.819651 0.294466 2.344942 0.000000
-0.695509 0.246310 2.445027 0.627404
-0.401601 -0.607523 2.759380 1.000000
-0.177085 -0.607178 2.661162 1.000000
-0.360751 -1.032345 2.706859 1.000000
-0.107933 -1.025254 2.734174 1.000000
-0.485696 -1.028974 2.582418 0.000000
-0.218588 -1.066439 2.603150 0.000000
-0.243878 0.539892 2.453954 1.000000
-0.411863 0.329340 2.713339 1.000000
-0.124820 0.290632 2.475152 1.000000
-0.314447 0.353136 2.531671 0.000000
-0.215068 0.181308 2.679358 0.000000
-0.468131 -0.047341 2.769397 1.000000
-0.168188 -0.059350 2.516521 1.000000
-0.241269 -0.039158 2.733487 0.000000
-0.651360 0.207765 2.688255 0.876923
-0.362694 0.170406 2.432910 1.000000
-0.730483 0.269786 2.421941 0.278846
-0.645959 0.198265 2.424213 1.000000
-0.796498 0.270353 2.393390 1.000000
-0.707079 0.234164 2.436417 0.576923
-0.405003 -0.601910 2.756922 1.000000
-0.178045 -0.602369 2.660094 1.000000
-0.366658 -1.026920 2.704044 1.000000
-0.100607 -1.019962 2.727324 1.000000
-0.491443 -1.022679 2.579469 0.000000
-0.211404 -1.061561 2.596550 0.000000
-0.242909 0.536184 2.457973 1.000000
-0.410791 0.332358 2.713707 1.000000
-0.117482 0.291414 2.483666 1.000000
-0.306619 0.358708 2.536187 0.000000
-0.218192 0.178632 2.680984 0.000000
-0.470647 -0.046955 2.763104 1.000000
-0.162631 -0.061212 2.520248 1.000000
-0.242696 -0.039873 2.734624 0.000000
-0.612152 0.165821 2.641917 0.723077
-0.349120 0.161195 2.430080 1.000000
-0.732963 0.227520 2.390182 0.500000
-0.632684 0.176394 2.395614 1.000000
-0.799197 0.252177 2.376823 1.000000
-0.689096 0.215465 2.417165 0.745192
-0.406062 -0.602346 2.753103 1.000000
-0.173439 -0.603238 2.659918 1.000000
-0.359468 -1.027753 2.711182 1.000000
-0.099896 -1.020648 2.732447 1.000000
-0.479915 -1.028249 2.582339 0.000000
-0.206087 -1.062710 2.598050 0.000000
-0.242274 0.551227 2.474892 1.000000
-0.413252 0.318175 2.711528 1.000000
-0.113463 0.291840 2.487792 1.000000
-0.306645 0.349983 2.536364 0.000000
-0.212964 0.173793 2.682629 0.000000
-0.465612 -0.047157 2.758220 1.000000
-0.150425 -0.057459 2.524538 1.000000
-0.236960 -0.038535 2.736615 0.000000
-0.599666 0.126601 2.666801 0.830769
-0.333056 0.146281 2.423895 1.000000
-0.713072 0.166655 2.407329 0.125000
-0.612453 0.128504 2.365106 1.000000
-0.752353 0.178042 2.348163 1.000000
-0.683102 0.140278 2.371700 0.762019
-0.399942 -0.601534 2.748301 1.000000
-0.173040 -0.602966 2.654921 1.000000
-0.363310 -1.028370 2.711292 1.000000
-0.116859 -1.021211 2.737471 0.719231
-0.477502 -1.026516 2.576886 0.000000
-0.217954 -1.062148 2.598863 0.000000
-0.258948 0.568022 2.487930 1.000000
-0.411458 0.319995 2.719110 1.000000
-0.108004 0.291369 2.500659 1.000000
-0.300610 0.353233 2.546868 0.000000
-0.214294 0.171299 2.690612 0.000000
-0.459043 -0.049722 2.749855 1.000000
-0.139501 -0.068422 2.522700 1.000000
-0.229924 -0.044239 2.732609 0.000000
-0.559354 0.103550 2.645584 1.000000
-0.300195 0.117898 2.416216 1.000000
-0.678327 0.096600 2.384162 0.000000
-0.574560 0.074012 2.342880 1.000000
-0.694375 0.095804 2.314054 1.000000
-0.644993 0.088183 2.346316 1.000000
-0.393157 -0.606133 2.747599 1.000000
-0.154101 -0.608683 2.659099 1.000000
-0.358238 -1.033354 2.713492 1.000000
-0.094739 -1.027560 2.736032 1.000000
-0.469321 -1.031497 2.576506 0.000000
-0.194268 -1.067388 2.595976 0.000000
-0.267880 0.572935 2.511005 0.985577
-0.417927 0.309393 2.724847 1.000000
-0.104843 0.303177 2.518535 1.000000
-0.302009 0.353963 2.558606 0.000000
-0.212588 0.171534 2.699801 0.000000
-0.461787 -0.045135 2.722615 0.019231
-0.119841 -0.059883 2.530491 1.000000
-0.232231 -0.036273 2.729573 0.000000
-0.540754 0.084448 2.630083 1.000000
-0.238353 0.085872 2.420300 1.000000
-0.658532 0.035068 2.371559 0.278846
-0.496784 0.008615 2.318211 1.000000
-0.647403 0.001972 2.308677 1.000000
-0.565286 0.006550 2.296382 1.000000
-0.390730 -0.599182 2.739660 1.000000
-0.142096 -0.600705 2.661848 1.000000
-0.361166 -1.027297 2.712393 1.000000
-0.110784 -1.021922 2.742445 0.872356
-0.455677 -1.024341 2.563507 0.000000
-0.193949 -1.057094 2.590937 0.000000
-0.275989 0.572760 2.512455 1.000000
-0.429754 0.299313 2.718396 1.000000
-0.098895 0.307152 2.542056 1.000000
-0.300209 0.351905 2.565061 0.000000
-0.219362 0.167273 2.708544 0.000000
-0.447706 -0.054687 2.725154 0.288462
-0.099522 -0.063935 2.544217 1.000000
-0.218402 -0.055104 2.740717 0.000000
-0.514886 0.046220 2.642316 1.000000
-0.149515 0.056691 2.433325 1.000000
-0.616127 -0.138656 2.438810 1.000000
-0.364699 -0.104165 2.316313 1.000000
-0.612670 -0.185411 2.384264 0.795673
-0.423998 -0.125519 2.281658 1.000000
-0.380876 -0.609520 2.727454 1.000000
-0.130320 -0.607225 2.670421 1.000000
-0.359087 -1.038823 2.716315 1.000000
-0.101432 -1.030491 2.740503 1.000000
-0.445860 -1.039243 2.562763 0.000000
-0.180895 -1.061476 2.586121 0.000000
-0.281242 0.576186 2.522213 1.000000
-0.437633 0.296560 2.699970 1.000000
-0.089448 0.309161 2.561286 1.000000
-0.292411 0.352332 2.562641 0.081731
-0.226421 0.165963 2.711384 0.000000
-0.448953 -0.056548 2.698032 0.528846
-0.081722 -0.067465 2.559907 1.000000
-0.223117 -0.055181 2.740682 0.000000
-0.508850 0.028206 2.661318 1.000000
-0.084155 0.046855 2.462454 1.000000
-0.574998 -0.210890 2.500199 1.000000
-0.241968 -0.175517 2.347697 1.000000
-0.571793 -0.280407 2.482023 0.661058
-0.288860 -0.206703 2.302954 1.000000
-0.378575 -0.611337 2.717547 1.000000
-0.118179 -0.609138 2.680335 1.000000
-0.357561 -1.040810 2.714164 1.000000
-0.102117 -1.035306 2.735316 1.000000
-0.424684 -1.042809 2.551073 0.000000
-0.163072 -1.058740 2.571476 0.000000
-0.284566 0.580218 2.532960 1.000000
-0.436056 0.299888 2.683334 1.000000
-0.075038 0.317123 2.583366 1.000000
-0.277479 0.357710 2.562632 0.000000
-0.225686 0.171967 2.717646 0.000000
-0.441857 -0.052343 2.683399 0.778846
-0.069140 -0.052086 2.560361 0.932692
-0.218027 -0.047998 2.735400 0.000000
-0.501904 0.024523 2.696301 1.000000
-0.040727 0.046034 2.508004 1.000000
-0.531771 -0.251470 2.585012 1.000000
-0.133938 -0.218866 2.405012 1.000000
-0.523185 -0.320551 2.566917 0.778846
-0.170349 -0.265366 2.363958 1.000000
-0.370281 -0.604553 2.696354 1.000000
-0.109492 -0.596817 2.681063 1.000000
-0.355134 -1.033702 2.718764 1.000000
-0.099577 -1.022341 2.742148 1.000000
-0.414173 -1.044447 2.552912 0.000000
-0.152427 -1.047457 2.575763 0.000000
-0.278610 0.579648 2.533883 1.000000
-0.432684 0.296584 2.659426 1.000000
-0.063057 0.317466 2.599719 1.000000
-0.262500 0.353663 2.555316 0.000000
-0.225568 0.173664 2.720993 0.000000
-0.434809 -0.058377 2.660210 0.096154
-0.049639 -0.046201 2.585697 0.807692
-0.219586 -0.049763 2.740384 0.000000
-0.475822 0.016295 2.706081 1.000000
-0.011913 0.035448 2.578249 1.000000
-0.468245 -0.283966 2.664094 1.000000
-0.022414 -0.261194 2.515927 1.000000
-0.468897 -0.355750 2.668557 0.324519
-0.051892 -0.321683 2.490523 0.879808
-0.356181 -0.607841 2.677761 1.000000
-0.097277 -0.595804 2.687950 1.000000
-0.366203 -1.035979 2.716456 1.000000
-0.139278 -1.020651 2.739344 0.703606
-0.401008 -1.050734 2.544179 0.000000
-0.162204 -1.039418 2.565475 0.000000
-0.266533 0.583318 2.539641 0.697115
-0.427440 0.298185 2.654656 1.000000
-0.055843 0.315880 2.607459 1.000000
-0.253347 0.354045 2.556519 0.000000
-0.223628 0.173176 2.722699 0.000000
-0.427940 -0.050572 2.646079 0.288462
-0.037518 -0.049801 2.605748 0.711538
-0.220439 -0.049560 2.744898 0.000000
-0.466233 0.017718 2.707851 1.000000
0.004749 0.034520 2.594362 1.000000
-0.463345 -0.285465 2.685680 1.000000
-0.010597 -0.267843 2.566579 1.000000
-0.464024 -0.341682 2.640818 0.324519
-0.030283 -0.336772 2.560703 0.947115
-0.339005 -0.604348 2.679631 1.000000
-0.096668 -0.597236 2.694320 1.000000
-0.368314 -1.029154 2.739477 1.000000
-0.093881 -1.025335 2.734607 1.000000
-0.386965 -1.052358 2.565632 0.000000
-0.110286 -1.041894 2.559778 0.000000
-0.267358 0.582870 2.544516 0.831731
