-0.321836 0.356317 2.502481 1.000000
0.049607 0.382127 2.537693 1.000000
-0.125279 0.395620 2.386437 0.125000
-0.142069 0.275277 2.651759 0.000000
-0.346195 0.044023 2.494775 0.413462
0.089070 0.056570 2.543719 0.259615
-0.146622 0.042384 2.681887 0.000000
-0.377141 0.079283 2.441887 1.000000
0.122367 0.103282 2.515911 1.000000
-0.363029 -0.217848 2.368538 1.000000
0.140356 -0.202629 2.512681 1.000000
-0.342996 -0.285408 2.355240 1.000000
0.140114 -0.274250 2.509090 1.000000
-0.240270 -0.518740 2.500828 1.000000
-0.002385 -0.512294 2.550825 1.000000
-0.270056 -0.971259 2.577901 0.475481
-0.043130 -0.952848 2.676728 0.662981
-0.252738 -1.002870 2.398995 0.000000
-0.012520 -1.004897 2.504507 0.000000
-0.144644 0.677574 2.407233 1.000000
-0.308401 0.355482 2.503180 1.000000
0.063500 0.378352 2.535468 1.000000
-0.112383 0.392267 2.385412 0.076923
-0.128228 0.273968 2.651709 0.000000
-0.342447 0.050162 2.495546 0.394231
0.093400 0.045940 2.540582 0.375000
-0.141423 0.039237 2.680782 0.000000
-0.376570 0.071670 2.465408 1.000000
0.128423 0.092220 2.511610 1.000000
-0.374893 -0.233171 2.398549 1.000000
0.150789 -0.218986 2.502186 1.000000
-0.351653 -0.297922 2.378306 1.000000
0.142231 -0.289836 2.495146 1.000000
-0.235231 -0.518067 2.504953 1.000000
0.000725 -0.516929 2.553944 1.000000
-0.267243 -0.972489 2.568796 0.534856
-0.030791 -0.960504 2.671621 1.000000
-0.250121 -0.998949 2.389038 0.000000
-0.003486 -1.008584 2.497698 0.000000
-0.129211 0.681187 2.413676 1.000000
-0.304482 0.355184 2.506151 1.000000
0.068295 0.373953 2.529848 1.000000
-0.110727 0.387999 2.383563 0.110577
-0.122009 0.273477 2.651737 0.000000
-0.337481 0.046972 2.499168 0.384615
0.099377 0.049756 2.533169 0.288462
-0.131677 0.038336 2.679204 0.000000
-0.373404 0.068624 2.473008 1.000000
0.136168 0.086078 2.507188 1.000000
-0.370109 -0.240461 2.414984 1.000000
0.146154 -0.227839 2.489926 1.000000
-0.342850 -0.305958 2.404517 1.000000
0.138885 -0.298182 2.478028 1.000000
-0.231375 -0.518598 2.512497 1.000000
-0.001462 -0.516149 2.547062 1.000000
-0.264179 -0.972110 2.582144 0.356731
-0.004715 -0.963722 2.653212 0.881731
-0.251631 -1.000633 2.402323 0.000000
0.013373 -1.005754 2.476542 0.000000
-0.125694 0.675860 2.423299 0.567308
-0.298899 0.358252 2.511894 1.000000
0.074632 0.370656 2.525926 1.000000
-0.107912 0.389285 2.384589 0.091346
-0.114049 0.271927 2.651702 0.000000
-0.330728 0.042602 2.509074 0.298077
0.107229 0.046396 2.522774 0.230769
-0.116781 0.035007 2.679402 0.000000
-0.365517 0.072395 2.470130 1.000000
0.141373 0.083404 2.495101 1.000000
-0.344984 -0.235213 2.408570 1.000000
0.142604 -0.230451 2.476341 1.000000
-0.316660 -0.299844 2.395798 1.000000
0.133914 -0.298806 2.456477 1.000000
-0.229391 -0.522332 2.516901 1.000000
0.003356 -0.519336 2.550872 1.000000
-0.264873 -0.976835 2.578289 0.506731
-0.000223 -0.966685 2.657950 0.775481
-0.260594 -1.001583 2.397526 0.000000
0.009182 -1.009183 2.480717 0.000000
-0.120898 0.680635 2.416249 1.000000
-0.290448 0.359460 2.512609 1.000000
0.082579 0.380460 2.529506 1.000000
-0.099244 0.394721 2.386739 0.067308
-0.104753 0.277573 2.653959 0.000000
-0.322455 0.042839 2.523456 0.221154
0.115314 0.058872 2.513003 0.259615
-0.099301 0.040847 2.681699 0.000000
-0.345921 0.076061 2.455065 1.000000
0.150889 0.096383 2.492715 1.000000
-0.283627 -0.215344 2.361815 1.000000
0.135530 -0.210695 2.438149 1.000000
-0.244548 -0.275307 2.357369 1.000000
0.116095 -0.264543 2.394961 1.000000
-0.218047 -0.518441 2.516771 1.000000
0.015027 -0.509958 2.552947 1.000000
-0.260296 -0.971439 2.584653 0.422356
-0.043491 -0.961203 2.620433 1.000000
-0.265792 -0.997971 2.404176 0.000000
-0.039170 -0.988737 2.440074 0.000000
-0.111208 0.684352 2.416940 1.000000
-0.285841 0.358919 2.509908 1.000000
0.086375 0.383176 2.537164 1.000000
-0.091670 0.397666 2.389734 0.086538
-0.103232 0.276867 2.655129 0.000000
-0.313961 0.045947 2.505972 0.317308
0.123155 0.057210 2.534453 0.298077
-0.105848 0.043979 2.683533 0.000000
-0.334850 0.080355 2.431809 1.000000
0.158228 0.100089 2.508685 1.000000
-0.219423 -0.191120 2.332859 1.000000
0.113560 -0.193086 2.414448 1.000000
-0.171940 -0.240131 2.310816 1.000000
0.092594 -0.241458 2.365836 1.000000
-0.213618 -0.516512 2.520614 1.000000
0.015245 -0.511913 2.553107 1.000000
-0.231427 -0.970992 2.589400 0.500481
-0.037320 -0.960156 2.642075 1.000000
-0.222276 -0.998618 2.409235 0.000000
-0.018227 -0.997642 2.464489 0.000000
-0.107660 0.683984 2.423149 1.000000
-0.276335 0.361658 2.507021 1.000000
0.095465 0.384137 2.540720 1.000000
-0.079851 0.398465 2.390040 0.100962
-0.096785 0.279730 2.656076 0.000000
-0.307064 0.056762 2.496543 0.259615
0.128611 0.051047 2.543053 0.317308
-0.106698 0.046115 2.682508 0.000000
-0.303764 0.087585 2.407104 1.000000
0.169979 0.101334 2.522496 1.000000
-0.149502 -0.160634 2.301630 1.000000
0.101665 -0.168687 2.384773 1.000000
-0.094345 -0.205738 2.293511 1.000000
0.077968 -0.206517 2.328649 0.896635
-0.206295 -0.511038 2.523068 1.000000
0.022036 -0.512706 2.553926 1.000000
-0.140460 -0.958285 2.608134 1.000000
-0.008113 -0.962055 2.647611 0.722356
-0.133971 -0.991441 2.428788 0.000000
0.016075 -1.000529 2.470860 0.000000
-0.096989 0.680459 2.413063 1.000000
-0.255720 0.371473 2.487228 1.000000
0.110941 0.381472 2.560274 1.000000
-0.046800 0.401555 2.391870 0.115385
-0.095863 0.283684 2.654281 0.000000
-0.284946 0.067791 2.483750 0.221154
0.143489 0.048320 2.573597 0.048077
-0.104407 0.056817 2.689001 0.000000
-0.264452 0.110885 2.367252 1.000000
0.180246 0.103244 2.547230 1.000000
-0.070526 -0.108437 2.284077 1.000000
0.096783 -0.126780 2.366237 1.000000
-0.014979 -0.146576 2.308621 1.000000
0.066233 -0.157565 2.309128 1.000000
-0.207341 -0.503287 2.517282 1.000000
0.033731 -0.512999 2.546916 1.000000
-0.071684 -0.921563 2.652347 1.000000
-0.003768 -0.961767 2.640726 0.744231
-0.084262 -0.981190 2.480322 0.000000
0.038865 -1.001483 2.467777 0.000000
-0.067218 0.676299 2.403390 1.000000
-0.240202 0.371882 2.474985 1.000000
0.118487 0.382930 2.580323 1.000000
-0.023954 0.405330 2.399065 0.076923
-0.094947 0.281834 2.653759 0.000000
-0.267299 0.064923 2.479561 0.153846
0.157985 0.053103 2.584451 0.000000
-0.093849 0.060433 2.691074 0.000000
-0.234010 0.115063 2.351286 1.000000
0.198741 0.110127 2.559354 1.000000
-0.030445 -0.099418 2.288274 1.000000
0.114371 -0.118090 2.379863 1.000000
0.041152 -0.103456 2.288346 1.000000
0.074141 -0.160339 2.338162 1.000000
-0.202589 -0.502406 2.505255 1.000000
0.035539 -0.511466 2.542053 1.000000
-0.190743 -0.918872 2.700232 1.000000
-0.007376 -0.960763 2.630883 0.391106
-0.180867 -0.995909 2.535083 0.000000
0.038846 -0.999243 2.458578 0.000000
-0.065654 0.666580 2.387755 1.000000
-0.219386 0.366380 2.458535 1.000000
0.128021 0.384366 2.595870 1.000000
0.002703 0.399358 2.401664 0.091346
-0.090599 0.283724 2.652828 0.000000
-0.245695 0.061754 2.466485 0.153846
0.169017 0.059323 2.607964 0.000000
-0.091222 0.062545 2.692273 0.000000
-0.198127 0.105643 2.335397 1.000000
0.207991 0.107010 2.579082 1.000000
0.020743 -0.105025 2.293975 1.000000
0.153031 -0.101821 2.361424 1.000000
0.087747 -0.081972 2.305000 0.644231
0.155683 -0.143577 2.303184 1.000000
-0.203331 -0.498659 2.486140 1.000000
0.034244 -0.507969 2.541432 1.000000
-0.291827 -0.940364 2.579228 1.000000
0.019329 -0.959812 2.626380 0.634856
-0.245565 -0.985595 2.408581 0.000000
0.072559 -0.993761 2.455149 0.000000
-0.065558 0.659167 2.376258 1.000000
-0.195580 0.373814 2.435682 1.000000
0.138378 0.387436 2.603498 1.000000
0.032275 0.390549 2.397639 0.024038
-0.089902 0.303245 2.647861 0.000000
-0.232360 0.046808 2.448371 1.000000
0.162685 0.069389 2.636622 0.000000
-0.105700 0.071325 2.689616 0.000000
-0.128671 0.121517 2.308781 1.000000
0.256039 0.122245 2.611679 1.000000
0.132287 -0.041418 2.317087 1.000000
0.213260 -0.002654 2.333668 0.971154
0.188360 -0.002266 2.338659 0.862981
0.260796 -0.042545 2.297730 1.000000
-0.219606 -0.496560 2.453768 1.000000
0.033518 -0.504845 2.551702 1.000000
-0.277486 -0.952892 2.450433 0.578606
0.019168 -0.959467 2.620350 0.472356
-0.206388 -0.960683 2.282533 0.000000
0.081710 -0.986995 2.451126 0.000000
-0.066994 0.648678 2.343835 1.000000
-0.202263 0.375036 2.427722 1.000000
0.129982 0.395967 2.598166 1.000000
0.025926 0.390811 2.391305 0.081731
-0.098563 0.313032 2.643522 0.000000
-0.224585 0.054391 2.449116 1.000000
0.172845 0.078764 2.632046 0.307692
-0.094852 0.082596 2.688316 0.000000
-0.106326 0.132828 2.306578 1.000000
0.275103 0.150945 2.636261 1.000000
0.178693 0.027034 2.326250 1.000000
0.287059 0.098773 2.336338 0.769231
0.235266 0.066736 2.345377 1.000000
0.311570 0.045223 2.295422 1.000000
-0.230519 -0.482152 2.448744 1.000000
0.028404 -0.495598 2.553775 1.000000
-0.273819 -0.939981 2.459620 0.831731
0.025579 -0.950959 2.618877 0.506731
-0.212782 -0.949832 2.287911 0.000000
0.078817 -0.975989 2.446119 0.000000
-0.074572 0.640093 2.317449 1.000000
-0.213285 0.368377 2.419179 1.000000
0.114763 0.401835 2.595645 1.000000
0.014942 0.391114 2.386920 0.072115
-0.111839 0.312062 2.637594 0.000000
-0.214839 0.023820 2.453074 1.000000
0.170351 0.127289 2.634544 0.000000
-0.094676 0.088471 2.690190 0.000000
-0.079612 0.144746 2.311733 1.000000
0.299447 0.196198 2.650708 1.000000
0.214998 0.096371 2.324848 1.000000
0.307366 0.171916 2.352954 0.442308
0.265124 0.140969 2.350164 0.745192
0.350728 0.174406 2.295892 1.000000
-0.241935 -0.470292 2.444242 1.000000
0.022329 -0.466619 2.563450 1.000000
-0.285105 -0.928051 2.458132 0.762981
-0.011590 -0.914740 2.465283 0.831731
-0.234757 -0.938113 2.283003 0.000000
-0.013981 -0.875518 2.287063 0.000000
-0.090425 0.633062 2.307058 1.000000
-0.231176 0.367505 2.406458 1.000000
0.091838 0.420766 2.587292 1.000000
-0.004674 0.406100 2.377254 0.134615
-0.128594 0.315276 2.625357 0.000000
-0.228440 0.058766 2.447228 1.000000
0.151543 0.106120 2.660251 0.163462
-0.119527 0.095195 2.695529 0.000000
-0.078224 0.158516 2.307547 1.000000
0.312697 0.264365 2.647425 1.000000
0.214922 0.143823 2.323891 1.000000
0.317764 0.218460 2.357104 0.538462
0.259558 0.197382 2.340668 0.980769
0.340388 0.244470 2.294222 1.000000
-0.242675 -0.465941 2.446985 1.000000
0.019296 -0.471908 2.541421 1.000000
-0.283565 -0.924041 2.455515 0.634856
0.036083 -0.927904 2.599613 0.778606
-0.211626 -0.933580 2.288063 0.000000
0.081434 -0.948638 2.424058 0.000000
-0.120443 0.624321 2.287480 1.000000
-0.251644 0.361185 2.406994 1.000000
0.076011 0.414817 2.579163 1.000000
-0.025729 0.398151 2.371758 0.115385
-0.143973 0.311034 2.623927 0.000000
-0.241419 0.061519 2.450297 1.000000
0.142443 0.099677 2.658149 0.000000
-0.128342 0.096333 2.696964 0.000000
-0.101407 0.153998 2.311232 1.000000
0.283986 0.245287 2.630886 1.000000
0.188136 0.142897 2.311734 1.000000
0.292384 0.213625 2.342984 0.250000
0.249846 0.178315 2.320671 1.000000
0.331748 0.226822 2.284514 1.000000
-0.245016 -0.471295 2.456800 1.000000
0.025842 -0.474127 2.526996 1.000000
-0.273664 -0.930264 2.468055 0.728606
0.032343 -0.926774 2.608661 0.534856
-0.202827 -0.938805 2.300080 0.000000
0.087660 -0.956883 2.437373 0.000000
-0.150721 0.598050 2.276999 1.000000
-0.278164 0.353016 2.417245 1.000000
0.065191 0.411162 2.553635 1.000000
-0.057606 0.391914 2.358197 0.134615
-0.147766 0.305583 2.621974 0.000000
-0.269199 0.051907 2.464736 1.000000
0.129723 0.096738 2.640406 0.000000
-0.136913 0.089623 2.701211 0.000000
-0.145636 0.141996 2.312013 1.000000
0.263244 0.229840 2.586277 1.000000
0.134013 0.081048 2.293241 1.000000
0.245861 0.155726 2.309731 0.403846
0.199195 0.110708 2.289485 1.000000
0.291143 0.138836 2.256752 1.000000
-0.248364 -0.485866 2.479686 1.000000
0.014539 -0.477198 2.508827 1.000000
-0.269984 -0.945339 2.483847 0.816106
0.018339 -0.931418 2.581417 0.584856
-0.206721 -0.949866 2.312723 0.000000
0.062190 -0.959017 2.406427 0.000000
-0.176488 0.585110 2.288522 1.000000
-0.326255 0.329859 2.470728 1.000000
0.042689 0.377211 2.509633 1.000000
-0.128490 0.361520 2.354401 0.129808
-0.147298 0.278678 2.633585 0.000000
-0.320108 0.038765 2.500332 1.000000
0.113773 0.052723 2.560001 0.692308
-0.126072 0.078741 2.688997 0.000000
-0.240903 0.108264 2.332979 1.000000
0.184848 0.143968 2.482176 1.000000
-0.009580 -0.051497 2.257425 1.000000
0.170672 -0.072108 2.287616 1.000000
0.059512 -0.042324 2.240553 1.000000
0.134974 -0.086465 2.227102 1.000000
-0.276273 -0.514695 2.517545 1.000000
-0.028701 -0.503432 2.438864 1.000000
-0.302642 -0.973547 2.498578 0.706731
0.001135 -0.953261 2.530316 0.587981
-0.280782 -0.967318 2.317499 0.000000
0.007710 -0.989178 2.351506 0.000000
-0.230565 0.546268 2.304026 1.000000
-0.348946 0.315406 2.538127 1.000000
0.014156 0.344280 2.453281 1.000000
-0.199112 0.339014 2.363091 0.091346
-0.129195 0.253406 2.633170 0.000000
-0.340736 0.040026 2.560317 0.403846
0.089084 0.004603 2.482805 0.423077
-0.094541 0.059643 2.677985 0.000000
-0.318325 0.090022 2.382509 1.000000
0.097177 0.087776 2.396127 1.000000
-0.174785 -0.137443 2.268230 1.000000
0.024054 -0.178600 2.300727 1.000000
-0.142552 -0.190616 2.232507 0.980769
-0.031263 -0.205427 2.263811 1.000000
-0.300422 -0.528351 2.528875 1.000000
-0.078468 -0.532657 2.400982 1.000000
-0.315689 -0.987231 2.500660 0.812981
-0.002543 -0.970335 2.520452 0.347356
-0.352065 -0.975050 2.322238 0.000000
-0.043141 -1.023709 2.350719 0.000000
-0.226907 0.536929 2.301190 1.000000
-0.341320 0.307024 2.598934 1.000000
-0.029850 0.317567 2.392171 1.000000
-0.261154 0.324443 2.382335 0.000000
-0.105810 0.232588 2.611662 0.000000
-0.356241 0.027859 2.626899 0.000000
0.016228 -0.019461 2.400986 1.000000
-0.083728 0.036125 2.649506 0.000000
-0.390704 0.058004 2.476577 1.000000
-0.010789 0.043640 2.328745 1.000000
-0.384747 -0.210625 2.345783 1.000000
-0.183098 -0.199050 2.301989 1.000000
-0.352532 -0.253119 2.297836 1.000000
-0.245398 -0.234326 2.297899 1.000000
-0.318904 -0.545380 2.532465 1.000000
-0.136320 -0.557600 2.382184 1.000000
-0.324563 -1.004525 2.505010 0.644231
-0.016606 -0.979457 2.521129 0.509856
-0.420576 -0.994082 2.350160 0.000000
-0.097777 -1.050911 2.374119 0.000000
-0.227666 0.525714 2.293546 1.000000
-0.296913 0.279762 2.634439 1.000000
-0.063206 0.286592 2.342531 1.000000
-0.285184 0.308497 2.404913 0.000000
-0.075611 0.190141 2.569932 0.000000
-0.339479 0.015381 2.709383 0.000000
-0.057818 -0.049596 2.380061 1.000000
-0.073245 -0.003081 2.649210 0.216346
-0.494843 0.084305 2.680830 1.000000
-0.247285 0.078503 2.294092 1.000000
-0.644143 -0.101007 2.499732 1.000000
-0.454140 -0.105586 2.407012 1.000000
-0.679736 -0.145290 2.455975 0.000000
-0.515808 -0.113571 2.442731 1.000000
-0.351551 -0.556465 2.544948 1.000000
-0.184425 -0.579151 2.374045 1.000000
-0.293610 -1.012754 2.551578 0.912981
-0.034244 -0.986869 2.525081 0.531731
-0.425833 -1.031351 2.427169 0.000000
-0.130930 -1.070687 2.394956 0.000000
-0.225840 0.534141 2.288876 1.000000
-0.253839 0.320023 2.632749 0.490385
-0.096471 0.259399 2.298928 1.000000
-0.297238 0.302997 2.405875 0.000000
-0.054053 0.209689 2.537460 0.115385
-0.294465 0.005891 2.759430 0.000000
-0.099407 -0.038186 2.369535 1.000000
-0.050248 -0.010314 2.637209 0.100962
-0.469578 0.247481 2.799720 0.984615
-0.340335 0.132401 2.362862 1.000000
-0.686556 0.111349 2.644835 1.000000
-0.509137 -0.044237 2.535795 1.000000
-0.737611 0.078813 2.606400 0.000000
-0.570151 -0.018605 2.563415 1.000000
-0.349963 -0.555445 2.566703 1.000000
-0.234544 -0.570545 2.375834 1.000000
-0.283020 -1.010453 2.576008 0.997356
0.009497 -0.939288 2.502611 1.000000
-0.437095 -1.035057 2.481341 0.000000
-0.102230 -1.046455 2.405974 0.000000
-0.229578 0.557552 2.275100 1.000000
-0.224088 0.362363 2.642912 0.576923
-0.137037 0.298165 2.285443 1.000000
-0.308723 0.360701 2.427776 0.000000
-0.059794 0.233331 2.511269 0.062500
-0.253417 0.023921 2.782624 0.403846
-0.159012 0.010832 2.354927 1.000000
-0.046539 0.028606 2.603677 0.000000
-0.434567 0.371302 2.831173 0.784615
-0.392607 0.212496 2.370112 1.000000
-0.634098 0.253295 2.641390 1.000000
-0.467197 0.050583 2.610897 1.000000
-0.678240 0.224788 2.592591 0.000000
-0.485512 0.011799 2.668367 0.000000
-0.335362 -0.529907 2.586354 1.000000
-0.254994 -0.537219 2.389200 1.000000
-0.287486 -0.987249 2.574268 0.862981
0.022573 -0.894010 2.474383 1.000000
-0.461128 -1.004010 2.520662 0.000000
-0.101981 -1.007602 2.404458 0.000000
-0.255913 0.580594 2.263759 0.875000
-0.105649 0.425543 2.618481 1.000000
-0.230100 0.352308 2.273481 1.000000
-0.281499 0.460331 2.471811 0.000000
-0.075099 0.256400 2.440646 0.000000
-0.152960 0.099663 2.775114 1.000000
-0.294138 0.051626 2.363083 0.913462
-0.069480 0.088252 2.514838 0.000000
-0.239852 0.527324 2.845591 0.000000
-0.441552 0.297933 2.453309 1.000000
-0.522415 0.568577 2.754195 0.000000
-0.397960 0.079778 2.654482 1.000000
-0.549814 0.548140 2.691155 0.000000
-0.384465 0.026730 2.700810 0.000000
-0.254781 -0.472351 2.733812 0.000000
-0.264293 -0.492510 2.413834 1.000000
-0.252483 -0.909019 2.589188 0.559856
-0.017661 -0.879219 2.448885 1.000000
-0.405275 -0.941121 2.683688 0.000000
-0.170880 -0.977852 2.438790 0.000000
-0.341643 0.565896 2.276627 0.341346
-0.088708 0.463932 2.596631 0.875000
-0.272379 0.383125 2.281018 1.000000
-0.284524 0.502534 2.479108 0.000000
-0.096777 0.285685 2.425369 0.038462
-0.116740 0.161895 2.758157 1.000000
-0.342737 0.085238 2.390655 0.903846
-0.090222 0.123976 2.488524 0.000000
-0.173493 0.573043 2.843318 0.000000
-0.460344 0.322533 2.483779 1.000000
-0.463640 0.643586 2.816200 0.000000
-0.413985 0.558683 2.663131 0.942308
-0.507942 0.628962 2.761739 0.000000
-0.403205 0.614997 2.706200 0.000000
-0.202648 -0.400636 2.820212 0.000000
-0.268973 -0.446717 2.424173 1.000000
-0.308846 -0.799245 2.616661 0.862981
-0.056018 -0.853415 2.453273 1.000000
-0.354256 -0.869888 2.778691 0.000000
-0.216048 -0.934881 2.485831 0.000000
-0.375640 0.568689 2.263350 0.024038
-0.070379 0.426523 2.579652 0.451923
-0.315063 0.429680 2.307107 1.000000
-0.263014 0.522628 2.512770 0.000000
-0.146273 0.277792 2.405127 0.096154
-0.103711 0.163593 2.721786 1.000000
-0.411690 0.106414 2.415374 0.798077
-0.141162 0.113169 2.455520 0.067308
0.048504 0.554151 2.802451 0.830769
-0.454803 0.249846 2.475462 1.000000
-0.202281 0.707055 2.741204 1.000000
-0.435109 0.530001 2.581844 0.221154
-0.262604 0.741963 2.724319 0.000000
-0.407549 0.575741 2.629706 0.576923
-0.182276 -0.352087 2.890602 0.000000
-0.260057 -0.425329 2.431078 1.000000
-0.326614 -0.727218 2.666899 0.116106
-0.088357 -0.851854 2.445065 1.000000
-0.303483 -0.826419 2.818326 0.000000
-0.224800 -0.903179 2.554862 0.000000
-0.379165 0.590059 2.280530 0.096154
-0.031658 0.416481 2.577590 1.000000
-0.292932 0.429155 2.316972 1.000000
-0.212603 0.535241 2.506546 0.000000
-0.144385 0.263493 2.424941 0.110577
-0.112827 0.185928 2.679683 0.778846
-0.459399 0.106259 2.423658 0.663462
-0.186168 0.119932 2.424520 0.230769
0.156389 0.488365 2.776793 1.000000
-0.422414 0.512381 2.554978 0.000000
-0.040802 0.677414 2.652022 1.000000
-0.381387 0.647436 2.820333 0.000000
-0.082994 0.718281 2.610885 1.000000
-0.371452 0.679569 2.883667 0.000000
-0.234528 -0.326772 2.884035 0.000000
-0.253834 -0.414651 2.448592 1.000000
-0.324052 -0.724106 2.670233 0.000000
-0.126349 -0.856565 2.440860 1.000000
-0.327050 -0.810047 2.831203 0.000000
-0.230689 -0.889223 2.586986 0.000000
-0.322963 0.588351 2.267766 0.153846
-0.033933 0.418317 2.550622 1.000000
-0.332171 0.413872 2.324988 1.000000
-0.238775 0.518266 2.509445 0.000000
-0.152712 0.261482 2.400748 0.216346
-0.090804 0.137164 2.709104 1.000000
-0.440083 0.163260 2.445796 1.000000
-0.171073 0.113579 2.448637 0.254808
0.189191 0.375924 2.720082 1.000000
-0.427513 0.516776 2.571432 0.000000
0.027859 0.616614 2.640518 1.000000
-0.378516 0.655304 2.833786 0.000000
-0.021275 0.661544 2.613879 1.000000
-0.365503 0.688617 2.895942 0.000000
-0.198976 -0.352918 2.884068 0.000000
-0.264010 -0.388355 2.447834 1.000000
-0.322449 -0.740599 2.669456 0.344231
-0.160982 -0.836622 2.441381 1.000000
-0.301031 -0.833551 2.825044 0.000000
-0.275064 -0.864852 2.581004 0.000000
-0.299983 0.596105 2.262042 0.134615
-0.023979 0.411912 2.551966 1.000000
-0.324203 0.409181 2.328955 1.000000
-0.230419 0.510231 2.515070 0.000000
-0.142171 0.257278 2.399367 0.235577
-0.099013 0.097448 2.728725 1.000000
-0.412234 0.194151 2.437951 1.000000
-0.161862 0.086705 2.462685 0.216346
0.203213 0.382558 2.718998 1.000000
-0.421975 0.517413 2.572283 0.000000
0.036708 0.615013 2.626154 1.000000
-0.377373 0.656786 2.835118 0.000000
-0.015462 0.658825 2.603765 1.000000
-0.365057 0.689936 2.897503 0.000000
-0.231823 -0.359857 2.898916 0.000000
-0.265864 -0.370038 2.446611 1.000000
-0.322260 -0.747397 2.668191 0.000000
-0.191208 -0.823812 2.457374 1.000000
-0.311420 -0.842453 2.823604 0.000000
-0.315860 -0.841186 2.589534 0.000000
-0.276644 0.613444 2.298317 0.350962
-0.022815 0.413521 2.537246 1.000000
-0.335131 0.426448 2.331898 1.000000
-0.229942 0.515389 2.518098 0.000000
-0.151058 0.269249 2.382627 0.274038
-0.123428 0.063853 2.725148 0.903846
-0.424589 0.228162 2.452544 1.000000
-0.174209 0.118321 2.461905 0.163462
0.193877 0.352887 2.710018 1.000000
-0.419266 0.522144 2.585542 0.000000
0.047661 0.602793 2.628381 1.000000
-0.373843 0.664391 2.846885 0.000000
-0.004664 0.646763 2.606674 1.000000
-0.361286 0.698569 2.908664 0.000000
-0.204868 -0.379684 2.858602 0.000000
-0.267500 -0.360065 2.451708 1.000000
-0.328206 -0.774665 2.657660 0.000000
-0.189553 -0.813357 2.458812 1.000000
-0.291622 -0.864680 2.812143 0.000000
-0.182905 -0.809357 2.641147 0.000000
-0.281762 0.646353 2.328760 0.336538
-0.021835 0.411852 2.540290 1.000000
-0.332305 0.426344 2.332264 1.000000
-0.228877 0.513709 2.520188 0.000000
-0.148548 0.268856 2.383243 0.259615
-0.083126 0.102342 2.704161 1.000000
-0.422955 0.190054 2.441805 1.000000
-0.155608 0.132020 2.442039 0.182692
0.183888 0.359817 2.728739 1.000000
-0.412311 0.523118 2.586936 0.000000
0.040962 0.607464 2.634889 1.000000
-0.372802 0.665648 2.849196 0.000000
-0.011712 0.650826 2.612802 1.000000
-0.362005 0.699888 2.911273 0.000000
-0.226674 -0.376706 2.847400 0.000000
-0.256152 -0.385469 2.436485 1.000000
-0.327446 -0.782636 2.655917 0.031731
-0.194735 -0.840688 2.461062 1.000000
-0.329561 -0.860061 2.821165 0.000000
-0.287561 -0.844731 2.618139 0.000000
-0.284570 0.647185 2.334037 0.451923
-0.026597 0.408259 2.547339 1.000000
-0.320772 0.422647 2.316839 1.000000
-0.234074 0.505935 2.514809 0.000000
-0.137410 0.267800 2.376577 0.245192
-0.123654 0.065201 2.721519 1.000000
-0.410485 0.224788 2.431229 1.000000
-0.159893 0.117748 2.455497 0.129808
0.170328 0.400842 2.751701 1.000000
-0.400538 0.519138 2.571786 0.000000
0.008074 0.634477 2.653131 1.000000
-0.373425 0.659550 2.836851 0.000000
-0.044843 0.673576 2.624608 1.000000
-0.365615 0.693275 2.899653 0.000000
-0.241295 -0.386471 2.843544 0.000000
-0.257305 -0.363125 2.435829 1.000000
-0.329328 -0.795477 2.652328 0.044231
-0.188215 -0.817383 2.457646 1.000000
-0.324288 -0.873629 2.817171 0.000000
-0.215417 -0.812856 2.638051 0.000000
-0.286958 0.638167 2.323058 0.480769
-0.032119 0.403193 2.544250 0.711538
-0.324170 0.435356 2.316761 0.951923
-0.241781 0.498952 2.521500 0.000000
-0.139214 0.279482 2.358795 0.230769
-0.112167 0.073962 2.699795 1.000000
-0.422784 0.215022 2.424791 1.000000
-0.159582 0.141778 2.439036 0.125000
0.118798 0.397476 2.784797 0.923077
-0.401585 0.514902 2.578321 0.030769
-0.048836 0.633816 2.702630 1.000000
-0.339565 0.680400 2.822338 0.173077
-0.086751 0.672983 2.656036 1.000000
-0.324100 0.719464 2.880452 0.000000
-0.221526 -0.390582 2.813516 0.000000
-0.254673 -0.374093 2.424452 1.000000
-0.331348 -0.806690 2.651057 0.072356
-0.176201 -0.826700 2.448723 1.000000
-0.324379 -0.874608 2.820305 0.000000
-0.201195 -0.821344 2.629424 0.000000
-0.296752 0.649423 2.341082 0.466346
-0.048232 0.421820 2.540558 1.000000
-0.333346 0.437881 2.299047 1.000000
-0.265087 0.498020 2.512047 0.000000
-0.134148 0.298420 2.344194 0.259615
-0.109560 0.058264 2.699861 0.855769
-0.404691 0.225022 2.422196 1.000000
-0.145639 0.139109 2.441008 0.519231
0.059161 0.271412 2.753134 0.400000
-0.460326 0.436967 2.550587 0.369231
0.041335 0.559616 2.829540 0.490385
-0.337428 0.639349 2.732835 0.076923
0.038633 0.627673 2.851978 0.000000
-0.303440 0.689608 2.771063 0.000000
-0.208287 -0.396774 2.804713 0.000000
-0.245925 -0.368611 2.410046 1.000000
-0.332061 -0.812413 2.651338 0.000000
-0.187427 -0.823742 2.442194 1.000000
-0.318733 -0.878905 2.820770 0.000000
-0.192695 -0.811563 2.624210 0.000000
-0.312103 0.663123 2.341509 0.750000
-0.056876 0.423055 2.576942 1.000000
-0.274005 0.399333 2.273350 1.000000
-0.263625 0.480757 2.489933 0.000000
-0.085179 0.278745 2.378092 0.076923
-0.120400 0.083400 2.714486 1.000000
-0.353429 0.178435 2.355774 0.500000
-0.102141 0.114984 2.443355 0.057692
-0.020921 0.160997 2.674231 0.000000
-0.450810 0.292618 2.461491 1.000000
0.010279 0.427154 2.806530 0.000000
-0.428621 0.516271 2.654478 0.951923
0.020357 0.488902 2.841575 0.000000
-0.420434 0.572195 2.698613 0.000000
-0.236207 -0.398971 2.806487 0.000000
-0.243762 -0.408366 2.407083 1.000000
-0.333341 -0.820383 2.649715 0.287981
-0.169046 -0.861745 2.428644 1.000000
-0.365812 -0.876377 2.820351 0.000000
-0.308303 -0.879146 2.545310 0.000000
-0.290686 0.642034 2.339816 1.000000
-0.083588 0.395630 2.621634 1.000000
-0.251423 0.383348 2.287634 1.000000
-0.282835 0.436548 2.510856 0.000000
-0.062793 0.275967 2.406190 0.028846
-0.098187 0.094080 2.706925 0.576923
-0.308751 0.093348 2.322646 0.807692
-0.059881 0.087841 2.436118 0.004808
-0.025550 0.130487 2.697547 0.000000
-0.375376 0.145973 2.369900 1.000000
-0.058794 0.370826 2.872040 0.000000
-0.591766 0.293663 2.509927 1.000000
-0.064642 0.426300 2.917106 0.000000
-0.647584 0.331268 2.534680 0.000000
-0.173126 -0.426360 2.797196 0.000000
-0.248298 -0.470315 2.385342 1.000000
-0.347192 -0.824787 2.647007 0.534856
-0.045802 -0.881509 2.424263 1.000000
-0.355554 -0.885882 2.818774 0.000000
-0.206842 -0.956931 2.465297 0.000000
-0.196760 0.659240 2.345870 1.000000
-0.098593 0.390218 2.650614 1.000000
-0.179810 0.360129 2.286781 1.000000
-0.263844 0.425995 2.492318 0.000000
-0.028047 0.258497 2.453534 0.000000
-0.128614 0.071622 2.731897 0.000000
-0.223992 0.076749 2.304247 1.000000
-0.016550 0.081708 2.482533 0.000000
-0.068473 0.129791 2.754065 0.000000
-0.340990 0.135182 2.347902 1.000000
-0.144779 0.374139 2.908297 0.000000
-0.524278 0.017058 2.554693 1.000000
-0.161970 0.430724 2.948856 0.000000
-0.567982 -0.010672 2.604326 0.000000
-0.326560 -0.463370 2.572947 1.000000
-0.235199 -0.486911 2.369677 1.000000
-0.358834 -0.914868 2.654850 1.000000
-0.018138 -0.886892 2.436759 1.000000
-0.540516 -0.900223 2.663987 0.000000
-0.176471 -0.975840 2.418730 0.000000
-0.202968 0.659071 2.362358 1.000000
-0.117094 0.380399 2.660275 0.807692
-0.115739 0.318411 2.291450 1.000000
-0.239637 0.407615 2.465627 0.288462
-0.012454 0.227125 2.496796 0.057692
-0.171879 0.053878 2.741000 0.000000
-0.166148 0.043187 2.302981 1.000000
-0.005197 0.048356 2.524138 0.000000
-0.131549 0.131568 2.791828 0.000000
-0.274064 0.081119 2.317531 1.000000
-0.234421 0.388082 2.905556 0.000000
-0.465124 -0.099679 2.469430 1.000000
-0.259050 0.447885 2.936532 0.000000
-0.503725 -0.076859 2.525392 0.711538
-0.340512 -0.486042 2.570545 1.000000
-0.175802 -0.516277 2.370174 1.000000
-0.247638 -0.936179 2.589290 1.000000
-0.004439 -0.932072 2.466864 1.000000
-0.424879 -0.973667 2.567232 0.000000
-0.164179 -1.008265 2.422319 0.000000
-0.178846 0.653066 2.378465 1.000000
-0.240291 0.334268 2.653483 0.961538
-0.037766 0.323927 2.339234 1.000000
-0.252406 0.348788 2.422642 0.000000
-0.025848 0.241687 2.572177 0.634615
-0.277080 -0.004632 2.708089 0.000000
-0.051338 0.035654 2.334692 0.423077
-0.023795 0.007551 2.605421 0.288462
-0.398560 0.099259 2.646889 0.523077
-0.122265 0.055619 2.284166 1.000000
-0.400824 -0.141596 2.467166 1.000000
-0.306353 -0.181730 2.330665 1.000000
-0.421652 -0.174209 2.406791 0.576923
-0.361185 -0.197864 2.373974 1.000000
-0.334170 -0.541748 2.543118 1.000000
-0.074002 -0.540896 2.416374 1.000000
-0.056901 -0.906103 2.587473 1.000000
0.011053 -0.982936 2.511065 0.547356
-0.195720 -1.016861 2.545424 0.000000
-0.132300 -1.032282 2.409472 0.000000
-0.157432 0.644320 2.377983 1.000000
-0.271358 0.360432 2.617712 1.000000
0.006464 0.337138 2.368417 1.000000
-0.221718 0.369365 2.391656 0.000000
-0.045977 0.260585 2.597671 0.000000
-0.316702 0.007818 2.670898 0.000000
-0.003506 0.051266 2.367535 0.673077
-0.045923 0.026512 2.636665 0.000000
-0.394700 0.106339 2.587138 1.000000
-0.002685 0.059714 2.296037 1.000000
-0.364086 -0.128534 2.400990 1.000000
-0.205167 -0.167280 2.295967 1.000000
-0.355826 -0.183858 2.356117 0.000000
-0.274567 -0.174553 2.312497 1.000000
-0.299647 -0.537758 2.528847 1.000000
-0.030081 -0.524657 2.455885 1.000000
0.046072 -0.834079 2.594210 0.762981
0.026072 -0.975592 2.527328 0.600481
-0.065002 -0.972819 2.552739 0.000000
-0.093660 -1.011566 2.394375 0.000000
-0.152891 0.665424 2.386170 1.000000
-0.279903 0.362249 2.614534 1.000000
0.025803 0.349179 2.399478 1.000000
-0.204436 0.374132 2.395881 0.024038
-0.050675 0.269604 2.620808 0.000000
-0.307725 0.021686 2.640120 0.028846
0.044186 0.046253 2.380191 0.653846
-0.034930 0.042232 2.642044 0.000000
-0.383999 0.115909 2.513057 1.000000
0.080674 0.075676 2.326776 1.000000
-0.316039 -0.116583 2.330501 1.000000
-0.121338 -0.144110 2.260998 1.000000
-0.299744 -0.171122 2.286883 0.000000
-0.192808 -0.146472 2.255624 1.000000
-0.285886 -0.528364 2.518109 1.000000
-0.000669 -0.524764 2.487348 1.000000
0.055045 -0.813953 2.635602 1.000000
0.026997 -0.980697 2.541755 0.422356
-0.048351 -0.956768 2.588490 0.000000
-0.078285 -1.004643 2.394621 0.000000
-0.143892 0.665978 2.390928 1.000000
-0.282278 0.361643 2.573741 1.000000
0.070742 0.377916 2.451315 1.000000
-0.150823 0.394490 2.385895 0.062500
-0.058439 0.277399 2.636723 0.000000
-0.291830 0.032345 2.594434 0.000000
0.111249 0.057591 2.424438 0.653846
-0.026404 0.040306 2.660225 0.000000
-0.333397 0.114007 2.437804 1.000000
0.152314 0.108602 2.386742 1.000000
-0.194982 -0.092283 2.261859 1.000000
-0.004181 -0.122856 2.261593 1.000000
-0.141677 -0.103071 2.215117 0.879808
-0.065143 -0.120448 2.223905 1.000000
-0.219215 -0.523861 2.505250 1.000000
0.041627 -0.508505 2.543119 1.000000
-0.262471 -0.929918 2.717020 0.609856
0.016962 -0.961872 2.616938 0.772356
-0.320583 -1.005009 2.561166 0.000000
-0.047452 -0.985895 2.447882 0.000000
-0.125941 0.673475 2.383988 1.000000
-0.268766 0.363751 2.550878 1.000000
0.095714 0.388345 2.470721 1.000000
-0.116911 0.398033 2.379385 0.052885
-0.051832 0.286457 2.641063 0.000000
-0.277437 0.039551 2.566471 0.000000
0.143815 0.077872 2.452073 0.596154
-0.023293 0.051322 2.667045 0.000000
-0.301865 0.107308 2.423959 1.000000
0.177510 0.114072 2.428144 1.000000
-0.143288 -0.098152 2.262929 1.000000
0.043013 -0.118057 2.279234 1.000000
-0.085794 -0.107575 2.221119 0.980769
-0.011797 -0.119391 2.233011 1.000000
-0.210364 -0.509771 2.486898 1.000000
0.060893 -0.491067 2.562395 1.000000
-0.262740 -0.945525 2.624650 0.934856
0.037487 -0.946380 2.623567 0.969231
-0.314294 -0.992630 2.456040 0.000000
-0.005720 -0.967807 2.447555 0.000000
-0.112405 0.682622 2.401818 1.000000
-0.258123 0.362088 2.535160 1.000000
0.112181 0.385346 2.488145 1.000000
-0.091304 0.395370 2.377968 0.072115
-0.050462 0.284442 2.644777 0.000000
-0.260765 0.034897 2.548128 0.000000
0.169297 0.081097 2.477985 0.673077
-0.018865 0.053135 2.674596 0.000000
-0.272500 0.100462 2.411554 1.000000
0.204258 0.112578 2.447242 1.000000
-0.105676 -0.116050 2.271307 1.000000
0.071072 -0.128048 2.307832 1.000000
-0.045276 -0.130527 2.235464 0.812500
0.022682 -0.136211 2.255542 1.000000
-0.205623 -0.507986 2.474282 1.000000
0.066213 -0.493041 2.569544 1.000000
-0.252538 -0.957355 2.560693 0.503606
0.046508 -0.947212 2.639830 0.934856
-0.294273 -0.986692 2.385468 0.000000
0.014942 -0.973364 2.461993 0.000000
-0.096587 0.675432 2.395716 1.000000
-0.243882 0.364969 2.527438 1.000000
0.128581 0.382651 2.498544 1.000000
-0.069101 0.395266 2.378511 0.091346
-0.042999 0.284678 2.647303 0.000000
-0.251734 0.036196 2.535452 0.000000
0.183458 0.075507 2.502723 0.576923
-0.021930 0.056719 2.682460 0.000000
-0.254726 0.101291 2.411590 1.000000
0.222708 0.110831 2.470828 1.000000
-0.102990 -0.142088 2.306028 1.000000
0.098067 -0.146935 2.361613 1.000000
-0.038374 -0.168718 2.289963 1.000000
0.043597 -0.169603 2.320849 0.980769
-0.199876 -0.506040 2.457471 1.000000
0.077254 -0.501003 2.560572 1.000000
-0.259349 -0.951933 2.553607 0.834856
0.058733 -0.949430 2.661422 0.769231
-0.288698 -0.986147 2.376761 0.000000
0.045248 -0.988833 2.483737 0.000000
-0.068522 0.678085 2.394344 1.000000
-0.239498 0.365193 2.522284 1.000000
0.133721 0.384737 2.508063 1.000000
-0.059292 0.399544 2.380893 0.067308
-0.043005 0.282743 2.647824 0.000000
-0.255895 0.031701 2.529207 0.000000
0.178606 0.085050 2.509933 0.336538
-0.031228 0.057103 2.683228 0.000000
-0.264739 0.099884 2.421460 1.000000
0.218553 0.113605 2.479027 1.000000
-0.118952 -0.149147 2.331881 1.000000
0.107187 -0.147807 2.374331 1.000000
-0.056515 -0.181079 2.316899 1.000000
0.043375 -0.173589 2.354185 1.000000
-0.194604 -0.507926 2.461890 1.000000
0.084179 -0.496035 2.552260 1.000000
-0.257102 -0.952561 2.561859 0.906731
0.004381 -0.943821 2.620964 1.000000
-0.279981 -0.989211 2.384547 0.000000
0.002661 -0.971197 2.440537 0.000000
-0.061214 0.679603 2.414998 1.000000
-0.237844 0.367226 2.528126 1.000000
0.135099 0.382962 2.504857 1.000000
-0.060825 0.401287 2.382697 0.086538
-0.039220 0.281248 2.647808 0.000000
-0.258334 0.039970 2.531222 0.000000
0.177923 0.073031 2.506824 0.442308
-0.030760 0.052524 2.682533 0.000000
-0.278695 0.100933 2.447730 1.000000
0.212910 0.114293 2.471771 1.000000
-0.144949 -0.145549 2.346547 1.000000
0.098631 -0.142073 2.369692 1.000000
-0.086923 -0.183034 2.327301 1.000000
0.035997 -0.174532 2.356816 1.000000
-0.193487 -0.509397 2.476353 1.000000
0.076454 -0.501886 2.552197 1.000000
-0.242122 -0.957801 2.566732 1.000000
0.022004 -0.949312 2.644093 0.837981
-0.263753 -0.991349 2.388650 0.000000
0.020216 -0.985818 2.465290 0.000000
-0.052893 0.676900 2.409579 0.956731
-0.237892 0.368113 2.542169 1.000000
0.132154 0.375547 2.488441 1.000000
-0.072659 0.397757 2.382593 0.072115
-0.032058 0.278198 2.645684 0.000000
-0.262600 0.038421 2.540993 0.000000
0.171630 0.069144 2.490901 0.384615
-0.026387 0.049043 2.678592 0.000000
-0.287107 0.105627 2.466290 1.000000
0.191329 0.108792 2.437195 1.000000
-0.174664 -0.140697 2.350742 1.000000
0.072950 -0.146241 2.348608 1.000000
-0.119806 -0.177005 2.322195 1.000000
0.005157 -0.169573 2.350129 1.000000
-0.200289 -0.512640 2.494162 1.000000
0.062071 -0.505011 2.547112 1.000000
-0.248234 -0.964717 2.564364 0.800481
0.055312 -0.953380 2.649679 0.900481
-0.277324 -0.989347 2.385889 0.000000
0.036154 -0.993577 2.472695 0.000000
-0.046321 0.674844 2.422367 1.000000
-0.237885 0.366972 2.554433 1.000000
0.128291 0.375922 2.478864 1.000000
-0.082520 0.397682 2.385425 0.052885
-0.025956 0.277519 2.645274 0.000000
-0.267108 0.049227 2.551281 0.000000
0.163423 0.057652 2.470161 0.423077
-0.021433 0.048863 2.671640 0.000000
-0.295904 0.107397 2.474837 1.000000
0.185032 0.110870 2.417414 1.000000
-0.193194 -0.139986 2.352672 1.000000
0.053519 -0.139473 2.334387 1.000000
-0.142458 -0.175864 2.316878 1.000000
-0.009827 -0.171474 2.344669 1.000000
-0.209345 -0.509756 2.502947 1.000000
0.054519 -0.509668 2.535870 1.000000
-0.237618 -0.965931 2.554956 0.675481
0.047111 -0.950665 2.666512 0.812981
-0.278224 -0.983600 2.377911 0.000000
0.019353 -1.001470 2.493438 0.000000
-0.054530 0.682721 2.443769 0.860577
-0.240352 0.363385 2.563468 1.000000
0.122325 0.371626 2.472508 1.000000
-0.092164 0.395091 2.388310 0.043269
-0.025147 0.272251 2.644393 0.000000
-0.274238 0.043782 2.566403 0.000000
0.149800 0.056833 2.456722 0.288462
-0.021033 0.043581 2.669989 0.000000
-0.306560 0.104986 2.487422 1.000000
0.164305 0.105419 2.405848 1.000000
-0.211455 -0.142315 2.359724 1.000000
0.023246 -0.140629 2.326947 1.000000
-0.163933 -0.176374 2.318202 1.000000
-0.042300 -0.169615 2.329397 1.000000
-0.214262 -0.514292 2.508051 1.000000
0.045669 -0.510803 2.536466 1.000000
-0.261372 -0.968737 2.561527 0.684856
0.038623 -0.952874 2.663445 0.875481
-0.311520 -0.984108 2.386727 0.000000
-0.000836 -1.001485 2.492020 0.000000
-0.052171 0.680853 2.426529 1.000000
-0.243519 0.367168 2.581483 1.000000
0.111293 0.366896 2.463229 1.000000
-0.108399 0.394874 2.395418 0.052885
-0.024863 0.271510 2.646343 0.000000
-0.285097 0.045983 2.577696 0.000000
0.134253 0.051501 2.450720 0.394231
-0.027904 0.041095 2.670809 0.000000
-0.319964 0.111266 2.507907 1.000000
0.140031 0.100822 2.390971 1.000000
-0.238478 -0.134509 2.369171 1.000000
-0.003141 -0.148108 2.328209 1.000000
-0.192457 -0.170972 2.328001 1.000000
-0.071937 -0.167751 2.333078 1.000000
-0.219501 -0.515934 2.519848 1.000000
0.039456 -0.513799 2.529439 1.000000
-0.268820 -0.968862 2.583284 0.656731
0.054481 -0.954985 2.658781 0.828606
-0.324433 -0.987018 2.410414 0.000000
0.008192 -1.006098 2.489811 0.000000
-0.065119 0.680738 2.436195 1.000000
-0.247240 0.370773 2.594830 1.000000
0.102161 0.364296 2.461589 1.000000
-0.119457 0.398593 2.403667 0.067308
-0.028412 0.268902 2.648721 0.000000
-0.289449 0.050704 2.585846 0.000000
0.126217 0.051897 2.447177 0.528846
-0.029815 0.042947 2.671713 0.000000
-0.324975 0.114966 2.520889 1.000000
0.133038 0.098658 2.387357 1.000000
-0.255040 -0.134674 2.381924 1.000000
-0.023842 -0.142298 2.324580 1.000000
-0.208037 -0.173494 2.344159 0.677885
-0.089782 -0.169854 2.318661 1.000000
-0.213599 -0.514073 2.539274 1.000000
0.035777 -0.511717 2.528506 1.000000
-0.261472 -0.967880 2.597299 0.756731
0.041096 -0.953221 2.657528 0.872356
-0.320366 -0.983662 2.425286 0.000000
-0.008790 -1.003016 2.489189 0.000000
-0.061737 0.678962 2.436541 0.961538
-0.251626 0.369188 2.599260 1.000000
0.096917 0.368792 2.463636 1.000000
-0.125496 0.401076 2.407636 0.144231
-0.031195 0.269358 2.650366 0.000000
-0.290677 0.044500 2.602872 0.000000
0.114173 0.057290 2.435715 0.750000
-0.025582 0.042221 2.670415 0.000000
-0.327878 0.113111 2.525119 1.000000
0.127349 0.104634 2.384608 1.000000
-0.265647 -0.140027 2.389098 1.000000
-0.029647 -0.137088 2.325875 1.000000
-0.216547 -0.172249 2.347947 0.745192
-0.093740 -0.168802 2.320503 1.000000
-0.215176 -0.516800 2.541919 1.000000
0.033216 -0.508882 2.529620 1.000000
-0.262425 -0.969406 2.609114 0.603606
0.044591 -0.948960 2.663042 0.678606
-0.332883 -0.986910 2.441676 0.000000
-0.016070 -1.000334 2.498764 0.000000
-0.076724 0.677768 2.449028 0.899038
-0.256167 0.368690 2.602612 1.000000
0.089871 0.369737 2.460722 1.000000
-0.133848 0.398734 2.408238 0.052885
-0.033782 0.272058 2.651344 0.000000
-0.292824 0.040048 2.606956 0.000000
0.111805 0.064328 2.440541 0.557692
-0.027796 0.042153 2.674768 0.000000
-0.330202 0.112667 2.527272 1.000000
0.121960 0.104546 2.387263 1.000000
-0.266249 -0.138103 2.388440 1.000000
-0.026774 -0.142366 2.330557 1.000000
-0.219336 -0.173478 2.347327 0.711538
-0.092611 -0.170627 2.333597 1.000000
-0.219303 -0.516997 2.544662 1.000000
0.027063 -0.505737 2.532547 1.000000
-0.263255 -0.971816 2.597657 0.741106
0.048916 -0.946453 2.662515 0.816106
-0.334333 -0.984477 2.430044 0.000000
-0.013000 -0.997830 2.498708 0.000000
-0.090606 0.677537 2.452740 0.980769
-0.256599 0.367838 2.606740 1.000000
0.088125 0.369149 2.461690 1.000000
-0.136064 0.398250 2.411313 0.091346
-0.033781 0.271109 2.653250 0.000000
-0.292782 0.033597 2.612960 0.000000
0.107142 0.066187 2.436873 0.711538
-0.026342 0.042036 2.674447 0.000000
-0.328930 0.112643 2.527183 1.000000
0.125822 0.104209 2.390209 1.000000
-0.271786 -0.139739 2.388383 1.000000
-0.023140 -0.142239 2.332378 1.000000
-0.221321 -0.170656 2.347888 0.711538
-0.087722 -0.172301 2.340623 0.947115
-0.223591 -0.520287 2.538816 1.000000
0.029025 -0.506003 2.534009 1.000000
-0.256944 -0.974816 2.601195 0.662981
0.055380 -0.946986 2.662226 0.741106
-0.333412 -0.991826 2.436364 0.000000
-0.011136 -0.998087 2.500144 0.000000
-0.086448 0.679078 2.450310 0.927885
-0.265099 0.364484 2.599580 1.000000
0.085867 0.367131 2.470384 1.000000
-0.136063 0.392999 2.409365 0.110577
-0.043686 0.270923 2.657808 0.000000
-0.299032 0.031427 2.610093 0.000000
0.108618 0.068410 2.453690 0.509615
-0.035922 0.041318 2.684377 0.000000
-0.332219 0.107358 2.523208 1.000000
0.117035 0.098827 2.411046 1.000000
-0.264629 -0.144759 2.389667 1.000000
-0.030298 -0.142366 2.332847 1.000000
-0.215937 -0.174039 2.345916 0.644231
-0.093637 -0.175149 2.325375 1.000000
-0.222633 -0.521372 2.542673 1.000000
0.034251 -0.505876 2.531929 1.000000
-0.266015 -0.975082 2.604842 0.606731
0.044007 -0.946796 2.662676 0.756731
-0.333657 -0.991728 2.436160 0.000000
-0.010682 -0.997407 2.496081 0.000000
-0.088315 0.679199 2.458352 1.000000
-0.263654 0.364950 2.601361 1.000000
0.087289 0.364796 2.472073 1.000000
-0.134501 0.391616 2.410956 0.091346
-0.042779 0.270426 2.660074 0.000000
-0.299406 0.033737 2.611275 0.000000
0.108055 0.065611 2.453263 0.548077
-0.035966 0.041653 2.684621 0.000000
-0.334001 0.108607 2.526581 1.000000
0.119399 0.096640 2.414291 1.000000
-0.264712 -0.140675 2.389474 1.000000
-0.030916 -0.141836 2.334893 1.000000
-0.215899 -0.174387 2.349183 0.509615
-0.094744 -0.174083 2.329552 1.000000
-0.217304 -0.521567 2.547685 1.000000
0.030304 -0.507155 2.535980 1.000000
-0.271897 -0.975296 2.600122 0.619231
0.037194 -0.950170 2.659634 0.841106
-0.338747 -0.986833 2.430699 0.000000
-0.019552 -0.997620 2.492796 0.000000
-0.093699 0.677751 2.458977 1.000000
-0.268890 0.364074 2.600836 1.000000
0.084115 0.366817 2.477323 1.000000
-0.136851 0.391897 2.412589 0.110577
-0.048256 0.271286 2.663117 0.000000
-0.301218 0.026788 2.609554 0.000000
0.108677 0.064420 2.459291 0.557692
-0.039198 0.035932 2.687686 0.000000
-0.336116 0.107529 2.525930 1.000000
0.129535 0.102293 2.414650 1.000000
-0.258434 -0.138597 2.388879 1.000000
-0.015677 -0.140159 2.340180 1.000000
-0.211793 -0.172908 2.346573 1.000000
-0.079459 -0.170884 2.351600 1.000000
-0.222345 -0.525888 2.541730 1.000000
0.033979 -0.509386 2.540367 1.000000
-0.254732 -0.979863 2.608496 0.581731
0.040081 -0.952606 2.663324 0.875481
-0.320345 -1.000051 2.439400 0.000000
-0.013315 -0.999940 2.495352 0.000000
-0.100541 0.678568 2.456650 0.932692
