-0.446302 0.299058 2.665236 1.000000
-0.072554 0.329291 2.670074 1.000000
-0.262936 0.368754 2.597570 0.000000
-0.248909 0.171550 2.746320 0.000000
-0.444642 -0.051311 2.644164 0.413462
-0.059603 -0.046607 2.648418 0.538462
-0.253369 -0.055030 2.765750 0.000000
-0.497580 0.020887 2.680537 1.000000
-0.017659 0.053242 2.702105 1.000000
-0.477168 -0.272120 2.625014 1.000000
-0.021360 -0.237211 2.631564 1.000000
-0.457813 -0.340466 2.613726 0.543269
-0.024334 -0.307040 2.648544 0.391827
-0.345544 -0.604493 2.686576 1.000000
-0.106369 -0.595162 2.706875 1.000000
-0.372322 -1.030316 2.740040 1.000000
-0.078911 -1.020633 2.762734 1.000000
-0.370365 -1.052408 2.565064 0.076923
-0.075122 -1.043346 2.587869 0.019231
-0.279578 0.585614 2.585917 0.894231
-0.438531 0.300042 2.663753 1.000000
-0.064683 0.328011 2.672705 1.000000
-0.254031 0.368820 2.598265 0.000000
-0.242792 0.171126 2.746600 0.000000
-0.441608 -0.052493 2.636401 0.423077
-0.057017 -0.050166 2.655876 0.461538
-0.255326 -0.056402 2.765499 0.000000
-0.494071 0.022451 2.676881 1.000000
-0.015938 0.050736 2.705202 1.000000
-0.474234 -0.271484 2.625488 1.000000
-0.020414 -0.240105 2.635750 1.000000
-0.466788 -0.336410 2.595448 0.475962
-0.024303 -0.311898 2.637769 0.375000
-0.341079 -0.606193 2.687898 1.000000
-0.102995 -0.597883 2.709653 1.000000
-0.365829 -1.032857 2.735284 1.000000
-0.093702 -1.025046 2.758088 1.000000
-0.356874 -1.052814 2.560271 0.096154
-0.081279 -1.044601 2.583241 0.000000
-0.271513 0.586687 2.578442 0.870192
-0.433988 0.297773 2.662119 1.000000
-0.060488 0.329918 2.671560 1.000000
-0.250198 0.368758 2.596990 0.000000
-0.236907 0.170885 2.744916 0.000000
-0.445500 -0.048133 2.648208 0.394231
-0.060568 -0.037246 2.646272 0.413462
-0.252239 -0.049560 2.766659 0.000000
-0.498109 0.021107 2.676553 1.000000
-0.016591 0.051148 2.706549 1.000000
-0.474636 -0.274783 2.632483 1.000000
-0.019723 -0.241282 2.639324 1.000000
-0.458427 -0.340762 2.608875 0.475962
-0.024414 -0.311170 2.622989 0.391827
-0.340451 -0.599275 2.690548 1.000000
-0.100373 -0.586880 2.705302 1.000000
-0.357596 -1.025256 2.746640 1.000000
-0.095001 -1.012238 2.768087 1.000000
-0.358183 -1.048259 2.571772 0.134615
-0.090114 -1.037922 2.593661 0.000000
-0.269143 0.586074 2.573741 0.870192
-0.435354 0.302670 2.660263 1.000000
-0.061340 0.328353 2.669144 1.000000
-0.250333 0.368990 2.593716 0.000000
-0.240558 0.174059 2.745765 0.000000
-0.438682 -0.054120 2.646484 0.461538
-0.053650 -0.049478 2.651381 0.432692
-0.247626 -0.056751 2.768440 0.000000
-0.494338 0.024869 2.678350 1.000000
-0.011851 0.050606 2.706382 1.000000
-0.470951 -0.271335 2.634886 1.000000
-0.015568 -0.242626 2.641773 1.000000
-0.468322 -0.337817 2.607564 0.408654
-0.030959 -0.305852 2.611131 0.492788
-0.343056 -0.607256 2.688939 1.000000
-0.098442 -0.597527 2.711790 1.000000
-0.364106 -1.033976 2.737596 1.000000
-0.091989 -1.025201 2.755991 1.000000
-0.361928 -1.054062 2.562382 0.076923
-0.086111 -1.043235 2.580639 0.000000
-0.266316 0.582978 2.567721 0.875000
-0.432713 0.302691 2.657498 1.000000
-0.058467 0.325618 2.663742 1.000000
-0.247556 0.365923 2.588375 0.000000
-0.238451 0.174638 2.745026 0.000000
-0.433815 -0.044557 2.651232 0.317308
-0.048781 -0.048376 2.656641 0.471154
-0.243027 -0.051590 2.773434 0.000000
-0.489120 0.025907 2.688619 1.000000
-0.000901 0.049556 2.698898 1.000000
-0.471176 -0.269615 2.640931 1.000000
-0.015268 -0.243699 2.637872 1.000000
-0.455937 -0.336464 2.619198 0.593750
-0.027450 -0.307535 2.607051 0.459135
-0.335980 -0.600867 2.690204 1.000000
-0.099443 -0.595209 2.710296 1.000000
-0.372637 -1.022724 2.764991 1.000000
-0.090207 -1.022648 2.756236 1.000000
-0.370389 -1.053699 2.591371 0.000000
-0.084892 -1.041374 2.580939 0.000000
-0.262934 0.575897 2.543847 1.000000
-0.433856 0.300256 2.650819 1.000000
-0.059710 0.325231 2.646880 1.000000
-0.250748 0.360309 2.573850 0.000000
-0.236840 0.178288 2.740845 0.000000
-0.433635 -0.054272 2.666527 0.298077
-0.048589 -0.048550 2.667822 0.490385
-0.241470 -0.054363 2.786757 0.000000
-0.492630 0.024364 2.688133 1.000000
-0.002052 0.047627 2.670858 1.000000
-0.459923 -0.267724 2.626728 1.000000
-0.022663 -0.247609 2.620203 1.000000
-0.456798 -0.339163 2.618979 0.560096
-0.040160 -0.307466 2.584365 1.000000
-0.343386 -0.607882 2.693076 1.000000
-0.095392 -0.599505 2.713245 1.000000
-0.371757 -1.035674 2.726082 1.000000
-0.089193 -1.027595 2.753252 1.000000
-0.371352 -1.049268 2.550232 0.000000
-0.084472 -1.043933 2.577699 0.000000
-0.261145 0.555744 2.505068 1.000000
-0.437463 0.294860 2.640083 1.000000
-0.063663 0.313394 2.616529 1.000000
-0.257475 0.341233 2.547816 0.000000
-0.237708 0.183124 2.737088 0.000000
-0.429641 -0.053318 2.689250 0.490385
-0.045110 -0.055377 2.668593 0.740385
-0.230969 -0.056138 2.798356 0.000000
-0.488399 0.019147 2.697221 1.000000
0.001076 0.036699 2.650079 1.000000
-0.448329 -0.272713 2.631001 1.000000
-0.032147 -0.256433 2.585713 1.000000
-0.445329 -0.343023 2.616139 0.846154
-0.050511 -0.320874 2.559571 1.000000
-0.351217 -0.609076 2.694141 1.000000
-0.093384 -0.603627 2.723670 1.000000
-0.372765 -1.037289 2.726844 1.000000
-0.081258 -1.032522 2.751998 1.000000
-0.383758 -1.050143 2.551282 0.019231
-0.088607 -1.044343 2.576173 0.000000
-0.260239 0.539523 2.466639 1.000000
-0.442969 0.284652 2.622568 1.000000
-0.069503 0.288327 2.588880 1.000000
-0.264101 0.313895 2.521520 0.000000
-0.244151 0.179032 2.727982 0.000000
-0.434910 -0.066384 2.700741 0.307692
-0.050365 -0.056041 2.683052 0.519231
-0.237313 -0.055048 2.811238 0.000000
-0.489415 0.008910 2.699620 1.000000
-0.002783 0.007609 2.618431 1.000000
-0.448441 -0.289238 2.643875 1.000000
-0.038058 -0.289255 2.552806 1.000000
-0.439509 -0.353913 2.613698 0.980769
-0.057976 -0.354261 2.529337 1.000000
-0.362301 -0.616502 2.697433 1.000000
-0.086047 -0.606982 2.734892 1.000000
-0.374059 -1.045247 2.728085 1.000000
-0.086778 -1.036712 2.750115 1.000000
-0.386281 -1.057461 2.552558 0.000000
-0.089606 -1.042951 2.573873 0.000000
-0.264568 0.498814 2.408877 1.000000
-0.442269 0.241400 2.596609 1.000000
-0.075494 0.216611 2.522534 1.000000
-0.275876 0.237161 2.472693 0.000000
-0.235531 0.151302 2.701195 0.000000
-0.427839 -0.081637 2.759737 0.298077
-0.051623 -0.093758 2.678437 0.461538
-0.214198 -0.069701 2.834556 0.000000
-0.486203 -0.026421 2.713817 1.000000
-0.016039 -0.069622 2.566489 1.000000
-0.443875 -0.326323 2.639079 1.000000
-0.069093 -0.370393 2.502926 1.000000
-0.435932 -0.395313 2.620357 0.459135
-0.087202 -0.437458 2.484281 1.000000
-0.371629 -0.629998 2.693324 1.000000
-0.082035 -0.635740 2.747875 1.000000
-0.368563 -1.058658 2.727113 1.000000
-0.082269 -1.065740 2.747191 1.000000
-0.413901 -1.072374 2.557218 0.000000
-0.115992 -1.065446 2.574070 0.000000
-0.259111 0.418541 2.313085 1.000000
-0.437215 0.193448 2.588547 1.000000
-0.079420 0.142957 2.488254 1.000000
-0.282706 0.165078 2.452969 0.000000
-0.224891 0.109744 2.687080 0.000000
-0.425794 -0.109759 2.790343 0.057692
-0.060250 -0.137856 2.672515 0.375000
-0.205502 -0.088794 2.839480 0.000000
-0.488354 -0.063357 2.731818 1.000000
-0.032555 -0.149840 2.522374 1.000000
-0.429746 -0.359427 2.641746 1.000000
-0.086207 -0.456778 2.476379 1.000000
-0.407748 -0.425679 2.624425 0.492788
-0.103930 -0.520766 2.448725 1.000000
-0.380517 -0.638777 2.661989 1.000000
-0.058927 -0.662943 2.720794 0.696154
-0.348390 -1.056185 2.760166 1.000000
-0.094495 -1.091142 2.737546 1.000000
-0.408704 -1.098517 2.599921 0.000000
-0.123152 -1.095568 2.563571 0.000000
-0.238500 0.322353 2.266807 1.000000
-0.438591 0.118456 2.579609 1.000000
-0.088817 0.053422 2.461061 1.000000
-0.294234 0.071708 2.438063 0.000000
-0.219265 0.047412 2.672588 0.000000
-0.419512 -0.161093 2.806562 0.000000
-0.067097 -0.197310 2.655607 0.230769
-0.196161 -0.129781 2.829288 0.000000
-0.480499 -0.124363 2.752113 1.000000
-0.050541 -0.242382 2.499915 1.000000
-0.407716 -0.411498 2.638082 1.000000
-0.100449 -0.552415 2.453701 1.000000
-0.365130 -0.466715 2.620454 0.509615
-0.115719 -0.618769 2.430520 1.000000
-0.382352 -0.672133 2.652793 1.000000
-0.038301 -0.705078 2.696707 0.707692
-0.360559 -1.090543 2.749529 0.934856
-0.104126 -1.121512 2.781260 0.684856
-0.426432 -1.130647 2.590908 0.000000
-0.099428 -1.157308 2.608620 0.000000
-0.224060 0.206679 2.235100 1.000000
-0.458958 -0.004436 2.595844 1.000000
-0.116511 -0.076437 2.461045 1.000000
-0.322702 -0.056842 2.448374 0.000000
-0.235596 -0.074790 2.679248 0.000000
-0.406916 -0.257652 2.798164 0.000000
-0.058298 -0.319742 2.646819 0.105769
-0.182416 -0.230824 2.814362 0.000000
-0.471699 -0.251443 2.771666 1.000000
-0.073888 -0.376762 2.469776 1.000000
-0.390239 -0.500056 2.587008 1.000000
-0.118119 -0.691086 2.427506 1.000000
-0.362065 -0.555236 2.550474 0.072115
-0.134310 -0.758727 2.409177 1.000000
-0.396762 -0.714222 2.569459 1.000000
0.023117 -0.765619 2.606745 1.000000
-0.340879 -1.109618 2.728955 1.000000
-0.139544 -1.141990 2.736307 0.994231
-0.401655 -1.178874 2.578562 0.000000
-0.035013 -1.226481 2.622102 0.000000
-0.222215 -0.004223 2.234262 1.000000
-0.474032 -0.075616 2.614649 1.000000
-0.137672 -0.150328 2.466646 1.000000
-0.344009 -0.128835 2.461936 0.009615
-0.248291 -0.148220 2.689257 0.000000
-0.375952 -0.302460 2.791293 0.000000
-0.026963 -0.397572 2.659175 0.471154
-0.151326 -0.299952 2.821615 0.000000
-0.443536 -0.338197 2.759450 1.000000
-0.082006 -0.446246 2.453236 1.000000
-0.383440 -0.554213 2.533872 1.000000
-0.124196 -0.760233 2.425082 1.000000
-0.369772 -0.605720 2.485565 0.000000
-0.141224 -0.827779 2.407169 1.000000
-0.415393 -0.718409 2.522459 1.000000
0.034533 -0.793861 2.534170 0.692308
-0.341462 -1.087622 2.730103 1.000000
-0.184622 -1.113091 2.721155 0.725481
-0.405923 -1.177716 2.592859 0.000000
-0.103501 -1.229892 2.616823 0.000000
-0.243519 -0.103947 2.246512 1.000000
-0.442640 -0.111759 2.599756 1.000000
-0.114768 -0.237746 2.468410 1.000000
-0.315467 -0.187016 2.454075 0.028846
-0.233025 -0.214022 2.685779 0.000000
-0.370789 -0.324066 2.765948 0.000000
-0.023107 -0.448542 2.656779 0.317308
-0.149500 -0.341822 2.811757 0.000000
-0.469886 -0.356299 2.773953 0.800000
-0.090592 -0.537750 2.451091 1.000000
-0.392964 -0.559865 2.541898 1.000000
-0.132878 -0.851208 2.417004 1.000000
-0.375933 -0.614748 2.498641 0.000000
-0.147874 -0.919590 2.400501 1.000000
-0.422611 -0.735197 2.488642 1.000000
0.062881 -0.814473 2.526323 0.561539
-0.339353 -1.078673 2.733576 1.000000
-0.186030 -1.109273 2.716155 0.416106
-0.397756 -1.184452 2.605092 0.000000
-0.103962 -1.236672 2.625920 0.000000
-0.243015 -0.178022 2.236346 1.000000
-0.463516 -0.134483 2.642736 1.000000
-0.164144 -0.309559 2.500083 1.000000
-0.365385 -0.259861 2.509657 0.028846
-0.237294 -0.208060 2.714893 0.000000
-0.343883 -0.363498 2.688245 0.000000
-0.025805 -0.558383 2.592637 0.134615
-0.138818 -0.438895 2.748627 0.000000
-0.460767 -0.420831 2.727889 1.000000
-0.136307 -0.594081 2.413328 1.000000
-0.393789 -0.622214 2.494767 1.000000
-0.213320 -0.898777 2.388504 1.000000
-0.379212 -0.669927 2.442957 0.000000
-0.192840 -0.967152 2.397379 0.829327
-0.395932 -0.864734 2.459335 1.000000
-0.042093 -0.865517 2.357291 1.000000
-0.285842 -1.114689 2.791454 0.150481
-0.036422 -1.130776 2.695678 0.722356
-0.324634 -1.258095 2.696384 0.000000
0.019058 -1.262087 2.591815 0.000000
-0.256079 -0.237406 2.266130 1.000000
-0.477217 -0.186823 2.620618 1.000000
-0.139944 -0.265516 2.476813 1.000000
-0.345488 -0.238202 2.468739 0.216346
-0.255118 -0.268186 2.697096 0.000000
-0.401707 -0.444362 2.727844 0.000000
-0.058290 -0.609255 2.671543 0.000000
-0.208357 -0.521870 2.817235 0.000000
-0.426291 -0.481606 2.614766 1.000000
-0.140420 -0.560555 2.427055 1.000000
-0.405733 -0.778754 2.510032 1.000000
-0.200504 -0.869492 2.452285 1.000000
-0.401355 -0.845644 2.483958 0.000000
-0.205884 -0.940391 2.463137 0.000000
-0.321596 -1.032359 2.657844 1.000000
-0.021292 -0.841756 2.365720 1.000000
-0.251637 -1.266621 3.011577 0.000000
-0.033256 -1.095140 2.712928 0.687981
-0.245324 -1.413001 2.913387 0.000000
0.052588 -1.220991 2.624043 0.000000
-0.246551 -0.220603 2.255917 1.000000
-0.456455 -0.186322 2.619383 1.000000
-0.122398 -0.254604 2.463279 1.000000
-0.325386 -0.211619 2.460511 0.100962
-0.242072 -0.298340 2.676730 0.000000
-0.533891 -0.484148 2.798188 0.105769
-0.190206 -0.566471 2.645222 1.000000
-0.311245 -0.513175 2.829319 0.000000
-0.447125 -0.478326 2.545383 1.000000
-0.094575 -0.553476 2.436256 1.000000
-0.389209 -0.791003 2.540853 1.000000
-0.149525 -0.862927 2.387655 1.000000
-0.368994 -0.848744 2.578676 0.947115
-0.159011 -0.933472 2.377323 1.000000
-0.364715 -1.049910 2.716444 0.896154
-0.033615 -0.839832 2.445727 1.000000
-0.375875 -1.472498 2.795154 0.000000
-0.100232 -1.255772 2.532077 0.000000
-0.333852 -1.504935 2.626957 0.000000
0.020206 -1.300173 2.411116 0.000000
-0.230383 -0.189610 2.254481 1.000000
-0.434524 -0.109137 2.565094 1.000000
-0.092025 -0.197933 2.440858 1.000000
-0.296933 -0.170803 2.422527 0.000000
-0.216134 -0.185665 2.655900 0.000000
-0.518667 -0.391820 2.801089 0.000000
-0.184588 -0.422138 2.611967 0.951923
-0.292170 -0.394818 2.809609 0.000000
-0.491616 -0.405903 2.574993 1.000000
-0.051493 -0.497234 2.455145 1.000000
-0.371714 -0.689614 2.491693 1.000000
-0.083696 -0.811068 2.407414 1.000000
-0.345127 -0.716597 2.552835 0.307692
-0.089631 -0.872352 2.370232 1.000000
-0.355909 -0.841903 2.478594 1.000000
-0.095173 -0.920219 2.645649 0.534615
-0.374534 -1.256631 2.590638 0.000000
-0.091556 -1.349807 2.664119 0.000000
-0.347370 -1.303219 2.422710 0.000000
-0.138583 -1.357504 2.494303 0.000000
-0.181936 -0.087918 2.216302 1.000000
-0.414967 -0.028403 2.539842 1.000000
-0.069561 -0.120212 2.426301 1.000000
-0.273883 -0.093204 2.402162 0.000000
-0.199113 -0.103304 2.637789 0.000000
-0.472182 -0.305728 2.820773 0.009615
-0.148805 -0.307931 2.611685 0.894231
-0.245611 -0.300243 2.816507 0.000000
-0.519276 -0.279347 2.672246 1.000000
-0.021018 -0.410733 2.494310 1.000000
-0.389688 -0.536283 2.534588 1.000000
-0.028092 -0.715451 2.400205 1.000000
-0.360478 -0.595480 2.506024 0.206731
-0.023219 -0.776565 2.362592 1.000000
-0.372947 -0.755300 2.483940 1.000000
-0.108068 -0.840555 2.726115 0.630769
-0.357229 -1.086489 2.757741 1.000000
-0.107988 -1.270131 2.707027 0.000000
-0.361470 -1.198957 2.621943 0.000000
-0.201947 -1.263523 2.557909 0.000000
-0.172206 0.054758 2.251776 1.000000
-0.419300 0.048520 2.524932 1.000000
-0.056667 -0.029149 2.469341 1.000000
-0.253691 -0.001541 2.410358 0.000000
-0.223288 -0.033806 2.653766 0.000000
-0.469221 -0.267224 2.783027 0.000000
-0.110094 -0.254350 2.644616 0.750000
-0.248539 -0.234266 2.822976 0.000000
-0.511877 -0.189276 2.689939 1.000000
0.022317 -0.316464 2.528977 1.000000
-0.427619 -0.459526 2.539292 1.000000
0.068939 -0.609743 2.407970 1.000000
-0.415072 -0.529931 2.531604 0.728365
0.087448 -0.664835 2.365594 0.879808
-0.398651 -0.723234 2.511277 1.000000
-0.034364 -0.759262 2.606472 1.000000
-0.348970 -1.085511 2.737525 1.000000
-0.088119 -1.169460 2.723725 0.684856
-0.381420 -1.180522 2.592514 0.000000
-0.028511 -1.222257 2.566348 0.000000
-0.162454 0.177848 2.292404 1.000000
-0.416712 0.154293 2.504896 1.000000
-0.046268 0.103057 2.532659 1.000000
-0.224312 0.132603 2.430255 0.000000
-0.252145 0.058356 2.664616 0.000000
-0.461602 -0.204991 2.680395 0.451923
-0.076740 -0.196173 2.670441 0.951923
-0.266982 -0.166661 2.790106 0.000000
-0.517547 -0.103980 2.599555 1.000000
0.086595 -0.140702 2.626264 1.000000
-0.439760 -0.391722 2.517506 1.000000
0.247881 -0.357829 2.476530 1.000000
-0.425879 -0.459404 2.497514 0.879808
0.296503 -0.409669 2.465488 0.223558
-0.391892 -0.707809 2.537270 1.000000
-0.060040 -0.722272 2.647418 1.000000
-0.367375 -1.085756 2.740875 0.669231
-0.098127 -1.144440 2.719692 0.884856
-0.396880 -1.169706 2.588593 0.000000
-0.049397 -1.177305 2.553398 0.000000
-0.166699 0.338261 2.341829 1.000000
-0.415937 0.215952 2.487826 1.000000
-0.053529 0.193210 2.581465 1.000000
-0.211890 0.224034 2.450962 0.000000
-0.273432 0.109084 2.661227 0.000000
-0.464556 -0.143162 2.615118 0.855769
-0.088282 -0.125882 2.695205 1.000000
-0.301867 -0.108381 2.769082 0.000000
-0.506828 -0.054068 2.542637 1.000000
0.095961 -0.029225 2.692604 1.000000
-0.413802 -0.344998 2.521677 1.000000
0.346423 -0.149128 2.563664 1.000000
-0.417103 -0.410712 2.492625 1.000000
0.404807 -0.174936 2.530519 0.795673
-0.381859 -0.670402 2.549898 1.000000
-0.073387 -0.660032 2.660687 1.000000
-0.376545 -1.061730 2.728040 0.834856
-0.083183 -1.083116 2.736873 0.456731
-0.376965 -1.134809 2.567518 0.000000
-0.013782 -1.113407 2.577580 0.000000
-0.185512 0.433192 2.393142 1.000000
-0.410152 0.247133 2.470731 1.000000
-0.068119 0.229525 2.623467 1.000000
-0.203674 0.267780 2.471083 0.000000
-0.292867 0.127991 2.654703 0.000000
-0.448166 -0.105886 2.559539 1.000000
-0.091064 -0.109268 2.703628 0.634615
-0.313435 -0.085611 2.740699 0.000000
-0.498523 -0.025145 2.516032 1.000000
0.119577 0.059359 2.764219 1.000000
-0.427700 -0.320269 2.478357 1.000000
0.397796 0.062555 2.637264 1.000000
-0.410424 -0.390047 2.480815 1.000000
0.469223 0.069947 2.633148 0.375000
-0.378713 -0.655650 2.573943 1.000000
-0.084002 -0.641498 2.670467 1.000000
-0.374433 -1.061370 2.716326 1.000000
-0.080876 -1.068594 2.720262 1.000000
-0.336493 -1.118051 2.553673 0.009615
0.006845 -1.085681 2.568206 0.000000
-0.197160 0.494661 2.432051 1.000000
-0.411259 0.284120 2.462329 1.000000
-0.094433 0.271518 2.662548 1.000000
-0.209060 0.316797 2.495605 0.000000
-0.313284 0.154254 2.650298 0.000000
-0.418942 -0.077395 2.501049 1.000000
-0.086608 -0.095375 2.694767 0.807692
-0.311882 -0.070908 2.700745 0.000000
-0.493242 0.008099 2.449838 1.000000
0.106727 0.174452 2.844695 1.000000
-0.414191 -0.285508 2.443415 1.000000
0.345537 0.337214 2.749966 1.000000
-0.399791 -0.354631 2.457126 1.000000
0.378104 0.401323 2.751641 0.762019
-0.356858 -0.636980 2.589183 1.000000
-0.095076 -0.628736 2.686672 1.000000
-0.366383 -1.048601 2.713192 1.000000
-0.131313 -1.054710 2.732859 0.503606
-0.288501 -1.095899 2.562177 0.000000
-0.020774 -1.078785 2.597546 0.000000
-0.219697 0.550680 2.479285 1.000000
-0.407343 0.295638 2.460487 1.000000
-0.108789 0.290797 2.687350 0.971154
-0.211952 0.340279 2.514236 0.000000
-0.315817 0.159220 2.647061 0.000000
-0.395334 -0.057570 2.476658 1.000000
-0.088786 -0.072195 2.709272 0.884615
-0.314209 -0.060936 2.688294 0.000000
-0.487826 0.021436 2.434789 1.000000
0.085635 0.233423 2.890407 1.000000
-0.403281 -0.269177 2.426624 1.000000
0.260476 0.467236 2.810203 1.000000
-0.378899 -0.335869 2.438073 1.000000
0.284117 0.534825 2.803407 0.593750
-0.344084 -0.616152 2.586441 1.000000
-0.111392 -0.613946 2.687513 1.000000
-0.370230 -1.024964 2.717168 0.791106
-0.104193 -1.040280 2.743086 0.941106
-0.273050 -1.075397 2.578890 0.000000
0.008978 -1.055885 2.608710 0.000000
-0.237080 0.571851 2.521725 0.730769
-0.405304 0.305192 2.464586 1.000000
-0.123800 0.293907 2.711967 1.000000
-0.217592 0.355351 2.537441 0.000000
-0.318162 0.155335 2.642759 0.000000
-0.365318 -0.043594 2.467843 1.000000
-0.075418 -0.081393 2.718490 1.000000
-0.298499 -0.061159 2.683735 0.000000
-0.476040 0.030589 2.427634 1.000000
0.078045 0.283013 2.914243 1.000000
-0.395956 -0.260259 2.420256 1.000000
0.162792 0.561060 2.833199 1.000000
-0.362824 -0.323703 2.427361 1.000000
0.150886 0.631413 2.842261 0.728365
-0.335207 -0.606277 2.592827 1.000000
-0.113414 -0.617782 2.690159 1.000000
-0.371595 -1.018664 2.709074 1.000000
-0.086382 -1.045494 2.725256 1.000000
-0.256606 -1.064251 2.583347 0.000000
0.031163 -1.048852 2.593802 0.000000
-0.252610 0.575394 2.539812 0.716346
-0.419158 0.317057 2.471618 1.000000
-0.137916 0.299418 2.716657 1.000000
-0.233170 0.368922 2.547630 0.000000
-0.326261 0.158842 2.639352 0.000000
-0.374522 -0.044153 2.468657 1.000000
-0.069292 -0.060890 2.702857 0.913462
-0.294760 -0.053649 2.680625 0.000000
-0.478710 0.042781 2.428198 1.000000
0.067132 0.305454 2.913069 1.000000
-0.381315 -0.240540 2.420455 1.000000
0.035971 0.599213 2.862555 1.000000
-0.355636 -0.307004 2.430276 1.000000
-0.007621 0.656414 2.863573 0.795673
-0.340049 -0.599455 2.597105 1.000000
-0.113662 -0.605867 2.680984 1.000000
-0.378539 -1.014435 2.702985 1.000000
-0.089651 -1.031630 2.736209 1.000000
-0.277078 -1.058866 2.565727 0.000000
0.019437 -1.043390 2.598116 0.000000
-0.261734 0.583080 2.548295 0.740385
-0.440129 0.316123 2.478817 1.000000
-0.138247 0.295753 2.695429 1.000000
-0.248191 0.367908 2.538295 0.000000
-0.331033 0.155214 2.633746 0.000000
-0.385516 -0.048312 2.465714 1.000000
-0.074249 -0.044893 2.692423 1.000000
-0.300288 -0.048280 2.675759 0.000000
-0.490055 0.038946 2.443058 1.000000
0.074710 0.316772 2.881993 1.000000
-0.388622 -0.242228 2.423036 1.000000
-0.016969 0.600181 2.850007 1.000000
-0.357674 -0.306597 2.414542 1.000000
-0.050717 0.662181 2.836211 0.257212
-0.346987 -0.595340 2.607531 1.000000
-0.118606 -0.597425 2.670125 1.000000
-0.372495 -1.012875 2.707101 1.000000
-0.099194 -1.019557 2.749672 0.941106
-0.272559 -1.052335 2.567230 0.000000
0.006717 -1.040956 2.610270 0.000000
-0.286797 0.578942 2.572242 0.961538
-0.467866 0.318561 2.501111 1.000000
-0.139650 0.293842 2.669332 1.000000
-0.271641 0.374739 2.538516 0.000000
-0.331236 0.149477 2.621690 0.000000
-0.401941 -0.044183 2.476757 1.000000
-0.063612 -0.037363 2.660557 1.000000
-0.289899 -0.039129 2.673743 0.000000
-0.510386 0.040706 2.460099 1.000000
0.093657 0.349682 2.821459 1.000000
-0.407879 -0.238912 2.426030 1.000000
-0.047673 0.613961 2.827529 1.000000
-0.375810 -0.302438 2.436484 1.000000
-0.100784 0.632400 2.872391 0.425481
-0.350010 -0.589900 2.613467 1.000000
-0.117585 -0.590070 2.662818 1.000000
-0.384963 -1.003894 2.724316 1.000000
-0.100091 -1.010587 2.750907 1.000000
-0.304648 -1.050801 2.574458 0.000000
-0.013406 -1.038617 2.599883 0.000000
-0.309528 0.587819 2.560088 0.951923
-0.485823 0.303722 2.530473 1.000000
-0.130952 0.307680 2.621272 1.000000
-0.288548 0.365725 2.513219 0.000000
-0.319308 0.157053 2.642534 0.000000
-0.435562 -0.059878 2.508728 1.000000
-0.064274 -0.039545 2.608861 1.000000
-0.281278 -0.045085 2.674137 0.000000
-0.542603 0.025892 2.503505 1.000000
0.120326 0.438367 2.651607 1.000000
-0.436759 -0.243796 2.423395 1.000000
-0.050954 0.651145 2.777072 1.000000
-0.407811 -0.309637 2.423950 1.000000
-0.097611 0.648905 2.831766 0.290865
-0.368355 -0.599538 2.632090 1.000000
-0.120733 -0.594291 2.652317 1.000000
-0.374519 -1.019095 2.726082 1.000000
-0.101055 -1.011682 2.753794 1.000000
-0.329869 -1.057020 2.559720 0.000000
-0.051110 -1.049417 2.588901 0.000000
-0.369230 0.604349 2.557534 0.677885
-0.499732 0.291653 2.570804 1.000000
-0.138539 0.339865 2.575534 1.000000
-0.320628 0.373551 2.505427 0.000000
-0.295505 0.171538 2.646041 0.000000
-0.457645 -0.044772 2.553870 1.000000
-0.073650 -0.015830 2.556207 1.000000
-0.266957 -0.022559 2.674400 0.000000
-0.556740 0.011061 2.543419 1.000000
0.063385 0.524732 2.487319 1.000000
-0.469700 -0.255076 2.426291 1.000000
-0.061819 0.721972 2.681084 0.596154
-0.441118 -0.320001 2.414406 1.000000
-0.090498 0.769734 2.726576 0.000000
-0.373566 -0.585737 2.626098 1.000000
-0.118673 -0.570506 2.637591 1.000000
-0.377886 -1.001897 2.734230 1.000000
-0.094767 -0.983961 2.753277 1.000000
-0.379720 -1.046231 2.563528 0.000000
-0.086272 -1.030976 2.583496 0.000000
-0.373566 0.601103 2.592572 0.495192
-0.509486 0.271346 2.619793 1.000000
-0.172066 0.364437 2.523027 1.000000
-0.367900 0.368486 2.503273 0.000000
-0.277338 0.185543 2.643068 0.000000
-0.466258 -0.048930 2.611122 0.894231
-0.097343 -0.016920 2.505425 1.000000
-0.250200 -0.018968 2.672796 0.000000
-0.551535 -0.013456 2.580375 1.000000
-0.055620 0.571974 2.356286 1.000000
-0.485753 -0.276284 2.436798 1.000000
-0.075248 0.865617 2.442357 1.000000
-0.461287 -0.342329 2.422210 1.000000
-0.078978 0.935036 2.460806 0.000000
-0.375120 -0.589633 2.642786 1.000000
-0.116920 -0.566141 2.639257 1.000000
-0.374120 -1.013738 2.713736 1.000000
-0.094910 -0.983388 2.740847 0.937981
-0.423863 -1.041773 2.546859 0.000000
-0.135273 -1.026013 2.574528 0.000000
-0.374820 0.588043 2.609173 0.461538
-0.429549 0.348106 2.739969 1.000000
-0.190814 0.374380 2.471235 1.000000
-0.360373 0.416366 2.556626 0.000000
-0.239691 0.219089 2.644548 0.000000
-0.427114 -0.014875 2.720109 0.105769
-0.174742 0.023090 2.431731 1.000000
-0.213064 0.021793 2.655141 0.000000
-0.530833 0.096383 2.632825 1.000000
-0.210595 0.589389 2.275065 1.000000
-0.523026 -0.203595 2.564148 1.000000
-0.226443 0.774471 2.029591 1.000000
-0.511845 -0.261998 2.523684 1.000000
-0.262874 0.791049 1.969831 1.000000
-0.377425 -0.553306 2.651097 1.000000
-0.115496 -0.515870 2.629053 1.000000
-0.371616 -0.978828 2.712720 1.000000
-0.099198 -0.932966 2.732326 0.859856
-0.506835 -0.996864 2.600923 0.000000
-0.227636 -0.966723 2.616255 0.000000
-0.483648 0.560115 2.551508 0.682692
-0.437957 0.321904 2.743810 1.000000
-0.223165 0.391952 2.453206 1.000000
-0.397769 0.393786 2.553344 0.000000
-0.226595 0.239017 2.642557 0.000000
-0.394909 0.006553 2.725251 0.836538
-0.153741 -0.005675 2.425279 1.000000
-0.181953 0.019884 2.648736 0.591346
-0.528249 0.052868 2.680253 1.000000
-0.277046 0.505412 2.190915 1.000000
-0.524013 -0.245515 2.608669 1.000000
-0.369408 0.612709 1.918644 1.000000
-0.513295 -0.299795 2.562711 1.000000
-0.396080 0.624773 1.852945 1.000000
-0.376976 -0.544601 2.659712 1.000000
-0.110510 -0.534478 2.628903 1.000000
-0.369500 -0.971580 2.710035 1.000000
-0.096489 -0.951638 2.732254 1.000000
-0.509762 -0.986516 2.604151 0.000000
-0.228987 -0.983809 2.620373 0.000000
-0.477515 0.589252 2.563227 0.259615
-0.479302 0.306982 2.702797 0.000000
-0.230559 0.378987 2.441799 1.000000
-0.417727 0.366144 2.513674 0.000000
-0.245900 0.244855 2.643970 0.000000
-0.427525 -0.005578 2.706731 0.000000
-0.144149 0.000290 2.446043 1.000000
-0.206525 0.019684 2.663104 0.000000
-0.527962 0.021507 2.718058 1.000000
-0.325481 0.430704 2.172705 1.000000
-0.511679 -0.279418 2.664924 1.000000
-0.449369 0.466256 1.895159 1.000000
-0.504042 -0.340625 2.627929 1.000000
-0.479768 0.465701 1.829975 1.000000
-0.376297 -0.553224 2.651704 1.000000
-0.110489 -0.536084 2.625155 1.000000
-0.365067 -0.976429 2.727016 1.000000
-0.099545 -0.952836 2.730506 0.950481
-0.486612 -1.001941 2.601779 0.000000
-0.210482 -0.989172 2.598290 0.000000
-0.471262 0.590366 2.588483 0.000000
-0.507043 0.278388 2.670290 0.000000
-0.226350 0.339550 2.443358 1.000000
-0.420182 0.320699 2.486648 0.000000
-0.264059 0.228225 2.654835 0.000000
-0.435447 -0.024513 2.675073 0.086538
-0.109416 -0.050435 2.471781 1.000000
-0.209211 -0.010846 2.671422 0.000000
-0.509558 -0.001353 2.736581 0.892308
-0.350338 0.353121 2.184324 1.000000
-0.500740 -0.304601 2.738250 1.000000
-0.500351 0.329813 1.921659 1.000000
-0.494586 -0.368057 2.704952 0.661058
-0.536233 0.316743 1.860708 1.000000
-0.374544 -0.580092 2.679719 1.000000
-0.111355 -0.580481 2.633043 1.000000
-0.360003 -1.006148 2.735977 1.000000
-0.091396 -0.997541 2.735820 1.000000
-0.457654 -1.028646 2.590836 0.000000
-0.179741 -1.038040 2.588635 0.000000
-0.478855 0.587347 2.586935 0.000000
-0.509513 0.266428 2.672198 0.000000
-0.223102 0.328626 2.452079 1.000000
-0.418298 0.310149 2.491014 0.000000
-0.266456 0.215324 2.661790 0.000000
-0.437038 -0.041758 2.678207 0.000000
-0.109401 -0.054162 2.476228 1.000000
-0.211417 -0.020037 2.675754 0.000000
-0.488030 -0.015985 2.710456 0.723077
-0.348905 0.332173 2.195480 1.000000
-0.498821 -0.303102 2.802125 1.000000
-0.499219 0.289495 1.937526 1.000000
-0.516208 -0.366250 2.831846 0.105769
-0.534347 0.274339 1.876619 1.000000
-0.372102 -0.591304 2.698697 1.000000
-0.112850 -0.590107 2.630282 1.000000
-0.358556 -1.020243 2.725680 1.000000
-0.105403 -1.003069 2.749897 0.578606
-0.455776 -1.032538 2.579033 0.000000
-0.187663 -1.047842 2.600443 0.000000
-0.470475 0.555871 2.580883 0.403846
-0.493321 0.287882 2.677387 0.000000
-0.210486 0.317727 2.445579 1.000000
-0.405257 0.318434 2.491993 0.000000
-0.256560 0.214139 2.659994 0.000000
-0.430548 -0.042162 2.699691 0.000000
-0.118680 -0.061742 2.474635 1.000000
-0.205275 -0.025346 2.680934 0.000000
-0.476944 0.011372 2.666049 0.584615
-0.327338 0.327745 2.194382 1.000000
-0.488808 -0.264526 2.762587 0.951923
-0.472462 0.282976 1.944353 1.000000
-0.488121 -0.313554 2.815209 0.004808
-0.506367 0.266311 1.883148 1.000000
-0.375688 -0.593838 2.709964 1.000000
-0.121908 -0.597865 2.625006 1.000000
-0.366416 -1.023546 2.722819 1.000000
-0.089568 -1.013369 2.730887 1.000000
-0.474617 -1.030043 2.583684 0.000000
-0.186472 -1.056797 2.590061 0.000000
-0.458636 0.540492 2.579973 0.817308
-0.481668 0.297394 2.708421 0.000000
-0.207451 0.326644 2.462358 1.000000
-0.401058 0.336750 2.521305 0.000000
-0.252090 0.209216 2.672157 0.000000
-0.431273 -0.035871 2.712428 0.000000
-0.134309 -0.053307 2.467881 1.000000
-0.207450 -0.020692 2.679940 0.000000
-0.526343 0.034498 2.770215 0.338462
-0.301926 0.329433 2.205462 1.000000
-0.482814 -0.249316 2.801693 0.923077
-0.433892 0.292558 1.951176 1.000000
-0.500646 -0.318712 2.807980 0.038462
-0.467787 0.279035 1.889196 1.000000
-0.383665 -0.587928 2.706427 1.000000
-0.126202 -0.589413 2.623304 1.000000
-0.364198 -1.017191 2.722366 1.000000
-0.100965 -1.002764 2.739080 0.594231
-0.482494 -1.027399 2.591944 0.000000
-0.204784 -1.047063 2.603553 0.000000
-0.464650 0.574530 2.566262 0.658654
-0.487413 0.289226 2.703500 0.000000
-0.203064 0.323468 2.469442 1.000000
-0.399443 0.329928 2.520022 0.000000
-0.254840 0.205386 2.677476 0.000000
-0.439759 -0.035058 2.703853 0.000000
-0.130639 -0.055210 2.475087 1.000000
-0.214366 -0.022648 2.683203 0.000000
-0.498051 0.017264 2.712086 0.430769
-0.264462 0.324607 2.204151 0.923077
-0.490439 -0.258169 2.793621 0.865385
-0.397046 0.296775 1.950743 1.000000
-0.488408 -0.326990 2.814426 0.000000
-0.429359 0.285040 1.887564 1.000000
-0.384214 -0.588704 2.708143 1.000000
-0.131260 -0.591251 2.625251 1.000000
-0.365383 -1.017283 2.737550 1.000000
-0.094344 -1.004578 2.737936 0.744231
-0.475460 -1.031525 2.600479 0.000000
-0.192077 -1.051258 2.598733 0.000000
-0.439418 0.591343 2.568403 0.375000
-0.480266 0.267464 2.689637 0.000000
-0.185900 0.282325 2.465307 0.778846
-0.384418 0.294770 2.507629 0.000000
-0.248241 0.178918 2.678646 0.000000
-0.446126 -0.053316 2.695678 0.019231
-0.128529 -0.093767 2.481690 1.000000
-0.219772 -0.049084 2.684324 0.000000
-0.540062 0.025503 2.802844 0.430769
-0.192119 0.283063 2.191633 0.446154
-0.485083 -0.247488 2.726047 0.798077
-0.335292 0.284236 1.940747 1.000000
-0.479103 -0.318660 2.734536 0.072115
-0.368576 0.270925 1.878390 1.000000
-0.390624 -0.612521 2.710119 1.000000
-0.129918 -0.620171 2.639615 1.000000
-0.365009 -1.040449 2.743618 1.000000
-0.087551 -1.034430 2.746825 0.625481
-0.469397 -1.057744 2.602509 0.000000
-0.182065 -1.080726 2.605291 0.000000
-0.411290 0.573170 2.557422 1.000000
-0.468220 0.276790 2.704979 0.000000
-0.162741 0.295536 2.488286 0.000000
-0.364351 0.320325 2.530694 0.000000
-0.244929 0.169195 2.685972 0.000000
-0.451422 -0.052304 2.697252 0.009615
-0.131835 -0.090298 2.485791 1.000000
-0.224928 -0.049838 2.688471 0.000000
-0.541474 0.021755 2.775621 0.661539
-0.140749 0.235547 2.221234 0.569231
-0.488820 -0.259939 2.732774 0.875000
-0.275931 0.243605 1.965069 1.000000
-0.474292 -0.319633 2.695372 0.038462
-0.316866 0.235925 1.906429 1.000000
-0.396904 -0.611591 2.709700 1.000000
-0.134140 -0.616848 2.648323 1.000000
-0.365243 -1.039917 2.730548 1.000000
-0.092782 -1.036437 2.732792 1.000000
-0.469595 -1.054515 2.589107 0.000000
-0.189651 -1.074643 2.590438 0.000000
-0.411302 0.580293 2.568501 0.826923
-0.472889 0.287470 2.698591 1.000000
-0.150693 0.310356 2.508088 1.000000
-0.354398 0.338353 2.536016 0.000000
-0.251433 0.174827 2.690516 0.000000
-0.470891 -0.061181 2.691081 0.057692
-0.135102 -0.057986 2.502585 1.000000
-0.245109 -0.043254 2.700231 0.000000
-0.550905 0.029748 2.756128 0.846154
-0.079548 0.136258 2.306975 0.461538
-0.496682 -0.253469 2.720435 1.000000
-0.195131 0.162751 2.041712 0.596154
-0.502518 -0.312512 2.679775 0.526442
-0.228833 0.139214 1.982691 0.947115
-0.392440 -0.609657 2.709476 1.000000
-0.134510 -0.599081 2.644855 1.000000
-0.365537 -1.038483 2.726363 1.000000
-0.097531 -1.013554 2.753228 0.612981
-0.456363 -1.050117 2.575621 0.000000
-0.175789 -1.060038 2.602156 0.000000
-0.396297 0.593858 2.578707 0.649038
-0.494877 0.275096 2.703617 1.000000
-0.154864 0.331926 2.556015 1.000000
-0.360940 0.354031 2.566177 0.048077
-0.271425 0.166222 2.700072 0.000000
-0.483097 -0.069609 2.673970 0.000000
-0.130369 -0.049826 2.520715 1.000000
-0.259691 -0.049886 2.706883 0.000000
-0.548189 0.003297 2.738445 1.000000
-0.066294 0.072335 2.504071 1.000000
-0.506370 -0.283931 2.688155 1.000000
-0.088943 -0.054246 2.239039 0.317308
-0.503583 -0.338157 2.640984 0.795673
-0.099455 -0.088165 2.176491 1.000000
-0.392633 -0.613320 2.704113 1.000000
-0.140319 -0.596103 2.657092 1.000000
-0.365794 -1.041816 2.727995 1.000000
-0.099672 -1.013151 2.753626 1.000000
-0.438690 -1.055302 2.567956 0.000000
-0.163554 -1.056108 2.594938 0.000000
-0.384504 0.582015 2.572140 0.831731
-0.493104 0.284009 2.689170 1.000000
-0.140201 0.330307 2.571099 1.000000
-0.345292 0.361440 2.565820 0.000000
-0.274956 0.165228 2.699109 0.000000
-0.488720 -0.056885 2.663493 0.000000
-0.124346 -0.042719 2.539696 1.000000
-0.268137 -0.047568 2.714862 0.000000
-0.549401 0.008606 2.728202 1.000000
-0.067285 0.056258 2.582071 1.000000
-0.515677 -0.284019 2.674196 1.000000
-0.060195 -0.187819 2.408693 1.000000
-0.507926 -0.342346 2.632829 0.711538
-0.056901 -0.251928 2.376252 1.000000
-0.384455 -0.605155 2.689300 1.000000
-0.141208 -0.586666 2.666591 1.000000
-0.372947 -1.029786 2.756051 1.000000
-0.094818 -1.006002 2.749685 1.000000
-0.429411 -1.057227 2.591227 0.000000
-0.147788 -1.044322 2.585875 0.000000
-0.363761 0.584953 2.550574 0.913462
-0.489971 0.289163 2.657642 1.000000
-0.123689 0.322631 2.584547 1.000000
-0.325544 0.356695 2.550579 0.000000
-0.277868 0.167687 2.702944 0.000000
-0.490974 -0.064137 2.657531 0.115385
-0.118642 -0.041429 2.561883 1.000000
-0.274968 -0.054164 2.725537 0.000000
-0.543310 0.011671 2.709735 1.000000
-0.062192 0.046258 2.633505 1.000000
-0.515547 -0.285934 2.658792 1.000000
-0.052645 -0.250505 2.572063 1.000000
-0.502657 -0.343112 2.617104 0.425481
-0.049463 -0.322145 2.566499 1.000000
-0.382197 -0.610139 2.686199 1.000000
-0.131356 -0.588063 2.670141 1.000000
-0.360518 -1.036791 2.735170 1.000000
-0.101382 -1.008739 2.754003 0.931731
-0.404231 -1.058466 2.565678 0.000000
-0.138660 -1.044993 2.585468 0.000000
-0.340646 0.589759 2.550086 0.721154
-0.482375 0.296006 2.650430 1.000000
-0.110548 0.318076 2.607039 1.000000
-0.307832 0.359969 2.558219 0.000000
-0.278706 0.166169 2.709235 0.000000
-0.479995 -0.058391 2.633008 0.538462
-0.097330 -0.062411 2.590029 0.615385
-0.275312 -0.060417 2.730390 0.000000
-0.535415 0.013584 2.685227 1.000000
-0.047086 0.042876 2.670473 1.000000
-0.517359 -0.287345 2.636093 1.000000
-0.053992 -0.262021 2.653470 1.000000
-0.504424 -0.357576 2.627507 0.526442
-0.055488 -0.333075 2.642406 0.846154
-0.368445 -0.613331 2.678790 1.000000
-0.126750 -0.600613 2.692458 1.000000
-0.376425 -1.040139 2.730471 1.000000
-0.093157 -1.025649 2.748285 1.000000
-0.396180 -1.060844 2.556433 0.000000
-0.112461 -1.049979 2.574666 0.000000
-0.327009 0.585425 2.542622 1.000000
-0.481165 0.296238 2.642136 1.000000
-0.107360 0.317488 2.621077 1.000000
-0.301244 0.357809 2.559088 0.000000
-0.281579 0.168291 2.716913 0.000000
-0.476117 -0.061791 2.629994 0.413462
-0.091933 -0.057365 2.603950 0.557692
-0.275894 -0.063477 2.736251 0.000000
-0.529580 0.010248 2.664091 1.000000
-0.045556 0.043207 2.695688 1.000000
-0.509286 -0.294075 2.629468 1.000000
-0.048165 -0.261269 2.656825 1.000000
-0.492390 -0.356533 2.598054 0.459135
-0.053980 -0.332701 2.662901 0.913462
-0.363720 -0.615113 2.669022 1.000000
-0.126595 -0.598888 2.701130 1.000000
-0.375258 -1.040179 2.732942 1.000000
-0.086059 -1.024680 2.745380 1.000000
-0.386951 -1.066039 2.558865 0.038462
-0.098579 -1.044044 2.570518 0.000000
-0.312660 0.583336 2.547415 0.923077
-0.471842 0.298651 2.637247 1.000000
-0.097512 0.320009 2.630462 1.000000
-0.288891 0.360023 2.560947 0.000000
-0.275225 0.171057 2.720062 0.000000
-0.465259 -0.060456 2.621148 0.384615
-0.080222 -0.054452 2.618770 0.557692
-0.271914 -0.063094 2.739442 0.000000
-0.525253 0.013931 2.662139 1.000000
-0.040810 0.043525 2.700312 1.000000
-0.496907 -0.288239 2.617135 1.000000
-0.038938 -0.258942 2.648872 1.000000
-0.473958 -0.344048 2.577994 0.358173
-0.044743 -0.330252 2.641493 0.846154
-0.359561 -0.612842 2.668256 1.000000
-0.122045 -0.601246 2.688694 1.000000
-0.373853 -1.037610 2.733587 1.000000
-0.089931 -1.025992 2.747511 1.000000
-0.374908 -1.064386 2.559260 0.057692
-0.089484 -1.050151 2.572799 0.000000
-0.304786 0.585834 2.552073 0.951923
