-0.340635 0.342314 2.542692 1.000000
-0.011250 0.331668 2.582892 1.000000
-0.162233 0.381615 2.462276 0.000000
-0.190400 0.201246 2.645304 0.000000
-0.342210 -0.028637 2.497745 1.000000
-0.002018 -0.022193 2.553424 1.000000
-0.190187 -0.016970 2.635029 0.000000
-0.411801 0.065379 2.499578 1.000000
0.050197 0.049215 2.575099 1.000000
-0.400256 -0.167188 2.312698 1.000000
0.101987 -0.237103 2.508131 1.000000
-0.404083 -0.215586 2.273031 0.694712
0.115082 -0.294566 2.486752 0.728365
-0.283328 -0.565997 2.605840 1.000000
-0.067217 -0.566838 2.611941 1.000000
-0.322911 -0.999908 2.680125 1.000000
-0.076498 -1.003233 2.681489 1.000000
-0.298464 -1.026939 2.535265 0.019231
-0.050844 -1.026925 2.536254 0.000000
-0.158119 0.638385 2.450152 1.000000
-0.336537 0.346079 2.534703 1.000000
-0.007626 0.333375 2.578058 1.000000
-0.157163 0.385860 2.456722 0.000000
-0.187945 0.202770 2.636600 0.000000
-0.331227 -0.027414 2.497785 0.519231
0.010855 -0.020395 2.540245 1.000000
-0.174064 -0.009706 2.628477 0.000000
-0.376773 0.062290 2.493366 1.000000
0.062260 0.052399 2.572350 1.000000
-0.336300 -0.213741 2.385766 1.000000
0.126151 -0.234220 2.515992 1.000000
-0.329217 -0.271735 2.363029 0.610577
0.142810 -0.294634 2.517734 0.627404
-0.283000 -0.563936 2.602031 1.000000
-0.063090 -0.563839 2.615627 1.000000
-0.326152 -0.997269 2.677690 1.000000
-0.076272 -1.000854 2.680494 1.000000
-0.307445 -1.024564 2.532026 0.000000
-0.056709 -1.023174 2.534097 0.000000
-0.158822 0.635899 2.430418 1.000000
-0.330932 0.343660 2.526588 1.000000
-0.001588 0.328277 2.565574 1.000000
-0.152278 0.380003 2.445343 0.000000
-0.182411 0.200768 2.629170 0.000000
-0.315349 -0.026627 2.499067 0.365385
0.027302 -0.023180 2.537155 1.000000
-0.156347 -0.009182 2.627551 0.000000
-0.362333 0.056740 2.488787 1.000000
0.069270 0.046006 2.571970 1.000000
-0.305797 -0.233231 2.433459 1.000000
0.121455 -0.246334 2.525548 1.000000
-0.306114 -0.286544 2.466446 0.980769
0.138007 -0.305154 2.511522 0.745192
-0.288008 -0.561675 2.601083 1.000000
-0.062200 -0.566118 2.613770 1.000000
-0.324295 -0.995716 2.676289 1.000000
-0.077068 -1.002476 2.682582 1.000000
-0.308373 -1.022364 2.530175 0.000000
-0.060156 -1.026156 2.536068 0.000000
-0.155255 0.635595 2.429210 1.000000
-0.330164 0.342089 2.522750 1.000000
-0.000046 0.327438 2.554874 1.000000
-0.153320 0.379125 2.437937 0.000000
-0.179195 0.199280 2.621817 0.000000
-0.316702 -0.028467 2.506220 0.365385
0.026786 -0.022343 2.535385 1.000000
-0.154554 -0.009537 2.630494 0.000000
-0.363010 0.053667 2.491599 1.000000
0.067439 0.043657 2.567135 1.000000
-0.312054 -0.240720 2.451456 1.000000
0.105368 -0.253231 2.531204 1.000000
-0.335636 -0.286188 2.487610 0.947115
0.112071 -0.315468 2.527731 0.661058
-0.285820 -0.562735 2.607761 1.000000
-0.067977 -0.566974 2.608850 1.000000
-0.323621 -0.998076 2.674194 1.000000
-0.074946 -1.003031 2.680752 1.000000
-0.310669 -1.021624 2.527256 0.000000
-0.062212 -1.027443 2.533936 0.000000
-0.149203 0.626931 2.397466 1.000000
-0.324214 0.341281 2.518431 1.000000
0.006791 0.329067 2.541016 1.000000
-0.150196 0.376298 2.427161 0.000000
-0.169596 0.202389 2.617437 0.000000
-0.322087 -0.035057 2.505907 0.365385
0.021719 -0.021349 2.527851 0.432692
-0.157862 -0.011211 2.626553 0.000000
-0.364005 0.053209 2.494989 1.000000
0.057396 0.042197 2.557242 1.000000
-0.334934 -0.238474 2.425550 1.000000
0.066261 -0.258122 2.535422 1.000000
-0.332616 -0.299980 2.437472 0.543269
0.060632 -0.317224 2.515278 0.846154
-0.289122 -0.566511 2.608595 1.000000
-0.064444 -0.567066 2.609363 1.000000
-0.319193 -1.002109 2.677252 1.000000
-0.073865 -1.003059 2.681376 1.000000
-0.309094 -1.025993 2.530144 0.019231
-0.065188 -1.027543 2.534277 0.000000
-0.147333 0.620417 2.374311 1.000000
-0.321945 0.341465 2.513455 1.000000
0.009684 0.329393 2.523489 1.000000
-0.151679 0.370370 2.413391 0.009615
-0.163663 0.208118 2.614279 0.000000
-0.332309 -0.033399 2.512464 0.432692
0.012272 -0.024384 2.519821 0.490385
-0.162818 -0.011534 2.625992 0.000000
-0.364664 0.053416 2.494436 1.000000
0.051160 0.041514 2.547242 1.000000
-0.356439 -0.239404 2.423879 1.000000
0.045948 -0.259029 2.526349 1.000000
-0.358386 -0.302020 2.426301 0.576923
0.030601 -0.319148 2.517370 0.879808
-0.284690 -0.568501 2.609730 1.000000
-0.056761 -0.567423 2.609707 1.000000
-0.320492 -1.003568 2.679004 1.000000
-0.073637 -1.003322 2.680921 1.000000
-0.316522 -1.027367 2.531590 0.000000
-0.068502 -1.027586 2.533620 0.057692
-0.146820 0.610516 2.345068 1.000000
-0.318895 0.340008 2.505714 1.000000
0.012917 0.328969 2.507499 1.000000
-0.151385 0.365485 2.400214 0.024038
-0.157644 0.210834 2.607264 0.000000
-0.337140 -0.030130 2.510189 0.442308
0.007188 -0.030373 2.527817 0.375000
-0.170569 -0.011483 2.628514 0.000000
-0.371909 0.053031 2.499210 1.000000
0.044300 0.040030 2.534672 1.000000
-0.367399 -0.240304 2.430096 1.000000
0.033719 -0.260380 2.512665 1.000000
-0.389331 -0.298199 2.420213 0.425481
0.029559 -0.322102 2.522840 0.576923
-0.282650 -0.567224 2.619641 1.000000
-0.058410 -0.570843 2.611987 1.000000
-0.323553 -1.003614 2.676694 1.000000
-0.073822 -1.006203 2.686739 1.000000
-0.315177 -1.023719 2.528916 0.000000
-0.064379 -1.031756 2.539869 0.115385
-0.149840 0.593291 2.311314 1.000000
-0.325582 0.336275 2.484363 1.000000
0.005273 0.314901 2.466978 1.000000
-0.165001 0.339867 2.365874 0.000000
-0.160803 0.219013 2.594352 0.000000
-0.342732 -0.024684 2.544908 0.317308
0.001418 -0.034871 2.526763 0.567308
-0.164279 -0.008450 2.644834 0.000000
-0.376174 0.050673 2.503910 1.000000
0.044342 0.030558 2.513163 1.000000
-0.368689 -0.248781 2.484708 1.000000
0.031008 -0.269250 2.507208 1.000000
-0.363454 -0.309244 2.500435 0.677885
0.009523 -0.326134 2.491942 0.913462
-0.287860 -0.566619 2.633412 1.000000
-0.065927 -0.572641 2.620075 1.000000
-0.321134 -1.005104 2.677988 1.000000
-0.072115 -1.009107 2.689523 1.000000
-0.328929 -1.019605 2.529523 0.000000
-0.079465 -1.032450 2.542167 0.019231
-0.155342 0.546284 2.237907 1.000000
-0.325830 0.326928 2.457130 1.000000
0.004433 0.297460 2.440340 1.000000
-0.166348 0.311944 2.338052 0.000000
-0.162028 0.222244 2.580458 0.000000
-0.343179 -0.026185 2.567115 0.240385
0.000140 -0.034666 2.536582 0.528846
-0.161303 -0.005045 2.659680 0.000000
-0.376143 0.047687 2.508129 1.000000
0.049225 0.019007 2.500051 1.000000
-0.359819 -0.249490 2.512835 1.000000
0.038192 -0.278442 2.497835 1.000000
-0.356683 -0.307890 2.535421 0.442308
0.019605 -0.338264 2.495320 1.000000
-0.291392 -0.567937 2.645565 1.000000
-0.064868 -0.573001 2.630426 1.000000
-0.330501 -1.007365 2.672712 1.000000
-0.074821 -1.011615 2.684121 1.000000
-0.343131 -1.015423 2.524091 0.000000
-0.087350 -1.029421 2.536341 0.019231
-0.155810 0.502920 2.185862 1.000000
-0.329026 0.301306 2.427743 1.000000
0.000158 0.269123 2.399010 1.000000
-0.175558 0.268783 2.304340 0.000000
-0.158736 0.215505 2.556736 0.000000
-0.343527 -0.028629 2.587867 0.211538
-0.001937 -0.044620 2.543906 0.461538
-0.157649 -0.002879 2.670815 0.000000
-0.378888 0.030319 2.514335 1.000000
0.051840 -0.007901 2.462295 1.000000
-0.359774 -0.264758 2.553039 1.000000
0.048361 -0.305220 2.485160 1.000000
-0.355480 -0.323877 2.573458 0.307692
0.029241 -0.364926 2.484823 1.000000
-0.291557 -0.571100 2.663733 1.000000
-0.063308 -0.578369 2.648523 1.000000
-0.323419 -1.011871 2.672081 1.000000
-0.076458 -1.018898 2.682071 1.000000
-0.342193 -1.013321 2.523897 0.000000
-0.095238 -1.029593 2.534268 0.000000
-0.137490 0.410189 2.118120 1.000000
-0.332755 0.248292 2.384172 1.000000
-0.006616 0.199443 2.345821 1.000000
-0.187597 0.184349 2.263015 0.033654
-0.157004 0.187086 2.519690 0.000000
-0.342723 -0.040464 2.618581 0.173077
-0.004676 -0.069799 2.557460 0.326923
-0.151825 -0.006909 2.685858 0.000000
-0.388727 0.004854 2.535611 1.000000
0.042576 -0.078773 2.420017 1.000000
-0.349126 -0.291184 2.577611 1.000000
0.043596 -0.379388 2.444518 1.000000
-0.356182 -0.347481 2.604282 0.240385
0.028750 -0.440168 2.440537 1.000000
-0.290544 -0.583244 2.676616 1.000000
-0.066464 -0.593150 2.687121 1.000000
-0.322065 -1.023975 2.665361 1.000000
-0.073330 -1.034502 2.664205 1.000000
-0.348446 -1.018336 2.518442 0.000000
-0.101563 -1.026458 2.517743 0.000000
-0.140146 0.288936 2.051487 1.000000
-0.341206 0.189604 2.374197 1.000000
-0.016439 0.143983 2.322532 1.000000
-0.201412 0.112125 2.254642 0.000000
-0.155639 0.153726 2.505640 0.000000
-0.342318 -0.061287 2.636419 0.451923
-0.005780 -0.100697 2.572693 0.211538
-0.149897 -0.019726 2.694218 0.000000
-0.392251 -0.038679 2.551947 1.000000
0.038052 -0.136532 2.390768 1.000000
-0.335964 -0.334649 2.587368 1.000000
0.044790 -0.438059 2.423279 1.000000
-0.330853 -0.396704 2.594686 0.139423
0.020807 -0.494932 2.412289 0.913462
-0.296351 -0.599294 2.673177 1.000000
-0.053444 -0.614740 2.697315 1.000000
-0.326935 -1.040226 2.670517 1.000000
-0.080857 -1.054357 2.660576 1.000000
-0.354650 -1.037419 2.523763 0.019231
-0.108224 -1.040433 2.514390 0.000000
-0.143372 0.181463 2.029380 1.000000
-0.367017 0.120822 2.407478 1.000000
-0.054124 0.073580 2.307029 1.000000
-0.246992 0.035047 2.273033 0.192308
-0.161851 0.096926 2.509142 0.000000
-0.331671 -0.096564 2.670467 0.000000
-0.004828 -0.160170 2.581024 0.163462
-0.133049 -0.057693 2.704117 0.000000
-0.371164 -0.117635 2.578481 1.000000
0.032801 -0.200168 2.367255 1.000000
-0.328517 -0.414805 2.619545 1.000000
0.033786 -0.502263 2.390760 1.000000
-0.312987 -0.475542 2.618978 0.240385
0.012212 -0.561110 2.389322 0.947115
-0.300578 -0.628903 2.672994 1.000000
-0.040508 -0.660205 2.699452 1.000000
-0.333785 -1.069413 2.658424 1.000000
-0.087110 -1.098574 2.667436 1.000000
-0.371099 -1.061823 2.513984 0.000000
-0.123893 -1.084143 2.523382 0.000000
-0.130171 0.072674 2.047732 1.000000
-0.360210 0.040719 2.341769 1.000000
-0.035606 -0.006945 2.290928 1.000000
-0.220568 -0.037014 2.222200 0.216346
-0.175367 0.002644 2.473615 0.072115
-0.339503 -0.205446 2.637089 0.788462
-0.003458 -0.255362 2.578315 0.250000
-0.147035 -0.145656 2.675498 0.447115
-0.387721 -0.130393 2.575071 1.000000
0.015389 -0.288757 2.340398 1.000000
-0.328167 -0.420728 2.622077 1.000000
0.012526 -0.588625 2.351442 1.000000
-0.352182 -0.476235 2.638592 0.375000
-0.000309 -0.649986 2.350704 0.846154
-0.299638 -0.724018 2.695037 1.000000
-0.060064 -0.747342 2.713873 0.919231
-0.357826 -1.157910 2.634079 1.000000
-0.065197 -1.183723 2.643812 1.000000
-0.380471 -1.134394 2.488315 0.000000
-0.093143 -1.160142 2.498981 0.000000
-0.119620 0.013714 2.006169 0.990385
-0.329310 -0.019921 2.319918 1.000000
-0.000984 -0.049025 2.280180 1.000000
-0.181589 -0.098835 2.211337 0.000000
-0.145730 -0.031565 2.458348 0.533654
-0.245975 -0.302434 2.561114 1.000000
0.092658 -0.365357 2.576630 0.019231
-0.060182 -0.233907 2.614772 0.995192
-0.368664 -0.154658 2.572507 1.000000
0.003746 -0.333936 2.328214 1.000000
-0.279505 -0.428758 2.649605 1.000000
0.003515 -0.632306 2.327886 1.000000
-0.311140 -0.482068 2.640235 0.341346
-0.011568 -0.692624 2.335932 1.000000
-0.317426 -0.773324 2.709028 1.000000
-0.052183 -0.826711 2.720944 0.788462
-0.334617 -1.205432 2.617646 1.000000
-0.067240 -1.261364 2.642116 0.659856
-0.340756 -1.174319 2.471677 0.000000
-0.062204 -1.234893 2.495192 0.000000
-0.160472 -0.029326 1.978988 0.000000
-0.276386 0.035093 2.381925 1.000000
-0.015089 -0.142817 2.280457 1.000000
-0.213842 -0.134165 2.296610 0.096154
-0.060149 0.001995 2.453660 0.322115
-0.136893 -0.202870 2.725787 0.000000
0.039145 -0.339919 2.462917 1.000000
0.046317 -0.235572 2.639423 0.000000
-0.374576 -0.174629 2.551091 0.615385
-0.007992 -0.425143 2.330288 1.000000
-0.281763 -0.439763 2.644734 1.000000
-0.017298 -0.720911 2.319612 1.000000
-0.322505 -0.486983 2.651129 0.610577
-0.025988 -0.782858 2.323801 1.000000
-0.338321 -0.689517 2.696565 1.000000
-0.059133 -0.815850 2.705651 1.000000
-0.329525 -1.128566 2.646339 1.000000
-0.063349 -1.257756 2.697582 0.206731
-0.470471 -1.125740 2.596950 0.000000
-0.195444 -1.255223 2.627889 0.000000
-0.295786 -0.065213 2.041546 1.000000
-0.353042 -0.053201 2.342836 1.000000
-0.047813 -0.159298 2.272749 1.000000
-0.239646 -0.207962 2.287799 0.000000
-0.140236 -0.008122 2.418211 0.836538
-0.156207 -0.191107 2.693820 0.000000
0.032990 -0.306438 2.429670 1.000000
0.030755 -0.212585 2.612100 0.634615
-0.413699 -0.187269 2.587484 0.369231
-0.015772 -0.436413 2.333472 1.000000
-0.317188 -0.461096 2.638469 0.817308
-0.025413 -0.730760 2.320751 1.000000
-0.328960 -0.510039 2.675838 0.257212
-0.035568 -0.791954 2.329843 1.000000
-0.332810 -0.685877 2.709849 1.000000
-0.052560 -0.780493 2.706643 1.000000
-0.317618 -1.123423 2.649131 1.000000
-0.057510 -1.222461 2.704846 0.406731
-0.463210 -1.123843 2.615732 0.000000
-0.190731 -1.220695 2.637305 0.000000
-0.244550 -0.099745 1.981803 0.000000
-0.377139 -0.072263 2.330400 1.000000
-0.051803 -0.106340 2.273660 1.000000
-0.231959 -0.191624 2.263211 0.000000
-0.182717 -0.001637 2.431454 1.000000
-0.192557 -0.219189 2.706885 0.000000
0.039405 -0.253629 2.454141 1.000000
0.001421 -0.191636 2.645996 0.000000
-0.394607 -0.222694 2.571046 0.030769
-0.029007 -0.385867 2.320461 1.000000
-0.304686 -0.491376 2.647954 0.769231
-0.029706 -0.679404 2.325583 1.000000
-0.268342 -0.532001 2.616982 0.307692
-0.036066 -0.741576 2.330556 1.000000
-0.328565 -0.704069 2.697712 1.000000
-0.041173 -0.750616 2.722624 0.830769
-0.322143 -1.142714 2.643733 1.000000
-0.067364 -1.191836 2.721114 0.547356
-0.462296 -1.138429 2.592237 0.000000
-0.201004 -1.183677 2.654883 0.000000
-0.256973 -0.142085 1.986557 0.000000
-0.367903 -0.065136 2.280730 1.000000
-0.049777 -0.047618 2.351150 1.000000
-0.192683 -0.160711 2.282113 0.000000
-0.238831 0.037733 2.441222 0.302885
-0.237267 -0.161130 2.708549 1.000000
0.060588 -0.165321 2.534948 1.000000
-0.033893 -0.134708 2.714476 0.475962
-0.387955 -0.185979 2.535626 1.000000
-0.038251 -0.323638 2.290669 1.000000
-0.299278 -0.451615 2.618322 1.000000
-0.029353 -0.612728 2.330827 1.000000
-0.294428 -0.513996 2.622274 0.307692
-0.044206 -0.670733 2.312244 1.000000
-0.299403 -0.677806 2.689506 1.000000
-0.024875 -0.678266 2.770894 0.596154
-0.332103 -1.116480 2.646378 1.000000
-0.104349 -1.112330 2.745669 0.644231
-0.421899 -1.098189 2.528416 0.000000
-0.209500 -1.087089 2.642620 0.000000
-0.274027 -0.126020 2.002431 0.000000
-0.406143 -0.044387 2.300925 1.000000
-0.095038 0.002797 2.387395 1.000000
-0.220280 -0.117101 2.298364 0.000000
-0.296037 0.051920 2.478693 0.360577
-0.326933 -0.126370 2.720046 0.000000
0.003976 -0.069687 2.641570 1.000000
-0.144287 -0.057141 2.782831 0.072115
-0.387424 -0.185200 2.544424 0.784615
-0.043060 -0.252994 2.280904 1.000000
-0.283411 -0.442507 2.632170 1.000000
-0.038865 -0.541013 2.322760 1.000000
-0.294052 -0.503942 2.638730 0.644231
-0.048894 -0.600897 2.307145 1.000000
-0.226191 -0.646620 2.682656 1.000000
0.150324 -0.490041 2.935108 0.000000
-0.327517 -1.076531 2.666132 1.000000
0.012976 -0.906245 2.992331 0.000000
-0.358557 -1.063621 2.520589 0.000000
0.150398 -0.945639 3.035644 0.000000
-0.284552 -0.089205 2.024588 0.000000
-0.434376 -0.039053 2.434349 1.000000
-0.116554 -0.053943 2.511704 0.346154
-0.251591 -0.093540 2.375533 0.932692
-0.311621 -0.072976 2.626130 0.000000
-0.455788 -0.218630 2.714392 0.605769
-0.113785 -0.193453 2.750060 0.000000
-0.298674 -0.128041 2.810323 0.000000
-0.347926 -0.272807 2.564348 1.000000
-0.036226 -0.108860 2.247988 1.000000
-0.153289 -0.453969 2.680690 1.000000
-0.054743 -0.396816 2.279251 1.000000
-0.163285 -0.512956 2.699427 0.442308
-0.030575 -0.443157 2.313877 1.000000
-0.244062 -0.689494 2.662561 1.000000
-0.114807 -0.486646 3.192263 0.000000
-0.366596 -1.114077 2.653684 1.000000
-0.061448 -0.907398 3.316700 0.000000
-0.296655 -1.131526 2.522853 0.000000
0.057930 -0.918606 3.227616 0.000000
-0.232517 -0.100764 2.168096 1.000000
-0.369990 -0.009255 2.387043 1.000000
-0.064090 -0.063072 2.269770 1.000000
-0.259684 -0.092505 2.243026 0.153846
-0.161571 -0.046053 2.477635 0.000000
-0.348458 -0.208181 2.682265 0.000000
-0.023951 -0.295470 2.605138 0.000000
-0.148620 -0.173072 2.712704 0.000000
-0.387690 -0.218163 2.572674 1.000000
-0.051993 -0.341346 2.298609 1.000000
-0.260048 -0.473449 2.618888 1.000000
0.005651 -0.081971 2.184586 1.000000
-0.233355 -0.529249 2.629106 0.000000
-0.006269 -0.020484 2.187368 0.156250
-0.311666 -0.736280 2.678014 1.000000
0.039273 -0.606830 3.025649 0.000000
-0.347165 -1.176565 2.662104 1.000000
-0.046441 -0.781426 3.422554 0.000000
-0.374679 -1.169048 2.515477 0.000000
-0.018348 -0.917856 3.368606 0.000000
-0.127716 -0.014343 2.020401 1.000000
-0.347129 0.050903 2.371219 1.000000
-0.047215 -0.035673 2.258169 1.000000
-0.244699 -0.054667 2.236305 0.000000
-0.140248 0.010268 2.463679 0.000000
-0.379216 -0.176433 2.646534 0.000000
-0.063272 -0.282485 2.558194 0.000000
-0.176764 -0.154807 2.671824 0.000000
-0.397047 -0.178694 2.526852 0.938462
-0.038203 -0.315797 2.287797 1.000000
-0.367689 -0.448654 2.631446 0.721154
-0.096814 -0.600748 2.280877 1.000000
-0.358939 -0.505546 2.656291 0.000000
-0.098431 -0.663403 2.282377 0.846154
-0.291051 -0.719270 2.685797 1.000000
-0.030591 -0.623786 2.963435 0.000000
-0.347858 -1.156720 2.657972 1.000000
-0.039093 -0.763181 3.382792 0.000000
-0.369988 -1.144482 2.510753 0.000000
-0.045413 -0.904765 3.335602 0.000000
-0.100593 0.066274 2.021065 1.000000
-0.326690 0.085360 2.367380 1.000000
-0.022150 0.002402 2.264438 1.000000
-0.218042 -0.006071 2.227114 0.000000
-0.128223 0.025405 2.467462 0.000000
-0.378725 -0.159865 2.636270 0.000000
-0.061927 -0.256667 2.540662 0.048077
-0.176444 -0.133310 2.657979 0.000000
-0.389837 -0.148911 2.512671 1.000000
-0.034079 -0.279013 2.289800 1.000000
-0.402361 -0.393902 2.671072 0.721154
-0.106715 -0.560798 2.265517 1.000000
-0.398214 -0.445502 2.706437 0.000000
-0.102452 -0.623336 2.266638 0.694712
-0.289726 -0.701331 2.686347 1.000000
-0.050639 -0.622126 2.934599 0.000000
-0.351441 -1.137974 2.656374 1.000000
-0.039687 -0.752386 3.356827 0.000000
-0.380217 -1.123891 2.510475 0.000000
-0.050045 -0.894855 3.313143 0.000000
-0.084348 0.156532 2.056919 1.000000
-0.316478 0.135050 2.374295 1.000000
-0.004664 0.060624 2.287944 1.000000
-0.196894 0.058014 2.234282 0.000000
-0.126825 0.062931 2.483063 0.000000
-0.375050 -0.118175 2.641030 0.000000
-0.051412 -0.214101 2.570829 0.076923
-0.175767 -0.097904 2.685407 0.000000
-0.382230 -0.113273 2.500905 1.000000
-0.021611 -0.224965 2.300965 1.000000
-0.335389 -0.390924 2.591222 1.000000
-0.088115 -0.509830 2.257718 1.000000
-0.327822 -0.450428 2.609454 0.000000
-0.102560 -0.570518 2.251490 0.947115
-0.286402 -0.665174 2.679705 1.000000
-0.057607 -0.606153 2.929257 0.000000
-0.351136 -1.101026 2.644966 1.000000
-0.040459 -0.749033 3.347175 0.000000
-0.363233 -1.087412 2.496706 0.000000
-0.044609 -0.890373 3.299023 0.000000
-0.091186 0.260671 2.094086 1.000000
-0.314785 0.166135 2.383859 1.000000
0.000663 0.097072 2.306746 1.000000
-0.189068 0.097656 2.244775 0.000000
-0.129798 0.087649 2.496196 0.000000
-0.370849 -0.097767 2.650884 0.000000
-0.046519 -0.186534 2.574709 0.153846
-0.172039 -0.082388 2.699178 0.000000
-0.373206 -0.088357 2.503129 1.000000
-0.006848 -0.189883 2.308984 1.000000
-0.329114 -0.370723 2.581730 1.000000
-0.067815 -0.476494 2.264377 1.000000
-0.334385 -0.431714 2.595250 0.004808
-0.102270 -0.524972 2.244545 1.000000
-0.287259 -0.649480 2.673005 1.000000
-0.052734 -0.590913 2.921685 0.000000
-0.346595 -1.087237 2.658444 1.000000
-0.041688 -0.744720 3.335914 0.000000
-0.361973 -1.080216 2.510029 0.000000
-0.045181 -0.884746 3.284014 0.000000
-0.099170 0.322721 2.123208 1.000000
-0.313378 0.192252 2.402777 1.000000
0.003041 0.133525 2.321202 1.000000
-0.186695 0.135695 2.259280 0.000000
-0.127214 0.108739 2.509402 0.000000
-0.371552 -0.081368 2.638363 0.019231
-0.043832 -0.162854 2.568852 0.201923
-0.174736 -0.067132 2.694533 0.000000
-0.372630 -0.070432 2.504164 1.000000
0.010333 -0.154063 2.326883 1.000000
-0.333573 -0.356767 2.573107 1.000000
-0.052808 -0.436955 2.261676 1.000000
-0.333688 -0.417610 2.588226 0.105769
-0.084866 -0.486068 2.239526 1.000000
-0.287384 -0.635090 2.670738 1.000000
-0.057440 -0.584429 2.894586 0.000000
-0.348369 -1.072845 2.674729 1.000000
-0.043094 -0.734633 3.310034 0.000000
-0.361879 -1.072319 2.525967 0.000000
-0.041837 -0.875089 3.259208 0.000000
-0.111389 0.382000 2.155065 1.000000
-0.317497 0.241157 2.438290 1.000000
-0.001657 0.192724 2.348159 1.000000
-0.191425 0.205688 2.287669 0.000000
-0.131944 0.141106 2.530809 0.000000
-0.351584 -0.071823 2.638107 0.000000
-0.024347 -0.144826 2.557738 0.355769
-0.153796 -0.057260 2.690664 0.000000
-0.355999 -0.035291 2.513382 1.000000
0.040193 -0.092882 2.363072 1.000000
-0.336087 -0.329575 2.558861 1.000000
-0.008220 -0.366486 2.254143 1.000000
-0.332377 -0.385762 2.586424 0.341346
-0.039455 -0.411176 2.223197 1.000000
-0.305945 -0.624279 2.662769 1.000000
-0.075610 -0.654085 2.670764 1.000000
-0.362631 -1.062308 2.679555 1.000000
-0.077515 -0.977120 2.972441 1.000000
-0.392932 -1.063991 2.533295 0.000000
-0.079907 -1.079052 2.863276 0.000000
-0.129562 0.466651 2.206397 1.000000
-0.319227 0.269345 2.452250 1.000000
0.001186 0.229702 2.374869 1.000000
-0.185367 0.246634 2.305948 0.000000
-0.137767 0.163021 2.545883 0.000000
-0.344860 -0.050172 2.622702 0.048077
-0.012377 -0.102444 2.547902 0.346154
-0.149290 -0.023216 2.678561 0.000000
-0.363004 -0.009672 2.510450 1.000000
0.049127 -0.053749 2.397479 1.000000
-0.336095 -0.305357 2.532768 1.000000
0.028664 -0.303577 2.236794 1.000000
-0.330087 -0.367622 2.536944 0.000000
0.005081 -0.348481 2.199945 0.745192
-0.307893 -0.595519 2.650414 1.000000
-0.068440 -0.618999 2.654118 1.000000
-0.359042 -1.033571 2.679712 1.000000
-0.069152 -1.060978 2.649899 1.000000
-0.391847 -1.039479 2.534103 0.000000
-0.103682 -1.059536 2.504577 0.000000
-0.132175 0.518557 2.257362 1.000000
-0.324028 0.290551 2.466030 1.000000
0.001389 0.261749 2.406883 1.000000
-0.180876 0.279134 2.327409 0.014423
-0.146323 0.182384 2.564625 0.000000
-0.336505 -0.040825 2.609594 0.125000
-0.004569 -0.085629 2.527842 0.471154
-0.140457 -0.011879 2.662711 0.000000
-0.368442 0.010827 2.508544 1.000000
0.063278 -0.015915 2.440022 1.000000
-0.318264 -0.280591 2.505962 1.000000
0.093428 -0.210211 2.219141 1.000000
-0.346850 -0.307661 2.554752 0.408654
0.071575 -0.234104 2.165456 0.543269
-0.311717 -0.583353 2.634349 1.000000
-0.071057 -0.606054 2.640270 1.000000
-0.357113 -1.020632 2.680070 1.000000
-0.072068 -1.046882 2.672429 1.000000
-0.394913 -1.031773 2.535987 0.000000
-0.109154 -1.057325 2.528109 0.000000
-0.145005 0.558629 2.300655 1.000000
-0.335336 0.312934 2.475853 1.000000
-0.004268 0.292993 2.461008 1.000000
-0.173963 0.315787 2.358426 0.000000
-0.170744 0.197942 2.588486 0.000000
-0.346626 -0.039313 2.574307 0.298077
-0.004165 -0.065683 2.544353 1.000000
-0.162924 -0.002548 2.657948 0.000000
-0.377426 0.033529 2.503365 1.000000
0.064441 0.017702 2.470429 1.000000
-0.302104 -0.239669 2.428442 1.000000
0.157803 -0.094577 2.216261 1.000000
-0.261591 -0.284631 2.412085 0.408654
0.168241 -0.117489 2.158845 0.257212
-0.315300 -0.579081 2.618371 1.000000
-0.072919 -0.593393 2.625047 1.000000
-0.352000 -1.015294 2.679490 1.000000
-0.070080 -1.032434 2.676026 1.000000
-0.368608 -1.034521 2.532291 0.000000
-0.082204 -1.049683 2.528147 0.000000
-0.149538 0.593822 2.347384 1.000000
-0.351328 0.343194 2.498659 1.000000
-0.022431 0.319974 2.537539 1.000000
-0.172187 0.363906 2.413113 0.000000
-0.207193 0.206863 2.615443 0.000000
-0.355608 -0.017138 2.518449 0.365385
-0.016695 -0.049655 2.572783 1.000000
-0.198732 0.007245 2.648408 0.000000
-0.396618 0.071471 2.454399 1.000000
0.044583 0.049591 2.553215 1.000000
-0.269082 -0.125576 2.287374 1.000000
0.225610 0.083319 2.331670 1.000000
-0.221792 -0.144417 2.250779 0.913462
0.256996 0.135988 2.318576 0.879808
-0.319113 -0.564610 2.585904 1.000000
-0.081864 -0.578784 2.603052 1.000000
-0.346364 -0.997120 2.672832 1.000000
-0.074896 -1.014928 2.674423 1.000000
-0.327456 -1.027461 2.527798 0.000000
-0.047587 -1.038220 2.529424 0.000000
-0.163995 0.624606 2.425188 1.000000
-0.364084 0.348723 2.513313 1.000000
-0.042025 0.327479 2.591095 1.000000
-0.176507 0.383686 2.454736 0.000000
-0.230868 0.201721 2.630120 0.000000
-0.366218 -0.017392 2.510159 0.855769
-0.030615 -0.031909 2.587827 1.000000
-0.221897 -0.000374 2.654990 0.000000
-0.407001 0.103867 2.394554 1.000000
0.043805 0.065768 2.584700 1.000000
-0.243634 -0.032486 2.205774 1.000000
0.249495 0.191576 2.433761 1.000000
-0.198073 -0.023162 2.163730 1.000000
0.269500 0.250947 2.431447 0.829327
-0.321487 -0.565694 2.562465 1.000000
-0.084490 -0.571040 2.593545 1.000000
-0.351285 -0.992993 2.671515 1.000000
-0.074897 -1.005758 2.672868 1.000000
-0.323975 -1.031093 2.529687 0.000000
-0.037228 -1.030900 2.530524 0.000000
-0.172286 0.640383 2.466086 1.000000
-0.368681 0.349749 2.513827 1.000000
-0.071734 0.326379 2.660456 1.000000
-0.173445 0.389064 2.500568 0.000000
-0.262168 0.197464 2.649709 0.000000
-0.364777 -0.018323 2.453080 1.000000
-0.055891 -0.024857 2.606112 1.000000
-0.259409 -0.012645 2.629033 0.000000
-0.409978 0.159430 2.320164 1.000000
0.065373 0.089031 2.643144 1.000000
-0.216081 0.105695 2.120324 1.000000
0.238094 0.304457 2.578499 1.000000
-0.172690 0.127612 2.080733 1.000000
0.238244 0.360157 2.607273 0.778846
-0.321144 -0.564596 2.551473 1.000000
-0.089207 -0.567297 2.586070 1.000000
-0.351464 -0.991583 2.661592 1.000000
-0.071077 -1.002707 2.659921 1.000000
-0.289579 -1.029638 2.531075 0.000000
-0.001859 -1.022035 2.528970 0.000000
-0.188117 0.645851 2.518846 1.000000
-0.371087 0.341226 2.504143 1.000000
-0.092319 0.323611 2.683593 0.000000
-0.175337 0.379628 2.510940 0.000000
-0.281207 0.194665 2.657248 0.000000
-0.360800 -0.022851 2.429417 1.000000
-0.070773 -0.026974 2.615803 1.000000
-0.275938 -0.025770 2.616190 0.000000
-0.403560 0.192404 2.274713 1.000000
0.074444 0.104632 2.692487 1.000000
-0.204521 0.171677 2.072701 1.000000
0.212185 0.352015 2.666332 1.000000
-0.155926 0.197843 2.042962 1.000000
0.204598 0.405298 2.698485 0.879808
-0.321098 -0.566022 2.548511 1.000000
-0.089851 -0.569581 2.587120 1.000000
-0.347966 -0.992933 2.659819 1.000000
-0.063505 -1.005041 2.658150 1.000000
-0.270778 -1.029725 2.537340 0.000000
0.019618 -1.020106 2.534957 0.000000
-0.194394 0.648408 2.551509 1.000000
-0.384673 0.331642 2.496871 1.000000
-0.110490 0.308752 2.682677 0.000000
-0.189022 0.369100 2.509387 0.000000
-0.299104 0.181203 2.648679 0.000000
-0.364995 -0.036020 2.419728 1.000000
-0.080972 -0.035454 2.615183 1.000000
-0.285800 -0.045375 2.608765 0.000000
-0.408903 0.229200 2.248398 0.938462
0.078846 0.124742 2.738470 1.000000
-0.208992 0.227114 2.054319 1.000000
0.178501 0.384896 2.733550 1.000000
-0.162070 0.247973 2.018351 1.000000
0.161752 0.437737 2.762839 0.644231
-0.324809 -0.575840 2.543514 1.000000
-0.091514 -0.578597 2.583631 1.000000
-0.348790 -1.001933 2.658551 1.000000
-0.054547 -1.011369 2.665519 1.000000
-0.267649 -1.038859 2.538694 0.000000
0.031954 -1.026836 2.544724 0.000000
-0.201624 0.644223 2.573238 0.971154
-0.395249 0.302430 2.489063 0.000000
-0.129092 0.286027 2.686839 0.000000
-0.204710 0.355565 2.515710 0.000000
-0.303282 0.146242 2.631004 0.000000
-0.355077 -0.046701 2.401640 1.000000
-0.081925 -0.053658 2.611907 1.000000
-0.286011 -0.064715 2.593993 0.000000
-0.411101 0.263799 2.228940 0.784615
0.064619 0.148342 2.800535 1.000000
-0.228845 0.288027 2.028459 1.000000
0.123230 0.413937 2.805091 1.000000
-0.186596 0.301630 1.984182 1.000000
0.085331 0.463809 2.807733 0.661058
-0.321190 -0.585460 2.536313 1.000000
-0.081882 -0.591937 2.586598 1.000000
-0.347738 -1.009030 2.659795 1.000000
-0.039104 -1.024039 2.669190 1.000000
-0.260244 -1.047937 2.545147 0.000000
0.054010 -1.037008 2.553111 0.000000
-0.217215 0.622400 2.601186 1.000000
-0.401652 0.282274 2.480155 0.000000
-0.137586 0.273999 2.681214 0.000000
-0.214457 0.344304 2.510959 0.000000
-0.303623 0.127108 2.619129 0.000000
-0.347799 -0.057767 2.391339 1.000000
-0.074037 -0.068847 2.600632 1.000000
-0.278255 -0.078228 2.583274 0.000000
-0.414680 0.275732 2.218372 0.692308
0.059856 0.168704 2.817862 1.000000
-0.240157 0.297688 2.012586 1.000000
0.079259 0.438394 2.804499 1.000000
-0.196955 0.309778 1.968793 1.000000
0.037933 0.485180 2.810309 0.745192
-0.318395 -0.595347 2.533130 1.000000
-0.077195 -0.604932 2.585735 1.000000
-0.345227 -1.017549 2.661152 1.000000
-0.038983 -1.036126 2.675037 1.000000
-0.258161 -1.057803 2.546644 0.000000
0.053669 -1.051959 2.558943 0.000000
-0.222833 0.605348 2.603268 1.000000
-0.396942 0.272304 2.480410 0.009615
-0.125390 0.259016 2.670954 0.000000
-0.208937 0.334243 2.506031 0.000000
-0.293133 0.113340 2.610618 0.000000
-0.343121 -0.065077 2.388019 1.000000
-0.061871 -0.078190 2.587013 1.000000
-0.266642 -0.086359 2.577207 0.000000
-0.426877 0.257391 2.219241 0.661539
0.079811 0.201824 2.825709 1.000000
-0.255247 0.305090 2.013865 1.000000
0.044320 0.468615 2.787312 1.000000
-0.210326 0.309805 1.970387 1.000000
-0.008118 0.501446 2.777165 0.795673
-0.314654 -0.601228 2.534072 1.000000
-0.069209 -0.612776 2.582399 1.000000
-0.340283 -1.023379 2.662506 1.000000
-0.035939 -1.043801 2.674457 1.000000
-0.257730 -1.064174 2.544889 0.000000
0.052252 -1.062434 2.555343 0.000000
-0.228880 0.594667 2.604007 1.000000
-0.360800 0.278629 2.482497 0.375000
-0.106028 0.261268 2.689057 0.000000
-0.169984 0.327208 2.515181 0.028846
-0.279150 0.124535 2.632792 0.000000
-0.318952 -0.054153 2.381620 1.000000
-0.051427 -0.071768 2.598396 1.000000
-0.255174 -0.078140 2.575143 0.000000
-0.448005 0.240224 2.235468 0.907692
0.148034 0.326234 2.725596 1.000000
-0.255215 0.288728 2.047804 1.000000
-0.028660 0.533641 2.747959 1.000000
-0.197781 0.280445 2.024071 1.000000
-0.086366 0.534244 2.772456 0.627404
-0.310813 -0.588891 2.532218 1.000000
-0.068328 -0.608886 2.572203 1.000000
-0.344453 -1.008345 2.667462 1.000000
-0.037535 -1.038551 2.671216 1.000000
-0.256068 -1.051661 2.555103 0.000000
0.057497 -1.057920 2.557608 0.000000
-0.235354 0.603990 2.604093 1.000000
-0.360884 0.266185 2.507511 0.221154
-0.086369 0.269007 2.676669 0.000000
-0.174223 0.335781 2.519871 0.000000
-0.243519 0.115469 2.636002 0.000000
-0.331454 -0.052259 2.402154 1.000000
-0.019499 -0.071364 2.584844 1.000000
-0.231913 -0.073928 2.588600 0.000000
-0.457469 0.201924 2.268551 0.861538
0.112158 0.431664 2.608186 1.000000
-0.251769 0.255754 2.095302 1.000000
-0.051632 0.622340 2.717916 1.000000
-0.191135 0.248876 2.080926 1.000000
-0.110395 0.626234 2.739413 0.055288
-0.311396 -0.588776 2.543319 1.000000
-0.071870 -0.610314 2.567439 1.000000
-0.342161 -1.013727 2.660937 1.000000
-0.032282 -1.037712 2.672926 1.000000
-0.272151 -1.053609 2.535156 0.000000
0.042363 -1.062157 2.545869 0.000000
-0.239385 0.599674 2.600832 1.000000
-0.415274 0.285200 2.543872 1.000000
-0.104854 0.332577 2.607499 1.000000
-0.245616 0.373286 2.486463 0.000000
-0.243657 0.161464 2.634630 0.000000
-0.369262 -0.046627 2.472522 1.000000
-0.012901 -0.038762 2.535779 1.000000
-0.210178 -0.054125 2.613149 0.000000
-0.460324 0.150669 2.318383 0.969231
0.054492 0.517337 2.500513 1.000000
-0.253662 0.220480 2.150803 1.000000
-0.026125 0.762838 2.594832 1.000000
-0.194931 0.208712 2.132292 1.000000
-0.046683 0.817411 2.617844 0.000000
-0.304845 -0.585492 2.550768 1.000000
-0.071637 -0.584376 2.563583 1.000000
-0.346818 -1.010198 2.665777 1.000000
-0.035651 -1.011267 2.672360 1.000000
-0.322400 -1.050960 2.524161 0.000000
-0.008217 -1.045348 2.529536 0.000000
-0.245267 0.640125 2.586638 1.000000
-0.414782 0.284413 2.624000 1.000000
-0.120503 0.356569 2.541152 1.000000
-0.297235 0.372504 2.488866 0.000000
-0.207908 0.185212 2.643034 0.000000
-0.374455 -0.027516 2.555534 0.750000
-0.027493 -0.021750 2.452381 1.000000
-0.169227 -0.031364 2.610367 0.000000
-0.463907 0.112180 2.425396 1.000000
-0.069411 0.596442 2.434515 1.000000
-0.278837 0.123629 2.220780 1.000000
-0.020297 0.834727 2.303909 1.000000
-0.226855 0.122839 2.185741 1.000000
-0.010349 0.896398 2.298594 0.997596
-0.304478 -0.572028 2.559911 1.000000
-0.073184 -0.559885 2.565583 1.000000
-0.344054 -0.997740 2.672015 1.000000
-0.038182 -0.986773 2.674697 1.000000
-0.385698 -1.030638 2.532386 0.000000
-0.078050 -1.025482 2.536043 0.019231
-0.240822 0.650112 2.594533 1.000000
-0.413871 0.291372 2.655980 1.000000
-0.136964 0.338862 2.516760 1.000000
-0.318940 0.359609 2.494206 0.254808
-0.210806 0.183127 2.649084 0.000000
-0.369273 -0.031145 2.593872 0.692308
-0.045668 -0.028052 2.431616 1.000000
-0.157615 -0.034194 2.612089 0.000000
-0.445408 0.087578 2.484760 1.000000
-0.098027 0.572815 2.391889 1.000000
-0.307928 0.041777 2.248975 1.000000
-0.087003 0.769952 2.197960 1.000000
-0.259788 0.039702 2.208867 1.000000
-0.078015 0.791429 2.139750 0.375000
-0.311065 -0.576922 2.574507 1.000000
-0.076778 -0.563342 2.568659 1.000000
-0.352121 -1.007578 2.665139 1.000000
-0.035268 -0.991220 2.671427 1.000000
-0.418446 -1.029057 2.533031 0.000000
-0.099479 -1.028575 2.541833 0.019231
-0.239612 0.648587 2.591950 1.000000
-0.420825 0.292560 2.659182 1.000000
-0.144539 0.327527 2.507198 1.000000
-0.330446 0.343654 2.488713 0.129808
-0.216736 0.186035 2.659159 0.000000
-0.368459 -0.038295 2.613170 0.086538
-0.049057 -0.040475 2.442775 1.000000
-0.156488 -0.044894 2.626022 0.000000
-0.441601 0.053141 2.539261 1.000000
-0.126322 0.507495 2.308669 1.000000
-0.339603 -0.023908 2.293165 0.769231
-0.119262 0.679679 2.091400 1.000000
-0.315607 -0.066343 2.253745 1.000000
-0.117894 0.695441 2.030735 0.543269
-0.314288 -0.584930 2.598546 1.000000
-0.075509 -0.576001 2.569556 1.000000
-0.351435 -1.020386 2.664590 1.000000
-0.030057 -1.004708 2.667068 1.000000
-0.421946 -1.034233 2.533634 0.000000
-0.097897 -1.041022 2.539037 0.000000
-0.253626 0.645861 2.565317 1.000000
-0.406807 0.342937 2.651826 1.000000
-0.124910 0.340973 2.495017 0.836538
-0.313076 0.374431 2.478444 0.000000
-0.214316 0.216805 2.657960 0.000000
-0.381819 -0.025516 2.633291 0.500000
-0.063165 -0.019858 2.461581 1.000000
-0.169702 -0.024426 2.645345 0.000000
-0.451706 0.078001 2.634658 1.000000
-0.106238 0.433941 2.243005 1.000000
-0.412355 -0.124786 2.448581 1.000000
-0.128958 0.572014 2.002765 1.000000
-0.411373 -0.171235 2.406486 0.879808
-0.134265 0.603347 1.948723 0.000000
-0.318057 -0.571034 2.612167 1.000000
-0.083173 -0.561119 2.567137 1.000000
-0.355375 -1.008560 2.662585 1.000000
-0.036123 -0.989984 2.663188 1.000000
-0.426150 -1.017646 2.531355 0.000000
-0.102793 -1.026121 2.534494 0.000000
-0.252873 0.673004 2.563404 0.975962
-0.391443 0.386293 2.654495 1.000000
-0.109123 0.352995 2.491781 0.000000
-0.297397 0.405756 2.479523 0.000000
-0.212731 0.241273 2.660085 0.000000
-0.389455 -0.001914 2.646317 0.182692
-0.077030 -0.007567 2.463519 1.000000
-0.177043 -0.002472 2.650900 0.000000
-0.456832 0.119433 2.647320 1.000000
-0.113908 0.383549 2.218680 0.876923
-0.439160 -0.146565 2.550015 1.000000
-0.125845 0.483489 1.953340 1.000000
-0.441226 -0.196308 2.511912 1.000000
-0.133361 0.473897 1.891842 0.358173
-0.327474 -0.551055 2.620428 1.000000
-0.093472 -0.546557 2.564914 1.000000
-0.353876 -0.990023 2.664849 1.000000
-0.039649 -0.975050 2.659044 1.000000
-0.429519 -0.998480 2.536320 0.000000
-0.110840 -1.011695 2.532941 0.000000
-0.254971 0.686645 2.562020 0.701923
-0.410675 0.365222 2.659348 1.000000
-0.119773 0.355803 2.499625 0.000000
-0.315036 0.395105 2.486724 0.000000
-0.221976 0.233497 2.665744 0.000000
-0.401458 -0.004416 2.657548 0.269231
-0.094336 -0.007897 2.465922 1.000000
-0.189000 -0.004316 2.656096 0.000000
-0.470083 0.098212 2.684850 1.000000
-0.097457 0.281683 2.236030 0.215385
-0.473783 -0.177140 2.616792 1.000000
-0.119188 0.373974 1.968683 0.875000
-0.464922 -0.225954 2.578463 1.000000
-0.124074 0.394301 1.909578 0.000000
-0.333876 -0.553528 2.623961 1.000000
-0.097916 -0.545775 2.567068 1.000000
-0.357572 -0.992545 2.669422 1.000000
-0.048482 -0.975688 2.657043 1.000000
-0.436597 -1.001374 2.542970 0.000000
-0.122904 -1.010361 2.532256 0.000000
-0.309092 0.678137 2.558924 0.658654
-0.444689 0.334812 2.674638 1.000000
-0.155609 0.354036 2.512505 0.855769
-0.353644 0.376635 2.502010 0.000000
-0.245307 0.219733 2.676568 0.000000
-0.413569 -0.014298 2.650377 0.798077
-0.098364 -0.011822 2.472342 1.000000
-0.201289 -0.010267 2.658203 0.000000
-0.478110 0.058057 2.708065 1.000000
-0.081471 0.221070 2.276599 0.800000
-0.526605 -0.227709 2.713101 1.000000
-0.095904 0.110448 2.009029 0.567308
-0.521331 -0.289499 2.703895 0.812500
-0.106383 0.082269 1.954014 1.000000
-0.340773 -0.561150 2.631540 1.000000
-0.104742 -0.551107 2.576154 1.000000
-0.353027 -1.000843 2.674946 1.000000
-0.056776 -0.978679 2.677370 1.000000
-0.426602 -1.011582 2.545392 0.000000
-0.124548 -1.016496 2.549739 0.000000
-0.306746 0.658679 2.543219 0.932692
-0.429865 0.330955 2.668728 1.000000
-0.131593 0.345863 2.523691 1.000000
-0.327433 0.379205 2.504355 0.000000
-0.236604 0.205939 2.673337 0.000000
-0.421189 -0.027604 2.642909 0.451923
-0.097277 -0.017850 2.481533 0.548077
-0.209764 -0.018445 2.661773 0.000000
-0.471775 0.054735 2.711518 1.000000
-0.069883 0.131129 2.350584 1.000000
-0.530641 -0.229702 2.739750 1.000000
-0.089264 -0.074987 2.144898 1.000000
-0.533159 -0.289571 2.758183 0.661058
-0.091889 -0.126346 2.109039 1.000000
-0.340856 -0.572078 2.633718 1.000000
-0.103780 -0.558248 2.588087 1.000000
-0.352699 -1.011736 2.677581 1.000000
-0.067019 -0.987164 2.688304 1.000000
-0.419174 -1.023242 2.544307 0.000000
-0.127774 -1.023128 2.556668 0.000000
-0.298657 0.657383 2.530137 1.000000
