-0.328869 0.377389 2.486524 1.000000
0.011431 0.399404 2.407710 1.000000
-0.193621 0.433979 2.309152 0.000000
-0.130561 0.264719 2.534146 0.000000
-0.357258 0.037866 2.450809 0.500000
0.035630 0.036770 2.361105 0.942308
-0.134896 0.046478 2.519362 0.000000
-0.410431 0.100409 2.510419 1.000000
0.089752 0.120774 2.420837 1.000000
-0.420380 -0.196472 2.445994 1.000000
0.075364 -0.170674 2.335756 1.000000
-0.412181 -0.249173 2.485812 0.543269
0.045558 -0.229420 2.345268 0.846154
-0.261804 -0.468417 2.489946 1.000000
-0.042973 -0.461050 2.492126 1.000000
-0.271618 -0.879466 2.576396 1.000000
-0.024494 -0.872577 2.574797 1.000000
-0.306945 -0.909877 2.427785 0.000000
-0.058452 -0.903979 2.426073 0.000000
-0.164734 0.673970 2.309504 1.000000
-0.328754 0.381570 2.478372 1.000000
0.014892 0.396690 2.413729 1.000000
-0.185194 0.433452 2.306168 0.000000
-0.134647 0.266165 2.535750 0.000000
-0.360312 0.036160 2.433038 0.538462
0.038905 0.036540 2.377950 0.875000
-0.144817 0.046071 2.520688 0.000000
-0.411111 0.104888 2.495846 1.000000
0.089167 0.117769 2.431823 1.000000
-0.414710 -0.188481 2.418521 1.000000
0.071781 -0.180183 2.377239 1.000000
-0.403519 -0.247356 2.447479 0.661058
0.025715 -0.226530 2.364593 0.745192
-0.261818 -0.469053 2.487818 1.000000
-0.040249 -0.462251 2.495675 1.000000
-0.274467 -0.880639 2.571214 1.000000
-0.029236 -0.874051 2.578240 1.000000
-0.296164 -0.910626 2.419926 0.000000
-0.049654 -0.904930 2.426953 0.000000
-0.158908 0.676705 2.310360 1.000000
-0.330325 0.383352 2.463301 1.000000
0.015990 0.398822 2.415065 1.000000
-0.178773 0.429722 2.296457 0.000000
-0.138552 0.271876 2.534606 0.000000
-0.359387 0.036620 2.433906 0.644231
0.040212 0.037167 2.381669 0.932692
-0.144554 0.048577 2.522913 0.000000
-0.406233 0.106460 2.469867 1.000000
0.094408 0.123037 2.431424 1.000000
-0.400622 -0.178459 2.372074 1.000000
0.068286 -0.176512 2.412406 1.000000
-0.389666 -0.243032 2.383916 0.694712
0.036645 -0.234465 2.404024 0.778846
-0.260136 -0.469145 2.485233 1.000000
-0.041087 -0.462580 2.495721 1.000000
-0.270101 -0.880359 2.570702 1.000000
-0.022161 -0.875230 2.572286 1.000000
-0.290948 -0.911284 2.419484 0.000000
-0.041915 -0.904290 2.420552 0.000000
-0.157497 0.672959 2.291923 1.000000
-0.334284 0.382777 2.455292 1.000000
0.012538 0.398775 2.411036 1.000000
-0.180857 0.426301 2.289397 0.000000
-0.142949 0.273686 2.531306 0.000000
-0.363902 0.033284 2.424391 0.807692
0.038132 0.037574 2.396836 0.855769
-0.155101 0.048812 2.526272 0.000000
-0.410697 0.106464 2.451929 1.000000
0.084552 0.121802 2.428323 1.000000
-0.391371 -0.176664 2.352253 1.000000
0.063112 -0.177082 2.402272 1.000000
-0.376777 -0.241576 2.354115 0.661058
0.035214 -0.235657 2.387415 0.846154
-0.261232 -0.470314 2.491369 1.000000
-0.043402 -0.464037 2.499948 1.000000
-0.271814 -0.882721 2.570739 1.000000
-0.022359 -0.876514 2.576827 1.000000
-0.282589 -0.911819 2.418111 0.000000
-0.032407 -0.905488 2.424126 0.000000
-0.162899 0.669040 2.279067 1.000000
-0.335671 0.385653 2.450213 1.000000
0.011020 0.397340 2.403645 1.000000
-0.182810 0.422079 2.282100 0.000000
-0.144775 0.277806 2.529055 0.000000
-0.365096 0.036379 2.442991 0.615385
0.034922 0.034943 2.394076 0.942308
-0.150992 0.051028 2.533345 0.000000
-0.413604 0.111063 2.441671 1.000000
0.085149 0.122011 2.419278 1.000000
-0.382928 -0.169387 2.340885 1.000000
0.053722 -0.172302 2.372977 1.000000
-0.365213 -0.227773 2.314291 0.576923
0.025989 -0.232542 2.367319 1.000000
-0.264733 -0.469530 2.498486 1.000000
-0.043352 -0.464083 2.506777 1.000000
-0.269818 -0.882735 2.574103 1.000000
-0.023919 -0.878622 2.572064 1.000000
-0.289366 -0.910317 2.422066 0.000000
-0.042774 -0.903536 2.419480 0.000000
-0.163176 0.652134 2.248154 1.000000
-0.336311 0.384456 2.430386 1.000000
0.010571 0.390423 2.384159 1.000000
-0.182769 0.408306 2.260648 0.000000
-0.146425 0.280792 2.516904 0.000000
-0.364263 0.030947 2.444870 0.644231
0.037473 0.038715 2.413944 0.817308
-0.155041 0.057387 2.543591 0.000000
-0.411074 0.108818 2.436631 1.000000
0.075500 0.112249 2.381298 1.000000
-0.366974 -0.169945 2.335819 1.000000
0.044225 -0.180877 2.327303 1.000000
-0.347183 -0.229984 2.314996 0.593750
0.019525 -0.240180 2.309894 1.000000
-0.267695 -0.469587 2.518841 1.000000
-0.048174 -0.462974 2.524983 1.000000
-0.266948 -0.885632 2.576943 1.000000
-0.030374 -0.879158 2.579242 1.000000
-0.279010 -0.907131 2.423156 0.000000
-0.041939 -0.899724 2.425290 0.000000
-0.164192 0.630146 2.206321 1.000000
-0.342688 0.376927 2.413774 1.000000
0.003699 0.376366 2.363623 1.000000
-0.190855 0.385518 2.241066 0.024038
-0.152586 0.279267 2.506574 0.000000
-0.363018 0.029008 2.454922 0.548077
0.038838 0.029179 2.424585 0.759615
-0.153593 0.058042 2.552476 0.000000
-0.412266 0.099852 2.434716 1.000000
0.072912 0.098418 2.361458 1.000000
-0.360006 -0.182102 2.344845 1.000000
0.037444 -0.188040 2.277854 1.000000
-0.340607 -0.244227 2.358777 0.576923
0.013929 -0.247516 2.259423 1.000000
-0.267088 -0.472359 2.535178 1.000000
-0.048321 -0.468969 2.540218 1.000000
-0.272476 -0.890637 2.573625 1.000000
-0.029119 -0.887172 2.574883 1.000000
-0.284169 -0.904703 2.418953 0.000000
-0.041464 -0.900560 2.420202 0.000000
-0.170614 0.598216 2.165160 1.000000
-0.348479 0.365223 2.394105 1.000000
-0.002717 0.360907 2.339976 1.000000
-0.198767 0.356780 2.219548 0.043269
-0.156783 0.278256 2.493991 0.000000
-0.362236 0.027511 2.483700 0.576923
0.036312 0.019680 2.424478 0.615385
-0.145986 0.060641 2.563432 0.000000
-0.414465 0.087706 2.435090 1.000000
0.066705 0.081366 2.330648 1.000000
-0.348910 -0.199498 2.367102 1.000000
0.030628 -0.200860 2.228409 1.000000
-0.335290 -0.264562 2.363755 0.509615
0.010755 -0.259180 2.203233 1.000000
-0.273336 -0.475800 2.544727 1.000000
-0.048299 -0.474498 2.551775 1.000000
-0.271825 -0.894932 2.572714 1.000000
-0.028482 -0.893837 2.566592 1.000000
-0.295825 -0.905271 2.419172 0.000000
-0.052916 -0.900422 2.412912 0.000000
-0.170678 0.558778 2.120866 1.000000
-0.353397 0.330929 2.368507 1.000000
-0.009249 0.323669 2.305188 1.000000
-0.208414 0.296696 2.193113 0.000000
-0.157184 0.264620 2.475238 0.000000
-0.366455 0.008845 2.493265 0.740385
0.034279 0.006183 2.450671 0.509615
-0.154654 0.058377 2.576365 0.000000
-0.413560 0.054743 2.434280 1.000000
0.051303 0.040449 2.286633 1.000000
-0.359137 -0.243984 2.411930 1.000000
0.018980 -0.236342 2.163988 1.000000
-0.341764 -0.306511 2.426713 0.492788
-0.005248 -0.292030 2.136751 1.000000
-0.275567 -0.489568 2.554207 1.000000
-0.044591 -0.486049 2.573209 1.000000
-0.268495 -0.909042 2.575209 1.000000
-0.024950 -0.905648 2.573116 1.000000
-0.286348 -0.917079 2.420695 0.000000
-0.042755 -0.906447 2.418389 0.000000
-0.180865 0.463247 2.055157 1.000000
-0.355674 0.303814 2.343499 1.000000
-0.014050 0.285783 2.269552 1.000000
-0.217120 0.242936 2.170144 0.000000
-0.155582 0.253653 2.451828 0.000000
-0.366204 0.006996 2.513812 0.778846
0.030115 -0.013913 2.443792 0.384615
-0.147628 0.057588 2.576132 0.000000
-0.410792 0.031478 2.430811 1.000000
0.044223 0.000949 2.252176 1.000000
-0.354211 -0.268792 2.431718 1.000000
0.010232 -0.278179 2.132607 1.000000
-0.338585 -0.332956 2.440012 0.459135
-0.019163 -0.331208 2.105150 1.000000
-0.272023 -0.492825 2.567148 1.000000
-0.042473 -0.493040 2.596037 0.996154
-0.265845 -0.912738 2.576042 1.000000
-0.030758 -0.912541 2.577983 1.000000
-0.294333 -0.916400 2.422964 0.000000
-0.060807 -0.906808 2.425267 0.000000
-0.186362 0.405999 2.011953 1.000000
-0.360985 0.261403 2.328626 1.000000
-0.021512 0.238614 2.246538 1.000000
-0.226928 0.183991 2.158358 0.000000
-0.157221 0.224428 2.435403 0.000000
-0.365991 -0.007131 2.543908 0.605769
0.021446 -0.039520 2.437828 0.259615
-0.142184 0.046391 2.579473 0.000000
-0.412239 -0.006922 2.432038 1.000000
0.036138 -0.047291 2.230621 1.000000
-0.343079 -0.304468 2.456276 1.000000
0.002347 -0.327867 2.112133 1.000000
-0.334816 -0.368146 2.438761 0.408654
-0.023785 -0.379489 2.079234 1.000000
-0.271714 -0.505786 2.575694 1.000000
-0.024223 -0.499147 2.642212 0.873077
-0.268922 -0.925782 2.581589 1.000000
-0.029691 -0.915088 2.583870 0.069231
-0.311208 -0.928167 2.431708 0.000000
-0.075701 -0.893826 2.436598 0.000000
-0.189896 0.338309 1.984466 1.000000
-0.362885 0.185723 2.309236 1.000000
-0.027252 0.156579 2.214363 1.000000
-0.235554 0.088781 2.143875 0.000000
-0.153751 0.165029 2.409849 0.000000
-0.361353 -0.051000 2.562288 0.336538
0.020246 -0.093690 2.439939 0.048077
-0.136816 0.008600 2.578095 0.000000
-0.412824 -0.073069 2.437378 1.000000
0.021554 -0.132172 2.203041 1.000000
-0.328911 -0.365733 2.480232 1.000000
-0.011861 -0.420259 2.100966 1.000000
-0.332790 -0.431203 2.491575 0.408654
-0.045725 -0.475145 2.084512 1.000000
-0.270725 -0.543829 2.573630 1.000000
-0.058907 -0.548856 2.647277 0.411539
-0.271663 -0.963868 2.574104 1.000000
-0.016002 -0.961883 2.584015 1.000000
-0.319785 -0.963928 2.425974 0.000000
-0.079410 -0.946803 2.442558 0.000000
-0.192332 0.218480 1.949873 1.000000
-0.366892 0.116136 2.293089 1.000000
-0.027480 0.101775 2.208868 1.000000
-0.229169 0.016760 2.137809 0.000000
-0.159926 0.115021 2.400103 0.000000
-0.363958 -0.095491 2.564201 0.230769
0.020834 -0.120842 2.447149 0.000000
-0.143152 -0.023445 2.580719 0.000000
-0.414229 -0.127776 2.449438 1.000000
0.017939 -0.187774 2.192202 1.000000
-0.314218 -0.416688 2.486560 1.000000
-0.017068 -0.480686 2.103728 1.000000
-0.294433 -0.476779 2.507240 0.442308
-0.052771 -0.533338 2.084155 1.000000
-0.277488 -0.579416 2.572682 1.000000
0.058377 -0.500801 2.772803 0.153846
-0.263796 -0.999229 2.573350 1.000000
0.028537 -0.919580 2.759968 0.000000
-0.312253 -1.001045 2.425341 0.000000
0.067025 -0.917697 2.609060 0.000000
-0.198093 0.127158 1.936734 1.000000
-0.366154 0.049791 2.303107 1.000000
-0.031025 0.036331 2.203069 1.000000
-0.234736 -0.053586 2.145000 0.000000
-0.154281 0.055021 2.399911 0.375000
-0.381796 -0.139568 2.551075 0.000000
0.009980 -0.169383 2.461456 0.000000
-0.161925 -0.069865 2.582962 0.000000
-0.413950 -0.188311 2.466424 1.000000
0.003273 -0.253977 2.189105 1.000000
-0.294268 -0.470691 2.480785 1.000000
-0.027749 -0.549423 2.111529 1.000000
-0.275220 -0.532236 2.497500 0.375000
-0.058119 -0.605929 2.093790 1.000000
-0.277455 -0.626644 2.569985 1.000000
0.080745 -0.467029 2.845834 0.000000
-0.271465 -1.046339 2.554224 1.000000
0.105368 -0.872696 2.951929 0.000000
-0.306301 -1.041138 2.402508 0.000000
0.106734 -0.912025 2.801233 0.000000
-0.206194 0.039975 1.939377 1.000000
-0.374306 -0.057851 2.285801 1.000000
-0.044499 -0.043018 2.187569 1.000000
-0.207138 -0.197871 2.212286 0.000000
-0.180417 0.059070 2.340798 1.000000
-0.386126 -0.188416 2.602905 0.701923
-0.017313 -0.179443 2.440717 0.076923
-0.174239 -0.092821 2.589342 0.000000
-0.413708 -0.253627 2.498850 1.000000
-0.012274 -0.333239 2.185496 1.000000
-0.286044 -0.531518 2.480673 1.000000
-0.033214 -0.633191 2.126831 1.000000
-0.271961 -0.596326 2.475048 0.173077
-0.057623 -0.694138 2.115890 1.000000
-0.285085 -0.653668 2.564209 1.000000
0.075769 -0.447405 2.874842 0.000000
-0.266666 -1.073227 2.556811 1.000000
0.143131 -0.796696 3.098185 0.000000
-0.332676 -1.073637 2.415742 0.000000
0.103255 -0.883186 2.974948 0.000000
-0.216837 -0.095506 1.912294 1.000000
-0.356736 -0.043397 2.307825 1.000000
-0.037183 -0.088129 2.182855 1.000000
-0.223170 -0.211476 2.224972 0.000000
-0.141573 0.038260 2.344228 0.750000
-0.379863 -0.141605 2.637353 1.000000
-0.041588 -0.202165 2.426849 0.384615
-0.156424 -0.090757 2.596023 0.000000
-0.428704 -0.267148 2.477267 1.000000
-0.020309 -0.377326 2.188731 1.000000
-0.276925 -0.530516 2.478817 1.000000
-0.032849 -0.676450 2.136097 1.000000
-0.267236 -0.586993 2.444956 0.038462
-0.053171 -0.739566 2.130325 1.000000
-0.284624 -0.633498 2.564356 1.000000
0.025069 -0.439870 2.895875 0.000000
-0.265215 -1.052805 2.549316 1.000000
0.151492 -0.770288 3.122288 0.000000
-0.341728 -1.051481 2.413662 0.000000
0.063317 -0.864092 3.034628 0.000000
-0.214903 -0.168698 1.939618 1.000000
0.000000 0.000000 0.000000 0.000000
0.000000 0.000000 0.000000 0.000000
0.000000 0.000000 0.000000 0.000000
0.000000 0.000000 0.000000 0.000000
0.000000 0.000000 0.000000 0.000000
0.000000 0.000000 0.000000 0.000000
0.000000 0.000000 0.000000 0.000000
0.000000 0.000000 0.000000 0.000000
0.000000 0.000000 0.000000 0.000000
0.000000 0.000000 0.000000 0.000000
0.000000 0.000000 0.000000 0.000000
0.000000 0.000000 0.000000 0.000000
0.000000 0.000000 0.000000 0.000000
0.000000 0.000000 0.000000 0.000000
0.000000 0.000000 0.000000 0.000000
0.000000 0.000000 0.000000 0.000000
0.000000 0.000000 0.000000 0.000000
0.000000 0.000000 0.000000 0.000000
0.000000 0.000000 0.000000 0.000000
0.000000 0.000000 0.000000 0.000000
0.000000 0.000000 0.000000 0.000000
0.000000 0.000000 0.000000 0.000000
0.000000 0.000000 0.000000 0.000000
0.000000 0.000000 0.000000 0.000000
0.000000 0.000000 0.000000 0.000000
0.000000 0.000000 0.000000 0.000000
0.000000 0.000000 0.000000 0.000000
0.000000 0.000000 0.000000 0.000000
0.000000 0.000000 0.000000 0.000000
0.000000 0.000000 0.000000 0.000000
0.000000 0.000000 0.000000 0.000000
0.000000 0.000000 0.000000 0.000000
0.000000 0.000000 0.000000 0.000000
0.000000 0.000000 0.000000 0.000000
0.000000 0.000000 0.000000 0.000000
0.000000 0.000000 0.000000 0.000000
0.000000 0.000000 0.000000 0.000000
0.000000 0.000000 0.000000 0.000000
0.000000 0.000000 0.000000 0.000000
0.000000 0.000000 0.000000 0.000000
0.000000 0.000000 0.000000 0.000000
0.000000 0.000000 0.000000 0.000000
0.000000 0.000000 0.000000 0.000000
0.000000 0.000000 0.000000 0.000000
0.000000 0.000000 0.000000 0.000000
0.000000 0.000000 0.000000 0.000000
0.000000 0.000000 0.000000 0.000000
0.000000 0.000000 0.000000 0.000000
0.000000 0.000000 0.000000 0.000000
0.000000 0.000000 0.000000 0.000000
0.000000 0.000000 0.000000 0.000000
0.000000 0.000000 0.000000 0.000000
0.000000 0.000000 0.000000 0.000000
0.000000 0.000000 0.000000 0.000000
0.000000 0.000000 0.000000 0.000000
0.000000 0.000000 0.000000 0.000000
0.000000 0.000000 0.000000 0.000000
0.000000 0.000000 0.000000 0.000000
0.000000 0.000000 0.000000 0.000000
0.000000 0.000000 0.000000 0.000000
0.000000 0.000000 0.000000 0.000000
0.000000 0.000000 0.000000 0.000000
0.000000 0.000000 0.000000 0.000000
0.000000 0.000000 0.000000 0.000000
0.000000 0.000000 0.000000 0.000000
0.000000 0.000000 0.000000 0.000000
0.000000 0.000000 0.000000 0.000000
0.000000 0.000000 0.000000 0.000000
0.000000 0.000000 0.000000 0.000000
0.000000 0.000000 0.000000 0.000000
0.000000 0.000000 0.000000 0.000000
0.000000 0.000000 0.000000 0.000000
0.000000 0.000000 0.000000 0.000000
0.000000 0.000000 0.000000 0.000000
0.000000 0.000000 0.000000 0.000000
0.000000 0.000000 0.000000 0.000000
0.000000 0.000000 0.000000 0.000000
0.000000 0.000000 0.000000 0.000000
0.000000 0.000000 0.000000 0.000000
0.000000 0.000000 0.000000 0.000000
0.000000 0.000000 0.000000 0.000000
0.000000 0.000000 0.000000 0.000000
0.000000 0.000000 0.000000 0.000000
0.000000 0.000000 0.000000 0.000000
0.000000 0.000000 0.000000 0.000000
0.000000 0.000000 0.000000 0.000000
0.000000 0.000000 0.000000 0.000000
0.000000 0.000000 0.000000 0.000000
0.000000 0.000000 0.000000 0.000000
0.000000 0.000000 0.000000 0.000000
0.000000 0.000000 0.000000 0.000000
0.000000 0.000000 0.000000 0.000000
0.000000 0.000000 0.000000 0.000000
0.000000 0.000000 0.000000 0.000000
0.000000 0.000000 0.000000 0.000000
0.000000 0.000000 0.000000 0.000000
0.000000 0.000000 0.000000 0.000000
0.000000 0.000000 0.000000 0.000000
0.000000 0.000000 0.000000 0.000000
0.000000 0.000000 0.000000 0.000000
0.000000 0.000000 0.000000 0.000000
0.000000 0.000000 0.000000 0.000000
0.000000 0.000000 0.000000 0.000000
0.000000 0.000000 0.000000 0.000000
0.000000 0.000000 0.000000 0.000000
0.000000 0.000000 0.000000 0.000000
0.000000 0.000000 0.000000 0.000000
0.000000 0.000000 0.000000 0.000000
0.000000 0.000000 0.000000 0.000000
0.000000 0.000000 0.000000 0.000000
0.000000 0.000000 0.000000 0.000000
0.000000 0.000000 0.000000 0.000000
0.000000 0.000000 0.000000 0.000000
0.000000 0.000000 0.000000 0.000000
0.000000 0.000000 0.000000 0.000000
0.000000 0.000000 0.000000 0.000000
0.000000 0.000000 0.000000 0.000000
0.000000 0.000000 0.000000 0.000000
0.000000 0.000000 0.000000 0.000000
0.000000 0.000000 0.000000 0.000000
0.000000 0.000000 0.000000 0.000000
0.000000 0.000000 0.000000 0.000000
0.000000 0.000000 0.000000 0.000000
0.000000 0.000000 0.000000 0.000000
0.000000 0.000000 0.000000 0.000000
0.000000 0.000000 0.000000 0.000000
0.000000 0.000000 0.000000 0.000000
0.000000 0.000000 0.000000 0.000000
0.000000 0.000000 0.000000 0.000000
0.000000 0.000000 0.000000 0.000000
0.000000 0.000000 0.000000 0.000000
0.000000 0.000000 0.000000 0.000000
0.000000 0.000000 0.000000 0.000000
0.000000 0.000000 0.000000 0.000000
0.000000 0.000000 0.000000 0.000000
0.000000 0.000000 0.000000 0.000000
0.000000 0.000000 0.000000 0.000000
0.000000 0.000000 0.000000 0.000000
0.000000 0.000000 0.000000 0.000000
0.000000 0.000000 0.000000 0.000000
0.000000 0.000000 0.000000 0.000000
0.000000 0.000000 0.000000 0.000000
0.000000 0.000000 0.000000 0.000000
0.000000 0.000000 0.000000 0.000000
0.000000 0.000000 0.000000 0.000000
0.000000 0.000000 0.000000 0.000000
0.000000 0.000000 0.000000 0.000000
0.000000 0.000000 0.000000 0.000000
0.000000 0.000000 0.000000 0.000000
0.000000 0.000000 0.000000 0.000000
0.000000 0.000000 0.000000 0.000000
0.000000 0.000000 0.000000 0.000000
0.000000 0.000000 0.000000 0.000000
0.000000 0.000000 0.000000 0.000000
0.000000 0.000000 0.000000 0.000000
0.000000 0.000000 0.000000 0.000000
0.000000 0.000000 0.000000 0.000000
0.000000 0.000000 0.000000 0.000000
0.000000 0.000000 0.000000 0.000000
0.000000 0.000000 0.000000 0.000000
0.000000 0.000000 0.000000 0.000000
0.000000 0.000000 0.000000 0.000000
0.000000 0.000000 0.000000 0.000000
0.000000 0.000000 0.000000 0.000000
0.000000 0.000000 0.000000 0.000000
0.000000 0.000000 0.000000 0.000000
0.000000 0.000000 0.000000 0.000000
0.000000 0.000000 0.000000 0.000000
0.000000 0.000000 0.000000 0.000000
0.000000 0.000000 0.000000 0.000000
0.000000 0.000000 0.000000 0.000000
0.000000 0.000000 0.000000 0.000000
0.000000 0.000000 0.000000 0.000000
0.000000 0.000000 0.000000 0.000000
0.000000 0.000000 0.000000 0.000000
0.000000 0.000000 0.000000 0.000000
0.000000 0.000000 0.000000 0.000000
0.000000 0.000000 0.000000 0.000000
0.000000 0.000000 0.000000 0.000000
0.000000 0.000000 0.000000 0.000000
0.000000 0.000000 0.000000 0.000000
0.000000 0.000000 0.000000 0.000000
0.000000 0.000000 0.000000 0.000000
0.000000 0.000000 0.000000 0.000000
0.000000 0.000000 0.000000 0.000000
0.000000 0.000000 0.000000 0.000000
0.000000 0.000000 0.000000 0.000000
0.000000 0.000000 0.000000 0.000000
0.000000 0.000000 0.000000 0.000000
0.000000 0.000000 0.000000 0.000000
0.000000 0.000000 0.000000 0.000000
0.000000 0.000000 0.000000 0.000000
0.000000 0.000000 0.000000 0.000000
0.000000 0.000000 0.000000 0.000000
0.000000 0.000000 0.000000 0.000000
0.000000 0.000000 0.000000 0.000000
0.000000 0.000000 0.000000 0.000000
0.000000 0.000000 0.000000 0.000000
0.000000 0.000000 0.000000 0.000000
0.000000 0.000000 0.000000 0.000000
0.000000 0.000000 0.000000 0.000000
0.000000 0.000000 0.000000 0.000000
0.000000 0.000000 0.000000 0.000000
0.000000 0.000000 0.000000 0.000000
0.000000 0.000000 0.000000 0.000000
0.000000 0.000000 0.000000 0.000000
0.000000 0.000000 0.000000 0.000000
0.000000 0.000000 0.000000 0.000000
0.000000 0.000000 0.000000 0.000000
0.000000 0.000000 0.000000 0.000000
0.000000 0.000000 0.000000 0.000000
0.000000 0.000000 0.000000 0.000000
0.000000 0.000000 0.000000 0.000000
0.000000 0.000000 0.000000 0.000000
0.000000 0.000000 0.000000 0.000000
0.000000 0.000000 0.000000 0.000000
0.000000 0.000000 0.000000 0.000000
0.000000 0.000000 0.000000 0.000000
0.000000 0.000000 0.000000 0.000000
0.000000 0.000000 0.000000 0.000000
0.000000 0.000000 0.000000 0.000000
0.000000 0.000000 0.000000 0.000000
0.000000 0.000000 0.000000 0.000000
0.000000 0.000000 0.000000 0.000000
0.000000 0.000000 0.000000 0.000000
0.000000 0.000000 0.000000 0.000000
0.000000 0.000000 0.000000 0.000000
0.000000 0.000000 0.000000 0.000000
0.000000 0.000000 0.000000 0.000000
0.000000 0.000000 0.000000 0.000000
0.000000 0.000000 0.000000 0.000000
0.000000 0.000000 0.000000 0.000000
0.000000 0.000000 0.000000 0.000000
0.000000 0.000000 0.000000 0.000000
0.000000 0.000000 0.000000 0.000000
0.000000 0.000000 0.000000 0.000000
0.000000 0.000000 0.000000 0.000000
0.000000 0.000000 0.000000 0.000000
0.000000 0.000000 0.000000 0.000000
0.000000 0.000000 0.000000 0.000000
0.000000 0.000000 0.000000 0.000000
0.000000 0.000000 0.000000 0.000000
0.000000 0.000000 0.000000 0.000000
0.000000 0.000000 0.000000 0.000000
0.000000 0.000000 0.000000 0.000000
0.000000 0.000000 0.000000 0.000000
0.000000 0.000000 0.000000 0.000000
0.000000 0.000000 0.000000 0.000000
0.000000 0.000000 0.000000 0.000000
0.000000 0.000000 0.000000 0.000000
0.000000 0.000000 0.000000 0.000000
0.000000 0.000000 0.000000 0.000000
0.000000 0.000000 0.000000 0.000000
0.000000 0.000000 0.000000 0.000000
0.000000 0.000000 0.000000 0.000000
0.000000 0.000000 0.000000 0.000000
0.000000 0.000000 0.000000 0.000000
0.000000 0.000000 0.000000 0.000000
0.000000 0.000000 0.000000 0.000000
0.000000 0.000000 0.000000 0.000000
0.000000 0.000000 0.000000 0.000000
0.000000 0.000000 0.000000 0.000000
0.000000 0.000000 0.000000 0.000000
0.000000 0.000000 0.000000 0.000000
0.000000 0.000000 0.000000 0.000000
0.000000 0.000000 0.000000 0.000000
0.000000 0.000000 0.000000 0.000000
0.000000 0.000000 0.000000 0.000000
0.000000 0.000000 0.000000 0.000000
0.000000 0.000000 0.000000 0.000000
0.000000 0.000000 0.000000 0.000000
0.000000 0.000000 0.000000 0.000000
0.000000 0.000000 0.000000 0.000000
0.000000 0.000000 0.000000 0.000000
0.000000 0.000000 0.000000 0.000000
0.000000 0.000000 0.000000 0.000000
0.000000 0.000000 0.000000 0.000000
0.000000 0.000000 0.000000 0.000000
0.000000 0.000000 0.000000 0.000000
0.000000 0.000000 0.000000 0.000000
0.000000 0.000000 0.000000 0.000000
0.000000 0.000000 0.000000 0.000000
0.000000 0.000000 0.000000 0.000000
0.000000 0.000000 0.000000 0.000000
0.000000 0.000000 0.000000 0.000000
0.000000 0.000000 0.000000 0.000000
0.000000 0.000000 0.000000 0.000000
0.000000 0.000000 0.000000 0.000000
0.000000 0.000000 0.000000 0.000000
0.000000 0.000000 0.000000 0.000000
0.000000 0.000000 0.000000 0.000000
0.000000 0.000000 0.000000 0.000000
0.000000 0.000000 0.000000 0.000000
0.000000 0.000000 0.000000 0.000000
0.000000 0.000000 0.000000 0.000000
0.000000 0.000000 0.000000 0.000000
0.000000 0.000000 0.000000 0.000000
0.000000 0.000000 0.000000 0.000000
0.000000 0.000000 0.000000 0.000000
0.000000 0.000000 0.000000 0.000000
0.000000 0.000000 0.000000 0.000000
0.000000 0.000000 0.000000 0.000000
0.000000 0.000000 0.000000 0.000000
0.000000 0.000000 0.000000 0.000000
0.000000 0.000000 0.000000 0.000000
0.000000 0.000000 0.000000 0.000000
0.000000 0.000000 0.000000 0.000000
0.000000 0.000000 0.000000 0.000000
0.000000 0.000000 0.000000 0.000000
0.000000 0.000000 0.000000 0.000000
0.000000 0.000000 0.000000 0.000000
0.000000 0.000000 0.000000 0.000000
0.000000 0.000000 0.000000 0.000000
0.000000 0.000000 0.000000 0.000000
0.000000 0.000000 0.000000 0.000000
0.000000 0.000000 0.000000 0.000000
0.000000 0.000000 0.000000 0.000000
0.000000 0.000000 0.000000 0.000000
0.000000 0.000000 0.000000 0.000000
0.000000 0.000000 0.000000 0.000000
-0.364503 0.349113 2.417158 1.000000
-0.002281 0.356844 2.487130 1.000000
-0.156758 0.411004 2.307860 0.000000
-0.195049 0.228877 2.526202 0.000000
-0.368464 -0.011101 2.373112 1.000000
0.022430 0.015881 2.448442 1.000000
-0.192073 0.004955 2.508741 0.000000
-0.439274 0.083815 2.402587 1.000000
0.213042 0.229562 2.370421 1.000000
-0.424554 -0.196008 2.323433 1.000000
0.105950 0.176879 2.104829 1.000000
-0.410670 -0.264183 2.311224 1.000000
0.055060 0.136656 2.076865 1.000000
-0.291565 -0.515021 2.418533 1.000000
-0.041779 -0.503758 2.450598 1.000000
-0.276476 -0.925112 2.506583 1.000000
-0.028981 -0.921739 2.414769 0.875481
-0.253759 -0.959654 2.341816 0.000000
0.003808 -0.906506 2.248785 0.000000
-0.160195 0.618762 2.300783 1.000000
-0.343868 0.364692 2.433278 1.000000
0.011318 0.355172 2.532843 0.000000
-0.127210 0.437056 2.351075 0.000000
-0.185137 0.226937 2.537634 0.000000
-0.359548 0.029362 2.343648 1.000000
0.025499 0.034775 2.448103 1.000000
-0.193128 0.029937 2.492213 0.000000
-0.427819 0.099973 2.397678 1.000000
0.188283 0.190105 2.392033 1.000000
-0.424635 -0.170970 2.280131 1.000000
0.133557 0.303615 2.124904 1.000000
-0.402608 -0.231169 2.250458 1.000000
0.083121 0.299937 2.075585 0.930288
-0.287827 -0.481737 2.392177 1.000000
-0.055071 -0.480567 2.420949 1.000000
-0.279889 -0.890021 2.489238 1.000000
-0.049865 -0.899408 2.394025 1.000000
-0.245692 -0.927876 2.327204 0.000000
-0.004752 -0.888343 2.230624 0.000000
-0.158887 0.621172 2.331893 1.000000
-0.330743 0.359413 2.445169 1.000000
0.019287 0.348163 2.561417 0.000000
-0.112245 0.443570 2.381053 0.000000
-0.173837 0.215957 2.544480 0.000000
-0.345200 0.053276 2.324297 1.000000
0.033664 0.032323 2.447683 1.000000
-0.187076 0.028941 2.479769 0.000000
-0.424024 0.098152 2.388476 1.000000
0.219017 0.236294 2.394786 1.000000
-0.404348 -0.161769 2.242623 1.000000
0.135672 0.417567 2.172496 1.000000
-0.389940 -0.226630 2.218641 1.000000
0.088596 0.423157 2.120129 0.879808
-0.283009 -0.465008 2.366035 1.000000
-0.055557 -0.475443 2.395472 1.000000
-0.281487 -0.877155 2.445619 1.000000
-0.041038 -0.894499 2.415019 1.000000
-0.237601 -0.908113 2.284457 0.000000
0.012596 -0.900155 2.253933 0.000000
-0.153614 0.632351 2.384016 1.000000
-0.343986 0.340231 2.455567 1.000000
0.004860 0.297509 2.568005 1.000000
-0.123371 0.431304 2.411192 0.052885
-0.190735 0.175886 2.523145 0.000000
-0.326707 0.054326 2.313693 1.000000
0.052345 0.005270 2.428211 1.000000
-0.167909 0.008423 2.463503 0.000000
-0.412302 0.076864 2.379774 1.000000
0.237450 0.290257 2.407931 1.000000
-0.385384 -0.163200 2.205359 1.000000
0.124700 0.536419 2.283560 1.000000
-0.363888 -0.224132 2.176811 1.000000
0.092197 0.572431 2.232215 1.000000
-0.274105 -0.470581 2.333689 1.000000
-0.053315 -0.492944 2.357548 1.000000
-0.279937 -0.883070 2.411456 1.000000
-0.028059 -0.909136 2.406286 0.897356
-0.240962 -0.914235 2.249076 0.000000
0.020580 -0.925152 2.244313 0.000000
-0.162078 0.616282 2.453730 1.000000
-0.342160 0.334349 2.460394 1.000000
0.009411 0.270197 2.544989 1.000000
-0.120424 0.410913 2.397902 0.000000
-0.194773 0.160838 2.517251 0.000000
-0.309592 0.039228 2.319976 1.000000
0.075177 -0.013303 2.411596 1.000000
-0.142684 -0.010211 2.459491 0.000000
-0.414190 0.071192 2.381073 1.000000
0.251791 0.331097 2.409804 1.000000
-0.376937 -0.164546 2.199739 1.000000
0.104012 0.585516 2.352583 1.000000
-0.356866 -0.226615 2.172641 0.963942
0.079251 0.640611 2.315962 0.795673
-0.267851 -0.484620 2.318991 1.000000
-0.050029 -0.509904 2.337891 1.000000
-0.286388 -0.885786 2.441334 1.000000
-0.031218 -0.924371 2.401998 0.969231
-0.266082 -0.935842 2.280277 0.000000
0.004904 -0.948141 2.237718 0.000000
-0.158387 0.607263 2.471302 1.000000
-0.347377 0.325973 2.461881 1.000000
0.006183 0.257284 2.492898 1.000000
-0.136430 0.397018 2.364988 0.000000
-0.196085 0.150507 2.499092 0.000000
-0.310163 0.023407 2.337661 1.000000
0.083543 -0.015602 2.389375 1.000000
-0.128591 -0.025467 2.457702 0.000000
-0.414975 0.060879 2.382393 1.000000
0.263673 0.355815 2.421114 1.000000
-0.373410 -0.177604 2.204295 1.000000
0.092430 0.602732 2.426452 1.000000
-0.352876 -0.238807 2.175620 0.694712
0.068568 0.664556 2.450909 0.778846
-0.261114 -0.495123 2.302264 1.000000
-0.051502 -0.515573 2.326801 1.000000
-0.287078 -0.892093 2.436435 1.000000
-0.033713 -0.928168 2.402362 1.000000
-0.283312 -0.946693 2.275618 0.000000
-0.016332 -0.957884 2.236012 0.000000
-0.159248 0.601856 2.479063 1.000000
-0.351748 0.319994 2.461878 1.000000
0.000339 0.251863 2.462648 1.000000
-0.149030 0.395203 2.351498 0.000000
-0.197970 0.143753 2.480680 0.000000
-0.313247 0.013368 2.331570 1.000000
0.083989 -0.014081 2.357078 1.000000
-0.122643 -0.027319 2.440113 0.000000
-0.418498 0.051972 2.394003 1.000000
0.247785 0.381435 2.408983 1.000000
-0.380210 -0.195451 2.228648 1.000000
0.070155 0.600410 2.511572 1.000000
-0.366384 -0.260793 2.205648 0.947115
0.075011 0.650052 2.561589 0.408654
-0.260481 -0.502808 2.292803 1.000000
-0.044544 -0.519027 2.320732 1.000000
-0.294707 -0.900855 2.421909 1.000000
-0.024763 -0.924982 2.426042 0.837981
-0.297717 -0.953023 2.260271 0.000000
-0.017879 -0.967288 2.261664 0.000000
-0.156563 0.595708 2.479284 1.000000
-0.349887 0.321121 2.464752 1.000000
0.006298 0.275352 2.442301 1.000000
-0.160922 0.403982 2.336843 0.000000
-0.183813 0.155982 2.479258 0.000000
-0.312201 0.014400 2.338180 1.000000
0.085929 -0.008750 2.325630 1.000000
-0.111369 -0.019517 2.429190 0.000000
-0.424116 0.050920 2.406047 1.000000
0.248400 0.409430 2.368992 1.000000
-0.393155 -0.206450 2.251076 1.000000
0.066305 0.596410 2.520958 1.000000
-0.380133 -0.274084 2.235400 0.896635
0.031923 0.647725 2.555225 0.004808
-0.259055 -0.501593 2.294657 1.000000
-0.041637 -0.515739 2.329475 1.000000
-0.287665 -0.900031 2.423968 1.000000
-0.020342 -0.918387 2.446578 1.000000
-0.304273 -0.951139 2.262817 0.000000
-0.028042 -0.966153 2.283739 0.000000
-0.152097 0.609383 2.473621 1.000000
-0.350416 0.329026 2.466615 1.000000
0.005677 0.306937 2.417495 1.000000
-0.179420 0.412611 2.315922 0.000000
-0.171132 0.178353 2.481344 0.000000
-0.311984 0.023621 2.355081 1.000000
0.082641 0.008154 2.298222 1.000000
-0.101390 -0.002582 2.423859 0.000000
-0.427604 0.054609 2.422930 1.000000
0.217430 0.455514 2.289996 1.000000
-0.410127 -0.210866 2.275371 1.000000
0.050134 0.616516 2.486583 1.000000
-0.399365 -0.277183 2.253558 0.711538
0.012382 0.655549 2.531759 0.000000
-0.254587 -0.491302 2.302424 1.000000
-0.037509 -0.500174 2.344106 1.000000
-0.287546 -0.889576 2.431243 1.000000
-0.019934 -0.903618 2.459113 1.000000
-0.317475 -0.938790 2.271431 0.000000
-0.044178 -0.950687 2.297700 0.000000
-0.154712 0.632367 2.464303 1.000000
-0.352457 0.338649 2.485503 1.000000
-0.015980 0.357537 2.362269 1.000000
-0.231371 0.419634 2.291302 0.000000
-0.151294 0.218009 2.479039 0.000000
-0.332487 0.015593 2.384322 1.000000
0.051246 0.028505 2.275773 1.000000
-0.113296 0.015091 2.425816 0.000000
-0.422885 0.060674 2.442485 1.000000
0.106709 0.535949 2.169403 1.000000
-0.425315 -0.207387 2.295155 1.000000
0.029786 0.821614 2.247166 1.000000
-0.419878 -0.277786 2.293138 0.728365
0.014743 0.889239 2.260956 0.000000
-0.254169 -0.493673 2.333070 1.000000
-0.030968 -0.482462 2.385592 1.000000
-0.279186 -0.886216 2.480042 1.000000
-0.007626 -0.891870 2.475909 1.000000
-0.323544 -0.941228 2.325563 0.000000
-0.051578 -0.929605 2.316216 0.000000
-0.169433 0.667159 2.444445 1.000000
-0.367095 0.338804 2.495191 1.000000
-0.037908 0.368080 2.362885 1.000000
-0.254746 0.421958 2.296703 0.000000
-0.162018 0.225324 2.483909 0.000000
-0.342545 0.021187 2.392372 0.451923
0.036872 0.045843 2.271394 1.000000
-0.122415 0.031861 2.426954 0.000000
-0.415899 0.058427 2.446766 1.000000
0.019762 0.573575 2.168504 1.000000
-0.420885 -0.212781 2.308335 1.000000
0.030842 0.799355 1.964440 1.000000
-0.429024 -0.272977 2.272281 0.139423
0.033092 0.851921 1.917308 0.000000
-0.246579 -0.485656 2.347757 1.000000
-0.024743 -0.462954 2.407750 1.000000
-0.276969 -0.877000 2.496924 1.000000
-0.002749 -0.875932 2.480483 1.000000
-0.321328 -0.932387 2.342580 0.000000
-0.051364 -0.906672 2.320642 0.000000
-0.182254 0.672674 2.422255 1.000000
-0.359062 0.336607 2.509184 1.000000
-0.041952 0.380662 2.347058 1.000000
-0.269329 0.414335 2.297427 0.000000
-0.147528 0.237368 2.487577 0.000000
-0.338698 0.024304 2.434718 0.394231
0.015795 0.032635 2.251780 1.000000
-0.115705 0.030121 2.431969 0.000000
-0.414838 0.059196 2.458166 1.000000
-0.021440 0.556535 2.120523 1.000000
-0.411349 -0.214585 2.327664 1.000000
-0.025348 0.721071 1.865745 1.000000
-0.403448 -0.274026 2.290328 0.290865
-0.039763 0.728449 1.796989 1.000000
-0.249874 -0.487209 2.367395 1.000000
-0.027588 -0.464585 2.429230 1.000000
-0.270530 -0.881184 2.511233 0.994231
-0.010149 -0.870966 2.533547 1.000000
-0.336868 -0.931736 2.363242 0.000000
-0.083947 -0.911973 2.386137 0.000000
-0.197692 0.677554 2.400693 1.000000
-0.353205 0.366458 2.467883 1.000000
-0.011693 0.376567 2.340589 1.000000
-0.234506 0.414863 2.261723 0.000000
-0.147062 0.255472 2.483664 0.000000
-0.349661 0.027583 2.428692 0.288462
0.020783 0.039488 2.280942 1.000000
-0.127521 0.035649 2.447550 0.000000
-0.410582 0.087020 2.488256 1.000000
0.005358 0.439329 2.062087 1.000000
-0.397134 -0.191953 2.374169 1.000000
-0.110933 0.564983 1.813672 1.000000
-0.392524 -0.256184 2.345136 0.105769
-0.114550 0.574368 1.743754 0.358173
-0.251197 -0.483076 2.409984 1.000000
-0.026985 -0.458086 2.450671 1.000000
-0.277215 -0.885088 2.528523 1.000000
0.003520 -0.868220 2.535532 1.000000
-0.336148 -0.926628 2.374709 0.000000
-0.056337 -0.904689 2.380792 0.000000
-0.205867 0.687437 2.360446 1.000000
-0.339491 0.386294 2.471057 1.000000
0.007290 0.386839 2.344946 0.000000
-0.215894 0.447714 2.271342 0.000000
-0.141228 0.260871 2.475853 0.000000
-0.353518 0.036686 2.426010 0.413462
0.025608 0.043397 2.301836 1.000000
-0.132951 0.043363 2.458762 0.000000
-0.415270 0.112932 2.499542 1.000000
0.019143 0.378650 2.060212 1.000000
-0.397802 -0.173685 2.410105 1.000000
-0.109048 0.454152 1.798833 1.000000
-0.375816 -0.240297 2.401788 1.000000
-0.107475 0.451505 1.728262 0.862981
-0.253498 -0.474077 2.436578 1.000000
-0.031898 -0.455090 2.460219 1.000000
-0.278066 -0.882277 2.532061 1.000000
-0.000073 -0.862251 2.557967 1.000000
-0.329860 -0.916164 2.373863 0.000000
-0.050481 -0.903835 2.401164 0.000000
-0.206091 0.688979 2.333291 1.000000
-0.332619 0.391925 2.470727 1.000000
0.012226 0.375292 2.340472 0.000000
-0.209590 0.441604 2.267429 0.000000
-0.138961 0.259598 2.477656 0.000000
-0.354576 0.041261 2.430544 0.201923
0.025051 0.036371 2.307822 1.000000
-0.134039 0.044809 2.463982 0.000000
-0.418447 0.123370 2.507223 1.000000
0.033466 0.309001 2.064837 1.000000
-0.406170 -0.167294 2.434392 1.000000
-0.094509 0.333694 1.794739 1.000000
-0.393146 -0.236658 2.431450 1.000000
-0.125853 0.281666 1.758679 1.000000
-0.262782 -0.470982 2.457514 1.000000
-0.036281 -0.459094 2.467149 1.000000
-0.271004 -0.883352 2.536483 1.000000
-0.005986 -0.868175 2.557079 1.000000
-0.324025 -0.912686 2.377783 0.000000
-0.057451 -0.906561 2.399804 0.000000
-0.204339 0.678636 2.312048 1.000000
-0.344568 0.397418 2.483844 1.000000
-0.001281 0.410393 2.349136 1.000000
-0.228547 0.460744 2.280219 0.000000
-0.141153 0.280451 2.485564 0.000000
-0.353530 0.059726 2.447932 0.317308
0.018059 0.043033 2.303558 1.000000
-0.131391 0.058852 2.468427 0.000000
-0.421274 0.126000 2.516249 1.000000
0.055393 0.252328 2.120214 1.000000
-0.422588 -0.170330 2.472843 1.000000
-0.061145 0.124560 1.875691 1.000000
-0.412219 -0.239677 2.481393 0.661058
-0.080605 0.066404 1.840637 1.000000
-0.272328 -0.454937 2.473617 1.000000
-0.044263 -0.448175 2.474031 1.000000
-0.269194 -0.869213 2.542354 1.000000
-0.023993 -0.854714 2.577351 1.000000
-0.332662 -0.895473 2.386984 0.000000
-0.085020 -0.896615 2.424453 0.000000
-0.213048 0.674268 2.275521 1.000000
-0.353873 0.382004 2.499640 1.000000
-0.018380 0.407420 2.348117 1.000000
-0.250432 0.449757 2.290728 0.000000
-0.146601 0.272353 2.490870 0.000000
-0.357899 0.052841 2.459570 0.192308
0.005167 0.045416 2.294254 1.000000
-0.134988 0.056784 2.467443 0.000000
-0.427665 0.107776 2.524141 1.000000
0.065302 0.199326 2.172216 1.000000
-0.434763 -0.188793 2.475034 1.000000
-0.027905 0.013137 1.955281 1.000000
-0.423169 -0.258032 2.482861 0.778846
-0.043897 -0.054031 1.940366 1.000000
-0.275830 -0.458234 2.484547 1.000000
-0.051798 -0.446906 2.476130 1.000000
-0.276068 -0.872556 2.553105 1.000000
-0.013998 -0.852673 2.577559 1.000000
-0.347607 -0.897670 2.401089 0.000000
-0.082765 -0.896341 2.428490 0.000000
-0.207395 0.675123 2.293585 1.000000
-0.360204 0.382703 2.500442 1.000000
-0.020460 0.404068 2.358038 1.000000
-0.250156 0.451233 2.295192 0.000000
-0.154712 0.269512 2.495636 0.000000
-0.366778 0.045729 2.455973 0.201923
0.002362 0.048556 2.304550 1.000000
-0.144453 0.053983 2.472427 0.000000
-0.428566 0.106470 2.534287 1.000000
0.069523 0.158061 2.241816 1.000000
-0.448900 -0.190240 2.480060 1.000000
0.004569 -0.073019 2.058039 1.000000
-0.446119 -0.257457 2.501596 0.610577
-0.007555 -0.142607 2.057662 1.000000
-0.275655 -0.461495 2.491945 1.000000
-0.056471 -0.447968 2.477965 1.000000
-0.281953 -0.875416 2.562629 1.000000
-0.023951 -0.851270 2.590465 1.000000
-0.346217 -0.900935 2.407463 0.000000
-0.085470 -0.898399 2.439297 0.000000
-0.202114 0.669357 2.291685 1.000000
-0.354739 0.388573 2.505578 1.000000
-0.010105 0.399333 2.374153 1.000000
-0.235368 0.459312 2.306377 0.000000
-0.154516 0.266246 2.502587 0.000000
-0.375248 0.049374 2.444946 0.269231
0.002999 0.043369 2.318082 1.000000
-0.154349 0.052182 2.475977 0.000000
-0.431231 0.110690 2.525499 1.000000
0.077945 0.126780 2.336352 1.000000
-0.456164 -0.189501 2.479142 1.000000
0.046531 -0.154302 2.222813 1.000000
-0.447553 -0.258085 2.493692 0.610577
0.020267 -0.218173 2.237658 1.000000
-0.276497 -0.459430 2.497437 1.000000
-0.058426 -0.452985 2.474290 1.000000
-0.284112 -0.871514 2.578060 1.000000
-0.021884 -0.854458 2.591998 1.000000
-0.337961 -0.901491 2.419759 0.000000
-0.073847 -0.904299 2.438137 0.000000
-0.191536 0.675979 2.314560 1.000000
-0.353019 0.385654 2.506176 1.000000
-0.003528 0.400386 2.388702 1.000000
-0.225574 0.466184 2.315895 0.000000
-0.153745 0.261771 2.503953 0.000000
-0.377600 0.049903 2.436885 0.298077
0.006892 0.048304 2.330282 1.000000
-0.158685 0.052877 2.479715 0.000000
-0.430785 0.106615 2.511906 1.000000
0.076156 0.121918 2.381703 1.000000
-0.454076 -0.196029 2.476132 1.000000
0.064922 -0.181013 2.342689 1.000000
-0.442511 -0.263604 2.493150 0.610577
0.027688 -0.240715 2.336438 0.997596
-0.275832 -0.457793 2.493900 1.000000
-0.057785 -0.450606 2.475136 1.000000
-0.281697 -0.867975 2.583849 1.000000
-0.024611 -0.854038 2.587013 1.000000
-0.326814 -0.902440 2.423743 0.000000
-0.068017 -0.901231 2.429704 0.000000
-0.186322 0.671803 2.320412 1.000000
-0.354517 0.389323 2.488126 1.000000
0.002131 0.400113 2.394069 1.000000
-0.214701 0.459591 2.302523 0.000000
-0.154997 0.267244 2.506846 0.000000
-0.379532 0.051569 2.426765 0.403846
0.010053 0.046690 2.340734 1.000000
-0.163181 0.053304 2.481138 0.000000
-0.429313 0.109735 2.508440 1.000000
0.059641 0.117223 2.423102 1.000000
-0.444604 -0.190507 2.451020 1.000000
0.058363 -0.188726 2.431435 1.000000
-0.435298 -0.251766 2.484938 0.257212
0.022845 -0.248881 2.441904 1.000000
-0.278644 -0.456971 2.490847 1.000000
-0.058459 -0.452383 2.475766 1.000000
-0.274011 -0.867123 2.581018 1.000000
-0.022064 -0.856666 2.583504 1.000000
-0.311107 -0.903118 2.419198 0.000000
-0.057519 -0.902419 2.423795 0.000000
-0.181405 0.677259 2.316448 1.000000
-0.353194 0.391645 2.486744 1.000000
0.008207 0.395525 2.412343 1.000000
-0.201638 0.464561 2.311676 0.000000
-0.158352 0.263237 2.511438 0.000000
-0.377625 0.050176 2.426844 0.423077
0.012929 0.049394 2.345184 1.000000
-0.161923 0.053471 2.483666 0.000000
-0.430839 0.112045 2.496485 1.000000
0.065225 0.113243 2.449304 1.000000
-0.434865 -0.184089 2.418375 1.000000
0.059231 -0.191554 2.478888 1.000000
-0.419969 -0.250324 2.398864 0.593750
0.030168 -0.255512 2.471509 1.000000
-0.278318 -0.458203 2.485495 1.000000
-0.056711 -0.450635 2.480373 1.000000
-0.281607 -0.868785 2.573768 1.000000
-0.015924 -0.855430 2.584572 1.000000
-0.316579 -0.903459 2.411188 0.000000
-0.049455 -0.900105 2.424143 0.000000
-0.175605 0.674520 2.324841 1.000000
-0.351771 0.391439 2.481911 1.000000
0.012394 0.398349 2.422770 1.000000
-0.193534 0.466729 2.313901 0.000000
-0.157226 0.264172 2.513807 0.000000
-0.377281 0.047307 2.416949 0.461538
0.016516 0.054696 2.353155 0.923077
-0.164473 0.053681 2.483573 0.000000
-0.426721 0.110976 2.483536 1.000000
0.070215 0.115432 2.452672 1.000000
-0.427519 -0.179145 2.385459 1.000000
0.068691 -0.190269 2.470963 1.000000
-0.426688 -0.241174 2.419243 0.442308
0.032573 -0.250180 2.461169 1.000000
-0.275249 -0.458535 2.480881 1.000000
-0.054855 -0.449338 2.476655 1.000000
-0.283358 -0.868520 2.571592 1.000000
-0.019336 -0.853532 2.585042 1.000000
-0.310110 -0.904256 2.407687 0.000000
-0.044292 -0.899095 2.423305 0.000000
-0.170505 0.672001 2.321778 1.000000
-0.351656 0.395451 2.479852 1.000000
0.014846 0.398911 2.437124 1.000000
-0.185139 0.472906 2.321084 0.000000
-0.160339 0.264748 2.516954 0.000000
-0.375517 0.052661 2.395943 0.807692
0.022751 0.055971 2.372020 0.961538
-0.170402 0.054863 2.483634 0.000000
-0.428645 0.116057 2.468149 1.000000
0.071558 0.114726 2.449281 1.000000
-0.419632 -0.168970 2.357261 1.000000
0.065624 -0.190670 2.431511 1.000000
-0.405516 -0.237719 2.349262 0.762019
0.035333 -0.250883 2.452641 0.947115
-0.272038 -0.454473 2.471394 1.000000
-0.052907 -0.449293 2.472121 1.000000
-0.284994 -0.862852 2.568575 1.000000
-0.018779 -0.851087 2.589516 1.000000
-0.295200 -0.901801 2.403540 0.000000
-0.026762 -0.899301 2.426823 0.000000
-0.167151 0.674182 2.329624 1.000000
-0.346885 0.400434 2.483482 1.000000
0.019586 0.403082 2.440436 1.000000
-0.180262 0.478791 2.325269 0.000000
-0.155965 0.268771 2.519204 0.000000
-0.373998 0.055100 2.395140 0.865385
0.024232 0.061309 2.371153 0.971154
-0.168856 0.056593 2.482785 0.000000
-0.427208 0.122896 2.465024 1.000000
0.073400 0.118648 2.445045 1.000000
-0.417774 -0.156715 2.342522 1.000000
0.059213 -0.184035 2.406831 1.000000
-0.410969 -0.223688 2.321120 0.576923
0.024465 -0.244747 2.416641 0.812500
-0.271232 -0.451707 2.465882 1.000000
-0.053079 -0.445079 2.469685 1.000000
-0.285729 -0.859251 2.566300 1.000000
-0.023674 -0.848719 2.581918 1.000000
-0.295898 -0.899479 2.401571 0.000000
-0.031723 -0.894720 2.418588 0.000000
-0.162714 0.681311 2.337981 1.000000
-0.347663 0.398530 2.482617 1.000000
0.019299 0.404431 2.444345 1.000000
-0.179585 0.480946 2.328048 0.000000
-0.156307 0.267499 2.518333 0.000000
-0.374200 0.058226 2.392389 0.798077
0.024177 0.061650 2.370364 0.951923
-0.169477 0.056877 2.481009 0.000000
-0.427231 0.121434 2.460411 1.000000
0.071954 0.120156 2.439729 1.000000
-0.415666 -0.153546 2.328907 1.000000
0.054723 -0.178483 2.380076 1.000000
-0.407610 -0.222352 2.315109 0.560096
0.018013 -0.238776 2.382695 0.795673
-0.270423 -0.449503 2.462761 1.000000
-0.052008 -0.443620 2.467754 1.000000
-0.281381 -0.856237 2.566851 1.000000
-0.019387 -0.846636 2.581338 1.000000
-0.290989 -0.898043 2.402481 0.000000
-0.026819 -0.893231 2.418148 0.000000
-0.161276 0.683222 2.344641 1.000000
-0.344974 0.396719 2.493489 1.000000
0.020162 0.406839 2.441196 1.000000
-0.183693 0.484580 2.334733 0.000000
-0.151355 0.266499 2.518322 0.000000
-0.376396 0.052128 2.407093 0.596154
0.018327 0.067235 2.350826 0.884615
-0.164743 0.053575 2.477576 0.000000
-0.424877 0.121914 2.466347 1.000000
0.076470 0.124940 2.440150 1.000000
-0.413928 -0.154061 2.341119 1.000000
0.044504 -0.166211 2.361578 1.000000
-0.422376 -0.222673 2.326603 0.560096
0.004808 -0.221817 2.343640 0.475962
-0.268020 -0.452527 2.462067 1.000000
-0.051093 -0.438932 2.465332 1.000000
-0.285581 -0.859568 2.564038 1.000000
-0.023402 -0.840595 2.584872 1.000000
-0.308293 -0.899556 2.400506 0.000000
-0.043612 -0.889986 2.423597 0.000000
-0.157213 0.681160 2.346137 1.000000
-0.345816 0.397357 2.493766 1.000000
0.019742 0.406124 2.444253 1.000000
-0.182835 0.487435 2.338018 0.000000
-0.153236 0.265354 2.517221 0.000000
-0.376192 0.057145 2.395839 0.538462
0.021169 0.066510 2.360940 0.903846
-0.168627 0.054377 2.477547 0.000000
-0.423657 0.122406 2.470119 1.000000
0.074618 0.125142 2.428310 1.000000
-0.415807 -0.156271 2.352766 1.000000
0.042881 -0.167592 2.359079 1.000000
-0.410652 -0.226091 2.343374 0.846154
-0.004965 -0.213647 2.335008 0.375000
-0.267585 -0.449030 2.457892 1.000000
-0.052645 -0.439562 2.462224 1.000000
-0.279829 -0.855665 2.562240 1.000000
-0.010689 -0.841191 2.577658 1.000000
-0.294088 -0.897337 2.398174 0.000000
-0.023139 -0.889189 2.415182 0.000000
-0.162804 0.678389 2.344676 1.000000
