-0.323904 0.363885 2.644944 1.000000
0.025472 0.362951 2.566844 1.000000
-0.171127 0.392623 2.507525 0.000000
-0.123043 0.226337 2.724616 0.000000
-0.294169 -0.022122 2.668180 0.942308
-0.023934 -0.016589 2.590436 0.451923
-0.124850 -0.007376 2.749046 0.000000
-0.374656 0.109220 2.647538 1.000000
0.070211 0.109562 2.601910 1.000000
-0.378036 -0.170008 2.621714 1.000000
0.069576 -0.166108 2.653408 1.000000
-0.363701 -0.236652 2.625546 0.896635
0.073161 -0.234152 2.657729 0.778846
-0.283035 -0.589992 2.699264 1.000000
-0.019438 -0.584593 2.693125 1.000000
-0.228137 -1.000441 2.803413 0.603606
-0.030273 -1.003819 2.773507 1.000000
-0.294181 -1.046775 2.655624 0.000000
-0.068224 -1.033763 2.612221 0.000000
-0.151057 0.651634 2.456428 1.000000
-0.332767 0.367105 2.635316 1.000000
0.020588 0.358638 2.578461 1.000000
-0.171711 0.387595 2.506120 0.000000
-0.138908 0.231324 2.733265 0.000000
-0.297554 -0.022523 2.674091 0.307692
-0.022752 -0.017469 2.614429 0.403846
-0.134159 -0.002914 2.765433 0.000000
-0.381799 0.110551 2.644009 1.000000
0.064910 0.105319 2.624990 1.000000
-0.373751 -0.170469 2.619200 1.000000
0.065105 -0.174657 2.660563 1.000000
-0.383783 -0.237725 2.613069 0.509615
0.063431 -0.242873 2.662903 1.000000
-0.296891 -0.587188 2.718869 1.000000
-0.026706 -0.588298 2.698933 1.000000
-0.227494 -0.998610 2.809672 0.650481
-0.026816 -1.007588 2.779711 1.000000
-0.291317 -1.042379 2.660136 0.000000
-0.054638 -1.038995 2.616647 0.000000
-0.155566 0.639722 2.436382 1.000000
-0.348635 0.363598 2.632476 1.000000
0.005800 0.347241 2.584807 1.000000
-0.184269 0.375010 2.506365 0.019231
-0.159231 0.230493 2.742118 0.000000
-0.301954 -0.019587 2.672562 0.105769
-0.023492 -0.025220 2.633463 0.403846
-0.145184 0.002724 2.774304 0.000000
-0.384464 0.102794 2.631944 1.000000
0.053455 0.090671 2.619500 1.000000
-0.375182 -0.180838 2.614927 1.000000
0.068191 -0.192069 2.645262 1.000000
-0.379093 -0.246693 2.632516 0.829327
0.070024 -0.255343 2.670847 0.829327
-0.315538 -0.584699 2.719313 1.000000
-0.036127 -0.592860 2.703984 1.000000
-0.211368 -0.987330 2.816093 0.619231
-0.028617 -1.012444 2.782865 1.000000
-0.281766 -1.040055 2.672516 0.000000
-0.044062 -1.043689 2.618137 0.000000
-0.162030 0.615121 2.414939 1.000000
-0.354888 0.361395 2.629931 1.000000
0.000151 0.343941 2.587420 1.000000
-0.188745 0.371247 2.506036 0.000000
-0.167293 0.229074 2.743561 0.000000
-0.303341 -0.018894 2.683361 0.000000
-0.026524 -0.032817 2.635615 0.913462
-0.142845 0.001801 2.779479 0.000000
-0.391232 0.099677 2.631192 1.000000
0.047075 0.084433 2.603928 1.000000
-0.375184 -0.184339 2.608796 1.000000
0.083995 -0.198512 2.605718 1.000000
-0.375662 -0.252581 2.610891 0.913462
0.089146 -0.266295 2.612077 1.000000
-0.317112 -0.587076 2.711302 1.000000
-0.036752 -0.596155 2.714840 1.000000
-0.214605 -0.987624 2.817992 0.553606
-0.029351 -1.016700 2.788431 1.000000
-0.287314 -1.043812 2.676902 0.000000
-0.050729 -1.045853 2.623983 0.000000
-0.168395 0.606365 2.407972 1.000000
-0.364396 0.355503 2.629618 1.000000
-0.008536 0.345676 2.591789 1.000000
-0.196884 0.368970 2.507927 0.000000
-0.175525 0.227175 2.745686 0.000000
-0.315517 -0.021515 2.689327 0.269231
-0.038679 -0.032227 2.640875 0.615385
-0.155029 0.001785 2.784860 0.000000
-0.399057 0.092757 2.628490 1.000000
0.040593 0.085284 2.596300 1.000000
-0.388660 -0.191481 2.596660 1.000000
0.062605 -0.198696 2.568305 1.000000
-0.381206 -0.256063 2.617523 0.762019
0.056525 -0.265674 2.556534 0.947115
-0.317254 -0.590723 2.709387 1.000000
-0.036093 -0.594306 2.720356 1.000000
-0.223276 -0.995354 2.808239 0.594231
-0.030424 -1.015830 2.788288 1.000000
-0.289226 -1.046405 2.661971 0.000000
-0.050650 -1.042690 2.623304 0.000000
-0.179100 0.598700 2.404022 1.000000
-0.374931 0.355585 2.627560 1.000000
-0.018425 0.352059 2.595078 1.000000
-0.205859 0.372664 2.508508 0.000000
-0.185661 0.229771 2.745710 0.000000
-0.325030 -0.019137 2.681065 0.067308
-0.045962 -0.027076 2.647011 0.201923
-0.169949 0.008638 2.784043 0.000000
-0.404317 0.091286 2.625175 1.000000
0.025637 0.089873 2.588735 1.000000
-0.398406 -0.192174 2.579406 1.000000
0.004881 -0.192927 2.543202 1.000000
-0.387079 -0.258099 2.593088 0.627404
-0.015829 -0.247479 2.507751 0.896635
-0.323034 -0.587196 2.714234 1.000000
-0.038754 -0.587883 2.726409 1.000000
-0.210303 -0.989968 2.800234 0.581731
-0.031660 -1.010313 2.788310 1.000000
-0.274141 -1.039384 2.652474 0.000000
-0.042978 -1.034856 2.622118 0.043269
-0.192509 0.586499 2.390068 1.000000
-0.380522 0.355511 2.622913 1.000000
-0.023770 0.352635 2.593179 1.000000
-0.210604 0.371338 2.504896 0.000000
-0.191767 0.232093 2.744370 0.000000
-0.332326 -0.017278 2.678800 0.096154
-0.053232 -0.022328 2.644407 0.105769
-0.177452 0.014414 2.780956 0.000000
-0.406392 0.090364 2.623567 1.000000
0.012811 0.088830 2.586763 1.000000
-0.400883 -0.193100 2.574708 1.000000
-0.034959 -0.191089 2.540578 1.000000
-0.387645 -0.257552 2.592937 0.644231
-0.068857 -0.240798 2.508306 0.644231
-0.326664 -0.583980 2.711197 1.000000
-0.040588 -0.582458 2.725705 1.000000
-0.209705 -0.979996 2.819921 0.575481
-0.032298 -1.005119 2.785856 1.000000
-0.275196 -1.038751 2.676363 0.000000
-0.043292 -1.029003 2.619547 0.038462
-0.191651 0.585447 2.385397 1.000000
-0.384877 0.349566 2.620706 1.000000
-0.027814 0.355659 2.595549 1.000000
-0.213912 0.369668 2.504874 0.000000
-0.194653 0.230921 2.744603 0.000000
-0.332266 -0.024458 2.668961 0.144231
-0.051651 -0.022929 2.650129 0.028846
-0.184110 0.011465 2.779348 0.000000
-0.408840 0.083877 2.617694 1.000000
-0.001857 0.090609 2.579772 1.000000
-0.401683 -0.200753 2.573650 1.000000
-0.063091 -0.189175 2.548525 1.000000
-0.396476 -0.266101 2.592733 0.509615
-0.109041 -0.238920 2.539829 0.846154
-0.323508 -0.589154 2.711719 1.000000
-0.042500 -0.585852 2.723613 1.000000
-0.211030 -0.988610 2.812282 0.525481
-0.032923 -1.008101 2.786406 1.000000
-0.267081 -1.042033 2.662767 0.000000
-0.034162 -1.032895 2.619871 0.052885
-0.199556 0.575546 2.378411 1.000000
-0.391219 0.350414 2.621693 1.000000
-0.034168 0.356200 2.596303 1.000000
-0.220319 0.372131 2.506056 0.000000
-0.201128 0.229289 2.743373 0.000000
-0.336818 -0.029860 2.663147 0.048077
-0.056316 -0.020602 2.644852 0.076923
-0.189954 0.010808 2.773616 0.000000
-0.409231 0.084420 2.613052 1.000000
-0.008069 0.091487 2.576360 1.000000
-0.395745 -0.200441 2.572412 1.000000
-0.072565 -0.188920 2.562537 1.000000
-0.397779 -0.268367 2.579002 0.593750
-0.113707 -0.242754 2.554117 0.610577
-0.325329 -0.591604 2.704067 1.000000
-0.042396 -0.585208 2.719927 1.000000
-0.215633 -0.988716 2.816308 0.500481
-0.033157 -1.006983 2.785878 1.000000
-0.271936 -1.046085 2.668359 0.000000
-0.033263 -1.032997 2.619525 0.105769
-0.200569 0.561734 2.368841 1.000000
-0.393334 0.347362 2.618809 1.000000
-0.036232 0.354509 2.594496 1.000000
-0.222158 0.368209 2.503421 0.000000
-0.203068 0.228960 2.742872 0.000000
-0.347050 -0.037196 2.664612 0.173077
-0.067371 -0.015836 2.643999 0.048077
-0.201182 0.009900 2.773838 0.000000
-0.410100 0.081695 2.609591 1.000000
-0.004745 0.090473 2.579067 1.000000
-0.402102 -0.203456 2.572687 1.000000
-0.058730 -0.191957 2.571582 1.000000
-0.394232 -0.266099 2.598678 0.627404
-0.105574 -0.240977 2.563564 0.576923
-0.323801 -0.595781 2.702845 1.000000
-0.044644 -0.583149 2.719522 1.000000
-0.221226 -0.993580 2.819305 0.478606
-0.034826 -1.004653 2.787101 1.000000
-0.274211 -1.050918 2.670124 0.000000
-0.035311 -1.031319 2.620852 0.067308
-0.206986 0.551694 2.360424 1.000000
-0.391772 0.346099 2.612674 1.000000
-0.034467 0.352455 2.591299 1.000000
-0.219581 0.363590 2.498242 0.000000
-0.202659 0.231248 2.741739 0.000000
-0.352952 -0.039210 2.666615 0.269231
-0.073961 -0.013139 2.642414 0.192308
-0.206716 0.012080 2.773434 0.000000
-0.414877 0.081783 2.611222 1.000000
-0.007785 0.088697 2.580418 1.000000
-0.404245 -0.202086 2.573730 1.000000
-0.041764 -0.195739 2.586897 1.000000
-0.390681 -0.263632 2.599992 0.812500
-0.075610 -0.249216 2.561282 0.745192
-0.322818 -0.596094 2.710327 1.000000
-0.041792 -0.579276 2.724652 1.000000
-0.212895 -0.996122 2.811436 0.469231
-0.032069 -1.000893 2.791535 1.000000
-0.266907 -1.048993 2.660979 0.000000
-0.033678 -1.027308 2.625253 0.134615
-0.205385 0.536676 2.346266 1.000000
-0.392623 0.332754 2.593819 1.000000
-0.035436 0.336511 2.570003 1.000000
-0.221051 0.339121 2.477317 0.000000
-0.202917 0.230274 2.732101 0.000000
-0.355501 -0.041040 2.685342 0.384615
-0.076902 -0.022502 2.651575 0.221154
-0.204562 0.008196 2.786432 0.000000
-0.412877 0.068003 2.606156 1.000000
-0.003481 0.072674 2.574975 1.000000
-0.403169 -0.217916 2.582562 1.000000
-0.022268 -0.213751 2.577778 1.000000
-0.385832 -0.278302 2.609293 0.862981
-0.044644 -0.276906 2.564650 0.846154
-0.322611 -0.600612 2.722728 1.000000
-0.039115 -0.583804 2.743200 1.000000
-0.210364 -1.000375 2.822323 0.506731
-0.034142 -1.008781 2.784424 1.000000
-0.267542 -1.053591 2.673162 0.000000
-0.043177 -1.025118 2.617087 0.096154
-0.206224 0.494760 2.308541 1.000000
-0.392463 0.314809 2.576532 1.000000
-0.036328 0.309326 2.540454 1.000000
-0.225066 0.303507 2.454463 0.000000
-0.199322 0.227219 2.720186 0.000000
-0.353701 -0.041058 2.708914 0.288462
-0.076143 -0.042550 2.663514 0.163462
-0.195899 0.004159 2.801001 0.000000
-0.409740 0.051352 2.611310 1.000000
-0.002648 0.046825 2.570053 1.000000
-0.404414 -0.235882 2.598134 1.000000
-0.013162 -0.240495 2.563552 1.000000
-0.389256 -0.298591 2.620483 0.694712
-0.023610 -0.307572 2.556266 0.947115
-0.305464 -0.607125 2.755551 1.000000
-0.037007 -0.593518 2.763632 1.000000
-0.205644 -1.015260 2.831651 0.659856
-0.030704 -1.020143 2.780360 1.000000
-0.254849 -1.056325 2.675951 0.000000
-0.049576 -1.026977 2.613186 0.033654
-0.206598 0.429340 2.265319 1.000000
-0.394491 0.270466 2.552544 1.000000
-0.038631 0.266922 2.513620 1.000000
-0.227912 0.245266 2.431437 0.000000
-0.198364 0.207934 2.704978 0.000000
-0.350146 -0.060456 2.734573 0.221154
-0.072789 -0.066183 2.688293 0.096154
-0.191955 -0.006939 2.821393 0.000000
-0.409934 0.011447 2.614192 1.000000
-0.008591 0.004066 2.547301 1.000000
-0.392272 -0.275916 2.622185 1.000000
-0.014851 -0.283845 2.551851 1.000000
-0.360507 -0.336058 2.616229 0.644231
-0.037496 -0.347500 2.542008 1.000000
-0.325543 -0.617619 2.760147 1.000000
-0.032626 -0.610676 2.782212 1.000000
-0.200491 -1.020840 2.824207 0.537981
-0.034531 -1.037625 2.788525 1.000000
-0.266953 -1.065007 2.675943 0.000000
-0.051211 -1.040028 2.620996 0.000000
-0.207281 0.344999 2.226895 1.000000
-0.375486 0.149891 2.527211 1.000000
-0.020761 0.147550 2.478959 1.000000
-0.210724 0.096439 2.412989 0.000000
-0.173499 0.141099 2.684487 0.000000
-0.339778 -0.128043 2.781522 0.067308
-0.064488 -0.119687 2.724535 0.000000
-0.185248 -0.042484 2.846530 0.000000
-0.407362 -0.090534 2.639260 1.000000
-0.016326 -0.117724 2.510350 1.000000
-0.348977 -0.372864 2.650254 1.000000
-0.048145 -0.404345 2.519043 1.000000
-0.348644 -0.440652 2.658394 0.408654
-0.058597 -0.471637 2.514132 1.000000
-0.331676 -0.647291 2.781869 1.000000
-0.033991 -0.653772 2.830197 0.826923
-0.192476 -1.045438 2.848442 0.541106
-0.052137 -1.078366 2.788726 1.000000
-0.280094 -1.098421 2.714778 0.000000
-0.079206 -1.061066 2.623444 0.000000
-0.232287 0.185238 2.186356 1.000000
-0.338199 0.021207 2.568374 1.000000
-0.002473 0.064822 2.451968 1.000000
-0.182368 -0.038327 2.444993 0.000000
-0.120509 0.102482 2.676159 0.000000
-0.321995 -0.187757 2.816957 0.038462
-0.052334 -0.158922 2.742440 0.240385
-0.171181 -0.088597 2.870329 0.000000
-0.408225 -0.211883 2.676314 1.000000
-0.033201 -0.197025 2.489080 1.000000
-0.316153 -0.484263 2.676687 1.000000
-0.067066 -0.482241 2.502249 1.000000
-0.301374 -0.550745 2.681509 0.000000
-0.078678 -0.549458 2.499301 1.000000
-0.350687 -0.641808 2.704961 1.000000
0.023475 -0.683431 2.806192 0.315385
-0.188962 -0.999476 2.873031 0.628606
-0.116306 -1.085095 2.768033 1.000000
-0.276852 -1.091161 2.762490 0.000000
-0.073905 -1.084370 2.605085 0.000000
-0.239239 0.054235 2.194214 1.000000
-0.373472 -0.107058 2.704006 1.000000
-0.107774 0.009155 2.496352 1.000000
-0.245412 -0.137158 2.543553 0.000000
-0.167256 0.039892 2.742642 0.000000
-0.299910 -0.240442 2.980726 0.000000
-0.138695 -0.152018 2.767905 0.000000
-0.138663 -0.146547 2.956043 0.000000
-0.363769 -0.372311 2.707857 1.000000
-0.055983 -0.248365 2.458021 1.000000
-0.252870 -0.636553 2.700172 1.000000
-0.089562 -0.530337 2.497330 1.000000
-0.282124 -0.696032 2.716543 0.000000
-0.100463 -0.597369 2.490296 0.879808
-0.365387 -0.678709 2.739120 1.000000
-0.044259 -0.727394 2.780861 0.534615
-0.145705 -1.020221 2.871176 0.797356
-0.136694 -1.143629 2.757753 1.000000
-0.248097 -1.120332 2.782611 0.000000
-0.262179 -1.109818 2.650700 0.000000
-0.240809 -0.053753 2.281083 0.692308
-0.462654 -0.045891 2.674646 1.000000
-0.184197 0.002586 2.454928 1.000000
-0.352008 -0.106369 2.509872 0.716346
-0.225815 0.047252 2.703695 0.000000
-0.252334 -0.225174 2.972729 0.000000
-0.115449 -0.175326 2.732148 0.009615
-0.084494 -0.160570 2.917216 0.000000
-0.369084 -0.286626 2.720953 1.000000
-0.122876 -0.251016 2.427032 1.000000
-0.301071 -0.561648 2.715105 1.000000
-0.096991 -0.528170 2.480067 1.000000
-0.300382 -0.629515 2.722538 1.000000
-0.113623 -0.594203 2.475108 1.000000
-0.291646 -0.754825 2.930197 0.457692
-0.023118 -0.747163 2.746331 0.707692
-0.096461 -1.127834 2.858807 0.359856
-0.052650 -1.173141 2.746369 0.519231
-0.245408 -1.206303 2.861572 0.000000
-0.193043 -1.163416 2.653928 0.000000
-0.323892 -0.017644 2.317830 1.000000
-0.434718 -0.119591 2.666310 1.000000
-0.141906 -0.050148 2.472396 1.000000
-0.309701 -0.166993 2.507647 0.000000
-0.204099 -0.021471 2.719219 0.274038
-0.254660 -0.281954 2.955204 0.000000
-0.086850 -0.215527 2.739500 0.000000
-0.078091 -0.223011 2.927365 0.403846
-0.318668 -0.349303 2.707282 1.000000
-0.105522 -0.302591 2.418888 1.000000
-0.315993 -0.630721 2.707173 1.000000
-0.118527 -0.575008 2.488338 1.000000
-0.342015 -0.693766 2.710312 0.980769
-0.101928 -0.628715 2.449588 1.000000
-0.276070 -0.814253 2.847335 0.788462
-0.045072 -0.795827 2.712395 0.723077
-0.065730 -1.185798 2.853661 0.106731
-0.105447 -1.216804 2.750633 0.806731
-0.205920 -1.265975 2.806032 0.000000
-0.220809 -1.211389 2.628108 0.000000
-0.323106 -0.168259 2.315695 1.000000
-0.394578 -0.121762 2.582126 0.557692
-0.067629 -0.153084 2.475742 1.000000
-0.258338 -0.226087 2.479810 0.000000
-0.175696 -0.057121 2.684045 0.000000
-0.235789 -0.245444 2.954260 0.000000
-0.054817 -0.255930 2.739224 0.000000
-0.049946 -0.235291 2.926243 0.793269
-0.375663 -0.376235 2.529051 0.184615
-0.120432 -0.405091 2.435301 1.000000
-0.317363 -0.615992 2.664478 0.221154
-0.130287 -0.681720 2.486313 1.000000
-0.298799 -0.671535 2.699577 1.000000
-0.133140 -0.746329 2.464424 1.000000
-0.191609 -0.733859 3.172144 0.000000
-0.013413 -0.814349 2.739718 0.665385
-0.096380 -1.067870 2.923756 0.000000
-0.074351 -1.236727 2.725159 0.372356
-0.117006 -1.171336 3.054979 0.000000
-0.189429 -1.215949 2.604017 0.000000
-0.292295 -0.234925 2.283356 1.000000
-0.397102 -0.132111 2.546747 1.000000
-0.093409 -0.272574 2.431742 1.000000
-0.286218 -0.298908 2.492579 0.000000
-0.149829 -0.071567 2.575075 0.000000
-0.209395 -0.067552 2.914095 0.000000
-0.063231 -0.210606 2.721032 0.096154
-0.029495 -0.096916 2.867191 0.375000
-0.350896 -0.374187 2.623976 0.000000
-0.113190 -0.526759 2.472959 1.000000
-0.294178 -0.630938 2.716977 1.000000
-0.148083 -0.803015 2.488842 1.000000
-0.281411 -0.695710 2.734390 1.000000
-0.148037 -0.871290 2.489225 1.000000
-0.157934 -0.389858 3.346081 0.000000
-0.012640 -0.689654 2.758835 0.557692
-0.036383 -0.761011 3.173453 0.000000
-0.106171 -1.104762 2.723244 0.519231
-0.033556 -0.831247 3.326453 0.000000
-0.217021 -1.069352 2.601554 0.014423
-0.304948 -0.359213 2.226760 0.000000
-0.373559 -0.070510 2.495418 1.000000
-0.093276 -0.281072 2.434444 1.000000
-0.296288 -0.259591 2.458976 0.000000
-0.128366 -0.068070 2.569490 0.000000
-0.257324 -0.034398 2.893641 0.634615
-0.101449 -0.212998 2.742292 0.000000
-0.076967 -0.057066 2.844819 0.346154
-0.335439 -0.306152 2.590303 0.000000
-0.109836 -0.534430 2.473415 1.000000
-0.290882 -0.557668 2.698497 1.000000
-0.135184 -0.808053 2.511359 1.000000
-0.283614 -0.623446 2.715293 1.000000
-0.117808 -0.832010 2.572888 0.274038
-0.204486 -0.169692 3.399522 0.000000
-0.030739 -0.633013 2.764157 0.161538
-0.085992 -0.556176 3.261979 0.000000
-0.164400 -0.951842 2.513534 1.000000
-0.077015 -0.610099 3.421233 0.000000
-0.222578 -0.839842 2.402082 0.000000
-0.308612 -0.330897 2.206619 0.000000
-0.305017 0.009098 2.508827 1.000000
-0.094105 -0.269003 2.429205 1.000000
-0.284262 -0.190589 2.456438 0.000000
-0.071035 -0.064895 2.582240 0.548077
-0.251830 -0.064260 2.883893 0.000000
-0.118966 -0.279088 2.760211 0.000000
-0.077105 -0.109625 2.830609 0.072115
-0.309243 -0.233982 2.587785 0.000000
-0.087212 -0.519091 2.481633 1.000000
-0.297729 -0.490123 2.690062 1.000000
-0.141562 -0.789127 2.499747 1.000000
-0.293013 -0.556708 2.704406 1.000000
-0.168523 -0.848373 2.479141 0.375000
-0.242967 -0.172852 3.406044 0.000000
-0.080279 -0.646259 2.726768 0.000000
-0.090779 -0.547439 3.268740 0.000000
-0.171560 -0.982880 2.480429 1.000000
-0.089458 -0.604911 3.426997 0.000000
-0.155580 -0.886737 2.343129 0.000000
-0.261568 -0.291263 2.200117 0.000000
-0.150584 0.059986 2.537699 1.000000
-0.044502 -0.273756 2.463356 1.000000
-0.187765 -0.124276 2.449862 0.000000
-0.004999 -0.112671 2.658557 0.000000
-0.209518 -0.045164 2.898065 0.000000
-0.127878 -0.297400 2.804184 0.000000
-0.048983 -0.137393 2.864178 0.000000
-0.325447 -0.120792 2.572885 1.000000
-0.070065 -0.525583 2.483986 1.000000
-0.325422 -0.371338 2.684433 1.000000
-0.133166 -0.790644 2.515249 1.000000
-0.310215 -0.437892 2.683439 1.000000
-0.141117 -0.858406 2.512645 0.206731
-0.276759 -0.154676 3.429121 0.000000
-0.013160 -0.608995 2.748478 0.000000
-0.106618 -0.517955 3.282801 0.000000
-0.221433 -0.954701 2.609057 1.000000
-0.113465 -0.583559 3.437718 0.000000
-0.076534 -1.019207 2.552548 0.000000
-0.192770 -0.106837 2.208742 0.663462
-0.138156 0.020607 2.544653 0.913462
-0.022706 -0.305907 2.478947 1.000000
-0.168616 -0.159950 2.457569 0.000000
0.003717 -0.142686 2.674581 0.000000
-0.210519 -0.064334 2.894842 0.000000
-0.118435 -0.318099 2.815944 0.000000
-0.046381 -0.153747 2.872711 0.000000
-0.372429 -0.033970 2.466287 1.000000
-0.055979 -0.551780 2.528376 1.000000
-0.355736 -0.260677 2.617838 1.000000
-0.084631 -0.795706 2.648049 1.000000
-0.339219 -0.323122 2.639962 1.000000
-0.091447 -0.855984 2.679380 0.000000
-0.299334 -0.145018 3.426022 0.000000
-0.126449 -0.624681 2.722422 1.000000
-0.113465 -0.504463 3.289709 0.000000
-0.235124 -1.024576 2.825393 1.000000
-0.122035 -0.567946 3.445423 0.000000
-0.178374 -1.078392 2.676284 0.000000
-0.165883 0.037409 2.257005 1.000000
-0.371314 0.097232 2.487578 1.000000
-0.023017 0.080434 2.406519 1.000000
-0.221347 0.059790 2.349165 0.427885
-0.159614 0.037823 2.618976 0.000000
-0.248710 -0.246620 2.634390 0.086538
0.026683 -0.271339 2.582922 0.000000
-0.086584 -0.238797 2.729678 0.000000
-0.356154 -0.145109 2.560504 1.000000
-0.005269 -0.170424 2.438657 1.000000
-0.309186 -0.391523 2.670213 1.000000
0.005346 -0.434347 2.510727 1.000000
-0.269506 -0.431969 2.708308 1.000000
-0.002233 -0.495525 2.481379 0.122596
-0.384781 -0.715568 2.849192 0.438462
-0.057108 -0.827792 2.729819 1.000000
-0.105996 -1.037412 2.817188 0.841106
-0.005101 -1.250451 2.761191 0.187981
-0.212865 -1.138170 2.899512 0.000000
-0.043385 -1.267267 2.598091 0.000000
-0.252091 0.373174 2.300121 0.000000
-0.346811 0.186671 2.474495 1.000000
0.008934 0.197800 2.435957 1.000000
-0.179987 0.184966 2.351137 0.000000
-0.148879 0.105426 2.615329 0.000000
-0.312212 -0.218667 2.521051 0.980769
-0.037877 -0.179381 2.473109 0.115385
-0.157034 -0.176284 2.618773 0.000000
-0.383424 -0.055005 2.549634 1.000000
0.052671 -0.049435 2.484492 1.000000
-0.261964 -0.258718 2.691095 1.000000
0.043236 -0.317852 2.548732 1.000000
-0.255804 -0.321092 2.718174 1.000000
0.029232 -0.384137 2.540261 0.189904
-0.330550 -0.620800 2.842059 0.557692
-0.036158 -0.681357 2.762255 0.719231
-0.128456 -0.995658 2.810936 1.000000
-0.076722 -1.080227 2.909178 0.437981
-0.216406 -1.053967 2.942142 0.000000
-0.079437 -1.138174 2.751112 0.000000
-0.168579 0.295013 2.159636 1.000000
-0.333324 0.244720 2.485199 1.000000
0.023939 0.267368 2.481465 1.000000
-0.156689 0.270395 2.379411 0.000000
-0.145756 0.138147 2.623301 0.000000
-0.313168 -0.190606 2.544926 1.000000
-0.033657 -0.165491 2.526361 0.442308
-0.164295 -0.187551 2.660051 0.000000
-0.395605 -0.002744 2.508543 1.000000
0.086519 0.024293 2.533050 1.000000
-0.286832 -0.208103 2.658787 1.000000
0.044800 -0.248649 2.551470 1.000000
-0.322438 -0.264283 2.643372 1.000000
0.028323 -0.281156 2.493734 0.778846
-0.318952 -0.663664 2.781194 0.734615
-0.033053 -0.653010 2.785035 1.000000
-0.053716 -0.997740 2.800481 1.000000
-0.110541 -1.027181 2.975615 0.006731
-0.167926 -1.083254 2.889888 0.000000
-0.085574 -1.106831 2.829387 0.000000
-0.128249 0.383336 2.202255 1.000000
-0.310465 0.317205 2.490551 1.000000
0.046258 0.310880 2.520092 1.000000
-0.123267 0.329419 2.401905 0.004808
-0.145672 0.194586 2.643586 0.000000
-0.256372 -0.034144 2.619406 0.384615
0.020981 -0.067383 2.652142 1.000000
-0.130756 -0.037864 2.759522 0.000000
-0.329402 0.059936 2.497791 1.000000
0.118125 0.072369 2.587516 1.000000
-0.327326 -0.218077 2.478478 1.000000
0.075186 -0.187870 2.497515 1.000000
-0.298027 -0.278312 2.491705 1.000000
0.048674 -0.214732 2.440619 0.846154
-0.293187 -0.609111 2.627981 1.000000
-0.019134 -0.626626 2.711509 1.000000
-0.041949 -0.942297 2.718508 1.000000
-0.107218 -0.990021 2.917700 0.341106
-0.146842 -1.044098 2.634937 0.000000
-0.057757 -1.078350 2.783157 0.000000
-0.097200 0.479505 2.253367 1.000000
-0.299602 0.346687 2.518942 1.000000
0.050862 0.341343 2.591811 1.000000
-0.103562 0.376051 2.457652 0.000000
-0.150373 0.203571 2.670139 0.000000
-0.226336 -0.037139 2.585100 0.740385
0.048737 -0.036714 2.643718 1.000000
-0.113424 0.005053 2.729656 0.000000
-0.319235 0.089204 2.485943 1.000000
0.148659 0.107532 2.651308 1.000000
-0.329306 -0.184156 2.421061 1.000000
0.156626 -0.064538 2.429126 1.000000
-0.315476 -0.249738 2.408050 0.997596
0.170594 -0.109553 2.379728 0.072115
-0.269225 -0.560614 2.499385 1.000000
-0.002509 -0.604422 2.669218 1.000000
-0.163570 -0.851247 2.793833 1.000000
-0.038663 -1.016587 2.774773 1.000000
-0.221339 -0.973678 2.693716 0.000000
0.005794 -1.060526 2.618430 0.000000
-0.073446 0.574661 2.347090 1.000000
-0.287242 0.361343 2.512792 1.000000
0.048761 0.347210 2.635535 1.000000
-0.084470 0.394213 2.483579 0.000000
-0.161148 0.204930 2.671685 0.000000
-0.227273 -0.043532 2.538924 0.605769
0.037091 -0.021935 2.632447 1.000000
-0.137651 0.003306 2.697670 0.000000
-0.322472 0.108414 2.462058 1.000000
0.133703 0.107967 2.693294 1.000000
-0.336421 -0.164678 2.396620 1.000000
0.218487 0.047869 2.432035 1.000000
-0.321538 -0.229667 2.381905 1.000000
0.248015 0.035024 2.371830 0.274038
-0.268871 -0.562060 2.458412 1.000000
-0.011596 -0.598440 2.667040 1.000000
-0.313674 -0.965273 2.591609 1.000000
-0.042375 -1.007367 2.786036 1.000000
-0.329023 -1.016327 2.431897 0.000000
0.018211 -1.055448 2.636478 0.000000
-0.050709 0.607889 2.400892 1.000000
-0.278253 0.373093 2.506391 1.000000
0.040620 0.349117 2.667353 1.000000
-0.073444 0.406202 2.503704 0.000000
-0.172098 0.206433 2.669386 0.000000
-0.230655 -0.041807 2.495732 1.000000
0.019585 -0.010348 2.620198 1.000000
-0.162583 0.006550 2.664414 0.000000
-0.319124 0.124960 2.441623 1.000000
0.134293 0.109085 2.699684 1.000000
-0.348170 -0.141537 2.359284 1.000000
0.290857 0.170303 2.475220 1.000000
-0.336667 -0.208818 2.360891 1.000000
0.332766 0.183352 2.422923 0.055288
-0.269435 -0.559888 2.422095 1.000000
-0.018999 -0.589214 2.659155 1.000000
-0.318565 -0.978541 2.490251 1.000000
-0.046715 -0.992603 2.796409 1.000000
-0.303083 -1.007249 2.325065 0.000000
0.031145 -1.045459 2.656787 0.000000
-0.034408 0.625330 2.432495 1.000000
-0.283907 0.375130 2.479585 1.000000
0.010793 0.332491 2.678326 1.000000
-0.079842 0.402458 2.505293 0.000000
-0.203299 0.196093 2.644085 0.000000
-0.219146 -0.033537 2.442215 1.000000
0.013215 -0.013469 2.599400 1.000000
-0.172331 0.011404 2.618891 0.000000
-0.321786 0.133794 2.403148 1.000000
0.139068 0.113788 2.713467 1.000000
-0.345281 -0.138026 2.358724 1.000000
0.309478 0.303959 2.607602 1.000000
-0.316608 -0.185162 2.398944 1.000000
0.315395 0.368968 2.587591 0.745192
-0.283137 -0.555956 2.384750 1.000000
-0.028480 -0.584997 2.656471 1.000000
-0.339569 -0.977631 2.348214 1.000000
-0.044106 -0.991126 2.787407 1.000000
-0.269086 -0.973819 2.195349 0.000000
0.052825 -1.036736 2.657506 0.000000
-0.019033 0.637005 2.484329 1.000000
-0.281942 0.379647 2.464745 1.000000
-0.004482 0.327324 2.684842 1.000000
-0.080708 0.405285 2.508314 0.000000
-0.214866 0.193139 2.627004 0.000000
-0.212629 -0.023856 2.413820 1.000000
0.006338 -0.017258 2.590204 1.000000
-0.178942 0.015553 2.594757 0.000000
-0.322682 0.138763 2.393597 1.000000
0.144386 0.122679 2.711404 1.000000
-0.348606 -0.126790 2.327881 1.000000
0.277369 0.359932 2.672220 1.000000
-0.325419 -0.176348 2.368721 1.000000
0.280609 0.426608 2.686551 1.000000
-0.298090 -0.547182 2.355680 1.000000
-0.031004 -0.583672 2.635129 1.000000
-0.348315 -0.964554 2.280799 1.000000
-0.039873 -0.987048 2.774909 1.000000
-0.255271 -0.950697 2.141154 0.000000
0.067654 -1.031576 2.653233 0.000000
-0.021324 0.639716 2.498839 1.000000
-0.282780 0.385523 2.459513 1.000000
-0.016192 0.303388 2.683897 1.000000
-0.082808 0.400154 2.512874 0.000000
-0.227972 0.182407 2.605637 0.000000
-0.226625 -0.024486 2.373744 1.000000
-0.015888 -0.020475 2.559957 1.000000
-0.201086 0.012920 2.556431 0.000000
-0.340236 0.151648 2.376441 1.000000
0.154960 0.115159 2.670627 1.000000
-0.370192 -0.106961 2.287497 1.000000
0.224877 0.377410 2.715606 1.000000
-0.346956 -0.168312 2.306412 1.000000
0.212070 0.444414 2.718429 1.000000
-0.305876 -0.550610 2.311584 1.000000
-0.034116 -0.584482 2.592102 1.000000
-0.351004 -0.969756 2.243692 1.000000
-0.026852 -0.969050 2.777531 1.000000
-0.253168 -0.958173 2.107149 0.000000
0.083439 -1.022610 2.662131 0.000000
-0.039262 0.631202 2.490573 1.000000
-0.300718 0.365967 2.436159 1.000000
-0.067129 0.302883 2.700016 1.000000
-0.117263 0.403400 2.525564 0.000000
-0.241937 0.160908 2.577961 0.000000
-0.221757 -0.012876 2.321666 1.000000
-0.042473 -0.027456 2.537874 0.903846
-0.225932 0.003256 2.509144 0.000000
-0.356889 0.129815 2.347422 1.000000
0.122032 0.181004 2.572891 1.000000
-0.379995 -0.128899 2.245275 1.000000
0.139885 0.439095 2.677632 1.000000
-0.369211 -0.196119 2.240105 1.000000
0.087961 0.471680 2.707694 0.576923
-0.306835 -0.545475 2.237746 1.000000
-0.043861 -0.590559 2.512595 1.000000
-0.342706 -0.969616 2.203888 1.000000
-0.030162 -0.950247 2.742304 1.000000
-0.233840 -0.968570 2.075446 0.000000
0.083957 -1.013765 2.636039 0.000000
-0.092527 0.607953 2.460134 1.000000
-0.317934 0.341027 2.422290 1.000000
-0.055092 0.297973 2.661507 0.932692
-0.129340 0.392056 2.492137 0.000000
-0.231308 0.142690 2.559294 0.000000
-0.225998 -0.013873 2.290767 1.000000
-0.029854 -0.034026 2.491324 1.000000
-0.214248 0.001293 2.478004 0.000000
-0.371873 0.101470 2.335800 1.000000
0.116086 0.227240 2.478551 1.000000
-0.390323 -0.154650 2.221316 1.000000
0.102320 0.489130 2.579885 1.000000
-0.367356 -0.218400 2.212949 1.000000
0.086831 0.544604 2.616549 0.055288
-0.310383 -0.545357 2.200365 1.000000
-0.069746 -0.600354 2.453782 1.000000
-0.330709 -0.971425 2.180811 1.000000
-0.046005 -0.930457 2.723592 0.950481
-0.242018 -0.969088 2.037708 0.000000
0.033614 -1.020873 2.605966 0.000000
-0.141532 0.606252 2.437365 1.000000
-0.352757 0.313480 2.425624 1.000000
-0.026872 0.320736 2.573646 0.000000
-0.160959 0.392334 2.432419 0.235577
-0.202151 0.137869 2.535581 0.000000
-0.276166 -0.046777 2.318570 1.000000
-0.023810 -0.025875 2.440967 1.000000
-0.205168 -0.022752 2.491220 0.000000
-0.388425 0.067995 2.341708 1.000000
0.106040 0.287262 2.350506 1.000000
-0.417035 -0.175054 2.199984 1.000000
0.111373 0.558824 2.429259 1.000000
-0.393214 -0.236584 2.182428 1.000000
0.113140 0.622044 2.454983 0.122596
-0.322411 -0.551532 2.184216 1.000000
-0.083464 -0.609130 2.448535 1.000000
-0.319669 -0.978307 2.170621 1.000000
-0.071893 -0.938382 2.720175 0.516106
-0.314048 -0.972913 2.002426 0.000000
-0.029349 -1.041165 2.593780 0.000000
-0.196505 0.617324 2.410159 1.000000
-0.401195 0.259173 2.475052 1.000000
-0.070721 0.336989 2.388242 1.000000
-0.266764 0.350358 2.345963 0.000000
-0.175973 0.140523 2.503498 0.000000
-0.339359 -0.080060 2.371353 0.461538
-0.068902 -0.054857 2.298421 1.000000
-0.177709 -0.022231 2.448496 0.000000
-0.454685 0.021795 2.377498 1.000000
0.030315 0.485587 2.197358 1.000000
-0.462214 -0.210179 2.215380 1.000000
0.055330 0.757405 2.122260 1.000000
-0.446590 -0.262882 2.174885 1.000000
0.062497 0.821648 2.100280 1.000000
-0.349454 -0.546202 2.162232 1.000000
-0.092105 -0.622581 2.445519 1.000000
-0.314103 -0.971534 2.175328 1.000000
-0.078725 -0.946631 2.723263 0.409856
-0.387277 -0.982273 2.024065 0.000000
-0.098546 -1.055914 2.596715 0.000000
-0.268761 0.611537 2.382870 1.000000
-0.400754 0.247669 2.495681 1.000000
-0.093133 0.334395 2.357641 1.000000
-0.291719 0.342775 2.346964 0.000000
-0.170672 0.135466 2.486471 0.000000
-0.335454 -0.075424 2.384265 0.000000
-0.080483 -0.086935 2.266117 1.000000
-0.155548 -0.055316 2.435797 0.000000
-0.460699 0.004591 2.418994 1.000000
-0.053110 0.505528 2.163544 1.000000
-0.491313 -0.234001 2.270350 1.000000
-0.008459 0.704296 1.967444 1.000000
-0.498089 -0.292804 2.236324 0.930288
-0.007692 0.732478 1.905261 1.000000
-0.336675 -0.588012 2.170415 1.000000
-0.079020 -0.627760 2.479280 1.000000
-0.326144 -1.014095 2.196322 1.000000
-0.070226 -0.979084 2.721815 0.531731
-0.390758 -1.025122 2.041230 0.000000
-0.121502 -1.071064 2.590435 0.000000
-0.296838 0.603182 2.363854 1.000000
-0.411424 0.221439 2.525169 1.000000
-0.133164 0.317992 2.337374 1.000000
-0.332201 0.313166 2.356763 0.000000
-0.177847 0.123170 2.487789 0.000000
-0.319614 -0.081669 2.406320 0.000000
-0.084524 -0.098690 2.252878 1.000000
-0.133442 -0.074189 2.432968 0.000000
-0.458190 -0.022656 2.448460 1.000000
-0.101912 0.473113 2.130941 1.000000
-0.508874 -0.281449 2.351732 1.000000
-0.059255 0.658244 1.924045 1.000000
-0.512374 -0.346125 2.373328 0.324519
-0.060593 0.692691 1.865112 1.000000
-0.335893 -0.608309 2.192749 1.000000
-0.066328 -0.626823 2.491735 1.000000
-0.334150 -1.034753 2.214475 1.000000
-0.071159 -0.989032 2.717812 0.516106
-0.411462 -1.042679 2.065109 0.000000
-0.147031 -1.067890 2.589847 0.000000
-0.295876 0.586377 2.352478 1.000000
-0.407038 0.224386 2.528674 1.000000
-0.116595 0.314552 2.353675 1.000000
-0.317734 0.310989 2.362616 0.000000
-0.172434 0.123801 2.507322 0.000000
-0.309603 -0.085772 2.430020 0.000000
-0.066092 -0.096646 2.289714 1.000000
-0.125251 -0.083247 2.467890 0.000000
-0.452591 -0.029062 2.516289 1.000000
-0.094710 0.440101 2.129571 1.000000
-0.488566 -0.305013 2.508014 1.000000
-0.083275 0.605520 1.905925 1.000000
-0.475783 -0.361248 2.544564 0.677885
-0.079872 0.633537 1.843755 1.000000
-0.322021 -0.616573 2.217720 1.000000
-0.045365 -0.634222 2.494707 1.000000
-0.339705 -1.043087 2.227840 1.000000
-0.076771 -1.003795 2.706269 0.450481
-0.413078 -1.043640 2.076294 0.000000
-0.136977 -1.078030 2.567652 0.000000
-0.282965 0.582492 2.351407 1.000000
-0.394911 0.235849 2.562102 1.000000
-0.103517 0.321015 2.382996 1.000000
-0.305870 0.321778 2.395554 0.000000
-0.163103 0.129897 2.536587 0.000000
-0.302602 -0.078705 2.457707 0.000000
-0.061297 -0.084714 2.313355 1.000000
-0.117685 -0.077864 2.492797 0.000000
-0.441017 -0.016425 2.560069 1.000000
-0.081361 0.429497 2.151668 1.000000
-0.468007 -0.290652 2.587915 1.000000
-0.064174 0.583807 1.922326 1.000000
-0.458377 -0.353391 2.613068 0.610577
-0.061191 0.609550 1.859160 1.000000
-0.318910 -0.607910 2.238938 1.000000
-0.042601 -0.629245 2.501615 1.000000
-0.345655 -1.033967 2.229498 1.000000
-0.069735 -1.004123 2.704245 0.412981
-0.423117 -1.025797 2.080223 0.000000
-0.133158 -1.074712 2.565159 0.000000
-0.262871 0.582325 2.360988 1.000000
-0.371362 0.256264 2.594318 1.000000
-0.072102 0.315237 2.418370 0.951923
-0.273753 0.330812 2.427089 0.000000
-0.147357 0.133403 2.575901 0.000000
-0.295537 -0.077140 2.490753 0.250000
-0.052294 -0.077840 2.349564 1.000000
-0.111113 -0.077211 2.528354 0.000000
-0.422926 0.006292 2.596651 1.000000
-0.049267 0.415095 2.184581 1.000000
-0.450309 -0.263599 2.645523 1.000000
-0.030667 0.567064 1.955367 1.000000
-0.451901 -0.324271 2.676795 0.358173
-0.032000 0.593929 1.892613 1.000000
-0.314502 -0.608269 2.276551 1.000000
-0.033590 -0.629788 2.513935 1.000000
-0.354644 -1.031123 2.232816 1.000000
-0.066600 -1.010083 2.705285 0.500481
-0.435197 -1.008365 2.086722 0.000000
-0.125344 -1.076909 2.562339 0.000000
-0.235037 0.583447 2.380233 1.000000
-0.329651 0.284041 2.622242 1.000000
-0.010288 0.331882 2.475884 0.913462
-0.213545 0.351075 2.463887 0.000000
-0.107655 0.156580 2.631370 0.000000
-0.276039 -0.066830 2.554141 0.384615
-0.019701 -0.061112 2.438556 1.000000
-0.096434 -0.074502 2.609900 0.000000
-0.393584 0.040114 2.649559 1.000000
0.026350 0.397385 2.233601 1.000000
-0.421223 -0.230780 2.679225 1.000000
0.057168 0.533181 1.997725 1.000000
-0.409010 -0.295900 2.695714 0.862981
0.060975 0.558971 1.934623 1.000000
-0.310326 -0.599979 2.354607 1.000000
-0.020058 -0.625770 2.548229 1.000000
-0.372166 -1.012315 2.262497 1.000000
-0.046756 -1.017682 2.715624 0.556731
-0.444014 -0.968933 2.116531 0.000000
-0.093439 -1.078526 2.565728 0.000000
-0.183673 0.603151 2.421782 1.000000
-0.301949 0.304542 2.632693 1.000000
0.032544 0.342702 2.514788 1.000000
-0.170166 0.368146 2.485594 0.000000
-0.085775 0.170062 2.660899 0.000000
-0.269544 -0.049099 2.581088 0.932692
-0.003917 -0.048649 2.488657 1.000000
-0.095833 -0.062275 2.652339 0.000000
-0.377740 0.065192 2.675483 1.000000
0.077187 0.377248 2.266439 1.000000
-0.404047 -0.208090 2.691913 1.000000
0.124400 0.487239 2.018813 1.000000
-0.402041 -0.274785 2.706381 0.997596
0.136664 0.505020 1.954044 1.000000
-0.304088 -0.590169 2.403706 1.000000
-0.012523 -0.614560 2.575341 1.000000
-0.378392 -0.994725 2.289065 1.000000
-0.040837 -1.014033 2.723493 0.666106
-0.433882 -0.942033 2.139083 0.000000
-0.076396 -1.069039 2.568380 0.000000
-0.165258 0.613446 2.441714 1.000000
-0.282022 0.320042 2.641609 1.000000
0.056568 0.335788 2.526402 0.000000
-0.145849 0.365442 2.491788 0.000000
-0.071299 0.181252 2.685715 0.000000
-0.260701 -0.046184 2.610147 1.000000
0.006481 -0.046722 2.522310 1.000000
-0.088157 -0.055471 2.684769 0.000000
-0.373541 0.088638 2.706988 1.000000
0.132137 0.329764 2.280534 1.000000
-0.391556 -0.187105 2.677963 1.000000
0.180006 0.416797 2.021044 1.000000
-0.386539 -0.253762 2.691869 0.896635
0.179110 0.430033 1.954069 0.711538
-0.299684 -0.582668 2.429877 1.000000
-0.011446 -0.616273 2.601535 1.000000
-0.384054 -0.989031 2.329479 1.000000
-0.036277 -1.018998 2.741267 1.000000
-0.438317 -0.940272 2.177728 0.000000
-0.072193 -1.070939 2.585183 0.000000
-0.144415 0.636582 2.484703 1.000000
-0.273012 0.341206 2.675959 1.000000
0.070816 0.366580 2.579509 1.000000
-0.129632 0.400942 2.538394 0.000000
-0.064883 0.197261 2.715631 0.000000
-0.251582 -0.028715 2.628814 1.000000
0.018882 -0.044950 2.553398 1.000000
-0.082886 -0.039195 2.711626 0.000000
-0.359974 0.100705 2.712896 1.000000
0.158712 0.242692 2.370480 1.000000
-0.371171 -0.170150 2.646730 1.000000
0.230376 0.189023 2.106189 1.000000
-0.366124 -0.236277 2.662959 0.593750
0.244792 0.168620 2.042648 0.543269
-0.294670 -0.572499 2.468821 1.000000
-0.024905 -0.612818 2.635446 1.000000
-0.324520 -0.992841 2.537749 1.000000
-0.038924 -1.021839 2.757245 1.000000
-0.384003 -1.014208 2.381687 0.000000
-0.076693 -1.067477 2.599635 0.000000
-0.129903 0.655400 2.512856 1.000000
-0.267420 0.353850 2.690300 1.000000
0.076252 0.368617 2.591127 1.000000
-0.123413 0.408618 2.551329 0.000000
-0.063294 0.204081 2.729209 0.000000
-0.251230 -0.016095 2.641204 1.000000
0.018484 -0.034630 2.563665 1.000000
-0.081781 -0.024934 2.722658 0.000000
-0.352123 0.108666 2.708354 1.000000
0.170864 0.171064 2.450994 1.000000
-0.358895 -0.160656 2.629140 1.000000
0.248982 0.004493 2.238847 1.000000
-0.348689 -0.224809 2.608120 0.627404
0.255001 -0.054625 2.205225 0.728365
-0.288989 -0.572531 2.517610 1.000000
-0.025201 -0.601051 2.654546 1.000000
-0.316971 -0.988333 2.610641 1.000000
-0.034162 -1.011602 2.771577 1.000000
-0.376698 -1.018867 2.456205 0.000000
-0.075128 -1.055546 2.614285 0.000000
-0.118438 0.668495 2.540320 1.000000
-0.262799 0.361686 2.683317 1.000000
0.084866 0.353011 2.598359 1.000000
-0.110566 0.401160 2.547975 0.000000
-0.068866 0.203804 2.738771 0.000000
-0.251048 -0.016112 2.642828 1.000000
0.022791 -0.034462 2.581369 1.000000
-0.086460 -0.020729 2.734017 0.000000
-0.346625 0.113931 2.689274 1.000000
0.163958 0.112454 2.532618 1.000000
-0.354659 -0.161556 2.627106 1.000000
0.221261 -0.132661 2.404333 1.000000
-0.340554 -0.227317 2.638862 0.475962
0.210757 -0.199221 2.393327 0.879808
-0.293766 -0.575517 2.550386 1.000000
-0.013806 -0.600464 2.667751 1.000000
-0.209763 -0.962843 2.709293 0.497356
-0.037215 -1.011719 2.780225 1.000000
-0.288593 -1.033628 2.578429 0.000000
-0.065640 -1.053992 2.619741 0.000000
-0.104211 0.671426 2.552852 1.000000
-0.262659 0.368227 2.671445 1.000000
0.091452 0.345591 2.623933 1.000000
-0.095379 0.401892 2.553400 0.000000
-0.082294 0.202329 2.746000 0.000000
-0.263448 -0.020980 2.625030 1.000000
0.016117 -0.024494 2.594498 0.980769
-0.109995 -0.008378 2.733285 0.000000
-0.331933 0.114596 2.654648 1.000000
0.111536 0.083849 2.646235 1.000000
-0.357772 -0.167983 2.633940 1.000000
0.107119 -0.200413 2.657330 1.000000
-0.337815 -0.233249 2.631992 0.795673
0.086565 -0.264778 2.667142 0.980769
-0.264714 -0.591224 2.651005 1.000000
-0.011014 -0.594210 2.678456 1.000000
-0.227755 -1.000401 2.767355 0.681731
-0.027189 -1.007791 2.783427 1.000000
-0.269962 -1.048499 2.611614 0.000000
-0.036797 -1.048792 2.620403 0.000000
-0.088781 0.674198 2.570465 1.000000
-0.271219 0.371693 2.667877 1.000000
0.084964 0.345551 2.643100 1.000000
-0.096242 0.405230 2.561534 0.000000
-0.097932 0.202453 2.751191 0.000000
-0.264637 -0.014009 2.625796 1.000000
0.015597 -0.022346 2.603408 1.000000
-0.114229 -0.005273 2.738611 0.000000
-0.336911 0.117378 2.652270 1.000000
0.107221 0.087376 2.688765 1.000000
-0.367590 -0.164830 2.639584 1.000000
0.093371 -0.190863 2.744756 1.000000
-0.357813 -0.227057 2.665925 0.661058
0.094920 -0.257880 2.757714 0.000000
-0.253369 -0.586361 2.684815 1.000000
-0.013775 -0.589715 2.689816 1.000000
-0.229895 -0.996656 2.800726 0.728606
-0.026514 -1.007466 2.777286 1.000000
-0.257760 -1.043275 2.641351 0.000000
-0.034280 -1.041709 2.612613 0.000000
-0.078327 0.674949 2.576854 1.000000
-0.286660 0.378086 2.670497 1.000000
0.070390 0.352040 2.669461 1.000000
-0.104789 0.414611 2.577549 0.000000
-0.119479 0.205968 2.760152 0.000000
-0.262220 -0.011106 2.622020 1.000000
0.018718 -0.022590 2.628598 1.000000
-0.124258 -0.006769 2.749979 0.000000
-0.345369 0.121252 2.651474 1.000000
0.114265 0.102849 2.745294 1.000000
-0.371551 -0.162302 2.634712 1.000000
0.104248 -0.178107 2.793600 1.000000
-0.357549 -0.228997 2.630555 1.000000
0.108674 -0.242877 2.814737 0.088942
-0.254534 -0.582934 2.699196 1.000000
-0.012758 -0.591036 2.687346 1.000000
-0.235814 -0.992685 2.817870 0.691106
-0.041434 -1.007604 2.776667 1.000000
-0.245684 -1.039860 2.656540 0.000000
-0.027680 -1.043691 2.612780 0.000000
-0.075430 0.675716 2.581372 1.000000
